0.044444 0.736842 -1.141410 1.002893 -0.103314 0.073153 -0.399408 0.282807 0.738181 1.510552 0.738181 1.510552 0.495348 -0.616119
0.022224 0.736842 -1.204911 1.002893 -0.109062 0.073153 -0.421629 0.282807 0.737177 1.540645 -0.001004 0.030093 0.513433 -0.590824
0.000000 0.763160 -1.268422 1.096221 -0.114811 0.079961 -0.443853 0.309125 0.763160 1.570796 0.764164 1.540704 0.546774 -0.608345
0.000000 0.789474 -1.268422 1.189535 -0.114811 0.086768 -0.443853 0.335439 0.789474 1.570796 0.025310 0.030093 0.562547 -0.647167
0.000000 0.842105 -1.268422 1.376178 -0.114811 0.100382 -0.443853 0.388070 0.842105 1.570796 0.816796 1.540704 0.596331 -0.718446
0.022224 0.894737 -1.204911 1.562820 -0.109062 0.113996 -0.421629 0.440702 0.895013 1.545963 0.078217 0.005259 0.617307 -0.807513
0.111113 0.947368 -0.950889 1.749463 -0.086069 0.127610 -0.332740 0.493334 0.953862 1.454044 0.875645 1.448785 0.603526 -0.977409
0.200001 0.973686 -0.696867 1.842791 -0.063077 0.134418 -0.243851 0.519651 0.994015 1.368208 0.118370 -0.080577 0.583256 -1.132042
0.244446 1.000000 -0.569856 1.936105 -0.051580 0.141224 -0.199407 0.545965 1.029443 1.331052 0.911074 1.411629 0.590816 -1.220612
0.311111 0.973686 -0.379344 1.842791 -0.034336 0.134418 -0.132742 0.519651 1.022181 1.261530 0.111108 -0.150099 0.546209 -1.320700
0.333334 0.921055 -0.315834 1.656149 -0.028588 0.120803 -0.110518 0.467020 0.979517 1.223555 0.868409 1.373654 0.489833 -1.338426
0.333334 0.868423 -0.315834 1.469506 -0.028588 0.107189 -0.110518 0.414388 0.930199 1.204299 0.061790 -0.169355 0.438719 -1.310161
0.333334 0.815791 -0.315834 1.282864 -0.028588 0.093575 -0.110518 0.361757 0.881265 1.182896 0.819475 1.352251 0.388011 -1.274298
0.333334 0.763160 -0.315834 1.096221 -0.028588 0.079961 -0.110518 0.309125 0.832781 1.158989 0.013307 -0.193262 0.337893 -1.227439
0.333334 0.736842 -0.315834 1.002893 -0.028588 0.073153 -0.110518 0.282807 0.808732 1.145963 0.795426 1.339225 0.313141 -1.198255
0.355555 0.736842 -0.252333 1.002893 -0.022840 0.073153 -0.088298 0.282807 0.818142 1.121215 0.022716 -0.218010 0.306005 -1.268168
0.377779 0.763160 -0.188822 1.096221 -0.017091 0.079961 -0.066074 0.309125 0.851546 1.111141 0.828830 1.329151 0.326072 -1.360221
0.422223 0.815791 -0.061811 1.282864 -0.005595 0.093575 -0.021629 0.361757 0.918579 1.093198 0.089750 -0.235954 0.372567 -1.511078
0.444444 0.868423 0.001689 1.469506 0.000153 0.107189 0.000591 0.414388 0.975545 1.097767 0.885796 1.333721 0.424571 1.569370
0.488888 0.921055 0.128700 1.656149 0.011649 0.120803 0.045036 0.467020 1.042762 1.082820 0.156967 -0.250901 0.479322 1.474662
0.533332 0.921055 0.255712 1.656149 0.023146 0.120803 0.089480 0.467020 1.064324 1.045927 0.907357 1.296828 0.485519 1.381493
0.600001 0.973686 0.446233 1.842791 0.040391 0.134418 0.156148 0.519651 1.143707 1.018539 0.236350 -0.278289 0.552364 1.278893
0.688889 0.973686 0.700255 1.842791 0.063383 0.134418 0.245037 0.519651 1.192742 0.955050 0.956392 1.233340 0.583752 1.130174
0.755558 0.973686 0.890777 1.842791 0.080628 0.134418 0.311705 0.519651 1.232450 0.910876 0.276057 -0.322463 0.614723 1.030498
0.800002 0.947368 1.017788 1.749463 0.092125 0.127610 0.356149 0.493334 1.239964 0.869535 0.963906 1.191998 0.616742 0.945507
0.866667 0.894737 1.208300 1.562820 0.109369 0.113996 0.422814 0.440702 1.245659 0.801333 0.281752 -0.390665 0.618117 0.806110
0.911111 0.789474 1.335311 1.189535 0.120865 0.086768 0.467259 0.335439 1.205567 0.713993 0.923815 1.104658 0.581192 0.622630
0.933335 0.736842 1.398821 1.002893 0.126614 0.073153 0.489483 0.282807 1.189139 0.668288 0.265324 -0.436370 0.570470 0.523912
0.955556 0.631579 1.462322 0.629608 0.132362 0.045925 0.511703 0.177544 1.145416 0.584038 0.880093 1.020407 0.545052 0.333970
0.977779 0.526316 1.525832 0.256323 0.138110 0.018697 0.533927 0.072281 1.110433 0.493798 0.230340 -0.526609 0.540258 0.134558
1.000000 0.473684 1.589333 0.069681 0.143858 0.005083 0.556147 0.019649 1.106516 0.442374 0.876175 0.968984 0.556947 0.035316
1.000000 0.368421 1.589333 -0.303604 0.143858 -0.022146 0.556147 -0.085614 1.065708 0.352990 0.189533 -0.615993 0.561240 -0.152742
0.977779 0.289472 1.525832 -0.583575 0.138110 -0.042567 0.533927 -0.164563 1.019729 0.287829 0.830196 0.903822 0.555798 -0.298974
0.955556 0.263158 1.462322 -0.676889 0.132362 -0.049374 0.511703 -0.190877 0.991130 0.268736 0.160934 -0.635086 0.542670 -0.357036
0.933335 0.184209 1.398821 -0.956860 0.126614 -0.069796 0.489483 -0.269826 0.951340 0.194862 0.790406 0.829948 0.554083 -0.503801
0.866667 0.131577 1.208300 -1.143502 0.109369 -0.083410 0.422814 -0.322458 0.876598 0.150669 0.086192 -0.679279 0.525631 -0.651546
0.844446 0.105263 1.144799 -1.236817 0.103621 -0.090216 0.400594 -0.348772 0.850982 0.124014 0.764789 0.803293 0.524517 -0.716353
0.777778 0.052632 0.954277 -1.423459 0.086376 -0.103831 0.333926 -0.401403 0.779557 0.067566 0.014767 -0.735727 0.514354 -0.876907
0.711113 0.052632 0.763766 -1.423459 0.069132 -0.103831 0.267261 -0.401403 0.713058 0.073878 0.698291 0.809605 0.473795 -0.983383
0.644445 0.026314 0.573244 -1.516787 0.051887 -0.110638 0.200593 -0.427721 0.644982 0.040809 -0.053309 -0.768796 0.463223 -1.132271
0.600001 0.026314 0.446233 -1.516787 0.040391 -0.110638 0.156148 -0.427721 0.600577 0.043828 0.653886 0.812624 0.445781 -1.220760
0.555556 0.026314 0.319222 -1.516787 0.028894 -0.110638 0.111704 -0.427721 0.556179 0.047329 -0.097707 -0.765295 0.432223 -1.315342
0.511112 0.052632 0.192211 -1.423459 0.017398 -0.103831 0.067259 -0.401403 0.513815 0.102613 0.611522 0.867908 0.396961 -1.404778
0.466668 0.078945 0.065200 -1.330145 0.005902 -0.097024 0.022815 -0.375089 0.473298 0.167582 -0.138224 -0.700326 0.365620 -1.510046
0.444444 0.131577 0.001689 -1.143502 0.000153 -0.083410 0.000591 -0.322458 0.463511 0.287828 0.601735 0.988154 0.312276 -1.568963
0.444444 0.157895 0.001689 -1.050174 0.000153 -0.076602 0.000591 -0.296140 0.471658 0.341356 -0.130077 -0.646797 0.285958 -1.568800
0.422223 0.210526 -0.061811 -0.863532 -0.005595 -0.062988 -0.021629 -0.243509 0.471798 0.462538 0.601876 1.109335 0.234327 1.482205
0.422223 0.236840 -0.061811 -0.770217 -0.005595 -0.056182 -0.021629 -0.217195 0.484113 0.511200 -0.117763 -0.598135 0.208139 1.471539
0.422223 0.289472 -0.061811 -0.583575 -0.005595 -0.042567 -0.021629 -0.164563 0.511924 0.600989 0.629687 1.199123 0.155889 1.440111
0.422223 0.368421 -0.061811 -0.303604 -0.005595 -0.022146 -0.021629 -0.085614 0.560363 0.717454 -0.069324 -0.481669 0.078471 1.323336
0.399999 0.421053 -0.125322 -0.116962 -0.011343 -0.008531 -0.043853 -0.032982 0.580762 0.811034 0.650086 1.292703 0.049426 0.644847
0.377779 0.447366 -0.188822 -0.023648 -0.017091 -0.001725 -0.066074 -0.006668 0.585537 0.869533 -0.064549 -0.423171 0.066167 0.100584
0.311111 0.499998 -0.379344 0.162995 -0.034336 0.011889 -0.132742 0.045963 0.588887 1.014196 0.653436 1.437367 0.144128 -0.333338
0.266666 0.499998 -0.506355 0.162995 -0.045833 0.011889 -0.177186 0.045963 0.566665 1.080838 -0.086771 -0.356529 0.185869 -0.253811
0.200001 0.499998 -0.696867 0.162995 -0.063077 0.011889 -0.243851 0.045963 0.538515 1.190286 0.625286 1.546815 0.250231 -0.186303
0.155557 0.473684 -0.823878 0.069681 -0.074573 0.005083 -0.288296 0.019649 0.498573 1.253494 -0.126714 -0.293321 0.289835 -0.068052
0.133333 0.421053 -0.887388 -0.116962 -0.080322 -0.008531 -0.310519 -0.032982 0.441659 1.264120 0.568373 1.557441 0.311355 0.105820
0.111113 0.368421 -0.950889 -0.303604 -0.086069 -0.022146 -0.332740 -0.085614 0.384812 1.277880 -0.183561 -0.279561 0.341183 0.251837
0.111113 0.289472 -0.950889 -0.583575 -0.086069 -0.042567 -0.332740 -0.164563 0.310064 1.204293 0.493626 1.483854 0.366810 0.459294
0.111113 0.236840 -0.950889 -0.770217 -0.086069 -0.056182 -0.332740 -0.217195 0.261609 1.132135 -0.232017 -0.351719 0.391880 0.578303
0.133333 0.184209 -0.887388 -0.956860 -0.080322 -0.069796 -0.310519 -0.269826 0.227399 0.944265 0.459416 1.295983 0.404768 0.715394
0.155557 0.105263 -0.823878 -1.236817 -0.074573 -0.090216 -0.288296 -0.348772 0.187825 0.594907 -0.271591 -0.701076 0.444699 0.880044
0.200001 0.078945 -0.696867 -1.330145 -0.063077 -0.097024 -0.243851 -0.375089 0.215018 0.375950 0.486609 1.077027 0.438886 0.994340
0.244446 0.026314 -0.569856 -1.516787 -0.051580 -0.110638 -0.199407 -0.427721 0.245858 0.107234 -0.240751 -0.969793 0.462711 1.134546
0.288890 0.000000 -0.442845 -1.610101 -0.040084 -0.117445 -0.154962 -0.454035 0.288890 0.000000 0.529642 0.969793 0.470126 1.241892
0.333334 0.000000 -0.315834 -1.610101 -0.028588 -0.117445 -0.110518 -0.454035 0.333334 0.000000 -0.196307 -0.969793 0.457405 1.332027
0.355555 0.000000 -0.252333 -1.610101 -0.022840 -0.117445 -0.088298 -0.454035 0.355555 0.000000 0.551862 0.969793 0.452550 1.378721
0.377779 0.000000 -0.188822 -1.610101 -0.017091 -0.117445 -0.066074 -0.454035 0.377779 0.000000 -0.174083 -0.969793 0.448744 1.426285
0.377779 0.026314 -0.188822 -1.516787 -0.017091 -0.110638 -0.066074 -0.427721 0.378694 0.069542 0.552777 1.039334 0.422734 1.417529
0.399999 0.052632 -0.125322 -1.423459 -0.011343 -0.103831 -0.043853 -0.401403 0.403447 0.130828 -0.149330 -0.908507 0.393671 1.461978
0.399999 0.078945 -0.125322 -1.330145 -0.011343 -0.097024 -0.043853 -0.375089 0.407715 0.194859 0.557046 1.103366 0.367533 1.454411
0.422223 0.105263 -0.061811 -1.236817 -0.005595 -0.090216 -0.021629 -0.348772 0.435147 0.244326 -0.121899 -0.859040 0.339280 1.508860
0.422223 0.131577 -0.061811 -1.143502 -0.005595 -0.083410 -0.021629 -0.322458 0.442250 0.302091 0.564149 1.161131 0.313024 1.503820
0.422223 0.157895 -0.061811 -1.050174 -0.005595 -0.076602 -0.021629 -0.296140 0.450781 0.357859 -0.113368 -0.803272 0.286775 1.497888
0.422223 0.184209 -0.061811 -0.956860 -0.005595 -0.069796 -0.021629 -0.269826 0.460657 0.411388 0.574025 1.214660 0.260543 1.490807
