0.340425 0.188679 -0.255397 -0.812327 -0.016016 -0.043519 -0.085251 -0.231642 0.389216 0.506097 0.389216 0.506097 0.251863 1.218153
0.361703 0.207545 -0.191651 -0.746165 -0.012019 -0.039974 -0.063972 -0.212776 0.417018 0.520932 0.027803 0.014836 0.227317 1.278737
0.361703 0.226415 -0.191651 -0.679994 -0.012019 -0.036429 -0.063972 -0.193906 0.426723 0.559295 0.398921 0.544460 0.209278 1.252127
0.361703 0.245284 -0.191651 -0.613823 -0.012019 -0.032884 -0.063972 -0.175037 0.437028 0.595901 0.038107 0.051441 0.191399 1.220399
0.361703 0.283020 -0.191651 -0.481490 -0.012019 -0.025795 -0.063972 -0.137301 0.459271 0.663957 0.421163 0.612515 0.156343 1.134777
0.340425 0.301886 -0.255397 -0.415329 -0.016016 -0.022251 -0.085251 -0.118435 0.455000 0.725470 0.033836 0.112955 0.150304 0.946898
0.319150 0.301886 -0.319134 -0.415329 -0.020013 -0.022251 -0.106526 -0.118435 0.439309 0.757607 0.405473 0.644652 0.163314 0.838288
0.297872 0.301886 -0.382880 -0.415329 -0.024011 -0.022251 -0.127804 -0.118435 0.424103 0.792092 0.018630 0.147439 0.177926 0.747368
0.297872 0.320756 -0.382880 -0.349158 -0.024011 -0.018706 -0.127804 -0.099565 0.437735 0.822373 0.419105 0.674933 0.165354 0.661835
0.276597 0.320756 -0.446616 -0.349158 -0.028008 -0.018706 -0.149079 -0.099565 0.423545 0.859188 0.004440 0.184255 0.182298 0.588837
0.255319 0.320756 -0.510362 -0.349158 -0.032005 -0.018706 -0.170357 -0.099565 0.409966 0.898504 0.405526 0.714250 0.200074 0.528909
0.234044 0.320756 -0.574099 -0.349158 -0.036002 -0.018706 -0.191632 -0.099565 0.397065 0.940438 -0.008461 0.226188 0.218474 0.479178
0.212766 0.320756 -0.637845 -0.349158 -0.040000 -0.018706 -0.212910 -0.099565 0.384907 0.985110 0.393368 0.758922 0.237358 0.437427
0.191487 0.320756 -0.701591 -0.349158 -0.043997 -0.018706 -0.234188 -0.099565 0.373566 1.032594 -0.019802 0.273672 0.256617 0.401999
0.170212 0.320756 -0.765327 -0.349158 -0.047994 -0.018706 -0.255463 -0.099565 0.363121 1.082922 0.382922 0.809250 0.276169 0.371635
0.148934 0.320756 -0.829073 -0.349158 -0.051992 -0.018706 -0.276741 -0.099565 0.353646 1.136095 -0.029276 0.326846 0.295963 0.345359
0.127659 0.320756 -0.892810 -0.349158 -0.055989 -0.018706 -0.298016 -0.099565 0.345226 1.192019 0.374502 0.865173 0.315946 0.322435
0.106381 0.320756 -0.956556 -0.349158 -0.059986 -0.018706 -0.319294 -0.099565 0.337937 1.250554 -0.036566 0.385381 0.336091 0.302274
0.085106 0.301886 -1.020292 -0.415329 -0.063983 -0.022251 -0.340569 -0.118435 0.313653 1.296013 0.350219 0.910632 0.362369 0.334674
0.063828 0.301886 -1.084038 -0.415329 -0.067981 -0.022251 -0.361847 -0.118435 0.308560 1.362434 -0.041659 0.451802 0.382436 0.316316
0.042553 0.301886 -1.147775 -0.415329 -0.071978 -0.022251 -0.383122 -0.118435 0.304871 1.430761 0.346529 0.978959 0.402625 0.299812
0.042553 0.283020 -1.147775 -0.481490 -0.071978 -0.025795 -0.383122 -0.137301 0.286201 1.421560 -0.060328 0.442601 0.408820 0.344116
0.021275 0.264151 -1.211521 -0.547662 -0.075975 -0.029340 -0.404401 -0.156171 0.265006 1.490429 0.325334 1.047828 0.435465 0.368534
0.000000 0.245284 -1.275257 -0.613823 -0.079972 -0.032884 -0.425676 -0.175037 0.245284 1.570796 -0.080050 0.522969 0.462321 0.390123
0.000000 0.226415 -1.275257 -0.679994 -0.079972 -0.036429 -0.425676 -0.193906 0.226415 1.570796 0.306465 1.047828 0.470005 0.427440
0.000000 0.207545 -1.275257 -0.746165 -0.079972 -0.039974 -0.425676 -0.212776 0.207545 1.570796 -0.098920 0.522969 0.478310 0.463531
0.000000 0.188679 -1.275257 -0.812327 -0.079972 -0.043519 -0.425676 -0.231642 0.188679 1.570796 0.287599 1.047828 0.487203 0.498360
0.000000 0.169810 -1.275257 -0.878498 -0.079972 -0.047064 -0.425676 -0.250512 0.169810 1.570796 -0.117789 0.522969 0.496656 0.531923
0.000000 0.150943 -1.275257 -0.944659 -0.079972 -0.050608 -0.425676 -0.269378 0.150943 1.570796 0.268732 1.047828 0.506634 0.564206
0.000000 0.132074 -1.275257 -1.010830 -0.079972 -0.054153 -0.425676 -0.288247 0.132074 1.570796 -0.136658 0.522969 0.517109 0.595227
0.021275 0.113207 -1.211521 -1.076992 -0.075975 -0.057698 -0.404401 -0.307114 0.115189 1.385034 0.251847 0.862065 0.511054 0.649509
0.042553 0.094338 -1.147775 -1.143163 -0.071978 -0.061243 -0.383122 -0.325983 0.103491 1.147052 -0.148356 0.284987 0.506525 0.704992
0.063828 0.075472 -1.084038 -1.209324 -0.067981 -0.064787 -0.361847 -0.344850 0.098843 0.868790 0.247199 0.583803 0.503564 0.761350
0.063828 0.056602 -1.084038 -1.275495 -0.067981 -0.068332 -0.361847 -0.363719 0.085310 0.725470 -0.161889 0.141667 0.516864 0.787977
0.085106 0.056602 -1.020292 -1.275495 -0.063983 -0.068332 -0.340569 -0.363719 0.102210 0.586902 0.264099 0.445235 0.502198 0.818256
0.106381 0.056602 -0.956556 -1.275495 -0.059986 -0.068332 -0.319294 -0.363719 0.120502 0.488973 -0.143597 0.043738 0.488020 0.850349
0.127659 0.037736 -0.892810 -1.341657 -0.055989 -0.071877 -0.298016 -0.382585 0.133120 0.287413 0.276717 0.243675 0.489194 0.909021
0.148934 0.037736 -0.829073 -1.341657 -0.051992 -0.071877 -0.276741 -0.382585 0.153641 0.248150 -0.123076 0.004475 0.476532 0.944574
0.170212 0.037736 -0.765327 -1.341657 -0.047994 -0.071877 -0.255463 -0.382585 0.174345 0.218169 0.297422 0.213694 0.464498 0.982059
0.191487 0.037736 -0.701591 -1.341657 -0.043997 -0.071877 -0.234188 -0.382585 0.195170 0.194573 -0.102251 -0.019121 0.453146 1.021513
0.212766 0.037736 -0.637845 -1.341657 -0.040000 -0.071877 -0.212910 -0.382585 0.216086 0.175533 0.318337 0.194654 0.442524 1.062974
0.234044 0.037736 -0.574099 -1.341657 -0.036002 -0.071877 -0.191632 -0.382585 0.237066 0.159858 -0.081271 -0.034796 0.432689 1.106440
0.255319 0.037736 -0.510362 -1.341657 -0.032005 -0.071877 -0.170357 -0.382585 0.258092 0.146736 0.339363 0.181532 0.423696 1.151876
0.276597 0.037736 -0.446616 -1.341657 -0.028008 -0.071877 -0.149079 -0.382585 0.279159 0.135592 -0.060204 -0.045940 0.415598 1.199234
0.297872 0.056602 -0.382880 -1.275495 -0.024011 -0.068332 -0.127804 -0.363719 0.303202 0.187783 0.363406 0.233724 0.390575 1.232892
0.319150 0.075472 -0.319134 -1.209324 -0.020013 -0.064787 -0.106526 -0.344850 0.327952 0.232211 -0.035454 -0.001513 0.366047 1.271191
0.319150 0.094338 -0.319134 -1.143163 -0.020013 -0.061243 -0.106526 -0.325983 0.332801 0.287407 0.368255 0.288920 0.348041 1.254953
0.340425 0.113207 -0.255397 -1.076992 -0.016016 -0.057698 -0.085251 -0.307114 0.358755 0.321043 -0.009500 0.032123 0.323889 1.300027
0.340425 0.132074 -0.255397 -1.010830 -0.016016 -0.054153 -0.085251 -0.288247 0.365147 0.370091 0.374647 0.337968 0.305728 1.283239
0.340425 0.150943 -0.255397 -0.944659 -0.016016 -0.050608 -0.085251 -0.269378 0.372388 0.417349 -0.002259 0.079381 0.287655 1.264297
0.340425 0.169810 -0.255397 -0.878498 -0.016016 -0.047064 -0.085251 -0.250512 0.380427 0.462700 0.382686 0.383320 0.269694 1.242784
0.340425 0.188679 -0.255397 -0.812327 -0.016016 -0.043519 -0.085251 -0.231642 0.389216 0.506097 0.006530 0.122777 0.251863 1.218153
0.361703 0.207545 -0.191651 -0.746165 -0.012019 -0.039974 -0.063972 -0.212776 0.417018 0.520932 0.410488 0.398156 0.227317 1.278737
0.361703 0.226415 -0.191651 -0.679994 -0.012019 -0.036429 -0.063972 -0.193906 0.426723 0.559295 0.016235 0.161140 0.209278 1.252127
0.361703 0.245284 -0.191651 -0.613823 -0.012019 -0.032884 -0.063972 -0.175037 0.437028 0.595901 0.420793 0.434761 0.191399 1.220399
0.361703 0.264151 -0.191651 -0.547662 -0.012019 -0.029340 -0.063972 -0.156171 0.447889 0.630771 0.027096 0.196010 0.173732 1.182015
0.361703 0.283020 -0.191651 -0.481490 -0.012019 -0.025795 -0.063972 -0.137301 0.459271 0.663957 0.432174 0.467947 0.156343 1.134777
0.361703 0.301886 -0.191651 -0.415329 -0.012019 -0.022251 -0.063972 -0.118435 0.471131 0.695500 0.038957 0.227553 0.139342 1.075548
0.361703 0.283020 -0.191651 -0.481490 -0.012019 -0.025795 -0.063972 -0.137301 0.459271 0.663957 0.420314 0.436404 0.156343 1.134777
0.361703 0.264151 -0.191651 -0.547662 -0.012019 -0.029340 -0.063972 -0.156171 0.447889 0.630771 0.027575 0.194367 0.173732 1.182015
0.361703 0.245284 -0.191651 -0.613823 -0.012019 -0.032884 -0.063972 -0.175037 0.437028 0.595901 0.409453 0.401534 0.191399 1.220399
0.361703 0.226415 -0.191651 -0.679994 -0.012019 -0.036429 -0.063972 -0.193906 0.426723 0.559295 0.017271 0.157762 0.209278 1.252127
0.361703 0.207545 -0.191651 -0.746165 -0.012019 -0.039974 -0.063972 -0.212776 0.417018 0.520932 0.399747 0.363171 0.227317 1.278737
0.361703 0.188679 -0.191651 -0.812327 -0.012019 -0.043519 -0.063972 -0.231642 0.407957 0.480810 0.008210 0.117639 0.245479 1.301344
0.382978 0.150943 -0.127915 -0.944659 -0.008022 -0.050608 -0.042697 -0.269378 0.411650 0.375436 0.403441 0.257797 0.278030 1.413600
0.404256 0.113207 -0.064169 -1.076992 -0.004024 -0.057698 -0.021419 -0.307114 0.419808 0.273045 0.016367 0.015248 0.313201 1.501165
0.446809 0.094338 0.063314 -1.143163 0.003970 -0.061243 0.021134 -0.325983 0.456660 0.208081 0.440293 0.192833 0.332011 -1.506056
0.468084 0.075472 0.127050 -1.209324 0.007967 -0.064787 0.042409 -0.344850 0.474130 0.159859 0.033837 -0.032974 0.352762 -1.448433
0.489363 0.056602 0.190796 -1.275495 0.011965 -0.068332 0.063687 -0.363719 0.492625 0.115154 0.458788 0.148128 0.374528 -1.397454
0.510637 0.037736 0.254533 -1.341657 0.015962 -0.071877 0.084962 -0.382585 0.512030 0.073765 0.053242 -0.074363 0.397134 -1.352269
0.574469 0.018866 0.445761 -1.407828 0.027954 -0.075422 0.148793 -0.401455 0.574778 0.032830 0.521537 0.107192 0.433166 -1.215858
0.595744 0.000000 0.509498 -1.473989 0.031951 -0.078966 0.170068 -0.420321 0.595744 0.000000 0.074207 -0.107192 0.458392 -1.186318
0.617022 0.000000 0.573244 -1.473989 0.035949 -0.078966 0.191346 -0.420321 0.617022 0.000000 0.542815 0.107192 0.466705 -1.143595
0.659575 0.000000 0.700726 -1.473989 0.043943 -0.078966 0.233899 -0.420321 0.659575 0.000000 0.116760 -0.107192 0.485704 -1.062993
0.680850 0.000000 0.764463 -1.473989 0.047940 -0.078966 0.255174 -0.420321 0.680850 0.000000 0.564090 0.107192 0.496300 -1.025177
0.702128 0.000000 0.828209 -1.473989 0.051938 -0.078966 0.276453 -0.420321 0.702128 0.000000 0.138038 -0.107192 0.507568 -0.989015
0.723403 0.000000 0.891945 -1.473989 0.055935 -0.078966 0.297728 -0.420321 0.723403 0.000000 0.585365 0.107192 0.519463 -0.954499
0.765956 0.018866 1.019428 -1.407828 0.063929 -0.075422 0.340281 -0.401455 0.766189 0.024626 0.180824 -0.082566 0.530363 -0.867686
0.787234 0.018866 1.083174 -1.407828 0.067927 -0.075422 0.361559 -0.401455 0.787460 0.023961 0.606637 0.106527 0.544260 -0.837638
0.808509 0.037736 1.146910 -1.341657 0.071924 -0.071877 0.382834 -0.382585 0.809389 0.046639 0.202753 -0.059887 0.545031 -0.785074
0.829788 0.056602 1.210656 -1.275495 0.075921 -0.068332 0.404112 -0.363719 0.831716 0.068107 0.628963 0.127995 0.547286 -0.732840
0.872341 0.075472 1.338139 -1.209324 0.083916 -0.064787 0.446665 -0.344850 0.875599 0.086301 0.246637 -0.041694 0.567585 -0.657467
0.893619 0.113207 1.401885 -1.076992 0.087913 -0.057698 0.467943 -0.307114 0.900761 0.126013 0.654125 0.167707 0.562679 -0.580795
0.914894 0.150943 1.465621 -0.944659 0.091910 -0.050608 0.489218 -0.269378 0.927262 0.163511 0.273137 -0.004195 0.561081 -0.503326
0.936172 0.169810 1.529367 -0.878498 0.095908 -0.047064 0.510496 -0.250512 0.951448 0.179436 0.678311 0.183632 0.571029 -0.456197
0.957447 0.226415 1.593104 -0.679994 0.099905 -0.036429 0.531771 -0.193906 0.983854 0.232212 0.305543 0.048580 0.567878 -0.349659
0.978725 0.245284 1.656850 -0.613823 0.103902 -0.032884 0.553049 -0.175037 1.008993 0.245558 0.703450 0.196978 0.581726 -0.306520
0.978725 0.301886 1.656850 -0.415329 0.103902 -0.022251 0.553049 -0.118435 1.024226 0.299190 0.320776 0.102212 0.566734 -0.210962
1.000000 0.339622 1.720586 -0.282997 0.107899 -0.015161 0.574324 -0.080699 1.056098 0.327400 0.735323 0.225188 0.580736 -0.139597
1.000000 0.415094 1.720586 -0.018332 0.107899 -0.000982 0.574324 -0.005227 1.082729 0.393450 0.347407 0.168262 0.574422 -0.009102
1.000000 0.452830 1.720586 0.114001 0.107899 0.006107 0.574324 0.032508 1.097750 0.425204 0.750343 0.256942 0.574966 0.056542
1.000000 0.490565 1.720586 0.246333 0.107899 0.013197 0.574324 0.070244 1.113847 0.456071 0.363504 0.199129 0.577979 0.121703
0.978725 0.547170 1.656850 0.444837 0.103902 0.023831 0.553049 0.126849 1.121293 0.509776 0.757789 0.310647 0.566237 0.225464
0.978725 0.584906 1.656850 0.577170 0.103902 0.030921 0.553049 0.164585 1.140183 0.538668 0.382394 0.228021 0.575516 0.289249
0.957447 0.641509 1.593104 0.775663 0.099905 0.041555 0.531771 0.221187 1.152492 0.590321 0.770098 0.362299 0.573903 0.394176
0.936172 0.679244 1.529367 0.907996 0.095908 0.048644 0.510496 0.258923 1.156629 0.627672 0.386531 0.265373 0.570003 0.469390
0.914894 0.716980 1.465621 1.040328 0.091910 0.055734 0.489218 0.296659 1.162364 0.664708 0.775833 0.399335 0.569379 0.545108
0.893619 0.773585 1.401885 1.238832 0.087913 0.066368 0.467943 0.353264 1.181943 0.713525 0.406109 0.314190 0.583106 0.646648
0.872341 0.792452 1.338139 1.304993 0.083916 0.069913 0.446665 0.372131 1.178541 0.737448 0.772431 0.423257 0.577957 0.694619
0.851062 0.811321 1.274393 1.371165 0.079918 0.073458 0.425387 0.391000 1.175818 0.761496 0.403387 0.338239 0.574175 0.743302
0.808509 0.849057 1.146910 1.503497 0.071924 0.080547 0.382834 0.428736 1.172427 0.809855 0.769040 0.471616 0.570801 0.841897
0.787234 0.849057 1.083174 1.503497 0.067927 0.080547 0.361559 0.428736 1.157858 0.823162 0.388818 0.351546 0.556755 0.870197
0.765956 0.849057 1.019428 1.503497 0.063929 0.080547 0.340281 0.428736 1.143497 0.836808 0.754679 0.485262 0.543178 0.899918
0.723403 0.867926 0.891945 1.569668 0.055935 0.084092 0.297728 0.447605 1.129871 0.875969 0.375192 0.390707 0.533130 0.983840
0.702128 0.867926 0.828209 1.569668 0.051938 0.084092 0.276453 0.447605 1.116369 0.890608 0.741177 0.499902 0.521547 1.017517
0.659575 0.849057 0.700726 1.503497 0.043943 0.080547 0.233899 0.428736 1.075145 0.910342 0.333968 0.410441 0.483695 1.071371
0.638297 0.830190 0.636980 1.437336 0.039945 0.077003 0.212621 0.409869 1.047205 0.915336 0.713238 0.504895 0.456990 1.092258
0.638297 0.811321 0.636980 1.371165 0.039945 0.073458 0.212621 0.391000 1.032310 0.904195 0.319073 0.399299 0.440375 1.072734
0.617022 0.792452 0.573244 1.304993 0.035949 0.069913 0.191346 0.372131 1.004338 0.909226 0.685266 0.509927 0.413688 1.095860
0.595744 0.754716 0.509498 1.172661 0.031951 0.062823 0.170068 0.334395 0.961513 0.902576 0.276247 0.392649 0.370393 1.100304
0.574469 0.735849 0.445761 1.106500 0.027954 0.059279 0.148793 0.315528 0.933536 0.907942 0.657289 0.515293 0.344016 1.130151
0.553191 0.698114 0.382015 0.974167 0.023956 0.052189 0.127515 0.277792 0.890720 0.900702 0.233432 0.385409 0.300803 1.140459
0.553191 0.679244 0.382015 0.907996 0.023956 0.048644 0.127515 0.258923 0.876010 0.887324 0.642578 0.501915 0.283826 1.113181
0.553191 0.660378 0.382015 0.841835 0.023956 0.045100 0.127515 0.240057 0.861463 0.873494 0.218885 0.371578 0.267105 1.082511
0.553191 0.679244 0.382015 0.907996 0.023956 0.048644 0.127515 0.258923 0.876010 0.887324 0.657124 0.515746 0.283826 1.113181
0.553191 0.698114 0.382015 0.974167 0.023956 0.052189 0.127515 0.277792 0.890720 0.900702 0.233596 0.384956 0.300803 1.140459
0.553191 0.716980 0.382015 1.040328 0.023956 0.055734 0.127515 0.296659 0.905583 0.913641 0.671987 0.528685 0.317991 1.164836
0.553191 0.735849 0.382015 1.106500 0.023956 0.059279 0.127515 0.315528 0.920594 0.926162 0.248608 0.397478 0.335362 1.186733
0.553191 0.754716 0.382015 1.172661 0.023956 0.062823 0.127515 0.334395 0.935744 0.938278 0.687136 0.540801 0.352885 1.206487
0.553191 0.792452 0.382015 1.304993 0.023956 0.069913 0.127515 0.372131 0.966437 0.961364 0.279301 0.420563 0.388310 1.240673
0.553191 0.830190 0.382015 1.437336 0.023956 0.077003 0.127515 0.409869 0.997615 0.983019 0.718315 0.562456 0.424137 1.269177
0.531916 0.867926 0.318279 1.569668 0.019959 0.084092 0.106240 0.447605 1.017954 1.020976 0.299639 0.458520 0.454832 1.337756
0.531916 0.886793 0.318279 1.635830 0.019959 0.087637 0.106240 0.466471 1.034087 1.030509 0.734447 0.571989 0.473198 1.346863
0.489363 0.943398 0.190796 1.834333 0.011965 0.098271 0.063687 0.523077 1.062768 1.092282 0.328320 0.520293 0.521625 1.449638
0.489363 0.962264 0.190796 1.900495 0.011965 0.101816 0.063687 0.541943 1.079550 1.100330 0.751230 0.580036 0.540355 1.453817
0.446809 0.981134 0.063314 1.966666 0.003970 0.105361 0.021134 0.560812 1.078082 1.143460 0.326853 0.563423 0.555860 1.533130
0.425531 1.000000 -0.000432 2.032827 -0.000027 0.108905 -0.000144 0.579679 1.086774 1.168476 0.759921 0.605052 0.574324 -1.570547
0.404256 1.000000 -0.064169 2.032827 -0.004024 0.108905 -0.021419 0.579679 1.078621 1.186626 0.318700 0.581574 0.574724 -1.533863
0.382978 1.000000 -0.127915 2.032827 -0.008022 0.108905 -0.042697 0.579679 1.070828 1.205050 0.752128 0.623476 0.575909 -1.497272
0.340425 1.000000 -0.255397 2.032827 -0.016016 0.108905 -0.085251 0.579679 1.056357 1.242677 0.304229 0.619201 0.580617 -1.424778
0.319150 1.000000 -0.319134 2.032827 -0.020013 0.108905 -0.106526 0.579679 1.049694 1.261865 0.745465 0.642664 0.584120 -1.389058
0.297872 1.000000 -0.382880 2.032827 -0.024011 0.108905 -0.127804 0.579679 1.043421 1.281293 0.297956 0.638630 0.588373 -1.353795
0.255319 1.000000 -0.510362 2.032827 -0.032005 0.108905 -0.170357 0.579679 1.032079 1.320818 0.734123 0.682189 0.599058 -1.284962
0.234044 0.981134 -0.574099 1.966666 -0.036002 0.105361 -0.191632 0.560812 1.008662 1.336628 0.274539 0.654440 0.587585 -1.241531
0.212766 0.962264 -0.637845 1.900495 -0.040000 0.101816 -0.212910 0.541943 0.985506 1.353188 0.710967 0.698748 0.577285 -1.196457
0.191487 0.943398 -0.701591 1.834333 -0.043997 0.098271 -0.234188 0.523077 0.962635 1.370541 0.251669 0.671792 0.568226 -1.149846
0.191487 0.924528 -0.701591 1.768162 -0.043997 0.094726 -0.234188 0.504207 0.944151 1.366565 0.692482 0.694773 0.551088 -1.135976
0.170212 0.905662 -0.765327 1.702001 -0.047994 0.091182 -0.255463 0.485341 0.921518 1.385021 0.229036 0.690248 0.543736 -1.086285
0.148934 0.867926 -0.829073 1.569668 -0.051992 0.084092 -0.276741 0.447605 0.880612 1.400854 0.651575 0.710606 0.521700 -1.017050
0.148934 0.849057 -0.829073 1.503497 -0.051992 0.080547 -0.276741 0.428736 0.862020 1.397151 0.210445 0.686546 0.505804 -0.997604
0.148934 0.811321 -0.829073 1.371165 -0.051992 0.073458 -0.276741 0.391000 0.824878 1.389247 0.614433 0.702702 0.474666 -0.954869
0.148934 0.792452 -0.829073 1.304993 -0.051992 0.069913 -0.276741 0.372131 0.806326 1.385022 0.191893 0.682321 0.459468 -0.931361
0.148934 0.754716 -0.829073 1.172661 -0.051992 0.062823 -0.276741 0.334395 0.769271 1.375961 0.577378 0.693641 0.429946 -0.879458
0.148934 0.735849 -0.829073 1.106500 -0.051992 0.059279 -0.276741 0.315528 0.750770 1.371096 0.173392 0.677455 0.415684 -0.850794
0.148934 0.716980 -0.829073 1.040328 -0.051992 0.055734 -0.276741 0.296659 0.732285 1.365985 0.558893 0.688529 0.401801 -0.820120
0.191487 0.698114 -0.701591 0.974167 -0.043997 0.052189 -0.234188 0.277792 0.723899 1.303088 0.165006 0.614559 0.359258 -0.870361
0.212766 0.698114 -0.637845 0.974167 -0.040000 0.052189 -0.212910 0.277792 0.729816 1.274967 0.564810 0.660408 0.345765 -0.916859
0.234044 0.698114 -0.574099 0.974167 -0.036002 0.052189 -0.191632 0.277792 0.736301 1.247320 0.171491 0.586912 0.333084 -0.966923
