0.076923 0.714287 -1.114452 0.855247 -0.132340 0.089285 -0.360225 0.243033 0.718417 1.463518 0.718417 1.463518 0.454498 -0.593523
0.000000 0.785715 -1.352433 1.106607 -0.160599 0.115527 -0.437148 0.314461 0.785715 1.570796 0.067298 0.107278 0.559104 -0.623593
0.038464 0.892855 -1.233434 1.483638 -0.146468 0.154888 -0.398683 0.421601 0.893683 1.527743 0.826385 1.420465 0.605490 -0.813329
0.115387 0.964283 -0.995453 1.734998 -0.118209 0.181129 -0.321761 0.493029 0.971162 1.451702 0.144777 0.031237 0.617577 -0.992581
0.230768 1.000000 -0.638491 1.860688 -0.075820 0.194251 -0.206380 0.528745 1.026282 1.343999 0.881504 1.312762 0.599496 -1.198663
0.384613 0.964283 -0.162529 1.734998 -0.019300 0.181129 -0.052534 0.493029 1.038157 1.191274 0.156652 -0.121488 0.529747 -1.464642
0.423077 0.714287 -0.043530 0.855247 -0.005169 0.089285 -0.014070 0.243033 0.830181 1.036053 0.673529 1.157541 0.277497 -1.512967
0.461536 0.714287 0.075452 0.855247 0.008960 0.089285 0.024388 0.243033 0.850424 0.997133 0.176896 -0.160407 0.278211 1.470781
0.500000 0.714287 0.194451 0.855247 0.023091 0.089285 0.062852 0.243033 0.871898 0.960071 0.695002 1.120479 0.284178 1.317724
0.500000 0.678570 0.194451 0.729558 0.023091 0.076164 0.062852 0.207316 0.842887 0.935769 0.147884 -0.184710 0.249470 1.276432
0.500000 0.714287 0.194451 0.855247 0.023091 0.089285 0.062852 0.243033 0.871898 0.960071 0.724014 1.144781 0.284178 1.317724
0.538458 0.785715 0.313432 1.106607 0.037220 0.115527 0.101311 0.314461 0.952516 0.969998 0.228502 -0.174783 0.362992 1.259123
0.653845 0.892855 0.670413 1.483638 0.079610 0.154888 0.216698 0.421601 1.106663 0.938714 0.878161 1.113498 0.504606 1.096021
0.807691 0.964283 1.146374 1.734998 0.136130 0.181129 0.370543 0.493029 1.257858 0.873541 0.379696 -0.239957 0.644340 0.926295
0.884613 0.928572 1.384355 1.609328 0.164390 0.168009 0.447466 0.457317 1.282492 0.809637 0.902796 1.049594 0.664623 0.796286
0.961536 0.785715 1.622336 1.106607 0.192650 0.115527 0.524388 0.314461 1.241733 0.685109 0.338937 -0.364485 0.629669 0.540178
1.000000 0.642859 1.741335 0.603887 0.206781 0.063044 0.562852 0.171605 1.188809 0.571339 0.849873 0.935824 0.599266 0.295931
0.961536 0.464286 1.622336 -0.024523 0.192650 -0.002560 0.524388 -0.006969 1.067760 0.449841 0.217888 -0.485983 0.525090 -0.013288
0.923077 0.321430 1.503354 -0.527243 0.178521 -0.055043 0.485930 -0.149825 0.977440 0.335084 0.759552 0.821067 0.499518 -0.299078
0.807691 0.142856 1.146374 -1.155653 0.136130 -0.120647 0.370543 -0.328398 0.820227 0.175060 0.060675 -0.646007 0.473191 -0.725173
0.730768 0.035717 0.908393 -1.532684 0.107870 -0.160008 0.293620 -0.435538 0.731640 0.048837 0.670966 0.694844 0.497353 -0.977627
0.615387 0.000000 0.551431 -1.658374 0.065482 -0.173130 0.178239 -0.471255 0.615387 0.000000 -0.055579 -0.694844 0.472088 -1.209203
0.538458 0.035717 0.313432 -1.532684 0.037220 -0.160008 0.101311 -0.435538 0.539642 0.066235 0.595220 0.761079 0.414018 -1.342249
0.500000 0.178573 0.194451 -1.029964 0.023091 -0.107525 0.062852 -0.292681 0.530932 0.343027 -0.064289 -0.418052 0.266104 -1.359262
0.461536 0.321430 0.075452 -0.527243 0.008960 -0.055043 0.024388 -0.149825 0.562434 0.608329 0.626723 1.026381 0.118260 -1.409433
0.461536 0.357141 0.075452 -0.401573 0.008960 -0.041923 0.024388 -0.114114 0.583579 0.658566 -0.043144 -0.367815 0.083641 -1.360245
0.423077 0.357141 -0.043530 -0.401573 -0.005169 -0.041923 -0.014070 -0.114114 0.553664 0.701088 0.596808 1.068903 0.081234 1.448116
0.384613 0.214285 -0.162529 -0.904293 -0.019300 -0.094406 -0.052534 -0.256970 0.440278 0.508311 -0.156529 -0.560592 0.228971 1.369137
0.269232 0.035717 -0.519491 -1.532684 -0.061689 -0.160008 -0.167915 -0.435538 0.271591 0.131892 0.428120 0.692484 0.435135 1.202821
0.115387 0.035717 -0.995453 -1.532684 -0.118209 -0.160008 -0.321761 -0.435538 0.120788 0.300186 -0.307332 -0.392298 0.514467 0.934524
0.038464 0.107145 -1.233434 -1.281324 -0.146468 -0.133767 -0.398683 -0.364110 0.113840 1.226133 0.421172 1.618431 0.517542 0.740104
0.000000 0.214285 -1.352433 -0.904293 -0.160599 -0.094406 -0.437148 -0.256970 0.214285 1.570796 -0.206887 -0.047635 0.490679 0.531426
0.038464 0.357141 -1.233434 -0.401573 -0.146468 -0.041923 -0.398683 -0.114114 0.359206 1.463509 0.566094 1.511144 0.406632 0.278773
0.115387 0.428569 -0.995453 -0.150213 -0.118209 -0.015682 -0.321761 -0.042685 0.443831 1.307795 -0.122263 -0.203349 0.321875 0.131892
0.230768 0.464286 -0.638491 -0.024523 -0.075820 -0.002560 -0.206380 -0.006969 0.518474 1.109521 0.640737 1.312870 0.208156 0.033753
0.307691 0.428569 -0.400510 -0.150213 -0.047560 -0.015682 -0.129457 -0.042685 0.527584 0.948126 -0.113153 -0.364744 0.129741 0.318501
0.384613 0.321430 -0.162529 -0.527243 -0.019300 -0.055043 -0.052534 -0.149825 0.501243 0.696146 0.614396 1.060890 0.127085 1.233553
0.384613 0.214285 -0.162529 -0.904293 -0.019300 -0.094406 -0.052534 -0.256970 0.440278 0.508311 -0.174117 -0.552579 0.228971 1.369137
0.384613 0.107145 -0.162529 -1.281324 -0.019300 -0.133767 -0.052534 -0.364110 0.399258 0.271690 0.573376 0.824270 0.334158 1.427503
0.384613 0.142856 -0.162529 -1.155653 -0.019300 -0.120647 -0.052534 -0.328398 0.410287 0.355636 -0.163089 -0.468634 0.298943 1.412169
0.384613 0.178573 -0.162529 -1.029964 -0.019300 -0.107525 -0.052534 -0.292681 0.424047 0.434676 0.587136 0.903310 0.263857 1.393194
