0.000000 0.666667 -1.562358 0.597299 -0.098857 0.033466 -0.522141 0.176759 0.666667 1.570796 0.666667 1.570796 0.541774 -0.326419
0.027029 0.666667 -1.481482 0.597299 -0.093740 0.033466 -0.495112 0.176759 0.667214 1.530275 0.000548 -0.040521 0.515774 -0.342905
0.027029 0.692306 -1.481482 0.683937 -0.093740 0.038320 -0.495112 0.202398 0.692833 1.531774 0.692285 1.572295 0.523538 -0.388064
0.054054 0.743587 -1.400617 0.857227 -0.088623 0.048029 -0.468087 0.253680 0.745549 1.498231 0.053264 -0.074065 0.517826 -0.496643
0.081083 0.743587 -1.319740 0.857227 -0.083506 0.048029 -0.441058 0.253680 0.747995 1.462183 0.694731 1.536247 0.493529 -0.521957
0.081083 0.769230 -1.319740 0.943878 -0.083506 0.052884 -0.441058 0.279323 0.773492 1.465776 0.078761 -0.070471 0.505554 -0.564547
0.081083 0.794869 -1.319740 1.030517 -0.083506 0.057739 -0.441058 0.304962 0.798994 1.469140 0.720233 1.539611 0.518568 -0.604953
0.108108 0.794869 -1.238876 1.030517 -0.078389 0.057739 -0.414033 0.304962 0.802187 1.435619 0.081954 -0.103993 0.495786 -0.634847
0.108108 0.820512 -1.238876 1.117168 -0.078389 0.062594 -0.414033 0.330605 0.827603 1.439794 0.745649 1.543787 0.510342 -0.673825
0.108108 0.846151 -1.238876 1.203806 -0.078389 0.067448 -0.414033 0.356244 0.853029 1.443720 0.107380 -0.100066 0.525743 -0.710514
0.135137 0.846151 -1.157999 1.203806 -0.073272 0.067448 -0.387004 0.356244 0.856874 1.412426 0.749494 1.512492 0.504732 -0.744036
0.135137 0.871794 -1.157999 1.290458 -0.073272 0.072303 -0.387004 0.381886 0.882205 1.417010 0.132711 -0.095482 0.521564 -0.778743
0.162162 0.897436 -1.077135 1.377109 -0.068155 0.077158 -0.359979 0.407529 0.911970 1.392031 0.779259 1.487513 0.520031 -0.847273
0.189191 0.923075 -0.996258 1.463747 -0.063038 0.082012 -0.332950 0.433168 0.942264 1.368639 0.163005 -0.118874 0.521157 -0.915473
0.216216 0.948718 -0.915394 1.550399 -0.057921 0.086867 -0.305925 0.458811 0.973044 1.346720 0.810039 1.465595 0.524937 -0.982717
0.216216 0.974357 -0.915394 1.637037 -0.057921 0.091721 -0.305925 0.484450 0.998059 1.352429 0.188020 -0.113166 0.545976 -1.007544
0.243245 0.974357 -0.834517 1.637037 -0.052803 0.091721 -0.278896 0.484450 1.004261 1.326150 0.816241 1.439316 0.531303 -1.048439
0.270270 1.000000 -0.753652 1.723688 -0.047687 0.096576 -0.251871 0.510093 1.035879 1.306833 0.219638 -0.132483 0.540175 -1.112141
0.297299 1.000000 -0.672776 1.723688 -0.042569 0.096576 -0.224842 0.510093 1.043258 1.281820 0.823620 1.414303 0.528113 -1.155631
0.324328 1.000000 -0.591899 1.723688 -0.037452 0.096576 -0.197813 0.510093 1.051279 1.257173 0.227660 -0.157130 0.517184 -1.200853
0.351353 1.000000 -0.511035 1.723688 -0.032335 0.096576 -0.170788 0.510093 1.059929 1.232917 0.832269 1.390047 0.507462 -1.247711
0.378382 1.000000 -0.430158 1.723688 -0.027218 0.096576 -0.143759 0.510093 1.069193 1.209064 0.236924 -0.180983 0.499015 -1.296092
0.405407 0.974357 -0.349293 1.637037 -0.022101 0.091721 -0.116734 0.484450 1.055332 1.176509 0.818409 1.357492 0.467040 -1.334342
0.432436 0.948718 -0.268417 1.550399 -0.016984 0.086867 -0.089705 0.458811 1.042625 1.143121 0.224216 -0.214371 0.435908 -1.377716
0.459461 0.923075 -0.187552 1.463747 -0.011867 0.082012 -0.062680 0.433168 1.031102 1.108951 0.806886 1.323321 0.405805 -1.427092
0.459461 0.897436 -0.187552 1.377109 -0.011867 0.077158 -0.062680 0.407529 1.008214 1.097619 0.201328 -0.225703 0.380494 -1.418187
0.486490 0.871794 -0.106676 1.290458 -0.006750 0.072303 -0.035651 0.381886 0.998347 1.061807 0.797019 1.287509 0.351466 -1.477711
0.486490 0.846151 -0.106676 1.203806 -0.006750 0.067448 -0.035651 0.356244 0.976035 1.049004 0.179016 -0.238505 0.325966 -1.471054
0.513515 0.820512 -0.025811 1.117168 -0.001633 0.062594 -0.008626 0.330605 0.967955 1.011589 0.788939 1.250094 0.298496 -1.544710
0.513515 0.794869 -0.025811 1.030517 -0.001633 0.057739 -0.008626 0.304962 0.946316 0.997212 0.157377 -0.252882 0.272865 -1.542518
0.513515 0.769230 -0.025811 0.943878 -0.001633 0.052884 -0.008626 0.279323 0.924885 0.982169 0.767508 1.235051 0.247240 -1.539924
0.513515 0.743587 -0.025811 0.857227 -0.001633 0.048029 -0.008626 0.253680 0.903670 0.966413 0.136162 -0.268637 0.221615 -1.536806
0.513515 0.717948 -0.025811 0.770589 -0.001633 0.043175 -0.008626 0.228041 0.882693 0.949907 0.746531 1.218544 0.195998 -1.532987
0.540544 0.692306 0.055066 0.683937 0.003484 0.038320 0.018403 0.202398 0.878336 0.907881 0.131805 -0.310664 0.171157 1.480121
0.540544 0.666667 0.055066 0.597299 0.003484 0.033466 0.018403 0.176759 0.858273 0.889495 0.726468 1.200159 0.145693 1.467057
0.540544 0.641024 0.055066 0.510648 0.003484 0.028611 0.018403 0.151117 0.838510 0.870234 0.112042 -0.329925 0.120299 1.449613
0.540544 0.615385 0.055066 0.424010 0.003484 0.023757 0.018403 0.125478 0.819076 0.850054 0.707034 1.179979 0.095043 1.425171
0.540544 0.589742 0.055066 0.337358 0.003484 0.018902 0.018403 0.099835 0.799989 0.828898 0.092955 -0.351080 0.070062 1.388509
0.540544 0.564103 0.055066 0.250720 0.003484 0.014048 0.018403 0.074196 0.781281 0.806723 0.688325 1.157803 0.045821 1.327671
0.540544 0.538460 0.055066 0.164069 0.003484 0.009193 0.018403 0.048553 0.762972 0.783468 0.074647 -0.374336 0.024597 1.208499
0.540544 0.564103 0.055066 0.250720 0.003484 0.014048 0.018403 0.074196 0.781281 0.806723 0.706634 1.181058 0.045821 1.327671
0.540544 0.589742 0.055066 0.337358 0.003484 0.018902 0.018403 0.099835 0.799989 0.828898 0.093356 -0.352160 0.070062 1.388509
0.540544 0.615385 0.055066 0.424010 0.003484 0.023757 0.018403 0.125478 0.819076 0.850054 0.725721 1.202214 0.095043 1.425171
0.594597 0.666667 0.216807 0.597299 0.013718 0.033466 0.072457 0.176759 0.893303 0.842477 0.167583 -0.359737 0.161672 1.181769
0.594597 0.692306 0.216807 0.683937 0.013718 0.038320 0.072457 0.202398 0.912597 0.861178 0.745014 1.220915 0.184949 1.227020
0.594597 0.717948 0.216807 0.770589 0.013718 0.043175 0.072457 0.228041 0.932200 0.879101 0.187185 -0.341813 0.208784 1.263148
0.621622 0.717948 0.297671 0.770589 0.018835 0.043175 0.099482 0.228041 0.949665 0.857183 0.762480 1.198996 0.219630 1.159440
0.621622 0.743587 0.297671 0.857227 0.018835 0.048029 0.099482 0.253680 0.969194 0.874500 0.206714 -0.324497 0.242766 1.197071
0.621622 0.769230 0.297671 0.943878 0.018835 0.052884 0.099482 0.279323 0.989004 0.891130 0.782291 1.215627 0.266364 1.228650
0.648651 0.769230 0.378548 0.943878 0.023952 0.052884 0.126511 0.279323 1.006213 0.870236 0.223922 -0.345391 0.277594 1.145517
0.648651 0.794869 0.378548 1.030517 0.023952 0.057739 0.126511 0.304962 1.025946 0.886346 0.802024 1.231737 0.300642 1.177561
0.648651 0.820512 0.378548 1.117168 0.023952 0.062594 0.126511 0.330605 1.045939 0.901847 0.243915 -0.329890 0.324084 1.205323
0.675676 0.820512 0.459412 1.117168 0.029069 0.062594 0.153536 0.330605 1.062910 0.881901 0.818996 1.211790 0.335557 1.136025
0.675676 0.846151 0.459412 1.203806 0.029069 0.067448 0.153536 0.356244 1.082825 0.896953 0.263829 -0.314838 0.358547 1.163867
0.675676 0.871794 0.459412 1.290458 0.029069 0.072303 0.153536 0.381886 1.102979 0.911460 0.839150 1.226298 0.381878 1.188528
0.702705 0.897436 0.540289 1.377109 0.034186 0.077158 0.180565 0.407529 1.139819 0.906499 0.300669 -0.319799 0.416474 1.153719
0.729730 0.923075 0.621154 1.463747 0.039303 0.082012 0.207590 0.433168 1.176679 0.901849 0.876010 1.221648 0.451489 1.123898
0.756759 0.923075 0.702030 1.463747 0.044420 0.082012 0.234619 0.433168 1.193630 0.884084 0.317620 -0.337564 0.464537 1.074399
0.783784 0.923075 0.782895 1.463747 0.049537 0.082012 0.261644 0.433168 1.210944 0.866824 0.893324 1.204389 0.478755 1.027424
0.810813 0.897436 0.863771 1.377109 0.054655 0.077158 0.288673 0.407529 1.209467 0.836064 0.316143 -0.368325 0.473475 0.954489
0.837838 0.871794 0.944636 1.290458 0.059771 0.072303 0.315698 0.381886 1.209131 0.805257 0.892988 1.173582 0.471086 0.879998
0.837838 0.846151 0.944636 1.203806 0.059771 0.067448 0.315698 0.356244 1.190775 0.790334 0.297786 -0.383247 0.452380 0.845667
0.864867 0.820512 1.025513 1.117168 0.064889 0.062594 0.342727 0.330605 1.192156 0.759087 0.894369 1.142334 0.454408 0.767397
0.864867 0.794869 1.025513 1.030517 0.064889 0.057739 0.342727 0.304962 1.174654 0.743249 0.280285 -0.399085 0.437998 0.727157
0.891892 0.769230 1.106377 0.943878 0.070005 0.052884 0.369752 0.279323 1.177789 0.711689 0.897504 1.110774 0.444713 0.646970
0.891892 0.743587 1.106377 0.857227 0.070005 0.048029 0.369752 0.253680 1.161204 0.694966 0.263700 -0.415808 0.430993 0.601324
0.918921 0.743587 1.187254 0.857227 0.075123 0.048029 0.396781 0.253680 1.182091 0.680323 0.918391 1.096132 0.454394 0.568849
0.918921 0.692306 1.187254 0.683937 0.075123 0.038320 0.396781 0.202398 1.150523 0.645667 0.232132 -0.450465 0.431730 0.471696
0.945946 0.666667 1.268118 0.597299 0.080239 0.033466 0.423805 0.176759 1.157263 0.613915 0.925131 1.064379 0.447771 0.395140
0.945946 0.641024 1.268118 0.510648 0.080239 0.028611 0.423805 0.151117 1.142683 0.595570 0.217552 -0.468809 0.440164 0.342516
0.945946 0.589742 1.268118 0.337358 0.080239 0.018902 0.423805 0.099835 1.114724 0.557478 0.897172 1.026287 0.429163 0.231350
0.972975 0.589742 1.348995 0.337358 0.085357 0.018902 0.450834 0.099835 1.137751 0.544909 0.240579 -0.481377 0.455875 0.217928
0.972975 0.538460 1.348995 0.164069 0.085357 0.009193 0.450834 0.048553 1.112034 0.505462 0.871456 0.986840 0.451130 0.107282
0.972975 0.512821 1.348995 0.077430 0.085357 0.004338 0.450834 0.022914 1.099848 0.485065 0.228393 -0.501775 0.450931 0.050782
1.000000 0.487179 1.429859 -0.009221 0.090473 -0.000517 0.477859 -0.002729 1.112359 0.453338 0.883967 0.955113 0.479137 -0.005710
1.000000 0.461540 1.429859 -0.095859 0.090473 -0.005371 0.477859 -0.028368 1.101371 0.432409 0.217405 -0.522704 0.481687 -0.059295
1.000000 0.435897 1.429859 -0.182511 0.090473 -0.010226 0.477859 -0.054011 1.090874 0.411064 0.873469 0.933768 0.485580 -0.112548
1.000000 0.410258 1.429859 -0.269149 0.090473 -0.015080 0.477859 -0.079649 1.080885 0.389318 0.207415 -0.544450 0.490782 -0.165161
1.000000 0.358976 1.429859 -0.442438 0.090473 -0.024789 0.477859 -0.130931 1.062480 0.344649 0.855065 0.889099 0.504948 -0.267432
1.000000 0.333333 1.429859 -0.529090 0.090473 -0.029644 0.477859 -0.156574 1.054093 0.321751 0.199028 -0.567349 0.513807 -0.316633
1.000000 0.307694 1.429859 -0.615728 0.090473 -0.034498 0.477859 -0.182213 1.046268 0.298501 0.847240 0.865850 0.523772 -0.364292
1.000000 0.282052 1.429859 -0.702379 0.090473 -0.039353 0.477859 -0.207856 1.039015 0.274910 0.191776 -0.590939 0.534783 -0.410287
0.972975 0.256413 1.348995 -0.789018 0.085357 -0.044208 0.450834 -0.233495 1.006195 0.257676 0.814419 0.848616 0.523319 -0.477878
0.945946 0.230770 1.268118 -0.875669 0.080239 -0.049063 0.423805 -0.259138 0.973688 0.239283 0.159269 -0.609333 0.514303 -0.548799
0.945946 0.205131 1.268118 -0.962307 0.080239 -0.053917 0.423805 -0.284776 0.967932 0.213546 0.808663 0.822879 0.529251 -0.591652
0.918921 0.179488 1.187254 -1.048958 0.075123 -0.058772 0.396781 -0.310419 0.936286 0.192896 0.127623 -0.629983 0.524257 -0.663883
0.918921 0.153849 1.187254 -1.135597 0.075123 -0.063626 0.396781 -0.336058 0.931711 0.165885 0.804088 0.795868 0.541363 -0.702728
0.891892 0.128206 1.106377 -1.222248 0.070005 -0.068481 0.369752 -0.361701 0.901060 0.142768 0.096972 -0.653100 0.540278 -0.774392
0.864867 0.102567 1.025513 -1.308886 0.064889 -0.073335 0.342727 -0.387340 0.870928 0.118042 0.773956 0.771141 0.541759 -0.846431
0.837838 0.102567 0.944636 -1.308886 0.059771 -0.073335 0.315698 -0.387340 0.844093 0.121813 0.070137 -0.649328 0.525078 -0.886952
0.810813 0.102567 0.863771 -1.308886 0.054655 -0.073335 0.288673 -0.387340 0.817275 0.125831 0.747138 0.775159 0.509287 -0.930330
0.783784 0.076925 0.782895 -1.395538 0.049537 -0.078190 0.261644 -0.412983 0.787550 0.097832 0.040412 -0.677328 0.516406 -1.006075
0.756759 0.076925 0.702030 -1.395538 0.044420 -0.078190 0.234619 -0.412983 0.760659 0.101302 0.720247 0.778630 0.503253 -1.054157
0.729730 0.076925 0.621154 -1.395538 0.039303 -0.078190 0.207590 -0.412983 0.733774 0.105027 0.013527 -0.673603 0.491234 -1.105023
0.702705 0.076925 0.540289 -1.395538 0.034186 -0.078190 0.180565 -0.412983 0.706903 0.109035 0.693376 0.782638 0.480438 -1.158620
0.675676 0.076925 0.459412 -1.395538 0.029069 -0.078190 0.153536 -0.412983 0.680041 0.113360 -0.013335 -0.669277 0.470946 -1.214858
0.648651 0.076925 0.378548 -1.395538 0.023952 -0.078190 0.126511 -0.412983 0.653197 0.118040 0.666532 0.787318 0.462842 -1.273538
0.621622 0.076925 0.297671 -1.395538 0.018835 -0.078190 0.099482 -0.412983 0.626364 0.123122 -0.040168 -0.664195 0.456195 -1.334414
0.594597 0.102567 0.216807 -1.308886 0.013718 -0.073335 0.072457 -0.387340 0.603379 0.170818 0.643547 0.835013 0.425784 -1.385871
0.567568 0.128206 0.135930 -1.222248 0.008601 -0.068481 0.045428 -0.361701 0.581868 0.222159 -0.061679 -0.612855 0.396545 -1.445855
0.540544 0.153849 0.055066 -1.135597 0.003484 -0.063626 0.018403 -0.336058 0.562011 0.277287 0.623690 0.890142 0.368751 -1.516090
0.513515 0.179488 -0.025811 -1.048958 -0.001633 -0.058772 -0.008626 -0.310419 0.543979 0.336255 -0.079711 -0.553887 0.342761 1.543015
0.513515 0.153849 -0.025811 -1.135597 -0.001633 -0.063626 -0.008626 -0.336058 0.536066 0.291090 0.615777 0.844977 0.368392 1.545134
0.513515 0.128206 -0.025811 -1.222248 -0.001633 -0.068481 -0.008626 -0.361701 0.529277 0.244663 -0.086500 -0.600314 0.394029 1.546952
0.486490 0.128206 -0.106676 -1.222248 -0.006750 -0.068481 -0.035651 -0.361701 0.503099 0.257675 0.589600 0.857989 0.395544 1.472549
0.459461 0.102567 -0.187552 -1.308886 -0.011867 -0.073335 -0.062680 -0.387340 0.470770 0.219633 -0.118830 -0.638356 0.424229 1.410365
0.432436 0.076925 -0.268417 -1.395538 -0.016984 -0.078190 -0.089705 -0.412983 0.439224 0.176045 0.558054 0.814401 0.454163 1.356907
0.378382 0.051282 -0.430158 -1.482189 -0.027218 -0.083045 -0.143759 -0.438626 0.381841 0.134708 -0.176213 -0.679693 0.492316 1.254080
0.324328 0.025643 -0.591899 -1.568827 -0.037452 -0.087899 -0.197813 -0.464265 0.325340 0.078900 0.501553 0.758593 0.534453 1.168013
0.297299 0.025643 -0.672776 -1.568827 -0.042569 -0.087899 -0.224842 -0.464265 0.298403 0.086040 -0.203151 -0.672553 0.545036 1.119790
0.270270 0.000000 -0.753652 -1.655479 -0.047687 -0.092754 -0.251871 -0.489907 0.270270 0.000000 0.473420 0.672553 0.579715 1.095917
0.216216 0.000000 -0.915394 -1.655479 -0.057921 -0.092754 -0.305925 -0.489907 0.216216 0.000000 -0.257205 -0.672553 0.605162 1.012589
0.189191 0.000000 -0.996258 -1.655479 -0.063038 -0.092754 -0.332950 -0.489907 0.189191 0.000000 0.446396 0.672553 0.619263 0.973881
0.162162 0.000000 -1.077135 -1.655479 -0.068155 -0.092754 -0.359979 -0.489907 0.162162 0.000000 -0.284234 -0.672553 0.634205 0.937101
0.108108 0.000000 -1.238876 -1.655479 -0.078389 -0.092754 -0.414033 -0.489907 0.108108 0.000000 0.392342 0.672553 0.666374 0.869140
0.081083 0.000000 -1.319740 -1.655479 -0.083506 -0.092754 -0.441058 -0.489907 0.081083 0.000000 -0.311259 -0.672553 0.683493 0.837822
0.054054 0.025643 -1.400617 -1.568827 -0.088623 -0.087899 -0.468087 -0.464265 0.059828 0.442953 0.371087 1.115506 0.682360 0.781299
0.054054 0.051282 -1.400617 -1.482189 -0.088623 -0.083045 -0.468087 -0.438626 0.074509 0.759087 -0.296577 -0.356420 0.663938 0.752917
0.054054 0.102567 -1.400617 -1.308886 -0.088623 -0.073335 -0.468087 -0.387340 0.115939 1.085776 0.412516 1.442195 0.628607 0.691284
0.054054 0.128206 -1.400617 -1.222248 -0.088623 -0.068481 -0.468087 -0.361701 0.139136 1.171795 -0.273381 -0.270401 0.611792 0.657886
0.054054 0.153849 -1.400617 -1.135597 -0.088623 -0.063626 -0.468087 -0.336058 0.163069 1.232925 0.436450 1.503326 0.595604 0.622665
0.054054 0.179488 -1.400617 -1.048958 -0.088623 -0.058772 -0.468087 -0.310419 0.187451 1.278279 -0.248999 -0.225046 0.580100 0.585575
0.054054 0.205131 -1.400617 -0.962307 -0.088623 -0.053917 -0.468087 -0.284776 0.212133 1.313144 0.461132 1.538190 0.565332 0.546561
0.081083 0.230770 -1.319740 -0.875669 -0.083506 -0.049063 -0.441058 -0.259138 0.244600 1.232912 -0.216532 -0.305279 0.528610 0.531205
0.135137 0.256413 -1.157999 -0.789018 -0.073272 -0.044208 -0.387004 -0.233495 0.289844 1.085760 0.506376 1.391039 0.469450 0.542872
0.189191 0.282052 -0.996258 -0.702379 -0.063038 -0.039353 -0.332950 -0.207856 0.339627 0.979961 -0.166749 -0.411078 0.410485 0.558086
0.216216 0.282052 -0.915394 -0.702379 -0.057921 -0.039353 -0.305925 -0.207856 0.355390 0.916767 0.522140 1.327845 0.388887 0.596790
0.270270 0.307694 -0.753652 -0.615728 -0.047687 -0.034498 -0.251871 -0.182213 0.409538 0.850060 -0.112601 -0.477784 0.330796 0.626284
0.324328 0.307694 -0.591899 -0.615728 -0.037452 -0.034498 -0.197813 -0.182213 0.447062 0.759087 0.559663 1.236871 0.291748 0.744372
0.378382 0.307694 -0.430158 -0.615728 -0.027218 -0.034498 -0.143759 -0.182213 0.487697 0.682729 -0.071966 -0.554142 0.258174 0.902823
0.405407 0.282052 -0.349293 -0.702379 -0.022101 -0.039353 -0.116734 -0.207856 0.493870 0.607851 0.565836 1.161993 0.266964 1.059083
0.432436 0.282052 -0.268417 -0.702379 -0.016984 -0.039353 -0.089705 -0.207856 0.516288 0.577948 -0.049548 -0.584045 0.256300 1.163371
0.459461 0.256413 -0.187552 -0.789018 -0.011867 -0.044208 -0.062680 -0.233495 0.526167 0.509020 0.575714 1.093065 0.273020 1.308536
0.486490 0.230770 -0.106676 -0.875669 -0.006750 -0.049063 -0.035651 -0.259138 0.538449 0.442924 -0.037266 -0.650141 0.293544 1.434079
0.513515 0.205131 -0.025811 -0.962307 -0.001633 -0.053917 -0.008626 -0.284776 0.552970 0.380045 0.590236 1.030186 0.317127 1.540515
0.513515 0.179488 -0.025811 -1.048958 -0.001633 -0.058772 -0.008626 -0.310419 0.543979 0.336255 -0.046257 -0.693931 0.342761 1.543015
0.513515 0.153849 -0.025811 -1.135597 -0.001633 -0.063626 -0.008626 -0.336058 0.536066 0.291090 0.582323 0.985021 0.368392 1.545134
0.540544 0.128206 0.055066 -1.222248 0.003484 -0.068481 0.018403 -0.361701 0.555540 0.232877 -0.026783 -0.752144 0.394364 -1.519961
0.540544 0.102567 0.055066 -1.308886 0.003484 -0.073335 0.018403 -0.387340 0.550188 0.187519 0.576972 0.939664 0.419977 -1.523321
0.540544 0.076925 0.055066 -1.395538 0.003484 -0.078190 0.018403 -0.412983 0.545990 0.141360 -0.030982 -0.798303 0.445596 -1.526265
0.540544 0.051282 0.055066 -1.482189 0.003484 -0.083045 0.018403 -0.438626 0.542971 0.094588 0.573953 0.892891 0.471218 -1.528865
