0.032260 0.499998 -1.221262 -0.038277 -0.085092 -0.002467 -0.413882 -0.012000 0.501037 1.506364 0.501037 1.506364 0.417371 0.028985
0.064516 0.468750 -1.126084 -0.137950 -0.078461 -0.008891 -0.381627 -0.043247 0.473169 1.434022 -0.027868 -0.072343 0.382296 0.112842
0.064516 0.499998 -1.126084 -0.038277 -0.078461 -0.002467 -0.381627 -0.012000 0.504143 1.442473 0.532011 1.514816 0.385408 0.031433
0.064516 0.531250 -1.126084 0.061412 -0.078461 0.003958 -0.381627 0.019252 0.535153 1.449946 0.003142 -0.064869 0.391001 -0.050406
0.064516 0.562497 -1.126084 0.161085 -0.078461 0.010383 -0.381627 0.050500 0.566185 1.456600 0.563043 1.521469 0.398970 -0.131564
0.064516 0.593750 -1.126084 0.260774 -0.078461 0.016808 -0.381627 0.081752 0.597244 1.462562 0.034201 -0.058907 0.409178 -0.211031
0.064516 0.624997 -1.126084 0.360447 -0.078461 0.023232 -0.381627 0.113000 0.628318 1.467935 0.594117 1.526841 0.421459 -0.287875
0.064516 0.687497 -1.126084 0.559809 -0.078461 0.036082 -0.381627 0.175499 0.690517 1.477228 0.096400 -0.049613 0.451543 -0.431033
0.064516 0.718749 -1.126084 0.659497 -0.078461 0.042507 -0.381627 0.206752 0.721639 1.481275 0.625238 1.530888 0.468992 -0.496498
0.064516 0.750001 -1.126084 0.759186 -0.078461 0.048933 -0.381627 0.238004 0.752771 1.484986 0.127533 -0.045901 0.487821 -0.557633
0.064516 0.781249 -1.126084 0.858859 -0.078461 0.055357 -0.381627 0.269251 0.783908 1.488403 0.656375 1.534304 0.507873 -0.614432
0.064516 0.812501 -1.126084 0.958548 -0.078461 0.061782 -0.381627 0.300504 0.815058 1.491558 0.158683 -0.042746 0.529015 -0.667028
0.064516 0.843748 -1.126084 1.058221 -0.078461 0.068207 -0.381627 0.331751 0.846211 1.494481 0.687528 1.537227 0.551116 -0.715597
0.096776 0.875001 -1.030892 1.157910 -0.071828 0.074632 -0.349366 0.363003 0.880336 1.460643 0.192808 -0.076584 0.553151 -0.804539
0.161292 0.906248 -0.840521 1.257583 -0.058564 0.081056 -0.284850 0.394251 0.920489 1.394662 0.727682 1.471247 0.541144 -0.945122
0.193553 0.937500 -0.745329 1.357271 -0.051931 0.087481 -0.252590 0.425503 0.957272 1.367201 0.229590 -0.104046 0.552480 -1.035077
0.225808 0.968748 -0.650151 1.456945 -0.045300 0.093906 -0.220334 0.456750 0.994717 1.341792 0.765127 1.445838 0.567154 -1.121332
0.258069 0.968748 -0.554958 1.456945 -0.038667 0.093906 -0.188074 0.456750 1.002533 1.310448 0.237406 -0.135390 0.555417 -1.180189
0.290324 0.968748 -0.459780 1.456945 -0.032036 0.093906 -0.155818 0.456750 1.011316 1.279624 0.773910 1.415014 0.545340 -1.242032
0.322585 0.968748 -0.364588 1.456945 -0.025403 0.093906 -0.123558 0.456750 1.021045 1.249353 0.247135 -0.165660 0.537013 -1.306605
0.354840 0.968748 -0.269410 1.456945 -0.018771 0.093906 -0.091302 0.456750 1.031690 1.219686 0.784555 1.385346 0.530521 -1.373502
0.387101 0.937500 -0.174217 1.357271 -0.012139 0.087481 -0.059042 0.425503 1.014275 1.179213 0.229720 -0.206133 0.494892 -1.432919
0.387101 0.906248 -0.174217 1.257583 -0.012139 0.081056 -0.059042 0.394251 0.985461 1.167109 0.755740 1.373242 0.463878 -1.422144
0.419356 0.875001 -0.079039 1.157910 -0.005507 0.074632 -0.026786 0.363003 0.970302 1.123875 0.214561 -0.249368 0.429694 -1.497139
0.419356 0.843748 -0.079039 1.058221 -0.005507 0.068207 -0.026786 0.331751 0.942216 1.109539 0.727655 1.358907 0.398507 -1.490229
0.419356 0.781249 -0.079039 0.858859 -0.005507 0.055357 -0.026786 0.269251 0.886684 1.078162 0.159030 -0.280745 0.336175 -1.471638
0.451617 0.750001 0.016153 0.759186 0.001125 0.048933 0.005474 0.238004 0.875477 1.028794 0.716447 1.309539 0.303908 1.547800
0.451617 0.718749 0.016153 0.659497 0.001125 0.042507 0.005474 0.206752 0.848857 1.009801 0.132410 -0.299738 0.272661 1.544325
0.451617 0.687497 0.016153 0.559809 0.001125 0.036082 0.005474 0.175499 0.822563 0.989586 0.690153 1.289324 0.241416 1.539614
0.451617 0.656249 0.016153 0.460135 0.001125 0.029658 0.005474 0.144252 0.796631 0.968048 0.106478 -0.321275 0.210178 1.532866
0.451617 0.624997 0.016153 0.360447 0.001125 0.023232 0.005474 0.113000 0.771089 0.945070 0.664612 1.266345 0.178938 1.522390
0.451617 0.593750 0.016153 0.260774 0.001125 0.016808 0.005474 0.081752 0.745987 0.920534 0.081375 -0.345811 0.147709 1.503935
0.451617 0.624997 0.016153 0.360447 0.001125 0.023232 0.005474 0.113000 0.771089 0.945070 0.689714 1.290880 0.178938 1.522390
0.451617 0.656249 0.016153 0.460135 0.001125 0.029658 0.005474 0.144252 0.796631 0.968048 0.106917 -0.322832 0.210178 1.532866
0.483872 0.718749 0.111331 0.659497 0.007757 0.042507 0.037730 0.206752 0.866448 0.978274 0.759532 1.301106 0.275205 1.390294
0.483872 0.750001 0.111331 0.759186 0.007757 0.048933 0.037730 0.238004 0.892544 0.997830 0.133012 -0.303276 0.306192 1.413579
0.516133 0.781249 0.206523 0.858859 0.014390 0.055357 0.069990 0.269251 0.936345 0.986970 0.803333 1.290246 0.342337 1.316481
0.516133 0.812501 0.206523 0.958548 0.014390 0.061782 0.069990 0.300504 0.962575 1.004868 0.159242 -0.285379 0.372984 1.341966
0.516133 0.843748 0.206523 1.058221 0.014390 0.068207 0.069990 0.331751 0.989093 1.021808 0.829851 1.307187 0.403719 1.362873
0.548388 0.875001 0.301701 1.157910 0.021021 0.074632 0.102246 0.363003 1.032645 1.010955 0.202794 -0.296232 0.440878 1.296243
0.548388 0.906248 0.301701 1.257583 0.021021 0.081056 0.102246 0.394251 1.059252 1.026621 0.856458 1.322853 0.471329 1.317045
0.580649 0.906248 0.396894 1.257583 0.027654 0.081056 0.134506 0.394251 1.076308 1.000975 0.219850 -0.321879 0.479363 1.242010
0.612904 0.937500 0.492072 1.357271 0.034285 0.087481 0.166762 0.425503 1.120071 0.991779 0.900221 1.313658 0.518885 1.197278
0.645165 0.968748 0.587264 1.456945 0.040918 0.093906 0.199022 0.456750 1.163920 0.983271 0.263699 -0.330388 0.559219 1.159868
0.677420 0.968748 0.682442 1.456945 0.047550 0.093906 0.231278 0.456750 1.182104 0.960558 0.918405 1.290945 0.571494 1.102078
0.709681 1.000000 0.777635 1.556633 0.054182 0.100331 0.263538 0.488003 1.226233 0.953603 0.307827 -0.337342 0.613360 1.075637
0.741936 1.000000 0.872813 1.556633 0.060814 0.100331 0.295794 0.488003 1.245178 0.932476 0.937351 1.269819 0.627895 1.025881
0.806452 1.000000 1.063183 1.556633 0.074078 0.100331 0.360310 0.488003 1.284665 0.892134 0.347314 -0.377685 0.660743 0.934803
0.838713 1.000000 1.158376 1.556633 0.080711 0.100331 0.392570 0.488003 1.305158 0.872892 0.957844 1.250577 0.678874 0.893352
0.870968 1.000000 1.253554 1.556633 0.087342 0.100331 0.424826 0.488003 1.326117 0.854254 0.368273 -0.396322 0.698022 0.854498
0.903228 0.968748 1.348746 1.456945 0.093975 0.093906 0.457086 0.456750 1.324498 0.820384 0.956225 1.216706 0.694294 0.785031
0.903228 0.937500 1.348746 1.357271 0.093975 0.087481 0.457086 0.425503 1.301817 0.804015 0.345592 -0.412692 0.671089 0.749629
0.935484 0.906248 1.443924 1.257583 0.100606 0.081056 0.489342 0.394251 1.302465 0.769525 0.956873 1.182217 0.671679 0.678192
0.935484 0.875001 1.443924 1.157910 0.100606 0.074632 0.489342 0.363003 1.280920 0.752003 0.324047 -0.430214 0.650672 0.638245
0.967744 0.812501 1.539116 0.958548 0.107239 0.061782 0.521602 0.300504 1.263601 0.698415 0.939554 1.128629 0.637407 0.522673
0.967744 0.750001 1.539116 0.759186 0.107239 0.048933 0.521602 0.238004 1.224349 0.659310 0.284795 -0.469319 0.603654 0.428076
0.967744 0.718749 1.539116 0.659497 0.107239 0.042507 0.521602 0.206752 1.205458 0.638816 0.920663 1.108135 0.588543 0.377380
0.967744 0.687497 1.539116 0.559809 0.107239 0.036082 0.521602 0.175499 1.187089 0.617679 0.266427 -0.490456 0.574735 0.324564
1.000000 0.656249 1.634294 0.460135 0.113871 0.029658 0.553858 0.144252 1.196103 0.580756 0.929677 1.071212 0.592371 0.254789
1.000000 0.562497 1.634294 0.161085 0.113871 0.010383 0.553858 0.050500 1.147346 0.512387 0.217670 -0.558824 0.565948 0.090927
1.000000 0.531250 1.634294 0.061412 0.113871 0.003958 0.553858 0.019252 1.132354 0.488334 0.914685 1.047158 0.560358 0.034747
1.000000 0.499998 1.634294 -0.038277 0.113871 -0.002467 0.553858 -0.012000 1.118033 0.463646 0.203348 -0.583512 0.556470 -0.021662
0.967744 0.468750 1.539116 -0.137950 0.107239 -0.008891 0.521602 -0.043247 1.075293 0.451069 0.871945 1.034581 0.522092 -0.082723
0.967744 0.374998 1.539116 -0.437001 0.107239 -0.028166 0.521602 -0.136999 1.037860 0.369682 0.165914 -0.664899 0.526431 -0.256849
0.935484 0.374998 1.443924 -0.437001 0.100606 -0.028166 0.489342 -0.136999 1.007846 0.381248 0.841932 1.046147 0.494486 -0.272977
0.935484 0.343751 1.443924 -0.536674 0.100606 -0.034591 0.489342 -0.168247 0.996642 0.352142 0.154710 -0.694005 0.499939 -0.331161
0.903228 0.281251 1.348746 -0.736036 0.093975 -0.047440 0.457086 -0.230746 0.946004 0.301868 0.791294 0.995873 0.485919 -0.467496
0.870968 0.249999 1.253554 -0.835724 0.087342 -0.053866 0.424826 -0.261999 0.906137 0.279521 0.114843 -0.716352 0.467920 -0.552623
0.838713 0.218751 1.158376 -0.935398 0.080711 -0.060290 0.392570 -0.293246 0.866770 0.255134 0.751927 0.971486 0.453672 -0.641572
0.806452 0.218751 1.063183 -0.935398 0.074078 -0.060290 0.360310 -0.293246 0.835594 0.264878 0.083667 -0.706608 0.426063 -0.683143
0.774197 0.187499 0.968005 -1.035086 0.067446 -0.066715 0.328054 -0.324498 0.796578 0.237610 0.712911 0.944219 0.417751 -0.779949
0.741936 0.156252 0.872813 -1.134760 0.060814 -0.073140 0.295794 -0.355746 0.758211 0.207567 0.045300 -0.736652 0.414163 -0.877156
0.709681 0.156252 0.777635 -1.134760 0.054182 -0.073140 0.263538 -0.355746 0.726678 0.216714 0.681378 0.953366 0.391777 -0.933206
0.677420 0.156252 0.682442 -1.134760 0.047550 -0.073140 0.231278 -0.355746 0.695207 0.226692 0.013829 -0.726674 0.370845 -0.994336
0.645165 0.124999 0.587264 -1.234448 0.040918 -0.079565 0.199022 -0.386998 0.657162 0.191377 0.643334 0.918051 0.377813 -1.095797
0.580649 0.124999 0.396894 -1.234448 0.027654 -0.079565 0.134506 -0.386998 0.593951 0.212039 -0.049383 -0.706011 0.348173 -1.236294
0.516133 0.124999 0.206523 -1.234448 0.014390 -0.079565 0.069990 -0.386998 0.531053 0.237610 0.580436 0.943621 0.328681 -1.391876
0.483872 0.124999 0.111331 -1.234448 0.007757 -0.079565 0.037730 -0.386998 0.499757 0.252805 -0.080679 -0.690817 0.323352 -1.473610
0.451617 0.156252 0.016153 -1.134760 0.001125 -0.073140 0.005474 -0.355746 0.477883 0.333092 0.558562 1.023908 0.289943 -1.555410
0.419356 0.156252 -0.079039 -1.134760 -0.005507 -0.073140 -0.026786 -0.355746 0.447520 0.356664 -0.111042 -0.667244 0.291126 1.495642
0.387101 0.156252 -0.174217 -1.134760 -0.012139 -0.073140 -0.059042 -0.355746 0.417446 0.383645 0.528488 1.050890 0.295842 1.406329
0.387101 0.187499 -0.174217 -1.035086 -0.012139 -0.066715 -0.059042 -0.324498 0.430120 0.451064 -0.098369 -0.599826 0.265297 1.390817
0.354840 0.187499 -0.269410 -1.035086 -0.018771 -0.066715 -0.091302 -0.324498 0.401332 0.486112 0.499701 1.085938 0.274285 1.296523
0.322585 0.187499 -0.364588 -1.035086 -0.025403 -0.066715 -0.123558 -0.324498 0.373118 0.526511 -0.126583 -0.559427 0.286641 1.206981
0.290324 0.187499 -0.459780 -1.035086 -0.032036 -0.066715 -0.155818 -0.324498 0.345607 0.573436 0.472190 1.132863 0.301953 1.123129
0.258069 0.218751 -0.554958 -0.935398 -0.038667 -0.060290 -0.188074 -0.293246 0.338307 0.703127 -0.133883 -0.429736 0.295091 1.000525
0.225808 0.218751 -0.650151 -0.935398 -0.045300 -0.060290 -0.220334 -0.293246 0.314391 0.769525 0.448274 1.199261 0.316629 0.926424
0.193553 0.218751 -0.745329 -0.935398 -0.051931 -0.060290 -0.252590 -0.293246 0.292087 0.846439 -0.156187 -0.352823 0.339865 0.859745
0.161292 0.218751 -0.840521 -0.935398 -0.058564 -0.060290 -0.284850 -0.293246 0.271786 0.935452 0.427972 1.288275 0.364481 0.799921
0.129037 0.218751 -0.935699 -0.935398 -0.065195 -0.060290 -0.317106 -0.293246 0.253974 1.037852 -0.173999 -0.250423 0.390209 0.746326
0.096776 0.218751 -1.030892 -0.935398 -0.071828 -0.060290 -0.349366 -0.293246 0.239202 1.154277 0.413201 1.404700 0.416849 0.698288
0.064516 0.218751 -1.126084 -0.935398 -0.078461 -0.060290 -0.381627 -0.293246 0.228067 1.283999 -0.185134 -0.120701 0.444236 0.655180
0.032260 0.187499 -1.221262 -1.035086 -0.085092 -0.066715 -0.413882 -0.324498 0.190254 1.400408 0.375389 1.521109 0.488052 0.664930
0.000000 0.187499 -1.316454 -1.035086 -0.091725 -0.066715 -0.446142 -0.324498 0.187499 1.570796 -0.187889 0.049687 0.515693 0.628842
0.000000 0.156252 -1.316454 -1.134760 -0.091725 -0.073140 -0.446142 -0.355746 0.156252 1.570796 0.344141 1.521109 0.532052 0.673142
0.000000 0.124999 -1.316454 -1.234448 -0.091725 -0.079565 -0.446142 -0.386998 0.124999 1.570796 -0.219142 0.049687 0.549705 0.714527
0.000000 0.093752 -1.316454 -1.334121 -0.091725 -0.085989 -0.446142 -0.418245 0.093752 1.570796 0.312894 1.521109 0.568526 0.753136
0.000000 0.062500 -1.316454 -1.433810 -0.091725 -0.092415 -0.446142 -0.449498 0.062500 1.570796 -0.250394 0.049687 0.588409 0.789144
0.032260 0.031252 -1.221262 -1.533483 -0.085092 -0.098839 -0.413882 -0.480745 0.044916 0.769525 0.295310 0.719838 0.586031 0.859998
0.064516 0.000000 -1.126084 -1.633172 -0.078461 -0.105264 -0.381627 -0.511997 0.064516 0.000000 -0.230794 -0.719838 0.587096 0.930266
0.096776 0.000000 -1.030892 -1.633172 -0.071828 -0.105264 -0.349366 -0.511997 0.096776 0.000000 0.327570 0.719838 0.566657 0.972008
0.129037 0.000000 -0.935699 -1.633172 -0.065195 -0.105264 -0.317106 -0.511997 0.129037 0.000000 -0.198533 -0.719838 0.547356 1.016270
0.225808 0.000000 -0.650151 -1.633172 -0.045300 -0.105264 -0.220334 -0.511997 0.225808 0.000000 0.424342 0.719838 0.497584 1.164409
0.258069 0.000000 -0.554958 -1.633172 -0.038667 -0.105264 -0.188074 -0.511997 0.258069 0.000000 -0.166273 -0.719838 0.484164 1.218764
0.290324 0.000000 -0.459780 -1.633172 -0.032036 -0.105264 -0.155818 -0.511997 0.290324 0.000000 0.456597 0.719838 0.472570 1.275368
0.354840 0.062500 -0.269410 -1.433810 -0.018771 -0.092415 -0.091302 -0.449498 0.360302 0.174346 -0.096295 -0.545492 0.394358 1.370402
0.387101 0.093752 -0.174217 -1.334121 -0.012139 -0.085989 -0.059042 -0.418245 0.398292 0.237615 0.494587 0.783107 0.357302 1.430558
0.419356 0.124999 -0.079039 -1.234448 -0.005507 -0.079565 -0.026786 -0.386998 0.437589 0.289689 -0.056997 -0.493417 0.322258 1.501691
0.419356 0.156252 -0.079039 -1.134760 -0.005507 -0.073140 -0.026786 -0.355746 0.447520 0.356664 0.504517 0.850081 0.291126 1.495642
0.419356 0.187499 -0.079039 -1.035086 -0.005507 -0.066715 -0.026786 -0.324498 0.459364 0.420449 -0.045153 -0.429632 0.260027 1.488436
0.387101 0.218751 -0.174217 -0.935398 -0.012139 -0.060290 -0.059042 -0.293246 0.444634 0.514364 0.489787 0.943995 0.234931 1.372114
0.354840 0.249999 -0.269410 -0.835724 -0.018771 -0.053866 -0.091302 -0.261999 0.434063 0.613766 -0.055723 -0.330230 0.216353 1.235473
