0.000000 0.734693 -1.333672 0.658737 -0.128461 0.049504 -0.467279 0.180072 0.734693 1.570796 0.734693 1.570796 0.538386 -0.367824
0.000000 0.755102 -1.333672 0.733399 -0.128461 0.055115 -0.467279 0.200481 0.755102 1.570796 0.020410 0.000000 0.548810 -0.405288
0.000000 0.775509 -1.333672 0.808050 -0.128461 0.060725 -0.467279 0.220888 0.775509 1.570796 0.755099 1.570796 0.559782 -0.441579
0.000000 0.816325 -1.333672 0.957364 -0.128461 0.071946 -0.467279 0.261704 0.816325 1.570796 0.061226 0.000000 0.583252 -0.510534
0.000000 0.857142 -1.333672 1.106678 -0.128461 0.083167 -0.467279 0.302520 0.857142 1.570796 0.795916 1.570796 0.608558 -0.574552
0.024998 0.877551 -1.262324 1.181340 -0.121589 0.088778 -0.442281 0.322930 0.877907 1.542318 0.081992 -0.028479 0.603271 -0.630674
0.074998 0.918367 -1.119618 1.330654 -0.107843 0.099999 -0.392281 0.363746 0.921425 1.489313 0.839433 1.517791 0.597800 -0.747674
0.150000 0.979590 -0.905553 1.554619 -0.087224 0.116830 -0.317279 0.424969 0.991008 1.418851 0.151575 -0.098940 0.602602 -0.929480
0.200000 0.979590 -0.762847 1.554619 -0.073479 0.116830 -0.267279 0.424969 0.999799 1.369397 0.848224 1.468337 0.577842 -1.009371
0.224998 1.000000 -0.691499 1.629281 -0.066606 0.122441 -0.242281 0.445379 1.025000 1.349484 0.176776 -0.118853 0.585228 -1.072581
0.300000 1.000000 -0.477435 1.629281 -0.045987 0.122441 -0.167279 0.445379 1.044031 1.279340 0.867255 1.398193 0.558367 -1.211511
0.350000 1.000000 -0.334728 1.629281 -0.032242 0.122441 -0.117279 0.445379 1.059481 1.234122 0.192226 -0.164071 0.545478 -1.313318
0.374998 0.979590 -0.263381 1.554619 -0.025369 0.116830 -0.092281 0.424969 1.048914 1.205195 0.856688 1.369267 0.520556 -1.356969
0.424998 0.938774 -0.120674 1.405305 -0.011624 0.105609 -0.042281 0.384153 1.030495 1.145686 0.173807 -0.223581 0.473387 -1.461176
0.450000 0.897958 -0.049316 1.255992 -0.004750 0.094388 -0.017279 0.343337 1.004404 1.106239 0.830597 1.329820 0.431025 -1.520513
0.474998 0.816325 0.022032 0.957364 0.002122 0.071946 0.007719 0.261704 0.944463 1.043812 0.113866 -0.286008 0.349132 1.541308
0.500000 0.734693 0.093390 0.658737 0.008996 0.049504 0.032721 0.180072 0.888692 0.973239 0.774826 1.259247 0.269408 1.391045
0.500000 0.714286 0.093390 0.584086 0.008996 0.043894 0.032721 0.159665 0.871897 0.960071 0.097071 -0.299177 0.249165 1.368659
0.524998 0.673470 0.164738 0.434772 0.015868 0.032673 0.057719 0.118849 0.853923 0.908655 0.756852 1.207832 0.214117 1.118692
0.524998 0.653060 0.164738 0.360109 0.015868 0.027062 0.057719 0.098439 0.837920 0.893679 0.081068 -0.314152 0.194541 1.040478
0.524998 0.673470 0.164738 0.434772 0.015868 0.032673 0.057719 0.118849 0.853923 0.908655 0.772855 1.222807 0.214117 1.118692
0.524998 0.714286 0.164738 0.584086 0.015868 0.043894 0.057719 0.159665 0.886469 0.936967 0.113615 -0.285841 0.253662 1.223911
0.500000 0.775509 0.093390 0.808050 0.008996 0.060725 0.032721 0.220888 0.922721 0.998129 0.809107 1.283970 0.309962 1.423731
0.500000 0.795919 0.093390 0.882713 0.008996 0.066336 0.032721 0.241298 0.939940 1.009896 0.130833 -0.274074 0.330265 1.436013
0.500000 0.857142 0.093390 1.106678 0.008996 0.083167 0.032721 0.302520 0.992316 1.042721 0.861483 1.316795 0.391234 1.463053
0.524998 0.877551 0.164738 1.181340 0.015868 0.088778 0.057719 0.322930 1.022604 1.031662 0.161121 -0.285134 0.414313 1.393928
0.550000 0.938774 0.236097 1.405305 0.022741 0.105609 0.082721 0.384153 1.088024 1.040831 0.926903 1.325964 0.478697 1.358701
0.550000 0.959184 0.236097 1.479968 0.022741 0.111220 0.082721 0.404563 1.105682 1.050162 0.178779 -0.275802 0.498812 1.369106
0.600000 0.979590 0.378803 1.554619 0.036487 0.116830 0.132721 0.424969 1.148737 1.021236 0.969958 1.297038 0.529224 1.268087
0.674998 0.979590 0.592857 1.554619 0.057105 0.116830 0.207719 0.424969 1.189630 0.967449 0.219672 -0.329589 0.552820 1.116160
0.700000 0.979590 0.664215 1.554619 0.063978 0.116830 0.232721 0.424969 1.203992 0.950349 0.984320 1.279938 0.562692 1.069783
0.775002 0.959184 0.878280 1.479968 0.084597 0.111220 0.307723 0.404563 1.233151 0.891208 0.248831 -0.388730 0.580228 0.920526
0.850000 0.918367 1.092334 1.330654 0.105215 0.099999 0.382721 0.363746 1.251359 0.824040 1.002528 1.212770 0.591571 0.759984
0.875002 0.877551 1.163693 1.181340 0.112089 0.088778 0.407723 0.322930 1.239243 0.786853 0.236715 -0.425917 0.578413 0.669864
0.925002 0.795919 1.306399 0.882713 0.125834 0.066336 0.457723 0.241298 1.220293 0.710530 0.983578 1.136447 0.563484 0.485146
0.975002 0.673470 1.449105 0.434772 0.139580 0.032673 0.507723 0.118849 1.184985 0.604482 0.201408 -0.531965 0.547994 0.229942
0.975002 0.612244 1.449105 0.210796 0.139580 0.015841 0.507723 0.057623 1.151291 0.560712 0.949883 1.092677 0.528013 0.113009
1.000000 0.469385 1.520453 -0.311808 0.146452 -0.023432 0.532721 -0.085236 1.104682 0.438857 0.154799 -0.653819 0.532725 -0.158656
0.975002 0.346937 1.449105 -0.759749 0.139580 -0.057095 0.507723 -0.207684 1.034888 0.341861 0.880090 0.995680 0.521790 -0.388284
0.900000 0.265304 1.235040 -1.058376 0.118961 -0.079537 0.432721 -0.289317 0.938289 0.286663 0.058199 -0.709017 0.477537 -0.589339
0.825002 0.163265 1.020986 -1.431655 0.098343 -0.107589 0.357723 -0.391356 0.841002 0.195372 0.782802 0.904389 0.469457 -0.830267
0.775002 0.122449 0.878280 -1.580969 0.084597 -0.118810 0.307723 -0.432172 0.784616 0.156703 0.001814 -0.747686 0.462170 -0.952037
0.674998 0.061223 0.592857 -1.804945 0.057105 -0.135642 0.207719 -0.493398 0.677769 0.090453 0.675955 0.838140 0.456102 -1.172321
0.550000 0.020407 0.236097 -1.954259 0.022741 -0.146863 0.082721 -0.534214 0.550378 0.037086 -0.125577 -0.801054 0.454464 -1.417170
0.450000 0.020407 -0.049316 -1.954259 -0.004750 -0.146863 -0.017279 -0.534214 0.450462 0.045317 0.576039 0.846371 0.447206 1.538463
0.324998 0.000000 -0.406087 -2.028910 -0.039115 -0.152473 -0.142281 -0.554621 0.324998 0.000000 -0.251041 -0.846371 0.488460 1.319675
0.274998 0.020407 -0.548793 -1.954259 -0.052861 -0.146863 -0.192281 -0.534214 0.275754 0.074071 0.526796 0.920441 0.486484 1.225301
0.200000 0.040816 -0.762847 -1.879596 -0.073479 -0.141252 -0.267279 -0.513805 0.204122 0.201317 -0.322673 -0.719124 0.503297 1.091123
0.174998 0.081633 -0.834206 -1.730282 -0.080352 -0.130031 -0.292281 -0.472989 0.193102 0.436471 0.515775 1.155596 0.483892 1.017287
0.124998 0.122449 -0.976912 -1.580969 -0.094098 -0.118810 -0.342281 -0.432172 0.174981 0.775096 -0.340794 -0.380500 0.485864 0.900952
0.124998 0.183672 -0.976912 -1.357004 -0.094098 -0.101979 -0.342281 -0.370949 0.222171 0.973242 0.562965 1.353742 0.444510 0.825572
0.124998 0.244898 -0.976912 -1.133028 -0.094098 -0.085147 -0.342281 -0.309723 0.274953 1.098856 -0.288011 -0.254886 0.408178 0.735506
0.150000 0.285714 -0.905553 -0.983714 -0.087224 -0.073926 -0.317279 -0.268907 0.322696 1.087349 0.610707 1.342235 0.365557 0.703066
0.200000 0.346937 -0.762847 -0.759749 -0.073479 -0.057095 -0.267279 -0.207684 0.400456 1.047855 -0.210251 -0.294380 0.293121 0.660579
0.250000 0.387753 -0.620141 -0.610435 -0.059733 -0.045874 -0.217279 -0.166868 0.461359 0.998127 0.671610 1.292507 0.231375 0.654916
0.324998 0.408163 -0.406087 -0.535773 -0.039115 -0.040263 -0.142281 -0.146458 0.521748 0.898348 -0.149862 -0.394159 0.154073 0.799866
0.374998 0.408163 -0.263381 -0.535773 -0.025369 -0.040263 -0.092281 -0.146458 0.554275 0.827720 0.704137 1.221879 0.109592 1.008552
0.424998 0.408163 -0.120674 -0.535773 -0.011624 -0.040263 -0.042281 -0.146458 0.589254 0.765194 -0.114883 -0.456685 0.072680 1.289750
0.474998 0.367346 0.022032 -0.685087 0.002122 -0.051484 0.007719 -0.187275 0.600472 0.658287 0.715355 1.114972 0.100230 -1.529600
0.524998 0.326530 0.164738 -0.834400 0.015868 -0.062705 0.057719 -0.228091 0.618260 0.556413 -0.097095 -0.558559 0.152124 -1.322945
0.574998 0.265304 0.307444 -1.058376 0.029614 -0.079537 0.107719 -0.289317 0.633253 0.432294 0.730348 0.990852 0.228904 -1.214375
0.600000 0.224488 0.378803 -1.207690 0.036487 -0.090758 0.132721 -0.330133 0.640621 0.358022 -0.089728 -0.632830 0.276699 -1.188547
0.624998 0.183672 0.450151 -1.357004 0.043359 -0.101979 0.157719 -0.370949 0.651428 0.285829 0.741155 0.918659 0.324513 -1.168775
0.624998 0.142855 0.450151 -1.506318 0.043359 -0.113200 0.157719 -0.411766 0.641116 0.224709 -0.100039 -0.693949 0.360730 -1.205003
0.624998 0.122449 0.450151 -1.580969 0.043359 -0.118810 0.157719 -0.432172 0.636880 0.193468 0.736919 0.887418 0.379187 -1.220870
0.624998 0.102039 0.450151 -1.655631 0.043359 -0.124421 0.157719 -0.452582 0.633273 0.161835 -0.103646 -0.725582 0.397838 -1.235469
0.624998 0.061223 0.450151 -1.804945 0.043359 -0.135642 0.157719 -0.493398 0.627990 0.097645 0.731636 0.823228 0.435611 -1.261402
0.624998 0.040816 0.450151 -1.879596 0.043359 -0.141252 0.157719 -0.513805 0.626329 0.065214 -0.105306 -0.758014 0.454693 -1.272963
