0.052632 0.428572 -1.166477 -0.165042 -0.078604 -0.011234 -0.359570 -0.051391 0.431792 1.448601 0.431792 1.448601 0.359942 0.141961
0.078945 0.428572 -1.081112 -0.165042 -0.072852 -0.011234 -0.333256 -0.051391 0.435783 1.388633 0.003991 -0.059969 0.333658 0.153002
0.052632 0.428572 -1.166477 -0.165042 -0.078604 -0.011234 -0.359570 -0.051391 0.431792 1.448601 0.427801 1.508570 0.359942 0.141961
0.052632 0.448979 -1.166477 -0.099506 -0.078604 -0.006773 -0.359570 -0.030984 0.452053 1.454104 0.024252 -0.054466 0.361446 0.085957
0.026314 0.469389 -1.251854 -0.033960 -0.084357 -0.002312 -0.385887 -0.010574 0.470126 1.514795 0.445874 1.569261 0.390102 0.027396
0.026314 0.489795 -1.251854 0.031577 -0.084357 0.002149 -0.385887 0.009832 0.490501 1.517124 0.044628 -0.052137 0.393611 -0.025474
0.000000 0.510205 -1.337218 0.097123 -0.090110 0.006611 -0.412201 0.030242 0.510205 1.570796 0.465577 1.622934 0.423692 -0.073236
0.000000 0.530611 -1.337218 0.162659 -0.090110 0.011072 -0.412201 0.050649 0.530611 1.570796 0.065035 -0.052137 0.428872 -0.122261
0.000000 0.551021 -1.337218 0.228205 -0.090110 0.015534 -0.412201 0.071058 0.551021 1.570796 0.485987 1.622934 0.434949 -0.170709
0.000000 0.571428 -1.337218 0.293741 -0.090110 0.019995 -0.412201 0.091465 0.571428 1.570796 0.085441 -0.052137 0.441886 -0.218356
0.000000 0.591837 -1.337218 0.359287 -0.090110 0.024456 -0.412201 0.111874 0.591837 1.570796 0.506396 1.622934 0.449643 -0.265023
0.000000 0.612244 -1.337218 0.424823 -0.090110 0.028917 -0.412201 0.132281 0.612244 1.570796 0.105848 -0.052137 0.458178 -0.310532
0.000000 0.653060 -1.337218 0.555906 -0.090110 0.037840 -0.412201 0.173097 0.653060 1.570796 0.547212 1.622934 0.477413 -0.397572
0.000000 0.693876 -1.337218 0.686988 -0.090110 0.046763 -0.412201 0.213914 0.693876 1.570796 0.146664 -0.052137 0.499250 -0.478696
0.000000 0.714286 -1.337218 0.752534 -0.090110 0.051225 -0.412201 0.234323 0.714286 1.570796 0.567622 1.622934 0.511043 -0.516912
0.026314 0.755102 -1.251854 0.883616 -0.084357 0.060147 -0.385887 0.275140 0.755561 1.535962 0.187939 -0.086971 0.516227 -0.619401
0.026314 0.795919 -1.251854 1.014699 -0.084357 0.069070 -0.385887 0.315956 0.796354 1.537747 0.608415 1.624719 0.544195 -0.686086
0.052632 0.836735 -1.166477 1.145781 -0.078604 0.077993 -0.359570 0.356772 0.838389 1.507978 0.229974 -0.116741 0.556345 -0.781493
0.078945 0.857145 -1.081112 1.211327 -0.072852 0.082454 -0.333256 0.377182 0.860772 1.478953 0.630799 1.595694 0.555908 -0.847149
0.078945 0.897961 -1.081112 1.342409 -0.072852 0.091377 -0.333256 0.417998 0.901424 1.483106 0.270626 -0.112588 0.589086 -0.897724
0.105263 0.918367 -0.995735 1.407945 -0.067099 0.095838 -0.306938 0.438405 0.924380 1.456674 0.653755 1.569263 0.591959 -0.959987
0.131577 0.938777 -0.910371 1.473492 -0.061346 0.100300 -0.280624 0.458814 0.947953 1.431546 0.294198 -0.137717 0.596684 -1.021870
0.157895 0.959184 -0.824993 1.539028 -0.055593 0.104761 -0.254306 0.479221 0.972093 1.407646 0.677894 1.545363 0.603209 -1.082918
0.210526 0.979593 -0.654252 1.604574 -0.044087 0.109222 -0.201675 0.499631 1.001960 1.359104 0.324066 -0.186258 0.602168 -1.187149
0.236840 0.979593 -0.568887 1.604574 -0.038335 0.109222 -0.175361 0.499631 1.007818 1.333575 0.683752 1.519833 0.593873 -1.233247
0.263158 1.000000 -0.483510 1.670110 -0.032582 0.113683 -0.149043 0.520037 1.034046 1.313473 0.350295 -0.206361 0.606400 -1.291677
0.289472 1.000000 -0.398146 1.670110 -0.026829 0.113683 -0.122729 0.520037 1.041054 1.289026 0.690759 1.495387 0.600475 -1.339036
0.315789 0.979593 -0.312768 1.604574 -0.021076 0.109222 -0.096412 0.499631 1.029236 1.258947 0.338476 -0.236440 0.575525 -1.380173
0.342107 0.959184 -0.227391 1.539028 -0.015323 0.104761 -0.070094 0.479221 1.018367 1.228196 0.679890 1.464636 0.551455 -1.425560
0.368421 0.938777 -0.142027 1.473492 -0.009571 0.100300 -0.043780 0.458814 1.008482 1.196817 0.328592 -0.267819 0.528393 -1.475664
0.394739 0.897961 -0.056649 1.342409 -0.003817 0.091377 -0.017462 0.417998 0.980894 1.156629 0.652302 1.424448 0.486073 -1.529045
0.421053 0.857145 0.028715 1.211327 0.001935 0.082454 0.008851 0.377182 0.954978 1.114192 0.302676 -0.310256 0.445031 1.547333
0.421053 0.816325 0.028715 1.080235 0.001935 0.073531 0.008851 0.336362 0.918516 1.094596 0.615841 1.404853 0.404221 1.544487
0.421053 0.795919 0.028715 1.014699 0.001935 0.069070 0.008851 0.315956 0.900429 1.084207 0.284588 -0.320645 0.383820 1.542789
0.447370 0.755102 0.114092 0.883616 0.007688 0.060147 0.035169 0.275140 0.877679 1.035937 0.593091 1.356582 0.344700 1.443662
0.447370 0.693876 0.114092 0.686988 0.007688 0.046763 0.035169 0.213914 0.825594 0.998127 0.232503 -0.358455 0.283862 1.407845
0.447370 0.673470 0.114092 0.621452 0.007688 0.042302 0.035169 0.193507 0.808518 0.984450 0.576015 1.342905 0.263625 1.391012
0.447370 0.653060 0.114092 0.555906 0.007688 0.037840 0.035169 0.173097 0.791598 0.970183 0.215583 -0.372722 0.243413 1.370349
0.447370 0.632654 0.114092 0.490370 0.007688 0.033379 0.035169 0.152691 0.774849 0.955299 0.559266 1.328021 0.223240 1.344415
0.447370 0.612244 0.114092 0.424823 0.007688 0.028917 0.035169 0.132281 0.758276 0.939758 0.199010 -0.388263 0.203111 1.310940
0.447370 0.632654 0.114092 0.490370 0.007688 0.033379 0.035169 0.152691 0.774849 0.955299 0.575839 1.343562 0.223240 1.344415
0.473684 0.653060 0.199457 0.555906 0.013441 0.037840 0.061483 0.173097 0.806762 0.943272 0.230923 -0.400290 0.248582 1.229502
0.473684 0.673470 0.199457 0.621452 0.013441 0.042302 0.061483 0.193507 0.823370 0.957826 0.592447 1.358116 0.268406 1.263154
0.473684 0.693876 0.199457 0.686988 0.013441 0.046763 0.061483 0.213914 0.840144 0.971801 0.247697 -0.386316 0.288307 1.290920
0.500002 0.714286 0.284834 0.752534 0.019194 0.051225 0.087801 0.234323 0.871898 0.960069 0.624202 1.346385 0.314586 1.212289
0.526316 0.734693 0.370198 0.818070 0.024946 0.055686 0.114115 0.254730 0.903760 0.949165 0.279558 -0.397220 0.342086 1.149621
0.552634 0.755102 0.455576 0.883616 0.030699 0.060147 0.140432 0.275140 0.935726 0.939003 0.656168 1.336223 0.370544 1.098860
0.605265 0.775509 0.626317 0.949153 0.042205 0.064608 0.193064 0.295546 0.983748 0.908075 0.327580 -0.428148 0.411420 0.992143
0.631579 0.795919 0.711682 1.014699 0.047957 0.069070 0.219378 0.315956 1.016060 0.900018 0.688480 1.328166 0.442002 0.963885
0.657897 0.795919 0.797059 1.014699 0.053711 0.069070 0.245696 0.315956 1.032625 0.880052 0.344145 -0.448113 0.455637 0.909848
0.736842 0.816325 1.053165 1.080235 0.070969 0.073531 0.324641 0.336362 1.099692 0.836528 0.755548 1.284642 0.518371 0.803129
0.789474 0.816325 1.223907 1.080235 0.082474 0.073531 0.377273 0.336362 1.135630 0.802118 0.380082 -0.482524 0.552857 0.728134
0.815791 0.795919 1.309284 1.014699 0.088227 0.069070 0.403590 0.315956 1.139738 0.773069 0.759655 1.255592 0.556888 0.664204
0.842105 0.775509 1.394648 0.949153 0.093980 0.064608 0.429904 0.295546 1.144795 0.744252 0.385140 -0.511340 0.562859 0.602267
0.894737 0.755102 1.565390 0.883616 0.105485 0.060147 0.482536 0.275140 1.170783 0.700964 0.785644 1.212304 0.591964 0.518216
0.921055 0.693876 1.650767 0.686988 0.111239 0.046763 0.508853 0.213914 1.153172 0.645642 0.367528 -0.566663 0.581612 0.397954
0.947368 0.673470 1.736132 0.621452 0.116991 0.042302 0.535167 0.193507 1.162355 0.617994 0.794826 1.184657 0.595538 0.346956
0.973686 0.632654 1.821509 0.490370 0.122744 0.033379 0.561485 0.152691 1.161170 0.576200 0.366343 -0.608456 0.603212 0.265520
1.000000 0.571428 1.906873 0.293741 0.128497 0.019995 0.587799 0.091465 1.151751 0.519145 0.785407 1.127602 0.608983 0.154368
1.000000 0.551021 1.906873 0.228205 0.128497 0.015534 0.587799 0.071058 1.141764 0.503627 0.356356 -0.623975 0.603969 0.120305
1.000000 0.510205 1.906873 0.097123 0.128497 0.006611 0.587799 0.030242 1.122635 0.471778 0.766278 1.095753 0.595913 0.051404
1.000000 0.448979 1.906873 -0.099506 0.128497 -0.006773 0.587799 -0.030984 1.096167 0.422004 0.329889 -0.673749 0.588948 -0.052663
1.000000 0.428572 1.906873 -0.165042 0.128497 -0.011234 0.587799 -0.051391 1.087968 0.404893 0.758079 1.078641 0.588027 -0.087207
0.973686 0.367346 1.821509 -0.361670 0.122744 -0.024619 0.561485 -0.112616 1.040677 0.360763 0.282597 -0.717879 0.563274 -0.197943
0.973686 0.346940 1.821509 -0.427206 0.122744 -0.029080 0.561485 -0.133023 1.033650 0.342290 0.751052 1.060169 0.565265 -0.232624
0.973686 0.306124 1.821509 -0.558289 0.122744 -0.038002 0.561485 -0.173839 1.020674 0.304612 0.269622 -0.755557 0.571417 -0.300247
0.921055 0.265307 1.650767 -0.689371 0.111239 -0.046925 0.508853 -0.214656 0.958504 0.280455 0.688882 1.036012 0.529632 -0.399193
0.921055 0.244898 1.650767 -0.754917 0.111239 -0.051387 0.508853 -0.235065 0.953056 0.259875 0.264175 -0.776137 0.535651 -0.432748
0.894737 0.224491 1.565390 -0.820453 0.105485 -0.055848 0.482536 -0.255472 0.922470 0.245827 0.658295 1.021964 0.517760 -0.486918
0.842105 0.183672 1.394648 -0.951545 0.093980 -0.064771 0.429904 -0.296291 0.861903 0.214747 0.203608 -0.807217 0.486871 -0.603443
0.815791 0.142855 1.309284 -1.082628 0.088227 -0.073694 0.403590 -0.337107 0.828205 0.173355 0.624597 0.980572 0.485214 -0.695881
0.763160 0.122449 1.138542 -1.148164 0.076722 -0.078155 0.350959 -0.357514 0.772921 0.159094 0.148324 -0.821478 0.455114 -0.794651
0.736842 0.102039 1.053165 -1.213710 0.070969 -0.082617 0.324641 -0.377924 0.743874 0.137606 0.595550 0.959085 0.448990 -0.861094
0.657897 0.081633 0.797059 -1.279246 0.053711 -0.087078 0.245696 -0.398330 0.662942 0.123450 0.067392 -0.835635 0.411876 -1.018106
0.605265 0.061223 0.626317 -1.344792 0.042205 -0.091539 0.193064 -0.418740 0.608354 0.100808 0.540962 0.936442 0.400574 -1.138784
0.526316 0.040816 0.370198 -1.410328 0.024946 -0.096000 0.114115 -0.439147 0.527896 0.077396 -0.013066 -0.859046 0.388521 -1.316564
0.500002 0.040816 0.284834 -1.410328 0.019194 -0.096000 0.087801 -0.439147 0.501665 0.081452 0.514731 0.940498 0.381622 -1.373463
0.421053 0.020407 0.028715 -1.475874 0.001935 -0.100462 0.008851 -0.459556 0.421547 0.048428 -0.093184 -0.892070 0.391895 -1.551538
0.368421 0.020407 -0.142027 -1.475874 -0.009571 -0.100462 -0.043780 -0.459556 0.368986 0.055333 0.462170 0.947403 0.394233 1.475817
0.342107 0.020407 -0.227391 -1.475874 -0.015323 -0.100462 -0.070094 -0.459556 0.342715 0.059579 -0.119454 -0.887824 0.398015 1.419438
0.263158 0.020407 -0.483510 -1.475874 -0.032582 -0.100462 -0.149043 -0.459556 0.263948 0.077390 0.383402 0.965214 0.419186 1.257180
0.236840 0.020407 -0.568887 -1.475874 -0.038335 -0.100462 -0.175361 -0.459556 0.237718 0.085950 -0.145685 -0.879264 0.429249 1.206263
0.157895 0.040816 -0.824993 -1.410328 -0.055593 -0.096000 -0.254306 -0.439147 0.163085 0.252965 0.308770 1.132230 0.450109 1.045892
0.131577 0.061223 -0.910371 -1.344792 -0.061346 -0.091539 -0.280624 -0.418740 0.145123 0.435505 -0.163646 -0.696725 0.449373 0.980377
0.105263 0.081633 -0.995735 -1.279246 -0.067099 -0.087078 -0.306938 -0.398330 0.133207 0.659628 0.296854 1.356353 0.451095 0.914265
0.078945 0.122449 -1.081112 -1.148164 -0.072852 -0.078155 -0.333256 -0.357514 0.145692 0.998141 -0.151162 -0.358212 0.441606 0.820502
0.078945 0.142855 -1.081112 -1.082628 -0.072852 -0.073694 -0.333256 -0.337107 0.163218 1.065940 0.314380 1.424152 0.428493 0.791144
0.052632 0.163265 -1.166477 -1.017082 -0.078604 -0.069232 -0.359570 -0.316698 0.171539 1.258946 -0.142841 -0.165206 0.437332 0.722088
0.078945 0.204081 -1.081112 -0.885999 -0.072852 -0.060309 -0.333256 -0.275882 0.218819 1.201692 0.361660 1.366899 0.392904 0.691486
0.078945 0.224491 -1.081112 -0.820453 -0.072852 -0.055848 -0.333256 -0.255472 0.237968 1.232640 -0.123692 -0.134259 0.382485 0.654037
0.105263 0.265307 -0.995735 -0.689371 -0.067099 -0.046925 -0.306938 -0.214656 0.285426 1.193087 0.409118 1.327345 0.340277 0.610286
0.131577 0.265307 -0.910371 -0.689371 -0.061346 -0.046925 -0.280624 -0.214656 0.296143 1.110401 -0.112976 -0.216945 0.316746 0.652983
0.184209 0.285714 -0.739629 -0.623835 -0.049841 -0.042464 -0.227993 -0.194249 0.339949 0.998134 0.452925 1.215079 0.260729 0.705652
0.210526 0.306124 -0.654252 -0.558289 -0.044087 -0.038002 -0.201675 -0.173839 0.371528 0.968362 -0.081397 -0.246717 0.227871 0.711407
0.263158 0.306124 -0.483510 -0.558289 -0.032582 -0.038002 -0.149043 -0.173839 0.403688 0.860729 0.485084 1.107446 0.182938 0.862044
0.289472 0.306124 -0.398146 -0.558289 -0.026829 -0.038002 -0.122729 -0.173839 0.421314 0.813349 -0.063770 -0.294097 0.162219 0.956059
0.315789 0.306124 -0.312768 -0.558289 -0.021076 -0.038002 -0.096412 -0.173839 0.439812 0.769857 0.503582 1.063954 0.143345 1.064427
0.368421 0.306124 -0.142027 -0.558289 -0.009571 -0.038002 -0.043780 -0.173839 0.479005 0.693304 -0.024578 -0.370649 0.114757 1.324084
0.368421 0.285714 -0.142027 -0.623835 -0.009571 -0.042464 -0.043780 -0.194249 0.466226 0.659628 0.490803 1.030277 0.133850 1.349119
0.394739 0.265307 -0.056649 -0.689371 -0.003817 -0.046925 -0.017462 -0.214656 0.475612 0.591760 -0.015191 -0.438517 0.147928 1.489625
0.421053 0.244898 0.028715 -0.754917 0.001935 -0.051387 0.008851 -0.235065 0.487094 0.526804 0.502285 0.965321 0.167538 -1.533159
0.447370 0.224491 0.114092 -0.820453 0.007688 -0.055848 0.035169 -0.255472 0.500536 0.465088 -0.001749 -0.500233 0.190976 -1.433992
0.447370 0.204081 0.114092 -0.885999 0.007688 -0.060309 0.035169 -0.275882 0.491721 0.427981 0.493470 0.928215 0.211070 -1.444001
0.473684 0.163265 0.199457 -1.017082 0.013441 -0.069232 0.061483 -0.316698 0.501031 0.331919 0.007561 -0.596295 0.256416 -1.379044
0.473684 0.142855 0.199457 -1.082628 0.013441 -0.073694 0.061483 -0.337107 0.494757 0.292909 0.487195 0.889204 0.276274 -1.390395
0.473684 0.102039 0.199457 -1.213710 0.013441 -0.082617 0.061483 -0.377924 0.484550 0.212174 -0.002645 -0.677031 0.316197 -1.409523
0.473684 0.081633 0.199457 -1.279246 0.013441 -0.087078 0.061483 -0.398330 0.480667 0.170659 0.483312 0.847690 0.336238 -1.417653
0.473684 0.040816 0.199457 -1.410328 0.013441 -0.096000 0.061483 -0.439147 0.475439 0.085955 -0.007873 -0.761734 0.376440 -1.431695
0.473684 0.020407 0.199457 -1.475874 0.013441 -0.100462 0.061483 -0.459556 0.474124 0.043054 0.481996 0.804788 0.396589 -1.437798
0.473684 0.000000 0.199457 -1.541411 0.013441 -0.104923 0.061483 -0.479963 0.473684 0.000000 -0.008312 -0.804788 0.416761 -1.443391
