0.129032 0.632654 -0.886261 0.228450 -0.069576 0.016475 -0.306994 0.072691 0.645678 1.369602 0.645678 1.369602 0.364565 -0.232501
0.096772 0.653060 -0.979393 0.292583 -0.076888 0.021099 -0.339254 0.093098 0.660191 1.423685 0.014513 0.054083 0.402737 -0.267826
0.096772 0.673470 -0.979393 0.356725 -0.076888 0.025725 -0.339254 0.113507 0.680387 1.428082 0.665874 1.373999 0.414093 -0.322871
0.064516 0.734693 -1.072512 0.549134 -0.084198 0.039600 -0.371510 0.174730 0.737520 1.483207 0.071646 0.109208 0.476678 -0.439627
0.064516 0.755102 -1.072512 0.613276 -0.084198 0.044226 -0.371510 0.195140 0.757854 1.485563 0.686207 1.376355 0.489724 -0.483652
0.032256 0.795919 -1.165645 0.741552 -0.091510 0.053477 -0.403770 0.235956 0.796572 1.530292 0.110365 0.153937 0.540882 -0.528857
0.032256 0.816325 -1.165645 0.805685 -0.091510 0.058102 -0.403770 0.256363 0.816962 1.531304 0.706597 1.377367 0.554669 -0.565703
0.032256 0.857142 -1.165645 0.933960 -0.091510 0.067352 -0.403770 0.297179 0.857748 1.533183 0.151151 0.155816 0.583411 -0.634487
0.032256 0.897958 -1.165645 1.062235 -0.091510 0.076603 -0.403770 0.337995 0.898537 1.534891 0.747386 1.379075 0.613524 -0.696956
0.032256 0.918367 -1.165645 1.126378 -0.091510 0.081228 -0.403770 0.358405 0.918934 1.535688 0.171548 0.156613 0.629034 -0.725947
0.064516 0.938774 -1.072512 1.190511 -0.084198 0.085853 -0.371510 0.378812 0.940988 1.502181 0.769441 1.345567 0.625120 -0.795129
0.064516 0.959184 -1.072512 1.254653 -0.084198 0.090479 -0.371510 0.399221 0.961351 1.503636 0.191910 0.158069 0.641649 -0.821337
0.096772 0.979590 -0.979393 1.318786 -0.076888 0.095104 -0.339254 0.419628 0.984359 1.472328 0.792448 1.314259 0.640746 -0.890915
0.129032 1.000000 -0.886261 1.382929 -0.069576 0.099729 -0.306994 0.440037 1.008290 1.442473 0.215842 0.128214 0.642115 -0.961647
0.193548 1.000000 -0.700010 1.382929 -0.054955 0.099729 -0.242478 0.440037 1.018558 1.379612 0.802716 1.251398 0.613891 -1.067156
0.225803 1.000000 -0.606891 1.382929 -0.047644 0.099729 -0.210222 0.440037 1.025177 1.348717 0.222460 0.097319 0.601881 -1.125117
0.258064 1.000000 -0.513758 1.382929 -0.040333 0.099729 -0.177962 0.440037 1.032762 1.318243 0.810301 1.220923 0.591386 -1.186482
0.322580 0.979590 -0.327507 1.318786 -0.025711 0.095104 -0.113446 0.419628 1.031336 1.252679 0.221035 0.031756 0.555277 -1.306759
0.354835 0.959184 -0.234389 1.254653 -0.018401 0.090479 -0.081190 0.399221 1.022713 1.216474 0.801678 1.184718 0.529421 -1.370161
0.387096 0.938774 -0.141256 1.190511 -0.011089 0.085853 -0.048930 0.378812 1.015451 1.179696 0.213773 -0.005022 0.505124 -1.442341
0.387096 0.897958 -0.141256 1.062235 -0.011089 0.076603 -0.048930 0.337995 0.977840 1.163783 0.764067 1.168805 0.464516 -1.427030
0.387096 0.877551 -0.141256 0.998102 -0.011089 0.071978 -0.048930 0.317589 0.959135 1.155361 0.195067 -0.013444 0.444228 -1.417931
0.387096 0.836735 -0.141256 0.869827 -0.011089 0.062727 -0.048930 0.276772 0.921937 1.137492 0.726870 1.150936 0.403685 -1.395817
0.387096 0.755102 -0.141256 0.613276 -0.011089 0.044226 -0.048930 0.195140 0.848542 1.097088 0.121671 -0.053849 0.322806 -1.325118
0.387096 0.734693 -0.141256 0.549134 -0.011089 0.039600 -0.048930 0.174730 0.830432 1.085876 0.708760 1.139724 0.302648 -1.297758
0.387096 0.714286 -0.141256 0.485001 -0.011089 0.034976 -0.048930 0.154324 0.812433 1.074167 0.103673 -0.065557 0.282530 -1.263762
0.387096 0.693876 -0.141256 0.420858 -0.011089 0.030350 -0.048930 0.133914 0.794549 1.061928 0.690876 1.127485 0.262452 -1.220483
0.387096 0.673470 -0.141256 0.356725 -0.011089 0.025725 -0.048930 0.113507 0.776791 1.049129 0.085916 -0.078356 0.242433 -1.163793
0.387096 0.693876 -0.141256 0.420858 -0.011089 0.030350 -0.048930 0.133914 0.794549 1.061928 0.708633 1.140284 0.262452 -1.220483
0.387096 0.714286 -0.141256 0.485001 -0.011089 0.034976 -0.048930 0.154324 0.812433 1.074167 0.103800 -0.066117 0.282530 -1.263762
0.387096 0.734693 -0.141256 0.549134 -0.011089 0.039600 -0.048930 0.174730 0.830432 1.085876 0.726631 1.151993 0.302648 -1.297758
0.419351 0.755102 -0.048137 0.613276 -0.003779 0.044226 -0.016674 0.195140 0.863733 1.063850 0.137102 -0.088143 0.319512 -1.485555
0.451612 0.775509 0.044995 0.677409 0.003532 0.048851 0.015586 0.215546 0.897423 1.043462 0.760321 1.131605 0.339841 1.498613
0.483867 0.816325 0.138114 0.805685 0.010843 0.058102 0.047842 0.256363 0.948954 1.035733 0.188634 -0.095871 0.383297 1.386302
0.516128 0.836735 0.231246 0.869827 0.018154 0.062727 0.080102 0.276772 0.983114 1.018090 0.794480 1.113961 0.408637 1.289079
0.548383 0.857142 0.324365 0.933960 0.025464 0.067352 0.112358 0.297179 1.017554 1.001638 0.223074 -0.112323 0.435847 1.209328
0.580644 0.877551 0.417498 0.998102 0.032776 0.071978 0.144618 0.317589 1.052256 0.986265 0.829183 1.098588 0.464606 1.143492
0.645160 0.897958 0.603749 1.062235 0.047398 0.076603 0.209134 0.337995 1.105694 0.947779 0.276511 -0.150809 0.507068 1.016705
0.677415 0.918367 0.696867 1.126378 0.054708 0.081228 0.241389 0.358405 1.141179 0.935259 0.864668 1.086069 0.539372 0.978071
0.741931 0.918367 0.883119 1.126378 0.069330 0.081228 0.305905 0.358405 1.180619 0.891269 0.315951 -0.194800 0.571167 0.864263
0.774192 0.938774 0.976251 1.190511 0.076641 0.085853 0.338166 0.378812 1.216828 0.881185 0.900877 1.075985 0.605898 0.842028
0.806447 0.938774 1.069370 1.190511 0.083952 0.085853 0.370421 0.378812 1.237600 0.861076 0.336723 -0.214909 0.624474 0.796596
0.870963 0.938774 1.255621 1.190511 0.098573 0.085853 0.434937 0.378812 1.280576 0.822851 0.943852 1.037759 0.664775 0.716535
0.903224 0.918367 1.348754 1.126378 0.105885 0.081228 0.467198 0.358405 1.288104 0.793712 0.344252 -0.244048 0.671511 0.654379
0.935479 0.918367 1.441872 1.126378 0.113195 0.081228 0.499453 0.358405 1.310923 0.776168 0.966672 1.020216 0.694339 0.622437
0.967740 0.897958 1.535005 1.062235 0.120507 0.076603 0.531714 0.337995 1.320170 0.748013 0.353498 -0.272203 0.704344 0.566236
0.967740 0.857142 1.535005 0.933960 0.120507 0.067352 0.531714 0.297179 1.292753 0.724867 0.939255 0.997070 0.678276 0.509656
1.000000 0.816325 1.628137 0.805685 0.127818 0.058102 0.563974 0.256363 1.290886 0.684616 0.351631 -0.312453 0.680217 0.426643
1.000000 0.734693 1.628137 0.549134 0.127818 0.039600 0.563974 0.174730 1.240876 0.633632 0.889245 0.946085 0.638176 0.300441
1.000000 0.673470 1.628137 0.356725 0.127818 0.025725 0.563974 0.113507 1.205637 0.592698 0.316392 -0.353388 0.611920 0.198610
1.000000 0.612244 1.628137 0.164308 0.127818 0.011849 0.563974 0.052281 1.172537 0.549374 0.856145 0.902761 0.590864 0.092438
1.000000 0.489795 1.628137 -0.220519 0.127818 -0.015903 0.563974 -0.070167 1.113508 0.455450 0.257363 -0.447311 0.566532 -0.123780
1.000000 0.448979 1.628137 -0.348794 0.127818 -0.025153 0.563974 -0.110984 1.096167 0.422004 0.838804 0.869315 0.564123 -0.194306
1.000000 0.387753 1.628137 -0.541212 0.127818 -0.039029 0.563974 -0.172210 1.072545 0.369904 0.233741 -0.499411 0.566036 -0.296358
0.967740 0.285714 1.535005 -0.861896 0.120507 -0.062155 0.531714 -0.274249 1.009035 0.287083 0.775295 0.786494 0.552552 -0.476194
0.935479 0.244898 1.441872 -0.990171 0.113195 -0.071406 0.499453 -0.315065 0.967004 0.256042 0.191709 -0.530451 0.534774 -0.562773
0.903224 0.204081 1.348754 -1.118447 0.105885 -0.080656 0.467198 -0.355881 0.925992 0.222216 0.734283 0.752668 0.521605 -0.650970
0.870963 0.163265 1.255621 -1.246722 0.098573 -0.089907 0.434937 -0.396697 0.886133 0.185303 0.151850 -0.567365 0.513390 -0.739449
0.806447 0.102039 1.069370 -1.439140 0.083952 -0.103783 0.370421 -0.457923 0.812877 0.125860 0.661027 0.693225 0.498758 -0.890643
0.741931 0.081633 0.883119 -1.503273 0.069330 -0.108408 0.305905 -0.478330 0.746409 0.109586 0.085382 -0.583639 0.468159 -1.001818
0.645160 0.040816 0.603749 -1.631548 0.047398 -0.117658 0.209134 -0.519146 0.646450 0.063181 0.561068 0.646820 0.447133 -1.187842
0.580644 0.040816 0.417498 -1.631548 0.032776 -0.117658 0.144618 -0.519146 0.582077 0.070179 0.021009 -0.576641 0.420838 -1.299115
0.516128 0.020407 0.231246 -1.695691 0.018154 -0.122284 0.080102 -0.539556 0.516531 0.039517 0.495522 0.616158 0.423268 -1.423414
0.387096 0.020407 -0.141256 -1.695691 -0.011089 -0.122284 -0.048930 -0.539556 0.387633 0.052668 -0.107889 -0.563489 0.418490 1.480358
0.322580 0.020407 -0.327507 -1.695691 -0.025711 -0.122284 -0.113446 -0.539556 0.323225 0.063176 0.431114 0.626666 0.430824 1.363557
0.193548 0.040816 -0.700010 -1.631548 -0.054955 -0.117658 -0.242478 -0.519146 0.197805 0.207839 -0.233309 -0.418827 0.463666 1.133838
0.161287 0.061223 -0.793142 -1.567415 -0.062266 -0.113033 -0.274738 -0.498740 0.172516 0.362787 0.405825 0.781614 0.464713 1.067289
0.064516 0.081633 -1.072512 -1.503273 -0.084198 -0.108408 -0.371510 -0.478330 0.104049 0.901985 -0.301776 0.120371 0.513434 0.910437
0.032256 0.102039 -1.165645 -1.439140 -0.091510 -0.103783 -0.403770 -0.457923 0.107016 1.264626 0.408792 1.144256 0.524001 0.848161
0.000000 0.142855 -1.258763 -1.310865 -0.098820 -0.094532 -0.436026 -0.417107 0.142855 1.570796 -0.265937 0.426541 0.525421 0.763226
0.000000 0.183672 -1.258763 -1.182589 -0.098820 -0.085282 -0.436026 -0.376291 0.183672 1.570796 0.449608 1.144256 0.503787 0.711994
0.000000 0.224488 -1.258763 -1.054314 -0.098820 -0.076031 -0.436026 -0.335475 0.224488 1.570796 -0.225121 0.426541 0.484631 0.655797
0.000000 0.285714 -1.258763 -0.861896 -0.098820 -0.062155 -0.436026 -0.274249 0.285714 1.570796 0.510834 1.144256 0.461207 0.561452
0.032256 0.306120 -1.165645 -0.797763 -0.091510 -0.057530 -0.403770 -0.253842 0.307815 1.465815 -0.203019 0.321559 0.424153 0.561241
0.129032 0.346937 -0.886261 -0.669487 -0.069576 -0.048280 -0.306994 -0.213026 0.370154 1.214731 0.573174 0.893171 0.319659 0.606626
0.161287 0.367346 -0.793142 -0.605345 -0.062266 -0.043654 -0.274738 -0.192616 0.401194 1.157076 -0.171979 0.263905 0.283193 0.611457
0.193548 0.367346 -0.700010 -0.605345 -0.054955 -0.043654 -0.242478 -0.192616 0.415216 1.085876 0.587195 0.821971 0.252017 0.671296
0.258064 0.367346 -0.513758 -0.605345 -0.040333 -0.043654 -0.177962 -0.192616 0.448932 0.958389 -0.138263 0.136418 0.190755 0.824922
0.354835 0.346937 -0.234389 -0.669487 -0.018401 -0.048280 -0.081190 -0.213026 0.496259 0.774143 0.634522 0.637725 0.120535 1.206663
0.387096 0.326530 -0.141256 -0.733620 -0.011089 -0.052905 -0.048930 -0.233432 0.506424 0.700731 -0.128098 0.063006 0.119931 1.364177
0.419351 0.265304 -0.048137 -0.926038 -0.003779 -0.066781 -0.016674 -0.294658 0.496228 0.564084 0.624326 0.501078 0.171534 1.514268
0.451612 0.224488 0.044995 -1.054314 0.003532 -0.076031 0.015586 -0.335475 0.504329 0.461310 -0.119996 -0.039768 0.212111 -1.524370
0.451612 0.183672 0.044995 -1.182589 0.003532 -0.085282 0.015586 -0.376291 0.487533 0.386271 0.607529 0.426039 0.252835 -1.529400
0.451612 0.122449 0.044995 -1.374997 0.003532 -0.099157 0.015586 -0.437514 0.467918 0.264772 -0.139612 -0.161268 0.313964 -1.535187
0.451612 0.102039 0.044995 -1.439140 0.003532 -0.103783 0.015586 -0.457923 0.462996 0.222213 0.602608 0.383481 0.334350 -1.536773
0.419351 0.061223 -0.048137 -1.567415 -0.003779 -0.113033 -0.016674 -0.498740 0.423797 0.144970 -0.178811 -0.238511 0.375174 1.537376
0.419351 0.040816 -0.048137 -1.631548 -0.003779 -0.117658 -0.016674 -0.519146 0.421333 0.097026 0.600144 0.335537 0.395561 1.538688
0.419351 0.020407 -0.048137 -1.695691 -0.003779 -0.122284 -0.016674 -0.539556 0.419848 0.048624 -0.180296 -0.286913 0.415954 1.539902
0.419351 0.000000 -0.048137 -1.759824 -0.003779 -0.126909 -0.016674 -0.559963 0.419351 0.000000 0.599648 0.286913 0.436345 1.541027
