0.038459 0.444449 -1.228746 -0.317036 -0.127161 -0.030558 -0.426097 -0.102394 0.446110 1.484480 0.446110 1.484480 0.426571 0.235834
0.038459 0.481483 -1.228746 -0.202369 -0.127161 -0.019505 -0.426097 -0.065360 0.483016 1.491090 0.036907 0.006610 0.426433 0.152205
0.000000 0.555557 -1.339650 0.026982 -0.138638 0.002601 -0.464556 0.008714 0.555557 1.570796 0.518650 1.564186 0.473385 -0.018756
0.000000 0.629631 -1.339650 0.256332 -0.138638 0.024707 -0.464556 0.082788 0.629631 1.570796 0.110981 0.006610 0.493013 -0.176358
0.000000 0.703705 -1.339650 0.485683 -0.138638 0.046813 -0.464556 0.156862 0.703705 1.570796 0.592724 1.564186 0.522498 -0.325640
0.000000 0.777778 -1.339650 0.715034 -0.138638 0.068919 -0.464556 0.230936 0.777778 1.570796 0.185055 0.006610 0.560286 -0.461334
0.000000 0.851852 -1.339650 0.944385 -0.138638 0.091025 -0.464556 0.305010 0.851852 1.570796 0.666798 1.564186 0.604823 -0.580975
0.038459 0.888892 -1.228746 1.059069 -0.127161 0.102079 -0.426097 0.342050 0.889724 1.527557 0.222926 -0.036629 0.601348 -0.676416
0.038459 0.925926 -1.228746 1.173735 -0.127161 0.113131 -0.426097 0.379084 0.926724 1.529285 0.703799 1.565914 0.628030 -0.727076
0.076923 0.925926 -1.117825 1.173735 -0.115682 0.113131 -0.387632 0.379084 0.929116 1.487910 0.225317 -0.078004 0.602596 -0.774249
0.115382 0.925926 -1.006921 1.173735 -0.104205 0.113131 -0.349174 0.379084 0.933087 1.446823 0.707770 1.524827 0.578606 -0.826446
0.153846 0.888892 -0.896000 1.059069 -0.092726 0.102079 -0.310709 0.342050 0.902107 1.399418 0.194337 -0.125409 0.525929 -0.833373
0.153846 0.851852 -0.896000 0.944385 -0.092726 0.091025 -0.310709 0.305010 0.865633 1.392120 0.671296 1.517530 0.496527 -0.776142
0.192305 0.814818 -0.785096 0.829718 -0.081248 0.079973 -0.272251 0.267976 0.837204 1.339028 0.165907 -0.178502 0.443626 -0.777485
0.230769 0.777778 -0.674175 0.715034 -0.069769 0.068919 -0.233786 0.230936 0.811291 1.282367 0.645384 1.460869 0.390851 -0.779265
0.230769 0.740744 -0.674175 0.600367 -0.069769 0.057867 -0.233786 0.193902 0.775859 1.268789 0.130475 -0.192080 0.361851 -0.692411
0.269228 0.740744 -0.563271 0.600367 -0.058292 0.057867 -0.195328 0.193902 0.788153 1.222185 0.657679 1.414265 0.338280 -0.781735
0.307692 0.740744 -0.452350 0.600367 -0.046813 0.057867 -0.156863 0.193902 0.802108 1.177100 0.144429 -0.237165 0.317626 -0.890602
0.307692 0.777778 -0.452350 0.715034 -0.046813 0.068919 -0.156863 0.230936 0.836429 1.194085 0.692000 1.431250 0.350306 -0.974133
0.346157 0.814818 -0.341429 0.829718 -0.035334 0.079973 -0.118399 0.267976 0.885298 1.169072 0.193298 -0.262178 0.369733 -1.154760
0.384615 0.888892 -0.230525 1.059069 -0.023857 0.102079 -0.079940 0.342050 0.968534 1.162430 0.775236 1.424607 0.431801 -1.341208
0.423080 0.925926 -0.119604 1.173735 -0.012378 0.113131 -0.041476 0.379084 1.018006 1.142198 0.242770 -0.282410 0.463231 -1.461819
0.461538 0.962966 -0.008700 1.288419 -0.000900 0.124185 -0.003017 0.416123 1.067858 1.123855 0.825088 1.406265 0.498419 -1.563546
0.500003 1.000000 0.102221 1.403086 0.010579 0.135237 0.035447 0.453158 1.118035 1.107146 0.292947 -0.299118 0.536617 1.492732
0.576926 1.000000 0.324046 1.403086 0.033535 0.135237 0.112370 0.453158 1.154488 1.047516 0.861541 1.346634 0.547109 1.327727
0.615385 1.000000 0.434950 1.403086 0.045012 0.135237 0.150829 0.453158 1.174180 1.019141 0.312638 -0.327493 0.556283 1.249490
0.692308 0.962966 0.656775 1.288419 0.067969 0.124185 0.227752 0.416123 1.185999 0.947477 0.873360 1.274969 0.547982 1.070014
0.769231 0.888892 0.878600 1.059069 0.090925 0.102079 0.304675 0.342050 1.175519 0.857440 0.302159 -0.417529 0.522387 0.843124
0.884618 0.740744 1.211346 0.600367 0.125360 0.057867 0.420063 0.193902 1.153799 0.697110 0.851640 1.114639 0.502726 0.432460
0.961541 0.629631 1.433171 0.256332 0.148317 0.024707 0.496986 0.082788 1.149346 0.579752 0.297706 -0.534888 0.523684 0.165065
1.000000 0.518523 1.544075 -0.087685 0.159794 -0.008452 0.535444 -0.028320 1.126439 0.478356 0.828733 1.013243 0.538157 -0.052841
1.000000 0.407409 1.544075 -0.431720 0.159794 -0.041611 0.535444 -0.139433 1.079807 0.386877 0.251073 -0.626366 0.538485 -0.254749
1.000000 0.296301 1.544075 -0.775737 0.159794 -0.074770 0.535444 -0.250541 1.042974 0.288060 0.791901 0.914426 0.561258 -0.437650
0.961541 0.148148 1.433171 -1.234456 0.148317 -0.118983 0.496986 -0.398695 0.972887 0.152871 0.180986 -0.761555 0.589159 -0.676096
0.884618 0.074074 1.211346 -1.463806 0.125360 -0.141089 0.420063 -0.472769 0.887714 0.083541 0.706728 0.845095 0.573523 -0.844362
0.807695 0.000000 0.989521 -1.693157 0.102404 -0.163195 0.343140 -0.546842 0.807695 0.000000 0.100968 -0.845095 0.577544 -1.010406
0.730772 0.000000 0.767696 -1.693157 0.079448 -0.163195 0.266217 -0.546842 0.730772 0.000000 0.629805 0.845095 0.535428 -1.117744
0.615385 0.000000 0.434950 -1.693157 0.045012 -0.163195 0.150829 -0.546842 0.615385 0.000000 -0.014420 -0.845095 0.488427 -1.301670
0.538462 0.000000 0.213125 -1.693157 0.022056 -0.163195 0.073906 -0.546842 0.538462 0.000000 0.552882 0.845095 0.470398 -1.436460
0.461538 0.074074 -0.008700 -1.463806 -0.000900 -0.141089 -0.003017 -0.472769 0.467445 0.159136 -0.085437 -0.685959 0.390493 1.564415
0.461538 0.111114 -0.008700 -1.349122 -0.000900 -0.130036 -0.003017 -0.435729 0.474725 0.236250 0.560162 0.922209 0.353455 1.563872
0.461538 0.148148 -0.008700 -1.234456 -0.000900 -0.118983 -0.003017 -0.398695 0.484732 0.310598 -0.075429 -0.611612 0.316422 1.563229
0.461538 0.222222 -0.008700 -1.005105 -0.000900 -0.096877 -0.003017 -0.324621 0.512250 0.448722 0.587680 1.060334 0.242353 1.561503
0.500003 0.259261 0.102221 -0.890421 0.010579 -0.085824 0.035447 -0.287581 0.563222 0.478353 -0.024457 -0.581981 0.208332 -1.448154
0.538462 0.259261 0.213125 -0.890421 0.022056 -0.085824 0.073906 -0.287581 0.597626 0.448726 0.622084 1.030707 0.218192 -1.319248
0.576926 0.259261 0.324046 -0.890421 0.033535 -0.085824 0.112370 -0.287581 0.632503 0.422342 0.010419 -0.608365 0.234036 -1.198295
0.653849 0.259261 0.545871 -0.890421 0.056491 -0.085824 0.189294 -0.287581 0.703374 0.377499 0.692955 0.985864 0.279245 -0.988660
0.692308 0.222222 0.656775 -1.005105 0.067969 -0.096877 0.227752 -0.324621 0.727099 0.310598 0.034144 -0.675267 0.332561 -0.959001
0.807695 0.148148 0.989521 -1.234456 0.102404 -0.118983 0.343140 -0.398695 0.821169 0.181404 0.787026 0.856671 0.466753 -0.860147
0.846154 0.111114 1.100425 -1.349122 0.113881 -0.130036 0.381598 -0.435729 0.853418 0.130569 0.066393 -0.726102 0.520133 -0.851530
0.884618 0.111114 1.211346 -1.349122 0.125360 -0.130036 0.420063 -0.435729 0.891569 0.124952 0.825177 0.851053 0.548975 -0.803702
