0.000000 0.500002 -1.351092 -0.116003 -0.155518 -0.011604 -0.439934 -0.032826 0.500002 1.570796 0.500002 1.570796 0.444016 0.074478
0.000000 0.527778 -1.351092 -0.017848 -0.155518 -0.001785 -0.439934 -0.005051 0.527778 1.570796 0.027776 0.000000 0.448619 0.011480
0.035717 0.611113 -1.241401 0.276646 -0.142892 0.027674 -0.404217 0.078284 0.612156 1.512417 0.584380 1.512417 0.438969 -0.191301
0.071428 0.666668 -1.131727 0.472970 -0.130268 0.047313 -0.368506 0.133840 0.670484 1.464061 0.086104 -0.048356 0.432672 -0.348382
0.071428 0.749999 -1.131727 0.767449 -0.130268 0.076770 -0.368506 0.217171 0.753393 1.475845 0.667289 1.524201 0.481598 -0.532535
0.107145 0.805554 -1.022037 0.963774 -0.117642 0.096409 -0.332789 0.272726 0.812649 1.438565 0.145360 -0.085636 0.494395 -0.686528
0.107145 0.833334 -1.022037 1.061944 -0.117642 0.106229 -0.332789 0.300506 0.840194 1.442924 0.694834 1.528560 0.515279 -0.734465
0.142856 0.861110 -0.912363 1.160098 -0.105018 0.116048 -0.297078 0.328281 0.872879 1.406396 0.178045 -0.122164 0.515407 -0.835253
0.178573 0.861110 -0.802672 1.160098 -0.092392 0.116048 -0.261361 0.328281 0.879431 1.366319 0.701386 1.488483 0.495680 -0.898407
0.214285 0.833334 -0.692998 1.061944 -0.079768 0.106229 -0.225650 0.300506 0.860444 1.319108 0.159058 -0.169376 0.453521 -0.926719
0.250001 0.805554 -0.583307 0.963774 -0.067142 0.096409 -0.189933 0.272726 0.843456 1.269874 0.684398 1.439250 0.412010 -0.962474
0.321430 0.749999 -0.363943 0.767449 -0.041892 0.076770 -0.118505 0.217171 0.815975 1.165903 0.131577 -0.273347 0.331939 -1.071279
0.357141 0.694444 -0.254269 0.571125 -0.029268 0.057131 -0.082793 0.161615 0.780898 1.095787 0.649321 1.369134 0.267637 -1.097368
0.357141 0.638888 -0.254269 0.374801 -0.029268 0.037492 -0.082793 0.106060 0.731934 1.061067 0.082613 -0.308067 0.215493 -0.907980
0.392858 0.611113 -0.144578 0.276646 -0.016642 0.027674 -0.047077 0.078284 0.726496 0.999459 0.643882 1.307527 0.177534 -1.029383
0.392858 0.666668 -0.144578 0.472970 -0.016642 0.047313 -0.047077 0.133840 0.773811 1.038293 0.129929 -0.269234 0.231569 -1.232574
0.392858 0.749999 -0.144578 0.767449 -0.016642 0.076770 -0.047077 0.217171 0.846661 1.088282 0.716733 1.357516 0.313618 -1.357327
0.428569 0.833334 -0.034904 1.061944 -0.004018 0.106229 -0.011365 0.300506 0.937079 1.095788 0.220346 -0.261728 0.393564 -1.532994
0.464286 0.916665 0.074787 1.356423 0.008608 0.135687 0.024352 0.383837 1.027539 1.101966 0.807193 1.363694 0.477352 1.507439
0.499997 0.972220 0.184461 1.552747 0.021232 0.155326 0.060063 0.439392 1.093256 1.095787 0.286064 -0.267907 0.535664 1.434943
0.571425 1.000000 0.403826 1.650917 0.046482 0.165146 0.131491 0.467172 1.151750 1.051653 0.865686 1.319560 0.575294 1.296432
0.642854 1.000000 0.623190 1.650917 0.071732 0.165146 0.202919 0.467172 1.188806 0.999461 0.323121 -0.320099 0.595693 1.161027
0.749999 0.972220 0.952246 1.552747 0.109608 0.155326 0.310064 0.439392 1.227889 0.913721 0.904768 1.233820 0.616010 0.956277
0.821427 0.888889 1.171610 1.258268 0.134858 0.125868 0.381493 0.356061 1.210317 0.824822 0.305549 -0.408998 0.589150 0.750931
0.892855 0.805554 1.390975 0.963774 0.160108 0.096409 0.452921 0.272726 1.202542 0.734042 0.896993 1.143040 0.582078 0.541998
0.964283 0.694444 1.610340 0.571125 0.185358 0.057131 0.524349 0.161615 1.188316 0.624132 0.291322 -0.518908 0.582852 0.298982
1.000000 0.472222 1.720030 -0.214173 0.197984 -0.021424 0.560066 -0.060606 1.105891 0.441180 0.814568 0.960087 0.560996 -0.107793
0.964283 0.361112 1.610340 -0.606822 0.185358 -0.060702 0.524349 -0.171717 1.029681 0.358321 0.215113 -0.601766 0.530240 -0.316478
0.892855 0.250001 1.390975 -0.999471 0.160108 -0.099980 0.452921 -0.282827 0.927195 0.273010 0.712082 0.874777 0.491133 -0.558205
0.785710 0.166666 1.061920 -1.293965 0.122232 -0.129439 0.345776 -0.366162 0.803192 0.209023 0.091110 -0.665753 0.440723 -0.814026
0.714282 0.083335 0.842555 -1.588444 0.096982 -0.158897 0.274348 -0.449493 0.719127 0.116145 0.628016 0.781898 0.449922 -1.022802
0.607142 0.055555 0.513516 -1.686614 0.059108 -0.168717 0.167208 -0.477273 0.609679 0.091249 -0.018338 -0.690649 0.419173 -1.233818
0.392858 0.055555 -0.144578 -1.686614 -0.016642 -0.168717 -0.047077 -0.477273 0.396766 0.140482 0.415104 0.831131 0.387251 1.472478
0.321430 0.111111 -0.363943 -1.490289 -0.041892 -0.149078 -0.118505 -0.421718 0.340092 0.332818 -0.075012 -0.498313 0.349526 1.296856
0.285713 0.138890 -0.473633 -1.392120 -0.054518 -0.139258 -0.154222 -0.393938 0.317683 0.452481 0.392695 0.950794 0.338248 1.197650
0.250001 0.166666 -0.583307 -1.293965 -0.067142 -0.129439 -0.189933 -0.366162 0.300463 0.587998 -0.092232 -0.362796 0.332791 1.092291
0.250001 0.194446 -0.583307 -1.195795 -0.067142 -0.119619 -0.189933 -0.338383 0.316717 0.661044 0.408949 1.023840 0.310385 1.059322
0.250001 0.222221 -0.583307 -1.097640 -0.067142 -0.109800 -0.189933 -0.310607 0.334489 0.726638 -0.074460 -0.297202 0.288918 1.021971
0.321430 0.250001 -0.363943 -0.999471 -0.041892 -0.099980 -0.118505 -0.282827 0.407207 0.661044 0.481667 0.958246 0.223871 1.174018
0.428569 0.250001 -0.034904 -0.999471 -0.004018 -0.099980 -0.011365 -0.282827 0.496157 0.528079 0.014491 -0.430167 0.190273 1.530634
0.499997 0.194446 0.184461 -1.195795 0.021232 -0.119619 0.060063 -0.338383 0.536476 0.370895 0.521985 0.801063 0.252729 -1.395126
0.571425 0.138890 0.403826 -1.392120 0.046482 -0.139258 0.131491 -0.393938 0.588063 0.238436 0.066077 -0.562627 0.328508 -1.248638
0.642854 0.083335 0.623190 -1.588444 0.071732 -0.158897 0.202919 -0.449493 0.648233 0.128914 0.582155 0.691541 0.410292 -1.146745
0.749999 0.000000 0.952246 -1.882938 0.109608 -0.188356 0.310064 -0.532828 0.749999 0.000000 0.167843 -0.691541 0.538221 -1.043776
