0.032260 0.589741 -1.229289 0.120598 -0.132500 0.011852 -0.418010 0.037391 0.590622 1.516148 0.590622 1.516148 0.440663 -0.089213
0.032260 0.615383 -1.229289 0.203304 -0.132500 0.019980 -0.418010 0.063034 0.616228 1.518421 0.025606 0.002273 0.449438 -0.149668
0.032260 0.641022 -1.229289 0.285997 -0.132500 0.028108 -0.418010 0.088673 0.641834 1.520512 0.616228 1.518239 0.459476 -0.209033
0.032260 0.692308 -1.229289 0.451409 -0.132500 0.044364 -0.418010 0.139959 0.693060 1.524232 0.076832 0.005992 0.483026 -0.323090
0.000000 0.743590 -1.324161 0.616809 -0.142726 0.060619 -0.450270 0.191241 0.743590 1.570796 0.666758 1.564804 0.537382 -0.401638
0.000000 0.820511 -1.324161 0.864902 -0.142726 0.085002 -0.450270 0.268162 0.820511 1.570796 0.153753 0.005992 0.582942 -0.537147
0.032260 0.923075 -1.229289 1.195701 -0.132500 0.117512 -0.418010 0.370726 0.923639 1.535862 0.769886 1.529869 0.631092 -0.725521
0.032260 0.948718 -1.229289 1.278406 -0.132500 0.125641 -0.418010 0.396369 0.949266 1.536805 0.179381 0.006936 0.650525 -0.758831
0.096776 0.974357 -1.039559 1.361100 -0.112050 0.133768 -0.353494 0.422008 0.979151 1.471798 0.799771 1.464862 0.632159 -0.873518
0.129032 1.000000 -0.944702 1.443806 -0.101826 0.141896 -0.321238 0.447651 1.008290 1.442473 0.208520 -0.022388 0.636708 -0.948350
0.225808 1.000000 -0.660100 1.443806 -0.071150 0.141896 -0.224462 0.447651 1.025178 1.348713 0.816658 1.371101 0.593790 -1.106012
0.322580 0.897436 -0.375513 1.113007 -0.040475 0.109385 -0.127690 0.345087 0.953651 1.225731 0.136992 -0.145370 0.465040 -1.216396
0.322580 0.846154 -0.375513 0.947608 -0.040475 0.093130 -0.127690 0.293805 0.905558 1.206574 0.768565 1.351944 0.415968 -1.160815
0.354840 0.769229 -0.280641 0.699502 -0.030249 0.068746 -0.095430 0.216880 0.847128 1.138591 0.078562 -0.213354 0.332929 -1.156280
0.387096 0.717947 -0.185783 0.534103 -0.020025 0.052491 -0.063174 0.165598 0.815654 1.076306 0.737092 1.289659 0.275031 -1.206347
0.387096 0.692308 -0.185783 0.451409 -0.020025 0.044364 -0.063174 0.139959 0.793180 1.060965 0.056088 -0.228695 0.250147 -1.146799
0.387096 0.717947 -0.185783 0.534103 -0.020025 0.052491 -0.063174 0.165598 0.815654 1.076306 0.759566 1.305000 0.275031 -1.206347
0.419356 0.769229 -0.090911 0.699502 -0.009799 0.068746 -0.030914 0.216880 0.876113 1.071673 0.116547 -0.233327 0.320454 -1.429212
0.419356 0.846154 -0.090911 0.947608 -0.009799 0.093130 -0.030914 0.293805 0.944371 1.110673 0.827824 1.344000 0.397089 -1.465964
0.483872 0.923075 0.098818 1.195701 0.010651 0.117512 0.033602 0.370726 1.042209 1.087980 0.214385 -0.256020 0.473998 1.480404
0.548388 0.974357 0.288548 1.361100 0.031101 0.133768 0.098118 0.422008 1.118079 1.058163 0.903694 1.314183 0.533193 1.342352
0.580649 1.000000 0.383420 1.443806 0.041327 0.141896 0.130379 0.447651 1.156353 1.044727 0.252659 -0.269456 0.564979 1.287385
0.677420 1.000000 0.668007 1.443806 0.072002 0.141896 0.227150 0.447651 1.207849 0.975386 0.955190 1.244842 0.594811 1.101225
0.806452 0.948718 1.047466 1.278406 0.112902 0.125641 0.356182 0.396369 1.245163 0.866277 0.289973 -0.378565 0.612631 0.838748
0.870968 0.846154 1.237195 0.947608 0.133352 0.093130 0.420698 0.293805 1.214316 0.770948 0.924342 1.149514 0.577677 0.609634
0.967744 0.717947 1.521797 0.534103 0.164028 0.052491 0.517474 0.165598 1.204980 0.638282 0.280638 -0.511231 0.582607 0.309714
0.967744 0.641022 1.521797 0.285997 0.164028 0.028108 0.517474 0.088673 1.160792 0.585035 0.880154 1.096266 0.551513 0.169709
1.000000 0.487177 1.616654 -0.210201 0.174253 -0.020658 0.549730 -0.065173 1.112358 0.453336 0.232204 -0.642930 0.550968 -0.118003
0.967744 0.333331 1.521797 -0.706400 0.164028 -0.069424 0.517474 -0.219019 1.023542 0.331714 0.791338 0.974644 0.530523 -0.400383
0.935484 0.205128 1.426925 -1.119892 0.153803 -0.110062 0.485214 -0.347221 0.957710 0.215858 0.166371 -0.758785 0.543624 -0.621122
0.838713 0.102564 1.142338 -1.450691 0.123128 -0.142572 0.388443 -0.449785 0.844960 0.121683 0.678589 0.880469 0.521332 -0.858449
0.774197 0.051282 0.952608 -1.616090 0.102678 -0.158828 0.323927 -0.501067 0.775893 0.066142 0.097304 -0.814326 0.513926 -0.996904
0.612904 0.000000 0.478277 -1.781490 0.051552 -0.175083 0.162634 -0.552349 0.612904 0.000000 0.515600 0.814326 0.478741 -1.284447
0.483872 0.000000 0.098818 -1.781490 0.010651 -0.175083 0.033602 -0.552349 0.483872 0.000000 -0.031728 -0.814326 0.451522 -1.510036
0.354840 0.025639 -0.280641 -1.698796 -0.030249 -0.166956 -0.095430 -0.526710 0.355765 0.072130 0.387493 0.886456 0.435222 1.391560
0.258064 0.102564 -0.565243 -1.450691 -0.060925 -0.142572 -0.192206 -0.449785 0.277698 0.378294 -0.109795 -0.508162 0.397294 1.166955
0.193548 0.179485 -0.754972 -1.202598 -0.081375 -0.118190 -0.256722 -0.372864 0.263961 0.747717 0.373756 1.255879 0.373136 0.967821
0.193548 0.230767 -0.754972 -1.037198 -0.081375 -0.101935 -0.256722 -0.321582 0.301188 0.872890 -0.072568 -0.382989 0.337769 0.897088
0.193548 0.282049 -0.754972 -0.871799 -0.081375 -0.085680 -0.256722 -0.270300 0.342071 0.969378 0.414639 1.352367 0.306928 0.811157
0.258064 0.333331 -0.565243 -0.706400 -0.060925 -0.069424 -0.192206 -0.219019 0.421552 0.911988 0.006913 -0.440379 0.224984 0.850508
0.354840 0.384613 -0.280641 -0.541000 -0.030249 -0.053169 -0.095430 -0.167737 0.523296 0.825639 0.516383 1.266018 0.115835 1.053539
0.419356 0.384613 -0.090911 -0.541000 -0.009799 -0.053169 -0.030914 -0.167737 0.569022 0.742210 0.052640 -0.523808 0.072571 1.388542
0.548388 0.333331 0.288548 -0.706400 0.031101 -0.069424 0.098118 -0.219019 0.641747 0.546162 0.589107 1.069971 0.152650 -1.149615
0.645165 0.282049 0.573149 -0.871799 0.061777 -0.085680 0.194895 -0.270300 0.704123 0.412136 0.115016 -0.657834 0.257453 -0.946096
0.709681 0.205128 0.762879 -1.119892 0.082228 -0.110062 0.259411 -0.347221 0.738731 0.281374 0.623715 0.939208 0.356915 -0.929151
0.741936 0.153846 0.857736 -1.285291 0.092452 -0.126317 0.291666 -0.398503 0.757719 0.204460 0.134003 -0.734748 0.415856 -0.938978
0.774197 0.102564 0.952608 -1.450691 0.102678 -0.142572 0.323927 -0.449785 0.780961 0.131711 0.646957 0.866459 0.475214 -0.946655
0.806452 0.076921 1.047466 -1.533397 0.112902 -0.150701 0.356182 -0.475428 0.810112 0.095094 0.163155 -0.771365 0.515999 -0.927819
