0.000000 0.482757 -1.425907 -0.023341 -0.182644 -0.002939 -0.468750 -0.007542 0.482757 1.570796 0.482757 1.570796 0.468959 0.016088
0.000000 0.551723 -1.425907 0.190094 -0.182644 0.023933 -0.468750 0.061423 0.551723 1.570796 0.068965 0.000000 0.476037 -0.130294
0.000000 0.620688 -1.425907 0.403530 -0.182644 0.050805 -0.468750 0.130389 0.620688 1.570796 0.551723 1.570796 0.492759 -0.271304
0.000000 0.724133 -1.425907 0.723676 -0.182644 0.091111 -0.468750 0.233834 0.724133 1.570796 0.172411 0.000000 0.533804 -0.462724
0.000000 0.793099 -1.425907 0.937111 -0.182644 0.117983 -0.468750 0.302799 0.793099 1.570796 0.620688 1.570796 0.570025 -0.573539
0.142856 0.862064 -0.991347 1.150547 -0.126982 0.144855 -0.325893 0.371765 0.873821 1.406574 0.253133 -0.164222 0.510786 -0.851054
0.178573 0.827584 -0.882699 1.043837 -0.113065 0.131420 -0.290177 0.337285 0.846631 1.358278 0.593498 1.522500 0.461481 -0.860335
0.250001 0.724133 -0.665419 0.723676 -0.085233 0.091111 -0.218748 0.233834 0.766074 1.238366 0.172576 -0.284134 0.336261 -0.818718
0.285713 0.655168 -0.556787 0.510240 -0.071319 0.064240 -0.183037 0.164869 0.714757 1.159569 0.542180 1.443703 0.261255 -0.733224
0.321430 0.620688 -0.448139 0.403530 -0.057402 0.050805 -0.147320 0.130389 0.698978 1.092963 0.156798 -0.350740 0.211633 -0.724505
0.357141 0.620688 -0.339507 0.403530 -0.043487 0.050805 -0.111609 0.130389 0.716103 1.048665 0.559305 1.399405 0.188525 -0.862847
0.392858 0.724133 -0.230859 0.723676 -0.029571 0.091111 -0.075892 0.233834 0.823836 1.073713 0.264531 -0.325692 0.266422 -1.256967
0.392858 0.793099 -0.230859 0.937111 -0.029571 0.117983 -0.075892 0.302799 0.885067 1.110879 0.620535 1.436571 0.333109 -1.325221
0.499997 0.931029 0.095053 1.363983 0.012175 0.171727 0.031248 0.440730 1.056794 1.077960 0.436259 -0.358611 0.463335 1.500015
0.535714 0.965515 0.203702 1.470709 0.026092 0.185164 0.066964 0.475215 1.104178 1.064239 0.667919 1.422850 0.501258 1.430804
0.678570 1.000000 0.638262 1.577434 0.081755 0.198600 0.209821 0.509701 1.208494 0.974598 0.540575 -0.448252 0.571184 1.180283
0.857144 0.896549 1.181470 1.257273 0.151334 0.158292 0.388394 0.406250 1.240361 0.807865 0.699786 1.256117 0.577808 0.807865
0.964283 0.689653 1.507382 0.616966 0.193080 0.077677 0.495534 0.199354 1.185523 0.620853 0.485736 -0.635263 0.542542 0.382489
1.000000 0.448272 1.616031 -0.130067 0.206997 -0.016376 0.531250 -0.042027 1.095878 0.421416 0.610141 1.056679 0.531645 -0.078946
1.000000 0.344827 1.616031 -0.450213 0.206997 -0.056682 0.531250 -0.145473 1.057783 0.332059 0.447642 -0.724621 0.545512 -0.267279
0.892855 0.137931 1.290102 -1.090520 0.165249 -0.137297 0.424105 -0.352369 0.903446 0.153271 0.455804 0.877892 0.537872 -0.693272
0.678570 0.034480 0.638262 -1.410681 0.081755 -0.177606 0.209821 -0.455819 0.679446 0.050769 0.223642 -0.827123 0.482302 -1.139397
0.499997 0.000000 0.095053 -1.517391 0.012175 -0.191041 0.031248 -0.490299 0.499997 0.000000 0.276356 0.827123 0.469790 -1.507151
0.357141 0.103445 -0.339507 -1.197246 -0.043487 -0.150734 -0.111609 -0.386854 0.371821 0.281933 0.095465 -0.545189 0.381973 1.289920
0.321430 0.137931 -0.448139 -1.090520 -0.057402 -0.137297 -0.147320 -0.352369 0.349774 0.405352 0.254309 0.950541 0.362139 1.174797
0.321430 0.206896 -0.448139 -0.877084 -0.057402 -0.110426 -0.147320 -0.283403 0.382260 0.571916 0.127951 -0.378626 0.300451 1.091415
0.357141 0.275861 -0.339507 -0.663648 -0.043487 -0.083554 -0.111609 -0.214438 0.451275 0.657694 0.323324 1.036319 0.222851 1.090907
0.464286 0.241376 -0.013578 -0.770374 -0.001739 -0.096991 -0.004464 -0.248923 0.523282 0.479430 0.199958 -0.556889 0.227417 1.552866
0.642859 0.172411 0.529630 -0.983810 0.067840 -0.123863 0.174109 -0.317889 0.665577 0.262027 0.465619 0.818917 0.343702 -1.069716
0.821427 0.068965 1.072822 -1.303955 0.137418 -0.164169 0.352677 -0.421334 0.824317 0.083762 0.358698 -0.735155 0.533112 -0.873869
0.857144 0.034480 1.181470 -1.410681 0.151334 -0.177606 0.388394 -0.455819 0.857837 0.040205 0.499139 0.775360 0.582615 -0.865097
0.928572 0.000000 1.398751 -1.517391 0.179166 -0.191041 0.459822 -0.490299 0.928572 0.000000 0.429433 -0.775360 0.656630 -0.817464
