0.000000 0.542858 -1.315807 0.078697 -0.089788 0.004727 -0.449310 0.023655 0.542858 1.570796 0.542858 1.570796 0.458945 -0.052599
0.026314 0.514285 -1.238747 -0.016363 -0.084529 -0.000983 -0.422996 -0.004918 0.514957 1.519675 -0.027901 -0.051121 0.427957 0.011627
0.026314 0.542858 -1.238747 0.078697 -0.084529 0.004727 -0.422996 0.023655 0.543496 1.522362 0.571396 1.573483 0.433217 -0.055864
0.026314 0.571427 -1.238747 0.173743 -0.084529 0.010436 -0.422996 0.052224 0.572033 1.524780 0.000637 -0.048703 0.440271 -0.122841
0.000000 0.628570 -1.315807 0.363849 -0.089788 0.021855 -0.449310 0.109367 0.628570 1.570796 0.627933 1.619500 0.483750 -0.238768
0.000000 0.657144 -1.315807 0.458909 -0.089788 0.027565 -0.449310 0.137940 0.657144 1.570796 0.029210 -0.048703 0.495050 -0.297871
0.000000 0.714286 -1.315807 0.649015 -0.089788 0.038984 -0.449310 0.195083 0.714286 1.570796 0.685076 1.619500 0.521624 -0.409624
0.000000 0.742856 -1.315807 0.744060 -0.089788 0.044694 -0.449310 0.223652 0.742856 1.570796 0.057779 -0.048703 0.536701 -0.461861
0.000000 0.771429 -1.315807 0.839121 -0.089788 0.050404 -0.449310 0.252226 0.771429 1.570796 0.713650 1.619500 0.552847 -0.511525
0.000000 0.799998 -1.315807 0.934166 -0.089788 0.056113 -0.449310 0.280795 0.799998 1.570796 0.086349 -0.048703 0.569966 -0.558562
0.026314 0.828572 -1.238747 1.029226 -0.084529 0.061823 -0.422996 0.309369 0.828990 1.539049 0.742641 1.587752 0.568124 -0.631474
0.026314 0.857141 -1.238747 1.124272 -0.084529 0.067532 -0.422996 0.337938 0.857545 1.540106 0.114904 -0.047646 0.587581 -0.674079
0.052632 0.885715 -1.161675 1.219332 -0.079270 0.073242 -0.396678 0.366511 0.887277 1.511443 0.772373 1.559089 0.589748 -0.745891
0.078945 0.914284 -1.084615 1.314378 -0.074012 0.078951 -0.370365 0.395081 0.917686 1.484663 0.145313 -0.074426 0.594450 -0.817677
0.078945 0.942857 -1.084615 1.409438 -0.074012 0.084661 -0.370365 0.423654 0.946157 1.487261 0.800844 1.561687 0.617057 -0.852412
0.105263 0.942857 -1.007543 1.409438 -0.068753 0.084661 -0.344047 0.423654 0.948715 1.459614 0.147871 -0.102073 0.601629 -0.888725
0.131577 0.942857 -0.930483 1.409438 -0.063494 0.084661 -0.317733 0.423654 0.951994 1.432140 0.804123 1.534214 0.586978 -0.927307
0.157895 0.942857 -0.853411 1.409438 -0.058235 0.084661 -0.291415 0.423654 0.955987 1.404872 0.151864 -0.129342 0.573159 -0.968264
0.184209 0.942857 -0.776351 1.409438 -0.052977 0.084661 -0.265101 0.423654 0.960683 1.377854 0.808819 1.507196 0.560239 -1.011658
0.210526 0.942857 -0.699279 1.409438 -0.047717 0.084661 -0.238784 0.423654 0.966075 1.351114 0.157256 -0.156081 0.548276 -1.057550
0.236840 0.942857 -0.622219 1.409438 -0.042459 0.084661 -0.212470 0.423654 0.972149 1.324694 0.814893 1.480776 0.537338 -1.105936
0.263158 0.914284 -0.545147 1.314378 -0.037200 0.078951 -0.186152 0.395081 0.951403 1.290542 0.136510 -0.190233 0.500853 -1.130474
0.289472 0.885715 -0.468087 1.219332 -0.031941 0.073242 -0.159838 0.366511 0.931818 1.254917 0.795308 1.445150 0.464755 -1.159556
0.289472 0.857141 -0.468087 1.124272 -0.031941 0.067532 -0.159838 0.337938 0.904701 1.245105 0.109393 -0.200045 0.438035 -1.128997
0.315789 0.828572 -0.391015 1.029226 -0.026682 0.061823 -0.133520 0.309369 0.886710 1.206667 0.777316 1.406712 0.402079 -1.163357
0.315789 0.799998 -0.391015 0.934166 -0.026682 0.056113 -0.133520 0.280795 0.860070 1.194835 0.082753 -0.211877 0.375247 -1.126933
0.342103 0.742856 -0.313955 0.744060 -0.021424 0.044694 -0.107207 0.223652 0.817844 1.139225 0.735091 1.351102 0.312510 -1.123809
0.342103 0.714286 -0.313955 0.649015 -0.021424 0.038984 -0.107207 0.195083 0.791985 1.124135 0.056894 -0.226967 0.285842 -1.068304
0.342103 0.685713 -0.313955 0.553955 -0.021424 0.033274 -0.107207 0.166510 0.766314 1.108028 0.709420 1.334995 0.259576 -0.998759
0.368421 0.657144 -0.236883 0.458909 -0.016164 0.027565 -0.080889 0.137940 0.753374 1.059821 0.043954 -0.275174 0.223020 -1.040434
0.368421 0.628570 -0.236883 0.363849 -0.016164 0.021855 -0.080889 0.109367 0.728584 1.040641 0.684630 1.315815 0.196665 -0.933978
0.368421 0.657144 -0.236883 0.458909 -0.016164 0.027565 -0.080889 0.137940 0.753374 1.059821 0.068744 -0.255994 0.223020 -1.040434
0.368421 0.685713 -0.236883 0.553955 -0.016164 0.033274 -0.080889 0.166510 0.778419 1.077770 0.709675 1.333764 0.249859 -1.118581
0.368421 0.714286 -0.236883 0.649015 -0.016164 0.038984 -0.080889 0.195083 0.803703 1.094597 0.094028 -0.239166 0.277048 -1.177735
0.368421 0.742856 -0.236883 0.744060 -0.016164 0.044694 -0.080889 0.223652 0.829197 1.110392 0.735170 1.349558 0.304487 -1.223761
0.421053 0.799998 -0.082752 0.934166 -0.005647 0.056113 -0.028257 0.280795 0.904037 1.086318 0.168867 -0.263241 0.351825 -1.470501
0.447370 0.828572 -0.005680 1.029226 -0.000388 0.061823 -0.001939 0.309369 0.941632 1.075718 0.772765 1.338958 0.379267 -1.564527
0.447370 0.857141 -0.005680 1.124272 -0.000388 0.067532 -0.001939 0.337938 0.966867 1.089756 0.194101 -0.249202 0.407836 -1.565057
0.473684 0.914284 0.071380 1.314378 0.004871 0.078951 0.024374 0.395081 1.029705 1.092779 0.835603 1.341981 0.465612 1.509180
0.500002 0.914284 0.148452 1.314378 0.010130 0.078951 0.050692 0.395081 1.042073 1.070353 0.206470 -0.271628 0.467729 1.443185
0.526316 0.942857 0.225512 1.409438 0.015388 0.084661 0.077006 0.423654 1.079809 1.061669 0.873339 1.333297 0.499519 1.390993
0.526316 0.971426 0.225512 1.504484 0.015388 0.090370 0.077006 0.452223 1.104843 1.074273 0.231504 -0.259024 0.527765 1.402131
0.552634 0.971426 0.302584 1.504484 0.020648 0.090370 0.103324 0.452223 1.117619 1.053567 0.886116 1.312591 0.532242 1.346173
0.605265 1.000000 0.456716 1.599544 0.031165 0.096080 0.155955 0.480797 1.168908 1.026514 0.282792 -0.286077 0.572347 1.257136
0.631579 1.000000 0.533776 1.599544 0.036424 0.096080 0.182269 0.480797 1.182748 1.007480 0.899955 1.293557 0.580070 1.208438
0.657897 1.000000 0.610848 1.599544 0.041683 0.096080 0.208587 0.480797 1.197008 0.988890 0.297053 -0.304667 0.588870 1.161466
0.710528 1.000000 0.764980 1.599544 0.052201 0.096080 0.261218 0.480797 1.226723 0.953039 0.929671 1.257706 0.609504 1.073109
0.736842 1.000000 0.842040 1.599544 0.057459 0.096080 0.287532 0.480797 1.242150 0.935770 0.312479 -0.321937 0.621236 1.031825
0.763160 1.000000 0.919112 1.599544 0.062718 0.096080 0.313850 0.480797 1.257940 0.918926 0.945461 1.240863 0.633847 0.992476
0.789474 0.971426 0.996172 1.504484 0.067977 0.090370 0.340164 0.452223 1.251774 0.888362 0.306313 -0.352500 0.623151 0.925887
0.815791 0.942857 1.073243 1.409438 0.073236 0.084661 0.366482 0.423654 1.246794 0.857525 0.940481 1.210025 0.614734 0.857630
0.842105 0.942857 1.150304 1.409438 0.078494 0.084661 0.392795 0.423654 1.264168 0.841783 0.323687 -0.368242 0.630775 0.823177
0.868423 0.914284 1.227375 1.314378 0.083753 0.078951 0.419113 0.395081 1.260981 0.811118 0.937294 1.179360 0.625984 0.755890
0.868423 0.885715 1.227375 1.219332 0.083753 0.073242 0.419113 0.366511 1.240423 0.795255 0.303129 -0.384104 0.605066 0.718543
0.921055 0.828572 1.381507 1.029226 0.094271 0.061823 0.471745 0.309369 1.238900 0.732589 0.935771 1.116693 0.605296 0.580440
0.921055 0.799998 1.381507 0.934166 0.094271 0.056113 0.471745 0.280795 1.219975 0.715175 0.284204 -0.401518 0.587814 0.536903
0.947368 0.799998 1.458567 0.934166 0.099529 0.056113 0.498059 0.280795 1.239961 0.701259 0.955757 1.102777 0.609134 0.513361
0.973686 0.742856 1.535639 0.744060 0.104789 0.044694 0.524376 0.223652 1.224704 0.651726 0.268946 -0.451051 0.600949 0.403150
0.973686 0.714286 1.535639 0.649015 0.104789 0.038984 0.524376 0.195083 1.207588 0.632916 0.938642 1.083967 0.587523 0.356163
1.000000 0.657144 1.612699 0.458909 0.110047 0.027565 0.550690 0.137940 1.196594 0.581381 0.257952 -0.502586 0.588604 0.245437
1.000000 0.628570 1.612699 0.363849 0.110047 0.021855 0.550690 0.109367 1.181144 0.561162 0.923192 1.063748 0.579132 0.196049
1.000000 0.600001 1.612699 0.268803 0.110047 0.016146 0.550690 0.080798 1.166191 0.540420 0.242999 -0.523328 0.570936 0.145681
1.000000 0.571427 1.612699 0.173743 0.110047 0.010436 0.550690 0.052224 1.151750 0.519145 0.908751 1.042473 0.564068 0.094551
1.000000 0.542858 1.612699 0.078697 0.110047 0.004727 0.550690 0.023655 1.137847 0.497343 0.229095 -0.545130 0.558579 0.042929
1.000000 0.514285 1.612699 -0.016363 0.110047 -0.000983 0.550690 -0.004918 1.124495 0.475010 0.895400 1.020140 0.554510 -0.008931
1.000000 0.457142 1.612699 -0.206469 0.110047 -0.012402 0.550690 -0.062061 1.099536 0.428777 0.204136 -0.591363 0.550746 -0.112224
1.000000 0.428573 1.612699 -0.301515 0.110047 -0.018111 0.550690 -0.090630 1.087968 0.404893 0.883832 0.996255 0.551080 -0.163114
0.973686 0.371430 1.535639 -0.491621 0.104789 -0.029530 0.524376 -0.147773 1.042125 0.364429 0.158293 -0.631826 0.530128 -0.274684
0.947368 0.342856 1.458567 -0.586681 0.099529 -0.035240 0.498059 -0.176347 1.007501 0.347240 0.849207 0.979066 0.509308 -0.340294
0.921055 0.285714 1.381507 -0.776787 0.094271 -0.046659 0.471745 -0.233489 0.964352 0.300791 0.115144 -0.678276 0.499306 -0.459598
0.894737 0.257140 1.304435 -0.871847 0.089012 -0.052369 0.445427 -0.262063 0.930954 0.279850 0.815810 0.958126 0.485113 -0.531803
0.842105 0.199997 1.150304 -1.061953 0.078494 -0.063788 0.392795 -0.319206 0.865529 0.233177 0.049719 -0.724949 0.465236 -0.682408
0.815791 0.171428 1.073243 -1.156999 0.073236 -0.069498 0.366482 -0.347775 0.833609 0.207124 0.783889 0.932073 0.459921 -0.759214
0.763160 0.142855 0.919112 -1.252059 0.062718 -0.075208 0.313850 -0.376348 0.776415 0.185047 -0.007474 -0.747026 0.438653 -0.875703
0.736842 0.114285 0.842040 -1.347104 0.057459 -0.080917 0.287532 -0.404918 0.745652 0.153876 0.753127 0.900901 0.441493 -0.953324
0.684211 0.085712 0.687908 -1.442165 0.046941 -0.086627 0.234901 -0.433491 0.689558 0.124622 -0.063568 -0.776279 0.432876 -1.074208
0.657897 0.057143 0.610848 -1.537210 0.041683 -0.092336 0.208587 -0.462060 0.660374 0.086639 0.723942 0.862918 0.444189 -1.146756
0.605265 0.057143 0.456716 -1.537210 0.031165 -0.092336 0.155955 -0.462060 0.607957 0.094130 -0.115985 -0.768788 0.422039 -1.245281
0.552634 0.028569 0.302584 -1.632270 0.020648 -0.098046 0.103324 -0.490634 0.553372 0.051650 0.669357 0.820439 0.433242 -1.363237
0.500002 0.028569 0.148452 -1.632270 0.010130 -0.098046 0.050692 -0.490634 0.500818 0.057076 -0.168539 -0.763362 0.423783 -1.467842
0.500002 0.000000 0.148452 -1.727316 0.010130 -0.103755 0.050692 -0.519203 0.500002 0.000000 0.668541 0.763362 0.452160 -1.473470
0.447370 0.000000 -0.005680 -1.727316 -0.000388 -0.103755 -0.001939 -0.519203 0.447370 0.000000 -0.221171 -0.763362 0.449314 1.567061
0.421053 0.000000 -0.082752 -1.727316 -0.005647 -0.103755 -0.028257 -0.519203 0.421053 0.000000 0.642224 0.763362 0.450198 1.516426
0.394739 0.000000 -0.159812 -1.727316 -0.010905 -0.103755 -0.054571 -0.519203 0.394739 0.000000 -0.247485 -0.763362 0.452612 1.466075
0.368421 0.000000 -0.236883 -1.727316 -0.016164 -0.103755 -0.080889 -0.519203 0.368421 0.000000 0.615906 0.763362 0.456533 1.416245
0.368421 0.028569 -0.236883 -1.632270 -0.016164 -0.098046 -0.080889 -0.490634 0.369527 0.077390 -0.246379 -0.685972 0.428446 1.407400
0.368421 0.057143 -0.236883 -1.537210 -0.016164 -0.092336 -0.080889 -0.462060 0.372826 0.153876 0.619205 0.839848 0.400422 1.397491
0.368421 0.085712 -0.236883 -1.442165 -0.016164 -0.086627 -0.080889 -0.433491 0.378260 0.228581 -0.240945 -0.611267 0.372487 1.386319
0.394739 0.114285 -0.159812 -1.347104 -0.010905 -0.080917 -0.054571 -0.404918 0.410950 0.281816 0.651895 0.893083 0.339440 1.436833
0.394739 0.142855 -0.159812 -1.252059 -0.010905 -0.075208 -0.054571 -0.376348 0.419793 0.347234 -0.232102 -0.545850 0.311276 1.426798
0.421053 0.142855 -0.082752 -1.252059 -0.005647 -0.075208 -0.028257 -0.376348 0.444627 0.327093 0.676729 0.872943 0.307755 1.495854
0.421053 0.171428 -0.082752 -1.156999 -0.005647 -0.069498 -0.028257 -0.347775 0.454613 0.386648 -0.222116 -0.486295 0.279315 1.489723
0.421053 0.228571 -0.082752 -0.966893 -0.005647 -0.058078 -0.028257 -0.290632 0.479093 0.497342 0.701208 0.983636 0.222540 1.473874
0.421053 0.257140 -0.082752 -0.871847 -0.005647 -0.052369 -0.028257 -0.262063 0.493362 0.548256 -0.207846 -0.435381 0.194236 1.463385
0.421053 0.314287 -0.082752 -0.681727 -0.005647 -0.040949 -0.028257 -0.204916 0.525416 0.641214 0.733262 1.076594 0.137948 1.433764
0.421053 0.342856 -0.082752 -0.586681 -0.005647 -0.035240 -0.028257 -0.176347 0.542988 0.683390 -0.190274 -0.393204 0.110140 1.411910
0.394739 0.371430 -0.159812 -0.491621 -0.010905 -0.029530 -0.054571 -0.147773 0.542014 0.754985 0.732288 1.148189 0.095096 1.217042
0.368421 0.399999 -0.236883 -0.396575 -0.016164 -0.023821 -0.080889 -0.119204 0.543814 0.826470 -0.188474 -0.321719 0.094734 0.974595
0.342103 0.428573 -0.313955 -0.301515 -0.021424 -0.018111 -0.107207 -0.090630 0.548370 0.897130 0.736844 1.218849 0.109194 0.701806
0.315789 0.457142 -0.391015 -0.206469 -0.026682 -0.012402 -0.133520 -0.062061 0.555609 0.966278 -0.181234 -0.252572 0.133750 0.435099
0.289472 0.457142 -0.468087 -0.206469 -0.031941 -0.012402 -0.159838 -0.062061 0.541085 1.006307 0.722319 1.258879 0.160030 0.370358
0.236840 0.457142 -0.622219 -0.206469 -0.042459 -0.012402 -0.212470 -0.062061 0.514851 1.092783 -0.207468 -0.166097 0.212614 0.284188
0.184209 0.428573 -0.776351 -0.301515 -0.052977 -0.018111 -0.265101 -0.090630 0.466484 1.164851 0.673952 1.330948 0.265911 0.329415
0.157895 0.428573 -0.853411 -0.301515 -0.058235 -0.018111 -0.291415 -0.090630 0.456733 1.217807 -0.217218 -0.113141 0.292152 0.301519
0.157895 0.399999 -0.853411 -0.396575 -0.058235 -0.023821 -0.291415 -0.119204 0.430035 1.194835 0.647253 1.307976 0.295558 0.388285
0.131577 0.371430 -0.930483 -0.491621 -0.063494 -0.029530 -0.317733 -0.147773 0.394047 1.230345 -0.253207 -0.077630 0.327138 0.435328
0.131577 0.314287 -0.930483 -0.681727 -0.063494 -0.040949 -0.317733 -0.204916 0.340718 1.174315 0.593925 1.251945 0.345232 0.572804
0.131577 0.257140 -0.930483 -0.871847 -0.063494 -0.052369 -0.317733 -0.262063 0.288849 1.097838 -0.305076 -0.154107 0.371327 0.689675
0.131577 0.228571 -0.930483 -0.966893 -0.063494 -0.058078 -0.317733 -0.290632 0.263737 1.048473 0.568813 1.202581 0.386885 0.740881
0.131577 0.171428 -0.930483 -1.156999 -0.063494 -0.069498 -0.317733 -0.347775 0.216102 0.916168 -0.352711 -0.286413 0.422105 0.830509
0.157895 0.142855 -0.853411 -1.252059 -0.058235 -0.075208 -0.291415 -0.376348 0.212928 0.735431 0.565639 1.021844 0.422892 0.911909
0.210526 0.085712 -0.699279 -1.442165 -0.047717 -0.086627 -0.238784 -0.433491 0.227306 0.386639 -0.338333 -0.635205 0.434995 1.067310
0.210526 0.057143 -0.699279 -1.537210 -0.047717 -0.092336 -0.238784 -0.462060 0.218144 0.265042 0.556477 0.900247 0.459143 1.093815
0.263158 0.028569 -0.545147 -1.632270 -0.037200 -0.098046 -0.186152 -0.490634 0.264704 0.108139 -0.291773 -0.792108 0.460082 1.208164
0.315789 0.000000 -0.391015 -1.727316 -0.026682 -0.103755 -0.133520 -0.519203 0.315789 0.000000 0.607562 0.792108 0.468729 1.319086
0.342103 0.000000 -0.313955 -1.727316 -0.021424 -0.103755 -0.107207 -0.519203 0.342103 0.000000 -0.265459 -0.792108 0.461923 1.367175
0.394739 0.028569 -0.159812 -1.632270 -0.010905 -0.098046 -0.054571 -0.490634 0.395771 0.072249 0.661230 0.864357 0.424265 1.460026
0.447370 0.057143 -0.005680 -1.537210 -0.000388 -0.092336 -0.001939 -0.462060 0.451005 0.127042 -0.210225 -0.737315 0.392172 1.566599
0.447370 0.085712 -0.005680 -1.442165 -0.000388 -0.086627 -0.001939 -0.433491 0.455507 0.189297 0.665732 0.926611 0.363603 1.566322
0.473684 0.114285 0.071380 -1.347104 0.004871 -0.080917 0.024374 -0.404918 0.487276 0.236745 -0.178456 -0.689866 0.335910 -1.510673
0.500002 0.142855 0.148452 -1.252059 0.010130 -0.075208 0.050692 -0.376348 0.520009 0.278294 0.698465 0.968160 0.310620 -1.436908
0.500002 0.171428 0.148452 -1.156999 0.010130 -0.069498 0.050692 -0.347775 0.528573 0.330295 -0.169892 -0.637865 0.282468 -1.426054
