0.050000 0.648647 -1.450842 0.645389 -0.116954 0.045018 -0.478090 0.184026 0.650572 1.493865 0.650572 1.493865 0.493056 -0.367438
0.024998 0.648647 -1.526714 0.645389 -0.123070 0.045018 -0.503092 0.184026 0.649129 1.532277 -0.001443 0.038412 0.517335 -0.350671
0.000000 0.702701 -1.602575 0.834959 -0.129185 0.058241 -0.528090 0.238080 0.702701 1.570796 0.704144 1.532385 0.556209 -0.423545
0.000000 0.756755 -1.602575 1.024529 -0.129185 0.071464 -0.528090 0.292134 0.756755 1.570796 0.052611 0.038412 0.575471 -0.505288
0.024998 0.783784 -1.526714 1.119321 -0.123070 0.078076 -0.503092 0.319163 0.784183 1.538913 0.731572 1.500501 0.564341 -0.565332
0.024998 0.837838 -1.526714 1.308892 -0.123070 0.091299 -0.503092 0.373217 0.838211 1.540969 0.106639 0.040467 0.590801 -0.638262
0.050000 0.864863 -1.450842 1.403669 -0.116954 0.097910 -0.478090 0.400242 0.866307 1.513048 0.759668 1.472581 0.584796 -0.696997
0.124998 0.945946 -1.223248 1.688032 -0.098607 0.117745 -0.403092 0.481325 0.954169 1.439417 0.194501 -0.033164 0.580592 -0.873625
0.150000 0.945946 -1.147376 1.688032 -0.092491 0.117745 -0.378090 0.481325 0.957765 1.413534 0.763264 1.446698 0.563521 -0.904947
0.200000 0.945946 -0.995643 1.688032 -0.080260 0.117745 -0.328090 0.481325 0.966858 1.362436 0.203594 -0.084262 0.531269 -0.972499
0.224998 0.945946 -0.919782 1.688032 -0.074145 0.117745 -0.303092 0.481325 0.972336 1.337280 0.768742 1.421542 0.516206 -1.008821
0.275002 0.918917 -0.768038 1.593240 -0.061912 0.111133 -0.253089 0.454296 0.959184 1.280012 0.190442 -0.141531 0.465617 -1.062518
0.300000 0.864863 -0.692177 1.403669 -0.055797 0.097910 -0.228090 0.400242 0.915417 1.236908 0.724975 1.378438 0.406744 -1.052817
0.325002 0.810809 -0.616305 1.214099 -0.049681 0.084687 -0.203089 0.346188 0.873520 1.189569 0.148545 -0.188869 0.348102 -1.040256
0.350000 0.783784 -0.540444 1.119321 -0.043566 0.078076 -0.178090 0.319163 0.858381 1.150814 0.709836 1.339683 0.311602 -1.061837
0.375002 0.729730 -0.464572 0.929751 -0.037450 0.064853 -0.153089 0.265109 0.820447 1.096098 0.110611 -0.243585 0.253169 -1.047119
0.375002 0.702701 -0.464572 0.834959 -0.037450 0.058241 -0.153089 0.238080 0.796502 1.080587 0.685891 1.324172 0.232218 -0.999348
0.400000 0.675676 -0.388711 0.740181 -0.031334 0.051630 -0.128090 0.211055 0.785200 1.036280 0.099309 -0.287891 0.195419 -1.025314
0.400000 0.648647 -0.388711 0.645389 -0.031334 0.045018 -0.128090 0.184026 0.762065 1.018211 0.662757 1.306103 0.175901 -0.962729
0.425002 0.675676 -0.312839 0.740181 -0.025218 0.051630 -0.103089 0.211055 0.798226 1.009324 0.135470 -0.296778 0.180025 -1.116436
0.425002 0.702701 -0.312839 0.834959 -0.025218 0.058241 -0.103089 0.238080 0.821228 1.026846 0.685758 1.323625 0.202771 -1.162169
0.450000 0.756755 -0.236978 1.024529 -0.019103 0.071464 -0.078090 0.292134 0.880442 1.034324 0.194684 -0.289300 0.241631 -1.309593
0.475002 0.810809 -0.161106 1.214099 -0.012987 0.084687 -0.053089 0.346188 0.939701 1.040856 0.745017 1.330156 0.287660 -1.418630
0.550000 0.918917 0.066488 1.593240 0.005360 0.111133 0.021910 0.454296 1.070938 1.031458 0.325921 -0.298698 0.391440 1.522606
0.600000 0.945946 0.218221 1.688032 0.017591 0.117745 0.071910 0.481325 1.120185 1.005548 0.794264 1.304246 0.423998 1.422494
0.625002 0.972971 0.294093 1.782810 0.023707 0.124356 0.096911 0.508350 1.156417 0.999808 0.362153 -0.304438 0.455314 1.382417
0.675002 1.000000 0.445826 1.877602 0.035939 0.130968 0.146911 0.535379 1.206494 0.977045 0.844341 1.281484 0.494248 1.302982
0.725002 1.000000 0.597559 1.877602 0.048170 0.130968 0.196911 0.535379 1.235163 0.943487 0.390822 -0.337997 0.511344 1.218354
0.775002 1.000000 0.749292 1.877602 0.060401 0.130968 0.246911 0.535379 1.265159 0.911485 0.874337 1.249482 0.532601 1.138676
0.825002 0.972971 0.901025 1.782810 0.072633 0.124356 0.296911 0.508350 1.275657 0.867511 0.401320 -0.381971 0.534860 1.042173
0.875002 0.945946 1.052758 1.688032 0.084864 0.117745 0.346911 0.481325 1.288581 0.824338 0.887262 1.206310 0.543094 0.946284
0.900000 0.891892 1.128619 1.498462 0.090979 0.104522 0.371910 0.427271 1.267072 0.780873 0.379810 -0.425436 0.520258 0.854560
0.925002 0.837838 1.204491 1.308892 0.097095 0.091299 0.396911 0.373217 1.248039 0.735993 0.868229 1.161430 0.503470 0.754641
0.950000 0.783784 1.280352 1.119321 0.103211 0.078076 0.421910 0.319163 1.231592 0.689821 0.363363 -0.471608 0.493343 0.647630
0.975002 0.729730 1.356224 0.929751 0.109327 0.064853 0.446911 0.265109 1.217840 0.642502 0.854478 1.114110 0.490294 0.535406
1.000000 0.594593 1.432085 0.455819 0.115442 0.031795 0.471910 0.129972 1.163418 0.536435 0.308940 -0.577675 0.476572 0.268754
1.000000 0.540539 1.432085 0.266249 0.115442 0.018572 0.471910 0.075918 1.136742 0.495551 0.827802 1.073226 0.472074 0.159507
1.000000 0.405407 1.432085 -0.207670 0.115442 -0.014486 0.471910 -0.059215 1.079053 0.385159 0.251251 -0.688068 0.487596 -0.124827
0.975002 0.351353 1.356224 -0.397240 0.109327 -0.027709 0.446911 -0.113269 1.036377 0.345875 0.785126 1.033943 0.480589 -0.248221
0.950000 0.297299 1.280352 -0.586810 0.103211 -0.040932 0.421910 -0.167323 0.995433 0.303291 0.210307 -0.730652 0.480908 -0.377558
0.925002 0.243245 1.204491 -0.776380 0.097095 -0.054155 0.396911 -0.221377 0.956450 0.257145 0.746143 0.987797 0.488545 -0.508773
0.900000 0.189187 1.128619 -0.965964 0.090979 -0.067379 0.371910 -0.275435 0.919669 0.207191 0.173526 -0.780606 0.503162 -0.637455
0.875002 0.162162 1.052758 -1.060742 0.084864 -0.073990 0.346911 -0.302460 0.889902 0.183248 0.716376 0.963854 0.504233 -0.717051
0.850000 0.108108 0.976886 -1.250313 0.078748 -0.087213 0.321910 -0.356514 0.856847 0.126507 0.140472 -0.837347 0.529161 -0.836361
0.850000 0.081079 0.976886 -1.345105 0.078748 -0.093825 0.321910 -0.383543 0.853858 0.095099 0.713387 0.932447 0.550859 -0.872544
0.825002 0.054054 0.901025 -1.439883 0.072633 -0.100436 0.296911 -0.410567 0.826771 0.065426 0.113384 -0.867020 0.559345 -0.944687
0.800000 0.054054 0.825153 -1.439883 0.066517 -0.100436 0.271910 -0.410567 0.801824 0.067465 0.688440 0.934485 0.546485 -0.985839
0.775002 0.054054 0.749292 -1.439883 0.060401 -0.100436 0.246911 -0.410567 0.776885 0.069634 0.088445 -0.864851 0.534487 -1.029355
0.775002 0.081079 0.749292 -1.345105 0.060401 -0.093825 0.246911 -0.383543 0.779231 0.104238 0.690787 0.969090 0.510671 -0.998816
0.750000 0.108108 0.673420 -1.250313 0.054285 -0.087213 0.221910 -0.356514 0.757751 0.143158 0.066965 -0.825932 0.475004 -1.014038
0.725002 0.162162 0.597559 -1.060742 0.048170 -0.073990 0.196911 -0.302460 0.742916 0.220049 0.675951 1.045981 0.415545 -0.993695
0.725002 0.189187 0.597559 -0.965964 0.048170 -0.067379 0.196911 -0.275435 0.749279 0.255254 0.073328 -0.790726 0.391956 -0.950133
0.700000 0.243245 0.521687 -0.776380 0.042054 -0.054155 0.171910 -0.221377 0.741059 0.334439 0.667731 1.125166 0.332701 -0.910520
0.675002 0.270270 0.445826 -0.681602 0.035939 -0.047544 0.146911 -0.194352 0.727099 0.380850 0.059369 -0.744316 0.296740 -0.923527
0.650000 0.324324 0.369954 -0.492032 0.029822 -0.034321 0.121910 -0.140298 0.726420 0.462815 0.667051 1.207131 0.237451 -0.855412
0.625002 0.351353 0.294093 -0.397240 0.023707 -0.027709 0.096911 -0.113269 0.716991 0.512133 0.049940 -0.694998 0.201564 -0.863067
0.600000 0.378378 0.218221 -0.302462 0.017591 -0.021098 0.071910 -0.086244 0.709344 0.562637 0.659405 1.257635 0.166087 -0.875787
0.550000 0.405407 0.066488 -0.207670 0.005360 -0.014486 0.021910 -0.059215 0.683268 0.635196 0.023863 -0.622439 0.124625 -1.216416
0.525002 0.432432 -0.009373 -0.112892 -0.000756 -0.007875 -0.003089 -0.032190 0.680165 0.689012 0.656302 1.311451 0.095709 1.475140
0.450000 0.432432 -0.236978 -0.112892 -0.019103 -0.007875 -0.078090 -0.032190 0.624097 0.765492 -0.032205 -0.545959 0.123486 0.390990
0.425002 0.432432 -0.312839 -0.112892 -0.025218 -0.007875 -0.103089 -0.032190 0.606320 0.794063 0.638525 1.340022 0.140634 0.302661
0.400000 0.432432 -0.388711 -0.112892 -0.031334 -0.007875 -0.128090 -0.032190 0.589065 0.824338 -0.049460 -0.515684 0.159868 0.246207
0.350000 0.432432 -0.540444 -0.112892 -0.043566 -0.007875 -0.178090 -0.032190 0.556325 0.890364 0.605785 1.406048 0.202156 0.178819
0.325002 0.432432 -0.616305 -0.112892 -0.049681 -0.007875 -0.203089 -0.032190 0.540947 0.926292 -0.064838 -0.479755 0.224490 0.157194
0.300000 0.405407 -0.692177 -0.207670 -0.055797 -0.014486 -0.228090 -0.059215 0.504336 0.933727 0.569174 1.413483 0.258992 0.254004
0.275002 0.378378 -0.768038 -0.302462 -0.061912 -0.021098 -0.253089 -0.086244 0.467756 0.942314 -0.101418 -0.471168 0.294054 0.328424
0.250000 0.378378 -0.843910 -0.302462 -0.068029 -0.021098 -0.278090 -0.086244 0.453508 0.986925 0.554926 1.458093 0.315829 0.300723
0.224998 0.324324 -0.919782 -0.492032 -0.074145 -0.034321 -0.303092 -0.140298 0.394728 0.964280 -0.160198 -0.493813 0.365220 0.433520
0.224998 0.297299 -0.919782 -0.586810 -0.074145 -0.040932 -0.303092 -0.167323 0.372841 0.922952 0.533040 1.416765 0.380959 0.504417
0.200000 0.243245 -0.995643 -0.776380 -0.080260 -0.054155 -0.328090 -0.221377 0.314910 0.882654 -0.218130 -0.534111 0.434489 0.593573
0.200000 0.216216 -0.995643 -0.871172 -0.080260 -0.060767 -0.328090 -0.248406 0.294532 0.824338 0.512662 1.358449 0.452669 0.648046
0.200000 0.135133 -0.995643 -1.155535 -0.080260 -0.080602 -0.328090 -0.329489 0.241373 0.594206 -0.271289 -0.764244 0.511917 0.787524
0.224998 0.108108 -0.919782 -1.250313 -0.074145 -0.087213 -0.303092 -0.356514 0.249623 0.447913 0.520912 1.212156 0.517929 0.866211
0.250000 0.054054 -0.843910 -1.439883 -0.068029 -0.100436 -0.278090 -0.410567 0.255777 0.212938 -0.265135 -0.999218 0.549586 0.975446
0.275002 0.054054 -0.768038 -1.439883 -0.061912 -0.100436 -0.253089 -0.410567 0.280264 0.194084 0.545399 1.193303 0.537368 1.018379
0.350000 0.027025 -0.540444 -1.534675 -0.043566 -0.107048 -0.178090 -0.437597 0.351042 0.077061 -0.194357 -1.116241 0.531773 1.184292
0.375002 0.000000 -0.464572 -1.629453 -0.037450 -0.113659 -0.153089 -0.464621 0.375002 0.000000 0.569359 1.116241 0.549832 1.252508
0.450000 0.000000 -0.236978 -1.629453 -0.019103 -0.113659 -0.078090 -0.464621 0.450000 0.000000 -0.119359 -1.116241 0.533833 1.404279
0.500000 0.000000 -0.085245 -1.629453 -0.006872 -0.113659 -0.028090 -0.464621 0.500000 0.000000 0.619359 1.116241 0.528837 1.510411
0.550000 0.000000 0.066488 -1.629453 0.005360 -0.113659 0.021910 -0.464621 0.550000 0.000000 -0.069359 -1.116241 0.528545 -1.523676
0.600000 0.027025 0.218221 -1.534675 0.017591 -0.107048 0.071910 -0.437597 0.600608 0.045011 0.669968 1.161253 0.506199 -1.407924
0.650000 0.054054 0.369954 -1.439883 0.029822 -0.100436 0.121910 -0.410567 0.652244 0.082969 -0.017724 -1.078284 0.489462 -1.282159
0.675002 0.081079 0.445826 -1.345105 0.035939 -0.093825 0.146911 -0.383543 0.679854 0.119544 0.697578 1.197827 0.470534 -1.204997
0.725002 0.135133 0.597559 -1.155535 0.048170 -0.080602 0.196911 -0.329489 0.737488 0.184275 0.039910 -1.013552 0.439534 -1.032123
0.725002 0.162162 0.597559 -1.060742 0.048170 -0.073990 0.196911 -0.302460 0.742916 0.220049 0.703006 1.233601 0.415545 -0.993695
0.725002 0.189187 0.597559 -0.965964 0.048170 -0.067379 0.196911 -0.275435 0.749279 0.255254 0.046274 -0.978347 0.391956 -0.950133
0.725002 0.216216 0.597559 -0.871172 0.048170 -0.060767 0.196911 -0.248406 0.756556 0.289830 0.710283 1.268177 0.368836 -0.900522
0.750000 0.243245 0.673420 -0.776380 0.054285 -0.054155 0.221910 -0.221377 0.788459 0.313623 0.078177 -0.954555 0.361083 -0.784196
0.750000 0.270270 0.673420 -0.681602 0.054285 -0.047544 0.221910 -0.194352 0.797211 0.345874 0.719034 1.300428 0.340170 -0.719291
