0.000000 0.777778 -1.556316 0.973026 -0.114389 0.058437 -0.531121 0.271329 0.777778 1.570796 0.777778 1.570796 0.585602 -0.472299
0.028569 0.750002 -1.472601 0.873418 -0.108236 0.052455 -0.502552 0.243553 0.750546 1.532723 -0.027232 -0.038074 0.548149 -0.451279
0.000000 0.750002 -1.556316 0.873418 -0.114389 0.052455 -0.531121 0.243553 0.750002 1.570796 0.777234 1.608870 0.574455 -0.429954
0.000000 0.777778 -1.556316 0.973026 -0.114389 0.058437 -0.531121 0.271329 0.777778 1.570796 0.000544 -0.038074 0.585602 -0.472299
0.000000 0.805558 -1.556316 1.072649 -0.114389 0.064420 -0.531121 0.299109 0.805558 1.570796 0.805014 1.608870 0.597834 -0.512895
0.000000 0.833333 -1.556316 1.172256 -0.114389 0.070402 -0.531121 0.326885 0.833333 1.570796 0.028320 -0.038074 0.611083 -0.551711
0.000000 0.861113 -1.556316 1.271879 -0.114389 0.076385 -0.531121 0.354665 0.861113 1.570796 0.832794 1.608870 0.625287 -0.588763
0.028569 0.888889 -1.472601 1.371487 -0.108236 0.082367 -0.502552 0.382440 0.889348 1.538667 0.056554 -0.070203 0.616892 -0.650502
0.057143 0.916669 -1.388874 1.471109 -0.102082 0.088350 -0.473978 0.410220 0.918448 1.508540 0.861894 1.578743 0.610985 -0.713414
0.085712 0.944444 -1.305159 1.570717 -0.095929 0.094332 -0.445409 0.437996 0.948326 1.480290 0.086432 -0.098452 0.607639 -0.777006
0.114285 0.944444 -1.221431 1.570717 -0.089775 0.094332 -0.416836 0.437996 0.951334 1.450374 0.864902 1.548826 0.587016 -0.810147
0.171428 0.972224 -1.053989 1.670340 -0.077468 0.100315 -0.359693 0.465776 0.987222 1.396265 0.122320 -0.152561 0.569167 -0.913210
0.199997 0.972224 -0.970274 1.670340 -0.071315 0.100315 -0.331124 0.465776 0.992582 1.367915 0.870262 1.520477 0.551557 -0.952787
0.228571 0.972224 -0.886547 1.670340 -0.065161 0.100315 -0.302550 0.465776 0.998732 1.339889 0.128470 -0.180588 0.534891 -0.994729
0.285714 0.972224 -0.719104 1.670340 -0.052854 0.100315 -0.245408 0.465776 1.013337 1.284967 0.884868 1.465555 0.504774 -1.085877
0.314283 0.944444 -0.635390 1.570717 -0.046701 0.094332 -0.216838 0.437996 0.995364 1.249553 0.110496 -0.216002 0.466749 -1.111101
0.342856 0.944444 -0.551662 1.570717 -0.040547 0.094332 -0.188265 0.437996 1.004752 1.222566 0.894255 1.438568 0.454180 -1.164840
0.371426 0.916669 -0.467947 1.471109 -0.034394 0.088350 -0.159696 0.410220 0.989059 1.185823 0.094804 -0.252745 0.417312 -1.199555
0.399999 0.888889 -0.384220 1.371487 -0.028240 0.082367 -0.131122 0.382440 0.974742 1.147943 0.879938 1.400688 0.381039 -1.240500
0.399999 0.833333 -0.384220 1.172256 -0.028240 0.070402 -0.131122 0.326885 0.924361 1.123277 0.044423 -0.277411 0.329432 -1.189319
0.428568 0.805558 -0.300505 1.072649 -0.022087 0.064420 -0.102553 0.299109 0.912466 1.081866 0.868043 1.359277 0.292972 -1.240495
0.428568 0.777778 -0.300505 0.973026 -0.022087 0.058437 -0.102553 0.271329 0.888037 1.067173 0.019994 -0.292104 0.267126 -1.209429
0.457142 0.722222 -0.216778 0.773796 -0.015933 0.046472 -0.073979 0.215774 0.854742 1.006489 0.834748 1.298594 0.204921 -1.240500
0.457142 0.694447 -0.216778 0.674188 -0.015933 0.040490 -0.073979 0.187998 0.831405 0.988621 -0.003343 -0.309973 0.179299 -1.195896
0.428568 0.694447 -0.300505 0.674188 -0.022087 0.040490 -0.102553 0.187998 0.816043 1.017872 0.819386 1.327844 0.192853 -1.071415
0.428568 0.722222 -0.300505 0.773796 -0.022087 0.046472 -0.102553 0.215774 0.839807 1.035242 0.020421 -0.292602 0.216879 -1.127120
0.428568 0.750002 -0.300505 0.873418 -0.022087 0.052455 -0.102553 0.243553 0.863814 1.051655 0.843393 1.344257 0.241715 -1.172260
0.428568 0.777778 -0.300505 0.973026 -0.022087 0.058437 -0.102553 0.271329 0.888037 1.067173 0.044644 -0.277084 0.267126 -1.209429
0.457142 0.805558 -0.216778 1.072649 -0.015933 0.064420 -0.073979 0.299109 0.926230 1.054628 0.881586 1.331712 0.284233 -1.328330
0.457142 0.833333 -0.216778 1.172256 -0.015933 0.070402 -0.073979 0.326885 0.950486 1.069051 0.068900 -0.262660 0.311135 -1.348229
0.485711 0.861113 -0.133063 1.271879 -0.009780 0.076385 -0.045410 0.354665 0.988651 1.057230 0.919752 1.319890 0.333102 -1.443452
0.514285 0.916669 -0.049335 1.471109 -0.003626 0.088350 -0.016837 0.410220 1.051081 1.059519 0.131329 -0.260371 0.385915 -1.529777
0.571427 0.944444 0.118107 1.570717 0.008681 0.094332 0.040306 0.437996 1.103859 1.026679 0.972530 1.287050 0.415284 1.479031
0.600001 0.972224 0.201834 1.670340 0.014835 0.100315 0.068880 0.465776 1.142463 1.017867 0.169933 -0.269182 0.446449 1.423979
0.628570 1.000000 0.285549 1.769947 0.020988 0.106297 0.097449 0.493551 1.181144 1.009634 1.011211 1.278816 0.478898 1.375859
0.657144 1.000000 0.369277 1.769947 0.027142 0.106297 0.126022 0.493551 1.196594 0.989416 0.185383 -0.289401 0.485519 1.320800
0.685713 1.000000 0.452992 1.769947 0.033295 0.106297 0.154592 0.493551 1.212519 0.969724 1.027136 1.259124 0.493706 1.267253
0.742856 1.000000 0.620434 1.769947 0.045602 0.106297 0.211734 0.493551 1.245726 0.931883 0.218591 -0.327241 0.514469 1.165541
0.771429 1.000000 0.704161 1.769947 0.051756 0.106297 0.240308 0.493551 1.262974 0.913721 1.044383 1.240962 0.526873 1.117687
0.857141 0.972224 0.955318 1.670340 0.070216 0.100315 0.326020 0.465776 1.296114 0.848224 0.251731 -0.392738 0.548508 0.960104
0.885715 0.944444 1.039046 1.570717 0.076370 0.094332 0.354593 0.437996 1.294784 0.817477 1.043053 1.210215 0.544585 0.890240
0.885715 0.916669 1.039046 1.471109 0.076370 0.088350 0.354593 0.410220 1.274665 0.802571 0.231612 -0.407644 0.523816 0.858003
0.942857 0.833333 1.206488 1.172256 0.088676 0.070402 0.411736 0.326885 1.258342 0.723814 1.026730 1.131458 0.510743 0.671021
0.942857 0.805558 1.206488 1.072649 0.088676 0.064420 0.411736 0.299109 1.240122 0.707031 0.213393 -0.424427 0.494815 0.628263
0.971426 0.777778 1.290203 0.973026 0.094829 0.058437 0.440305 0.271329 1.244431 0.675140 1.031038 1.099568 0.504686 0.552268
0.971426 0.722222 1.290203 0.773796 0.094829 0.046472 0.440305 0.215774 1.210485 0.639306 0.179447 -0.460262 0.479988 0.455660
1.000000 0.694447 1.373930 0.674188 0.100983 0.040490 0.468879 0.187998 1.217479 0.606989 1.038032 1.067251 0.496510 0.381327
1.000000 0.638891 1.373930 0.474958 0.100983 0.028524 0.468879 0.132442 1.186668 0.568526 0.148636 -0.498725 0.481105 0.275294
1.000000 0.555556 1.373930 0.176105 0.100983 0.010576 0.468879 0.049107 1.143959 0.507099 0.995323 1.005823 0.469515 0.104352
1.000000 0.527780 1.373930 0.076497 0.100983 0.004594 0.468879 0.021331 1.130731 0.485624 0.135408 -0.520199 0.468891 0.045463
1.000000 0.472224 1.373930 -0.122733 0.100983 -0.007371 0.468879 -0.034224 1.105891 0.441181 0.970484 0.961381 0.472563 -0.072863
1.000000 0.416669 1.373930 -0.321964 0.100983 -0.019336 0.468879 -0.089780 1.083334 0.394793 0.112850 -0.566588 0.482646 -0.189188
1.000000 0.388889 1.373930 -0.421586 0.100983 -0.025319 0.468879 -0.117560 1.072956 0.370891 0.960106 0.937479 0.489977 -0.245661
1.000000 0.305553 1.373930 -0.720439 0.100983 -0.043267 0.468879 -0.200895 1.045640 0.296544 0.085534 -0.640935 0.520315 -0.404796
0.971426 0.277778 1.290203 -0.820047 0.094829 -0.049249 0.440305 -0.228671 1.010361 0.278516 0.924827 0.919451 0.507988 -0.479004
0.971426 0.249998 1.290203 -0.919670 0.094829 -0.055232 0.440305 -0.256451 1.003079 0.251886 0.078252 -0.667566 0.522397 -0.527407
0.942857 0.222222 1.206488 -1.019277 0.088676 -0.061214 0.411736 -0.284226 0.968691 0.231466 0.890439 0.899032 0.514728 -0.604194
0.914284 0.166667 1.122761 -1.218508 0.082523 -0.073180 0.383163 -0.339782 0.929351 0.180312 0.038912 -0.718719 0.528811 -0.725465
0.914284 0.138887 1.122761 -1.318130 0.082523 -0.079163 0.383163 -0.367562 0.924773 0.150755 0.885861 0.869475 0.548326 -0.764620
0.885715 0.111111 1.039046 -1.417738 0.076370 -0.085145 0.354593 -0.395338 0.892657 0.124796 0.006796 -0.744679 0.549677 -0.839675
0.857141 0.083331 0.955318 -1.517361 0.070216 -0.091128 0.326020 -0.423117 0.861182 0.096915 0.854386 0.841594 0.553900 -0.914292
0.828572 0.055556 0.871604 -1.616968 0.064063 -0.097110 0.297451 -0.450893 0.830432 0.066950 -0.023954 -0.774644 0.560927 -0.987638
0.799998 0.055556 0.787876 -1.616968 0.057909 -0.097110 0.268877 -0.450893 0.801925 0.069333 0.825879 0.843978 0.546313 -1.033086
0.771429 0.027776 0.704161 -1.716591 0.051756 -0.103093 0.240308 -0.478673 0.771929 0.035990 -0.053950 -0.807988 0.557767 -1.105527
0.742856 0.027776 0.620434 -1.716591 0.045602 -0.103093 0.211734 -0.478673 0.743375 0.037373 0.797325 0.845361 0.546066 -1.154334
0.714286 0.027776 0.536719 -1.716591 0.039449 -0.103093 0.183165 -0.478673 0.714826 0.038866 -0.082498 -0.806494 0.535636 -1.205334
0.685713 0.027776 0.452992 -1.716591 0.033295 -0.103093 0.154592 -0.478673 0.686275 0.040484 0.768774 0.846979 0.526550 -1.258412
0.657144 0.055556 0.369277 -1.616968 0.027142 -0.097110 0.126022 -0.450893 0.659488 0.084340 -0.109286 -0.762638 0.491980 -1.298256
0.657144 0.083331 0.369277 -1.517361 0.027142 -0.091128 0.126022 -0.423117 0.662406 0.126135 0.771692 0.888773 0.465185 -1.281320
0.628570 0.083331 0.285549 -1.517361 0.020988 -0.091128 0.097449 -0.423117 0.634070 0.131804 -0.137622 -0.756969 0.458271 -1.344432
0.600001 0.111111 0.201834 -1.417738 0.014835 -0.085145 0.068880 -0.395338 0.610202 0.183111 0.747824 0.940080 0.425621 -1.398298
0.571427 0.111111 0.118107 -1.417738 0.008681 -0.085145 0.040306 -0.395338 0.582130 0.192048 -0.165695 -0.748031 0.421940 -1.469194
0.542854 0.138887 0.034379 -1.318130 0.002527 -0.079163 0.011733 -0.367562 0.560339 0.250473 0.726034 0.998504 0.392410 -1.538887
0.542854 0.166667 0.034379 -1.218508 0.002527 -0.073180 0.011733 -0.339782 0.567863 0.297884 -0.158171 -0.700620 0.364643 -1.536280
0.542854 0.194442 0.034379 -1.118900 0.002527 -0.067197 0.011733 -0.312006 0.576626 0.343948 0.734798 1.044568 0.336883 -1.533210
0.542854 0.222222 0.034379 -1.019277 0.002527 -0.061214 0.011733 -0.284226 0.586577 0.388549 -0.148220 -0.656020 0.309122 -1.529541
0.542854 0.277778 0.034379 -0.820047 0.002527 -0.049249 0.011733 -0.228671 0.609796 0.472963 0.758016 1.128983 0.253615 -1.519533
0.542854 0.333333 0.034379 -0.620817 0.002527 -0.037284 0.011733 -0.173115 0.637025 0.550678 -0.120990 -0.578304 0.198136 -1.503126
0.542854 0.388889 0.034379 -0.421586 0.002527 -0.025319 0.011733 -0.117560 0.667776 0.621634 0.788766 1.199938 0.142715 -1.471324
0.542854 0.416669 0.034379 -0.321964 0.002527 -0.019336 0.011733 -0.089780 0.684327 0.654640 -0.104440 -0.545298 0.115052 -1.440851
0.542854 0.444444 0.034379 -0.222356 0.002527 -0.013354 0.011733 -0.062004 0.701585 0.686051 0.806024 1.231349 0.087467 -1.383784
0.514285 0.500000 -0.049335 -0.023126 -0.003626 -0.001389 -0.016837 -0.006449 0.717279 0.771316 -0.088746 -0.460033 0.035384 0.365778
0.514285 0.527780 -0.049335 0.076497 -0.003626 0.004594 -0.016837 0.021331 0.736913 0.798348 0.825658 1.258381 0.017165 -0.902619
0.485711 0.527780 -0.133063 0.076497 -0.009780 0.004594 -0.045410 0.021331 0.717263 0.826883 -0.108395 -0.431498 0.045533 -0.439153
0.457142 0.527780 -0.216778 0.076497 -0.015933 0.004594 -0.073979 0.021331 0.698234 0.856995 0.806629 1.288493 0.074055 -0.280726
0.428568 0.527780 -0.300505 0.076497 -0.022087 0.004594 -0.102553 0.021331 0.679869 0.888768 -0.126759 -0.399725 0.102607 -0.205078
0.399999 0.527780 -0.384220 0.076497 -0.028240 0.004594 -0.131122 0.021331 0.662232 0.922265 0.788991 1.321989 0.131165 -0.161270
0.371426 0.500000 -0.467947 -0.023126 -0.034394 -0.001389 -0.159696 -0.006449 0.622862 0.931886 -0.166129 -0.390103 0.162700 0.040359
0.342856 0.472224 -0.551662 -0.122733 -0.040547 -0.007371 -0.188265 -0.034224 0.583563 0.942803 0.749693 1.332906 0.197262 0.179824
0.342856 0.444444 -0.551662 -0.222356 -0.040547 -0.013354 -0.188265 -0.062004 0.561321 0.913722 -0.188371 -0.419184 0.207259 0.318157
0.314283 0.416669 -0.635390 -0.321964 -0.046701 -0.019336 -0.216838 -0.089780 0.521907 0.924565 0.710278 1.343749 0.245190 0.392551
0.285714 0.361109 -0.719104 -0.521209 -0.052854 -0.031302 -0.245408 -0.145340 0.460469 0.901437 -0.249809 -0.442311 0.298545 0.534692
0.285714 0.305553 -0.719104 -0.720439 -0.052854 -0.043267 -0.245408 -0.200895 0.418324 0.818940 0.668133 1.261252 0.333325 0.685991
0.285714 0.277778 -0.719104 -0.820047 -0.052854 -0.049249 -0.245408 -0.228671 0.398488 0.771316 -0.269645 -0.489936 0.352715 0.750109
0.285714 0.249998 -0.719104 -0.919670 -0.052854 -0.055232 -0.245408 -0.256451 0.379646 0.718827 0.649291 1.208763 0.373169 0.807399
0.285714 0.194442 -0.719104 -1.118900 -0.052854 -0.067197 -0.245408 -0.312006 0.345601 0.597552 -0.303690 -0.611210 0.416626 0.904313
0.285714 0.138887 -0.719104 -1.318130 -0.052854 -0.079163 -0.245408 -0.367562 0.317682 0.452470 0.621372 1.063680 0.462680 0.982104
0.285714 0.111111 -0.719104 -1.417738 -0.052854 -0.085145 -0.245408 -0.395338 0.306558 0.370892 -0.314814 -0.692788 0.486450 1.015256
0.314283 0.111111 -0.635390 -1.417738 -0.046701 -0.085145 -0.216838 -0.395338 0.333346 0.339824 0.648160 1.032612 0.472681 1.069114
0.342856 0.055556 -0.551662 -1.616968 -0.040547 -0.097110 -0.188265 -0.450893 0.347328 0.160641 -0.300831 -0.871971 0.511475 1.175263
0.342856 0.027776 -0.551662 -1.716591 -0.040547 -0.103093 -0.188265 -0.478673 0.343980 0.080836 0.644811 0.952807 0.537401 1.196074
0.399999 0.000000 -0.384220 -1.816199 -0.028240 -0.109075 -0.131122 -0.506449 0.399999 0.000000 -0.244812 -0.952807 0.547067 1.317454
0.428568 0.000000 -0.300505 -1.816199 -0.022087 -0.109075 -0.102553 -0.506449 0.428568 0.000000 0.673380 0.952807 0.540931 1.371004
0.457142 0.000000 -0.216778 -1.816199 -0.015933 -0.109075 -0.073979 -0.506449 0.457142 0.000000 -0.216238 -0.952807 0.536249 1.425748
0.514285 0.027776 -0.049335 -1.716591 -0.003626 -0.103093 -0.016837 -0.478673 0.515034 0.053956 0.731272 1.006763 0.503627 1.535637
0.542854 0.055556 0.034379 -1.616968 0.002527 -0.097110 0.011733 -0.450893 0.545689 0.101985 -0.185583 -0.904778 0.475710 -1.544781
0.571427 0.111111 0.118107 -1.417738 0.008681 -0.085145 0.040306 -0.395338 0.582130 0.192048 0.767713 1.096826 0.421940 -1.469194
0.571427 0.166667 0.118107 -1.218508 0.008681 -0.073180 0.040306 -0.339782 0.595237 0.283795 -0.172476 -0.813032 0.366677 -1.452725
0.571427 0.194442 0.118107 -1.118900 0.008681 -0.067197 0.040306 -0.312006 0.603603 0.327985 0.776079 1.141017 0.339083 -1.442324
0.571427 0.249998 0.118107 -0.919670 0.008681 -0.055232 0.040306 -0.256451 0.623721 0.412408 -0.152358 -0.728608 0.283998 -1.414902
0.571427 0.333333 0.118107 -0.620817 0.008681 -0.037284 0.040306 -0.173115 0.661544 0.528075 0.813902 1.256684 0.201853 -1.342043
0.571427 0.361109 0.118107 -0.521209 0.008681 -0.031302 0.040306 -0.145340 0.675965 0.563576 -0.137937 -0.693108 0.174725 -1.300271
