0.058823 0.552631 -1.341709 0.349615 -0.101403 0.021843 -0.416527 0.089724 0.555753 1.464753 0.555753 1.464753 0.423635 -0.212168
0.029414 0.578949 -1.436442 0.452163 -0.108562 0.028250 -0.445936 0.116042 0.579696 1.520034 0.023943 0.055281 0.457812 -0.254574
0.029414 0.605263 -1.436442 0.554696 -0.108562 0.034656 -0.445936 0.142355 0.605977 1.522238 0.582034 1.466957 0.464474 -0.309003
0.000000 0.657894 -1.531190 0.759778 -0.115723 0.047469 -0.475350 0.194987 0.657894 1.570796 0.075860 0.103840 0.509195 -0.389265
0.000000 0.710525 -1.531190 0.964859 -0.115723 0.060282 -0.475350 0.247618 0.710525 1.570796 0.634666 1.466957 0.530344 -0.480241
0.000000 0.736843 -1.531190 1.067408 -0.115723 0.066689 -0.475350 0.273936 0.736843 1.570796 0.102177 0.103840 0.542528 -0.522797
0.000000 0.789475 -1.531190 1.272489 -0.115723 0.079502 -0.475350 0.326567 0.789475 1.570796 0.687297 1.466957 0.569765 -0.601950
0.029414 0.842106 -1.436442 1.477571 -0.108562 0.092315 -0.445936 0.379198 0.842619 1.535882 0.155322 0.068925 0.577381 -0.704693
0.029414 0.868420 -1.436442 1.580104 -0.108562 0.098721 -0.445936 0.405512 0.868918 1.536939 0.713595 1.468014 0.594443 -0.737957
0.058823 0.921051 -1.341709 1.785185 -0.101403 0.111534 -0.416527 0.458144 0.922927 1.507018 0.209332 0.039004 0.610036 -0.832942
0.088237 0.947369 -1.246962 1.887733 -0.094242 0.117941 -0.387113 0.484461 0.951469 1.477925 0.742137 1.438921 0.610457 -0.896630
0.117647 0.947369 -1.152229 1.887733 -0.087082 0.117941 -0.357703 0.484461 0.954645 1.447246 0.212509 0.008325 0.592244 -0.934791
0.147060 0.973682 -1.057481 1.990266 -0.079922 0.124347 -0.328290 0.510775 0.984725 1.420894 0.772217 1.412569 0.596749 -0.999550
0.205884 0.973682 -0.868000 1.990266 -0.065601 0.124347 -0.269466 0.510775 0.995211 1.362417 0.222995 -0.050152 0.566522 -1.085342
0.264707 0.921051 -0.678520 1.785185 -0.051281 0.111534 -0.210643 0.458144 0.958334 1.290942 0.735340 1.341094 0.492970 -1.139843
0.294116 0.868420 -0.583787 1.580104 -0.044121 0.098721 -0.181234 0.405512 0.916873 1.244242 0.181534 -0.096852 0.432839 -1.150502
0.323530 0.789475 -0.489039 1.272489 -0.036960 0.079502 -0.151820 0.326567 0.853195 1.181866 0.671661 1.278719 0.348889 -1.135624
0.352940 0.736843 -0.394306 1.067408 -0.029801 0.066689 -0.122410 0.273936 0.817009 1.124099 0.145348 -0.154620 0.288727 -1.150559
0.352940 0.710525 -0.394306 0.964859 -0.029801 0.060282 -0.122410 0.247618 0.793355 1.109768 0.648007 1.264388 0.265126 -1.111678
0.382353 0.684212 -0.299559 0.862326 -0.022640 0.053876 -0.092996 0.221304 0.783798 1.061204 0.135791 -0.203184 0.228630 -1.172982
0.382353 0.657894 -0.299559 0.759778 -0.022640 0.047469 -0.092996 0.194987 0.760933 1.044332 0.625142 1.247515 0.204868 -1.125768
0.382353 0.631580 -0.299559 0.657245 -0.022640 0.041063 -0.092996 0.168673 0.738301 1.026422 0.113159 -0.221094 0.181814 -1.066924
0.382353 0.657894 -0.299559 0.759778 -0.022640 0.047469 -0.092996 0.194987 0.760933 1.044332 0.647774 1.265425 0.204868 -1.125768
0.382353 0.684212 -0.299559 0.862326 -0.022640 0.053876 -0.092996 0.221304 0.783798 1.061204 0.136024 -0.204221 0.228630 -1.172982
0.411763 0.710525 -0.204826 0.964859 -0.015480 0.060282 -0.063587 0.247618 0.821216 1.045573 0.685191 1.249794 0.243620 -1.319433
0.411763 0.763157 -0.204826 1.169941 -0.015480 0.073095 -0.063587 0.300249 0.867155 1.076010 0.181963 -0.173784 0.294748 -1.362099
0.441177 0.789475 -0.110078 1.272489 -0.008319 0.079502 -0.034173 0.326567 0.904382 1.061204 0.722419 1.234988 0.315978 -1.466532
0.441177 0.842106 -0.110078 1.477571 -0.008319 0.092315 -0.034173 0.379198 0.950673 1.088214 0.228254 -0.146774 0.368345 -1.480920
0.470586 0.868420 -0.015345 1.580104 -0.001160 0.098721 -0.004764 0.405512 0.987727 1.074202 0.759472 1.220976 0.393099 -1.559049
0.500000 0.921051 0.079402 1.785185 0.006001 0.111534 0.024650 0.458144 1.048015 1.073453 0.288542 -0.147523 0.446382 1.517044
0.588237 0.973682 0.363631 1.990266 0.027482 0.124347 0.112887 0.510775 1.137576 1.027341 0.849034 1.174864 0.510959 1.353281
0.647060 1.000000 0.553111 2.092815 0.041803 0.130754 0.171710 0.537093 1.191087 0.996490 0.342052 -0.178374 0.552035 1.261362
0.735293 1.000000 0.837325 2.092815 0.063283 0.130754 0.259943 0.537093 1.241232 0.936774 0.899179 1.115148 0.585515 1.120045
0.794116 1.000000 1.026805 2.092815 0.077603 0.130754 0.318766 0.537093 1.276958 0.899653 0.377778 -0.215495 0.613897 1.035167
0.823530 0.973682 1.121553 1.990266 0.084764 0.124347 0.348180 0.510775 1.275249 0.868752 0.897470 1.084246 0.607918 0.972478
0.852940 0.947369 1.216286 1.887733 0.091924 0.117941 0.377590 0.484461 1.274760 0.837802 0.377290 -0.246445 0.604463 0.908742
0.911763 0.894737 1.405767 1.682652 0.106244 0.105128 0.436413 0.431830 1.277445 0.775974 0.900155 1.022418 0.605262 0.780120
0.941177 0.842106 1.500514 1.477571 0.113405 0.092315 0.465827 0.379198 1.262916 0.729900 0.362760 -0.292519 0.592878 0.683239
0.941177 0.789475 1.500514 1.272489 0.113405 0.079502 0.465827 0.326567 1.228448 0.697965 0.865687 0.990484 0.561844 0.611429
0.970586 0.763157 1.595247 1.169941 0.120564 0.073095 0.495236 0.300249 1.234685 0.666322 0.368997 -0.324162 0.572793 0.545021
1.000000 0.657894 1.689995 0.759778 0.127725 0.047469 0.524650 0.194987 1.197007 0.581905 0.828009 0.906067 0.555500 0.355831
1.000000 0.578949 1.689995 0.452163 0.127725 0.028250 0.524650 0.116042 1.155501 0.524797 0.327491 -0.381270 0.534781 0.217675
1.000000 0.526318 1.689995 0.247082 0.127725 0.015437 0.524650 0.063410 1.130049 0.484479 0.802557 0.865749 0.527120 0.120279
0.970586 0.473686 1.595247 0.042000 0.120564 0.002624 0.495236 0.010779 1.080007 0.454035 0.277450 -0.411714 0.495239 0.021762
0.941177 0.368424 1.500514 -0.368162 0.113405 -0.023002 0.465827 -0.094484 1.010717 0.373114 0.733267 0.784828 0.477941 -0.200116
0.911763 0.315788 1.405767 -0.573259 0.106244 -0.035816 0.436413 -0.147119 0.964901 0.333419 0.231634 -0.451410 0.464668 -0.325146
0.852940 0.236843 1.216286 -0.880874 0.091924 -0.055035 0.377590 -0.226064 0.885212 0.270855 0.653579 0.722265 0.446609 -0.539466
0.823530 0.210525 1.121553 -0.983422 0.084764 -0.061442 0.348180 -0.252382 0.850014 0.250278 0.196435 -0.471987 0.437449 -0.627216
0.794116 0.184212 1.026805 -1.085955 0.077603 -0.067848 0.318766 -0.278696 0.815202 0.227939 0.618767 0.699926 0.431710 -0.718430
0.764707 0.157894 0.932072 -1.188504 0.070443 -0.074255 0.289357 -0.305013 0.780838 0.203615 0.162070 -0.496311 0.429541 -0.811733
0.735293 0.157894 0.837325 -1.188504 0.063283 -0.074255 0.259943 -0.305013 0.752055 0.211524 0.589985 0.707835 0.410303 -0.865006
0.676470 0.131580 0.647844 -1.291037 0.048962 -0.080661 0.201120 -0.331327 0.689148 0.192112 0.099163 -0.515723 0.398280 -1.025236
0.647060 0.131580 0.553111 -1.291037 0.041803 -0.080661 0.171710 -0.331327 0.660303 0.200616 0.561140 0.716339 0.384268 -1.092655
0.588237 0.157894 0.363631 -1.188504 0.027482 -0.074255 0.112887 -0.305013 0.609059 0.262238 0.047919 -0.454101 0.336930 -1.216323
0.558823 0.157894 0.268883 -1.188504 0.020321 -0.074255 0.083473 -0.305013 0.580701 0.275369 0.532782 0.729471 0.328247 -1.303666
0.529409 0.184212 0.174136 -1.085955 0.013161 -0.067848 0.054060 -0.278696 0.560543 0.334854 0.027761 -0.394617 0.296115 -1.379202
0.529409 0.210525 0.174136 -0.983422 0.013161 -0.061442 0.054060 -0.252382 0.569733 0.378488 0.541972 0.773105 0.270286 -1.359788
0.500000 0.236843 0.079402 -0.880874 0.006001 -0.055035 0.024650 -0.226064 0.553258 0.442376 0.011286 -0.330729 0.239777 -1.462185
0.500000 0.263157 0.079402 -0.778341 0.006001 -0.048629 0.024650 -0.199751 0.565023 0.484476 0.553737 0.815206 0.213620 -1.448013
0.500000 0.289475 0.079402 -0.675792 0.006001 -0.042222 0.024650 -0.173433 0.577750 0.524797 0.024013 -0.290409 0.187503 -1.429612
0.500000 0.315788 0.079402 -0.573259 0.006001 -0.035816 0.024650 -0.147119 0.591373 0.563314 0.567360 0.853723 0.161455 -1.404787
0.500000 0.342106 0.079402 -0.470711 0.006001 -0.029409 0.024650 -0.120802 0.605835 0.600051 0.038476 -0.253672 0.135505 -1.369505
0.500000 0.315788 0.079402 -0.573259 0.006001 -0.035816 0.024650 -0.147119 0.591373 0.563314 0.552898 0.816986 0.161455 -1.404787
0.529409 0.289475 0.174136 -0.675792 0.013161 -0.042222 0.054060 -0.173433 0.603382 0.500374 0.050484 -0.316613 0.193577 -1.268638
0.529409 0.315788 0.174136 -0.573259 0.013161 -0.035816 0.054060 -0.147119 0.616439 0.537836 0.565954 0.854449 0.168471 -1.218658
0.529409 0.342106 0.174136 -0.470711 0.013161 -0.029409 0.054060 -0.120802 0.630326 0.573701 0.064372 -0.280747 0.143793 -1.150018
0.529409 0.368424 0.174136 -0.368162 0.013161 -0.023002 0.054060 -0.094484 0.644989 0.607979 0.580617 0.888726 0.119815 -1.051102
0.500000 0.394737 0.079402 -0.265629 0.006001 -0.016596 0.024650 -0.068170 0.637038 0.668290 0.056421 -0.220436 0.084297 -1.223828
0.470586 0.421055 -0.015345 -0.163081 -0.001160 -0.010189 -0.004764 -0.041853 0.631458 0.729905 0.575036 0.950341 0.054504 1.457461
0.441177 0.421055 -0.110078 -0.163081 -0.008319 -0.010189 -0.034173 -0.041853 0.609856 0.762066 0.034820 -0.188275 0.064154 0.886067
0.382353 0.447369 -0.299559 -0.060548 -0.022640 -0.003783 -0.092996 -0.015539 0.588501 0.863596 0.553681 1.051871 0.097115 0.165561
0.352940 0.447369 -0.394306 -0.060548 -0.029801 -0.003783 -0.122410 -0.015539 0.569829 0.902846 0.016148 -0.149025 0.125568 0.126265
0.323530 0.447369 -0.489039 -0.060548 -0.036960 -0.003783 -0.151820 -0.015539 0.552096 0.944679 0.535948 1.093704 0.154377 0.101995
0.323530 0.421055 -0.489039 -0.163081 -0.036960 -0.010189 -0.151820 -0.041853 0.530998 0.915635 -0.004950 -0.178069 0.161236 0.268991
0.294116 0.421055 -0.583787 -0.163081 -0.044121 -0.010189 -0.181234 -0.041853 0.513607 0.961063 0.518557 1.139131 0.189192 0.226953
0.264707 0.368424 -0.678520 -0.368162 -0.051281 -0.023002 -0.210643 -0.094484 0.453658 0.947772 -0.064899 -0.191360 0.236228 0.421647
0.264707 0.342106 -0.678520 -0.470711 -0.051281 -0.029409 -0.210643 -0.120802 0.432558 0.912263 0.497456 1.103623 0.249248 0.520698
0.235293 0.263157 -0.773267 -0.778341 -0.058441 -0.048629 -0.240057 -0.199751 0.353008 0.841241 -0.144449 -0.262382 0.320395 0.694008
0.235293 0.210525 -0.773267 -0.983422 -0.058441 -0.061442 -0.240057 -0.252382 0.315727 0.729900 0.460176 0.992282 0.357434 0.810422
0.235293 0.157894 -0.773267 -1.188504 -0.058441 -0.074255 -0.240057 -0.305013 0.283361 0.591033 -0.176815 -0.401249 0.398002 0.904010
0.235293 0.105263 -0.773267 -1.393585 -0.058441 -0.087068 -0.240057 -0.357645 0.257766 0.420664 0.434581 0.821912 0.441126 0.979651
0.264707 0.052631 -0.678520 -1.598667 -0.051281 -0.099881 -0.210643 -0.410276 0.269889 0.196269 -0.164692 -0.625643 0.472294 1.096472
0.264707 0.026318 -0.678520 -1.701200 -0.051281 -0.106287 -0.210643 -0.436590 0.266012 0.099096 0.430704 0.724740 0.495984 1.121268
0.323530 0.000000 -0.489039 -1.803748 -0.036960 -0.112694 -0.151820 -0.462907 0.323530 0.000000 -0.107174 -0.724740 0.499006 1.253881
0.382353 0.000000 -0.299559 -1.803748 -0.022640 -0.112694 -0.092996 -0.462907 0.382353 0.000000 0.489528 0.724740 0.484361 1.372539
0.411763 0.000000 -0.204826 -1.803748 -0.015480 -0.112694 -0.063587 -0.462907 0.411763 0.000000 -0.077765 -0.724740 0.479584 1.434286
0.441177 0.026318 -0.110078 -1.701200 -0.008319 -0.106287 -0.034173 -0.436590 0.441961 0.059583 0.519726 0.784322 0.450331 1.492683
0.441177 0.052631 -0.110078 -1.598667 -0.008319 -0.099881 -0.034173 -0.410276 0.444305 0.118737 -0.075421 -0.665586 0.424098 1.487695
0.470586 0.105263 -0.015345 -1.393585 -0.001160 -0.087068 -0.004764 -0.357645 0.482215 0.220062 0.557636 0.885648 0.370118 1.557477
0.500000 0.157894 0.079402 -1.188504 0.006001 -0.074255 0.024650 -0.305013 0.524338 0.305878 -0.033298 -0.579770 0.318411 -1.490155
0.500000 0.184212 0.079402 -1.085955 0.006001 -0.067848 0.024650 -0.278696 0.532855 0.352993 0.566152 0.932762 0.292180 -1.482578
0.500000 0.236843 0.079402 -0.880874 0.006001 -0.055035 0.024650 -0.226064 0.553258 0.442376 -0.012894 -0.490386 0.239777 -1.462185
0.500000 0.263157 0.079402 -0.778341 0.006001 -0.048629 0.024650 -0.199751 0.565023 0.484476 0.577918 0.974863 0.213620 -1.448013
0.500000 0.315788 0.079402 -0.573259 0.006001 -0.035816 0.024650 -0.147119 0.591373 0.563314 0.013456 -0.411548 0.161455 -1.404787
0.500000 0.342106 0.079402 -0.470711 0.006001 -0.029409 0.024650 -0.120802 0.605835 0.600051 0.592380 1.011599 0.135505 -1.369505
0.500000 0.315788 0.079402 -0.573259 0.006001 -0.035816 0.024650 -0.147119 0.591373 0.563314 -0.001007 -0.448285 0.161455 -1.404787
0.500000 0.263157 0.079402 -0.778341 0.006001 -0.048629 0.024650 -0.199751 0.565023 0.484476 0.566030 0.932761 0.213620 -1.448013
0.500000 0.236843 0.079402 -0.880874 0.006001 -0.055035 0.024650 -0.226064 0.553258 0.442376 -0.012772 -0.490385 0.239777 -1.462185
0.529409 0.157894 0.174136 -1.188504 0.013161 -0.074255 0.054060 -0.305013 0.552454 0.289847 0.565225 0.780232 0.322026 -1.395381
0.529409 0.131580 0.174136 -1.291037 0.013161 -0.080661 0.054060 -0.331327 0.545516 0.243606 -0.019709 -0.536626 0.347994 -1.409061
0.558823 0.105263 0.268883 -1.393585 0.020321 -0.087068 0.083473 -0.357645 0.568651 0.186183 0.588360 0.722809 0.379384 -1.341504
0.588237 0.078949 0.363631 -1.496118 0.027482 -0.093474 0.112887 -0.383958 0.593511 0.133416 0.005151 -0.589394 0.412162 -1.284845
0.617647 0.078949 0.458364 -1.496118 0.034642 -0.093474 0.142297 -0.383958 0.622672 0.127133 0.617521 0.716527 0.421167 -1.215885
0.676470 0.078949 0.647844 -1.496118 0.048962 -0.093474 0.201120 -0.383958 0.681061 0.116182 0.063541 -0.600345 0.444503 -1.088285
0.735293 0.078949 0.837325 -1.496118 0.063283 -0.093474 0.259943 -0.383958 0.739519 0.106961 0.675979 0.707306 0.474030 -0.975668
