0.206896 0.529414 -1.105361 0.194107 -0.100838 0.016312 -0.333334 0.053923 0.568406 1.198244 0.568406 1.198244 0.333509 -0.160379
0.137931 0.529414 -1.334056 0.194107 -0.121701 0.016312 -0.402299 0.053923 0.547087 1.315927 -0.021319 0.117683 0.402444 -0.133243
0.103445 0.529414 -1.448412 0.194107 -0.132133 0.016312 -0.436784 0.053923 0.539426 1.377831 0.560745 1.260148 0.436918 -0.122833
0.068965 0.558823 -1.562751 0.299972 -0.142564 0.025209 -0.471264 0.083332 0.563063 1.448005 0.002318 0.187857 0.471631 -0.175018
0.000000 0.617647 -1.791446 0.511719 -0.163427 0.043004 -0.540230 0.142156 0.617647 1.570796 0.615328 1.382939 0.545748 -0.257306
0.000000 0.647060 -1.791446 0.617600 -0.163427 0.051902 -0.540230 0.171570 0.647060 1.570796 0.031732 0.187857 0.550691 -0.307512
0.000000 0.705884 -1.791446 0.829347 -0.163427 0.069697 -0.540230 0.230393 0.705884 1.570796 0.674152 1.382939 0.565057 -0.403117
0.000000 0.794116 -1.791446 1.146959 -0.163427 0.096388 -0.540230 0.318625 0.794116 1.570796 0.119965 0.187857 0.596914 -0.532883
0.068965 0.882353 -1.562751 1.464587 -0.142564 0.123081 -0.471264 0.406863 0.885045 1.492794 0.765080 1.304937 0.582356 -0.712189
0.137931 0.941177 -1.334056 1.676334 -0.121701 0.140876 -0.402299 0.465686 0.951230 1.425281 0.186150 0.120344 0.567982 -0.858296
0.172416 0.941177 -1.219700 1.676334 -0.111268 0.140876 -0.367814 0.465686 0.956839 1.389613 0.770689 1.269270 0.544101 -0.902286
0.275861 0.941177 -0.876667 1.676334 -0.079975 0.140876 -0.264368 0.465686 0.980772 1.285679 0.210083 0.016410 0.480259 -1.054468
0.379312 0.941177 -0.533616 1.676334 -0.048680 0.140876 -0.160918 0.465686 1.014737 1.187690 0.804654 1.171280 0.432034 -1.238092
0.413792 0.852940 -0.419277 1.358706 -0.038249 0.114183 -0.126438 0.377449 0.948014 1.119110 0.143360 -0.052170 0.337304 -1.247565
0.448277 0.823530 -0.304921 1.252840 -0.027817 0.105286 -0.091952 0.348039 0.937632 1.072312 0.794273 1.124482 0.297850 -1.312497
0.482757 0.794116 -0.190583 1.146959 -0.017386 0.096388 -0.057472 0.318625 0.929341 1.024575 0.135069 -0.099907 0.260310 -1.392340
0.517243 0.764707 -0.076227 1.041094 -0.006954 0.087492 -0.022987 0.289216 0.923210 0.976090 0.788141 1.075997 0.225651 -1.491483
0.517243 0.794116 -0.076227 1.146959 -0.006954 0.096388 -0.022987 0.318625 0.947713 0.993477 0.159572 -0.082520 0.254925 -1.498777
0.551723 0.823530 0.038112 1.252840 0.003477 0.105286 0.011493 0.348039 0.991262 0.980525 0.831690 1.063045 0.283534 1.537786
0.551723 0.882353 0.038112 1.464587 0.003477 0.123081 0.011493 0.406863 1.040647 1.011992 0.208957 -0.051053 0.342317 1.542556
0.620688 0.941177 0.266807 1.676334 0.024340 0.140876 0.080458 0.465686 1.127416 0.987785 0.918459 1.038838 0.408940 1.399711
0.724139 1.000000 0.609858 1.888080 0.055635 0.158671 0.183909 0.524509 1.234657 0.944053 0.316197 -0.094785 0.495188 1.233560
0.793104 0.970586 0.838552 1.782199 0.076498 0.149773 0.252874 0.495095 1.253416 0.885692 0.937219 0.980477 0.499152 1.098579
0.896549 0.911763 1.181586 1.570452 0.107791 0.131978 0.356320 0.436272 1.278715 0.793811 0.341496 -0.186666 0.514782 0.885932
0.965515 0.794116 1.410280 1.146959 0.128654 0.096388 0.425285 0.318625 1.250136 0.688299 0.908639 0.874964 0.495304 0.642992
1.000000 0.705884 1.524636 0.829347 0.139087 0.069697 0.459770 0.230393 1.224039 0.614664 0.315400 -0.260301 0.488702 0.464530
1.000000 0.558823 1.524636 0.299972 0.139087 0.025209 0.459770 0.083332 1.145549 0.509592 0.830150 0.769893 0.460146 0.179301
1.000000 0.382353 1.524636 -0.335268 0.139087 -0.028175 0.459770 -0.093137 1.070605 0.365202 0.240455 -0.404691 0.486121 -0.199869
0.931035 0.264707 1.295942 -0.758761 0.118224 -0.063765 0.390805 -0.210784 0.967934 0.277005 0.727479 0.681696 0.478165 -0.494636
0.896549 0.147060 1.181586 -1.182254 0.107791 -0.099355 0.356320 -0.328430 0.908530 0.162582 0.181052 -0.519115 0.530609 -0.744691
0.862069 0.117647 1.067247 -1.288136 0.097361 -0.108253 0.321840 -0.357844 0.870060 0.135632 0.689008 0.654747 0.531185 -0.838321
0.793104 0.088237 0.838552 -1.394001 0.076498 -0.117149 0.252874 -0.387254 0.797997 0.110800 0.108989 -0.543947 0.517921 -0.992319
0.724139 0.088237 0.609858 -1.394001 0.055635 -0.117149 0.183909 -0.387254 0.729495 0.121253 0.620505 0.665200 0.487975 -1.127425
0.689653 0.088237 0.495502 -1.394001 0.045203 -0.117149 0.149424 -0.387254 0.695275 0.127253 0.074770 -0.537947 0.476051 -1.202543
0.655173 0.117647 0.381163 -1.288136 0.034772 -0.108253 0.114944 -0.357844 0.665652 0.177672 0.590882 0.715620 0.437937 -1.259995
0.655173 0.147060 0.381163 -1.182254 0.034772 -0.099355 0.114944 -0.328430 0.671475 0.220801 0.080593 -0.494819 0.409627 -1.234140
0.620688 0.176470 0.266807 -1.076389 0.024340 -0.090458 0.080458 -0.299021 0.645287 0.277004 0.564694 0.771823 0.372552 -1.307949
0.620688 0.205884 0.266807 -0.970508 0.024340 -0.081560 0.080458 -0.269607 0.653943 0.320282 0.089249 -0.451541 0.343891 -1.280782
0.620688 0.235293 0.266807 -0.864642 0.024340 -0.072663 0.080458 -0.240198 0.663789 0.362347 0.574540 0.813887 0.315373 -1.247576
0.620688 0.294121 0.266807 -0.652880 0.024340 -0.054867 0.080458 -0.181370 0.686848 0.442520 0.112308 -0.371368 0.258927 -1.153265
0.620688 0.352944 0.266807 -0.441133 0.024340 -0.037072 0.080458 -0.122547 0.714019 0.517037 0.601711 0.888404 0.203837 -0.989828
0.620688 0.382353 0.266807 -0.335268 0.024340 -0.028175 0.080458 -0.093137 0.729005 0.552112 0.127294 -0.336292 0.177196 -0.858306
0.620688 0.411767 0.266807 -0.229386 0.024340 -0.019277 0.080458 -0.063724 0.744853 0.585741 0.617559 0.922033 0.151579 -0.669847
0.655173 0.411767 0.381163 -0.229386 0.034772 -0.019277 0.114944 -0.063724 0.773825 0.561102 0.156265 -0.360930 0.172379 -0.506207
0.655173 0.441177 0.381163 -0.123521 0.034772 -0.010380 0.114944 -0.034314 0.789866 0.592632 0.633601 0.953562 0.151735 -0.290108
0.655173 0.470591 0.381163 -0.017640 0.034772 -0.001482 0.114944 -0.004900 0.806664 0.622882 0.173063 -0.330680 0.134394 -0.042606
0.620688 0.470591 0.266807 -0.017640 0.024340 -0.001482 0.080458 -0.004900 0.778915 0.648713 0.605852 0.979393 0.106410 -0.060829
0.620688 0.500000 0.266807 0.088226 0.024340 0.007414 0.080458 0.024509 0.797028 0.678121 0.191176 -0.301273 0.089955 0.295688
0.586208 0.500000 0.152468 0.088226 0.013909 0.007414 0.045978 0.024509 0.770480 0.706198 0.579304 1.007471 0.061094 0.489743
0.517243 0.500000 -0.076227 0.088226 -0.006954 0.007414 -0.022987 0.024509 0.719402 0.768449 0.140098 -0.239021 0.046334 -0.817436
0.448277 0.500000 -0.304921 0.088226 -0.027817 0.007414 -0.091952 0.024509 0.671530 0.839888 0.531432 1.078909 0.100368 -0.260486
0.379312 0.470591 -0.533616 -0.017640 -0.048680 -0.001482 -0.160918 -0.004900 0.604428 0.892387 0.072996 -0.186522 0.175340 0.030443
0.275861 0.382353 -0.876667 -0.335268 -0.079975 -0.028175 -0.264368 -0.093137 0.471480 0.945798 0.398484 1.132320 0.307921 0.338724
0.275861 0.323530 -0.876667 -0.547014 -0.079975 -0.045970 -0.264368 -0.151961 0.425172 0.864760 0.026688 -0.267560 0.341832 0.521689
0.241381 0.235293 -0.991005 -0.864642 -0.090406 -0.072663 -0.298848 -0.240198 0.337087 0.772627 0.310399 1.040187 0.426962 0.677020
0.275861 0.147060 -0.876667 -1.182254 -0.079975 -0.099355 -0.264368 -0.328430 0.312612 0.489772 0.002212 -0.550415 0.473785 0.893048
0.344827 0.088237 -0.647972 -1.394001 -0.059112 -0.117149 -0.195403 -0.387254 0.355937 0.250513 0.353725 0.800928 0.492422 1.103487
0.448277 0.029414 -0.304921 -1.605747 -0.027817 -0.134944 -0.091952 -0.446077 0.449241 0.065521 0.095517 -0.735406 0.519026 1.367508
0.551723 0.000000 0.038112 -1.711629 0.003477 -0.143842 0.011493 -0.475491 0.551723 0.000000 0.456206 0.735406 0.540352 -1.546630
0.655173 0.029414 0.381163 -1.605747 0.034772 -0.134944 0.114944 -0.446077 0.655833 0.044865 0.199627 -0.690542 0.523588 -1.318606
0.724139 0.058823 0.609858 -1.499882 0.055635 -0.126047 0.183909 -0.416668 0.726524 0.081054 0.526897 0.771596 0.515339 -1.155133
0.793104 0.117647 0.838552 -1.288136 0.076498 -0.108253 0.252874 -0.357844 0.801782 0.147263 0.274885 -0.624333 0.492465 -0.955614
0.827584 0.205884 0.952891 -0.970508 0.086928 -0.081560 0.287354 -0.269607 0.852809 0.243827 0.577924 0.868160 0.440863 -0.753545
0.827584 0.235293 0.952891 -0.864642 0.086928 -0.072663 0.287354 -0.240198 0.860383 0.277004 0.282459 -0.591156 0.418997 -0.696247
0.827584 0.294121 0.952891 -0.652880 0.086928 -0.054867 0.287354 -0.181370 0.878295 0.341475 0.595836 0.932630 0.378341 -0.563025
0.862069 0.294121 1.067247 -0.652880 0.097361 -0.054867 0.321840 -0.181370 0.910863 0.328796 0.315026 -0.603835 0.405155 -0.513180
