0.075002 0.700001 -0.955039 0.647236 -0.087237 0.046537 -0.358666 0.191334 0.704008 1.464059 0.704008 1.464059 0.446738 -0.490057
0.075002 0.724999 -0.955039 0.731798 -0.087237 0.052618 -0.358666 0.216332 0.728868 1.467712 0.024861 0.003654 0.462077 -0.542739
0.075002 0.774999 -0.955039 0.900934 -0.087237 0.064779 -0.358666 0.266332 0.778620 1.474320 0.753759 1.470667 0.495125 -0.638725
0.050000 0.850001 -1.021612 1.154646 -0.093318 0.083021 -0.383667 0.341334 0.851470 1.512041 0.097711 0.041374 0.566157 -0.727073
0.050000 0.874999 -1.021612 1.239208 -0.093318 0.089101 -0.383667 0.366332 0.876426 1.513716 0.778715 1.472341 0.584785 -0.762288
0.075002 0.924998 -0.955039 1.408344 -0.087237 0.101262 -0.358666 0.416332 0.928034 1.489890 0.149319 0.017549 0.608315 -0.859669
0.075002 0.950000 -0.955039 1.492919 -0.087237 0.107344 -0.358666 0.441333 0.952956 1.492011 0.803637 1.474462 0.628682 -0.888368
0.125001 0.974998 -0.821901 1.577481 -0.075075 0.113424 -0.308666 0.466331 0.982979 1.443285 0.179341 -0.031177 0.623148 -0.986100
0.149999 1.000000 -0.755338 1.662056 -0.068995 0.119505 -0.283668 0.491333 1.011187 1.421907 0.831846 1.453084 0.633404 -1.047203
0.199999 1.000000 -0.622200 1.662056 -0.056834 0.119505 -0.233668 0.491333 1.019804 1.373401 0.187958 -0.079682 0.612645 -1.126876
0.225001 1.000000 -0.555627 1.662056 -0.050753 0.119505 -0.208666 0.491333 1.025000 1.349481 0.837043 1.429163 0.603552 -1.169185
0.275001 1.000000 -0.422490 1.662056 -0.038592 0.119505 -0.158666 0.491333 1.037124 1.302429 0.200081 -0.126734 0.588139 -1.258438
0.299999 0.974998 -0.355926 1.577481 -0.032512 0.113424 -0.133668 0.466331 1.020108 1.272298 0.820027 1.399032 0.557590 -1.291643
0.375000 0.874999 -0.156215 1.239208 -0.014269 0.089101 -0.058667 0.366332 0.951971 1.165903 0.131943 -0.233128 0.445214 -1.411999
0.375000 0.850001 -0.156215 1.154646 -0.014269 0.083021 -0.058667 0.341334 0.929046 1.155304 0.797103 1.388432 0.420447 -1.400585
0.400002 0.800001 -0.089641 0.985509 -0.008188 0.070860 -0.033665 0.291334 0.894429 1.107147 0.097326 -0.281285 0.367877 -1.455752
0.425000 0.750001 -0.023078 0.816372 -0.002108 0.058699 -0.008667 0.241334 0.862048 1.055248 0.764722 1.336533 0.316453 -1.534900
0.425000 0.724999 -0.023078 0.731798 -0.002108 0.052618 -0.008667 0.216332 0.840386 1.040580 0.075665 -0.295953 0.291461 -1.530755
0.450002 0.700001 0.043496 0.647236 0.003973 0.046537 0.016335 0.191334 0.832168 0.999457 0.756503 1.295411 0.266834 1.485629
0.450002 0.724999 0.043496 0.731798 0.003973 0.052618 0.016335 0.216332 0.853303 1.015300 0.096799 -0.280111 0.291790 1.495431
0.450002 0.774999 0.043496 0.900934 0.003973 0.064779 0.016335 0.266332 0.896173 1.044727 0.799373 1.324838 0.341722 1.509540
0.450002 0.800001 0.043496 0.985509 0.003973 0.070860 0.016335 0.291334 0.917880 1.058405 0.118507 -0.266433 0.366698 1.514785
0.450002 0.850001 0.043496 1.154646 0.003973 0.083021 0.016335 0.341334 0.961771 1.083895 0.843264 1.350328 0.416654 1.522977
0.475000 0.900000 0.110060 1.323782 0.010053 0.095182 0.041333 0.391334 1.017657 1.085174 0.174393 -0.265154 0.468161 1.465566
0.500002 0.924998 0.176633 1.408344 0.016134 0.101262 0.066335 0.416332 1.051487 1.075242 0.877094 1.340396 0.495789 1.412793
0.525000 0.950000 0.243197 1.492919 0.022214 0.107344 0.091333 0.441333 1.085415 1.065935 0.208321 -0.274461 0.524349 1.366730
0.575000 0.974998 0.376334 1.577481 0.034376 0.113424 0.141333 0.466331 1.131921 1.037952 0.923600 1.312413 0.559477 1.276522
0.674999 1.000000 0.642609 1.662056 0.058698 0.119505 0.241332 0.491333 1.206492 0.977047 0.282892 -0.335366 0.615609 1.114231
0.750001 1.000000 0.842320 1.662056 0.076940 0.119505 0.316334 0.491333 1.250001 0.927295 0.967108 1.262660 0.648691 0.998773
0.800001 1.000000 0.975457 1.662056 0.089102 0.119505 0.366334 0.491333 1.280625 0.896055 0.313517 -0.366605 0.674487 0.930123
0.874999 0.974998 1.175158 1.577481 0.107343 0.113424 0.441331 0.466331 1.310055 0.839400 0.996538 1.206005 0.698436 0.812934
0.900000 0.950000 1.241732 1.492919 0.113424 0.107344 0.466333 0.441333 1.308626 0.812419 0.312088 -0.393586 0.695749 0.757862
0.974998 0.900000 1.441432 1.323782 0.131666 0.095182 0.541331 0.391334 1.326884 0.745421 1.014797 1.139007 0.714497 0.625937
0.974998 0.824999 1.441432 1.070071 0.131666 0.076940 0.541331 0.316332 1.277202 0.702257 0.262405 -0.436750 0.667967 0.528840
1.000000 0.774999 1.508006 0.900934 0.137747 0.064779 0.566333 0.266332 1.265157 0.659309 1.002752 1.096059 0.661242 0.439586
1.000000 0.700001 1.508006 0.647236 0.137747 0.046537 0.566333 0.191334 1.220656 0.610727 0.217904 -0.485333 0.625833 0.325808
1.000000 0.600002 1.508006 0.308962 0.137747 0.022215 0.566333 0.091335 1.166191 0.540421 0.948287 1.025753 0.590254 0.159897
1.000000 0.525000 1.508006 0.055251 0.137747 0.003973 0.566333 0.016333 1.129436 0.483447 0.181148 -0.542306 0.573650 0.028832
0.950000 0.375000 1.374869 -0.452159 0.125585 -0.032511 0.516333 -0.133666 1.021335 0.375961 0.840187 0.918268 0.519655 -0.253315
0.924998 0.299999 1.308295 -0.705870 0.119504 -0.050753 0.491331 -0.208668 0.972431 0.313620 0.132244 -0.604648 0.509189 -0.401616
0.850001 0.175001 1.108594 -1.128706 0.101263 -0.081156 0.416333 -0.333666 0.867829 0.203046 0.735585 0.807694 0.490144 -0.675617
0.800001 0.125001 0.975457 -1.297842 0.089102 -0.093317 0.366334 -0.383665 0.809708 0.154998 0.074123 -0.652696 0.479035 -0.808503
0.774999 0.075002 0.908883 -1.466979 0.083021 -0.105478 0.341332 -0.433665 0.778620 0.096476 0.704497 0.749172 0.495125 -0.903979
0.724999 0.050000 0.775746 -1.551554 0.070859 -0.111560 0.291332 -0.458667 0.726721 0.068856 0.022224 -0.680315 0.481742 -1.004916
0.674999 0.025002 0.642609 -1.636116 0.058698 -0.117640 0.241332 -0.483665 0.675462 0.037023 0.653238 0.717338 0.474604 -1.107977
0.575000 0.000000 0.376334 -1.720690 0.034376 -0.123721 0.141333 -0.508667 0.575000 0.000000 -0.078238 -0.717338 0.456116 -1.299783
0.550002 0.000000 0.309771 -1.720690 0.028296 -0.123721 0.116335 -0.508667 0.550002 0.000000 0.628240 0.717338 0.449000 -1.345958
0.500002 0.000000 0.176633 -1.720690 0.016134 -0.123721 0.066335 -0.508667 0.500002 0.000000 -0.128238 -0.717338 0.438711 -1.441119
0.450002 0.050000 0.043496 -1.551554 0.003973 -0.111560 0.016335 -0.458667 0.452771 0.110656 0.581009 0.827994 0.384015 -1.535197
0.450002 0.075002 0.043496 -1.466979 0.003973 -0.105478 0.016335 -0.433665 0.456210 0.165151 -0.124800 -0.662843 0.359037 -1.533147
0.425000 0.100000 -0.023078 -1.382417 -0.002108 -0.099398 -0.008667 -0.408667 0.436606 0.231090 0.561406 0.893933 0.333780 1.549592
0.425000 0.149999 -0.023078 -1.213280 -0.002108 -0.087237 -0.008667 -0.358667 0.450694 0.339291 -0.110712 -0.554642 0.283800 1.546637
0.425000 0.175001 -0.023078 -1.128706 -0.002108 -0.081156 -0.008667 -0.333666 0.459620 0.390609 0.570332 0.945251 0.258811 1.544828
0.425000 0.199999 -0.023078 -1.044144 -0.002108 -0.075076 -0.008667 -0.308668 0.469707 0.439841 -0.100625 -0.505410 0.233829 1.542725
0.425000 0.175001 -0.023078 -1.128706 -0.002108 -0.081156 -0.008667 -0.333666 0.459620 0.390609 0.560245 0.896019 0.258811 1.544828
0.425000 0.149999 -0.023078 -1.213280 -0.002108 -0.087237 -0.008667 -0.358667 0.450694 0.339291 -0.109551 -0.556728 0.283800 1.546637
0.425000 0.125001 -0.023078 -1.297842 -0.002108 -0.093317 -0.008667 -0.383665 0.443002 0.286054 0.552553 0.842782 0.308787 1.548211
0.400002 0.075002 -0.089641 -1.466979 -0.008188 -0.105478 -0.033665 -0.433665 0.406973 0.185351 -0.145580 -0.657432 0.360242 1.493323
0.375000 0.075002 -0.156215 -1.466979 -0.014269 -0.105478 -0.058667 -0.433665 0.382427 0.197399 0.528007 0.854831 0.363432 1.436332
0.299999 0.025002 -0.355926 -1.636116 -0.032512 -0.117640 -0.133668 -0.483665 0.301039 0.083147 -0.226968 -0.771683 0.429970 1.301161
0.275001 0.025002 -0.422490 -1.636116 -0.038592 -0.117640 -0.158666 -0.483665 0.276135 0.090666 0.503103 0.862350 0.438386 1.253808
0.225001 0.025002 -0.555627 -1.636116 -0.050753 -0.117640 -0.208666 -0.483665 0.226386 0.110665 -0.276718 -0.751685 0.458856 1.163495
0.100000 0.050000 -0.888475 -1.551554 -0.081156 -0.111560 -0.333667 -0.458667 0.111803 0.463648 0.388520 1.215333 0.508463 0.941870
0.075002 0.075002 -0.955039 -1.466979 -0.087237 -0.105478 -0.358666 -0.433665 0.106068 0.785398 -0.282452 -0.429934 0.507230 0.879774
0.000000 0.125001 -1.154750 -1.297842 -0.105479 -0.093317 -0.433667 -0.383665 0.125001 1.570796 0.407454 2.000731 0.532298 0.724298
0.000000 0.175001 -1.154750 -1.128706 -0.105479 -0.081156 -0.433667 -0.333666 0.175001 1.570796 -0.232452 -0.429934 0.504951 0.655805
0.000000 0.199999 -1.154750 -1.044144 -0.105479 -0.075076 -0.433667 -0.308668 0.199999 1.570796 0.432452 2.000731 0.492613 0.618576
0.000000 0.275001 -1.154750 -0.790432 -0.105479 -0.056834 -0.433667 -0.233666 0.275001 1.570796 -0.157451 -0.429934 0.461782 0.494215
0.025002 0.299999 -1.088176 -0.705870 -0.099398 -0.050753 -0.408665 -0.208668 0.301039 1.487649 0.458490 1.917583 0.429970 0.472098
0.125001 0.325001 -0.821901 -0.621296 -0.075075 -0.044672 -0.308666 -0.183666 0.348211 1.203619 -0.110279 -0.713964 0.327235 0.536759
0.199999 0.349999 -0.622200 -0.536734 -0.056834 -0.038592 -0.233668 -0.158668 0.403111 1.051650 0.513390 1.765614 0.248196 0.596515
0.225001 0.349999 -0.555627 -0.536734 -0.050753 -0.038592 -0.208666 -0.158668 0.416082 0.999455 -0.097308 -0.766159 0.224815 0.650119
0.299999 0.299999 -0.355926 -0.705870 -0.032512 -0.050753 -0.133668 -0.208668 0.424262 0.785398 0.521570 1.551557 0.189035 1.001073
0.325001 0.275001 -0.289352 -0.790432 -0.026430 -0.056834 -0.108666 -0.233666 0.425736 0.702257 -0.095835 -0.849300 0.192311 1.135497
0.349999 0.199999 -0.222789 -1.044144 -0.020350 -0.075076 -0.083668 -0.308668 0.403111 0.519146 0.498946 1.368446 0.248196 1.306094
