0.114285 0.764702 -0.915372 0.885178 -0.078637 0.061424 -0.332532 0.259742 0.773195 1.422443 0.773195 1.422443 0.460031 -0.663113
0.085716 0.794116 -0.994016 0.985418 -0.085393 0.068379 -0.361101 0.289156 0.798729 1.463273 0.025534 0.040830 0.501010 -0.675206
0.085716 0.823526 -0.994016 1.085642 -0.085393 0.075334 -0.361101 0.318566 0.827975 1.467085 0.802441 1.426255 0.521827 -0.722897
0.057143 0.882349 -1.072671 1.286106 -0.092150 0.089244 -0.389675 0.377389 0.884197 1.506125 0.081756 0.079869 0.584409 -0.769383
0.057143 0.911763 -1.072671 1.386346 -0.092150 0.096200 -0.389675 0.406803 0.913552 1.508205 0.831795 1.428336 0.606647 -0.806900
0.057143 0.941172 -1.072671 1.486571 -0.092150 0.103155 -0.389675 0.436212 0.942905 1.510156 0.111110 0.081820 0.629470 -0.841687
0.057143 0.970586 -1.072671 1.586810 -0.092150 0.110111 -0.389675 0.465626 0.972267 1.511990 0.861157 1.430169 0.652825 -0.873967
0.085716 1.000000 -0.994016 1.687050 -0.085393 0.117066 -0.361101 0.495040 1.003667 1.485289 0.142510 0.055120 0.660610 -0.940585
0.114285 1.000000 -0.915372 1.687050 -0.078637 0.117066 -0.332532 0.495040 1.006509 1.457005 0.863999 1.401885 0.645437 -0.979298
0.142859 1.000000 -0.836717 1.687050 -0.071880 0.117066 -0.303958 0.495040 1.010153 1.428897 0.146154 0.027012 0.631191 -1.020141
0.200002 1.000000 -0.679418 1.687050 -0.058367 0.117066 -0.246816 0.495040 1.019804 1.373399 0.873651 1.346387 0.605747 -1.108287
0.228571 1.000000 -0.600775 1.687050 -0.051611 0.117066 -0.218246 0.495040 1.025790 1.346086 0.152139 -0.000301 0.594678 -1.155564
0.285714 0.970586 -0.443476 1.586810 -0.038098 0.110111 -0.161104 0.465626 1.011766 1.284511 0.859627 1.284812 0.547985 -1.237695
0.314287 0.941172 -0.364821 1.486571 -0.031341 0.103155 -0.132530 0.436212 0.992261 1.248507 0.132634 -0.036304 0.511811 -1.275838
0.342861 0.911763 -0.286165 1.386346 -0.024584 0.096200 -0.103957 0.406803 0.974097 1.211113 0.841463 1.247417 0.476426 -1.320605
0.371430 0.882349 -0.207522 1.286106 -0.017828 0.089244 -0.075387 0.377389 0.957340 1.172356 0.115877 -0.075061 0.442008 -1.373631
0.371430 0.823526 -0.207522 1.085642 -0.017828 0.075334 -0.075387 0.318566 0.903413 1.147091 0.787535 1.222152 0.384178 -1.338424
0.400003 0.794116 -0.128866 0.985418 -0.011071 0.068379 -0.046814 0.289156 0.889170 1.104186 0.101635 -0.117966 0.350440 -1.410290
0.428573 0.735293 -0.050223 0.784953 -0.004314 0.054469 -0.018245 0.230333 0.851076 1.043075 0.749441 1.161041 0.289052 -1.491751
0.457146 0.676470 0.028432 0.584489 0.002443 0.040558 0.010329 0.171510 0.816452 0.976510 0.067011 -0.184532 0.229885 1.510646
0.457146 0.647056 0.028432 0.484249 0.002443 0.033603 0.010329 0.142096 0.792253 0.955720 0.725242 1.140252 0.200505 1.498235
0.457146 0.617647 0.028432 0.384025 0.002443 0.026648 0.010329 0.112686 0.768420 0.933634 0.043179 -0.206618 0.171141 1.479392
0.457146 0.647056 0.028432 0.484249 0.002443 0.033603 0.010329 0.142096 0.792253 0.955720 0.749074 1.162338 0.200505 1.498235
0.457146 0.676470 0.028432 0.584489 0.002443 0.040558 0.010329 0.171510 0.816452 0.976510 0.067378 -0.185828 0.229885 1.510646
0.457146 0.735293 0.028432 0.784953 0.002443 0.054469 0.010329 0.230333 0.865817 1.014559 0.798439 1.200387 0.288661 1.525984
0.457146 0.794116 0.028432 0.985418 0.002443 0.068379 0.010329 0.289156 0.916299 1.048461 0.117860 -0.151926 0.347452 1.535091
0.485715 0.823526 0.107076 1.085642 0.009199 0.075334 0.038898 0.318566 0.956093 1.037911 0.838233 1.189837 0.378711 1.449294
0.485715 0.882349 0.107076 1.286106 0.009199 0.089244 0.038898 0.377389 1.007204 1.067585 0.168971 -0.122252 0.437265 1.468088
0.514289 0.911763 0.185731 1.386346 0.015956 0.096200 0.067472 0.406803 1.046807 1.057223 0.877836 1.179475 0.469816 1.406435
0.542858 0.941172 0.264375 1.486571 0.022712 0.103155 0.096041 0.436212 1.086508 1.047618 0.208672 -0.131856 0.503598 1.354084
0.571432 0.970586 0.343030 1.586810 0.029469 0.110111 0.124614 0.465626 1.126309 1.038691 0.917637 1.170547 0.538389 1.309297
0.628574 1.000000 0.500329 1.687050 0.042982 0.117066 0.181757 0.495040 1.181146 1.009631 0.263509 -0.160916 0.582277 1.218920
0.742860 1.000000 0.814926 1.687050 0.070008 0.117066 0.296042 0.495040 1.245729 0.931881 0.982220 1.092797 0.627417 1.031836
0.800003 1.000000 0.972225 1.687050 0.083521 0.117066 0.353185 0.495040 1.280626 0.896054 0.298407 -0.196743 0.656316 0.951102
0.857145 0.970586 1.129524 1.586810 0.097034 0.110111 0.410328 0.465626 1.294888 0.847385 0.996482 1.044128 0.665359 0.848444
0.885715 0.911763 1.208167 1.386346 0.103790 0.096200 0.438897 0.406803 1.271142 0.799889 0.274660 -0.244239 0.639379 0.747466
0.942857 0.852940 1.365466 1.185882 0.117303 0.082290 0.496040 0.347980 1.271411 0.735369 0.996751 0.979608 0.641086 0.611742
0.971431 0.735293 1.444122 0.784953 0.124060 0.054469 0.524613 0.230333 1.218332 0.647914 0.221582 -0.331694 0.598696 0.413713
1.000000 0.676470 1.522765 0.584489 0.130816 0.040558 0.553183 0.171510 1.207316 0.594759 0.985734 0.926453 0.598958 0.300644
1.000000 0.588233 1.522765 0.283785 0.130816 0.019692 0.553183 0.083273 1.160180 0.531722 0.174446 -0.394731 0.570972 0.149412
1.000000 0.529409 1.522765 0.083321 0.130816 0.005782 0.553183 0.024449 1.131492 0.486897 0.957046 0.881628 0.559314 0.044169
0.971431 0.382353 1.444122 -0.417832 0.124060 -0.028994 0.524613 -0.122607 1.043969 0.374975 0.086923 -0.506653 0.528559 -0.229588
0.971431 0.323530 1.444122 -0.618296 0.124060 -0.042904 0.524613 -0.181430 1.023889 0.321491 0.936966 0.828144 0.538905 -0.332960
0.942857 0.264707 1.365466 -0.818760 0.117303 -0.056815 0.496040 -0.240253 0.979311 0.273704 0.042345 -0.554440 0.528412 -0.451043
0.942857 0.205884 1.365466 -1.019225 0.117303 -0.070725 0.496040 -0.299076 0.965074 0.214987 0.922729 0.769427 0.551457 -0.542570
0.885715 0.117647 1.208167 -1.319928 0.103790 -0.091591 0.438897 -0.387314 0.893494 0.132054 -0.029236 -0.637373 0.548620 -0.723045
0.857145 0.088237 1.129524 -1.420153 0.097034 -0.098546 0.410328 -0.416723 0.861675 0.102582 0.890911 0.739955 0.544930 -0.793130
0.828572 0.058823 1.050869 -1.520393 0.090277 -0.105502 0.381754 -0.446137 0.830657 0.070875 -0.060254 -0.669080 0.544312 -0.863009
0.800003 0.029409 0.972225 -1.620632 0.083521 -0.112458 0.353185 -0.475551 0.800543 0.036745 0.860797 0.705825 0.546781 -0.931992
0.714286 0.000000 0.736271 -1.720857 0.063251 -0.119412 0.267469 -0.504960 0.714286 0.000000 -0.146510 -0.705825 0.520755 -1.083685
0.685717 0.000000 0.657628 -1.720857 0.056495 -0.119412 0.238900 -0.504960 0.685717 0.000000 0.832227 0.705825 0.506674 -1.128894
0.600001 0.000000 0.421673 -1.720857 0.036225 -0.119412 0.153183 -0.504960 0.600001 0.000000 -0.232226 -0.705825 0.472346 -1.276262
0.571432 0.029409 0.343030 -1.620632 0.029469 -0.112458 0.124614 -0.475551 0.572188 0.051421 0.804414 0.757246 0.435612 -1.314517
0.542858 0.029409 0.264375 -1.620632 0.022712 -0.112458 0.096041 -0.475551 0.543654 0.054122 -0.260760 -0.703124 0.428314 -1.371520
0.485715 0.088237 0.107076 -1.420153 0.009199 -0.098546 0.038898 -0.416723 0.493665 0.179704 0.754425 0.882829 0.360684 -1.477723
0.457146 0.117647 0.028432 -1.319928 0.002443 -0.091591 0.010329 -0.387314 0.472042 0.251884 -0.282384 -0.630944 0.329333 -1.544135
0.457146 0.176470 0.028432 -1.119464 0.002443 -0.077681 0.010329 -0.328490 0.490025 0.368401 0.772408 0.999346 0.270545 -1.539364
0.457146 0.205884 0.028432 -1.019225 0.002443 -0.070725 0.010329 -0.299076 0.501369 0.423159 -0.271040 -0.576186 0.241155 -1.536275
0.457146 0.235293 0.028432 -0.919000 0.002443 -0.063771 0.010329 -0.269667 0.514145 0.475338 0.785185 1.051524 0.211776 -1.532513
0.457146 0.264707 0.028432 -0.818760 0.002443 -0.056815 0.010329 -0.240253 0.528254 0.524867 -0.256931 -0.526658 0.182403 -1.527832
0.457146 0.235293 0.028432 -0.919000 0.002443 -0.063771 0.010329 -0.269667 0.514145 0.475338 0.771076 1.001996 0.211776 -1.532513
0.457146 0.205884 0.028432 -1.019225 0.002443 -0.070725 0.010329 -0.299076 0.501369 0.423159 -0.269707 -0.578837 0.241155 -1.536275
0.457146 0.176470 0.028432 -1.119464 0.002443 -0.077681 0.010329 -0.328490 0.490025 0.368401 0.759732 0.947238 0.270545 -1.539364
0.457146 0.147060 0.028432 -1.219689 0.002443 -0.084636 0.010329 -0.357900 0.480218 0.311237 -0.279514 -0.636000 0.299935 -1.541945
0.428573 0.088237 -0.050223 -1.420153 -0.004314 -0.098546 -0.018245 -0.416723 0.437562 0.203049 0.717076 0.839049 0.359044 1.527043
0.400003 0.088237 -0.128866 -1.420153 -0.011071 -0.098546 -0.046814 -0.416723 0.409620 0.217114 -0.307456 -0.621935 0.361623 1.458927
0.371430 0.058823 -0.207522 -1.520393 -0.017828 -0.105502 -0.075387 -0.446137 0.376059 0.157065 0.683515 0.779001 0.395250 1.403399
0.285714 0.029409 -0.443476 -1.620632 -0.038098 -0.112458 -0.161104 -0.475551 0.287223 0.102572 -0.396292 -0.676429 0.447419 1.244158
0.228571 0.029409 -0.600775 -1.620632 -0.051611 -0.112458 -0.218246 -0.475551 0.230455 0.127963 0.626747 0.804392 0.471021 1.140538
0.142859 0.058823 -0.836717 -1.520393 -0.071880 -0.105502 -0.303958 -0.446137 0.154496 0.390601 -0.472251 -0.413791 0.492879 0.972723
0.057143 0.088237 -1.072671 -1.420153 -0.092150 -0.098546 -0.389675 -0.416723 0.105124 0.996107 0.577375 1.409898 0.529553 0.818928
0.028574 0.117647 -1.151315 -1.319928 -0.098906 -0.091591 -0.418244 -0.387314 0.121067 1.332534 -0.456309 -0.077365 0.532242 0.747021
0.000000 0.176470 -1.229970 -1.119464 -0.105663 -0.077681 -0.446817 -0.328490 0.176470 1.570796 0.632778 1.648161 0.522239 0.633947
0.000000 0.235293 -1.229970 -0.919000 -0.105663 -0.063771 -0.446817 -0.269667 0.235293 1.570796 -0.397485 -0.077365 0.494357 0.543010
0.000000 0.294116 -1.229970 -0.718536 -0.105663 -0.049860 -0.446817 -0.210844 0.294116 1.570796 0.691602 1.648161 0.472190 0.440899
0.000000 0.323530 -1.229970 -0.618296 -0.105663 -0.042904 -0.446817 -0.181430 0.323530 1.570796 -0.368071 -0.077365 0.463514 0.385710
0.085716 0.382353 -0.994016 -0.417832 -0.085393 -0.028994 -0.361101 -0.122607 0.391844 1.350262 0.759915 1.427626 0.366810 0.327322
0.114285 0.382353 -0.915372 -0.417832 -0.078637 -0.028994 -0.332532 -0.122607 0.399068 1.280349 -0.360847 -0.147278 0.338723 0.353242
0.228571 0.382353 -0.600775 -0.417832 -0.051611 -0.028994 -0.218246 -0.122607 0.445465 1.031996 0.806312 1.179274 0.227568 0.511843
0.285714 0.323530 -0.443476 -0.618296 -0.038098 -0.042904 -0.161104 -0.181430 0.431630 0.847390 -0.374682 -0.331884 0.202865 0.844669
0.314287 0.323530 -0.364821 -0.618296 -0.031341 -0.042904 -0.132530 -0.181430 0.451052 0.799889 0.825735 1.131772 0.181008 0.939908
0.371430 0.235293 -0.207522 -0.919000 -0.017828 -0.063771 -0.075387 -0.269667 0.439685 0.564673 -0.386049 -0.567099 0.224557 1.298198
0.400003 0.176470 -0.128866 -1.119464 -0.011071 -0.077681 -0.046814 -0.328490 0.437201 0.415487 0.823250 0.982586 0.274371 1.429237
