0.000000 0.586208 -1.562426 0.095588 -0.128117 0.006067 -0.542229 0.025679 0.586208 1.570796 0.586208 1.570796 0.544009 -0.047323
0.000000 0.620688 -1.562426 0.223939 -0.128117 0.014214 -0.542229 0.060159 0.620688 1.570796 0.034480 0.000000 0.547876 -0.110496
0.000000 0.689659 -1.562426 0.480678 -0.128117 0.030510 -0.542229 0.129130 0.689659 1.570796 0.655179 1.570796 0.561914 -0.233791
0.000000 0.724139 -1.562426 0.609028 -0.128117 0.038657 -0.542229 0.163610 0.724139 1.570796 0.068960 0.000000 0.571929 -0.293048
0.030301 0.758624 -1.475115 0.737397 -0.120957 0.046805 -0.511928 0.198095 0.759229 1.530876 0.690269 1.530876 0.555785 -0.369213
0.030301 0.793104 -1.475115 0.865747 -0.120957 0.054952 -0.511928 0.232575 0.793683 1.532610 0.103414 0.001734 0.570095 -0.426434
0.060606 0.862069 -1.387790 1.122467 -0.113797 0.071247 -0.481623 0.301540 0.864197 1.500609 0.760783 1.498875 0.578151 -0.559384
0.090907 0.896555 -1.300479 1.250837 -0.106637 0.079395 -0.451322 0.336026 0.901152 1.469746 0.140368 -0.029129 0.573793 -0.639995
0.151513 0.931035 -1.125844 1.379187 -0.092318 0.087542 -0.390716 0.370506 0.943282 1.409475 0.802914 1.438604 0.551207 -0.758854
0.181818 0.965520 -1.038520 1.507556 -0.085157 0.095690 -0.360411 0.404991 0.982490 1.384665 0.179576 -0.053939 0.555942 -0.843576
0.242424 1.000000 -0.863885 1.635906 -0.070837 0.103837 -0.299805 0.439471 1.028965 1.332961 0.849389 1.386899 0.547209 -0.972120
0.272724 1.000000 -0.776574 1.635906 -0.063678 0.103837 -0.269504 0.439471 1.036522 1.304547 0.187133 -0.082352 0.531213 -1.020693
0.303030 1.000000 -0.689250 1.635906 -0.056517 0.103837 -0.239199 0.439471 1.044905 1.276562 0.857772 1.358915 0.516499 -1.072348
0.333330 1.000000 -0.601939 1.635906 -0.049358 0.103837 -0.208899 0.439471 1.054092 1.249049 0.196320 -0.109866 0.503183 -1.127070
0.363636 1.000000 -0.514614 1.635906 -0.042198 0.103837 -0.178593 0.439471 1.064063 1.222026 0.867744 1.331892 0.491376 -1.184800
0.393936 1.000000 -0.427303 1.635906 -0.035038 0.103837 -0.148293 0.439471 1.074796 1.195528 0.207052 -0.136364 0.481191 -1.245359
0.424241 1.000000 -0.339979 1.635906 -0.027878 0.103837 -0.117987 0.439471 1.086269 1.169568 0.879217 1.305932 0.472732 -1.308506
0.424241 0.965520 -0.339979 1.507556 -0.027878 0.095690 -0.117987 0.404991 1.054613 1.156799 0.175396 -0.149133 0.439427 -1.287309
0.454542 0.931035 -0.252668 1.379187 -0.020718 0.087542 -0.087687 0.370506 1.036067 1.116624 0.860671 1.265757 0.398571 -1.338405
0.454542 0.896555 -0.252668 1.250837 -0.020718 0.079395 -0.087687 0.336026 1.005196 1.101574 0.144525 -0.164183 0.365015 -1.315536
0.454542 0.827589 -0.252668 0.994117 -0.020718 0.063100 -0.087687 0.267060 0.944199 1.068540 0.799674 1.232722 0.298529 -1.253546
0.454542 0.793104 -0.252668 0.865747 -0.020718 0.054952 -0.087687 0.232575 0.914124 1.050378 0.114450 -0.182345 0.265758 -1.210251
0.454542 0.724139 -0.252668 0.609028 -0.020718 0.038657 -0.087687 0.163610 0.854977 1.010258 0.740527 1.192602 0.201941 -1.078803
0.454542 0.689659 -0.252668 0.480678 -0.020718 0.030510 -0.087687 0.129130 0.825977 0.988062 0.085450 -0.204540 0.171536 -0.974263
0.454542 0.620688 -0.252668 0.223939 -0.020718 0.014214 -0.087687 0.060159 0.769326 0.938707 0.683876 1.143247 0.117664 -0.601314
0.454542 0.586208 -0.252668 0.095588 -0.020718 0.006067 -0.087687 0.025679 0.741787 0.911240 0.057911 -0.232006 0.098098 -0.284883
0.454542 0.551723 -0.252668 -0.032781 -0.020718 -0.002081 -0.087687 -0.008806 0.714847 0.881675 0.656936 1.113682 0.088199 0.100094
0.424241 0.551723 -0.339979 -0.032781 -0.027878 -0.002081 -0.117987 -0.008806 0.695973 0.915284 0.039037 -0.198398 0.118369 0.074500
0.424241 0.586208 -0.339979 0.095588 -0.027878 0.006067 -0.117987 0.025679 0.723616 0.944338 0.684579 1.142736 0.125917 -0.214299
0.424241 0.620688 -0.339979 0.223939 -0.027878 0.014214 -0.117987 0.060159 0.751821 0.971229 0.067242 -0.171507 0.141693 -0.471518
0.424241 0.655173 -0.339979 0.352308 -0.027878 0.022362 -0.117987 0.094644 0.780534 0.996163 0.713292 1.167669 0.163332 -0.676054
0.424241 0.689659 -0.339979 0.480678 -0.027878 0.030510 -0.117987 0.129130 0.809697 1.019314 0.096405 -0.148356 0.188829 -0.830456
0.424241 0.758624 -0.339979 0.737397 -0.027878 0.046805 -0.117987 0.198095 0.869190 1.060898 0.772785 1.209254 0.246471 -1.033611
0.454542 0.793104 -0.252668 0.865747 -0.020718 0.054952 -0.087687 0.232575 0.914124 1.050378 0.141339 -0.158876 0.265758 -1.210251
0.515148 0.862069 -0.078033 1.122467 -0.006399 0.071247 -0.027081 0.301540 1.004261 1.032164 0.862922 1.191041 0.320985 -1.481229
0.575754 0.896555 0.096602 1.250837 0.007921 0.079395 0.033525 0.336026 1.065506 0.999935 0.202584 -0.191106 0.355908 1.471356
0.606059 0.931035 0.183927 1.379187 0.015082 0.087542 0.063830 0.370506 1.110916 0.993752 0.908332 1.184858 0.394011 1.400192
0.636360 0.965520 0.271238 1.507556 0.022241 0.095690 0.094131 0.404991 1.156366 0.988061 0.248034 -0.196797 0.433631 1.342423
0.666665 0.965520 0.358562 1.507556 0.029402 0.095690 0.124436 0.404991 1.173316 0.966493 0.925282 1.163290 0.441203 1.272695
0.727271 1.000000 0.533197 1.635906 0.043721 0.103837 0.185042 0.439471 1.236496 0.942001 0.311214 -0.221289 0.493756 1.172270
0.757572 1.000000 0.620508 1.635906 0.050881 0.103837 0.215343 0.439471 1.254558 0.922467 0.943343 1.143756 0.505892 1.115177
0.787877 1.000000 0.707832 1.635906 0.058041 0.103837 0.245648 0.439471 1.273087 0.903491 0.329744 -0.240265 0.519517 1.061097
0.818178 1.000000 0.795143 1.635906 0.065201 0.103837 0.275949 0.439471 1.292058 0.885069 0.962315 1.125334 0.534511 1.010106
0.848483 1.000000 0.882467 1.635906 0.072361 0.103837 0.306254 0.439471 1.311458 0.867184 0.349144 -0.258150 0.550769 0.962174
0.878788 1.000000 0.969792 1.635906 0.079522 0.103837 0.336559 0.439471 1.331266 0.849825 0.982122 1.107975 0.568178 0.917242
0.909089 1.000000 1.057103 1.635906 0.086681 0.103837 0.366860 0.439471 1.351459 0.832982 0.369337 -0.274993 0.586635 0.875207
0.939394 0.965520 1.144427 1.507556 0.093841 0.095690 0.397165 0.404991 1.347104 0.799112 0.977767 1.074105 0.580444 0.795154
0.969695 0.931035 1.231738 1.379187 0.101001 0.087542 0.427466 0.370506 1.344297 0.765061 0.366530 -0.309044 0.577838 0.714138
0.969695 0.862069 1.231738 1.122467 0.101001 0.071247 0.427466 0.301540 1.297487 0.726711 0.930957 1.035754 0.533877 0.614350
0.969695 0.793104 1.231738 0.865747 0.101001 0.054952 0.427466 0.232575 1.252726 0.685555 0.321769 -0.350199 0.495647 0.498285
1.000000 0.758624 1.319062 0.737397 0.108161 0.046805 0.457771 0.198095 1.255193 0.648998 0.933425 0.999197 0.506341 0.408406
1.000000 0.689659 1.319062 0.480678 0.108161 0.030510 0.457771 0.129130 1.214755 0.603752 0.281330 -0.395445 0.480926 0.274939
1.000000 0.620688 1.319062 0.223939 0.108161 0.014214 0.457771 0.060159 1.176968 0.555493 0.895638 0.950938 0.464446 0.130668
1.000000 0.586208 1.319062 0.095588 0.108161 0.006067 0.457771 0.025679 1.159155 0.530217 0.263517 -0.420721 0.459879 0.056037
1.000000 0.448277 1.319062 -0.417851 0.108161 -0.026523 0.457771 -0.112252 1.095880 0.421420 0.832363 0.842142 0.467313 -0.240469
0.969695 0.413792 1.231738 -0.546221 0.101001 -0.034671 0.427466 -0.146737 1.054292 0.403330 0.221929 -0.438812 0.446344 -0.330668
0.939394 0.344827 1.144427 -0.802940 0.093841 -0.050966 0.397165 -0.215702 1.000683 0.351803 0.778754 0.790615 0.443518 -0.497534
0.939394 0.310347 1.144427 -0.931290 0.093841 -0.059113 0.397165 -0.250182 0.989331 0.319080 0.210577 -0.471535 0.459902 -0.562130
0.909089 0.275861 1.057103 -1.059660 0.086681 -0.067261 0.366860 -0.284668 0.950022 0.294617 0.739445 0.766152 0.453363 -0.659908
0.848483 0.206896 0.882467 -1.316380 0.072361 -0.083556 0.306254 -0.353633 0.873344 0.239175 0.133899 -0.526977 0.454136 -0.857074
0.818178 0.172416 0.795143 -1.444730 0.065201 -0.091703 0.275949 -0.388113 0.836147 0.207693 0.702248 0.734670 0.461421 -0.952725
0.787877 0.137931 0.707832 -1.573099 0.058041 -0.099851 0.245648 -0.422598 0.799859 0.173310 0.097611 -0.561360 0.473075 -1.044255
0.696966 0.068965 0.445873 -1.829819 0.036561 -0.116146 0.154737 -0.491564 0.700370 0.098630 0.602758 0.659990 0.497918 -1.265831
0.666665 0.068965 0.358562 -1.829819 0.029402 -0.116146 0.124436 -0.491564 0.670223 0.103082 0.067464 -0.556909 0.489349 -1.322861
0.636360 0.034485 0.271238 -1.958169 0.022241 -0.124292 0.094131 -0.526044 0.637294 0.054139 0.569829 0.611047 0.516395 -1.393729
0.575754 0.000000 0.096602 -2.086539 0.007921 -0.132441 0.033525 -0.560529 0.575754 0.000000 0.005925 -0.611047 0.543264 -1.511058
0.545453 0.000000 0.009291 -2.086539 0.000762 -0.132441 0.003224 -0.560529 0.545453 0.000000 0.539528 0.611047 0.542238 -1.565044
0.515148 0.000000 -0.078033 -2.086539 -0.006399 -0.132441 -0.027081 -0.560529 0.515148 0.000000 -0.024380 -0.611047 0.542905 1.522521
0.454542 0.000000 -0.252668 -2.086539 -0.020718 -0.132441 -0.087687 -0.560529 0.454542 0.000000 0.478923 0.611047 0.549273 1.415618
0.424241 0.000000 -0.339979 -2.086539 -0.027878 -0.132441 -0.117987 -0.560529 0.424241 0.000000 -0.054681 -0.611047 0.554917 1.363332
0.393936 0.034485 -0.427303 -1.958169 -0.035038 -0.124292 -0.148293 -0.526044 0.395443 0.087318 0.450124 0.698365 0.528956 1.296025
0.363636 0.034485 -0.514614 -1.958169 -0.042198 -0.124292 -0.178593 -0.526044 0.365267 0.094552 -0.084857 -0.603813 0.538237 1.243504
0.333330 0.068965 -0.601939 -1.829819 -0.049358 -0.116146 -0.208899 -0.491564 0.340390 0.204019 0.425247 0.807832 0.517317 1.168953
0.333330 0.103451 -0.601939 -1.701449 -0.049358 -0.107997 -0.208899 -0.457078 0.349014 0.300929 -0.076232 -0.506903 0.485968 1.142112
0.333330 0.137931 -0.601939 -1.573099 -0.049358 -0.099851 -0.208899 -0.422598 0.360741 0.392342 0.436973 0.899245 0.455078 1.111704
0.333330 0.206896 -0.601939 -1.316380 -0.049358 -0.083556 -0.208899 -0.353633 0.392320 0.555497 -0.044653 -0.343749 0.395078 1.037227
0.363636 0.206896 -0.514614 -1.316380 -0.042198 -0.083556 -0.178593 -0.353633 0.418374 0.517287 0.463027 0.861036 0.379926 1.103137
0.363636 0.241381 -0.514614 -1.188010 -0.042198 -0.075408 -0.178593 -0.319148 0.436458 0.586015 -0.026569 -0.275020 0.349864 1.060617
0.393936 0.275861 -0.427303 -1.059660 -0.035038 -0.067261 -0.148293 -0.284668 0.480921 0.610907 0.507490 0.885927 0.304864 1.090543
0.424241 0.275861 -0.339979 -1.059660 -0.027878 -0.067261 -0.117987 -0.284668 0.506044 0.576548 -0.001446 -0.309379 0.291329 1.177875
0.454542 0.310347 -0.252668 -0.931290 -0.020718 -0.059113 -0.087687 -0.250182 0.550385 0.599067 0.551831 0.908446 0.247908 1.233684
0.484847 0.310347 -0.165344 -0.931290 -0.013558 -0.059113 -0.057381 -0.250182 0.575667 0.569378 0.023835 -0.339067 0.238876 1.345337
0.515148 0.310347 -0.078033 -0.931290 -0.006399 -0.059113 -0.027081 -0.250182 0.601409 0.542213 0.577573 0.881280 0.233458 1.462972
0.545453 0.310347 0.009291 -0.931290 0.000762 -0.059113 0.003224 -0.250182 0.627562 0.517291 0.049989 -0.363990 0.231905 -1.557908
0.575754 0.310347 0.096602 -0.931290 0.007921 -0.059113 0.033525 -0.250182 0.654070 0.494379 0.604081 0.858369 0.234293 -1.437587
0.606059 0.310347 0.183927 -0.931290 0.015082 -0.059113 0.063830 -0.250182 0.680899 0.473259 0.076817 -0.385109 0.240507 -1.320990
0.636360 0.310347 0.271238 -0.931290 0.022241 -0.059113 0.094131 -0.250182 0.708003 0.453752 0.631186 0.838861 0.250260 -1.210930
0.636360 0.275861 0.271238 -1.059660 0.022241 -0.067261 0.094131 -0.284668 0.693580 0.409047 0.062394 -0.429814 0.282511 -1.251445
0.666665 0.275861 0.358562 -1.059660 0.029402 -0.067261 0.124436 -0.284668 0.721486 0.392340 0.659092 0.822154 0.294000 -1.158698
0.666665 0.241381 0.358562 -1.188010 0.029402 -0.075408 0.124436 -0.319148 0.709019 0.347389 0.049927 -0.474764 0.325567 -1.199025
0.696966 0.241381 0.445873 -1.188010 0.036561 -0.075408 0.154737 -0.319148 0.737581 0.333403 0.687655 0.808167 0.338309 -1.119347
0.696966 0.206896 0.445873 -1.316380 0.036561 -0.083556 0.154737 -0.353633 0.727026 0.288567 0.039372 -0.519601 0.369312 -1.158332
0.727271 0.172416 0.533197 -1.444730 0.043721 -0.091703 0.185042 -0.388113 0.747429 0.232775 0.708058 0.752376 0.413524 -1.125902
0.727271 0.137931 0.533197 -1.573099 0.043721 -0.099851 0.185042 -0.422598 0.740235 0.187429 0.032178 -0.564947 0.444632 -1.158077
