0.000000 0.621622 -1.573319 0.496455 -0.131405 0.037424 -0.498214 0.141891 0.621622 1.570796 0.621622 1.570796 0.513271 -0.277453
0.000000 0.648651 -1.573319 0.591025 -0.131405 0.044553 -0.498214 0.168920 0.648651 1.570796 0.027029 0.000000 0.520431 -0.326887
0.000000 0.675676 -1.573319 0.685581 -0.131405 0.051681 -0.498214 0.195945 0.675676 1.570796 0.648647 1.570796 0.528877 -0.374712
0.000000 0.729730 -1.573319 0.874707 -0.131405 0.065938 -0.498214 0.249999 0.729730 1.570796 0.081083 0.000000 0.549379 -0.465078
0.000000 0.783784 -1.573319 1.063833 -0.131405 0.080194 -0.498214 0.304053 0.783784 1.570796 0.702701 1.570796 0.574254 -0.547948
0.000000 0.810813 -1.573319 1.158404 -0.131405 0.087323 -0.498214 0.331082 0.810813 1.570796 0.108112 0.000000 0.588163 -0.586527
0.047619 0.864867 -1.422943 1.347530 -0.118845 0.101580 -0.450596 0.385136 0.866177 1.515793 0.758065 1.515793 0.580922 -0.707231
0.071430 0.864867 -1.347749 1.347530 -0.112565 0.101580 -0.426784 0.385136 0.867812 1.488393 0.109747 -0.027400 0.562654 -0.734147
0.095238 0.891892 -1.272566 1.442086 -0.106286 0.108708 -0.402977 0.412161 0.896963 1.464418 0.787216 1.491818 0.563358 -0.796665
0.142857 0.891892 -1.122190 1.442086 -0.093726 0.108708 -0.355358 0.412161 0.903261 1.411973 0.116045 -0.079845 0.530341 -0.859272
0.214287 0.891892 -0.896620 1.442086 -0.074886 0.108708 -0.283928 0.412161 0.917273 1.335005 0.801229 1.414850 0.485383 -0.967575
0.261906 0.864867 -0.746243 1.347530 -0.062327 0.101580 -0.236309 0.385136 0.903654 1.276747 0.102425 -0.138102 0.436206 -1.020457
0.309524 0.810813 -0.595867 1.158404 -0.049767 0.087323 -0.188690 0.331082 0.867885 1.206125 0.765460 1.344227 0.365133 -1.052789
0.404762 0.756759 -0.295114 0.969277 -0.024648 0.073067 -0.093452 0.277028 0.858206 1.079649 0.092746 -0.264578 0.274916 -1.245445
0.428573 0.702705 -0.219920 0.780151 -0.018368 0.058810 -0.069641 0.222974 0.823086 1.023136 0.730339 1.287714 0.216024 -1.268068
0.452381 0.675676 -0.144738 0.685581 -0.012089 0.051681 -0.045833 0.195945 0.813134 0.980819 0.082795 -0.306895 0.183285 -1.341018
0.452381 0.648651 -0.144738 0.591025 -0.012089 0.044553 -0.045833 0.168920 0.790821 0.961805 0.708026 1.268701 0.157264 -1.305844
0.476192 0.621622 -0.069544 0.496455 -0.005808 0.037424 -0.022022 0.141891 0.783054 0.917104 0.075028 -0.351597 0.125357 -1.416820
0.500000 0.621622 0.005639 0.496455 0.000471 0.037424 0.001786 0.141891 0.797756 0.893410 0.722728 1.245008 0.123421 1.558213
0.500000 0.675676 0.005639 0.685581 0.000471 0.051681 0.001786 0.195945 0.840558 0.933726 0.117831 -0.311281 0.177471 1.561684
0.523811 0.702705 0.080832 0.780151 0.006751 0.058810 0.025597 0.222974 0.876455 0.930232 0.758624 1.241513 0.206087 1.456500
0.547619 0.756759 0.156015 0.969277 0.013030 0.073067 0.049404 0.277028 0.934115 0.944382 0.175491 -0.297131 0.263223 1.394314
0.547619 0.810813 0.156015 1.158404 0.013030 0.087323 0.049404 0.331082 0.978419 0.976776 0.802928 1.273907 0.316479 1.422668
0.571430 0.864867 0.231209 1.347530 0.019311 0.101580 0.073216 0.385136 1.036594 0.986926 0.233666 -0.286981 0.373891 1.382935
0.595238 0.918921 0.306391 1.536656 0.025590 0.115837 0.097023 0.439190 1.094863 0.995999 0.861197 1.282980 0.431749 1.353374
0.619049 0.945946 0.381585 1.631212 0.031870 0.122965 0.120835 0.466215 1.130502 0.991318 0.269306 -0.291662 0.463751 1.317195
0.642857 0.972975 0.456768 1.725783 0.038150 0.130094 0.144642 0.493244 1.166167 0.986927 0.896861 1.278590 0.496305 1.285547
0.690476 1.000000 0.607144 1.820339 0.050709 0.137222 0.192261 0.520269 1.215219 0.966491 0.318357 -0.312098 0.537357 1.216819
0.714287 1.000000 0.682338 1.820339 0.056989 0.137222 0.216072 0.520269 1.228904 0.950546 0.910547 1.262644 0.546330 1.177163
0.785713 0.972975 0.907897 1.725783 0.075828 0.130094 0.287499 0.493244 1.250610 0.891477 0.340063 -0.371168 0.555025 1.043065
0.833332 0.918921 1.058273 1.536656 0.088388 0.115837 0.335118 0.439190 1.240507 0.834204 0.900444 1.205372 0.537864 0.919004
0.880951 0.891892 1.208649 1.442086 0.100947 0.108708 0.382737 0.412161 1.253613 0.791570 0.353169 -0.413803 0.549062 0.822398
0.904762 0.837838 1.283843 1.252960 0.107228 0.094451 0.406548 0.358107 1.233113 0.747012 0.879944 1.160815 0.529741 0.722133
0.976189 0.729730 1.509402 0.874707 0.126066 0.065938 0.477974 0.249999 1.218791 0.641918 0.338847 -0.518897 0.531092 0.481908
0.976189 0.648651 1.509402 0.591025 0.126066 0.044553 0.477974 0.168920 1.172047 0.586483 0.833199 1.105379 0.501090 0.339708
0.976189 0.594597 1.509402 0.401899 0.126066 0.030296 0.477974 0.114866 1.143018 0.547084 0.309819 -0.558295 0.487595 0.235846
1.000000 0.540544 1.584596 0.212772 0.132347 0.016039 0.501786 0.060812 1.136744 0.495554 0.826925 1.053849 0.503568 0.120603
0.976189 0.432436 1.509402 -0.165480 0.126066 -0.012474 0.477974 -0.047296 1.067682 0.417004 0.240757 -0.636845 0.482479 -0.098629
0.976189 0.378382 1.509402 -0.354607 0.126066 -0.026731 0.477974 -0.101350 1.046956 0.369781 0.806199 1.006626 0.492767 -0.208945
0.952381 0.297299 1.434220 -0.638303 0.119787 -0.048117 0.454167 -0.182433 0.997706 0.302578 0.191506 -0.704048 0.496623 -0.381959
0.928570 0.270274 1.359026 -0.732859 0.113507 -0.055245 0.430355 -0.209458 0.967104 0.283239 0.775598 0.987287 0.486994 -0.452958
0.904762 0.216216 1.283843 -0.922000 0.107228 -0.069503 0.406548 -0.263516 0.930239 0.234576 0.154641 -0.752711 0.494777 -0.575094
0.857143 0.135137 1.133467 -1.205682 0.094668 -0.090887 0.358929 -0.344594 0.867731 0.156372 0.713090 0.909083 0.510544 -0.765026
0.809524 0.081083 0.983091 -1.394808 0.082108 -0.105144 0.311310 -0.398648 0.813575 0.099828 0.100485 -0.809255 0.520493 -0.907802
0.785713 0.081083 0.907897 -1.394808 0.075828 -0.105144 0.287499 -0.398648 0.789886 0.102833 0.689401 0.912088 0.506611 -0.945994
0.738094 0.081083 0.757520 -1.394808 0.063269 -0.105144 0.239880 -0.398648 0.742535 0.109416 0.053134 -0.802672 0.481187 -1.029104
0.690476 0.081083 0.607144 -1.394808 0.050709 -0.105144 0.192261 -0.398648 0.695220 0.116895 0.642086 0.919567 0.459307 -1.121423
0.666668 0.081083 0.531962 -1.394808 0.044430 -0.105144 0.168453 -0.398648 0.671581 0.121030 0.029494 -0.798538 0.449861 -1.170993
0.595238 0.108108 0.306391 -1.300252 0.025590 -0.098016 0.097023 -0.371623 0.604975 0.179663 0.575481 0.978200 0.401991 -1.315417
0.571430 0.108108 0.231209 -1.300252 0.019311 -0.098016 0.073216 -0.371623 0.581567 0.186978 0.006086 -0.791222 0.396918 -1.376272
0.523811 0.189191 0.080832 -1.016556 0.006751 -0.076630 0.025597 -0.290541 0.556930 0.346601 0.550845 1.137823 0.310082 -1.482923
0.523811 0.216216 0.080832 -0.922000 0.006751 -0.069503 0.025597 -0.263516 0.566681 0.391470 0.015836 -0.746353 0.283158 -1.473964
0.500000 0.243245 0.005639 -0.827430 0.000471 -0.062374 0.001786 -0.236487 0.556029 0.452781 0.540192 1.199134 0.254976 -1.563246
0.500000 0.270274 0.005639 -0.732859 0.000471 -0.055245 0.001786 -0.209458 0.568373 0.495557 0.028181 -0.703577 0.227948 -1.562272
0.500000 0.324328 0.005639 -0.543733 0.000471 -0.040988 0.001786 -0.155404 0.595977 0.575429 0.567796 1.279006 0.173896 -1.559307
0.500000 0.351353 0.005639 -0.449177 0.000471 -0.033860 0.001786 -0.128379 0.611104 0.612539 0.043308 -0.666467 0.146873 -1.556889
0.500000 0.324328 0.005639 -0.543733 0.000471 -0.040988 0.001786 -0.155404 0.595977 0.575429 0.552669 1.241897 0.173896 -1.559307
0.500000 0.297299 0.005639 -0.638303 0.000471 -0.048117 0.001786 -0.182433 0.581710 0.536438 0.029041 -0.705459 0.200924 -1.561009
0.500000 0.270274 0.005639 -0.732859 0.000471 -0.055245 0.001786 -0.209458 0.568373 0.495557 0.539332 1.201016 0.227948 -1.562272
0.500000 0.243245 0.005639 -0.827430 0.000471 -0.062374 0.001786 -0.236487 0.556029 0.452781 0.016697 -0.748235 0.254976 -1.563246
0.500000 0.189191 0.005639 -1.016556 0.000471 -0.076630 0.001786 -0.290541 0.534596 0.361732 0.517899 1.109967 0.309029 -1.564651
0.476192 0.108108 -0.069544 -1.300252 -0.005808 -0.098016 -0.022022 -0.371623 0.488310 0.223242 -0.029589 -0.886726 0.390728 1.511606
0.452381 0.054054 -0.144738 -1.489379 -0.012089 -0.112273 -0.045833 -0.425677 0.455599 0.118924 0.485189 1.005649 0.446519 1.463538
0.404762 0.000000 -0.295114 -1.678505 -0.024648 -0.126530 -0.093452 -0.479731 0.404762 0.000000 -0.080426 -1.005649 0.506903 1.378405
0.380955 0.000000 -0.370297 -1.678505 -0.030927 -0.126530 -0.117260 -0.479731 0.380955 0.000000 0.461381 1.005649 0.511828 1.331069
0.309524 0.000000 -0.595867 -1.678505 -0.049767 -0.126530 -0.188690 -0.479731 0.309524 0.000000 -0.151856 -1.005649 0.532749 1.196058
0.261906 0.000000 -0.746243 -1.678505 -0.062327 -0.126530 -0.236309 -0.479731 0.261906 0.000000 0.413762 1.005649 0.551416 1.113098
0.190476 0.027029 -0.971814 -1.583935 -0.081167 -0.119401 -0.307739 -0.452702 0.192384 0.140962 -0.221378 -0.864688 0.562778 0.973769
0.142857 0.081083 -1.122190 -1.394808 -0.093726 -0.105144 -0.355358 -0.398648 0.164263 0.516242 0.385642 1.380930 0.547976 0.842749
0.142857 0.135137 -1.122190 -1.205682 -0.093726 -0.090887 -0.355358 -0.344594 0.196647 0.757636 -0.188995 -0.623294 0.508040 0.770022
0.119049 0.243245 -1.197372 -0.827430 -0.100005 -0.062374 -0.379165 -0.236487 0.270815 1.115648 0.459810 1.738942 0.456920 0.557666
0.119049 0.270274 -1.197372 -0.732859 -0.100005 -0.055245 -0.379165 -0.209458 0.295331 1.155891 -0.164478 -0.583051 0.442406 0.504697
0.166668 0.351353 -1.046996 -0.449177 -0.087446 -0.033860 -0.331547 -0.128379 0.388879 1.127870 0.553357 1.710921 0.362618 0.369433
0.261906 0.405407 -0.746243 -0.260051 -0.062327 -0.019603 -0.236309 -0.074325 0.482648 0.997216 -0.070709 -0.713705 0.253880 0.304727
0.309524 0.432436 -0.595867 -0.165480 -0.049767 -0.012474 -0.188690 -0.047296 0.531795 0.949565 0.602504 1.663270 0.199827 0.245593
0.428573 0.432436 -0.219920 -0.165480 -0.018368 -0.012474 -0.069641 -0.047296 0.608832 0.789884 0.006327 -0.873386 0.095795 0.596586
0.547619 0.405407 0.156015 -0.260051 0.013030 -0.019603 0.049404 -0.074325 0.681352 0.637269 0.675025 1.510655 0.105138 -0.984149
0.595238 0.405407 0.306391 -0.260051 0.025590 -0.019603 0.097023 -0.074325 0.720182 0.597917 0.045157 -0.912738 0.134264 -0.653695
0.666668 0.324328 0.531962 -0.543733 0.044430 -0.040988 0.168453 -0.155404 0.741373 0.452782 0.696216 1.365520 0.242102 -0.745125
0.738094 0.270274 0.757520 -0.732859 0.063269 -0.055245 0.239880 -0.209458 0.786022 0.351014 0.089806 -1.014506 0.330907 -0.717796
