0.000000 0.809524 -1.316916 1.051580 -0.113910 0.075658 -0.480357 0.319048 0.809524 1.570796 0.809524 1.570796 0.582318 -0.586285
0.000000 0.833332 -1.316916 1.130050 -0.113910 0.081304 -0.480357 0.342855 0.833332 1.570796 0.023808 0.000000 0.596099 -0.619895
0.000000 0.880951 -1.316916 1.287002 -0.113910 0.092596 -0.480357 0.390474 0.880951 1.570796 0.857143 1.570796 0.625475 -0.682547
0.000000 0.904762 -1.316916 1.365483 -0.113910 0.098242 -0.480357 0.414285 0.904762 1.570796 0.047619 0.000000 0.640986 -0.711679
0.000000 0.928573 -1.316916 1.443965 -0.113910 0.103889 -0.480357 0.438096 0.928573 1.570796 0.880955 1.570796 0.656994 -0.739418
0.028569 0.976192 -1.238593 1.600917 -0.107136 0.115181 -0.451788 0.485715 0.976610 1.541539 0.095656 -0.029258 0.670794 -0.821572
0.057143 1.000000 -1.160258 1.679387 -0.100360 0.120827 -0.423214 0.509523 1.001631 1.513716 0.905976 1.542973 0.670178 -0.877668
0.114285 1.000000 -1.003599 1.679387 -0.086809 0.120827 -0.366071 0.509523 1.006509 1.457005 0.100534 -0.085969 0.635639 -0.947789
0.171428 1.000000 -0.846940 1.679387 -0.073258 0.120827 -0.308929 0.509523 1.014587 1.401018 0.914054 1.486987 0.604538 -1.025750
0.257144 1.000000 -0.611945 1.679387 -0.052932 0.120827 -0.223212 0.509523 1.032532 1.319105 0.118479 -0.167882 0.565555 -1.157898
0.285714 0.976192 -0.533622 1.600917 -0.046157 0.115181 -0.194643 0.485715 1.017145 1.286067 0.898666 1.453949 0.532671 -1.189656
0.314287 0.952381 -0.455286 1.522435 -0.039381 0.109535 -0.166070 0.461904 1.002899 1.252047 0.104233 -0.201902 0.500386 -1.225654
0.342856 0.928573 -0.376963 1.443965 -0.032606 0.103889 -0.137501 0.438096 0.989848 1.217095 0.885615 1.418996 0.468833 -1.266674
0.342856 0.880951 -0.376963 1.287002 -0.032606 0.092596 -0.137501 0.390474 0.945318 1.199644 0.059702 -0.219352 0.423535 -1.232219
0.371430 0.833332 -0.298627 1.130050 -0.025831 0.081304 -0.108927 0.342855 0.912361 1.151510 0.852659 1.370862 0.369400 -1.263176
0.371430 0.809524 -0.298627 1.051580 -0.025831 0.075658 -0.108927 0.319048 0.890668 1.140628 0.038010 -0.230234 0.346722 -1.241792
0.371430 0.785713 -0.298627 0.973098 -0.025831 0.070011 -0.108927 0.295236 0.869083 1.129202 0.831074 1.359436 0.324203 -1.217341
0.399999 0.809524 -0.220304 1.051580 -0.019056 0.075658 -0.080358 0.319048 0.902956 1.111867 0.071882 -0.247569 0.338834 -1.324060
0.399999 0.833332 -0.220304 1.130050 -0.019056 0.081304 -0.080358 0.342855 0.924360 1.123277 0.852478 1.370846 0.362007 -1.340574
0.399999 0.857143 -0.220304 1.208532 -0.019056 0.086950 -0.080358 0.366666 0.945883 1.134170 0.093405 -0.236676 0.385260 -1.355049
0.399999 0.880951 -0.220304 1.287002 -0.019056 0.092596 -0.080358 0.390474 0.967509 1.144576 0.874104 1.381252 0.408574 -1.367834
0.428573 0.904762 -0.141969 1.365483 -0.012280 0.098242 -0.051784 0.414285 1.001134 1.128421 0.127030 -0.252831 0.427553 -1.446445
0.457142 0.928573 -0.063645 1.443965 -0.005505 0.103889 -0.023215 0.438096 1.035001 1.113323 0.907972 1.366154 0.448817 -1.517855
0.514285 0.952381 0.093014 1.522435 0.008046 0.109535 0.033928 0.461904 1.082367 1.075664 0.174395 -0.290490 0.473242 1.497476
0.600001 0.976192 0.328008 1.600917 0.028372 0.115181 0.119644 0.485715 1.145841 1.019686 0.971446 1.310176 0.510066 1.329279
0.657144 0.976192 0.484667 1.600917 0.041923 0.115181 0.176787 0.485715 1.176771 0.978305 0.205325 -0.331872 0.526409 1.221729
0.714286 0.976192 0.641326 1.600917 0.055473 0.115181 0.233929 0.485715 1.209610 0.939106 1.004285 1.270978 0.548248 1.121962
0.771429 0.976192 0.797985 1.600917 0.069024 0.115181 0.291072 0.485715 1.244208 0.902033 0.239923 -0.368945 0.574957 1.030918
0.857141 0.928573 1.032968 1.443965 0.089349 0.103889 0.376784 0.438096 1.263701 0.825379 1.023778 1.194324 0.585546 0.860498
0.885715 0.904762 1.111303 1.365483 0.096125 0.098242 0.405358 0.414285 1.266130 0.796036 0.242352 -0.398287 0.586886 0.796290
0.942857 0.833332 1.267962 1.130050 0.109676 0.081304 0.462500 0.342855 1.258341 0.723813 1.015989 1.122101 0.581806 0.637915
0.971426 0.785713 1.346285 0.973098 0.116451 0.070011 0.491070 0.295236 1.249406 0.680098 0.233417 -0.442002 0.578266 0.541309
0.971426 0.714287 1.346285 0.737677 0.116451 0.053074 0.491070 0.223810 1.205767 0.634024 0.972350 1.076027 0.543942 0.427633
1.000000 0.571430 1.424621 0.266821 0.123227 0.019197 0.519643 0.080953 1.151752 0.519147 0.179401 -0.556879 0.527563 0.154544
1.000000 0.500000 1.424621 0.031388 0.123227 0.002258 0.519643 0.009523 1.118034 0.463648 0.938633 1.020527 0.520014 0.018324
1.000000 0.428573 1.424621 -0.204034 0.123227 -0.014680 0.519643 -0.061904 1.087968 0.404894 0.149336 -0.615633 0.522217 -0.118568
1.000000 0.309524 1.424621 -0.596419 0.123227 -0.042911 0.519643 -0.180952 1.046807 0.300172 0.897471 0.915805 0.547003 -0.335092
1.000000 0.261906 1.424621 -0.753371 0.123227 -0.054203 0.519643 -0.228571 1.033728 0.256152 0.136257 -0.659653 0.563693 -0.414391
1.000000 0.214287 1.424621 -0.910323 0.123227 -0.065495 0.519643 -0.276190 1.022702 0.211094 0.886445 0.870747 0.583800 -0.488529
0.971426 0.119049 1.346285 -1.224226 0.116451 -0.088079 0.491070 -0.371428 0.978694 0.121943 0.092249 -0.748805 0.609666 -0.647563
0.942857 0.095238 1.267962 -1.302708 0.109676 -0.093726 0.462500 -0.395239 0.947655 0.100668 0.855406 0.849473 0.601850 -0.707142
0.914284 0.047619 1.189627 -1.459659 0.102900 -0.105018 0.433927 -0.442858 0.915523 0.052036 0.060117 -0.797437 0.612825 -0.795584
0.857141 0.023811 1.032968 -1.538129 0.089349 -0.110664 0.376784 -0.466666 0.857472 0.027773 0.797354 0.825209 0.591946 -0.891562
0.828572 0.000000 0.954644 -1.616611 0.082575 -0.116310 0.348215 -0.490477 0.828572 0.000000 0.031217 -0.825209 0.593293 -0.953423
0.771429 0.000000 0.797985 -1.616611 0.069024 -0.116310 0.291072 -0.490477 0.771429 0.000000 0.740212 0.825209 0.561663 -1.035209
0.714286 0.000000 0.641326 -1.616611 0.055473 -0.116310 0.233929 -0.490477 0.714286 0.000000 -0.025925 -0.825209 0.534290 -1.125764
0.657144 0.023811 0.484667 -1.538129 0.041923 -0.110664 0.176787 -0.466666 0.657575 0.036219 0.683500 0.861428 0.489579 -1.208673
0.600001 0.071430 0.328008 -1.381178 0.028372 -0.099371 0.119644 -0.419047 0.604238 0.118492 -0.079262 -0.742936 0.426070 -1.292681
0.571427 0.095238 0.249673 -1.302708 0.021596 -0.093726 0.091070 -0.395239 0.579309 0.165148 0.658572 0.908084 0.395741 -1.344331
0.542858 0.119049 0.171349 -1.224226 0.014821 -0.088079 0.062501 -0.371428 0.555759 0.215883 -0.102813 -0.692201 0.366674 -1.404085
0.514285 0.190479 0.093014 -0.988792 0.008046 -0.071141 0.033928 -0.299998 0.548426 0.354711 0.651239 1.046913 0.291857 -1.458182
0.514285 0.214287 0.093014 -0.910323 0.008046 -0.065495 0.033928 -0.276190 0.557142 0.394794 -0.094097 -0.652119 0.268225 -1.448567
0.514285 0.261906 0.093014 -0.753371 0.008046 -0.054203 0.033928 -0.228571 0.577134 0.471030 0.671231 1.123149 0.221070 -1.423439
0.485715 0.285717 0.014690 -0.674889 0.001271 -0.048556 0.005358 -0.204760 0.563519 0.531727 -0.107712 -0.591422 0.194714 -1.544633
0.485715 0.309524 0.014690 -0.596419 0.001271 -0.042911 0.005358 -0.180952 0.575956 0.567363 0.683667 1.158785 0.170916 -1.541192
0.485715 0.333336 0.014690 -0.517937 0.001271 -0.037264 0.005358 -0.157141 0.589094 0.601457 -0.094573 -0.557328 0.147119 -1.536710
0.514285 0.333336 0.093014 -0.517937 0.008046 -0.037264 0.033928 -0.157141 0.612863 0.575077 0.707436 1.132405 0.150885 -1.358155
0.514285 0.285717 0.093014 -0.674889 0.008046 -0.048556 0.033928 -0.204760 0.588322 0.507103 -0.119114 -0.625301 0.197575 -1.406594
0.514285 0.261906 0.093014 -0.753371 0.008046 -0.054203 0.033928 -0.228571 0.577134 0.471030 0.696248 1.096331 0.221070 -1.423439
0.485715 0.214287 0.014690 -0.910323 0.001271 -0.065495 0.005358 -0.276190 0.530884 0.415493 -0.165363 -0.680838 0.266124 -1.551397
0.457142 0.190479 -0.063645 -0.988792 -0.005505 -0.071141 -0.023215 -0.299998 0.495238 0.394797 0.660602 1.075635 0.290806 1.493566
0.399999 0.119049 -0.220304 -1.224226 -0.019056 -0.088079 -0.080358 -0.371428 0.417339 0.289275 -0.243262 -0.786361 0.370136 1.357732
0.371430 0.095238 -0.298627 -1.302708 -0.025831 -0.093726 -0.108927 -0.395239 0.383445 0.251001 0.626708 1.037362 0.400227 1.301875
0.314287 0.071430 -0.455286 -1.381178 -0.039381 -0.099371 -0.166070 -0.419047 0.322302 0.223480 -0.304406 -0.813881 0.441362 1.193481
0.257144 0.047619 -0.611945 -1.459659 -0.052932 -0.105018 -0.223212 -0.442858 0.261516 0.183109 0.565922 0.996990 0.486915 1.103932
0.200002 0.047619 -0.768604 -1.459659 -0.066483 -0.105018 -0.280355 -0.442858 0.205592 0.233740 -0.360330 -0.763250 0.515617 1.006423
0.142855 0.071430 -0.925275 -1.381178 -0.080034 -0.099371 -0.337502 -0.419047 0.159718 0.463663 0.520047 1.226913 0.530216 0.892769
0.085712 0.095238 -1.081934 -1.302708 -0.093585 -0.093726 -0.394645 -0.395239 0.128128 0.837993 -0.391919 -0.388920 0.551418 0.786150
0.057143 0.119049 -1.160258 -1.224226 -0.100360 -0.088079 -0.423214 -0.371428 0.132053 1.123282 0.523972 1.512202 0.556465 0.720321
0.057143 0.166668 -1.160258 -1.067274 -0.100360 -0.076787 -0.423214 -0.323809 0.176192 1.240502 -0.347781 -0.271700 0.526793 0.653107
0.057143 0.238098 -1.160258 -0.831841 -0.100360 -0.059848 -0.423214 -0.252379 0.244859 1.335254 0.592640 1.606954 0.487647 0.537723
0.085712 0.261906 -1.081934 -0.753371 -0.093585 -0.054203 -0.394645 -0.228571 0.275574 1.254519 -0.317066 -0.352435 0.451072 0.524972
0.142855 0.309524 -0.925275 -0.596419 -0.080034 -0.042911 -0.337502 -0.180952 0.340900 1.138396 0.657966 1.490831 0.378274 0.492149
0.228571 0.357143 -0.690281 -0.439467 -0.059708 -0.031618 -0.251786 -0.133334 0.424024 1.001485 -0.233942 -0.489346 0.280317 0.487008
0.285714 0.357143 -0.533622 -0.439467 -0.046157 -0.031618 -0.194643 -0.133334 0.457366 0.896057 0.691308 1.385404 0.230364 0.600598
0.399999 0.357143 -0.220304 -0.439467 -0.019056 -0.031618 -0.080358 -0.133334 0.536238 0.728857 -0.155071 -0.656547 0.147102 1.028407
0.485715 0.309524 0.014690 -0.596419 0.001271 -0.042911 0.005358 -0.180952 0.575956 0.567363 0.731026 1.223910 0.170916 -1.541192
0.514285 0.261906 0.093014 -0.753371 0.008046 -0.054203 0.033928 -0.228571 0.577134 0.471030 -0.153892 -0.752881 0.221070 -1.423439
0.542858 0.238098 0.171349 -0.831841 0.014821 -0.059848 0.062501 -0.252379 0.592778 0.413334 0.746670 1.166215 0.250192 -1.328032
0.542858 0.214287 0.171349 -0.910323 0.014821 -0.065495 0.062501 -0.276190 0.583621 0.375962 -0.163049 -0.790253 0.273313 -1.348247
