0.481483 0.343751 0.021000 -0.401925 0.001682 -0.027542 0.006921 -0.113324 0.591600 0.620022 0.591600 0.620022 0.130995 -1.509803
0.481483 0.374998 0.021000 -0.291100 0.001682 -0.019948 0.006921 -0.082076 0.610286 0.661705 0.018687 0.041683 0.099804 -1.486677
0.518517 0.374998 0.133375 -0.291100 0.010683 -0.019948 0.043955 -0.082076 0.639909 0.626136 0.621223 0.584453 0.108835 -1.079126
0.481483 0.406250 0.021000 -0.180257 0.001682 -0.012352 0.006921 -0.050824 0.629972 0.700853 0.008750 0.116401 0.068662 -1.435462
0.444443 0.406250 -0.091393 -0.180257 -0.007320 -0.012352 -0.030119 -0.050824 0.602137 0.740532 0.593387 0.624132 0.074657 1.035823
0.407409 0.437503 -0.203769 -0.069415 -0.016321 -0.004757 -0.067153 -0.019572 0.597822 0.821001 0.004434 0.196869 0.076701 0.283594
0.370369 0.437503 -0.316161 -0.069415 -0.025323 -0.004757 -0.104193 -0.019572 0.573221 0.868307 0.568786 0.671438 0.110588 0.185678
0.333335 0.437503 -0.428537 -0.069415 -0.034324 -0.004757 -0.141227 -0.019572 0.550019 0.919720 -0.018767 0.248282 0.146009 0.137707
0.296295 0.437503 -0.540930 -0.069415 -0.043326 -0.004757 -0.178267 -0.019572 0.528393 0.975508 0.547161 0.727225 0.182078 0.109351
0.259261 0.406250 -0.653305 -0.180257 -0.052327 -0.012352 -0.215301 -0.050824 0.481929 1.002775 -0.065231 0.275549 0.225878 0.231816
0.185187 0.406250 -0.878074 -0.180257 -0.070330 -0.012352 -0.289375 -0.050824 0.446468 1.143092 0.511700 0.867543 0.297329 0.173860
0.148148 0.374998 -0.990466 -0.291100 -0.079332 -0.019948 -0.326415 -0.082076 0.403201 1.194554 -0.108498 0.327011 0.341262 0.246341
0.111114 0.343751 -1.102842 -0.401925 -0.088333 -0.027542 -0.363449 -0.113324 0.361263 1.258158 0.469761 0.931147 0.386273 0.302248
0.074074 0.281251 -1.215235 -0.623593 -0.097335 -0.042732 -0.400489 -0.175823 0.290842 1.313272 -0.178919 0.382125 0.444703 0.413687
0.037040 0.249999 -1.327610 -0.734435 -0.106336 -0.050328 -0.437523 -0.207076 0.252728 1.423707 0.431647 1.041582 0.491787 0.442053
0.000000 0.156252 -1.440003 -1.066929 -0.115338 -0.073112 -0.474562 -0.300823 0.156252 1.570796 -0.275395 0.529214 0.571429 0.564970
0.000000 0.124999 -1.440003 -1.177771 -0.115338 -0.080708 -0.474562 -0.332075 0.124999 1.570796 0.400395 1.041582 0.589410 0.610558
0.000000 0.093752 -1.440003 -1.288596 -0.115338 -0.088302 -0.474562 -0.363323 0.093752 1.570796 -0.306643 0.529214 0.608462 0.653407
0.000000 0.062500 -1.440003 -1.399439 -0.115338 -0.095898 -0.474562 -0.394575 0.062500 1.570796 0.369142 1.041582 0.628494 0.693626
0.037040 0.031252 -1.327610 -1.510264 -0.106336 -0.103492 -0.437523 -0.425822 0.048463 0.700853 -0.320680 -0.340729 0.622856 0.771847
0.074074 0.000000 -1.215235 -1.621106 -0.097335 -0.111088 -0.400489 -0.457074 0.074074 0.000000 0.394753 0.340729 0.620967 0.851287
0.185187 0.000000 -0.878074 -1.621106 -0.070330 -0.111088 -0.289375 -0.457074 0.185187 0.000000 -0.209566 -0.340729 0.555830 1.006392
0.222222 0.000000 -0.765698 -1.621106 -0.061329 -0.111088 -0.252341 -0.457074 0.222222 0.000000 0.431788 0.340729 0.537481 1.066359
0.259261 0.000000 -0.653305 -1.621106 -0.052327 -0.111088 -0.215301 -0.457074 0.259261 0.000000 -0.172526 -0.340729 0.521118 1.130583
0.296295 0.000000 -0.540930 -1.621106 -0.043326 -0.111088 -0.178267 -0.457074 0.296295 0.000000 0.468822 0.340729 0.506940 1.198925
0.333335 0.031252 -0.428537 -1.510264 -0.034324 -0.103492 -0.141227 -0.425822 0.334797 0.093483 -0.134025 -0.247246 0.465262 1.250555
0.370369 0.062500 -0.316161 -1.399439 -0.025323 -0.095898 -0.104193 -0.394575 0.375606 0.167175 0.509630 0.414421 0.425032 1.312625
0.407409 0.124999 -0.203769 -1.177771 -0.016321 -0.080708 -0.067153 -0.332075 0.426154 0.297698 -0.083477 -0.116723 0.355955 1.371264
0.407409 0.156252 -0.203769 -1.066929 -0.016321 -0.073112 -0.067153 -0.300823 0.436345 0.366224 0.519821 0.482947 0.325317 1.351165
0.444443 0.187499 -0.091393 -0.956103 -0.007320 -0.065518 -0.030119 -0.269575 0.482375 0.399220 -0.037446 -0.083726 0.288639 1.459530
0.444443 0.218751 -0.091393 -0.845261 -0.007320 -0.057922 -0.030119 -0.238323 0.495360 0.457382 0.532807 0.541108 0.257578 1.445083
0.481483 0.249999 0.021000 -0.734435 0.001682 -0.050328 0.006921 -0.207076 0.542517 0.478910 0.009711 -0.062198 0.224670 -1.537388
0.481483 0.312499 0.021000 -0.512767 0.001682 -0.035138 0.006921 -0.144576 0.574004 0.575695 0.564294 0.637893 0.162212 -1.522965
0.481483 0.343751 0.021000 -0.401925 0.001682 -0.027542 0.006921 -0.113324 0.591600 0.620022 0.027306 -0.017871 0.130995 -1.509803
0.518517 0.374998 0.133375 -0.291100 0.010683 -0.019948 0.043955 -0.082076 0.639909 0.626136 0.612603 0.644007 0.108835 -1.079126
0.518517 0.406250 0.133375 -0.180257 0.010683 -0.012352 0.043955 -0.050824 0.658710 0.664590 0.046107 0.020582 0.081231 -0.857749
0.518517 0.437503 0.133375 -0.069415 0.010683 -0.004757 0.043955 -0.019572 0.678431 0.700859 0.632323 0.680277 0.057493 -0.418915
0.518517 0.468750 0.133375 0.041410 0.010683 0.002838 0.043955 0.011676 0.698990 0.735032 0.066666 0.054755 0.044337 0.259635
0.518517 0.437503 0.133375 -0.069415 0.010683 -0.004757 0.043955 -0.019572 0.678431 0.700859 0.611765 0.646103 0.057493 -0.418915
0.518517 0.406250 0.133375 -0.180257 0.010683 -0.012352 0.043955 -0.050824 0.658710 0.664590 0.046946 0.018486 0.081231 -0.857749
0.518517 0.374998 0.133375 -0.291100 0.010683 -0.019948 0.043955 -0.082076 0.639909 0.626136 0.592963 0.607650 0.108835 -1.079126
0.518517 0.343751 0.133375 -0.401925 0.010683 -0.027542 0.043955 -0.113324 0.622113 0.585425 0.029150 -0.022225 0.137999 -1.200792
0.555557 0.281251 0.245768 -0.623593 0.019685 -0.042732 0.080994 -0.175823 0.622692 0.468636 0.593543 0.490860 0.209593 -1.139115
0.555557 0.249999 0.245768 -0.734435 0.019685 -0.050328 0.080994 -0.207076 0.609215 0.422851 0.015672 -0.068009 0.238723 -1.197956
0.592591 0.187499 0.358144 -0.956103 0.028686 -0.065518 0.118029 -0.269575 0.621546 0.306439 0.605874 0.374448 0.310381 -1.158108
0.592591 0.156252 0.358144 -1.066929 0.028686 -0.073112 0.118029 -0.300823 0.612845 0.257808 0.006971 -0.116641 0.339489 -1.196900
0.666665 0.062500 0.582912 -1.399439 0.046689 -0.095898 0.192102 -0.394575 0.669588 0.093477 0.662617 0.210117 0.454642 -1.117716
0.703705 0.062500 0.695305 -1.399439 0.055691 -0.095898 0.229142 -0.394575 0.706475 0.088583 0.043857 -0.121534 0.471489 -1.044665
0.740739 0.031252 0.807680 -1.510264 0.064692 -0.103492 0.266176 -0.425822 0.741398 0.042166 0.697541 0.163700 0.517082 -1.012134
0.851852 0.031252 1.144841 -1.510264 0.091697 -0.103492 0.377290 -0.425822 0.852425 0.036671 0.154885 -0.127029 0.582127 -0.845755
0.888886 0.031252 1.257217 -1.510264 0.100698 -0.103492 0.414324 -0.425822 0.889436 0.035144 0.734551 0.162173 0.606785 -0.799083
0.925926 0.031252 1.369609 -1.510264 0.109700 -0.103492 0.451364 -0.425822 0.926453 0.033740 0.191903 -0.128434 0.632656 -0.756289
0.962960 0.062500 1.481985 -1.399439 0.118701 -0.095898 0.488398 -0.394575 0.964986 0.064813 0.773084 0.193247 0.639006 -0.679537
0.962960 0.093752 1.481985 -1.288596 0.118701 -0.088302 0.488398 -0.363323 0.967513 0.097052 0.194429 -0.096194 0.619313 -0.639590
1.000000 0.156252 1.594378 -1.066929 0.127703 -0.073112 0.525438 -0.300823 1.012134 0.154998 0.817704 0.251193 0.614334 -0.519967
1.000000 0.218751 1.594378 -0.845261 0.127703 -0.057922 0.525438 -0.238323 1.023646 0.215359 0.205942 -0.035834 0.584401 -0.425819
1.000000 0.374998 1.594378 -0.291100 0.127703 -0.019948 0.525438 -0.082076 1.068000 0.358769 0.862058 0.394603 0.534788 -0.154953
1.000000 0.437503 1.594378 -0.069415 0.127703 -0.004757 0.525438 -0.019572 1.091517 0.412413 0.229459 0.017810 0.526743 -0.037231
1.000000 0.562502 1.594378 0.373920 0.127703 0.025623 0.525438 0.105428 1.147348 0.512391 0.917889 0.494581 0.532746 0.198018
0.962960 0.625002 1.481985 0.595588 0.118701 0.040813 0.488398 0.167927 1.148007 0.575702 0.230117 0.081120 0.511043 0.331170
0.962960 0.687501 1.481985 0.817256 0.118701 0.056003 0.488398 0.230427 1.183195 0.620024 0.953078 0.538904 0.532800 0.440836
0.888886 0.812501 1.257217 1.260591 0.100698 0.086383 0.414324 0.355426 1.204274 0.740532 0.251197 0.201628 0.534665 0.709032
0.851852 0.843748 1.144841 1.371417 0.091697 0.093978 0.377290 0.386674 1.198984 0.780619 0.947788 0.578991 0.527869 0.797681
0.814813 0.906248 1.032449 1.593085 0.082695 0.109168 0.340250 0.449174 1.218690 0.838476 0.270902 0.259485 0.549657 0.922511
0.777778 0.937500 0.920073 1.703927 0.073694 0.116763 0.303216 0.480426 1.218132 0.878248 0.947230 0.618763 0.553400 1.007794
0.740739 0.968748 0.807680 1.814752 0.064692 0.124357 0.266176 0.511673 1.219494 0.917994 0.272264 0.299232 0.561310 1.091114
0.666665 0.968748 0.582912 1.814752 0.046689 0.124357 0.192102 0.511673 1.175974 0.968053 0.903710 0.668821 0.530210 1.211640
0.629631 1.000000 0.470536 1.925595 0.037688 0.131953 0.155068 0.542926 1.181708 1.008874 0.277999 0.340053 0.547842 1.292587
0.592591 1.000000 0.358144 1.925595 0.028686 0.131953 0.118029 0.542926 1.162396 1.035842 0.884397 0.695790 0.538531 1.356733
0.555557 0.968748 0.245768 1.814752 0.019685 0.124357 0.080994 0.511673 1.116743 1.050106 0.232346 0.354316 0.500779 1.413806
0.555557 0.937500 0.245768 1.703927 0.019685 0.116763 0.080994 0.480426 1.089748 1.035840 0.857401 0.681524 0.469970 1.403778
0.555557 0.906248 0.245768 1.593085 0.019685 0.109168 0.080994 0.449174 1.062981 1.020851 0.205580 0.339327 0.439218 1.392395
0.518517 0.843748 0.133375 1.371417 0.010683 0.093978 0.043955 0.386674 0.990339 1.019754 0.784759 0.680427 0.371793 1.457608
0.518517 0.812501 0.133375 1.260591 0.010683 0.086383 0.043955 0.355426 0.963856 1.002779 0.179096 0.322352 0.340785 1.447754
0.518517 0.781249 0.133375 1.149749 0.010683 0.078788 0.043955 0.324174 0.937662 0.984848 0.758565 0.662496 0.309820 1.436028
0.518517 0.750001 0.133375 1.038924 0.010683 0.071193 0.043955 0.292927 0.911790 0.965896 0.153225 0.303400 0.278924 1.421854
0.518517 0.781249 0.133375 1.149749 0.010683 0.078788 0.043955 0.324174 0.937662 0.984848 0.784437 0.681449 0.309820 1.436028
0.481483 0.812501 0.021000 1.260591 0.001682 0.086383 0.006921 0.355426 0.944449 1.035840 0.160012 0.354392 0.338009 1.551328
0.444443 0.843748 -0.091393 1.371417 -0.007320 0.093978 -0.030119 0.386674 0.953646 1.085980 0.793634 0.731588 0.370413 -1.493060
0.407409 0.875001 -0.203769 1.482259 -0.016321 0.101573 -0.067153 0.417926 0.965199 1.135037 0.171564 0.403449 0.406030 -1.411476
0.370369 0.906248 -0.316161 1.593085 -0.025323 0.109168 -0.104193 0.449174 0.979009 1.182826 0.807445 0.779377 0.444082 -1.342861
0.333335 0.906248 -0.428537 1.593085 -0.034324 0.109168 -0.141227 0.449174 0.965608 1.218336 0.158163 0.438960 0.454200 -1.266167
0.296295 0.937500 -0.540930 1.703927 -0.043326 0.116763 -0.178267 0.480426 0.983208 1.264682 0.825045 0.825722 0.496075 -1.215484
0.259261 0.937500 -0.653305 1.703927 -0.052327 0.116763 -0.215301 0.480426 0.972689 1.300994 0.147644 0.475272 0.510555 -1.149485
0.185187 0.937500 -0.878074 1.703927 -0.070330 0.116763 -0.289375 0.480426 0.955616 1.375774 0.807972 0.900502 0.545939 -1.028665
0.148148 0.906248 -0.990466 1.593085 -0.079332 0.109168 -0.326415 0.449174 0.918277 1.408756 0.110305 0.508254 0.541202 -0.942375
0.111114 0.875001 -1.102842 1.482259 -0.088333 0.101573 -0.363449 0.417926 0.882027 1.444485 0.771722 0.936232 0.540783 -0.855005
0.074074 0.812501 -1.215235 1.260591 -0.097335 0.086383 -0.400489 0.355426 0.815870 1.479880 0.044148 0.543648 0.524017 -0.725856
0.074074 0.750001 -1.215235 1.038924 -0.097335 0.071193 -0.400489 0.292927 0.753650 1.472351 0.709502 0.928702 0.486063 -0.631506
0.074074 0.718749 -1.215235 0.928081 -0.097335 0.063598 -0.400489 0.261675 0.722556 1.468099 0.013054 0.539397 0.469061 -0.578754
0.074074 0.687501 -1.215235 0.817256 -0.097335 0.056003 -0.400489 0.230427 0.691480 1.463467 0.678426 0.924070 0.453579 -0.522108
