0.119997 0.437498 -1.114307 -0.155730 -0.086225 -0.011837 -0.360002 -0.049420 0.453656 1.303100 0.453656 1.303100 0.362502 0.136423
0.119997 0.468750 -1.114307 -0.057249 -0.086225 -0.004351 -0.360002 -0.018167 0.483866 1.320185 0.030210 0.017085 0.360177 0.050422
0.080000 0.468750 -1.238108 -0.057249 -0.095804 -0.004351 -0.399999 -0.018167 0.475528 1.401759 0.445318 1.384674 0.400157 0.045388
0.039997 0.499998 -1.361929 0.041218 -0.105386 0.003133 -0.440002 0.013080 0.501595 1.490972 0.056277 0.106299 0.440456 -0.029719
0.000000 0.531250 -1.485730 0.139699 -0.114965 0.010618 -0.479998 0.044332 0.531250 1.570796 0.474973 1.464498 0.482727 -0.092098
0.000000 0.562497 -1.485730 0.238165 -0.114965 0.018102 -0.479998 0.075580 0.562497 1.570796 0.087524 0.106299 0.487036 -0.156176
0.000000 0.593750 -1.485730 0.336646 -0.114965 0.025588 -0.479998 0.106832 0.593750 1.570796 0.506225 1.464498 0.493293 -0.218998
0.000000 0.624997 -1.485730 0.435112 -0.114965 0.033072 -0.479998 0.138079 0.624997 1.570796 0.118772 0.106299 0.501421 -0.280104
0.000000 0.687497 -1.485730 0.632060 -0.114965 0.048041 -0.479998 0.200579 0.687497 1.570796 0.568725 1.464498 0.522928 -0.395820
0.000000 0.718749 -1.485730 0.730541 -0.114965 0.055526 -0.479998 0.231831 0.718749 1.570796 0.150024 0.106299 0.536097 -0.449942
0.000000 0.781249 -1.485730 0.927488 -0.114965 0.070496 -0.479998 0.294331 0.781249 1.570796 0.631225 1.464498 0.566701 -0.550063
0.000000 0.812496 -1.485730 1.025955 -0.114965 0.077980 -0.479998 0.325579 0.812496 1.570796 0.181271 0.106299 0.583912 -0.596007
0.000000 0.874996 -1.485730 1.222902 -0.114965 0.092949 -0.479998 0.388078 0.874996 1.570796 0.693724 1.464498 0.621628 -0.679902
0.080000 0.906248 -1.238108 1.321383 -0.095804 0.100435 -0.399999 0.419331 0.909772 1.482749 0.216048 0.018251 0.584541 -0.808989
0.119997 0.937496 -1.114307 1.419849 -0.086225 0.107919 -0.360002 0.450578 0.945144 1.443492 0.729096 1.425241 0.582155 -0.896679
0.160000 0.937496 -0.990487 1.419849 -0.076644 0.107919 -0.319999 0.450578 0.951051 1.401758 0.221955 -0.023483 0.558304 -0.953260
0.199996 0.906248 -0.866685 1.321383 -0.067064 0.100435 -0.280002 0.419331 0.928054 1.353592 0.706099 1.377074 0.509990 -0.982054
0.239999 0.874996 -0.742865 1.222902 -0.057483 0.092949 -0.239999 0.388078 0.907313 1.303094 0.201214 -0.073980 0.462193 -1.016936
0.279996 0.812496 -0.619063 1.025955 -0.047903 0.077980 -0.200002 0.325579 0.859388 1.238929 0.658174 1.312910 0.388015 -1.019930
0.319999 0.781249 -0.495243 0.927488 -0.038322 0.070496 -0.159999 0.294331 0.844245 1.182042 0.186071 -0.130868 0.341103 -1.072877
0.359996 0.718749 -0.371442 0.730541 -0.028742 0.055526 -0.120003 0.231831 0.803864 1.106457 0.617793 1.237325 0.267212 -1.093146
0.359996 0.687497 -0.371442 0.632060 -0.028742 0.048041 -0.120003 0.200579 0.776047 1.088422 0.158254 -0.148903 0.239700 -1.031642
0.399999 0.656249 -0.247621 0.533594 -0.019161 0.040557 -0.080000 0.169332 0.768545 1.023404 0.610292 1.172308 0.193557 -1.129436
0.399999 0.624997 -0.247621 0.435112 -0.019161 0.033072 -0.080000 0.138079 0.742038 1.001482 0.131746 -0.170825 0.165604 -1.045681
0.439996 0.624997 -0.123820 0.435112 -0.009581 0.033072 -0.040003 0.138079 0.764341 0.957393 0.632595 1.128218 0.150416 -1.288808
0.439996 0.656249 -0.123820 0.533594 -0.009581 0.040557 -0.040003 0.169332 0.790101 0.980165 0.157506 -0.148053 0.180733 -1.338810
0.439996 0.687497 -0.123820 0.632060 -0.009581 0.048041 -0.040003 0.200579 0.816240 1.001485 0.658734 1.149539 0.211319 -1.373943
0.439996 0.749996 -0.123820 0.829007 -0.009581 0.063011 -0.040003 0.263079 0.869535 1.040241 0.210800 -0.109298 0.272945 -1.419896
0.439996 0.781249 -0.123820 0.927488 -0.009581 0.070496 -0.040003 0.294331 0.896630 1.057879 0.685830 1.167177 0.303895 -1.435713
0.479999 0.843748 0.000000 1.124436 0.000000 0.085465 0.000000 0.356831 0.970726 1.053567 0.284897 -0.113610 0.363750 1.570796
0.519995 0.874996 0.123802 1.222902 0.009580 0.092949 0.039997 0.388078 1.017847 1.034591 0.732950 1.148201 0.397017 1.468095
0.600001 0.968748 0.371442 1.518331 0.028742 0.115404 0.120003 0.481830 1.139506 1.016265 0.406555 -0.131936 0.503266 1.326706
0.639998 1.000000 0.495244 1.616812 0.038322 0.122889 0.160000 0.513082 1.187265 1.001485 0.780709 1.133420 0.544060 1.268513
0.680001 1.000000 0.619064 1.616812 0.047903 0.122889 0.200003 0.513082 1.209298 0.973619 0.428589 -0.159801 0.557138 1.199109
0.719998 1.000000 0.742866 1.616812 0.057483 0.122889 0.239999 0.513082 1.232232 0.946775 0.803644 1.106576 0.572714 1.133272
0.760001 1.000000 0.866686 1.616812 0.067064 0.122889 0.280002 0.513082 1.256026 0.920925 0.452382 -0.185650 0.590595 1.071241
0.799998 1.000000 0.990487 1.616812 0.076644 0.122889 0.319999 0.513082 1.280623 0.896057 0.828241 1.081707 0.610574 1.013147
0.840000 0.968748 1.114308 1.518331 0.086225 0.115404 0.360002 0.481830 1.282214 0.856459 0.453973 -0.225249 0.607023 0.929118
0.879997 0.906248 1.238109 1.321383 0.095804 0.100435 0.399999 0.419331 1.263203 0.800093 0.809230 1.025342 0.584541 0.808988
0.920000 0.874996 1.361929 1.222902 0.105386 0.092949 0.440002 0.388078 1.269653 0.760331 0.460423 -0.265011 0.591291 0.722777
0.959997 0.812496 1.485731 1.025955 0.114965 0.077980 0.479999 0.325579 1.257674 0.702373 0.797251 0.967383 0.583912 0.596007
0.959997 0.749996 1.485731 0.829007 0.114965 0.063011 0.479999 0.263079 1.218232 0.663202 0.420981 -0.304181 0.550725 0.501370
1.000000 0.718749 1.609551 0.730541 0.124547 0.055526 0.520002 0.231831 1.231503 0.623199 0.810522 0.927380 0.572192 0.419379
1.000000 0.593750 1.609551 0.336646 0.124547 0.025588 0.520002 0.106832 1.162987 0.535811 0.352464 -0.391569 0.532298 0.202626
1.000000 0.531250 1.609551 0.139699 0.124547 0.010618 0.520002 0.044332 1.132354 0.488334 0.779890 0.879903 0.522521 0.085048
1.000000 0.437498 1.609551 -0.155730 0.124547 -0.011837 0.520002 -0.049420 1.091515 0.412409 0.311625 -0.467494 0.521736 -0.094753
1.000000 0.406250 1.609551 -0.254196 0.124547 -0.019321 0.520002 -0.080667 1.079370 0.385883 0.767745 0.853377 0.525205 -0.153902
1.000000 0.343751 1.609551 -0.451144 0.124547 -0.034290 0.520002 -0.143167 1.057433 0.331097 0.289688 -0.522280 0.537555 -0.268664
1.000000 0.312499 1.609551 -0.549625 0.124547 -0.041775 0.520002 -0.174419 1.047690 0.302884 0.758003 0.825164 0.546313 -0.323628
0.959997 0.281251 1.485731 -0.648091 0.114965 -0.049260 0.479999 -0.205667 1.000348 0.284995 0.242346 -0.540168 0.519518 -0.404809
0.959997 0.249999 1.485731 -0.746572 0.114965 -0.056745 0.479999 -0.236919 0.992015 0.254758 0.749669 0.794926 0.532258 -0.458500
0.920000 0.218751 1.361929 -0.845038 0.105386 -0.064229 0.440002 -0.268166 0.945649 0.233438 0.195980 -0.561488 0.511714 -0.547351
0.879997 0.187499 1.238109 -0.943519 0.095804 -0.071714 0.399999 -0.299418 0.899751 0.209929 0.703771 0.771417 0.495535 -0.642571
0.840000 0.156252 1.114308 -1.041986 0.086225 -0.079198 0.360002 -0.330666 0.854409 0.183912 0.150639 -0.587505 0.484163 -0.742949
0.799998 0.124999 0.990487 -1.140467 0.076644 -0.086684 0.319999 -0.361918 0.809704 0.154996 0.659066 0.742501 0.477937 -0.846793
0.760001 0.124999 0.866686 -1.140467 0.067064 -0.086684 0.280002 -0.361918 0.770212 0.163013 0.111146 -0.579488 0.452134 -0.912323
0.719998 0.093752 0.742866 -1.238933 0.057483 -0.094168 0.239999 -0.393166 0.726076 0.129483 0.614930 0.708971 0.454737 -1.022744
0.639998 0.062500 0.495244 -1.337414 0.038322 -0.101653 0.160000 -0.424418 0.643043 0.097347 0.028113 -0.611623 0.447107 -1.210286
0.600001 0.062500 0.371442 -1.337414 0.028742 -0.101653 0.120003 -0.424418 0.603248 0.103792 0.575135 0.715415 0.434403 -1.295242
0.479999 0.031252 0.000000 -1.435881 0.000000 -0.109137 0.000000 -0.455665 0.481015 0.065017 -0.094120 -0.650398 0.448746 -1.570796
0.439996 0.031252 -0.123820 -1.435881 -0.009581 -0.109137 -0.040003 -0.455665 0.441104 0.070909 0.535224 0.721307 0.450526 1.483231
0.399999 0.000000 -0.247621 -1.534362 -0.019161 -0.116623 -0.080000 -0.486918 0.399999 0.000000 -0.135225 -0.721307 0.486619 1.407953
0.319999 0.000000 -0.495243 -1.534362 -0.038322 -0.116623 -0.159999 -0.486918 0.319999 0.000000 0.455224 0.721307 0.505963 1.253315
0.279996 0.000000 -0.619063 -1.534362 -0.047903 -0.116623 -0.200002 -0.486918 0.279996 0.000000 -0.175228 -0.721307 0.519999 1.181056
0.239999 0.031252 -0.742865 -1.435881 -0.057483 -0.109137 -0.239999 -0.455665 0.242026 0.129489 0.417254 0.850797 0.508894 1.086017
0.199996 0.062500 -0.866685 -1.337414 -0.067064 -0.101653 -0.280002 -0.424418 0.209535 0.302889 -0.207719 -0.547908 0.502699 0.987610
0.199996 0.093752 -0.866685 -1.238933 -0.067064 -0.094168 -0.280002 -0.393166 0.220880 0.438351 0.428599 0.986259 0.477061 0.951947
0.160000 0.156252 -0.990487 -1.041986 -0.076644 -0.079198 -0.319999 -0.330666 0.223639 0.773548 -0.204960 -0.212712 0.455205 0.801791
0.160000 0.187499 -0.990487 -0.943519 -0.076644 -0.071714 -0.319999 -0.299418 0.246487 0.864369 0.451447 1.077081 0.433538 0.752185
0.199996 0.187499 -0.866685 -0.943519 -0.067064 -0.071714 -0.280002 -0.299418 0.274143 0.753158 -0.177304 -0.323923 0.404916 0.818896
0.239999 0.249999 -0.742865 -0.746572 -0.057483 -0.056745 -0.239999 -0.236919 0.346553 0.805803 0.523857 1.129726 0.332414 0.778939
0.279996 0.281251 -0.619063 -0.648091 -0.047903 -0.049260 -0.200002 -0.205667 0.396863 0.787634 -0.126994 -0.342092 0.281960 0.799360
0.319999 0.312499 -0.495243 -0.549625 -0.038322 -0.041775 -0.159999 -0.174419 0.447275 0.773540 0.574269 1.115632 0.231638 0.828490
0.359996 0.312499 -0.371442 -0.549625 -0.028742 -0.041775 -0.120003 -0.174419 0.476710 0.714887 -0.097559 -0.400745 0.206051 0.968161
0.399999 0.312499 -0.247621 -0.549625 -0.019161 -0.041775 -0.080000 -0.174419 0.507597 0.663202 0.605156 1.063947 0.185624 1.140761
0.439996 0.312499 -0.123820 -0.549625 -0.009581 -0.041775 -0.040003 -0.174419 0.539677 0.617559 -0.065479 -0.446388 0.172210 1.345347
0.479999 0.312499 0.000000 -0.549625 0.000000 -0.041775 0.000000 -0.174419 0.572760 0.577106 0.638238 1.023494 0.167500 -1.570796
0.519995 0.312499 0.123802 -0.549625 0.009580 -0.041775 0.039997 -0.174419 0.606672 0.541128 -0.031567 -0.482366 0.172209 -1.345378
0.559998 0.281251 0.247622 -0.648091 0.019161 -0.049260 0.080000 -0.205667 0.626658 0.465434 0.658225 0.947801 0.214244 -1.199827
0.559998 0.249999 0.247622 -0.746572 0.019161 -0.056745 0.080000 -0.236919 0.613268 0.419879 -0.044957 -0.527921 0.243515 -1.245150
0.600001 0.218751 0.371442 -0.845038 0.028742 -0.064229 0.120003 -0.268166 0.638634 0.349608 0.683591 0.877530 0.287490 -1.150028
0.600001 0.187499 0.371442 -0.943519 0.028742 -0.071714 0.120003 -0.299418 0.628615 0.302883 -0.054976 -0.574647 0.316159 -1.189612
0.600001 0.156252 0.371442 -1.041986 0.028742 -0.079198 0.120003 -0.330666 0.620013 0.254760 0.674989 0.829407 0.345272 -1.222665
0.639998 0.124999 0.495244 -1.140467 0.038322 -0.086684 0.160000 -0.361918 0.652091 0.192884 -0.022898 -0.636523 0.389389 -1.154542
0.639998 0.093752 0.495244 -1.238933 0.038322 -0.094168 0.160000 -0.393166 0.646828 0.145453 0.669726 0.781977 0.418074 -1.184311
0.639998 0.062500 0.495244 -1.337414 0.038322 -0.101653 0.160000 -0.424418 0.643043 0.097347 -0.026684 -0.684629 0.447107 -1.210286
