0.000000 0.580644 -1.366298 0.488245 -0.144443 0.042820 -0.473546 0.140380 0.580644 1.570796 0.580644 1.570796 0.485505 -0.288192
0.000000 0.612904 -1.366298 0.600447 -0.144443 0.052660 -0.473546 0.172641 0.612904 1.570796 0.032260 0.000000 0.493626 -0.349595
0.000000 0.677420 -1.366298 0.824835 -0.144443 0.072339 -0.473546 0.237157 0.677420 1.570796 0.645160 1.570796 0.515568 -0.464296
0.085716 0.806452 -1.118985 1.273610 -0.118298 0.111697 -0.387829 0.366188 0.810995 1.464906 0.165835 -0.105891 0.511115 -0.756705
0.200002 0.903228 -0.789243 1.610200 -0.083438 0.141216 -0.273544 0.462965 0.925107 1.352883 0.759272 1.458773 0.509366 -1.037130
0.314287 0.935484 -0.459501 1.722386 -0.048578 0.151055 -0.159258 0.495220 0.986867 1.246682 0.227595 -0.212091 0.488621 -1.259651
0.342856 0.935484 -0.377071 1.722386 -0.039864 0.151055 -0.130689 0.495220 0.996334 1.219497 0.768738 1.431588 0.480070 -1.312778
0.428573 0.838713 -0.129758 1.385812 -0.013718 0.121537 -0.044973 0.398449 0.941867 1.098396 0.173129 -0.333192 0.367926 -1.458402
0.485715 0.741936 0.035113 1.049222 0.003712 0.092018 0.012170 0.301672 0.886786 0.991153 0.713657 1.324345 0.268666 1.530477
0.485715 0.709676 0.035113 0.937020 0.003712 0.082178 0.012170 0.269412 0.859976 0.970604 0.146319 -0.353740 0.236444 1.525655
0.514285 0.677420 0.117542 0.824835 0.012426 0.072339 0.040739 0.237157 0.850521 0.921445 0.704202 1.275186 0.207905 1.400676
0.514285 0.612904 0.117542 0.600447 0.012426 0.052660 0.040739 0.172641 0.800088 0.872668 0.095885 -0.402518 0.145191 1.339060
0.542858 0.612904 0.199984 0.600447 0.021142 0.052660 0.069313 0.172641 0.818747 0.845930 0.722862 1.248448 0.155644 1.189011
0.542858 0.709676 0.199984 0.937020 0.021142 0.082178 0.069313 0.269412 0.893496 0.917803 0.170634 -0.330645 0.246093 1.318984
0.571427 0.774197 0.282413 1.161425 0.029856 0.101858 0.097882 0.333933 0.962242 0.934961 0.791608 1.265606 0.316183 1.285665
0.600001 0.870968 0.364855 1.497998 0.038572 0.131376 0.126455 0.430704 1.057632 0.967566 0.266025 -0.298040 0.417056 1.285220
0.657144 0.967744 0.529726 1.834588 0.056002 0.160895 0.183598 0.527481 1.169772 0.974272 0.903748 1.272312 0.527201 1.235846
0.714286 1.000000 0.694598 1.946773 0.073432 0.170734 0.240741 0.559736 1.228904 0.950546 0.325156 -0.321765 0.578887 1.164617
0.742860 1.000000 0.777039 1.946773 0.082148 0.170734 0.269314 0.559736 1.245729 0.931881 0.920573 1.253646 0.591341 1.122346
0.828572 1.000000 1.024340 1.946773 0.108292 0.170734 0.355026 0.559736 1.298665 0.878875 0.378093 -0.374771 0.634979 1.005556
0.914288 0.903228 1.271653 1.610200 0.134438 0.141216 0.440742 0.462965 1.285202 0.779313 0.907109 1.154084 0.615533 0.809983
0.942857 0.838713 1.354082 1.385812 0.143152 0.121537 0.469312 0.398449 1.261911 0.727008 0.354801 -0.427076 0.594643 0.703917
0.971431 0.709676 1.436524 0.937020 0.151868 0.082178 0.497885 0.269412 1.203045 0.630934 0.848244 1.058011 0.551042 0.495994
1.000000 0.548388 1.518954 0.376059 0.160582 0.032981 0.526454 0.108125 1.140495 0.501605 0.292251 -0.556406 0.531748 0.202566
1.000000 0.419356 1.518954 -0.072716 0.160582 -0.006377 0.526454 -0.020907 1.084371 0.397081 0.792119 0.953487 0.529236 -0.039693
0.971431 0.354840 1.436524 -0.297104 0.151868 -0.026056 0.497885 -0.085423 1.034210 0.350218 0.242090 -0.603268 0.511840 -0.169918
0.914288 0.225808 1.271653 -0.745879 0.134438 -0.065414 0.440742 -0.214455 0.941760 0.242132 0.699670 0.845400 0.505596 -0.452852
0.828572 0.129032 1.024340 -1.082469 0.108292 -0.094934 0.355026 -0.311232 0.838559 0.154487 0.138889 -0.690913 0.494705 -0.719760
0.742860 0.064516 0.777039 -1.306857 0.082148 -0.114613 0.269314 -0.375748 0.745656 0.086631 0.606767 0.777543 0.489730 -0.948922
0.685713 0.000000 0.612156 -1.531245 0.064716 -0.134292 0.212167 -0.440264 0.685713 0.000000 0.078946 -0.777543 0.518903 -1.121726
0.628570 0.000000 0.447285 -1.531245 0.047286 -0.134292 0.155024 -0.440264 0.628570 0.000000 0.549625 0.777543 0.498275 -1.232236
0.571427 0.000000 0.282413 -1.531245 0.029856 -0.134292 0.097882 -0.440264 0.571427 0.000000 0.021803 -0.777543 0.483556 -1.352029
0.542858 0.032260 0.199984 -1.419043 0.021142 -0.124451 0.069313 -0.408003 0.543816 0.059357 0.522013 0.836901 0.446695 -1.402521
0.485715 0.096776 0.035113 -1.194655 0.003712 -0.104772 0.012170 -0.343487 0.495263 0.196670 -0.026750 -0.640231 0.376966 -1.535381
0.457142 0.161292 -0.047329 -0.970267 -0.005004 -0.085093 -0.016404 -0.278971 0.484762 0.339192 0.511512 0.979423 0.312684 1.512063
0.428573 0.225808 -0.129758 -0.745879 -0.013718 -0.065414 -0.044973 -0.214455 0.484421 0.484923 -0.027091 -0.494500 0.251786 1.364084
0.428573 0.258064 -0.129758 -0.633694 -0.013718 -0.055576 -0.044973 -0.182200 0.500271 0.541997 0.527362 1.036497 0.220125 1.328800
0.371430 0.322580 -0.294629 -0.409306 -0.031148 -0.035897 -0.102116 -0.117684 0.491953 0.715126 -0.035409 -0.321371 0.182259 0.856109
0.314287 0.354840 -0.459501 -0.297104 -0.048578 -0.026056 -0.159258 -0.085423 0.474013 0.845930 0.509422 1.167301 0.198631 0.492328
0.285714 0.387096 -0.541942 -0.184919 -0.057294 -0.016218 -0.187832 -0.053168 0.481119 0.934958 -0.028303 -0.232343 0.206771 0.275844
0.200002 0.387096 -0.789243 -0.184919 -0.083438 -0.016218 -0.273544 -0.053168 0.435711 1.093900 0.464014 1.326243 0.286879 0.191973
0.142859 0.354840 -0.954114 -0.297104 -0.100868 -0.026056 -0.330687 -0.085423 0.382518 1.188050 -0.081495 -0.138193 0.351347 0.252795
0.085716 0.290324 -1.118985 -0.521492 -0.118298 -0.045735 -0.387829 -0.149939 0.302714 1.283709 0.384209 1.421902 0.428931 0.368912
0.057143 0.193548 -1.201427 -0.858082 -0.127013 -0.075255 -0.416403 -0.246716 0.201807 1.283714 -0.182402 -0.138188 0.501787 0.534881
0.028574 0.129032 -1.283856 -1.082469 -0.135728 -0.094934 -0.444972 -0.311232 0.132158 1.352868 0.314559 1.491056 0.562752 0.610351
0.057143 0.096776 -1.201427 -1.194655 -0.127013 -0.104772 -0.416403 -0.343487 0.112388 1.037420 -0.202172 -0.453636 0.561557 0.689736
0.142859 0.000000 -0.954114 -1.531245 -0.100868 -0.134292 -0.330687 -0.440264 0.142859 0.000000 0.345031 0.453636 0.577580 0.926585
0.228571 0.000000 -0.706814 -1.531245 -0.074724 -0.134292 -0.244975 -0.440264 0.228571 0.000000 -0.116460 -0.453636 0.533159 1.063032
0.285714 0.000000 -0.541942 -1.531245 -0.057294 -0.134292 -0.187832 -0.440264 0.285714 0.000000 0.402174 0.453636 0.509437 1.167542
0.399999 0.032260 -0.212200 -1.419043 -0.022434 -0.124451 -0.073546 -0.408003 0.401298 0.080477 -0.000876 -0.373159 0.447372 1.392452
0.428573 0.032260 -0.129758 -1.419043 -0.013718 -0.124451 -0.044973 -0.408003 0.429785 0.075132 0.430661 0.448292 0.443571 1.461013
0.457142 0.064516 -0.047329 -1.306857 -0.005004 -0.114613 -0.016404 -0.375748 0.461672 0.140203 0.031011 -0.308089 0.409358 1.527168
0.485715 0.096776 0.035113 -1.194655 0.003712 -0.104772 0.012170 -0.343487 0.495263 0.196670 0.464252 0.504758 0.376966 -1.535381
0.514285 0.096776 0.117542 -1.194655 0.012426 -0.104772 0.040739 -0.343487 0.523311 0.186002 0.059059 -0.318757 0.378965 -1.452744
