0.069766 0.739131 -1.140437 0.851124 -0.081210 0.048099 -0.413078 0.244655 0.742417 1.476687 0.742417 1.476687 0.486124 -0.534719
0.093023 0.760869 -1.076227 0.926745 -0.076638 0.052372 -0.389821 0.266393 0.766534 1.449141 0.024118 -0.027546 0.478809 -0.599479
0.093023 0.782609 -1.076227 1.002378 -0.076638 0.056646 -0.389821 0.288133 0.788119 1.452489 0.764001 1.480034 0.491752 -0.636516
0.093023 0.804347 -1.076227 1.078000 -0.076638 0.060920 -0.389821 0.309871 0.809708 1.455657 0.045707 -0.024377 0.505296 -0.671627
0.093023 0.826088 -1.076227 1.153633 -0.076638 0.065194 -0.389821 0.331612 0.831309 1.458662 0.785601 1.483039 0.519400 -0.704887
0.093023 0.869566 -1.076227 1.304888 -0.076638 0.073742 -0.389821 0.375090 0.874527 1.464225 0.088926 -0.018814 0.549103 -0.766142
0.116277 0.891303 -1.012027 1.380509 -0.072066 0.078015 -0.366567 0.396827 0.898856 1.441072 0.809930 1.459885 0.548826 -0.825016
0.139535 0.913044 -0.947817 1.456142 -0.067494 0.082290 -0.343309 0.418568 0.923644 1.419146 0.113714 -0.040739 0.550394 -0.883859
0.162792 0.934781 -0.883607 1.531764 -0.062922 0.086563 -0.320052 0.440305 0.948850 1.398375 0.835136 1.439115 0.553787 -0.942253
0.186046 0.934781 -0.819406 1.531764 -0.058350 0.086563 -0.296798 0.440305 0.953115 1.374337 0.117979 -0.064778 0.540681 -0.977684
0.232558 0.956522 -0.690996 1.607397 -0.049206 0.090837 -0.250286 0.462046 0.984387 1.332295 0.866407 1.397073 0.535737 -1.074354
0.255815 0.956522 -0.626786 1.607397 -0.044633 0.090837 -0.227029 0.462046 0.990139 1.309469 0.123732 -0.087604 0.525274 -1.114088
0.279069 0.978259 -0.562586 1.683019 -0.040062 0.095111 -0.203775 0.483783 1.017286 1.292906 0.893554 1.380510 0.535687 -1.172140
0.302327 0.978259 -0.498376 1.683019 -0.035489 0.095111 -0.180517 0.483783 1.023911 1.271062 0.130356 -0.109449 0.527279 -1.213660
0.348838 0.978259 -0.369966 1.683019 -0.026345 0.095111 -0.134006 0.483783 1.038595 1.228262 0.908239 1.337711 0.513219 -1.300576
0.372092 0.956522 -0.305766 1.607397 -0.021774 0.090837 -0.110752 0.462046 1.026346 1.199804 0.118108 -0.137907 0.486453 -1.335537
0.395350 0.956522 -0.241556 1.607397 -0.017201 0.090837 -0.087494 0.462046 1.035005 1.178860 0.916897 1.316767 0.481691 -1.383650
0.418604 0.934781 -0.177356 1.531764 -0.012629 0.086563 -0.064240 0.440305 1.024229 1.149765 0.107332 -0.167001 0.456480 -1.425920
0.441861 0.913044 -0.113146 1.456142 -0.008057 0.082290 -0.040983 0.418568 1.014342 1.120076 0.907011 1.287078 0.432147 -1.473196
0.465115 0.847825 -0.048945 1.229255 -0.003485 0.069468 -0.017729 0.353349 0.967026 1.069030 0.060015 -0.218048 0.365411 -1.520665
0.488373 0.826088 0.015265 1.153633 0.001087 0.065194 0.005529 0.331612 0.959650 1.036881 0.899635 1.254929 0.343288 1.554125
0.511627 0.760869 0.079465 0.926745 0.005659 0.052372 0.028783 0.266393 0.916888 0.978818 0.017253 -0.276111 0.279511 1.463167
0.511627 0.739131 0.079465 0.851124 0.005659 0.048099 0.028783 0.244655 0.898931 0.965324 0.881678 1.241436 0.257898 1.453688
0.534885 0.739131 0.143675 0.851124 0.010231 0.048099 0.052041 0.244655 0.912369 0.944363 0.030690 -0.297073 0.261517 1.361210
0.534885 0.760869 0.143675 0.926745 0.010231 0.052372 0.052041 0.266393 0.930066 0.958065 0.899376 1.255138 0.282853 1.377873
0.534885 0.782609 0.143675 1.002378 0.010231 0.056646 0.052041 0.288133 0.947934 0.971255 0.048558 -0.283883 0.304249 1.392110
0.534885 0.804347 0.143675 1.078000 0.010231 0.060920 0.052041 0.309871 0.965958 0.983954 0.917400 1.267836 0.325687 1.404406
0.558139 0.847825 0.207875 1.229255 0.014803 0.069468 0.075295 0.353349 1.015050 0.988596 0.097650 -0.279241 0.372667 1.360848
0.558139 0.869566 0.207875 1.304888 0.014803 0.073742 0.075295 0.375090 1.033278 1.000165 0.935628 1.279406 0.393983 1.372692
0.581396 0.891303 0.272085 1.380509 0.019375 0.078015 0.098552 0.396827 1.064163 0.992807 0.128535 -0.286599 0.420180 1.327371
0.581396 0.913044 0.272085 1.456142 0.019375 0.082290 0.098552 0.418568 1.082437 1.003780 0.953902 1.290379 0.441344 1.339557
0.604650 0.934781 0.336285 1.531764 0.023947 0.086563 0.121806 0.440305 1.113291 0.996649 0.159389 -0.293731 0.468064 1.300906
0.627908 0.934781 0.400495 1.531764 0.028519 0.086563 0.145064 0.440305 1.126092 0.979306 0.966703 1.273037 0.474648 1.252534
0.627908 0.956522 0.400495 1.607397 0.028519 0.090837 0.145064 0.462046 1.144204 0.989901 0.177500 -0.283136 0.495393 1.266583
0.651162 0.956522 0.464695 1.607397 0.033091 0.090837 0.168318 0.462046 1.157128 0.973100 0.979628 1.256236 0.502694 1.221450
0.697673 0.978259 0.593105 1.683019 0.042235 0.095111 0.214829 0.483783 1.201557 0.951281 0.221929 -0.304956 0.539989 1.152892
0.720931 0.978259 0.657315 1.683019 0.046807 0.095111 0.238087 0.483783 1.215209 0.935698 0.993280 1.240654 0.549656 1.113460
0.744185 0.978259 0.721516 1.683019 0.051379 0.095111 0.261341 0.483783 1.229147 0.920467 0.235867 -0.320186 0.560121 1.075507
0.767442 1.000000 0.785726 1.758652 0.055951 0.099385 0.284598 0.505524 1.260543 0.916225 1.024675 1.236411 0.590294 1.058045
0.790696 1.000000 0.849926 1.758652 0.060523 0.099385 0.307852 0.505524 1.274834 0.901754 0.250158 -0.334657 0.601850 1.023803
0.837208 1.000000 0.978336 1.758652 0.069667 0.099385 0.354364 0.505524 1.304192 0.873776 1.054034 1.208433 0.626916 0.959411
0.860465 0.978259 1.042546 1.683019 0.074240 0.095111 0.377621 0.483783 1.302840 0.849374 0.248806 -0.359059 0.622924 0.908023
0.883723 0.978259 1.106756 1.683019 0.078812 0.095111 0.400879 0.483783 1.318316 0.836127 1.069510 1.195186 0.637291 0.878838
0.883723 0.956522 1.106756 1.607397 0.078812 0.090837 0.400879 0.462046 1.302267 0.824937 0.232757 -0.370249 0.620544 0.856163
0.930234 0.934781 1.235166 1.531764 0.087956 0.086563 0.447390 0.440305 1.318769 0.787836 1.086012 1.158085 0.635929 0.777417
0.953488 0.913044 1.299366 1.456142 0.092528 0.082290 0.470644 0.418568 1.320147 0.763733 0.234136 -0.394352 0.637635 0.726900
0.953488 0.891303 1.299366 1.380509 0.092528 0.078015 0.470644 0.396827 1.305205 0.751702 1.071070 1.146054 0.623173 0.700508
0.976746 0.869566 1.363576 1.304888 0.097100 0.073742 0.493902 0.375090 1.307737 0.727412 0.236668 -0.418642 0.627290 0.649516
0.976746 0.826088 1.363576 1.153633 0.097100 0.065194 0.493902 0.331612 1.279239 0.702024 1.042572 1.120666 0.601461 0.591280
1.000000 0.782609 1.427776 1.002378 0.101672 0.056646 0.517156 0.288133 1.269834 0.664047 0.227262 -0.456620 0.597754 0.508316
1.000000 0.717391 1.427776 0.775491 0.101672 0.043825 0.517156 0.222915 1.230711 0.622302 1.003449 1.078922 0.567858 0.406975
1.000000 0.673912 1.427776 0.624236 0.101672 0.035277 0.517156 0.179436 1.205885 0.593002 0.202436 -0.485920 0.551323 0.333971
1.000000 0.630434 1.427776 0.472981 0.101672 0.026729 0.517156 0.135958 1.182137 0.562498 0.979701 1.048417 0.537804 0.257079
0.976746 0.543478 1.363576 0.170472 0.097100 0.009634 0.493902 0.049002 1.117766 0.507757 0.138065 -0.540661 0.497610 0.098891
0.953488 0.521737 1.299366 0.094839 0.092528 0.005360 0.470644 0.027261 1.086899 0.500682 0.948834 1.041343 0.472249 0.057859
0.953488 0.478259 1.299366 -0.056416 0.092528 -0.003188 0.470644 -0.016217 1.066711 0.464918 0.117877 -0.576425 0.470667 -0.034443
0.930234 0.413044 1.235166 -0.283292 0.087956 -0.016009 0.447390 -0.081432 1.017812 0.417871 0.899935 0.994295 0.452803 -0.180045
0.906977 0.369566 1.170956 -0.434547 0.083384 -0.024557 0.424133 -0.124910 0.979380 0.386929 0.079445 -0.607366 0.439000 -0.286410
0.883723 0.347825 1.106756 -0.510180 0.078812 -0.028831 0.400879 -0.146651 0.949710 0.374969 0.870265 0.982335 0.423006 -0.350702
0.860465 0.304347 1.042546 -0.661434 0.074240 -0.037379 0.377621 -0.190129 0.912703 0.339967 0.042439 -0.642368 0.417683 -0.466437
0.837208 0.260869 0.978336 -0.812689 0.069667 -0.045927 0.354364 -0.233607 0.876909 0.302059 0.834470 0.944427 0.418147 -0.582837
0.813954 0.239131 0.914136 -0.888311 0.065096 -0.050200 0.331110 -0.255345 0.848354 0.285750 0.013884 -0.658677 0.411132 -0.656918
0.790696 0.217391 0.849926 -0.963944 0.060523 -0.054474 0.307852 -0.277085 0.820036 0.268306 0.806152 0.926983 0.406495 -0.732848
0.767442 0.195653 0.785726 -1.039565 0.055951 -0.058748 0.284598 -0.298823 0.791990 0.249624 -0.014162 -0.677359 0.404320 -0.809775
0.744185 0.152175 0.721516 -1.190820 0.051379 -0.067296 0.261341 -0.342301 0.759584 0.201705 0.773747 0.879064 0.421475 -0.918722
0.720931 0.152175 0.657315 -1.190820 0.046807 -0.067296 0.238087 -0.342301 0.736816 0.208028 -0.036930 -0.671036 0.407464 -0.963065
0.697673 0.130434 0.593105 -1.266453 0.042235 -0.071570 0.214829 -0.364042 0.709761 0.184823 0.746692 0.855859 0.412728 -1.037671
0.674419 0.108697 0.528905 -1.342075 0.037663 -0.075843 0.191575 -0.385779 0.683122 0.159797 -0.063569 -0.696062 0.420342 -1.109878
0.627908 0.086956 0.400495 -1.417708 0.028519 -0.080118 0.145064 -0.407520 0.633900 0.137610 0.697469 0.833672 0.421628 -1.228816
0.604650 0.086956 0.336285 -1.417708 0.023947 -0.080118 0.121806 -0.407520 0.610871 0.142833 -0.086598 -0.690839 0.414203 -1.280353
0.581396 0.065219 0.272085 -1.493329 0.019375 -0.084391 0.098552 -0.429257 0.585043 0.111709 0.671641 0.802548 0.429096 -1.345120
0.558139 0.065219 0.207875 -1.493329 0.014803 -0.084391 0.075295 -0.429257 0.561936 0.116323 -0.109705 -0.686225 0.424358 -1.397156
0.534885 0.065219 0.143675 -1.493329 0.010231 -0.084391 0.052041 -0.429257 0.538846 0.121332 0.648551 0.807557 0.420855 -1.450151
0.511627 0.065219 0.079465 -1.493329 0.005659 -0.084391 0.028783 -0.429257 0.515767 0.126790 -0.132784 -0.680767 0.418616 -1.503844
0.488373 0.065219 0.015265 -1.493329 0.001087 -0.084391 0.005529 -0.429257 0.492709 0.132758 0.625492 0.813525 0.417662 -1.557917
0.465115 0.065219 -0.048945 -1.493329 -0.003485 -0.084391 -0.017729 -0.429257 0.469666 0.139312 -0.155827 -0.674212 0.418001 1.529519
0.441861 0.065219 -0.113146 -1.493329 -0.008057 -0.084391 -0.040983 -0.429257 0.446649 0.146542 0.602475 0.820755 0.419631 1.475612
0.418604 0.065219 -0.177356 -1.493329 -0.012629 -0.084391 -0.064240 -0.429257 0.423654 0.154558 -0.178821 -0.666196 0.422537 1.422245
0.418604 0.086956 -0.177356 -1.417708 -0.012629 -0.080118 -0.064240 -0.407520 0.427540 0.204816 0.606362 0.871013 0.401066 1.414446
0.418604 0.108697 -0.177356 -1.342075 -0.012629 -0.075843 -0.064240 -0.385779 0.432486 0.254055 -0.173875 -0.616958 0.379622 1.405790
0.418604 0.130434 -0.177356 -1.266453 -0.012629 -0.071570 -0.064240 -0.364042 0.438455 0.302059 0.612330 0.919017 0.358217 1.396131
0.418604 0.152175 -0.177356 -1.190820 -0.012629 -0.067296 -0.064240 -0.342301 0.445406 0.348677 -0.166924 -0.570340 0.336851 1.385283
0.418604 0.173912 -0.177356 -1.115198 -0.012629 -0.063022 -0.064240 -0.320564 0.453293 0.393761 0.620217 0.964101 0.315540 1.373019
0.418604 0.195653 -0.177356 -1.039565 -0.012629 -0.058748 -0.064240 -0.298823 0.462071 0.437225 -0.158146 -0.526876 0.294288 1.359042
0.418604 0.217391 -0.177356 -0.963944 -0.012629 -0.054474 -0.064240 -0.277085 0.471686 0.478986 0.629833 1.005863 0.273116 1.342979
0.418604 0.260869 -0.177356 -0.812689 -0.012629 -0.045927 -0.064240 -0.233607 0.493236 0.557295 -0.136597 -0.448568 0.231084 1.302438
0.418604 0.282609 -0.177356 -0.737056 -0.012629 -0.041653 -0.064240 -0.211867 0.505072 0.593835 0.641668 1.042402 0.210287 1.276397
0.418604 0.304347 -0.177356 -0.661434 -0.012629 -0.037379 -0.064240 -0.190129 0.517548 0.628652 -0.124120 -0.413750 0.189705 1.244963
0.395350 0.347825 -0.241556 -0.510180 -0.017201 -0.028831 -0.087494 -0.146651 0.526577 0.721537 0.650697 1.135287 0.160889 1.032870
0.348838 0.369566 -0.369966 -0.434547 -0.026345 -0.024557 -0.134006 -0.124910 0.508200 0.814242 -0.142498 -0.321045 0.175469 0.750284
0.325581 0.391303 -0.434176 -0.358925 -0.030918 -0.020284 -0.157263 -0.103173 0.509039 0.876820 0.651537 1.197865 0.181966 0.580618
0.279069 0.413044 -0.562586 -0.283292 -0.040062 -0.016009 -0.203775 -0.081432 0.498483 0.976606 -0.153054 -0.221259 0.215398 0.380178
0.232558 0.413044 -0.690996 -0.283292 -0.049206 -0.016009 -0.250286 -0.081432 0.474013 1.058001 0.627067 1.279260 0.259837 0.314554
0.209304 0.413044 -0.755197 -0.283292 -0.053777 -0.016009 -0.273540 -0.081432 0.463048 1.101775 -0.164020 -0.177485 0.282305 0.289343
0.186046 0.413044 -0.819406 -0.283292 -0.058350 -0.016009 -0.296798 -0.081432 0.453010 1.147587 0.617030 1.325072 0.304895 0.267780
0.139535 0.369566 -0.947817 -0.434547 -0.067494 -0.024557 -0.343309 -0.124910 0.395030 1.209780 -0.222000 -0.115292 0.361515 0.348953
0.116277 0.369566 -1.012027 -0.434547 -0.072066 -0.024557 -0.366567 -0.124910 0.387426 1.265970 0.609426 1.381263 0.383671 0.328417
0.093023 0.326088 -1.076227 -0.585801 -0.076638 -0.033105 -0.389821 -0.168388 0.339096 1.292907 -0.270330 -0.088355 0.420158 0.407754
0.046512 0.282609 -1.204637 -0.737056 -0.085782 -0.041653 -0.436332 -0.211867 0.286411 1.407680 0.556741 1.496035 0.480083 0.452031
0.023254 0.239131 -1.268847 -0.888311 -0.090354 -0.050200 -0.459590 -0.255345 0.240259 1.473857 -0.316482 -0.022178 0.520210 0.507127
0.023254 0.217391 -1.268847 -0.963944 -0.090354 -0.054474 -0.459590 -0.277085 0.218631 1.464233 0.535113 1.486410 0.530743 0.542547
0.000000 0.152175 -1.333047 -1.190820 -0.094926 -0.067296 -0.482844 -0.342301 0.152175 1.570796 -0.382938 0.084386 0.585218 0.616692
0.000000 0.130434 -1.333047 -1.266453 -0.094926 -0.071570 -0.482844 -0.364042 0.130434 1.570796 0.513372 1.486410 0.597772 0.646026
0.000000 0.108697 -1.333047 -1.342075 -0.094926 -0.075843 -0.482844 -0.385779 0.108697 1.570796 -0.404675 0.084386 0.610839 0.674114
0.023254 0.065219 -1.268847 -1.493329 -0.090354 -0.084391 -0.459590 -0.429257 0.069240 1.228295 0.473915 1.143909 0.620994 0.751285
0.046512 0.043478 -1.204637 -1.568962 -0.085782 -0.088665 -0.436332 -0.450998 0.063668 0.751702 -0.410247 -0.392207 0.619216 0.801924
0.093023 0.021737 -1.076227 -1.644595 -0.076638 -0.092939 -0.389821 -0.472739 0.095529 0.229558 0.505776 0.621765 0.603804 0.881233
0.116277 0.021737 -1.012027 -1.644595 -0.072066 -0.092939 -0.366567 -0.472739 0.118292 0.184812 -0.387485 -0.436953 0.589059 0.911229
0.162792 0.000000 -0.883607 -1.720217 -0.062922 -0.097213 -0.320052 -0.494476 0.162792 0.000000 0.550277 0.436953 0.579285 0.996354
0.209304 0.000000 -0.755197 -1.720217 -0.053777 -0.097213 -0.273540 -0.494476 0.209304 0.000000 -0.340973 -0.436953 0.554944 1.065506
0.255815 0.000000 -0.626786 -1.720217 -0.044633 -0.097213 -0.227029 -0.494476 0.255815 0.000000 0.596788 0.436953 0.533554 1.140376
0.302327 0.021737 -0.498376 -1.644595 -0.035489 -0.092939 -0.180517 -0.472739 0.303107 0.071777 -0.293681 -0.365177 0.495183 1.206030
0.325581 0.021737 -0.434176 -1.644595 -0.030918 -0.092939 -0.157263 -0.472739 0.326306 0.066666 0.619987 0.431843 0.487187 1.249648
0.372092 0.043478 -0.305766 -1.568962 -0.021774 -0.088665 -0.110752 -0.450998 0.374624 0.116320 -0.245363 -0.315522 0.453110 1.329991
0.395350 0.065219 -0.241556 -1.493329 -0.017201 -0.084391 -0.087494 -0.429257 0.400693 0.163492 0.646056 0.479015 0.426692 1.369724
0.418604 0.086956 -0.177356 -1.417708 -0.012629 -0.080118 -0.064240 -0.407520 0.427540 0.204816 -0.218516 -0.274199 0.401066 1.414446
0.441861 0.130434 -0.113146 -1.266453 -0.008057 -0.071570 -0.040983 -0.364042 0.460711 0.287041 0.679227 0.561239 0.354785 1.458692
0.465115 0.173912 -0.048945 -1.115198 -0.003485 -0.063022 -0.017729 -0.320564 0.496566 0.357817 -0.182661 -0.203422 0.309440 1.515548
0.465115 0.195653 -0.048945 -1.039565 -0.003485 -0.058748 -0.017729 -0.298823 0.504591 0.398185 0.687252 0.601607 0.287738 1.511538
0.465115 0.217391 -0.048945 -0.963944 -0.003485 -0.054474 -0.017729 -0.277085 0.513411 0.437221 -0.173841 -0.164386 0.266045 1.506901
0.465115 0.239131 -0.048945 -0.888311 -0.003485 -0.050200 -0.017729 -0.255345 0.522988 0.474890 0.696829 0.639276 0.244357 1.501478
0.465115 0.260869 -0.048945 -0.812689 -0.003485 -0.045927 -0.017729 -0.233607 0.533277 0.511149 -0.163551 -0.128126 0.222682 1.495051
