2.4235 2.1693
-0.16131 1.738
2.3753 3.2071
1.3856 3.1013
3.413 5.188
1.3369 1.3322
2.1751 6.7591
1.1114 2.0398
0.35158 1.6925
0.26137 -0.66959
1.5216 4.8293
0.63094 5.4002
4.5389 3.7036
3.4138 3.5006
3.2929 4.337
3.5683 3.1152
-0.15077 4.3114
1.7382 2.6232
2.5907 6.5207
-2.417 0.089109
1.9066 2.2514
2.9605 3.1532
3.5747 6.4289
0.27864 1.7137
-0.3874 2.9287
0.016795 0.51701
0.06888 5.669
2.3395 4.4912
1.2543 3.8637
2.3161 2.0823
1.1321 2.687
1.1218 3.2334
2.9151 4.6161
4.4711 2.9714
4.4934 4.048
2.8412 2.5109
3.2873 1.6443
2.0745 3.8995
3.2661 3.7281
2.2252 3.4507
-0.33037 4.7527
0.13833 0.24345
3.0057 0.29077
3.8615 3.3928
0.85903 4.4878
1.0328 3.0712
0.17789 6.1215
2.1413 3.8434
3.2135 3.2853
1.1172 3.0021
-1.9725 5.0428
2.6061 5.0524
0.68806 3.8776
2.5875 1.7969
0.92175 -0.24351
1.4391 3.6268
1.9257 0.80545
2.8299 2.3154
0.7642 3.6196
2.8707 3.2218
4.269 2.8371
4.0972 3.3009
1.2712 3.7058
2.549 5.1137
1.1276 5.6668
1.4895 3.1192
0.90365 3.2559
5.8708 1.5747
2.258 3.9016
3.0935 2.2338
2.0416 1.2294
4.8048 2.092
-0.96467 3.0853
2.9933 0.50052
3.6707 2.8569
-1.2438 4.6112
1.3029 4.5868
1.8913 3.1749
3.7265 -0.10801
1.8337 4.4655
3.5006 3.6226
-0.093444 3.5896
2.6943 4.3803
3.9332 5.3336
1.1698 1.9846
2.9401 5.2539
0.58146 4.5541
1.5099 1.4465
2.4637 -1.8058
3.1047 1.8321
-0.2332 1.4635
1.8278 3.0082
0.4571 3.707
2.0908 2.2846
2.41 2.305
-0.18621 1.1098
3.5436 -1.4201
1.3132 5.3706
1.1037 4.0994
3.7979 3.5453
4.1669 4.3383
-0.21807 5.1433
2.5008 0.50066
1.8987 3.2609
3.4792 5.0759
1.7903 1.8134
0.5378 3.2141
0.49593 3.6191
1.7126 5.1063
2.5194 2.0918
2.714 2.6775
4.1155 2.5154
0.23321 4.5708
0.65111 3.017
3.1658 4.2393
0.63497 3.5925
-1.4691 1.8658
1.1585 2.2905
0.76058 4.9597
3.4199 0.5776
-1.291 1.1849
-1.154 3.2462
1.7227 4.963
1.18 7.4929
2.1551 3.2219
2.2433 2.4922
2.3525 3.2692
1.9996 1.4885
3.0826 4.5829
2.0291 1.5224
1.4443 5.0416
3.5858 1.9795
2.9955 -0.2515
1.575 1.7354
0.166 0.75027
-0.51318 4.9693
4.2994 5.9447
0.63237 2.1556
0.10472 3.6178
2.0484 2.7057
0.84153 1.8325
0.82746 -0.56145
2.7399 3.7414
-0.8053 6.593
1.0253 4.0311
2.004 0.34915
0.33062 1.4308
1.8817 1.8582
1.1174 1.8635
4.0297 3.3984
2.4201 2.6571
2.0741 1.0592
1.3408 1.748
1.3072 5.95
0.98107 -0.69963
-1.9825 2.8442
2.6615 3.8292
1.632 3.0999
4.1934 6.2038
0.27677 1.0965
3.2571 2.515
1.6458 1.1898
-1.0413 3.9398
0.54531 1.5117
3.0669 2.4456
5.3235 2.6296
-0.45048 0.7492
1.7903 3.0485
3.4397 5.4251
1.5843 3.7845
1.6555 2.179
1.2731 4.5229
3.8248 2.2337
3.1238 3.0792
2.5088 4.0958
3.3597 6.9939
4.1215 2.2052
4.5877 6.1714
1.5221 2.0265
0.8597 4.4938
2.5096 5.3678
2.8542 0.71767
0.11649 0.10317
0.62598 3.4612
4.2198 3.2053
0.16231 1.7332
4.0847 2.9315
0.73194 2.6152
1.8654 5.9452
6.0987 6.625
0.71465 3.6187
0.83464 1.4913
3.0021 2.0235
1.6154 3.6271
1.0409 0.70139
0.69232 3.9826
0.9055 6.469
2.3233 -1.3231
3.8065 0.86992
1.2819 4.6078
1.9678 3.3838
1.7727 4.0547
2.7092 3.1619
0.84689 5.0451
2.1138 4.333
2.456 3.8639
0.62127 5.4235
0.077001 1.2185
3.5469 4.8225
2.2081 1.2887
0.13471 5.9483
0.42711 2.6351
1.7357 2.0209
1.9352 5.1987
3.2323 3.8971
2.3576 5.9808
2.3575 0.99022
0.8521 4.4262
2.9807 2.0947
0.88999 2.8747
0.4036 2.464
-0.73452 1.0127
2.7951 3.2068
2.4742 5.1443
1.5523 1.5846
2.4813 2.4586
2.9874 3.2854
-0.67885 1.5865
1.2413 2.2313
4.7643 3.3603
-1.2247 4.0132
1.052 1.9539
0.51109 5.3919
2.2392 4.0001
3.9331 1.792
1.996 1.8358
1.0572 -0.33369
0.34327 5.3091
1.1196 2.4623
1.8139 4.5939
-1.2398 0.58473
2.0724 3.7023
3.8229 2.5081
1.9519 2.3307
0.34992 3.2173
2.8203 1.1318
1.4776 5.3673
1.5012 2.7778
4.2744 2.3982
2.613 3.8809
1.1542 2.2434
2.8529 0.22068
0.78028 2.1249
-0.051459 -0.028533
2.5579 4.6191
2.126 2.2076
2.8628 4.1079
2.3784 3.3981
3.2403 2.1739
2.6529 4.9581
3.7165 2.7601
-0.33055 5.8113
-1.0807 -0.029788
1.3702 3.3151
-0.73541 4.1294
-0.0082513 3.2484
5.3557 2.9448
-1.5723 1.1273
-0.77204 3.682
0.11549 3.2054
-1.6445 2.6753
-0.78188 0.023368
1.2347 3.1791
2.551 4.2042
1.7972 1.8336
2.0891 2.6788
2.6506 3.8807
3.7724 3.5305
2.481 1.8015
1.4728 4.9807
1.3223 1.1428
2.3059 4.5297
0.26297 1.0966
1.9429 0.9177
2.1088 3.7417
1.5759 2.534
2.8318 2.8166
-0.50098 4.3491
2.9 3.8437
-0.040612 2.3054
2.8393 5.7792
1.9653 2.1483
3.0213 4.4361
2.5076 2.1285
3.4151 1.9808
0.40395 0.9365
0.036603 4.6761
0.85363 3.1344
-2.9708 0.56716
1.8587 2.6799
5.7642 5.0176
2.1135 2.5515
4.5612 4.3749
1.1614 5.1981
-0.90832 3.4227
3.0508 4.8641
1.0256 3.8578
3.4996 3.6921
2.6269 2.7344
1.8827 5.572
3.7698 2.3438
1.7308 4.1061
0.14675 1.6696
2.9462 3.3642
2.6855 0.92553
1.227 2.3914
2.8474 5.2275
4.6312 3.5644
0.57345 1.5939
1.8849 3.6886
2.9037 3.076
0.50682 3.5277
1.5676 3.962
1.9807 4.3692
3.1941 0.49891
3.0551 2.3404
0.91096 -0.17304
3.6204 2.1533
2.0222 4.8386
4.0908 2.8275
0.57646 3.9718
1.2103 2.2871
2.7909 1.0116
0.52332 3.1228
1.9013 6.3636
3.0939 2.5576
0.90286 3.8636
0.6879 3.4649
1.8061 0.22811
3.5472 3.2069
-1.1515 3.044
2.0123 -0.57978
0.70092 2.6371
2.4828 2.7418
0.021245 1.7096
1.5833 7.0279
2.0171 1.5841
1.7411 4.5456
0.40212 4.4307
0.6532 1.8244
0.40591 3.0034
-0.14757 0.26402
0.74141 2.8026
4.0449 3.8592
1.2725 3.7518
4.4475 3.9267
-0.019107 5.1417
0.13704 1.6692
-0.62591 1.2109
0.84789 0.66046
1.9059 5.0607
3.2397 3.812
3.2497 4.7163
4.6471 6.9891
1.681 2.3414
0.4173 2.7211
2.6882 3.2634
1.7089 1.8592
-0.30131 1.6446
1.4756 3.1242
1.0466 3.6378
1.8133 2.9441
4.1603 3.8976
-0.65994 1.5913
1.3238 2.5423
1.5034 3.4654
2.9041 3.2342
-0.037645 2.8502
2.8167 -0.4873
0.8237 2.3771
2.9569 3.5935
2.3613 0.85526
2.2307 4.6366
4.961 6.4238
3.9066 0.41892
1.388 4.7995
-0.54961 2.2794
3.5368 3.7667
4.608 3.1163
1.0105 2.5584
2.2844 2.8888
1.6649 2.7567
3.26 6.1045
3.0454 1.5425
0.4479 5.0974
0.22497 1.2053
0.64477 3.4774
1.4053 4.4964
0.35327 -0.1842
0.18859 4.0334
5.0172 2.3175
0.3695 -0.14937
4.7323 4.0086
3.0137 3.9129
1.1197 0.82918
3.4446 5.7588
0.45833 6.1906
2.154 4.2514
3.8262 0.9899
-0.10703 3.8302
3.1191 2.959
2.2796 2.4742
0.98363 0.88493
2.6801 2.4118
2.4772 2.1341
-0.13372 3.478
0.3143 4.5387
1.9991 2.7805
-0.21377 3.1156
3.6481 2.551
2.7298 5.2691
1.6038 2.2966
1.9933 3.5766
1.9215 2.682
3.0308 1.7176
3.4092 1.5818
2.2508 0.87639
2.0924 4.4764
0.6019 0.77095
3.2445 -1.8125
2.7296 3.7669
0.34898 -3.2701
3.9098 3.2819
4.7068 3.1525
3.6451 4.2278
4.04 3.1407
4.1181 4.5931
1.516 3.4635
-1.8136 4.9899
0.66541 0.78099
2.8346 2.0581
1.3279 2.9276
2.4051 2.6983
3.2973 4.5465
-0.69704 2.7453
-0.93146 3.1542
2.539 2.9014
2.1981 1.0321
4.5245 2.3661
0.8478 -0.80197
3.1605 2.1834
1.9638 0.50303
3.3229 3.7048
2.0194 7.3466
3.4785 0.016309
3.9239 4.222
4.1315 7.9322
0.95234 4.1474
-1.1722 2.1093
2.6429 4.9275
-0.46313 2.7203
4.5388 3.9757
0.80193 2.5663
2.8228 4.2727
-0.42259 0.89948
-0.78431 2.1674
2.4999 1.8563
1.0767 2.1411
1.8865 3.709
-1.0898 3.219
2.3227 1.9024
3.9141 3.3242
1.1 1.3248
1.5668 5.136
0.019078 1.1981
-0.38716 4.2526
0.46954 3.3852
2.998 2.1785
1.2672 2.9707
2.8833 -0.58683
4.2907 3.737
2.3944 1.2441
4.8455 1.2958
1.6886 3.5136
3.1453 4.7871
2.0894 4.2843
0.81914 3.3968
-1.2477 3.6193
-3.2367 3.4617
1.4084 6.0861
0.46205 -0.13333
0.46886 1.6644
0.68469 3.0199
2.2507 2.4541
-0.44712 6.4236
2.8728 1.5276
1.4358 3.2492
0.50508 2.6062
1.0922 5.4738
-1.5935 0.79486
14.182 10.519
14.868 11.353
14.018 9.7045
14.281 6.9579
12.37 11.044
14.958 7.2101
15.859 9.5736
14.499 9.3522
13.288 6.8595
14.707 7.8008
11.55 7.5627
15.219 7.4461
15.851 9.0706
11.855 9.887
14.137 6.835
15.617 10.998
17.854 8.8039
16.025 9.9245
15.711 8.2204
15.239 9.4777
13.448 8.9393
14.65 7.7995
15.025 11.366
12.983 8.6971
16.662 9.1612
17.371 6.8412
13.196 9.7185
15.541 11.894
15.323 7.3911
14.44 9.0307
17.941 13.492
16.127 10.209
14.605 8.3049
14.143 7.274
13.777 10.937
14.002 8.6055
14.269 7.2277
17.712 13.3
12.574 8.9603
14.635 9.7462
16.582 8.689
12.334 7.7276
14.958 7.6995
14.608 8.1885
12.055 5.6867
13.214 7.2579
14.885 10.62
13.457 8.0071
15.364 8.8394
17.556 8.5574
16.26 8.0203
14.574 11.649
13.18 9.7959
16.85 9.2274
12.75 6.2592
15.554 7.1442
14.652 9.8085
15.58 8.6683
13.798 7.8914
15.728 12.914
15.204 7.9727
13.09 7.5935
12.638 7.9541
16.423 9.5726
13.626 6.7006
12.545 11.339
14.504 10.907
15.673 8.2173
15.928 12.017
14.288 10.39
16.659 10.682
15.293 10.604
16.049 10.889
16.635 8.8737
14.578 7.4652
15.85 9.2103
15.114 7.011
16.041 7.683
16.161 6.6586
15.353 11.27
14.182 11.185
13.287 6.3808
13.09 7.9761
12.938 9.1654
14.846 5.5948
14.668 4.3321
12.246 7.5212
14.913 6.9616
16.694 9.0997
14.891 9.51
16.305 9.8721
13.844 8.416
16.23 11.723
11.357 6.7425
12.005 8.9184
14.932 7.201
14.746 10.201
16.975 10.545
13.531 8.4418
15.828 7.7084
12.708 8.0768
16.176 9.3226
15.607 8.5603
14.402 9.8701
14.821 10.202
15.568 10.988
13.927 6.9329
14.105 11.29
13.289 9.0903
17.372 5.8648
15.008 6.9788
13.207 7.4291
14 8.3468
15.799 10.287
13.361 8.4794
12.163 8.6415
14.659 7.4909
13.093 5.1049
13.95 10.049
12.371 7.6707
13.35 7.9097
15.381 9.4178
13.998 6.2774
15.452 7.7527
13.397 6.8577
15.726 12.15
14.618 9.6895
14.723 8.7425
16.386 10.957
14.276 6.5052
16.418 9.5979
15.501 10.288
15.802 9.24
14.119 7.4204
12.495 6.3713
16.713 9.9525
12.972 7.4327
13.008 8.583
16.204 9.0099
15.663 8.5775
15.502 7.0595
13.939 8.4405
13.477 6.8966
14.661 9.4583
15.842 11.878
14.95 7.1991
10.591 9.5689
13.161 8.7536
17.68 10.166
15.924 11.056
14.384 8.3481
14.022 11.049
12.489 6.4463
15.136 10.514
15.351 7.1118
10.031 7.5533
15.112 9.5096
14.32 8.8531
15.186 11.568
16.292 8.0833
15.244 10.07
15.185 7.8623
14.098 9.4048
15.611 10.801
14.187 9.2941
16.206 8.8262
16.899 8.8474
13.879 5.6954
15.02 8.8646
17.256 8.533
15.342 9.7164
13.455 13.145
16.008 9.1488
12.51 8.8313
15.673 9.4952
14.706 8.8449
12.153 8.0931
15.031 10.319
15.001 7.5559
14.136 7.7196
15.118 8.9106
14.224 7.0806
13.632 9.3434
15.453 6.4005
14.624 8.4332
16.277 10.581
15.528 9.1554
15.444 9.1928
15.503 9.2166
14.42 8.3809
17.1 7.281
16.184 9.0121
14.986 8.5569
12.38 10.405
16.129 6.3658
13.945 7.607
15.569 7.1168
15.584 10.383
14.804 7.2053
15.879 9.3996
14.553 7.6476
15.938 8.6712
15.162 13.128
13.333 6.9089
13.326 8.1819
13.359 9.8833
14.216 10.275
16.668 11.005
14.434 9.3907
15.335 9.1377
13.652 6.3269
12.1 8.4462
13.584 8.5587
16.095 8.136
11.852 8.6828
14.034 6.0765
13.73 5.727
14.602 6.0474
13.012 10.77
12.168 8.4146
13.751 7.2721
16.79 9.2383
16.787 10.049
13.473 6.568
15.67 7.2863
14.833 9.56
13.927 9.2054
13.262 7.2762
15.414 9.7126
15.857 8.0708
14.406 7.1949
14.46 10.382
13.483 7.3493
13.988 11.588
14.754 10.402
14.637 10.464
14.666 12.311
16.975 9.9175
12.564 6.3877
13.296 10.798
15.444 5.232
14.865 9.973
12.907 8.7811
15.596 8.7322
13.117 10.738
11.112 7.3771
14.91 6.5967
13.801 9.7709
16.367 9.4162
13.544 8.7779
15.955 10.467
13.454 9.5935
16.516 8.5032
12.359 9.0914
14.606 7.0534
10.798 6.5837
12.891 7.7912
14.898 9.3036
15.836 11.204
14.59 8.2588
12.321 6.6326
15.305 7.5262
13.115 10.167
12.583 6.2531
14.485 9.4713
14.899 8.9461
17.348 9.6307
12.608 6.8509
15.044 11.666
14.269 7.7889
12.497 9.5103
14.437 10.429
14.396 6.9846
16.134 9.8352
15.109 8.2045
14.43 6.519
14.168 9.4546
12.294 3.9913
15.912 11.334
14.077 6.8719
14.907 6.571
12.722 5.4745
13.648 9.3496
14.621 11.568
11.981 6.8573
14.953 6.6855
15.261 9.4685
15.796 12.308
16.109 7.0915
17.133 9.4517
17.192 8.6534
15.259 9.2507
15.806 8.6118
14.939 6.9619
13.514 8.8051
14.643 8.6352
13.141 8.1685
14.106 7.6542
12.846 9.2189
13.594 7.2416
13.759 10.148
11.893 6.79
14.471 13.703
14.174 11.483
12.28 10.711
16.082 8.3726
12.129 9.0679
14.646 10.625
13.503 10.768
16.478 8.9729
15.976 4.9528
14.953 8.8903
15.058 8.2551
14.852 7.9597
14.364 8.993
14.587 8.8649
12.611 10.032
15.491 10.567
13.096 9.2606
12.943 9.6618
17.015 8.9923
14.642 7.6086
17.202 8.4041
14.927 7.4381
14.98 9.8751
14.516 8.1799
12.59 9.7066
16.731 10.437
16.033 8.9886
13.185 7.1165
14.228 12.208
15.549 10.78
15.22 8.9242
14.273 11.89
12.988 10.106
11.552 6.8065
15.116 6.3475
15.429 8.7962
13.567 8.3173
13.162 7.8348
13.838 7.7844
14.033 12.258
14.491 8.2047
16.7 10.424
14.012 9.8437
18.492 11.387
14.111 11.4
13.6 7.4698
13.601 7.1983
14.251 8.5502
14.796 10.511
12.527 7.1612
12.456 8.4377
13.773 7.6702
18.038 9.7452
14.501 5.6249
13.342 8.7658
14.41 11.673
15.047 8.5787
13.71 8.1906
14.569 8.6505
14.401 8.1759
12.996 6.1397
17.482 8.3893
15.467 10.528
13.429 7.1713
13.012 9.6475
14.716 9.9622
16.136 7.6875
12.446 8.9227
16.33 9.5639
11.937 8.6671
14.536 10.195
16.557 10.844
16.172 10.585
14.476 8.9548
17.66 7.9865
16.678 11.267
14.484 10.052
11.932 9.473
12.849 9.8787
15.47 6.4757
13.566 9.409
15.418 7.2324
14.503 8.8002
14.968 11.086
16.697 7.5222
16.386 10.893
14.493 10.602
13.706 9.7378
13.41 6.2434
15.377 9.4792
14.709 7.6594
14.461 9.1382
14.835 10.774
13.531 8.158
15.334 6.9783
17.597 10.652
14.485 7.8387
13.603 8.6498
15.472 8.9441
15.62 7.6936
13.866 8.2105
15.46 10.965
15.877 7.0878
17.873 12.198
16.937 8.3945
16.732 8.7227
12.749 10.178
13.31 8.5611
15.536 4.9491
16.014 9.7951
13.937 9.5431
14.964 10.28
14.677 10.091
16.884 10.803
14.052 9.4359
14.203 11.452
16.32 9.6994
15.588 7.6555
14.921 9.3032
14.199 10.728
14.166 10.017
14.655 9.0333
15.593 8.4188
12.304 9.0567
15.233 7.3481
14.397 11.297
15.603 12.491
12.219 7.2331
12.796 8.0057
15.103 10.169
16.826 10.089
14.621 5.4986
13.775 5.7885
14.316 9.132
16.518 9.0343
13.479 8.9883
11.911 8.8737
15.427 11.078
15.526 7.7765
14.963 12.215
12.389 6.8198
13.349 11.757
16.015 8.9675
14.402 7.7244
16.269 9.8385
15.229 9.9616
15.149 8.3881
14.819 9.93
15.689 8.951
15.139 9.4793
16.551 8.6556
13.468 9.4415
13.461 8.9543
13.488 7.3443
14.835 9.9791
15.221 8.402
14.796 10.467
14.362 8.4496
14.697 7.7065
12.285 7.652
14.894 11.852
15.103 11.745
15.724 10.049
13.851 9.733
14.788 8.8469
14.433 8.0843
16.651 10.953
13.861 9.597
12.187 9.5116
15.632 7.742
16.264 10.627
13.712 6.4616
13.773 8.088
15.575 7.1906
17.366 13.46
13.092 9.4075
14.3 11.778
13.024 6.5818
17.168 12.139
15.762 6.2422
13.33 7.8413
12.761 13.018
15.456 7.4349
18.014 7.2954
14.698 7.7187
14.654 8.4055
15.916 9.4089
13.683 8.882
15.478 9.6505
15.968 7.4945
16.103 11.767
12.683 8.6266
15.259 9.8076
16.37 7.0678
15.213 10.691
16.146 10.705
14.61 6.499
14.203 9.3405
-0.71802 13.672
-1.0368 10.678
-2.676 10.777
-0.36057 12.51
1.6045 10.409
-1.3173 14.755
1.5454 14.306
-0.71387 13.054
0.68392 11.894
0.82958 14.895
-3.4786 9.7993
-0.23067 13.593
0.38224 13.621
1.6527 12.834
1.3417 15.172
0.35754 13.44
-0.61865 13.951
0.42437 11.975
0.23498 13.979
-0.027375 16.137
-1.434 12
-0.39965 15.463
-3.5908 12.428
-0.77737 13.52
1.0689 13.115
-2.7866 11.408
-3.1515 12.318
-0.45538 16.673
1.0025 14.934
-2.7547 11.804
-0.42915 12.782
-1.0699 13.2
-0.34123 12.43
-0.078477 12.245
-0.37115 12.282
2.3494 13.514
3.7181 14.248
0.3334 9.4627
-1.5178 11.789
-1.198 12.13
-1.2611 14.635
1.5396 11.558
-0.64942 14.401
1.4726 13.055
-2.449 12.744
0.66627 11.115
-2.5434 14.122
0.83273 12.234
-0.42949 15.205
-0.96989 8.0437
0.15728 13.064
-0.027927 13.686
0.94667 14.337
0.12216 14.788
-1.9818 10.365
2.5801 16.403
-3.6781 12.94
-2.6581 13.138
0.041394 11.961
0.67269 13.472
-0.26735 12.626
-1.7863 12.218
-1.2133 13.688
-0.49224 15.406
-0.37494 10.598
2.4217 12.552
-0.055212 11.51
-0.63068 15.08
-0.57085 13.24
1.4494 15.298
-0.083044 12.402
-2.2636 14.823
1.3301 13.662
-0.43798 10.95
-0.18169 13.842
-0.56262 16.858
2.0287 13.169
-1.9516 11.758
-0.29364 13.991
-3.0033 12.506
-2.3796 12.296
-3.1628 12.404
-2.5292 9.6847
0.56325 11.974
-0.23873 11.054
-1.8023 10.647
-1.4955 12.355
-1.8145 11.981
2.6955 12.104
-0.5291 11.294
0.45438 12.914
-2.2736 14.233
-1.2308 12.431
3.0143 12.717
1.7907 14.032
-0.60768 11.814
0.83803 12.574
-1.0944 12.072
0.4626 12.192
-0.66721 11.358
-3.2994 15.961
-1.7697 14.305
0.28976 14.186
1.3326 11.204
2.3973 15.112
-2.0765 13.383
-1.0019 13.683
-0.43472 10.509
-0.24733 14.152
-0.43736 12.192
-1.8185 12.175
-0.45619 15.173
0.020881 11.96
0.59923 13.472
1.4248 12.439
-0.27452 14.346
-0.17553 13.823
0.37034 14.142
0.073564 12.686
-1.1439 10.374
1.7216 14.115
1.9925 14.979
1.1867 12.016
-2.6582 11.705
1.4125 11.892
-1.5914 12.264
-3.4879 11.462
0.11884 13.888
-0.1207 13.671
-1.1342 12.469
-1.898 14.76
-3.6127 12.597
-0.56811 11.627
-1.8979 13.419
-3.4598 11.538
2.2648 12.47
-0.504 13.523
-1.0177 12.635
1.162 13.202
-0.25285 13.461
-0.63071 14.686
0.72124 16.001
3.6759 13.422
-2.3825 11.179
-1.1437 13.748
-2.0149 12.069
1.8928 12.55
0.71357 15.821
1.5533 13.604
1.3503 12.282
1.2568 12.735
0.679 10.925
1.5601 14.496
0.66039 13.114
-0.94342 11.576
-5.043 12.616
-0.15469 13.197
0.32565 13.918
0.34417 9.8036
0.80612 13.082
1.5942 11.834
-0.14539 15.786
-2.4439 12.164
-0.66096 11.021
0.60798 12.262
0.4723 14.151
-3.5792 13.386
0.50669 13.31
1.1451 13.811
0.012056 12.114
-3.4382 13.257
-1.3215 13.056
3.2819 14.075
-1.5398 13.006
-1.1706 13.112
0.85537 13.056
-4.3988 10.817
-1.2159 13.106
1.7779 10.499
1.7078 12.748
-0.73353 11.892
-0.69998 13.259
-1.3651 13.389
1.3865 10.97
1.9849 12.429
1.5258 12.228
0.10785 12.82
2.4341 15.464
-0.1622 12.654
1.4683 13.714
-0.10823 14.3
-0.73014 12.149
0.045237 16.519
-2.0953 12.797
1.5287 10.52
-0.83004 12.294
1.8057 10.831
2.1686 11.415
-0.16664 15.329
0.80046 12.024
-0.34002 12.882
-3.2295 12.426
-1.5146 12.387
1.4409 10.891
1.0457 11.889
-0.59142 14.385
1.5249 12.646
2.3649 15.57
0.29414 14.305
1.3482 12.929
-0.87557 13.605
-0.54945 13.503
0.15439 16.262
0.39347 12.16
0.5973 15.79
0.46921 12.275
-1.3601 10.785
1.0156 12.834
-0.0021972 11.104
-0.6204 14.207
-1.7627 11.607
-2.7286 12.477
1.5835 11.201
1.8937 15.821
-1.2338 11.958
0.2207 13.59
-1.2079 11.807
-1.8429 10.706
0.42795 11.565
1.9197 13.062
-3.0751 13.639
-0.5348 14.047
2.1447 13.124
-2.0547 12.401
-2.8899 11.116
2.0662 12.608
0.7053 13.286
-0.088755 15.962
0.83674 11.178
2.3057 10.196
-0.11167 10.503
-0.62048 13.589
-0.23223 10.52
-1.4888 11.143
-0.32362 14.998
-0.49817 9.9905
-3.2917 14.332
-1.963 10.438
1.3384 14.472
-3.7944 10.925
0.55914 11.447
0.040711 10.733
-0.51493 11.358
2.3278 13.193
3.1821 12.291
1.1677 12.952
-0.063471 12.401
-0.41649 13.933
-0.6708 11.57
-0.052552 12.913
0.013746 13.341
-1.8334 12.437
0.054758 11.572
-1.8601 12.707
0.29378 14.599
-1.7142 13.278
-0.83128 13.883
-2.0783 10.307
-1.2843 14.872
1.9563 16.055
-0.75865 11.954
0.19792 8.6337
2.4395 14.768
1.3506 13.119
-3.7253 12.236
2.6685 15.7
0.67356 11.073
-3.0689 13.908
1.6633 14.864
0.27179 13.104
0.17356 14.901
-2.5338 10.441
-2.994 14.776
1.0372 13.928
-0.1553 12.386
-2.593 14.158
-0.94053 15.066
1.4569 16.024
1.8706 11.099
-0.93368 11.801
0.15706 15.382
-1.0061 13.562
1.4187 13.175
1.7986 14.75
1.2594 17.246
0.25111 13.826
-2.1462 13.801
-1.1764 10.008
-0.1312 13.811
-0.47287 13.04
0.59693 13.902
1.0102 13.948
1.3018 13.393
-0.37688 14.173
0.25728 14.156
1.1164 12.079
0.0765 12.472
-1.3827 13.205
0.071145 14.905
1.6557 13.774
1.1611 13.722
-1.2169 12.763
-1.5006 12.093
0.41176 11.169
1.6475 14.314
-1.0961 13.678
-0.019219 10.67
-0.43768 11.034
-1.4401 10.72
-1.1808 8.8345
2.4365 16.825
-0.39912 13.022
1.6044 10.456
-1.2874 12.754
0.59614 15.817
2.1693 12.767
-2.1634 14.077
1.9039 13.589
-0.22103 15.876
1.1519 13.285
1.4432 14.784
-2.4137 12.349
2.4015 15.21
-1.5224 11.759
1.783 15.231
-2.4937 10.879
0.68072 13.88
1.2194 11.696
-1.4232 15.207
-0.20902 9.6376
-1.1985 15.601
-2.086 10.514
0.40115 11.906
-2.2759 12.862
1.2459 12.874
-0.30287 13.416
-0.54096 12.381
-1.8555 12.719
0.30892 14.672
-0.10794 12.985
-0.68191 11.727
0.68108 13.236
2.568 11.35
-1.802 14.441
-1.3791 12.349
0.21342 12.02
-1.1752 14.178
0.65545 13.344
0.12703 13.718
1.0624 13.436
-2.1743 12.502
-0.20611 12.641
2.0752 15.41
-1.9758 13.44
-0.21217 12.901
2.6318 15.204
-2.2279 13.516
-1.9102 10.484
-0.3117 14.795
0.47079 14.694
-0.49555 12.49
0.54056 12.288
-0.72329 12.648
-2.2692 13.35
-0.32926 15.553
0.34088 13.071
-1.3939 12.916
-2.4701 13.402
0.63952 13.23
0.54788 10.954
-2.3416 12.154
2.2278 13.611
-4.4682 12.266
0.47441 15.426
2.1162 15.49
1.9373 11.347
2.9037 13.593
-2.9056 13.243
-0.56544 14.999
1.0892 12.199
-2.0939 14.735
1.6698 12.263
-1.2058 12.894
-2.3053 14.16
-2.8742 14.31
-0.72567 13.548
-1.7077 13.752
-1.2323 11.451
-1.6412 13.389
0.33857 15.2
1.4632 13.694
0.67034 11.517
-0.56341 15.524
-0.88573 15.657
-1.4866 13.569
-1.718 11.024
0.079102 12.159
-0.94959 14.056
1.6399 11.147
0.75291 13.534
1.3625 14.07
0.9292 13.079
2.8909 14.683
0.42121 11.964
-0.31563 16.946
0.55963 15.075
1.9097 16.551
0.12025 11.252
2.1518 13.78
-0.18815 14.876
1.6998 13.578
2.8962 13.344
2.2012 15.241
-1.5359 10.918
-0.15541 10.236
-1.9942 12.991
0.03772 15.218
0.72693 14.717
-0.2292 15.011
-3.537 12.711
-0.13384 10.548
-0.47946 13.553
-0.57775 15.148
0.81605 13.766
-2.4089 11.399
-1.5803 13.402
2.0154 11.957
-0.36645 12.649
0.98875 11.525
-0.21208 14.895
0.41375 12.984
2.1657 12.693
-0.21998 14.505
1.4942 11.806
-1.4214 10.944
-2.8668 12.311
-0.4234 13.664
-0.77353 10.263
1.1914 14.197
2.063 14.033
-1.314 12.137
-0.49291 12.333
-1.881 13.043
-2.2581 12.789
1.4094 13.681
-0.093479 13.225
3.3203 11.716
-2.0063 15.421
0.82853 13.2
1.3755 14.257
-1.4347 11.976
-1.0532 13.079
-1.5645 11.739
-0.74913 12.372
0.090139 13.91
-0.32088 15.957
-1.8996 14.101
1.715 12.841
-0.23032 15.228
-0.96003 10.719
1.4945 11.528
0.61376 13.146
5.4309 14.83
-0.75654 13.547
0.39914 13.825
-1.5434 11.541
-0.2948 11.715
-1.0946 14.477
-1.1763 13.267
1.5835 15.303
-0.19664 13.283
2.1342 12.222
-0.72061 11.428
0.29596 10.659
4.0039 12.706
-1.7363 11.219
-1.2843 14.25
0.021114 15.316
-0.69653 11.981
-0.98587 13.638
-0.49552 14.069
-1.345 13.543
-3.0887 11.976
-0.85777 11.945
1.7022 12.515
0.29986 12.795
-2.1051 12.515
-3.6665 13.34
0.96828 13.227
-1.04 13.359
