404.33 1151.5
387.76 872.66
370.22 855.74
319.97 1443.5
387.76 872.66
326.06 947.94
290.3 1115.3
370.08 945.97
374.95 992.1
294.34 816.89
374.79 934.08
500 1500
372.51 895.24
256.75 944.5
364.98 1094.8
345.01 981.89
998.05 2338.4
312.6 841.29
398.42 796.32
353.93 786.58
371.91 941.61
352.99 921.38
645.15 1160.6
345.55 2403.1
404.12 1266.8
309.6 929.84
500 1500
249.07 762.28
336.22 851.46
500 1500
265.51 722.16
273.03 1198.8
325.57 621.5
343.68 1211.5
255.76 744.83
394.31 998.52
360.92 1073.4
361.81 1260.2
738.22 1345.5
310.58 888.65
339.31 1172.4
1201.9 2078.1
392.23 1223.7
404.95 1103.3
518.32 2540.8
500 1500
455.34 996.06
378.92 1063
632.91 1455.3
323.09 1105.8
500 1500
371.25 912.12
352.9 1116.6
691.63 1117
396.97 1219.9
425.54 917.01
325.81 1130.8
441.1 1026.7
835.9 2335.3
322.16 2282.8
1398.2 2358.5
367.67 860.21
309.04 1134.9
437.66 980.47
265.74 914.31
358.34 1080.8
276.98 481.87
1220.2 2459.7
371.01 1207.7
500 1500
382.15 876.9
315.87 688.68
500 1500
325.24 1131.7
327.95 1009.8
286.83 1296
341.96 2366.2
337.61 1029.9
500 1500
302.34 743.86
387.95 1102.4
285.38 1136.7
892.25 2295.3
384.65 1077.2
379.42 949.34
333.59 885.6
487.86 1529.2
320.98 1209
366.93 1595.8
477.31 1028.2
305.36 1244.4
522.89 1047.9
211.42 572.78
316.09 1068.1
315.74 932.39
342.15 1023.2
281.33 1579.8
341.4 968.04
333.59 885.6
351.71 1055.2
892.25 2295.3
409.02 1386.3
470.95 1026.6
516.15 2654.4
464.68 1021.7
1406.4 1806.8
658.2 1633.8
270.9 852.47
500 1500
312.7 798.17
247.8 808.64
316.66 1574.1
500 1500
251.57 681.63
555.85 1121
354.46 866.83
278.19 1306.8
338.45 1354.5
339.04 1081.8
500 1500
500 1500
551.16 1202.6
374.62 1265.7
426.15 1085
388.76 1013.4
389.29 1233.2
500 1500
371.3 1226.1
372.2 1043.9
398.05 1085.9
397.07 1066
500 1500
273.52 903.52
331.59 864.71
500 1500
271.16 1038.4
381.72 1031.8
410.68 1094.5
352.15 1153.4
369.04 878.94
356.09 949.79
377.4 1120.6
205.73 890.14
888.47 2354.8
420.98 1036.8
500 1500
366.45 979.57
443.54 918.37
500 1500
388.9 1111.1
342.85 1090.8
214.43 1709.1
356.36 1032.2
433.5 1136.2
391.62 791.47
298.44 890.26
500 1500
500 1500
1188.7 1804.6
500 1500
377.64 845.85
316.43 1363.8
500 1500
367.31 1745.5
403.33 893.8
338.79 1411
417.46 1059.8
344.78 718.72
1149.9 2316.2
290.43 791.39
211.59 2425.5
500 1500
500 1500
352.39 1101.7
325.58 1142.6
500 1500
311.68 774.89
500 1500
373.04 1096.6
500 1500
500 1500
500 1500
324.97 812.25
393.55 818.61
500.26 911.1
325.52 1622.5
338.56 1275.9
371.91 1141.5
315.55 1272.2
519.56 1115.3
437.77 868.78
370.03 872.41
347.1 1063.4
368.1 1140.9
302.28 1004.5
479.85 1019.9
282.22 732.38
373.86 950.09
500 1500
360.78 989.26
525.17 1165.7
356.62 689.5
267.61 1154.6
400.25 1184.7
435.31 945.08
419.37 1741.6
337.73 1128.7
500 1500
410.37 1086.5
416.24 1032.9
333.01 1113.9
447.52 1124.2
517.87 1388.4
236.72 766.16
1194 2409.5
500 1500
546.21 1239.2
923.75 2403.7
879.64 1541.8
447.5 1026
240.51 1341.1
356.23 1045.9
528.36 1155.1
519.73 943.34
360.19 1037.9
348.96 871.89
500 1500
347.01 1005.3
394.29 1197.3
401 1090.1
267.5 618.99
925.55 1442.7
267.16 615.72
328.07 860.1
503.34 1047.8
500 1500
500 1500
965.7 2348.9
500 1500
389.46 955.39
500 1500
379.62 1127.7
500 1500
355.16 1024.5
317.9 875.23
361.73 1022
265.74 914.31
362.17 1023.6
291.65 1282.9
380.18 957.3
333.76 1013.8
378.11 1077.9
519.73 943.34
560.45 1174.5
429.36 999.63
295.22 1440.7
316.79 699.99
600.85 1727.3
288.14 1176.3
327.32 1004.1
358.39 894.55
337.73 993.47
392.84 1152
367.04 887.01
358.35 1094.8
329.58 1143.4
500 1500
263.58 815.93
502.02 1140.9
323.74 1004
412 1419.4
500 1500
500 1500
353.69 900.26
319.14 1239.7
272.25 956.78
312.12 1154.8
868.93 2014.9
1046 1531.3
651.15 1667.9
365.65 2019.9
370.08 945.97
330.16 1097.8
331.47 1316.3
500 1500
392.62 969.86
371.35 1338.9
227.78 870.15
500 1500
389.62 886.02
329.76 978.9
500 1500
382.18 995.67
318.8 1028.6
351.71 1055.2
500 1500
500 1500
362.07 1016.5
500 1500
770.02 2444.1
500 1500
329.27 1186.4
371.46 820.96
893.2 1101.5
435.63 770.23
375.45 911.83
273.9 844.9
335.12 857.06
371.46 820.96
344.16 1354
319.9 686.78
344.47 1387.8
450.98 1040.2
383.64 1031.3
275.34 782.59
522.89 1047.9
500 1500
398.77 1052.6
351.54 1084.7
586.19 1032.5
312.7 798.17
439.43 961.06
500 1500
312.69 1008.7
247.17 1744.6
407.71 955.59
410.1 1054.4
341.52 852.65
350.44 911.91
319.89 763.75
996.46 2365.4
396.97 1219.9
371.81 1129.4
364.41 1124.2
371.81 1580.8
619.19 2330.8
482.46 1145.5
342.07 1057.2
345.11 958.78
339.04 1081.8
500 1500
292.02 856.32
361.9 820.99
500 1500
311.61 1066.6
284.39 1060
500 1500
500 1500
328.41 1111.1
376.81 1132.1
363.22 945.74
359.14 1089.1
446.05 1001
356.91 677.57
500 1500
500 1500
379.62 1127.7
500 1500
500 1500
339.11 1121.8
818.94 1548.9
501.47 1098.9
500 1500
859.16 973.91
334.41 1950.2
500 1500
341.84 878.63
353.67 763.27
364.51 882.91
500 1500
500 1500
339.29 937.69
334.3 1152.7
1224.7 2325.3
325.03 1499.3
522.12 957.97
295.75 950.86
445.94 934.2
278.71 778.12
272.03 571.4
330.7 912.84
485.68 1220.7
560.18 966.4
325.92 950.69
298.63 1056.5
310.52 1211.4
373.14 1083.1
281.33 1579.8
393.24 1192.3
1051.5 2434.9
623.05 1158.3
375.2 1182.6
315.21 1112.5
333.21 990.49
399.76 863.95
275.94 801.8
500 1500
500 1500
500 1500
389.65 1176.2
354.66 1055.5
369.39 957.49
1234.3 2430.5
403.21 1775.9
359.13 1059.4
500 1500
545.69 1067
525.59 1188.4
352.39 1101.7
362 2635.6
447.71 900.89
450.36 974.72
247.8 808.64
373.44 904.35
500 1500
592.84 1072.8
530.97 1489.7
374.52 1260.6
385.96 1063.2
868.72 2285.3
222.43 1962.3
374.85 2295.1
500 1500
508.29 1014.6
840.19 2485.4
303.5 2558.1
369.37 1121
328.69 1354.2
343.44 1014.1
555.78 1328.9
600.2 790.71
227.9 799.64
321.72 807.77
500 1500
309.99 791.62
240.77 1075.5
339.38 1058.3
358.81 836.94
321.34 920.63
390.96 2069.8
327.56 959.45
376.59 964.09
444.79 1315.8
418.34 1032.6
730.19 1432.3
369.71 936
500 1500
557.35 1192.7
450.68 938.32
320.78 990.02
568.71 1237.4
340.11 1109.4
333.41 1061.9
241.88 2423.2
329.83 875.16
500 1500
378.32 1216.9
888.47 2354.8
454.62 1024.2
263.41 725.43
241.97 677.27
412.13 884.13
397.36 1248.2
358.27 710.08
320.7 1193.1
374.11 2442
323.18 1518.4
347.17 1135.8
500 1500
447.23 1015.2
328.3 1161.3
500 1500
394.05 1054.6
337.15 2400.8
414.87 1208.4
370.62 1141.3
322.18 1354.3
375.93 951.09
500.26 911.1
500 1500
387.56 922.36
325.57 621.5
819.86 1109.3
373.5 1104.7
369.52 1164.1
320.59 918.59
366.15 995.3
340.47 1437.9
364.19 1095.1
359.4 1112.1
500 1500
361.34 1012.4
400.32 1132.9
500 1500
324.94 1095.7
397.07 1066
339.09 1175.8
352.86 808.21
500 1500
301.29 2038.6
395.73 2120.5
393.51 1774.1
384.96 1962.5
191.87 2032.3
383.49 2064.6
312.73 1837.8
409.85 2016.8
393.69 2112.5
441.9 1846.4
433.01 2041.5
442.1 2039.3
373.5 1991.2
332.03 1982.1
255.83 2138.6
375.02 1975.1
637.59 2010.8
428.3 2117.7
332.87 1969.1
374.29 1917
386.38 1992.9
500 1500
312.24 2042.8
309.09 2107.3
336.45 2052
291.33 2140.8
325.38 2111
290.26 1983.7
360.37 2066.9
398.67 1879.7
298.39 2137.4
557.18 1756.6
371.14 1980.6
384.58 2053
351.39 2019.7
343.14 1922.2
431.17 2055
333.94 2027.6
343.88 2080.1
421.62 1723.4
374.11 2077.4
373.13 1891.7
858.25 1961
366.36 1949.3
500 1500
353.11 2169.8
401.17 1793
500 1500
324.64 2218.9
354.25 1851
500 1500
414.42 1764.4
375.58 1606.9
423.23 2196.6
399.81 2113.3
365.17 2063.8
332.95 2025.4
362.43 1953.4
385.49 2184.7
500 1500
452.31 2116
500 1500
382.8 1990
292.36 2103.2
361.02 1938
251.76 1917.8
596.64 2163.2
355.32 2022.2
512.89 1857.7
403.93 1861
905.43 2068.8
340.94 2062.7
331.98 2140.3
500 1500
420.87 1979.7
354.06 1628.1
312.79 2193.2
362.44 1508.8
349.82 1931.7
346.85 2256.2
374.45 2136.4
411.94 2056.2
417.31 1959.6
338.21 2133.6
268.16 2070.8
349.6 2148
500 1500
397.91 1963.1
437.99 1945.4
312.24 2042.8
380.29 1777.9
362.65 2061.2
432.76 1714.3
500 1500
297.46 2166.6
418.83 2034.4
500 1500
500 1500
362.96 2053.9
385.71 1957.2
436.37 2076.2
383.95 1666.8
337.81 2113.9
361.81 1874.4
372.59 2096.5
286.01 2272.8
195.51 1933.8
292.04 2265.8
308.06 2360.1
362.12 1760.8
500 1500
342.56 2148.2
393.72 2095.7
398.01 2075.8
560.92 1769.6
451.59 1874.6
399.84 1641.3
336.04 2162.6
354.81 1943.9
365.19 1885
347.22 2328.9
456.18 1874.3
407.62 2025
399.49 1921.5
309.31 2191.7
372.87 2012.3
348.2 2385
388.53 2041.9
336.46 2291
305.7 1785.9
1426.8 1889
377.88 1951.8
569.54 1884.7
357.42 1799.7
437.12 1999
405.56 1904.5
433.31 2028.8
500 1500
300.48 2184.5
370.58 2190.8
308.43 1942.3
419.87 2023.5
346 2133.1
689.34 1833.3
500 1500
447.34 1418
386.72 2111.2
292.78 2240.2
382.84 2050.6
473.82 1821.9
414.22 2189.8
438.27 1986.5
394.97 1788.4
401.73 1976.6
333.47 1632.2
394.04 1605.5
383.73 2068.6
402.13 1753.6
500 1500
861.4 1781.3
265.92 1522.7
423.16 1921.9
364.01 1703.2
345.09 2098.7
320.37 1892.4
340.05 1680.5
511.71 1878.8
384.67 1765.9
335.03 2003.8
408.23 1904.9
308.45 1813.8
323.41 2029.1
558.78 1786.2
340.74 2084.2
280.62 1883.7
458.63 2031.1
465.26 1800.1
405.51 1851.6
332.22 2112.6
500 1500
494.22 1598.9
474.21 1925.4
530.21 1817.3
480.35 1833
409.1 1644.9
346.08 2136.3
384.95 2295.3
368.22 2134
331.58 2109.3
385.14 2073.7
281.37 2287.4
398.63 1858.7
262.25 1667.5
403.16 1594.9
500 1500
412.6 2130.7
352.56 2049.5
436.67 1896.4
348.19 1742.1
314.46 2188.6
500 1500
446.58 1883.7
444.06 2078.4
500 1500
586.31 1933.4
500 1500
472.14 1818
342.93 2085.8
339.26 1935.1
305.17 2323.3
335.96 1917.2
378.8 2115.6
385.15 1936.1
329.13 2107.8
384.75 1960.5
360.88 2018.4
362.78 1796
412.81 1957.4
500 1500
366.48 1991.7
408.15 1627.3
372.76 1988.1
214.69 1839.7
292.41 2015.4
371.74 1752.2
258.5 2160.7
367.45 2012.2
366.6 1941.9
497.21 1715.5
455.09 1771.4
366.6 2124.5
435.9 1952.6
352.83 1980.1
324.97 2060.8
500 1500
500 1500
551.86 1555.3
401.69 1954.7
500 1500
384.92 2093.4
500 1500
327.89 1963.6
374.26 2053
398.74 1920.9
369.34 2071.6
462.37 1869.9
324.99 2166.9
236.74 1802.9
387.83 1583.6
348.73 2104.4
336.09 1591.9
500 1500
500 1500
416.55 2156.4
619.02 1424.2
379.78 2015.3
412.1 1920.6
500 1500
344.36 2002.9
509.61 1825.6
435.35 1917.7
422.43 1366.4
386.32 1366.3
800.7 1673.5
349.14 2000.1
315.04 2126.5
419.97 2091.9
397.7 1443.8
387.07 1971.3
375.92 2064.1
378.44 1986.8
394.18 2027.5
395.67 2088.3
311.28 1854.8
431.15 2157.6
382.72 2029.9
244.3 2026.4
344.02 1872.4
356.95 1755.6
321.52 1967.4
373.47 1557.7
488.23 1837.8
500 1500
135.61 1949.9
557.18 1756.6
500 1500
543.42 1914.9
500 1500
271.19 1955
352.66 2100.2
400.66 1947.5
376.27 1999.5
614.95 2135.3
442.83 2055.1
366.56 1926.5
299.17 1983.1
423.22 1679.7
407.92 1934.1
482.99 1876.9
334.45 2097.2
355.59 1928.6
458.63 2031.1
405.53 2076.9
406.56 2032.6
343.44 2136.3
307.92 2006.6
500 1500
417.66 2286.9
347.45 2087.1
404.93 1943.6
470.48 1321.4
500 1500
500 1500
329.81 1996.4
532.35 1850.5
378.03 1865.5
556.88 1742.3
351.11 2154.2
379.78 2015.3
405.56 1904.5
384.88 2013.9
329.81 1996.4
395.1 2016.8
351.63 2018.7
495.01 1706.5
500 1500
507.46 1936.2
421.99 1888.6
419.47 2033.5
336.76 2017.6
285.39 2334
397.17 1864.4
423.66 2094.9
377.96 1984.9
323.31 2026.3
375.64 1852.3
500 1500
426.14 1979
882.68 2080.6
299.48 1665.7
444.29 1896.5
378.96 1964.5
500 1500
394.86 1667.7
500 1500
380.73 1784.8
365.91 2059.3
357.15 2023.2
310.6 2251.8
457.41 1928.5
331.44 2035.6
454.21 1854.6
352.01 1900.6
506.58 1978.9
325.94 2231.3
316.19 1977.4
618.7 1950
325.69 2067.2
500 1500
384.98 2343.6
332.08 1967.5
358.78 1807.5
335.47 2377
344.84 2105.8
333.87 2051.9
544.66 2025.3
312.91 2089.3
500 1500
500 1500
237.33 2185
500 1500
418.65 1930.7
397.7 1443.8
500 1500
412.42 1849.9
403.74 2162.9
297.78 1167.5
375.97 2057.8
395.68 2227
433.06 1744
293.44 2161.2
717.13 1767.4
403.93 1861
287.86 2135.7
325.38 2111
312.78 2008
541.02 1757.3
238.64 1934.6
346.7 2126.3
500 1500
347.5 2136.2
435.8 1834.2
462.45 1973.7
380.5 2035.7
385.9 1780.1
550.48 1728
300.12 2176
408.85 1954.3
412.93 1748.7
389.34 2120.6
453.33 1591.9
500 1500
381.61 2056
292.36 2389.2
414.58 2017
331.44 2106.7
361.9 1671.6
386.77 1774.5
261.78 1965.1
436.17 1616.4
392.25 1791.2
589.81 1632.4
443.77 1838.8
356.75 2050
217.88 1902
500 1500
418.82 2045.5
500 1500
337.34 2187.8
697.33 1815.2
500 1500
330.01 1727.5
905.43 2068.8
410.83 1984.1
386.01 2008.1
619.88 1974.5
345.94 2162.2
394.6 1977.9
603.81 1792
244.06 2220.9
449.6 1989.6
351.17 2060.3
335.16 2107.6
500 1500
424.54 1847.2
359.05 1813.3
536.48 1923.6
752.01 2132.8
428.57 1740.6
511.01 1926
316.35 2074.6
412.42 1849.9
363.19 2091.9
434.11 1804.1
397.43 2019.2
440.12 1855.8
337.73 2139.9
407.94 1967.9
389.35 2216
500 1500
500 1500
335 2115.8
375.22 2121.2
500 1500
544.46 1650.6
482.15 1871.4
353.11 2169.8
443.43 1990.1
550.46 1817.3
469.96 2135.8
371.25 2061.4
365.7 2049.4
377.38 2016.7
257.98 1737.2
500 1500
357.13 1691.9
438.79 2483.8
376.95 2007.9
329.02 2039.8
383.49 2064.6
411.43 1780.4
447.22 1916.7
385.14 2055.8
232.97 1871.2
405.07 1898.8
472.05 2020.7
258.93 2190.5
410.33 1929.2
423.21 1913.2
379.87 1995.2
360.96 2135.6
357.62 1941.4
438.91 1955.7
305.28 1959.7
339.24 2025.8
469.99 1609.5
382.36 1936.4
377 2051.6
416.52 1945.8
532.8 1791.4
465.01 2209.9
370.16 2101.1
355.85 1993
500 1500
550.64 1830.5
336.88 2045.8
405.53 2076.9
377.52 1681
321.39 2172.3
283.5 2132.1
444.95 1986.6
497.52 1338.1
684.51 1007
456.28 1896.5
377.94 1716.8
558.92 1436.8
500 1500
516.69 1486
759.45 1325.7
396.89 1863
648.03 1171.8
651.5 1353.3
608.72 1110.8
505.96 1854.7
500 1500
481.93 1399.1
679.52 1296.6
782.35 1335.7
719.76 1261.5
570.15 1488.9
724.42 1371.6
685.86 1400.4
500 1500
598.52 1686
435.02 1373
433.08 676.16
500 1500
615.39 1274
414.73 1636.2
500 1500
471.89 1480.4
667.04 1508.3
742.52 1870.9
683.03 1339.3
943.59 1473.3
642.24 1260.3
500 1500
764.4 1195.1
362.1 1536.7
500 1500
500 1500
1047.2 1542.4
539 1480.8
753.92 1331.5
774.02 1321.4
569.71 997.11
202.68 1048.4
650.99 1293.2
634.87 1274.1
469.16 1153.2
609.52 1443.3
500 1500
764.29 1328.6
605.9 1407.9
500 1500
521.19 899.45
564 1725.8
594.59 1430.4
631.3 1429.7
547.27 1364
500 1500
1292.8 2030.3
1142.6 1354.1
450.63 641.64
498.92 1851.1
500 1500
760.62 1327.5
590.53 1318.8
586.73 1253.3
692.64 1279.4
658.81 1213
500 1500
640.71 1427
500 1500
559.16 1193.3
500 1500
544.62 1632.2
628.47 1284.3
488.68 1560.5
684.04 1426
461.88 1416.7
500 1500
662.67 1427.1
584.65 1511.2
647.64 1258.1
278.06 1654.7
500 1500
671.09 1316.9
747.75 1254.7
459.89 1656.7
516.18 1427.7
583.75 1431
259.2 1259.8
500 1500
505.96 1854.7
674.8 1504.1
571.99 1026.4
753.92 1279.4
500 1500
500 1500
500 1500
498.1 1742.6
531.37 1691.4
483.91 1287.4
500 1500
782.01 1300
1240.8 2338.7
427.6 1512.3
617.95 1593.7
513.84 1418.9
500 1500
607.58 1400.7
602.18 1404.2
365.89 1249.4
500 1500
681.32 1229.2
654.96 1456.7
623.47 1260.9
609.49 1269.8
711.57 1255.5
635.85 1314.8
456.76 1715.2
667.18 1446.6
500 1500
500 1500
500 1500
503.17 1668.4
457.33 1543.8
428.14 1533
494.26 1638.7
642.4 1318.2
626.73 1296.1
500 1500
654.69 947.24
622.42 1639.1
817.71 1225.7
494.44 1694.8
771.05 1689.9
714.9 1298.3
402.56 1341
243.35 952.89
506.81 1260.2
500 1500
687.55 1322.2
538.55 1292.4
504.02 1248.8
625.54 1112.8
684.24 1366.6
643.29 1254
554.65 1315.5
720.56 1340.4
500 1500
360.94 1541.8
500 1500
644.06 1306.4
507.84 1759.6
488.68 1107
604.67 1283.9
776.37 1304.4
770.32 1397.6
500 1500
580.94 1201.8
500 1500
711.43 1281.9
1151.1 2281.3
500 1500
716.16 1772.6
500 1500
500 1500
548.09 1622.9
558.64 1786.1
724.82 1372.2
467.35 1177.1
726.53 1298.7
579.42 1451.3
598.52 1686
628.72 1255.3
500 1500
500 1500
630.72 1402.4
634.87 1274.1
669.57 972.44
500 1500
638.83 1266.6
516.63 1693.6
660.22 1372.7
729.43 1365.1
543.29 1683.9
500 1500
377.42 1288.1
535.84 1486.3
592.05 1345.7
500 1500
500 1500
527.28 1267.9
500 1500
515.06 1575.9
500 1500
453.24 1406.8
346.98 1321.8
659.68 1199.6
489.57 1300.6
555.15 1662.5
500 1500
688.04 1169.8
634.91 1681.1
542.39 1476.7
641.88 1314.5
629.48 1353.3
599.11 1219.7
711.59 1377.7
627.09 1166.8
764.29 1328.6
500 1500
691.24 1268.3
500 1500
556.82 1570.9
401.44 1205.5
629.89 1400.3
772.45 1204.3
583.75 1431
498.38 1943.5
500 1500
500 1500
558 1300.8
500 1500
583.63 1883.7
500 1500
500 1500
517.58 900.42
500 1500
500 1500
500 1500
513.26 1178.8
699.75 1344.2
920.6 1353.4
628.67 1715.4
763.78 1207.6
491.87 1516.6
500 1500
475.59 1898.6
500 1500
500 1500
268.01 1394.9
500 1500
292.87 2354.9
483.37 1357
576.6 1422.4
500 1500
500 1500
500 1500
500 1500
567.84 1473.4
500 1500
615.31 1343.2
767.16 1364.2
500 1500
570.33 1283.9
500 1500
500 1500
500 1500
569.91 1266.6
477.73 1417.8
707.95 1237
547.47 1636.5
608.17 1523.3
202.68 1048.4
607.7 1872.8
500 1500
488.78 1202.9
500 1500
469.16 1153.2
755.12 1496.9
500 1500
475.82 1673.2
688.23 1221.1
517.69 1849.8
517.63 1310.4
732.16 1303.2
500 1500
500 1500
547.32 1815
583.29 1430.4
488.79 1536.5
1113.7 1622.3
567.35 1309.9
1279.9 2589.4
633.4 1165.1
903.39 1525.9
502.63 1778.7
726.53 1298.7
500 1500
678.25 1447.3
579.44 1410.3
569.66 1608.3
610.96 1426.2
500 1500
631.33 1236.7
602.55 1365.2
414.8 1531.1
639.06 1307.6
653.56 1294.2
611.04 1326.2
500 1500
589.27 1628.7
513.67 1638.2
559.03 2350.2
697.37 1273.1
739.21 1300.2
504.14 1269.4
295.23 1785
500 1500
427.79 1569.4
562.08 1461.3
742.52 1870.9
476.92 1394.1
719.45 1321.4
577.27 1407.2
729.93 1278.4
417.56 1499.4
495.97 2186.1
535.64 1319.4
500 1500
240.28 1288.2
854.13 1383.6
608.41 1350.2
628.75 1416.4
724.66 1288.1
670.67 1211.1
629.22 1240.6
500 1500
463.03 1805.3
702.64 1345
680.86 1226.6
500 1500
587.04 1075.6
625.67 1325.7
586.9 1540.4
552.57 1626.3
491.85 1731.5
633.44 1525.5
571.33 1418.8
500 1500
579.42 1451.3
507.47 1749.3
1152.9 2434.3
660.54 1529.7
509.76 1215.5
518.09 1231.4
500 1500
1282.4 2065.8
500 1500
636.87 1257
795.12 1393.4
667 1303
500 1500
687.55 1322.2
456.28 1896.5
650.9 1308.9
636 1899.3
770.16 1211.6
673.28 1446.8
500 1500
686.95 1365.1
495.67 1327.6
414.89 656.08
500 1500
534.38 1231.6
521.28 1613.7
305.06 1550.9
697.31 1113
585.41 1527.8
422.38 1536.2
617.58 1467.2
500 1500
495.04 617.63
689.15 1300.3
442.26 1335
500 1500
500 1500
471.81 1498.7
578.67 1235.2
626.73 1296.1
421.81 1342.1
681 1316.4
603.07 1387.9
550.76 1721.6
500 1500
547.27 1364
1431.5 1824.1
581.1 1322.1
678.5 1265.2
453.24 1406.8
460.02 1677
562.18 1434.9
556.25 1369.6
334.52 627.48
681 1316.4
500 1500
531.98 1570.7
663.71 1403.7
500 1500
545.83 1225.1
631.3 1429.7
584.65 1511.2
500 1500
315.71 1365.2
500 1500
614.58 1420.4
500 1500
654.96 1265.5
622.19 1497
707.52 1196
793.53 1264
495.97 2186.1
722.43 1095.1
646.31 1134.1
500 1500
754.05 1318.8
500 1500
733.31 1305.6
735.46 1392.5
259.23 1753.2
500 1500
500 1500
625.99 1399.1
508.29 1891.2
579.55 1331.2
500 1500
500 1500
540.67 1728.6
500 1500
715.88 1319.1
630.19 1506.4
276.3 942.31
834.98 1341.3
222.17 1350.7
707.71 1349.2
302.94 1343
500 1500
442.32 1985.4
500 1500
524.66 934.58
852.77 1314.2
675.52 1145
500 1500
793.69 1521.4
547.4 1109.5
734.05 1363
500 1500
534.94 1333.9
591.25 1412.1
534.73 1108.7
643.25 1652.5
588.51 1294.2
480.07 1850.4
776.74 1308.9
583.06 1278.6
599.23 1413.6
500 1500
656.03 1392.2
500 1500
630.78 1334.9
223.48 608.03
635.78 1204.8
268.05 1386
596.66 1656.2
500 1500
639.33 1282.6
373.39 1527.7
500 1500
500 1500
490 1190.8
505.96 1854.7
500 1500
500 1500
615.49 1600.8
666.8 1314.2
300.63 1269.8
866.81 1296.4
678.73 1296
500 1500
456.04 1665.8
690.11 1230.3
578.96 1323.5
680.57 1261.8
506.65 1476.6
655.46 1312.2
721.32 1246.4
820.36 1215.3
495.02 1851.7
646.57 1654.1
770.16 1211.6
500 1500
285.22 1543.1
780.76 1674.3
558.76 1261.4
657.76 1187.2
570.15 1488.9
500 1500
500 1500
