0.000000 0.541670 -1.413857 0.230827 -0.131946 0.019196 -0.467077 0.067952 0.541670 1.570796 0.541670 1.570796 0.472996 -0.144469
0.013332 0.541670 -1.373500 0.230827 -0.128180 0.019196 -0.453744 0.067952 0.541834 1.546188 0.000164 -0.024608 0.459835 -0.148653
0.039999 0.541670 -1.292779 0.230827 -0.120646 0.019196 -0.427078 0.067952 0.543145 1.497086 0.542981 1.521695 0.433543 -0.157786
0.080000 0.541670 -1.171695 0.230827 -0.109346 0.019196 -0.387077 0.067952 0.547546 1.424165 0.004565 -0.097530 0.394199 -0.173780
0.119999 0.583333 -1.050616 0.372356 -0.098047 0.030965 -0.347078 0.109615 0.595548 1.367914 0.590983 1.465444 0.366031 -0.305909
0.146666 0.583333 -0.969896 0.372356 -0.090514 0.030965 -0.320411 0.109615 0.601489 1.324475 0.010506 -0.140968 0.340850 -0.329627
0.186666 0.625003 -0.848811 0.513906 -0.079214 0.042737 -0.280410 0.151285 0.652283 1.280565 0.641778 1.421533 0.321824 -0.494756
0.213333 0.666667 -0.768091 0.655434 -0.071681 0.054507 -0.253744 0.192948 0.699968 1.261094 0.058191 -0.160440 0.322834 -0.650128
0.213333 0.625003 -0.768091 0.513906 -0.071681 0.042737 -0.253744 0.151285 0.660409 1.241865 0.602218 1.402305 0.298876 -0.537629
0.213333 0.541670 -0.768091 0.230827 -0.071681 0.019196 -0.253744 0.067952 0.582166 1.195609 -0.020052 -0.206696 0.264481 -0.261657
0.199999 0.458330 -0.808454 -0.052272 -0.075448 -0.004347 -0.267078 -0.015388 0.500066 1.159340 0.520118 1.366036 0.267221 0.057553
0.186666 0.374997 -0.848811 -0.335350 -0.079214 -0.027888 -0.280410 -0.098721 0.418888 1.108925 -0.101231 -0.257111 0.295142 0.338509
0.186666 0.291664 -0.848811 -0.618428 -0.079214 -0.051429 -0.280410 -0.182055 0.346283 1.001479 0.447514 1.258589 0.330756 0.575843
0.173332 0.250000 -0.889175 -0.759957 -0.082981 -0.063199 -0.293745 -0.223718 0.304211 0.964562 -0.143303 -0.294028 0.365251 0.650889
0.173332 0.166667 -0.889175 -1.043035 -0.082981 -0.086740 -0.293745 -0.307052 0.240462 0.765796 0.383765 1.059824 0.420157 0.807543
0.173332 0.124997 -0.889175 -1.184585 -0.082981 -0.098511 -0.293745 -0.348721 0.213701 0.624774 -0.170064 -0.435050 0.450893 0.870762
0.173332 0.083333 -0.889175 -1.326113 -0.082981 -0.110281 -0.293745 -0.390385 0.192324 0.448148 0.362387 0.883198 0.483265 0.925730
0.186666 0.041664 -0.848811 -1.467663 -0.079214 -0.122052 -0.280410 -0.432055 0.191260 0.219598 -0.171128 -0.663599 0.509516 0.995113
0.213333 0.000000 -0.768091 -1.609191 -0.071681 -0.133822 -0.253744 -0.473718 0.213333 0.000000 0.384461 0.663599 0.531551 1.079043
0.240000 0.000000 -0.687370 -1.609191 -0.064148 -0.133822 -0.227077 -0.473718 0.240000 0.000000 -0.144461 -0.663599 0.519350 1.123804
0.253332 0.000000 -0.647012 -1.609191 -0.060381 -0.133822 -0.213745 -0.473718 0.253332 0.000000 0.397793 0.663599 0.513661 1.146940
0.279999 0.000000 -0.566292 -1.609191 -0.052848 -0.133822 -0.187078 -0.473718 0.279999 0.000000 -0.117795 -0.663599 0.503149 1.194682
0.293333 0.041664 -0.525928 -1.467663 -0.049081 -0.122052 -0.173744 -0.432055 0.296277 0.141091 0.414072 0.804690 0.459525 1.188452
0.320000 0.124997 -0.445207 -1.184585 -0.041548 -0.098511 -0.147077 -0.348721 0.343546 0.372390 -0.070525 -0.432300 0.372358 1.171672
0.333334 0.166667 -0.404844 -1.043035 -0.037781 -0.086740 -0.133743 -0.307052 0.372679 0.463647 0.443204 0.895947 0.328836 1.160006
0.346666 0.166667 -0.364487 -1.043035 -0.034015 -0.086740 -0.120410 -0.307052 0.384650 0.448145 -0.058554 -0.447802 0.323643 1.197075
0.346666 0.124997 -0.364487 -1.184585 -0.034015 -0.098511 -0.120410 -0.348721 0.368513 0.346059 0.427067 0.793860 0.362653 1.238322
0.346666 0.083333 -0.364487 -1.326113 -0.034015 -0.110281 -0.120410 -0.390385 0.356542 0.235909 -0.070526 -0.557951 0.402191 1.271614
0.360001 0.041664 -0.324123 -1.467663 -0.030248 -0.122052 -0.107076 -0.432055 0.362404 0.115219 0.432929 0.673171 0.438682 1.327861
0.386667 0.000000 -0.243402 -1.609191 -0.022715 -0.133822 -0.080410 -0.473718 0.386667 0.000000 -0.046262 -0.673171 0.473948 1.402658
0.426666 0.000000 -0.122324 -1.609191 -0.011416 -0.133822 -0.040411 -0.473718 0.426666 0.000000 0.472928 0.673171 0.468822 1.485697
0.453333 0.041664 -0.041603 -1.467663 -0.003883 -0.122052 -0.013744 -0.432055 0.455243 0.091647 -0.017685 -0.581523 0.425635 1.538996
0.480000 0.083333 0.039117 -1.326113 0.003651 -0.110281 0.012923 -0.390385 0.487180 0.171898 0.504864 0.753421 0.383961 -1.537706
0.506666 0.166667 0.119838 -1.043035 0.011184 -0.086740 0.039589 -0.307052 0.533375 0.317798 0.028510 -0.435623 0.303008 -1.442570
0.506666 0.250000 0.119838 -0.759957 0.011184 -0.063199 0.039589 -0.223718 0.564987 0.458371 0.536477 0.893994 0.220657 -1.395649
0.506666 0.374997 0.119838 -0.335350 0.011184 -0.027888 0.039589 -0.098721 0.630344 0.637152 0.093867 -0.256842 0.100230 -1.189410
0.480000 0.541670 0.039117 0.230827 0.003651 0.019196 0.012923 0.067952 0.723744 0.845687 0.629878 1.102529 0.075704 1.382865
0.466667 0.625003 -0.001240 0.513906 -0.000116 0.042737 -0.000410 0.151285 0.780005 0.929434 0.150127 -0.173095 0.157927 -1.568089
0.453333 0.666667 -0.041603 0.655434 -0.003883 0.054507 -0.013744 0.192948 0.806198 0.973620 0.656071 1.146715 0.200063 -1.499685
0.440001 0.750000 -0.081961 0.938512 -0.007649 0.078048 -0.027076 0.276282 0.869540 1.040238 0.213469 -0.106478 0.284216 -1.473106
0.426666 0.833333 -0.122324 1.221590 -0.011416 0.101589 -0.040411 0.359615 0.936210 1.097595 0.722740 1.204073 0.368479 -1.458894
0.413334 0.833333 -0.162681 1.221590 -0.015182 0.101589 -0.053743 0.359615 0.930209 1.110353 0.207469 -0.093720 0.370179 -1.422449
0.413334 0.875003 -0.162681 1.363140 -0.015182 0.113360 -0.053743 0.401285 0.967717 1.129488 0.760248 1.223207 0.411451 -1.437662
0.426666 0.875003 -0.122324 1.363140 -0.011416 0.113360 -0.040411 0.401285 0.973486 1.117104 0.213238 -0.106103 0.409923 -1.470432
0.493334 0.916667 0.079481 1.504669 0.007417 0.125130 0.026257 0.442948 1.040988 1.077071 0.827750 1.183175 0.450356 1.511588
0.533333 0.958336 0.200559 1.646218 0.018717 0.136901 0.066256 0.484618 1.096746 1.062962 0.268997 -0.120213 0.495707 1.434921
0.586666 0.958336 0.362001 1.646218 0.033783 0.136901 0.119589 0.484618 1.123648 1.021475 0.854652 1.141688 0.505606 1.328860
0.693333 1.000000 0.684884 1.787747 0.063916 0.148671 0.226256 0.526282 1.216844 0.964559 0.362193 -0.177129 0.578964 1.164771
0.746668 1.000000 0.846332 1.787747 0.078982 0.148671 0.279591 0.526282 1.248004 0.929431 0.885811 1.106560 0.601813 1.082457
0.786667 1.000000 0.967410 1.787747 0.090282 0.148671 0.319590 0.526282 1.272338 0.904238 0.386527 -0.202322 0.621406 1.025055
0.866667 1.000000 1.209572 1.787747 0.112881 0.148671 0.399590 0.526282 1.323296 0.856706 0.936768 1.059028 0.666093 0.921389
0.906668 0.958336 1.330656 1.646218 0.124181 0.136901 0.439591 0.484618 1.319263 0.813095 0.382495 -0.245932 0.659224 0.834080
0.933334 0.875003 1.411377 1.363140 0.131714 0.113360 0.466258 0.401285 1.279353 0.753153 0.896858 0.999085 0.619516 0.710645
0.960001 0.833333 1.492098 1.221590 0.139248 0.101589 0.492924 0.359615 1.271238 0.714883 0.374380 -0.284202 0.614099 0.630287
1.000000 0.666667 1.613176 0.655434 0.150547 0.054507 0.532923 0.192948 1.201850 0.588003 0.827470 0.872204 0.569072 0.347375
1.000000 0.583333 1.613176 0.372356 0.150547 0.030965 0.532923 0.109615 1.157704 0.528074 0.330233 -0.344130 0.545456 0.202857
1.000000 0.500000 1.613176 0.089278 0.150547 0.007424 0.532923 0.026282 1.118034 0.463648 0.787801 0.807778 0.533939 0.049276
0.933334 0.374997 1.411377 -0.335350 0.131714 -0.027888 0.466258 -0.098721 1.005851 0.382042 0.218050 -0.425736 0.475263 -0.208650
0.906668 0.374997 1.330656 -0.335350 0.124181 -0.027888 0.439591 -0.098721 0.981157 0.392174 0.763107 0.817910 0.449131 -0.220910
0.853334 0.333333 1.169215 -0.476879 0.109115 -0.039658 0.386258 -0.140385 0.916128 0.372398 0.153021 -0.445512 0.408757 -0.348605
0.840000 0.374997 1.128851 -0.335350 0.105348 -0.027888 0.372923 -0.098721 0.919904 0.419877 0.766882 0.865389 0.384123 -0.258787
0.853334 0.541670 1.169215 0.230827 0.109115 0.019196 0.386258 0.067952 1.010735 0.565593 0.243853 -0.299796 0.393394 0.174141
0.880001 0.625003 1.249936 0.513906 0.116648 0.042737 0.412924 0.151285 1.079366 0.617559 0.835513 0.917355 0.442094 0.351187
0.893333 0.791670 1.290293 1.080062 0.120414 0.089819 0.426257 0.317952 1.193644 0.725137 0.358131 -0.192218 0.535775 0.640882
0.893333 0.875003 1.290293 1.363140 0.120414 0.113360 0.426257 0.401285 1.250470 0.775033 0.892339 0.967251 0.589999 0.755232
