0.014287 0.833334 -1.522497 1.071110 -0.119543 0.068954 -0.495335 0.285716 0.833457 1.553654 0.833457 1.553654 0.591732 -0.523196
0.000000 0.791665 -1.566409 0.914897 -0.122991 0.058897 -0.509622 0.244046 0.791665 1.570796 -0.041792 0.017142 0.582463 -0.446607
0.014287 0.791665 -1.522497 0.914897 -0.119543 0.058897 -0.495335 0.244046 0.791794 1.552752 0.833586 1.535609 0.570004 -0.457782
0.028571 0.791665 -1.478591 0.914897 -0.116095 0.058897 -0.481050 0.244046 0.792180 1.534722 -0.041406 -0.000888 0.557636 -0.469486
0.057143 0.791665 -1.390772 0.914897 -0.109200 0.058897 -0.452479 0.244046 0.793724 1.498741 0.835130 1.499628 0.533184 -0.494633
0.114285 0.791665 -1.215134 0.914897 -0.095409 0.058897 -0.395336 0.244046 0.799871 1.427426 -0.035258 -0.072203 0.485633 -0.553053
0.142857 0.791665 -1.127315 0.914897 -0.088514 0.058897 -0.366765 0.244046 0.804451 1.392266 0.839709 1.464469 0.462671 -0.587127
0.171430 0.791665 -1.039489 0.914897 -0.081618 0.058897 -0.338191 0.244046 0.810013 1.357545 -0.029696 -0.106924 0.440365 -0.625090
0.200002 0.791665 -0.951670 0.914897 -0.074723 0.058897 -0.309620 0.244046 0.816538 1.323340 0.846234 1.430264 0.418823 -0.667512
0.228573 0.791665 -0.863851 0.914897 -0.067827 0.058897 -0.281049 0.244046 0.824002 1.289716 -0.022232 -0.140548 0.398167 -0.715046
0.257144 0.791665 -0.776032 0.914897 -0.060932 0.058897 -0.252477 0.244046 0.832380 1.256732 0.854612 1.397280 0.378541 -0.768420
0.271429 0.791665 -0.732126 0.914897 -0.057485 0.058897 -0.238193 0.244046 0.836903 1.240498 -0.017709 -0.156783 0.369167 -0.797536
0.285716 0.791665 -0.688213 0.914897 -0.054037 0.058897 -0.223906 0.244046 0.841645 1.224440 0.859354 1.381222 0.360114 -0.828411
0.300000 0.791665 -0.644307 0.914897 -0.050589 0.058897 -0.209621 0.244046 0.846601 1.208568 -0.012753 -0.172654 0.351411 -0.861134
0.314287 0.791665 -0.600394 0.914897 -0.047141 0.058897 -0.195335 0.244046 0.851769 1.192883 0.864522 1.365537 0.343080 -0.895812
0.314287 0.750002 -0.600394 0.758707 -0.047141 0.048843 -0.195335 0.202383 0.813191 1.173977 -0.051331 -0.191560 0.309739 -0.803119
0.314287 0.708332 -0.600394 0.602493 -0.047141 0.038786 -0.195335 0.160713 0.774926 1.153193 0.826257 1.344753 0.278642 -0.688466
0.285716 0.666669 -0.688213 0.446303 -0.054037 0.028731 -0.223906 0.119050 0.725314 1.165904 -0.100943 -0.178850 0.273492 -0.488683
0.285716 0.624999 -0.688213 0.290090 -0.054037 0.018675 -0.223906 0.077381 0.687210 1.142016 0.788153 1.320865 0.251885 -0.332745
0.271429 0.583336 -0.732126 0.133900 -0.057485 0.008620 -0.238193 0.035717 0.643393 1.135288 -0.144760 -0.185577 0.249338 -0.148843
0.271429 0.541666 -0.732126 -0.022314 -0.057485 -0.001436 -0.238193 -0.005952 0.605868 1.106269 0.750628 1.291846 0.240339 0.024984
0.257144 0.499997 -0.776032 -0.178527 -0.060932 -0.011493 -0.252477 -0.047622 0.562246 1.095780 -0.188383 -0.196066 0.252661 0.186428
0.257144 0.458334 -0.776032 -0.334717 -0.060932 -0.021548 -0.252477 -0.089285 0.525541 1.059515 0.713923 1.255581 0.257634 0.339910
0.242858 0.375001 -0.819945 -0.647121 -0.064380 -0.041659 -0.266764 -0.172618 0.446772 0.996097 -0.267151 -0.259484 0.298807 0.574320
0.242858 0.333331 -0.819945 -0.803334 -0.064380 -0.051715 -0.266764 -0.214287 0.412419 0.941147 0.679570 1.200631 0.319752 0.676740
0.242858 0.291668 -0.819945 -0.959524 -0.064380 -0.061770 -0.266764 -0.255951 0.379539 0.876461 -0.300031 -0.324171 0.344481 0.764714
0.242858 0.249998 -0.819945 -1.115738 -0.064380 -0.071827 -0.266764 -0.297620 0.348538 0.799886 0.648569 1.124056 0.372246 0.840016
0.242858 0.208335 -0.819945 -1.271928 -0.064380 -0.081882 -0.266764 -0.339283 0.319974 0.709033 -0.328595 -0.415023 0.402414 0.904491
0.242858 0.166666 -0.819945 -1.428142 -0.064380 -0.091938 -0.266764 -0.380953 0.294546 0.601451 0.623141 1.016474 0.434490 0.959899
0.271429 0.125002 -0.732126 -1.584332 -0.057485 -0.101993 -0.238193 -0.422616 0.298830 0.431580 -0.324311 -0.584894 0.452402 1.057560
0.300000 0.083333 -0.644307 -1.740545 -0.050589 -0.112049 -0.209621 -0.464286 0.311359 0.270945 0.635671 0.855839 0.475040 1.146702
0.314287 0.083333 -0.600394 -1.740545 -0.047141 -0.112049 -0.195335 -0.464286 0.325147 0.259185 -0.310523 -0.596655 0.468911 1.172556
0.342859 0.083333 -0.512575 -1.740545 -0.040246 -0.112049 -0.166763 -0.464286 0.352840 0.238430 0.663364 0.835084 0.457747 1.225965
0.371430 0.083333 -0.424756 -1.740545 -0.033351 -0.112049 -0.138192 -0.464286 0.380663 0.220702 -0.282700 -0.614382 0.448129 1.281502
0.385715 0.125002 -0.380850 -1.584332 -0.029903 -0.101993 -0.123907 -0.422616 0.405464 0.313400 0.688165 0.927782 0.404085 1.285598
0.400001 0.166666 -0.336937 -1.428142 -0.026455 -0.091938 -0.109620 -0.380953 0.433334 0.394788 -0.254830 -0.532994 0.360049 1.290613
0.414286 0.208335 -0.293031 -1.271928 -0.023008 -0.081882 -0.095336 -0.339283 0.463720 0.465947 0.718551 0.998941 0.316010 1.296868
0.442857 0.291668 -0.205212 -0.959524 -0.016113 -0.061770 -0.066764 -0.255951 0.530276 0.582401 -0.188274 -0.416541 0.227950 1.315633
0.442857 0.333331 -0.205212 -0.803334 -0.016113 -0.051715 -0.066764 -0.214287 0.554285 0.645216 0.742560 1.061757 0.188510 1.268763
0.442857 0.375001 -0.205212 -0.647121 -0.016113 -0.041659 -0.066764 -0.172618 0.580300 0.702619 -0.162260 -0.359138 0.150267 1.201741
0.442857 0.416664 -0.205212 -0.490931 -0.016113 -0.031604 -0.066764 -0.130955 0.608055 0.754933 0.770315 1.114071 0.114449 1.099316
0.442857 0.458334 -0.205212 -0.334717 -0.016113 -0.021548 -0.066764 -0.089285 0.637332 0.802570 -0.132983 -0.311501 0.084190 0.928725
0.442857 0.499997 -0.205212 -0.178527 -0.016113 -0.011493 -0.066764 -0.047622 0.667922 0.845927 0.800905 1.157428 0.067455 0.619582
0.442857 0.541666 -0.205212 -0.022314 -0.016113 -0.001436 -0.066764 -0.005952 0.699661 0.885426 -0.101244 -0.272003 0.074056 0.088916
0.442857 0.499997 -0.205212 -0.178527 -0.016113 -0.011493 -0.066764 -0.047622 0.667922 0.845927 0.769166 1.117930 0.067455 0.619582
0.442857 0.458334 -0.205212 -0.334717 -0.016113 -0.021548 -0.066764 -0.089285 0.637332 0.802570 -0.131834 -0.315360 0.084190 0.928725
0.442857 0.375001 -0.205212 -0.647121 -0.016113 -0.041659 -0.066764 -0.172618 0.580300 0.702619 0.712134 1.017979 0.150267 1.201741
0.442857 0.333331 -0.205212 -0.803334 -0.016113 -0.051715 -0.066764 -0.214287 0.554285 0.645216 -0.157848 -0.372763 0.188510 1.268763
0.457144 0.291668 -0.161299 -0.959524 -0.012665 -0.061770 -0.052478 -0.255951 0.542265 0.567909 0.700113 0.940672 0.224182 1.368568
0.485715 0.166666 -0.073480 -1.428142 -0.005769 -0.091938 -0.023906 -0.380953 0.513514 0.330545 -0.186599 -0.610126 0.343788 1.508124
0.500000 0.083333 -0.029574 -1.740545 -0.002322 -0.112049 -0.009622 -0.464286 0.506897 0.165148 0.693496 0.775274 0.426398 1.550075
0.500000 0.041670 -0.029574 -1.896735 -0.002322 -0.122104 -0.009622 -0.505949 0.501733 0.083147 -0.191762 -0.692127 0.468051 1.551781
0.514287 0.000000 0.014339 -2.052949 0.001126 -0.132161 0.004665 -0.547619 0.514287 0.000000 0.706049 0.692127 0.509643 -1.562278
0.528571 0.000000 0.058245 -2.052949 0.004573 -0.132161 0.018950 -0.547619 0.528571 0.000000 -0.177478 -0.692127 0.509974 -1.536206
0.542858 0.000000 0.102158 -2.052949 0.008021 -0.132161 0.033236 -0.547619 0.542858 0.000000 0.720336 0.692127 0.510704 -1.510178
0.557143 0.000000 0.146064 -2.052949 0.011469 -0.132161 0.047521 -0.547619 0.557143 0.000000 -0.163193 -0.692127 0.511833 -1.484236
0.585714 0.000000 0.233883 -2.052949 0.018364 -0.132161 0.076092 -0.547619 0.585714 0.000000 0.748907 0.692127 0.515271 -1.432729
0.600001 0.000000 0.277796 -2.052949 0.021812 -0.132161 0.090379 -0.547619 0.600001 0.000000 -0.148906 -0.692127 0.517574 -1.407231
0.628572 0.041670 0.365615 -1.896735 0.028707 -0.122104 0.118950 -0.505949 0.629952 0.066196 0.778858 0.758323 0.482834 -1.339886
0.642859 0.041670 0.409527 -1.896735 0.032155 -0.122104 0.133237 -0.505949 0.644208 0.064729 -0.134650 -0.693594 0.486551 -1.313301
0.657144 0.125002 0.453434 -1.584332 0.035602 -0.101993 0.147522 -0.422616 0.668927 0.187975 0.803577 0.881569 0.411940 -1.234952
0.671430 0.208335 0.497346 -1.271928 0.039050 -0.081882 0.161809 -0.339283 0.703009 0.300866 -0.100568 -0.580703 0.341988 -1.125788
0.671430 0.249998 0.497346 -1.115738 0.039050 -0.071827 0.161809 -0.297620 0.716462 0.356434 0.817030 0.937137 0.305919 -1.072822
0.685715 0.333331 0.541253 -0.803334 0.042498 -0.051715 0.176093 -0.214287 0.762440 0.452472 -0.054590 -0.484665 0.249173 -0.882926
0.685715 0.375001 0.541253 -0.647121 0.042498 -0.041659 0.176093 -0.172618 0.781557 0.500441 0.836146 0.985106 0.221657 -0.775432
0.671430 0.499997 0.497346 -0.178527 0.039050 -0.011493 0.161809 -0.047622 0.837147 0.640084 0.001001 -0.345022 0.162095 -0.286227
0.657144 0.583336 0.453434 0.133900 0.035602 0.008620 0.147522 0.035717 0.878703 0.725969 0.877702 1.070991 0.164914 0.237545
0.642859 0.666669 0.409527 0.446303 0.032155 0.028731 0.133237 0.119050 0.926129 0.803578 0.048427 -0.267413 0.205951 0.729224
0.628572 0.750002 0.365615 0.758707 0.028707 0.048843 0.118950 0.202383 0.978573 0.873255 0.930146 1.140668 0.268201 1.039433
0.614288 0.833334 0.321708 1.071110 0.025260 0.068954 0.104666 0.285716 1.035276 0.935574 0.105130 -0.205094 0.340213 1.219650
0.600001 0.874998 0.277796 1.227300 0.021812 0.079009 0.090379 0.327379 1.060953 0.969721 0.955824 1.174815 0.376388 1.301437
0.585714 0.916667 0.233883 1.383514 0.018364 0.089065 0.076092 0.369049 1.087814 1.002221 0.131991 -0.172594 0.414097 1.367461
0.571429 0.916667 0.189977 1.383514 0.014916 0.089065 0.061808 0.369049 1.080190 1.013365 0.948199 1.185958 0.411711 1.404858
0.557143 0.958330 0.146064 1.539704 0.011469 0.099120 0.047521 0.410712 1.108515 1.044189 0.160315 -0.141769 0.451218 1.455605
0.571429 0.958330 0.189977 1.539704 0.014916 0.099120 0.061808 0.410712 1.115764 1.033120 0.955448 1.174888 0.452946 1.421428
0.585714 0.958330 0.233883 1.539704 0.018364 0.099120 0.076092 0.410712 1.123147 1.022195 0.167698 -0.152693 0.455115 1.387604
0.614288 0.958330 0.321708 1.539704 0.025260 0.099120 0.104666 0.410712 1.138309 1.000776 0.970610 1.153469 0.460754 1.321267
0.657144 0.958330 0.453434 1.539704 0.035602 0.099120 0.147522 0.410712 1.161996 0.969721 0.191386 -0.183748 0.472337 1.225962
0.685715 0.958330 0.541253 1.539704 0.042498 0.099120 0.176093 0.410712 1.178390 0.949723 0.987004 1.133471 0.482025 1.165753
0.728573 0.958330 0.672984 1.539704 0.052841 0.099120 0.218951 0.410712 1.203834 0.920766 0.216830 -0.212705 0.499279 1.081019
0.800000 1.000000 0.892528 1.695917 0.070079 0.109176 0.290379 0.452381 1.280625 0.896055 1.063795 1.108760 0.569904 1.000144
0.842859 1.000000 1.024260 1.695917 0.080422 0.109176 0.333237 0.452381 1.307827 0.870463 0.244031 -0.238297 0.592889 0.935908
0.871430 1.000000 1.112079 1.695917 0.087318 0.109176 0.361808 0.452381 1.326420 0.853992 1.082389 1.092289 0.609406 0.896186
0.900001 1.000000 1.199898 1.695917 0.094213 0.109176 0.390380 0.452381 1.345363 0.837981 0.262975 -0.254309 0.626791 0.858836
0.928573 1.000000 1.287717 1.695917 0.101108 0.109176 0.418951 0.452381 1.364642 0.822418 1.101667 1.076726 0.644973 0.823747
0.957144 0.958330 1.375536 1.539704 0.108004 0.099120 0.447522 0.410712 1.354445 0.786018 0.252778 -0.290709 0.633732 0.742534
0.971429 0.958330 1.419442 1.539704 0.111451 0.099120 0.461807 0.410712 1.364577 0.778611 1.111799 1.069320 0.643898 0.726905
0.985715 0.916667 1.463355 1.383514 0.114899 0.089065 0.476094 0.369049 1.346073 0.749118 0.234274 -0.320201 0.626379 0.659410
1.000000 0.833334 1.507261 1.071110 0.118346 0.068954 0.490378 0.285716 1.301709 0.694739 1.067435 1.014940 0.587589 0.527560
1.000000 0.791665 1.507261 0.914897 0.118346 0.058897 0.490378 0.244046 1.275435 0.669638 0.208000 -0.345302 0.565702 0.461781
1.000000 0.750002 1.507261 0.758707 0.118346 0.048843 0.490378 0.202383 1.250001 0.643502 1.042001 0.988804 0.546126 0.391413
0.985715 0.624999 1.463355 0.290090 0.114899 0.018675 0.476094 0.077381 1.167158 0.565085 0.125157 -0.423719 0.489875 0.161124
0.971429 0.624999 1.419442 0.290090 0.111451 0.018675 0.461807 0.077381 1.155118 0.571708 1.029961 0.995427 0.476002 0.166018
0.942857 0.624999 1.331623 0.290090 0.104556 0.018675 0.433236 0.077381 1.131196 0.585375 0.101235 -0.410052 0.448336 0.176747
0.928573 0.624999 1.287717 0.290090 0.101108 0.018675 0.418951 0.077381 1.119317 0.592426 1.018082 1.002479 0.434548 0.182643
0.928573 0.708332 1.287717 0.602493 0.101108 0.038786 0.418951 0.160713 1.167896 0.651654 0.149814 -0.350824 0.463687 0.366297
0.928573 0.750002 1.287717 0.758707 0.101108 0.048843 0.418951 0.202383 1.193629 0.679414 1.043815 1.030238 0.483014 0.450013
0.928573 0.874998 1.287717 1.227300 0.101108 0.079009 0.418951 0.327379 1.275879 0.755702 0.232065 -0.274536 0.555895 0.663312
