0.000000 0.666670 -1.587896 0.672624 -0.143820 0.053343 -0.503571 0.186775 0.666670 1.570796 0.666670 1.570796 0.529325 -0.355172
0.000000 0.629631 -1.587896 0.539234 -0.143820 0.042764 -0.503571 0.149736 0.629631 1.570796 -0.037040 0.000000 0.519110 -0.289021
0.046876 0.592591 -1.440083 0.405845 -0.130432 0.032186 -0.456695 0.112696 0.594442 1.491857 0.631482 1.491857 0.465290 -0.241930
0.078126 0.592591 -1.341544 0.405845 -0.121507 0.032186 -0.425445 0.112696 0.597719 1.439714 -0.033763 -0.052143 0.434659 -0.258942
0.125000 0.592591 -1.193739 0.405845 -0.108120 0.032186 -0.378572 0.112696 0.605631 1.362906 0.639394 1.415049 0.388897 -0.289333
0.156250 0.629631 -1.095199 0.539234 -0.099195 0.042764 -0.347322 0.149736 0.648729 1.327549 0.009334 -0.087500 0.369491 -0.407039
0.171876 0.629631 -1.045926 0.539234 -0.094732 0.042764 -0.331696 0.149736 0.652668 1.304310 0.643334 1.391810 0.354842 -0.424038
0.203126 0.666670 -0.947386 0.672624 -0.085807 0.053343 -0.300446 0.186775 0.696929 1.275045 0.053595 -0.116765 0.341861 -0.556194
0.218749 0.666670 -0.898120 0.672624 -0.081345 0.053343 -0.284822 0.186775 0.701641 1.253743 0.648047 1.370508 0.328215 -0.580415
0.218749 0.629631 -0.898120 0.539234 -0.081345 0.042764 -0.284822 0.149736 0.666548 1.236417 0.018501 -0.134090 0.311471 -0.484008
0.218749 0.555557 -0.898120 0.272476 -0.081345 0.021609 -0.284822 0.075662 0.597072 1.195691 0.578571 1.329781 0.289527 -0.259649
0.218749 0.444443 -0.898120 -0.127671 -0.081345 -0.010125 -0.284822 -0.035452 0.495360 1.113418 -0.083211 -0.216363 0.290895 0.123834
0.203126 0.370369 -0.947386 -0.394429 -0.085807 -0.031280 -0.300446 -0.109526 0.422414 1.069151 0.505625 1.285514 0.328649 0.349573
0.203126 0.296295 -0.947386 -0.661187 -0.085807 -0.052436 -0.300446 -0.183600 0.359237 0.969834 -0.146388 -0.315681 0.365008 0.548535
0.203126 0.222222 -0.947386 -0.927946 -0.085807 -0.073591 -0.300446 -0.257674 0.301069 0.830263 0.447457 1.145944 0.411613 0.708911
0.218749 0.148148 -0.898120 -1.194704 -0.081345 -0.094747 -0.284822 -0.331747 0.264195 0.595293 -0.183262 -0.550651 0.455466 0.861359
0.234376 0.111114 -0.848847 -1.328073 -0.076882 -0.105324 -0.269196 -0.368782 0.259380 0.442700 0.442642 0.993351 0.475909 0.940245
0.249999 0.037040 -0.799581 -1.594831 -0.072420 -0.126479 -0.253572 -0.442855 0.252728 0.147089 -0.189914 -0.846262 0.530990 1.050780
0.281249 0.037040 -0.701041 -1.594831 -0.063495 -0.126479 -0.222322 -0.442855 0.283678 0.130944 0.473592 0.977205 0.516797 1.105534
0.296875 0.000000 -0.651768 -1.728220 -0.059032 -0.137058 -0.206696 -0.479895 0.296875 0.000000 -0.176716 -0.977205 0.544341 1.164099
0.312499 0.000000 -0.602502 -1.728220 -0.054570 -0.137058 -0.191072 -0.479895 0.312499 0.000000 0.489216 0.977205 0.538603 1.191882
0.328125 0.000000 -0.553228 -1.728220 -0.050107 -0.137058 -0.175446 -0.479895 0.328125 0.000000 -0.161090 -0.977205 0.533259 1.220299
0.343749 0.074074 -0.503962 -1.461462 -0.045645 -0.115902 -0.159822 -0.405821 0.351640 0.212243 0.512730 1.189448 0.458270 1.195625
0.359375 0.111114 -0.454689 -1.328073 -0.041182 -0.105324 -0.144196 -0.368782 0.376161 0.299862 -0.136569 -0.889586 0.418110 1.198067
0.374999 0.148148 -0.405423 -1.194704 -0.036720 -0.094747 -0.128572 -0.331747 0.403202 0.376242 0.539771 1.265828 0.377964 1.201059
0.390625 0.185187 -0.356150 -1.061315 -0.032257 -0.084168 -0.112946 -0.294708 0.432299 0.442697 -0.107472 -0.823131 0.337824 1.204814
0.390625 0.222222 -0.356150 -0.927946 -0.032257 -0.073591 -0.112946 -0.257674 0.449411 0.517228 0.556884 1.340359 0.303174 1.157689
0.406249 0.259261 -0.306884 -0.794556 -0.027795 -0.063013 -0.097322 -0.220634 0.481928 0.568023 -0.074956 -0.772335 0.262981 1.155365
0.421875 0.259261 -0.257610 -0.794556 -0.023332 -0.063013 -0.081696 -0.220634 0.495172 0.551046 0.570127 1.323381 0.257608 1.216170
0.437499 0.222222 -0.208344 -0.927946 -0.018870 -0.073591 -0.066072 -0.257674 0.490701 0.469976 -0.079426 -0.853405 0.289004 1.319785
0.453125 0.185187 -0.159071 -1.061315 -0.014407 -0.084168 -0.050446 -0.294708 0.489507 0.387975 0.568933 1.241379 0.322356 1.401265
0.468749 0.111114 -0.109805 -1.328073 -0.009945 -0.105324 -0.034822 -0.368782 0.481738 0.232747 -0.087194 -1.008632 0.394000 1.476650
0.499999 0.074074 -0.011265 -1.461462 -0.001020 -0.115902 -0.003573 -0.405821 0.505456 0.147078 0.592650 1.155711 0.429512 1.561993
0.531251 0.074074 0.087282 -1.461462 0.007905 -0.115902 0.027680 -0.405821 0.536390 0.138540 -0.056260 -1.017171 0.430389 -1.502695
0.562501 0.074074 0.185821 -1.461462 0.016830 -0.115902 0.058930 -0.405821 0.567357 0.130933 0.623617 1.148104 0.433521 -1.426593
0.593751 0.111114 0.284361 -1.328073 0.025755 -0.105324 0.090180 -0.368782 0.604058 0.184999 -0.019559 -0.963106 0.402685 -1.330969
0.609375 0.185187 0.333627 -1.061315 0.030217 -0.084168 0.105803 -0.294708 0.636892 0.295029 0.656451 1.258134 0.335504 -1.226116
0.625001 0.259261 0.382900 -0.794556 0.034680 -0.063013 0.121429 -0.220634 0.676641 0.393215 0.020189 -0.864920 0.272823 -1.067672
0.625001 0.370369 0.382900 -0.394429 0.034680 -0.031280 0.121429 -0.109526 0.726498 0.534953 0.706309 1.399873 0.180244 -0.733903
0.609375 0.592591 0.333627 0.405845 0.030217 0.032186 0.105803 0.112696 0.850001 0.771435 0.143692 -0.628438 0.138271 0.816932
0.578125 0.666670 0.235087 0.672624 0.021292 0.053343 0.074553 0.186775 0.882427 0.856411 0.738735 1.484849 0.179331 1.191013
0.562501 0.703705 0.185821 0.805993 0.016830 0.063920 0.058930 0.223809 0.900893 0.896456 0.162157 -0.588392 0.208629 1.313337
0.515625 0.814818 0.038008 1.206140 0.003442 0.095654 0.012054 0.334923 0.964260 1.006601 0.802103 1.594993 0.311480 1.534823
0.499999 0.851852 -0.011265 1.339509 -0.001020 0.106231 -0.003573 0.371957 0.987751 1.040024 0.185648 -0.554969 0.348299 -1.561192
0.484375 0.851852 -0.060531 1.339509 -0.005482 0.106231 -0.019196 0.371957 0.979934 1.053775 0.794287 1.608744 0.348810 -1.519233
0.484375 0.888892 -0.060531 1.472898 -0.005482 0.116809 -0.019196 0.408997 1.012298 1.071862 0.218012 -0.536882 0.385798 -1.523896
0.468749 0.888892 -0.109805 1.472898 -0.009945 0.116809 -0.034822 0.408997 1.004915 1.085516 0.786903 1.622398 0.386891 -1.485860
0.484375 0.925926 -0.060531 1.606267 -0.005482 0.127386 -0.019196 0.446031 1.044968 1.088820 0.258065 -0.533578 0.422791 -1.527785
0.515625 0.925926 0.038008 1.606267 0.003442 0.127386 0.012054 0.446031 1.059815 1.062690 0.801751 1.596268 0.422527 1.543779
0.546875 0.925926 0.136548 1.606267 0.012367 0.127386 0.043304 0.446031 1.075366 1.037299 0.273615 -0.558969 0.424569 1.474013
0.593751 0.962966 0.284361 1.739656 0.025755 0.137965 0.090180 0.483071 1.131302 1.018271 0.857686 1.577240 0.468162 1.386241
0.640625 0.962966 0.432166 1.739656 0.039142 0.137965 0.137053 0.483071 1.156591 0.983767 0.298905 -0.593473 0.479403 1.294348
0.687501 0.962966 0.579979 1.739656 0.052530 0.137965 0.183929 0.483071 1.183199 0.950775 0.884295 1.544248 0.494847 1.206994
0.781251 1.000000 0.875597 1.873025 0.079305 0.148542 0.277679 0.520105 1.268997 0.907593 0.384702 -0.636655 0.568812 1.080405
0.828124 1.000000 1.023403 1.873025 0.092692 0.148542 0.324553 0.520105 1.298380 0.879140 0.913678 1.515795 0.593107 1.012906
0.859374 0.962966 1.121942 1.739656 0.101617 0.137965 0.355803 0.483071 1.290669 0.842182 0.376992 -0.673613 0.581067 0.935963
0.921874 0.888892 1.319021 1.472898 0.119467 0.116809 0.418303 0.408997 1.280617 0.767186 0.903626 1.440799 0.568726 0.774150
0.937500 0.851852 1.368294 1.339509 0.123930 0.106231 0.433929 0.371957 1.266712 0.737569 0.363086 -0.703229 0.556411 0.708650
0.953124 0.777778 1.417560 1.072751 0.128392 0.085075 0.449553 0.297883 1.230197 0.684440 0.867111 1.387669 0.526580 0.585197
0.968750 0.592591 1.466834 0.405845 0.132855 0.032186 0.465179 0.112696 1.135623 0.548983 0.268513 -0.838686 0.473620 0.237684
0.968750 0.481483 1.466834 0.005718 0.132855 0.000453 0.465179 0.001588 1.081805 0.461256 0.813292 1.299942 0.465703 0.003413
0.968750 0.407409 1.466834 -0.261040 0.132855 -0.020702 0.465179 -0.072486 1.050932 0.398096 0.237640 -0.901846 0.475014 -0.154581
0.937500 0.296295 1.368294 -0.661187 0.123930 -0.052436 0.433929 -0.183600 0.983208 0.306114 0.745568 1.207960 0.480892 -0.400269
0.906250 0.259261 1.269755 -0.794556 0.115005 -0.063013 0.402679 -0.220634 0.942606 0.278639 0.197038 -0.929321 0.470996 -0.501241
0.875000 0.259261 1.171215 -0.794556 0.106080 -0.063013 0.371429 -0.220634 0.912602 0.288058 0.715564 1.217379 0.444575 -0.536006
0.828124 0.296295 1.023403 -0.661187 0.092692 -0.052436 0.324553 -0.183600 0.879534 0.343599 0.163971 -0.873780 0.385095 -0.514817
0.812500 0.370369 0.974137 -0.394429 0.088230 -0.031280 0.308929 -0.109526 0.892934 0.427699 0.728963 1.301479 0.336422 -0.340708
0.859374 0.518517 1.121942 0.139087 0.101617 0.011030 0.355803 0.038622 1.003685 0.542891 0.274722 -0.758588 0.356117 0.108125
0.890624 0.592591 1.220481 0.405845 0.110542 0.032186 0.387053 0.112696 1.069755 0.587102 0.795033 1.345690 0.397158 0.283331
1.000000 0.666670 1.565373 0.672624 0.141780 0.053343 0.496429 0.186775 1.201852 0.588005 0.406820 -0.757685 0.522535 0.359856
