0.000000 0.560004 -1.578539 0.285163 -0.114699 0.017605 -0.521235 0.080002 0.560004 1.570796 0.560004 1.570796 0.522675 -0.152298
0.015872 0.560004 -1.530472 0.285163 -0.111206 0.017605 -0.505364 0.080002 0.560229 1.542462 0.000225 -0.028335 0.506848 -0.157004
0.031746 0.560004 -1.482397 0.285163 -0.107713 0.017605 -0.489489 0.080002 0.560903 1.514168 0.560679 1.542503 0.491022 -0.162008
0.063492 0.560004 -1.386256 0.285163 -0.100727 0.017605 -0.457743 0.080002 0.563592 1.457901 0.002914 -0.084602 0.459382 -0.173028
0.095238 0.560004 -1.290115 0.285163 -0.093741 0.017605 -0.425997 0.080002 0.568045 1.402342 0.565131 1.486944 0.427758 -0.185638
0.111110 0.560004 -1.242048 0.285163 -0.090249 0.017605 -0.410126 0.080002 0.570921 1.374931 0.005789 -0.112012 0.411954 -0.192649
0.142856 0.560004 -1.145906 0.285163 -0.083263 0.017605 -0.378380 0.080002 0.577938 1.321026 0.572149 1.433038 0.380361 -0.208366
0.174602 0.560004 -1.049765 0.285163 -0.076277 0.017605 -0.346634 0.080002 0.586592 1.268562 0.014443 -0.164476 0.348795 -0.226826
0.190476 0.560004 -1.001691 0.285163 -0.072784 0.017605 -0.330759 0.080002 0.591512 1.242939 0.577068 1.407415 0.333024 -0.237317
0.206348 0.560004 -0.953623 0.285163 -0.069291 0.017605 -0.314888 0.080002 0.596812 1.217758 0.019743 -0.189657 0.317265 -0.248802
0.222222 0.560004 -0.905549 0.285163 -0.065798 0.017605 -0.299013 0.080002 0.602484 1.193033 0.582741 1.382690 0.301516 -0.261431
0.222222 0.520001 -0.905549 0.142576 -0.065798 0.008802 -0.299013 0.040000 0.565495 1.166938 -0.017246 -0.215752 0.299016 -0.132982
0.222222 0.480005 -0.905549 0.000010 -0.065798 0.000001 -0.299013 0.000003 0.528949 1.137219 0.546195 1.352970 0.301843 -0.000009
0.222222 0.440002 -0.905549 -0.142578 -0.065798 -0.008802 -0.299013 -0.040000 0.492934 1.103119 -0.053261 -0.249852 0.309851 0.132985
0.206348 0.400005 -0.953623 -0.285144 -0.069291 -0.017603 -0.314888 -0.079997 0.450093 1.094539 0.503354 1.344391 0.337418 0.248786
0.206348 0.319999 -0.953623 -0.570319 -0.069291 -0.035209 -0.314888 -0.160003 0.380761 0.998058 -0.122593 -0.346333 0.373698 0.470128
0.190476 0.239999 -1.001691 -0.855473 -0.072784 -0.052813 -0.330759 -0.240003 0.306400 0.899938 0.428993 1.246271 0.434161 0.627709
0.190476 0.200002 -1.001691 -0.998039 -0.072784 -0.061614 -0.330759 -0.280000 0.276192 0.809790 -0.152801 -0.436481 0.461077 0.702479
0.190476 0.160000 -1.001691 -1.140627 -0.072784 -0.070417 -0.330759 -0.320002 0.248759 0.698659 0.401559 1.135140 0.489789 0.768870
0.190476 0.120003 -1.001691 -1.283193 -0.072784 -0.079218 -0.330759 -0.359999 0.225126 0.562197 -0.176433 -0.572942 0.519990 0.827703
0.190476 0.080000 -1.001691 -1.425780 -0.072784 -0.088021 -0.330759 -0.400002 0.206594 0.397627 0.383027 0.970570 0.551444 0.879870
0.190476 0.040003 -1.001691 -1.568346 -0.072784 -0.096822 -0.330759 -0.439999 0.194631 0.207007 -0.188396 -0.763563 0.583940 0.926190
0.190476 0.000000 -1.001691 -1.710934 -0.072784 -0.105625 -0.330759 -0.480002 0.190476 0.000000 0.378872 0.763563 0.617323 0.967437
0.206348 0.000000 -0.953623 -1.710934 -0.069291 -0.105625 -0.314888 -0.480002 0.206348 0.000000 -0.172524 -0.763563 0.608967 0.990205
0.222222 0.000000 -0.905549 -1.710934 -0.065798 -0.105625 -0.299013 -0.480002 0.222222 0.000000 0.394746 0.763563 0.600912 1.013678
0.238094 0.000000 -0.857482 -1.710934 -0.062306 -0.105625 -0.283142 -0.480002 0.238094 0.000000 -0.156652 -0.763563 0.593174 1.037854
0.253968 0.000000 -0.809408 -1.710934 -0.058813 -0.105625 -0.267267 -0.480002 0.253968 0.000000 0.410620 0.763563 0.585763 1.062744
0.269840 0.000000 -0.761341 -1.710934 -0.055320 -0.105625 -0.251396 -0.480002 0.269840 0.000000 -0.140781 -0.763563 0.578693 1.088339
0.285714 0.000000 -0.713266 -1.710934 -0.051827 -0.105625 -0.235521 -0.480002 0.285714 0.000000 0.426495 0.763563 0.571976 1.114642
0.301586 0.040003 -0.665199 -1.568346 -0.048334 -0.096822 -0.219650 -0.439999 0.304227 0.131872 -0.122267 -0.631691 0.528990 1.107785
0.317460 0.040003 -0.617125 -1.568346 -0.044841 -0.096822 -0.203775 -0.439999 0.319970 0.125349 0.442238 0.757039 0.522598 1.137080
0.317460 0.080000 -0.617125 -1.425780 -0.044841 -0.088021 -0.203775 -0.400002 0.327385 0.246860 -0.114853 -0.510179 0.486018 1.099629
0.333334 0.120003 -0.569051 -1.283193 -0.041348 -0.079218 -0.187901 -0.359999 0.354277 0.345562 0.469130 0.855741 0.443051 1.089744
0.349206 0.160000 -0.520984 -1.140627 -0.037855 -0.070417 -0.172029 -0.320002 0.384115 0.429636 -0.085015 -0.426105 0.400107 1.077532
0.365080 0.200002 -0.472909 -0.998039 -0.034362 -0.061614 -0.156155 -0.280000 0.416275 0.501177 0.501289 0.927282 0.357177 1.062062
0.380952 0.239999 -0.424842 -0.855473 -0.030870 -0.052813 -0.140283 -0.240003 0.450249 0.562186 -0.051040 -0.365096 0.314282 1.041846
0.380952 0.280002 -0.424842 -0.712885 -0.030870 -0.044010 -0.140283 -0.200000 0.472785 0.633836 0.523825 0.998932 0.279057 0.959119
0.396826 0.319999 -0.376768 -0.570319 -0.027376 -0.035209 -0.124409 -0.160003 0.509775 0.678629 -0.014051 -0.320303 0.236588 0.909899
0.396826 0.360002 -0.376768 -0.427732 -0.027376 -0.026406 -0.124409 -0.120000 0.535791 0.736781 0.549842 1.057084 0.203651 0.767360
0.396826 0.400005 -0.376768 -0.285144 -0.027376 -0.017603 -0.124409 -0.079997 0.563449 0.789387 0.013607 -0.267696 0.173708 0.571450
0.412698 0.440002 -0.328701 -0.142578 -0.023884 -0.008802 -0.108537 -0.040000 0.603259 0.817408 0.589652 1.085104 0.135570 0.353094
0.412698 0.480005 -0.328701 0.000010 -0.023884 0.000001 -0.108537 0.000003 0.633028 0.860652 0.043376 -0.224452 0.116105 -0.000025
0.412698 0.520001 -0.328701 0.142576 -0.023884 0.008802 -0.108537 0.040000 0.663868 0.899941 0.620492 1.124392 0.108544 -0.353088
0.412698 0.560004 -0.328701 0.285163 -0.023884 0.017605 -0.108537 0.080002 0.695647 0.935697 0.075155 -0.188696 0.115254 -0.635191
0.412698 0.520001 -0.328701 0.142576 -0.023884 0.008802 -0.108537 0.040000 0.663868 0.899941 0.588714 1.088637 0.108544 -0.353088
0.412698 0.480005 -0.328701 0.000010 -0.023884 0.000001 -0.108537 0.000003 0.633028 0.860652 0.044314 -0.227984 0.116105 -0.000025
0.412698 0.440002 -0.328701 -0.142578 -0.023884 -0.008802 -0.108537 -0.040000 0.603259 0.817408 0.558945 1.045392 0.135570 0.353094
0.412698 0.400005 -0.328701 -0.285144 -0.023884 -0.017603 -0.108537 -0.079997 0.574738 0.769781 0.015793 -0.275611 0.162718 0.635159
0.412698 0.319999 -0.328701 -0.570319 -0.023884 -0.035209 -0.108537 -0.160003 0.522225 0.659549 0.506432 0.935160 0.228640 0.974751
0.412698 0.280002 -0.328701 -0.712885 -0.023884 -0.044010 -0.108537 -0.200000 0.498719 0.596128 -0.007713 -0.339032 0.264526 1.073584
0.412698 0.239999 -0.328701 -0.855473 -0.023884 -0.052813 -0.108537 -0.240003 0.477409 0.526733 0.485122 0.865766 0.301453 1.146086
0.412698 0.200002 -0.328701 -0.998039 -0.023884 -0.061614 -0.108537 -0.280000 0.458607 0.451270 -0.026515 -0.414496 0.339074 1.200995
0.412698 0.120003 -0.328701 -1.283193 -0.023884 -0.079218 -0.108537 -0.359999 0.429791 0.282973 0.456305 0.697469 0.415654 1.277970
0.428572 0.080000 -0.280627 -1.425780 -0.020391 -0.088021 -0.092663 -0.400002 0.435975 0.184542 -0.020331 -0.512927 0.450861 1.343155
0.428572 0.040003 -0.280627 -1.568346 -0.020391 -0.096822 -0.092663 -0.439999 0.430435 0.093070 0.450766 0.605998 0.490073 1.363231
0.444444 0.040003 -0.232560 -1.568346 -0.016898 -0.096822 -0.076791 -0.439999 0.446241 0.089765 -0.004525 -0.516233 0.487321 1.398010
0.476190 0.000000 -0.136418 -1.710934 -0.009912 -0.105625 -0.045045 -0.480002 0.476190 0.000000 0.480715 0.516233 0.523178 1.477226
0.492064 0.000000 -0.088344 -1.710934 -0.006419 -0.105625 -0.029171 -0.480002 0.492064 0.000000 0.011349 -0.516233 0.522051 1.510098
0.507936 0.000000 -0.040277 -1.710934 -0.002927 -0.105625 -0.013299 -0.480002 0.507936 0.000000 0.496587 0.516233 0.521405 1.543096
0.539682 0.000000 0.055864 -1.710934 0.004059 -0.105625 0.018447 -0.480002 0.539682 0.000000 0.043095 -0.516233 0.521562 -1.532385
0.571428 0.040003 0.152006 -1.568346 0.011045 -0.096822 0.050193 -0.439999 0.572826 0.069891 0.529731 0.586124 0.483843 -1.457213
0.587302 0.080000 0.200080 -1.425780 0.014538 -0.088021 0.066067 -0.400002 0.592726 0.135382 0.062994 -0.450742 0.446154 -1.407108
0.603174 0.120003 0.248147 -1.283193 0.018031 -0.079218 0.081938 -0.359999 0.614995 0.196388 0.552001 0.647129 0.409514 -1.347002
0.603174 0.200002 0.248147 -0.998039 0.018031 -0.061614 0.081938 -0.280000 0.635468 0.320175 0.083467 -0.326954 0.331519 -1.286107
0.619048 0.280002 0.296221 -0.712885 0.021524 -0.044010 0.097813 -0.200000 0.679428 0.424774 0.595960 0.751728 0.260309 -1.115936
0.634920 0.400005 0.344289 -0.285144 0.025016 -0.017603 0.113684 -0.079997 0.750418 0.562193 0.154457 -0.189536 0.166196 -0.613189
0.650794 0.480005 0.392363 0.000010 0.028510 0.000001 0.129559 0.000003 0.808664 0.635497 0.654206 0.825032 0.135961 0.000021
0.650794 0.520001 0.392363 0.142576 0.028510 0.008802 0.129559 0.040000 0.833027 0.674147 0.178821 -0.150886 0.129565 0.299453
0.666666 0.640004 0.440430 0.570317 0.032002 0.035209 0.145430 0.160002 0.924148 0.764997 0.745327 0.915882 0.187766 0.833070
0.666666 0.680001 0.440430 0.712883 0.032002 0.044010 0.145430 0.199999 0.952284 0.795300 0.206957 -0.120582 0.215306 0.942076
0.666666 0.760001 0.440430 0.998036 0.032002 0.061614 0.145430 0.279999 1.010962 0.850727 0.804005 0.971309 0.279569 1.091752
0.666666 0.840000 0.440430 1.283190 0.032002 0.079218 0.145430 0.359999 1.072401 0.899940 0.268396 -0.071369 0.350373 1.186868
0.650794 0.880003 0.392363 1.425778 0.028510 0.088021 0.129559 0.400001 1.094504 0.934026 0.826108 1.005395 0.381445 1.257564
0.634920 0.920000 0.344289 1.568344 0.025016 0.096822 0.113684 0.439998 1.117821 0.966725 0.291713 -0.038670 0.414654 1.317951
0.619048 0.960003 0.296221 1.710931 0.021524 0.105625 0.097813 0.480001 1.142290 0.998057 0.850577 1.036727 0.449538 1.369773
0.603174 0.960003 0.248147 1.710931 0.018031 0.105625 0.081938 0.480001 1.133766 1.009825 0.283189 -0.026903 0.446353 1.401721
0.603174 0.920000 0.248147 1.568344 0.018031 0.096822 0.081938 0.439998 1.100100 0.990478 0.816911 1.017381 0.407096 1.386681
0.619048 0.920000 0.296221 1.568344 0.021524 0.096822 0.097813 0.439998 1.108883 0.978506 0.291972 -0.038875 0.410586 1.352051
0.634920 0.920000 0.344289 1.568344 0.025016 0.096822 0.113684 0.439998 1.117821 0.966725 0.825849 1.005600 0.414654 1.317951
0.650794 0.920000 0.392363 1.568344 0.028510 0.096822 0.129559 0.439998 1.126913 0.955131 0.301064 -0.050469 0.419284 1.284437
0.698412 0.960003 0.536571 1.710931 0.038988 0.105625 0.177176 0.480001 1.187175 0.941845 0.886111 0.992313 0.473190 1.217194
0.730158 0.960003 0.632713 1.710931 0.045974 0.105625 0.208922 0.480001 1.206125 0.920559 0.320014 -0.071754 0.485969 1.160273
0.746032 0.960003 0.680787 1.710931 0.049467 0.105625 0.224797 0.480001 1.215800 0.910167 0.895786 0.981921 0.493002 1.132808
0.777778 1.000000 0.776928 1.853497 0.056453 0.114426 0.256543 0.519998 1.266862 0.909753 0.371075 -0.072168 0.543166 1.112480
0.809524 1.000000 0.873070 1.853497 0.063438 0.114426 0.288289 0.519998 1.286596 0.890275 0.915521 0.962443 0.558861 1.064579
0.841270 1.000000 0.969211 1.853497 0.070424 0.114426 0.320035 0.519998 1.306803 0.871392 0.391283 -0.091051 0.575880 1.019091
0.873016 1.000000 1.065352 1.853497 0.077410 0.114426 0.351781 0.519998 1.327463 0.853091 0.936180 0.944142 0.594109 0.976014
0.920636 1.000000 1.209568 1.853497 0.087889 0.114426 0.399401 0.519998 1.359254 0.826696 0.423074 -0.117445 0.623487 0.915823
0.952382 1.000000 1.305709 1.853497 0.094874 0.114426 0.431147 0.519998 1.380953 0.809783 0.957879 0.927228 0.644285 0.878543
0.968254 1.000000 1.353776 1.853497 0.098367 0.114426 0.447019 0.519998 1.391947 0.801526 0.434068 -0.125703 0.655012 0.860724
0.984128 0.960003 1.401851 1.710931 0.101860 0.105625 0.462893 0.480001 1.374814 0.772990 0.940747 0.898692 0.637798 0.803541
1.000000 0.920000 1.449918 1.568344 0.105353 0.096822 0.478765 0.439998 1.358823 0.743756 0.418076 -0.154937 0.623080 0.743229
1.000000 0.880003 1.449918 1.425778 0.105353 0.088021 0.478765 0.400001 1.332068 0.721657 0.913992 0.876593 0.598273 0.696008
1.000000 0.800004 1.449918 1.140624 0.105353 0.070417 0.478765 0.320002 1.280627 0.674743 0.366635 -0.201850 0.554010 0.589195
0.984128 0.680001 1.401851 0.712883 0.101860 0.044010 0.462893 0.199999 1.196206 0.604638 0.829571 0.806489 0.489363 0.407838
0.984128 0.600001 1.401851 0.427729 0.101860 0.026406 0.462893 0.119999 1.152610 0.547505 0.323039 -0.258983 0.469546 0.253654
0.952382 0.520001 1.305709 0.142576 0.094874 0.008802 0.431147 0.040000 1.085096 0.499768 0.762057 0.758751 0.431149 0.092510
0.920636 0.440002 1.209568 -0.142578 0.087889 -0.008802 0.399401 -0.040000 1.020379 0.445838 0.258321 -0.312913 0.407578 -0.099818
0.904762 0.400005 1.161494 -0.285144 0.084396 -0.017603 0.383527 -0.079997 0.989241 0.416274 0.730920 0.729187 0.402231 -0.205635
0.888890 0.400005 1.113427 -0.285144 0.080903 -0.017603 0.367655 -0.079997 0.974746 0.422858 0.243826 -0.306329 0.387126 -0.214248
0.873016 0.400005 1.065352 -0.285144 0.077410 -0.017603 0.351781 -0.079997 0.960292 0.429642 0.716466 0.735970 0.372084 -0.223603
0.841270 0.480005 0.969211 0.000010 0.070424 0.000001 0.320035 0.000003 0.968576 0.518500 0.252110 -0.217471 0.322680 0.000008
0.841270 0.520001 0.969211 0.142576 0.070424 0.008802 0.320035 0.040000 0.989008 0.553633 0.736898 0.771103 0.320037 0.124340
0.841270 0.600001 0.969211 0.427729 0.070424 0.026406 0.320035 0.119999 1.033313 0.619536 0.296416 -0.151567 0.329585 0.358733
0.841270 0.680001 0.969211 0.712883 0.070424 0.044010 0.320035 0.199999 1.081729 0.679783 0.785313 0.831351 0.357252 0.558549
0.857144 0.760001 1.017285 0.998036 0.073917 0.061614 0.335909 0.279999 1.145555 0.725399 0.360243 -0.105951 0.412121 0.694870
0.857144 0.800004 1.017285 1.140624 0.073917 0.070417 0.335909 0.320002 1.172477 0.750931 0.812234 0.856882 0.436516 0.761151
0.873016 0.840000 1.065352 1.283190 0.077410 0.079218 0.351781 0.359999 1.211511 0.766127 0.399276 -0.090755 0.474722 0.796943
0.904762 0.880003 1.161494 1.425778 0.084396 0.088021 0.383527 0.400001 1.262141 0.771527 0.862865 0.862281 0.525173 0.806422
0.904762 0.920000 1.161494 1.568344 0.084396 0.096822 0.383527 0.439998 1.290347 0.793749 0.427482 -0.068533 0.553269 0.853864
0.920636 0.920000 1.209568 1.568344 0.087889 0.096822 0.399401 0.439998 1.301527 0.785053 0.874045 0.853585 0.564389 0.833725
