0.000000 0.676470 -1.441699 0.569459 -0.096632 0.031915 -0.506648 0.167335 0.676470 1.570796 0.676470 1.570796 0.534351 -0.318999
0.000000 0.647056 -1.441699 0.469361 -0.096632 0.026305 -0.506648 0.137921 0.647056 1.570796 -0.029414 0.000000 0.525744 -0.265783
0.020410 0.647056 -1.383623 0.469361 -0.092739 0.026305 -0.486238 0.137921 0.647378 1.539265 0.676792 1.539265 0.506105 -0.276390
0.040816 0.647056 -1.325554 0.469361 -0.088847 0.026305 -0.465832 0.137921 0.648342 1.507800 -0.028450 -0.031464 0.486532 -0.287852
0.081632 0.617647 -1.209409 0.369277 -0.081062 0.020696 -0.425015 0.108512 0.623018 1.439391 0.651467 1.470856 0.439271 -0.249973
0.102042 0.617647 -1.151333 0.369277 -0.077170 0.020696 -0.404606 0.108512 0.626019 1.407064 -0.025448 -0.063791 0.419555 -0.262025
0.122448 0.588233 -1.093264 0.269179 -0.073277 0.015086 -0.384199 0.079098 0.600842 1.365564 0.626290 1.429355 0.392766 -0.203040
0.142858 0.588233 -1.035188 0.269179 -0.069385 0.015086 -0.363790 0.079098 0.605331 1.332549 -0.020959 -0.096806 0.372826 -0.214095
0.163265 0.588233 -0.977119 0.269179 -0.065493 0.015086 -0.343383 0.079098 0.610469 1.300060 0.631429 1.396866 0.352942 -0.226400
0.183674 0.588233 -0.919043 0.269179 -0.061600 0.015086 -0.322974 0.079098 0.616242 1.268142 -0.015187 -0.128725 0.333119 -0.240178
0.204081 0.588233 -0.860974 0.269179 -0.057708 0.015086 -0.302567 0.079098 0.622629 1.236851 0.637816 1.365576 0.313373 -0.255700
0.224490 0.588233 -0.802898 0.269179 -0.053815 0.015086 -0.282157 0.079098 0.629614 1.206221 -0.008202 -0.159355 0.293716 -0.273317
0.244897 0.588233 -0.744829 0.269179 -0.049923 0.015086 -0.261751 0.079098 0.637175 1.176295 0.645377 1.335650 0.274171 -0.293463
0.265306 0.588233 -0.686753 0.269179 -0.046030 0.015086 -0.241341 0.079098 0.645295 1.147092 -0.000082 -0.188558 0.254758 -0.316711
0.285716 0.588233 -0.628676 0.269179 -0.042138 0.015086 -0.220932 0.079098 0.653951 1.118638 0.654033 1.307196 0.235514 -0.343802
0.265306 0.588233 -0.686753 0.269179 -0.046030 0.015086 -0.241341 0.079098 0.645295 1.147092 -0.008738 -0.160104 0.254758 -0.316711
0.265306 0.558823 -0.686753 0.169095 -0.046030 0.009477 -0.241341 0.049689 0.618604 1.127545 0.627342 1.287649 0.246917 -0.203048
0.244897 0.529409 -0.744829 0.068997 -0.049923 0.003867 -0.261751 0.020275 0.583308 1.137526 -0.044034 -0.150122 0.262739 -0.077304
0.224490 0.529409 -0.802898 0.068997 -0.053815 0.003867 -0.282157 0.020275 0.575039 1.169740 0.619073 1.319862 0.283074 -0.071733
0.204081 0.500000 -0.860974 -0.031086 -0.057708 -0.001742 -0.302567 -0.009135 0.540045 1.183274 -0.079028 -0.136588 0.302640 0.030182
0.204081 0.470586 -0.860974 -0.131185 -0.057708 -0.007352 -0.302567 -0.038549 0.512933 1.161602 0.591961 1.298190 0.304709 0.126722
0.183674 0.470586 -0.919043 -0.131185 -0.061600 -0.007352 -0.322974 -0.038549 0.505161 1.198672 -0.086800 -0.099519 0.324981 0.118793
0.163265 0.441177 -0.977119 -0.231268 -0.065493 -0.012961 -0.343383 -0.067958 0.470417 1.216358 0.557217 1.315877 0.349569 0.195382
0.163265 0.411763 -0.977119 -0.331367 -0.065493 -0.018572 -0.343383 -0.097372 0.442949 1.193310 -0.114268 -0.122567 0.356252 0.276312
0.142858 0.411763 -1.035188 -0.331367 -0.069385 -0.018572 -0.363790 -0.097372 0.435841 1.236848 0.550108 1.359415 0.375960 0.261529
0.142858 0.382353 -1.035188 -0.431450 -0.069385 -0.024181 -0.363790 -0.126781 0.408170 1.213229 -0.141939 -0.146186 0.384437 0.335339
0.122448 0.352940 -1.093264 -0.531548 -0.073277 -0.029791 -0.384199 -0.156195 0.373577 1.236851 0.515516 1.383038 0.413806 0.386138
0.122448 0.323530 -1.093264 -0.631632 -0.073277 -0.035400 -0.384199 -0.185605 0.345927 1.208982 -0.169589 -0.174056 0.425607 0.450032
0.122448 0.294116 -1.093264 -0.731730 -0.073277 -0.041010 -0.384199 -0.215018 0.318588 1.176295 0.488177 1.350351 0.439066 0.510224
0.122448 0.264707 -1.093264 -0.831814 -0.073277 -0.046619 -0.384199 -0.244428 0.291656 1.137529 -0.196520 -0.212822 0.454031 0.566613
0.122448 0.235293 -1.093264 -0.931912 -0.073277 -0.052229 -0.384199 -0.273842 0.265248 1.090956 0.461768 1.303778 0.470364 0.619238
0.122448 0.205884 -1.093264 -1.031995 -0.073277 -0.057838 -0.384199 -0.303251 0.239545 1.034249 -0.222223 -0.269528 0.487922 0.668186
0.122448 0.176470 -1.093264 -1.132094 -0.073277 -0.063448 -0.384199 -0.332665 0.214791 0.964191 0.437015 1.233720 0.506583 0.713633
0.122448 0.147060 -1.093264 -1.232177 -0.073277 -0.069058 -0.384199 -0.362074 0.191365 0.876467 -0.245650 -0.357252 0.526225 0.755759
0.122448 0.117647 -1.093264 -1.332276 -0.073277 -0.074668 -0.384199 -0.391488 0.169807 0.765401 0.415457 1.122653 0.546746 0.794794
0.142858 0.058823 -1.035188 -1.532457 -0.069385 -0.085887 -0.363790 -0.450311 0.154495 0.390603 -0.260962 -0.732050 0.576966 0.891280
0.163265 0.029414 -0.977119 -1.632541 -0.065493 -0.091496 -0.343383 -0.479721 0.165893 0.178249 0.426855 0.910299 0.587932 0.949546
0.183674 0.029414 -0.919043 -1.632541 -0.061600 -0.091496 -0.322974 -0.479721 0.186014 0.158793 -0.240841 -0.751505 0.576250 0.978248
0.204081 0.000000 -0.860974 -1.732639 -0.057708 -0.097106 -0.302567 -0.509135 0.204081 0.000000 0.444921 0.751505 0.590118 1.034595
0.224490 0.000000 -0.802898 -1.732639 -0.053815 -0.097106 -0.282157 -0.509135 0.224490 0.000000 -0.220431 -0.751505 0.579918 1.064742
0.244897 0.000000 -0.744829 -1.732639 -0.049923 -0.097106 -0.261751 -0.509135 0.244897 0.000000 0.465328 0.751505 0.570268 1.095925
0.265306 0.000000 -0.686753 -1.732639 -0.046030 -0.097106 -0.241341 -0.509135 0.265306 0.000000 -0.200021 -0.751505 0.561193 1.128146
0.285716 0.000000 -0.628676 -1.732639 -0.042138 -0.097106 -0.220932 -0.509135 0.285716 0.000000 0.485737 0.751505 0.552723 1.161381
0.306123 0.000000 -0.570608 -1.732639 -0.038246 -0.097106 -0.200525 -0.509135 0.306123 0.000000 -0.179615 -0.751505 0.544887 1.195599
0.326532 0.000000 -0.512531 -1.732639 -0.034353 -0.097106 -0.180116 -0.509135 0.326532 0.000000 0.506147 0.751505 0.537711 1.230769
0.346939 0.029414 -0.454463 -1.632541 -0.030461 -0.091496 -0.159709 -0.479721 0.348183 0.084579 -0.157964 -0.666926 0.503249 1.249417
0.367348 0.029414 -0.396386 -1.632541 -0.026568 -0.091496 -0.139299 -0.479721 0.368524 0.079900 0.526488 0.746827 0.497148 1.288192
0.387755 0.058823 -0.338318 -1.532457 -0.022676 -0.085887 -0.118893 -0.450311 0.392191 0.150554 -0.134296 -0.596272 0.463338 1.312663
0.387755 0.088237 -0.338318 -1.432359 -0.022676 -0.080277 -0.118893 -0.420898 0.397668 0.223749 0.531964 0.820021 0.434975 1.295494
0.387755 0.117647 -0.338318 -1.332276 -0.022676 -0.074668 -0.118893 -0.391488 0.405209 0.294577 -0.126755 -0.525444 0.406765 1.275953
0.387755 0.147060 -0.338318 -1.232177 -0.022676 -0.069058 -0.118893 -0.362074 0.414705 0.362501 0.541460 0.887945 0.378733 1.253523
0.387755 0.176470 -0.338318 -1.132094 -0.022676 -0.063448 -0.118893 -0.332665 0.426023 0.427092 -0.115438 -0.460853 0.350932 1.227548
0.387755 0.205884 -0.338318 -1.031995 -0.022676 -0.057838 -0.118893 -0.303251 0.439024 0.488110 0.554461 0.948963 0.323411 1.197153
0.367348 0.176470 -0.396386 -1.132094 -0.026568 -0.063448 -0.139299 -0.332665 0.407537 0.447835 -0.146924 -0.501128 0.358360 1.174242
0.367348 0.147060 -0.396386 -1.232177 -0.026568 -0.069058 -0.139299 -0.362074 0.395691 0.380790 0.542616 0.881918 0.385626 1.203526
0.367348 0.117647 -0.396386 -1.332276 -0.026568 -0.074668 -0.139299 -0.391488 0.385727 0.309938 -0.156888 -0.571981 0.413190 1.228946
0.387755 0.088237 -0.338318 -1.432359 -0.022676 -0.080277 -0.118893 -0.420898 0.397668 0.223749 0.554556 0.795730 0.434975 1.295494
0.387755 0.058823 -0.338318 -1.532457 -0.022676 -0.085887 -0.118893 -0.450311 0.392191 0.150554 -0.162365 -0.645175 0.463338 1.312663
0.428571 0.029414 -0.222173 -1.632541 -0.014891 -0.091496 -0.078077 -0.479721 0.429579 0.068525 0.591944 0.713700 0.483579 1.409456
0.448981 0.029414 -0.164096 -1.632541 -0.010999 -0.091496 -0.057667 -0.479721 0.449943 0.065419 -0.142001 -0.648281 0.480705 1.451161
0.469387 0.000000 -0.106028 -1.732639 -0.007107 -0.097106 -0.037261 -0.509135 0.469387 0.000000 0.611388 0.648281 0.508016 1.497742
0.489797 0.000000 -0.047951 -1.732639 -0.003214 -0.097106 -0.016851 -0.509135 0.489797 0.000000 -0.121591 -0.648281 0.506928 1.537711
0.510203 0.000000 0.010117 -1.732639 0.000678 -0.097106 0.003555 -0.509135 0.510203 0.000000 0.631795 0.648281 0.506660 -1.563813
0.530613 0.000000 0.068194 -1.732639 0.004571 -0.097106 0.023965 -0.509135 0.530613 0.000000 -0.101182 -0.648281 0.507214 -1.523761
0.551019 0.029414 0.126262 -1.632541 0.008463 -0.091496 0.044372 -0.479721 0.551804 0.053330 0.652986 0.701611 0.479292 -1.478564
0.571429 0.029414 0.184339 -1.632541 0.012356 -0.091496 0.064781 -0.479721 0.572186 0.051429 -0.080800 -0.650183 0.481611 -1.436569
0.591836 0.058823 0.242407 -1.532457 0.016248 -0.085887 0.085188 -0.450311 0.594752 0.099066 0.675552 0.749248 0.455855 -1.383831
0.591836 0.088237 0.242407 -1.432359 0.016248 -0.080277 0.085188 -0.420898 0.598377 0.148000 -0.077175 -0.601248 0.426995 -1.371098
0.612245 0.088237 0.300484 -1.432359 0.020140 -0.080277 0.105597 -0.420898 0.618571 0.143135 0.695746 0.744383 0.431530 -1.324984
0.632652 0.147060 0.358552 -1.232177 0.024032 -0.069058 0.126004 -0.362074 0.649519 0.228395 -0.046227 -0.515988 0.381025 -1.235899
0.632652 0.176470 0.358552 -1.132094 0.024032 -0.063448 0.126004 -0.332665 0.656803 0.272022 0.703029 0.788011 0.353404 -1.208723
0.632652 0.205884 0.358552 -1.031995 0.024032 -0.057838 0.126004 -0.303251 0.665309 0.314621 -0.037720 -0.473390 0.326092 -1.176991
0.653061 0.205884 0.416629 -1.031995 0.027925 -0.057838 0.146414 -0.303251 0.684746 0.305397 0.722466 0.778787 0.334509 -1.120993
0.653061 0.264707 0.416629 -0.831814 0.027925 -0.046619 0.146414 -0.244428 0.704669 0.385095 -0.017797 -0.393692 0.282794 -1.031109
0.653061 0.323530 0.416629 -0.631632 0.027925 -0.035400 0.146414 -0.185605 0.728808 0.459965 0.746605 0.853657 0.234455 -0.902893
0.653061 0.352940 0.416629 -0.531548 0.027925 -0.029791 0.146414 -0.156195 0.742331 0.495473 -0.004274 -0.358184 0.212281 -0.817711
0.653061 0.411763 0.416629 -0.331367 0.027925 -0.018572 0.146414 -0.097372 0.772035 0.562553 0.776308 0.920738 0.174471 -0.586880
0.653061 0.441177 0.416629 -0.231268 0.027925 -0.012961 0.146414 -0.067958 0.788115 0.594129 0.011807 -0.326609 0.160385 -0.434559
0.653061 0.470586 0.416629 -0.131185 0.027925 -0.007352 0.146414 -0.038549 0.804947 0.624408 0.793140 0.951017 0.150789 -0.257443
0.653061 0.500000 0.416629 -0.031086 0.027925 -0.001742 0.146414 -0.009135 0.822490 0.653426 0.029349 -0.297591 0.146564 -0.062309
0.653061 0.529409 0.416629 0.068997 0.027925 0.003867 0.146414 0.020275 0.840692 0.681206 0.811343 0.978797 0.148172 0.137601
0.653061 0.558823 0.416629 0.169095 0.027925 0.009477 0.146414 0.049689 0.859519 0.707793 0.048176 -0.271004 0.155432 0.327175
0.653061 0.617647 0.416629 0.369277 0.027925 0.020696 0.146414 0.108512 0.898875 0.757535 0.850699 1.028539 0.183733 0.637802
0.653061 0.647056 0.416629 0.469361 0.027925 0.026305 0.146414 0.137921 0.919332 0.780779 0.068632 -0.247760 0.202858 0.755540
0.632652 0.676470 0.358552 0.569459 0.024032 0.031915 0.126004 0.167335 0.926207 0.818857 0.857575 1.066617 0.211463 0.925376
0.632652 0.705879 0.358552 0.669542 0.024032 0.037525 0.126004 0.196745 0.947900 0.840051 0.090325 -0.226566 0.235733 1.001168
0.632652 0.735293 0.358552 0.769641 0.024032 0.043135 0.126004 0.226158 0.970002 0.860291 0.879677 1.086857 0.261066 1.062481
0.632652 0.764702 0.358552 0.869724 0.024032 0.048744 0.126004 0.255568 0.992481 0.879619 0.112803 -0.207238 0.287175 1.112736
0.612245 0.823526 0.300484 1.069906 0.020140 0.059963 0.105597 0.314391 1.026177 0.931504 0.913373 1.138743 0.334010 1.246756
0.591836 0.852940 0.242407 1.170004 0.016248 0.065573 0.085188 0.343805 1.038160 0.964191 0.124786 -0.174551 0.356616 1.327909
0.591836 0.882353 0.242407 1.270103 0.016248 0.071183 0.085188 0.373219 1.062458 0.979975 0.937672 1.154526 0.385242 1.346389
0.571429 0.911763 0.184339 1.370186 0.012356 0.076792 0.064781 0.402628 1.076031 1.010954 0.138359 -0.143572 0.410262 1.411268
0.571429 0.941177 0.184339 1.470285 0.012356 0.082402 0.064781 0.432042 1.101065 1.025141 0.962706 1.168713 0.439331 1.421963
0.551019 0.970586 0.126262 1.570368 0.008463 0.088012 0.044372 0.461451 1.116091 1.054452 0.153385 -0.114261 0.466055 1.474934
0.571429 1.000000 0.184339 1.670466 0.012356 0.093622 0.064781 0.490865 1.151751 1.051650 0.998366 1.165911 0.497587 1.439581
0.591836 1.000000 0.242407 1.670466 0.016248 0.093622 0.085188 0.490865 1.162011 1.036402 0.163645 -0.129509 0.500653 1.398962
0.612245 1.000000 0.300484 1.670466 0.020140 0.093622 0.105597 0.490865 1.172537 1.021422 1.008893 1.150931 0.504527 1.358901
0.632652 1.000000 0.358552 1.670466 0.024032 0.093622 0.126004 0.490865 1.183321 1.006714 0.174428 -0.144217 0.509189 1.319524
0.653061 0.970586 0.416629 1.570368 0.027925 0.088012 0.146414 0.461451 1.169840 0.978523 0.995412 1.122741 0.486493 1.263554
0.693877 0.970586 0.532774 1.570368 0.035710 0.088012 0.187230 0.461451 1.193107 0.950137 0.197694 -0.172604 0.500294 1.185351
0.714284 0.970586 0.590842 1.570368 0.039602 0.088012 0.207636 0.461451 1.205089 0.936361 1.007394 1.108965 0.508283 1.147973
0.734694 0.970586 0.648919 1.570368 0.043495 0.088012 0.228046 0.461451 1.217297 0.922857 0.209903 -0.186108 0.516956 1.111806
0.795916 0.970586 0.823132 1.570368 0.055172 0.088012 0.289268 0.461451 1.255197 0.883957 1.045295 1.070065 0.546731 1.010856
0.816326 0.970586 0.881209 1.570368 0.059064 0.088012 0.309678 0.461451 1.268237 0.871513 0.222942 -0.198553 0.557799 0.979734
0.836732 0.970586 0.939277 1.570368 0.062956 0.088012 0.330085 0.461451 1.281467 0.859325 1.058525 1.057878 0.569381 0.949864
0.857142 0.970586 0.997354 1.570368 0.066849 0.088012 0.350494 0.461451 1.294886 0.847387 0.236361 -0.210491 0.581451 0.921213
0.897958 0.970586 1.113499 1.570368 0.074634 0.088012 0.391310 0.461451 1.322258 0.824247 1.085897 1.034738 0.606929 0.867465
0.918368 0.970586 1.171576 1.570368 0.078526 0.088012 0.411720 0.461451 1.336202 0.813035 0.250305 -0.221703 0.620284 0.842292
0.938774 0.970586 1.229644 1.570368 0.082418 0.088012 0.432126 0.461451 1.350309 0.802058 1.100004 1.023761 0.634013 0.818204
0.979590 0.941177 1.345789 1.470285 0.090203 0.082402 0.472943 0.432042 1.358459 0.765402 0.258455 -0.258359 0.642254 0.740234
1.000000 0.941177 1.403866 1.470285 0.094096 0.082402 0.493352 0.432042 1.373249 0.755105 1.114794 1.013464 0.657428 0.719242
1.000000 0.911763 1.403866 1.370186 0.094096 0.076792 0.493352 0.402628 1.353260 0.739276 0.238466 -0.274188 0.638369 0.684485
1.000000 0.882353 1.403866 1.270103 0.094096 0.071183 0.493352 0.373219 1.333622 0.722980 1.095156 0.997167 0.620122 0.647645
1.000000 0.852940 1.403866 1.170004 0.094096 0.065573 0.493352 0.343805 1.314346 0.706198 0.219190 -0.290969 0.602756 0.608626
1.000000 0.823526 1.403866 1.069906 0.094096 0.059963 0.493352 0.314391 1.295452 0.688922 1.076262 0.979891 0.586352 0.567363
0.979590 0.794116 1.345789 0.969823 0.090203 0.054354 0.472943 0.284982 1.261038 0.681208 0.184777 -0.298683 0.553455 0.542308
0.959184 0.764702 1.287721 0.869724 0.086311 0.048744 0.452536 0.255568 1.226704 0.673057 1.041927 0.971740 0.520943 0.514094
0.938774 0.735293 1.229644 0.769641 0.082418 0.043135 0.432126 0.226158 1.192457 0.664443 0.150529 -0.307298 0.488889 0.482162
0.897958 0.735293 1.113499 0.769641 0.074634 0.043135 0.391310 0.226158 1.160597 0.686130 1.010067 0.993428 0.453213 0.524050
0.877549 0.735293 1.055422 0.769641 0.070741 0.043135 0.370901 0.226158 1.144879 0.697424 0.134811 -0.296004 0.435713 0.547561
0.857142 0.735293 0.997354 0.769641 0.066849 0.043135 0.350494 0.226158 1.129313 0.709030 0.994502 1.005033 0.418479 0.573033
0.836732 0.764702 0.939277 0.869724 0.062956 0.048744 0.330085 0.255568 1.133530 0.740450 0.139028 -0.264583 0.418985 0.658841
0.836732 0.794116 0.939277 0.969823 0.062956 0.054354 0.330085 0.284982 1.153578 0.759273 1.014549 1.023856 0.437715 0.712199
0.836732 0.852940 0.939277 1.170004 0.062956 0.065573 0.330085 0.343805 1.194833 0.794990 0.180284 -0.228866 0.478408 0.805755
0.857142 0.911763 0.997354 1.370186 0.066849 0.076792 0.350494 0.402628 1.251401 0.816267 1.071117 1.045133 0.535691 0.854512
0.877549 0.911763 1.055422 1.370186 0.070741 0.076792 0.370901 0.402628 1.265465 0.804517 0.194349 -0.240616 0.549259 0.826392
0.897958 0.941177 1.113499 1.470285 0.074634 0.082402 0.391310 0.432042 1.300824 0.808893 1.106475 1.049509 0.584756 0.834828
0.897958 0.970586 1.113499 1.570368 0.074634 0.088012 0.391310 0.461451 1.322258 0.824247 0.215783 -0.225261 0.606929 0.867465
0.938774 0.970586 1.229644 1.570368 0.082418 0.088012 0.432126 0.461451 1.350309 0.802058 1.134526 1.027319 0.634013 0.818204
0.959184 0.970586 1.287721 1.570368 0.086311 0.088012 0.452536 0.461451 1.364577 0.791307 0.230051 -0.236012 0.648095 0.795152
0.979590 1.000000 1.345789 1.670466 0.090203 0.093622 0.472943 0.490865 1.399856 0.795708 1.169805 1.031720 0.683426 0.803992
1.000000 1.000000 1.403866 1.670466 0.094096 0.093622 0.493352 0.490865 1.414214 0.785398 0.244409 -0.246322 0.697705 0.782871
