0.000000 0.874997 -1.625349 0.962236 -0.127846 0.066679 -0.533166 0.278078 0.874997 1.570796 0.874997 1.570796 0.633336 -0.480747
0.000000 0.833333 -1.625349 0.818068 -0.127846 0.056689 -0.533166 0.236415 0.833333 1.570796 -0.041664 0.000000 0.611855 -0.417366
0.000000 0.791664 -1.625349 0.673877 -0.127846 0.046697 -0.533166 0.194745 0.791664 1.570796 0.833327 1.570796 0.592526 -0.350205
0.012821 0.791664 -1.586263 0.673877 -0.124772 0.046697 -0.520345 0.194745 0.791767 1.554602 -0.041560 -0.016194 0.581016 -0.358123
0.025641 0.791664 -1.547183 0.673877 -0.121698 0.046697 -0.507525 0.194745 0.792079 1.538419 0.833638 1.554613 0.569564 -0.366389
0.038462 0.791664 -1.508097 0.673877 -0.118623 0.046697 -0.494704 0.194745 0.792597 1.522250 -0.041041 -0.032363 0.558169 -0.375029
0.076925 0.791664 -1.390845 0.673877 -0.109401 0.046697 -0.456242 0.194745 0.795392 1.473932 0.836433 1.506295 0.524383 -0.403433
0.115385 0.791664 -1.273599 0.673877 -0.100178 0.046697 -0.417781 0.194745 0.800028 1.426065 -0.036405 -0.080230 0.491286 -0.436195
0.153847 0.791664 -1.156347 0.673877 -0.090956 0.046697 -0.379319 0.194745 0.806474 1.378854 0.842879 1.459084 0.459025 -0.474316
0.179488 0.791664 -1.078181 0.673877 -0.084807 0.046697 -0.353678 0.194745 0.811756 1.347842 -0.031123 -0.111242 0.438074 -0.503325
0.217949 0.791664 -0.960935 0.673877 -0.075585 0.046697 -0.315217 0.194745 0.821117 1.302147 0.852240 1.413388 0.407655 -0.553413
0.230770 0.791664 -0.921850 0.673877 -0.072511 0.046697 -0.302396 0.194745 0.824613 1.287155 -0.027628 -0.126233 0.397824 -0.572150
0.243590 0.791664 -0.882769 0.673877 -0.069437 0.046697 -0.289577 0.194745 0.828292 1.272296 0.855919 1.398529 0.388169 -0.592041
0.256411 0.750000 -0.843684 0.529709 -0.066362 0.036707 -0.276755 0.153081 0.792620 1.241372 -0.063299 -0.157157 0.351582 -0.505243
0.256411 0.708330 -0.843684 0.385518 -0.066362 0.026715 -0.276755 0.111412 0.753312 1.223477 0.816611 1.380634 0.327530 -0.382715
0.256411 0.666667 -0.843684 0.241350 -0.066362 0.016725 -0.276755 0.069748 0.714277 1.203621 -0.102334 -0.177012 0.307271 -0.246880
0.256411 0.583333 -0.843684 -0.047009 -0.066362 -0.003258 -0.276755 -0.013585 0.637201 1.156656 0.739534 1.333669 0.281265 0.049048
0.256411 0.541664 -0.843684 -0.191200 -0.066362 -0.013249 -0.276755 -0.055255 0.599288 1.128673 -0.140247 -0.204996 0.276886 0.197062
0.256411 0.458330 -0.843684 -0.479559 -0.066362 -0.033232 -0.276755 -0.138588 0.525179 1.060729 0.665426 1.265725 0.286695 0.464257
0.256411 0.374997 -0.843684 -0.767918 -0.066362 -0.053214 -0.276755 -0.221922 0.454279 0.971047 -0.211147 -0.294678 0.318765 0.675880
0.269231 0.291664 -0.804604 -1.056277 -0.063288 -0.073196 -0.263936 -0.305255 0.396929 0.825372 0.608076 1.120050 0.357751 0.857864
0.269231 0.208330 -0.804604 -1.344636 -0.063288 -0.093178 -0.263936 -0.388588 0.340421 0.658559 -0.267655 -0.461491 0.418546 0.974156
0.282052 0.124997 -0.765518 -1.632995 -0.060214 -0.113161 -0.251114 -0.471922 0.308509 0.417159 0.576163 0.878650 0.479229 1.081792
0.294872 0.083333 -0.726438 -1.777163 -0.057140 -0.123151 -0.238295 -0.513585 0.306421 0.275426 -0.269743 -0.603224 0.509052 1.136375
0.307693 0.041664 -0.687352 -1.921354 -0.054065 -0.133143 -0.225473 -0.555255 0.310501 0.134588 0.580244 0.737812 0.540752 1.185067
0.333334 0.041664 -0.609186 -1.921354 -0.047917 -0.133143 -0.199832 -0.555255 0.335928 0.124345 -0.244316 -0.613466 0.530573 1.225336
0.346153 0.041664 -0.570106 -1.921354 -0.044843 -0.133143 -0.187013 -0.555255 0.348652 0.119785 0.592968 0.733251 0.525879 1.245924
0.358975 0.041664 -0.531020 -1.921354 -0.041769 -0.133143 -0.174191 -0.555255 0.361385 0.115546 -0.231583 -0.617706 0.521457 1.266806
0.371794 0.083333 -0.491940 -1.777163 -0.038695 -0.123151 -0.161372 -0.513585 0.381019 0.220494 0.612602 0.838200 0.477902 1.266357
0.384616 0.124997 -0.452854 -1.632995 -0.035620 -0.113161 -0.148550 -0.471922 0.404418 0.314224 -0.208185 -0.523976 0.434361 1.265838
0.384616 0.208330 -0.452854 -1.344636 -0.035620 -0.093178 -0.148550 -0.388588 0.437414 0.496416 0.645598 1.020392 0.357191 1.205657
0.397435 0.250000 -0.413774 -1.200445 -0.032546 -0.083186 -0.135731 -0.346919 0.469526 0.561494 -0.176072 -0.458897 0.314016 1.197858
0.397435 0.291664 -0.413774 -1.056277 -0.032546 -0.073196 -0.135731 -0.305255 0.492973 0.633094 0.669045 1.091991 0.277032 1.152402
0.397435 0.333333 -0.413774 -0.912086 -0.032546 -0.063204 -0.135731 -0.263585 0.518716 0.697904 -0.150330 -0.394088 0.241570 1.095267
0.410257 0.374997 -0.374688 -0.767918 -0.029472 -0.053214 -0.122910 -0.221922 0.555818 0.740526 0.706147 1.134614 0.200311 1.065008
0.423076 0.333333 -0.335608 -0.912086 -0.026398 -0.063204 -0.110090 -0.263585 0.538614 0.667307 -0.167534 -0.467307 0.228151 1.175156
0.423076 0.291664 -0.335608 -1.056277 -0.026398 -0.073196 -0.110090 -0.305255 0.513869 0.603568 0.681402 1.070875 0.265412 1.224666
0.435898 0.250000 -0.296522 -1.200445 -0.023324 -0.083186 -0.097269 -0.346919 0.502501 0.520728 -0.178902 -0.550146 0.299407 1.297436
0.448719 0.208330 -0.257436 -1.344636 -0.020249 -0.093178 -0.084447 -0.388588 0.494722 0.434663 0.673624 0.984810 0.335633 1.356806
0.448719 0.124997 -0.257436 -1.632995 -0.020249 -0.113161 -0.084447 -0.471922 0.465804 0.271676 -0.207821 -0.713134 0.416814 1.393727
0.474360 0.083333 -0.179270 -1.777163 -0.014101 -0.123151 -0.058806 -0.513585 0.481624 0.173901 0.689445 0.887034 0.453661 1.456791
0.512820 0.000000 -0.062024 -2.065522 -0.004879 -0.143133 -0.020346 -0.596919 0.512820 0.000000 -0.176624 -0.887034 0.533554 1.536725
0.551283 0.000000 0.055228 -2.065522 0.004344 -0.143133 0.018117 -0.596919 0.551283 0.000000 0.727907 0.887034 0.533474 -1.540456
0.576924 0.000000 0.133394 -2.065522 0.010492 -0.143133 0.043757 -0.596919 0.576924 0.000000 -0.150984 -0.887034 0.534959 -1.497622
0.602565 0.041664 0.211560 -1.921354 0.016641 -0.133143 0.069398 -0.555255 0.604003 0.069034 0.754987 0.956068 0.496378 -1.446456
0.628206 0.083333 0.289726 -1.777163 0.022789 -0.123151 0.095039 -0.513585 0.633709 0.131883 -0.121278 -0.824185 0.459763 -1.387816
0.641025 0.124997 0.328806 -1.632995 0.025863 -0.113161 0.107859 -0.471922 0.653098 0.192579 0.774376 1.016764 0.422180 -1.346103
0.653847 0.250000 0.367892 -1.200445 0.028938 -0.083186 0.120680 -0.346919 0.700011 0.365201 -0.074366 -0.651563 0.307810 -1.236026
0.653847 0.333333 0.367892 -0.912086 0.028938 -0.063204 0.120680 -0.263585 0.733912 0.471460 0.808277 1.123022 0.233446 -1.141441
0.653847 0.416667 0.367892 -0.623727 0.028938 -0.043222 0.120680 -0.180252 0.775323 0.567363 -0.032954 -0.555659 0.167738 -0.980829
0.641025 0.500000 0.328806 -0.335368 0.025863 -0.023240 0.107859 -0.096919 0.812966 0.662427 0.845920 1.218086 0.112843 -0.732024
0.628206 0.583333 0.289726 -0.047009 0.022789 -0.003258 0.095039 -0.013585 0.857275 0.748378 0.011355 -0.469708 0.107467 -0.141982
0.602565 0.624997 0.211560 0.097159 0.016641 0.006733 0.069398 0.028078 0.868162 0.803670 0.856807 1.273378 0.115104 0.384462
0.589743 0.666667 0.172474 0.241350 0.013566 0.016725 0.056577 0.069748 0.890080 0.846547 0.033273 -0.426832 0.144994 0.889287
0.564102 0.750000 0.094308 0.529709 0.007418 0.036707 0.030936 0.153081 0.938462 0.925929 0.905190 1.352761 0.219029 1.371393
0.538461 0.791664 0.016142 0.673877 0.001270 0.046697 0.005295 0.194745 0.957430 0.973507 0.052240 -0.379254 0.258551 1.543613
0.525642 0.791664 -0.022938 0.673877 -0.001804 0.046697 -0.007524 0.194745 0.950279 0.984662 0.898039 1.363916 0.258607 -1.532178
0.512820 0.833333 -0.062024 0.818068 -0.004879 0.056689 -0.020346 0.236415 0.978483 1.019141 0.080444 -0.344774 0.300856 -1.484948
0.500001 0.833333 -0.101104 0.818068 -0.007953 0.056689 -0.033165 0.236415 0.971826 1.030376 0.891382 1.375150 0.301994 -1.431421
0.512820 0.874997 -0.062024 0.962236 -0.004879 0.066679 -0.020346 0.278078 1.014201 1.040673 0.122820 -0.334477 0.342436 -1.497761
0.525642 0.874997 -0.022938 0.962236 -0.001804 0.066679 -0.007524 0.278078 1.020744 1.029836 0.897925 1.364313 0.341913 -1.543744
0.551283 0.874997 0.055228 0.962236 0.004344 0.066679 0.018117 0.278078 1.034182 1.008581 0.136257 -0.355732 0.342310 1.505739
0.564102 0.874997 0.094308 0.962236 0.007418 0.066679 0.030936 0.278078 1.041072 0.998163 0.904815 1.353895 0.343228 1.460003
0.589743 0.916667 0.172474 1.106427 0.013566 0.076671 0.056577 0.319748 1.089988 0.999106 0.185174 -0.354789 0.387651 1.395667
0.615384 0.916667 0.250640 1.106427 0.019715 0.076671 0.082218 0.319748 1.104072 0.979573 0.918898 1.334362 0.392215 1.319115
0.641025 0.916667 0.328806 1.106427 0.025863 0.076671 0.107859 0.319748 1.118566 0.960540 0.199668 -0.373822 0.398379 1.245458
0.692307 0.958330 0.485138 1.250595 0.038160 0.086662 0.159141 0.361412 1.182238 0.945188 0.982569 1.319010 0.453971 1.156012
0.717948 0.958330 0.563304 1.250595 0.044308 0.086662 0.184782 0.361412 1.197433 0.927830 0.214864 -0.391181 0.463582 1.098168
0.756410 1.000000 0.680556 1.394786 0.053531 0.096654 0.223244 0.403081 1.253857 0.923205 1.038993 1.314386 0.517466 1.065007
0.782051 1.000000 0.758722 1.394786 0.059679 0.096654 0.248885 0.403081 1.269490 0.907096 0.230497 -0.407290 0.529034 1.017641
0.807692 1.000000 0.836888 1.394786 0.065828 0.096654 0.274526 0.403081 1.285444 0.891383 1.054947 1.298673 0.541570 0.972890
0.871795 1.000000 1.032305 1.394786 0.081199 0.096654 0.338629 0.403081 1.326660 0.853784 0.271713 -0.444888 0.576718 0.872077
0.897436 1.000000 1.110471 1.394786 0.087347 0.096654 0.364270 0.403081 1.343649 0.839399 1.071936 1.284288 0.592137 0.835934
0.923077 1.000000 1.188637 1.394786 0.093495 0.096654 0.389911 0.403081 1.360908 0.825377 0.288972 -0.458911 0.608247 0.802005
0.961538 1.000000 1.305883 1.394786 0.102718 0.096654 0.428371 0.403081 1.387283 0.805004 1.098311 1.263915 0.633590 0.754991
0.974359 0.958330 1.344969 1.250595 0.105792 0.086662 0.441193 0.361412 1.366665 0.777105 0.268354 -0.486810 0.612712 0.686321
0.987179 0.958330 1.384049 1.250595 0.108866 0.086662 0.454012 0.361412 1.375834 0.770571 1.107480 1.257381 0.622006 0.672321
1.000000 0.874997 1.423135 0.962236 0.111940 0.066679 0.466834 0.278078 1.328766 0.718828 0.221286 -0.538553 0.578603 0.537229
1.000000 0.833333 1.423135 0.818068 0.111940 0.056689 0.466834 0.236415 1.301708 0.694738 1.080422 1.233291 0.555008 0.468772
1.000000 0.791664 1.423135 0.673877 0.111940 0.046697 0.466834 0.194745 1.275434 0.669637 0.195012 -0.563654 0.533624 0.395212
0.987179 0.750000 1.384049 0.529709 0.108866 0.036707 0.454012 0.153081 1.239767 0.649706 1.044755 1.213361 0.503134 0.325204
0.974359 0.708330 1.344969 0.385518 0.105792 0.026715 0.441193 0.111412 1.204619 0.628599 0.159864 -0.584762 0.474693 0.247352
0.948718 0.666667 1.266803 0.241350 0.099644 0.016725 0.415552 0.069748 1.159530 0.612537 0.999666 1.197300 0.436470 0.166294
0.935897 0.666667 1.227717 0.241350 0.096569 0.016725 0.402730 0.069748 1.149064 0.618953 0.149397 -0.578347 0.424281 0.171487
0.910256 0.666667 1.149551 0.241350 0.090421 0.016725 0.377089 0.069748 1.128277 0.632138 0.978880 1.210485 0.400024 0.182897
0.897436 0.708330 1.110471 0.385518 0.087347 0.026715 0.364270 0.111412 1.143295 0.668171 0.164415 -0.542314 0.404197 0.296814
0.897436 0.791664 1.110471 0.673877 0.087347 0.046697 0.364270 0.194745 1.196713 0.722859 1.032298 1.265173 0.446669 0.490956
0.910256 0.833333 1.149551 0.818068 0.090421 0.056689 0.377089 0.236415 1.234103 0.741309 0.201804 -0.523863 0.481972 0.559997
0.910256 0.874997 1.149551 0.962236 0.090421 0.066679 0.377089 0.278078 1.262610 0.765651 1.060806 1.289514 0.508964 0.635410
0.923077 0.874997 1.188637 0.962236 0.093495 0.066679 0.389911 0.278078 1.271885 0.758665 0.211079 -0.530849 0.518535 0.619520
0.923077 0.916667 1.188637 1.106427 0.093495 0.076671 0.389911 0.319748 1.300903 0.781914 1.089824 1.312763 0.546903 0.686850
0.935897 0.916667 1.227717 1.106427 0.096569 0.076671 0.402730 0.319748 1.310031 0.775018 0.220206 -0.537745 0.556115 0.671041
