0.000000 0.964288 -1.448105 1.315551 -0.127249 0.092432 -0.505810 0.367413 0.964288 1.570796 0.964288 1.570796 0.682676 -0.628215
0.014083 0.964288 -1.407785 1.315551 -0.123706 0.092432 -0.491726 0.367413 0.964391 1.556192 0.000103 -0.014604 0.672308 -0.641700
0.042252 0.964288 -1.327139 1.315551 -0.116619 0.092432 -0.463557 0.367413 0.965214 1.527007 0.965111 1.541611 0.651988 -0.670208
0.070421 0.964288 -1.246493 1.315551 -0.109533 0.092432 -0.435388 0.367413 0.966856 1.497896 0.001746 -0.043715 0.632270 -0.700926
0.098590 0.964288 -1.165847 1.315551 -0.102446 0.092432 -0.407219 0.367413 0.969315 1.468909 0.967570 1.512624 0.613213 -0.734055
0.126759 0.964288 -1.085200 1.315551 -0.095360 0.092432 -0.379050 0.367413 0.972584 1.440092 0.005014 -0.072532 0.594880 -0.769809
0.169014 0.964288 -0.964228 1.315551 -0.084729 0.092432 -0.336796 0.367413 0.978988 1.397286 0.973974 1.469817 0.568889 -0.828848
0.197183 0.964288 -0.883582 1.315551 -0.077643 0.092432 -0.308627 0.367413 0.984242 1.369092 0.010269 -0.100726 0.552678 -0.872136
0.225352 0.964288 -0.802935 1.315551 -0.070556 0.092432 -0.280458 0.367413 0.990270 1.341219 0.980002 1.441945 0.537456 -0.918817
0.253521 0.964288 -0.722289 1.315551 -0.063470 0.092432 -0.252289 0.367413 0.997058 1.313705 0.017056 -0.128240 0.523309 -0.969077
0.267604 0.964288 -0.681969 1.315551 -0.059927 0.092432 -0.238205 0.367413 1.000732 1.300094 0.983675 1.428333 0.516667 -0.995594
0.281690 0.964288 -0.641643 1.315551 -0.056383 0.092432 -0.224120 0.367413 1.004590 1.286583 0.020915 -0.141751 0.510326 -1.023060
0.295773 0.964288 -0.601323 1.315551 -0.052840 0.092432 -0.210036 0.367413 1.008630 1.273179 0.987715 1.414930 0.504300 -1.051473
0.295773 0.928571 -0.601323 1.187663 -0.052840 0.083446 -0.210036 0.331696 0.974539 1.262432 -0.013176 -0.152498 0.472062 -1.006307
0.295773 0.892860 -0.601323 1.059795 -0.052840 0.074462 -0.210036 0.295984 0.940575 1.250908 0.953750 1.403407 0.440367 -0.953642
0.281690 0.857143 -0.641643 0.931907 -0.056383 0.065477 -0.224120 0.260267 0.902243 1.253277 -0.051507 -0.150129 0.416731 -0.859884
0.267604 0.785714 -0.681969 0.676151 -0.059927 0.047507 -0.238205 0.188838 0.830036 1.242531 0.881543 1.392661 0.367544 -0.670307
0.253521 0.678574 -0.722289 0.292527 -0.063470 0.020553 -0.252289 0.081698 0.724386 1.213246 -0.157156 -0.179414 0.305773 -0.313172
0.239435 0.571429 -0.762615 -0.091116 -0.067013 -0.006402 -0.266374 -0.025447 0.619564 1.174009 0.776720 1.353423 0.274338 0.095243
0.225352 0.464288 -0.802935 -0.474740 -0.070556 -0.033356 -0.280458 -0.132587 0.516088 1.118921 -0.260632 -0.234502 0.283515 0.441614
0.211266 0.392860 -0.843262 -0.730496 -0.074100 -0.051325 -0.294543 -0.204016 0.446063 1.077395 0.706695 1.311897 0.315458 0.605777
0.211266 0.285714 -0.843262 -1.114140 -0.074100 -0.078280 -0.294543 -0.311162 0.355339 0.934093 -0.351356 -0.377804 0.367693 0.812827
0.211266 0.214286 -0.843262 -1.369896 -0.074100 -0.096250 -0.294543 -0.382590 0.300918 0.792493 0.652274 1.170298 0.414418 0.914701
0.225352 0.142857 -0.802935 -1.625652 -0.070556 -0.114220 -0.280458 -0.454019 0.266818 0.564995 -0.385456 -0.605303 0.458684 1.017447
0.239435 0.071429 -0.762615 -1.881408 -0.067013 -0.132189 -0.266374 -0.525447 0.249863 0.289916 0.635319 0.895219 0.509551 1.101606
0.253521 0.035712 -0.722289 -2.009295 -0.063470 -0.141175 -0.252289 -0.561164 0.256024 0.139942 -0.379295 -0.755277 0.533518 1.148291
0.281690 0.000000 -0.641643 -2.137163 -0.056383 -0.150159 -0.224120 -0.596876 0.281690 0.000000 0.660985 0.755277 0.553239 1.211598
0.309859 0.000000 -0.560997 -2.137163 -0.049296 -0.150159 -0.195951 -0.596876 0.309859 0.000000 -0.351126 -0.755277 0.542439 1.253588
0.338028 0.000000 -0.480350 -2.137163 -0.042210 -0.150159 -0.167782 -0.596876 0.338028 0.000000 0.689154 0.755277 0.532911 1.296768
0.380280 0.071429 -0.359384 -1.881408 -0.031580 -0.132189 -0.125530 -0.525447 0.386930 0.185668 -0.302224 -0.569609 0.452156 1.336291
0.408449 0.142857 -0.278738 -1.625652 -0.024493 -0.114220 -0.097361 -0.454019 0.432711 0.336457 0.734935 0.906065 0.375784 1.359554
0.422535 0.214286 -0.238412 -1.369896 -0.020950 -0.096250 -0.083275 -0.382590 0.473766 0.469346 -0.261169 -0.436719 0.303185 1.356478
0.422535 0.285714 -0.238412 -1.114140 -0.020950 -0.078280 -0.083275 -0.311162 0.510067 0.594568 0.771236 1.031287 0.235323 1.309298
0.436620 0.357143 -0.198085 -0.858384 -0.017406 -0.060311 -0.069189 -0.239733 0.564082 0.685603 -0.207154 -0.345684 0.163979 1.289821
0.436620 0.428571 -0.198085 -0.602628 -0.017406 -0.042341 -0.069189 -0.168304 0.611809 0.776095 0.818964 1.121779 0.103696 1.180761
0.436620 0.464288 -0.198085 -0.474740 -0.017406 -0.033356 -0.069189 -0.132587 0.637339 0.816100 -0.181625 -0.305679 0.080692 1.089830
0.436620 0.428571 -0.198085 -0.602628 -0.017406 -0.042341 -0.069189 -0.168304 0.611809 0.776095 0.793434 1.081775 0.103696 1.180761
0.436620 0.357143 -0.198085 -0.858384 -0.017406 -0.060311 -0.069189 -0.239733 0.564082 0.685603 -0.229352 -0.396171 0.163979 1.289821
0.436620 0.285714 -0.198085 -1.114140 -0.017406 -0.078280 -0.069189 -0.311162 0.521795 0.579446 0.751147 0.975617 0.230715 1.351998
0.450704 0.214286 -0.157765 -1.369896 -0.013863 -0.096250 -0.055106 -0.382590 0.499051 0.443813 -0.252096 -0.531804 0.296687 1.427746
0.464789 0.178569 -0.117439 -1.497783 -0.010320 -0.105236 -0.041020 -0.418307 0.497912 0.366806 0.750007 0.898610 0.329802 1.473046
0.492958 0.107140 -0.036793 -1.753539 -0.003233 -0.123205 -0.012851 -0.489736 0.504467 0.214013 -0.245540 -0.684597 0.398877 1.544561
0.521127 0.071429 0.043853 -1.881408 0.003854 -0.132189 0.015318 -0.525447 0.526000 0.136217 0.771540 0.820814 0.434651 -1.541653
0.549296 0.035712 0.124500 -2.009295 0.010940 -0.141175 0.043487 -0.561164 0.550456 0.064922 -0.221084 -0.755892 0.472105 -1.493458
0.577465 0.035712 0.205146 -2.009295 0.018027 -0.141175 0.071656 -0.561164 0.578568 0.061763 0.799653 0.817655 0.475528 -1.443793
0.619718 0.035712 0.326112 -2.009295 0.028656 -0.141175 0.113908 -0.561164 0.620746 0.057562 -0.178907 -0.760093 0.483702 -1.370532
0.647887 0.107140 0.406758 -1.753539 0.035743 -0.123205 0.142077 -0.489736 0.656686 0.163886 0.835593 0.923979 0.423230 -1.288438
0.676056 0.321431 0.487405 -0.986252 0.042830 -0.069295 0.170246 -0.275445 0.748578 0.443816 -0.087014 -0.480163 0.250956 -1.017191
0.690141 0.428571 0.527731 -0.602628 0.046373 -0.042341 0.184331 -0.168304 0.812384 0.555711 0.899399 1.035874 0.199860 -0.739980
0.690141 0.535717 0.527731 -0.218985 0.046373 -0.015386 0.184331 -0.061159 0.873663 0.660086 -0.025735 -0.375788 0.186742 -0.320359
0.661972 0.714286 0.447085 0.420395 0.039287 0.029537 0.156162 0.117410 0.973864 0.823391 0.999600 1.199179 0.260478 0.644680
0.633803 0.785714 0.366438 0.676151 0.032200 0.047507 0.127993 0.188838 1.009482 0.892008 0.009882 -0.307171 0.307781 0.975130
0.605634 0.857143 0.285792 0.931907 0.025113 0.065477 0.099824 0.260267 1.049517 0.955672 1.039635 1.262843 0.365240 1.204554
0.591549 0.892860 0.245466 1.059795 0.021570 0.074462 0.085739 0.295984 1.071041 0.985661 0.031406 -0.277182 0.396433 1.288839
0.563380 0.928571 0.164820 1.187663 0.014483 0.083446 0.057570 0.331696 1.086113 1.025453 1.054707 1.302635 0.426664 1.398946
0.549296 0.964288 0.124500 1.315551 0.010940 0.092432 0.043487 0.367413 1.109765 1.053000 0.055058 -0.249634 0.460536 1.452986
0.535211 0.964288 0.084173 1.315551 0.007397 0.092432 0.029401 0.367413 1.102861 1.064098 1.047803 1.313733 0.459420 1.490945
0.549296 0.964288 0.124500 1.315551 0.010940 0.092432 0.043487 0.367413 1.109765 1.053000 0.061962 -0.260732 0.460536 1.452986
0.577465 0.964288 0.205146 1.315551 0.018027 0.092432 0.071656 0.367413 1.123974 1.031222 1.062013 1.291954 0.464044 1.378187
0.605634 0.964288 0.285792 1.315551 0.025113 0.092432 0.099824 0.367413 1.138703 1.009997 0.076691 -0.281957 0.469220 1.305504
0.633803 0.964288 0.366438 1.315551 0.032200 0.092432 0.127993 0.367413 1.153932 0.989323 1.077241 1.271281 0.476009 1.235579
0.661972 0.964288 0.447085 1.315551 0.039287 0.092432 0.156162 0.367413 1.169641 0.969197 0.092399 -0.302084 0.484344 1.168898
0.746479 1.000000 0.689023 1.443419 0.060546 0.101416 0.240669 0.403124 1.247891 0.929552 1.155491 1.231636 0.549678 1.032578
0.774648 1.000000 0.769670 1.443419 0.067633 0.101416 0.268838 0.403124 1.264943 0.911706 0.109451 -0.319930 0.562582 0.982641
0.816901 1.000000 0.890636 1.443419 0.078263 0.101416 0.311091 0.403124 1.291250 0.885835 1.181799 1.205765 0.583953 0.913551
0.873241 0.964288 1.051934 1.315551 0.092436 0.092432 0.367431 0.367413 1.300923 0.834907 0.119125 -0.370858 0.587544 0.785373
0.901410 0.928571 1.132581 1.187663 0.099523 0.083446 0.395600 0.331696 1.294135 0.800240 1.175010 1.171098 0.578988 0.697757
0.957748 0.821431 1.293873 0.804039 0.113696 0.056493 0.451938 0.224555 1.261757 0.708930 0.086747 -0.462168 0.551239 0.461142
0.971831 0.750003 1.334193 0.548283 0.117239 0.038523 0.466021 0.153127 1.227583 0.657271 1.140836 1.119439 0.526124 0.317469
1.000000 0.642857 1.414840 0.164640 0.124326 0.011568 0.494190 0.045981 1.188808 0.571337 0.047972 -0.548102 0.512841 0.092776
1.000000 0.571429 1.414840 -0.091116 0.124326 -0.006402 0.494190 -0.025447 1.151751 0.519146 1.103779 1.067248 0.498528 -0.051448
1.000000 0.500000 1.414840 -0.346872 0.124326 -0.024372 0.494190 -0.096876 1.118034 0.463648 0.014255 -0.603600 0.494224 -0.193575
0.985917 0.428571 1.374520 -0.602628 0.120783 -0.042341 0.480107 -0.168304 1.075037 0.410052 1.060782 1.013653 0.486280 -0.337170
0.971831 0.428571 1.334193 -0.602628 0.117239 -0.042341 0.466021 -0.168304 1.062134 0.415339 0.001352 -0.598313 0.472379 -0.346575
0.943662 0.428571 1.253547 -0.602628 0.110153 -0.042341 0.437852 -0.168304 1.036422 0.426306 1.035070 1.024620 0.444613 -0.366974
0.929579 0.500000 1.213227 -0.346872 0.106610 -0.024372 0.423769 -0.096876 1.055517 0.493489 0.020447 -0.531131 0.423809 -0.224744
0.901410 0.607146 1.132581 0.036771 0.099523 0.002584 0.395600 0.010270 1.086814 0.592754 1.066367 1.123884 0.408373 0.025954
0.901410 0.678574 1.132581 0.292527 0.099523 0.020553 0.395600 0.081698 1.128274 0.645286 0.061907 -0.478599 0.431679 0.203654
0.901410 0.785714 1.132581 0.676151 0.099523 0.047507 0.395600 0.188838 1.195779 0.716930 1.133872 1.195528 0.484609 0.445361
0.901410 0.821431 1.132581 0.804039 0.099523 0.056493 0.395600 0.224555 1.219544 0.739009 0.085673 -0.456519 0.506079 0.516280
