0.000000 0.805554 -1.494922 0.925025 -0.127831 0.069685 -0.491921 0.268161 0.805554 1.570796 0.805554 1.570796 0.583397 -0.499097
0.027397 0.805554 -1.411664 0.925025 -0.120712 0.069685 -0.464524 0.268161 0.806020 1.536799 0.000466 -0.033997 0.560489 -0.523547
0.068494 0.805554 -1.286773 0.925025 -0.110032 0.069685 -0.423427 0.268161 0.808461 1.485973 0.807995 1.519970 0.526931 -0.564554
0.109589 0.805554 -1.161888 0.925025 -0.099353 0.069685 -0.382333 0.268161 0.812974 1.435585 0.004979 -0.084385 0.494514 -0.611653
0.164383 0.805554 -0.995371 0.925025 -0.085114 0.069685 -0.327538 0.268161 0.822155 1.369498 0.817176 1.453883 0.453483 -0.686050
0.205480 0.805554 -0.870480 0.925025 -0.074435 0.069685 -0.286441 0.268161 0.831348 1.321043 0.014172 -0.132840 0.424752 -0.752449
0.232877 0.805554 -0.787221 0.925025 -0.067315 0.069685 -0.259044 0.268161 0.838540 1.289379 0.824368 1.422219 0.406780 -0.802690
0.246575 0.805554 -0.745595 0.925025 -0.063756 0.069685 -0.245347 0.268161 0.842447 1.273759 0.018079 -0.148460 0.398197 -0.829798
0.260274 0.805554 -0.703963 0.925025 -0.060196 0.069685 -0.231647 0.268161 0.846558 1.258284 0.828479 1.406745 0.389905 -0.858325
0.260274 0.749999 -0.703963 0.733386 -0.060196 0.055248 -0.231647 0.212606 0.793877 1.236767 -0.034602 -0.169977 0.346792 -0.742564
0.232877 0.694444 -0.787221 0.541748 -0.067315 0.040811 -0.259044 0.157051 0.732450 1.247238 0.767052 1.417215 0.328815 -0.545017
0.205480 0.611113 -0.870480 0.254297 -0.074435 0.019157 -0.286441 0.073720 0.644733 1.246433 -0.122319 -0.170782 0.310250 -0.251898
0.178083 0.527778 -0.953739 -0.033168 -0.081554 -0.002499 -0.313839 -0.009615 0.557012 1.245372 0.679332 1.416155 0.315880 0.030628
0.164383 0.416667 -0.995371 -0.416445 -0.085114 -0.031372 -0.327538 -0.120726 0.447921 1.195024 -0.231411 -0.221131 0.336072 0.353136
0.136986 0.333332 -1.078630 -0.703910 -0.092234 -0.053027 -0.354935 -0.204061 0.360382 1.180878 0.591793 1.402009 0.388754 0.521778
0.136986 0.277777 -1.078630 -0.895549 -0.092234 -0.067464 -0.354935 -0.259616 0.309718 1.112643 -0.282075 -0.289366 0.414532 0.631521
0.136986 0.194446 -1.078630 -1.183000 -0.092234 -0.089119 -0.354935 -0.342947 0.237853 0.957061 0.519929 1.246427 0.463110 0.768222
0.136986 0.138890 -1.078630 -1.374638 -0.092234 -0.103555 -0.354935 -0.398503 0.195079 0.792302 -0.324850 -0.454125 0.500609 0.843158
0.150685 0.083335 -1.036997 -1.566277 -0.088674 -0.117992 -0.341236 -0.454058 0.172194 0.505174 0.497044 0.959299 0.532339 0.926320
0.164383 0.055555 -0.995371 -1.662103 -0.085114 -0.125211 -0.327538 -0.481838 0.173517 0.325911 -0.323527 -0.633388 0.545616 0.973778
0.191780 0.027780 -0.912112 -1.757915 -0.077995 -0.132429 -0.300141 -0.509613 0.193782 0.143852 0.517309 0.777239 0.552731 1.038535
0.219177 0.027780 -0.828854 -1.757915 -0.070875 -0.132429 -0.272744 -0.509613 0.220931 0.126073 -0.296378 -0.651166 0.538346 1.079389
0.246575 0.027780 -0.745595 -1.757915 -0.063756 -0.132429 -0.245347 -0.509613 0.248135 0.112190 0.544513 0.763356 0.524997 1.122109
0.273972 0.055555 -0.662337 -1.662103 -0.056637 -0.125211 -0.217949 -0.481838 0.279548 0.200065 -0.264965 -0.563291 0.487768 1.146007
0.315069 0.166666 -0.537446 -1.278826 -0.045957 -0.096337 -0.176853 -0.370727 0.356435 0.486564 0.621400 1.049855 0.370227 1.125683
0.315069 0.222221 -0.537446 -1.087188 -0.045957 -0.081901 -0.176853 -0.315172 0.385552 0.614281 -0.235847 -0.435574 0.322513 1.059447
0.328768 0.250001 -0.495813 -0.991361 -0.042397 -0.074682 -0.163153 -0.287392 0.413024 0.650135 0.648872 1.085709 0.291795 1.054464
0.328768 0.305556 -0.495813 -0.799722 -0.042397 -0.060245 -0.163153 -0.231837 0.448835 0.748822 -0.200036 -0.336887 0.247691 0.957564
0.328768 0.333332 -0.495813 -0.703910 -0.042397 -0.053027 -0.163153 -0.204061 0.468187 0.792291 0.668223 1.129178 0.227529 0.896342
0.315069 0.333332 -0.537446 -0.703910 -0.045957 -0.053027 -0.176853 -0.204061 0.458670 0.813558 -0.209553 -0.315621 0.237545 0.856706
0.315069 0.305556 -0.537446 -0.799722 -0.045957 -0.060245 -0.176853 -0.231837 0.438900 0.770073 0.648452 1.085693 0.256922 0.919132
0.315069 0.250001 -0.537446 -0.991361 -0.045957 -0.074682 -0.176853 -0.287392 0.402205 0.670754 -0.246248 -0.414940 0.299670 1.019151
0.315069 0.222221 -0.537446 -1.087188 -0.045957 -0.081901 -0.176853 -0.315172 0.385552 0.614281 0.631800 1.029221 0.322513 1.059447
0.328768 0.166666 -0.495813 -1.278826 -0.042397 -0.096337 -0.163153 -0.370727 0.368600 0.469185 -0.263200 -0.560036 0.363882 1.156215
0.342466 0.111111 -0.454187 -1.470465 -0.038838 -0.110774 -0.149455 -0.426282 0.360039 0.313728 0.623239 0.873765 0.409089 1.233585
0.369863 0.083335 -0.370929 -1.566277 -0.031718 -0.117992 -0.122058 -0.454058 0.379135 0.221613 -0.244104 -0.652152 0.426428 1.308188
0.410960 0.055555 -0.246038 -1.662103 -0.021039 -0.125211 -0.080962 -0.481838 0.414698 0.134370 0.658802 0.786522 0.443813 1.404325
0.452054 0.027780 -0.121153 -1.757915 -0.010360 -0.132429 -0.039867 -0.509613 0.452907 0.061375 -0.205895 -0.725147 0.465850 1.492726
0.493151 0.000000 0.003738 -1.853742 0.000320 -0.139647 0.001230 -0.537393 0.493151 0.000000 0.699046 0.725147 0.491923 -1.568507
0.534246 0.000000 0.128623 -1.853742 0.010999 -0.139647 0.042325 -0.537393 0.534246 0.000000 -0.164800 -0.725147 0.493739 -1.492199
0.561643 0.027780 0.211881 -1.757915 0.018118 -0.132429 0.069722 -0.509613 0.562330 0.049421 0.727130 0.774568 0.469349 -1.434827
0.630137 0.194446 0.420031 -1.183000 0.035917 -0.089119 0.138216 -0.342947 0.659456 0.299307 -0.067674 -0.475261 0.328017 -1.187686
0.657534 0.333332 0.503289 -0.703910 0.043036 -0.053027 0.165613 -0.204061 0.737198 0.469186 0.804872 0.944447 0.229299 -0.889031
0.657534 0.444443 0.503289 -0.320633 0.043036 -0.024154 0.165613 -0.092950 0.793650 0.594384 -0.011222 -0.350064 0.172284 -0.511440
0.657534 0.555557 0.503289 0.062658 0.043036 0.004720 0.165613 0.018164 0.860811 0.701532 0.872033 1.051595 0.177418 0.109243
0.643835 0.694444 0.461657 0.541748 0.039476 0.040811 0.151913 0.157051 0.946982 0.823197 0.074949 -0.228399 0.253166 0.802024
0.630137 0.749999 0.420031 0.733386 0.035917 0.055248 0.138216 0.212606 0.979577 0.872029 0.904628 1.100427 0.292759 0.994348
0.602740 0.805554 0.336772 0.925025 0.028797 0.069685 0.110819 0.268161 1.006088 0.928429 0.101460 -0.171998 0.332636 1.178917
0.575343 0.833334 0.253514 1.020851 0.021678 0.076904 0.083422 0.295941 1.012652 0.966535 0.911192 1.138533 0.351457 1.296040
0.547946 0.861110 0.170255 1.116663 0.014559 0.084121 0.056024 0.323717 1.020664 1.004095 0.109471 -0.134439 0.373415 1.399428
0.520548 0.888889 0.086996 1.212490 0.007439 0.091340 0.028627 0.351496 1.030095 1.041020 0.920623 1.175459 0.397999 1.489532
0.506849 0.916665 0.045364 1.308302 0.003879 0.098558 0.014928 0.379272 1.047459 1.065709 0.126835 -0.109750 0.425006 1.531458
0.493151 0.916665 0.003738 1.308302 0.000320 0.098558 0.001230 0.379272 1.040900 1.077225 0.914064 1.186975 0.424745 1.567553
0.506849 0.916665 0.045364 1.308302 0.003879 0.098558 0.014928 0.379272 1.047459 1.065709 0.133394 -0.121267 0.425006 1.531458
0.520548 0.916665 0.086996 1.308302 0.007439 0.098558 0.028627 0.379272 1.054156 1.054335 0.920762 1.175602 0.425707 1.495460
0.561643 0.944445 0.211881 1.404128 0.018118 0.105777 0.069722 0.407052 1.098826 1.034297 0.178064 -0.141305 0.457863 1.401157
0.602740 0.944445 0.336772 1.404128 0.028797 0.105777 0.110819 0.407052 1.120389 1.002765 0.942324 1.144069 0.465895 1.304991
0.643835 0.972220 0.461657 1.499941 0.039476 0.112995 0.151913 0.434827 1.166077 0.985871 0.223752 -0.158199 0.503751 1.234687
0.726026 0.972220 0.711432 1.499941 0.060835 0.112995 0.234105 0.434827 1.213394 0.929365 0.989642 1.087564 0.534315 1.076913
0.767123 1.000000 0.836323 1.595767 0.071514 0.120213 0.275202 0.462607 1.260348 0.916426 0.270706 -0.171137 0.577824 1.034140
0.794520 1.000000 0.919582 1.595767 0.078634 0.120213 0.302599 0.462607 1.277209 0.899406 1.006503 1.070543 0.591363 0.991533
0.863014 0.972220 1.127732 1.499941 0.096433 0.112995 0.371093 0.434827 1.300002 0.844833 0.293499 -0.225710 0.606957 0.864317
0.904109 0.944445 1.252616 1.404128 0.107111 0.105777 0.412188 0.407052 1.307436 0.807215 1.013936 1.032925 0.612108 0.779129
0.958903 0.833334 1.419133 1.020851 0.121350 0.076904 0.466982 0.295941 1.270410 0.715450 0.256473 -0.317475 0.578476 0.564853
0.986300 0.777779 1.502392 0.829213 0.128470 0.062467 0.494379 0.240386 1.256076 0.667740 0.999603 0.985215 0.571074 0.452577
1.000000 0.722223 1.544024 0.637574 0.132030 0.048030 0.508079 0.184830 1.233534 0.625486 0.233931 -0.359729 0.557838 0.348900
1.000000 0.583333 1.544024 0.158470 0.132030 0.011938 0.508079 0.045940 1.157703 0.528074 0.923772 0.887803 0.516237 0.090174
0.986300 0.527778 1.502392 -0.033168 0.128470 -0.002499 0.494379 -0.009615 1.118632 0.491338 0.194860 -0.396465 0.495678 -0.019447
0.972603 0.500002 1.460766 -0.128980 0.124910 -0.009716 0.480682 -0.037391 1.093599 0.474853 0.898739 0.871318 0.480750 -0.077631
0.931506 0.444443 1.335875 -0.320633 0.114231 -0.024154 0.439585 -0.092950 1.032101 0.445179 0.133362 -0.426139 0.442141 -0.208381
0.904109 0.444443 1.252616 -0.320633 0.107111 -0.024154 0.412188 -0.092950 1.007443 0.456890 0.874081 0.883029 0.414913 -0.221795
0.876712 0.527778 1.169358 -0.033168 0.099992 -0.002499 0.384790 -0.009615 1.023315 0.541886 0.149233 -0.341142 0.386457 -0.024983
0.863014 0.555557 1.127732 0.062658 0.096433 0.004720 0.371093 0.018164 1.026371 0.571963 0.877138 0.913105 0.376510 0.048909
0.849315 0.666668 1.086099 0.445936 0.092873 0.033594 0.357393 0.129275 1.079714 0.665496 0.202576 -0.247609 0.397827 0.347074
0.849315 0.722223 1.086099 0.637574 0.092873 0.048030 0.357393 0.184830 1.114873 0.704703 0.912297 0.952313 0.425169 0.477283
0.863014 0.749999 1.127732 0.733386 0.096433 0.055248 0.371093 0.212606 1.143369 0.715448 0.231071 -0.236865 0.452011 0.520269
0.890411 0.861110 1.210990 1.116663 0.103552 0.084121 0.398490 0.323717 1.238686 0.768670 1.007614 1.005535 0.543226 0.682231
0.904109 0.888889 1.252616 1.212490 0.107111 0.091340 0.412188 0.351496 1.267887 0.776910 0.260273 -0.228625 0.572261 0.706093
