0.000000 0.966664 -1.471988 1.360240 -0.122188 0.096320 -0.489514 0.385880 0.966664 1.570796 0.966664 1.570796 0.683591 -0.667562
0.000000 0.933334 -1.471988 1.242748 -0.122188 0.088001 -0.489514 0.352550 0.933334 1.570796 -0.033331 0.000000 0.660757 -0.624157
0.028985 0.933334 -1.384827 1.242748 -0.114953 0.088001 -0.460528 0.352550 0.933784 1.539750 0.967114 1.539750 0.639580 -0.653368
0.057971 0.933334 -1.297667 1.242748 -0.107718 0.088001 -0.431543 0.352550 0.935132 1.508764 -0.031982 -0.030986 0.619036 -0.684992
0.101448 0.899998 -1.166929 1.125239 -0.096866 0.079680 -0.388066 0.319214 0.905698 1.458550 0.937680 1.489536 0.564883 -0.688357
0.130434 0.899998 -1.079769 1.125239 -0.089631 0.079680 -0.359080 0.319214 0.909401 1.426872 -0.028279 -0.062664 0.545377 -0.726691
0.159419 0.899998 -0.992608 1.125239 -0.082396 0.079680 -0.330095 0.319214 0.914008 1.395482 0.942287 1.458146 0.526745 -0.768642
0.188404 0.899998 -0.905448 1.125239 -0.075160 0.079680 -0.301109 0.319214 0.919507 1.364437 -0.022780 -0.093709 0.509082 -0.814576
0.202898 0.899998 -0.861864 1.125239 -0.071543 0.079680 -0.286616 0.319214 0.922586 1.349060 0.945366 1.442769 0.500645 -0.839154
0.217390 0.899998 -0.818287 1.125239 -0.067925 0.079680 -0.272124 0.319214 0.925881 1.333791 -0.019485 -0.108978 0.492492 -0.864864
0.231884 0.899998 -0.774704 1.125239 -0.064308 0.079680 -0.257630 0.319214 0.929390 1.318631 0.948876 1.427609 0.484634 -0.891755
0.246375 0.899998 -0.731127 1.125239 -0.060690 0.079680 -0.243139 0.319214 0.933112 1.303592 -0.015764 -0.124018 0.477089 -0.919863
0.246375 0.866667 -0.731127 1.007748 -0.060690 0.071360 -0.243139 0.285883 0.901007 1.293824 0.916771 1.417842 0.448733 -0.866023
0.217390 0.766665 -0.818287 0.655237 -0.067925 0.046398 -0.272124 0.185881 0.796890 1.294496 -0.119881 -0.123345 0.388413 -0.599277
0.202898 0.733335 -0.861864 0.537746 -0.071543 0.038078 -0.286616 0.152551 0.760886 1.300870 0.880767 1.424215 0.376294 -0.489112
0.188404 0.666668 -0.905448 0.302745 -0.075160 0.021438 -0.301109 0.085884 0.692779 1.295373 -0.187988 -0.128842 0.349357 -0.277849
0.173913 0.566666 -0.949025 -0.049765 -0.078778 -0.003524 -0.315601 -0.014118 0.592753 1.273017 0.780741 1.401859 0.324895 0.044703
0.159419 0.500000 -0.992608 -0.284766 -0.082396 -0.020165 -0.330095 -0.080784 0.524799 1.262148 -0.255941 -0.139711 0.330261 0.240012
0.159419 0.399998 -0.992608 -0.637276 -0.082396 -0.045126 -0.330095 -0.180786 0.430596 1.191541 0.686537 1.331252 0.342017 0.501059
0.159419 0.333332 -0.992608 -0.872277 -0.082396 -0.061767 -0.330095 -0.247452 0.369492 1.124692 -0.317045 -0.206560 0.365179 0.643271
0.159419 0.233335 -0.992608 -1.224769 -0.082396 -0.086727 -0.330095 -0.347449 0.282594 0.971421 0.599639 1.177981 0.417840 0.811006
0.173913 0.166668 -0.949025 -1.459770 -0.078778 -0.103368 -0.315601 -0.414116 0.240882 0.764130 -0.358758 -0.413851 0.451479 0.919591
0.188404 0.100002 -0.905448 -1.694771 -0.075160 -0.120009 -0.301109 -0.480782 0.213299 0.487970 0.572057 0.901821 0.492328 1.011269
0.217390 0.066666 -0.818287 -1.812280 -0.067925 -0.128330 -0.272124 -0.514118 0.227382 0.297562 -0.344675 -0.604259 0.502843 1.083982
0.231884 0.033336 -0.774704 -1.929772 -0.064308 -0.136650 -0.257630 -0.547448 0.234268 0.142782 0.578942 0.747041 0.523901 1.130943
0.260869 0.000000 -0.687543 -2.047281 -0.057072 -0.144971 -0.228645 -0.580784 0.260869 0.000000 -0.318073 -0.747041 0.540280 1.195748
0.289855 0.000000 -0.600383 -2.047281 -0.049837 -0.144971 -0.199659 -0.580784 0.289855 0.000000 0.607928 0.747041 0.528666 1.239678
0.333332 0.000000 -0.469646 -2.047281 -0.038985 -0.144971 -0.156182 -0.580784 0.333332 0.000000 -0.274596 -0.747041 0.513826 1.308095
0.347826 0.066666 -0.426062 -1.812280 -0.035367 -0.128330 -0.141688 -0.514118 0.354157 0.189369 0.628753 0.936410 0.445955 1.301877
0.376811 0.133333 -0.338902 -1.577279 -0.028132 -0.111689 -0.112703 -0.447451 0.399705 0.340096 -0.229048 -0.596314 0.373587 1.324052
0.391305 0.166668 -0.295318 -1.459770 -0.024514 -0.103368 -0.098209 -0.414116 0.425321 0.402658 0.654369 0.998972 0.337453 1.337945
0.391305 0.233335 -0.295318 -1.224769 -0.024514 -0.086727 -0.098209 -0.347449 0.455593 0.537694 -0.198776 -0.461278 0.274359 1.295326
0.405797 0.300001 -0.251741 -0.989768 -0.020897 -0.070087 -0.083717 -0.280783 0.504650 0.636611 0.703426 1.097889 0.207180 1.281032
0.405797 0.333332 -0.251741 -0.872277 -0.020897 -0.061767 -0.083717 -0.247452 0.525148 0.687669 -0.178277 -0.410220 0.177205 1.244567
0.405797 0.399998 -0.251741 -0.637276 -0.020897 -0.045126 -0.083717 -0.180786 0.569798 0.778202 0.748075 1.188422 0.122563 1.137123
0.405797 0.433334 -0.251741 -0.519767 -0.020897 -0.036805 -0.083717 -0.147450 0.593674 0.818203 -0.154401 -0.370219 0.100821 1.054415
0.405797 0.399998 -0.251741 -0.637276 -0.020897 -0.045126 -0.083717 -0.180786 0.569798 0.778202 0.724198 1.148422 0.122563 1.137123
0.405797 0.366667 -0.251741 -0.754768 -0.020897 -0.053446 -0.083717 -0.214117 0.546915 0.734786 -0.177284 -0.413635 0.148660 1.198082
0.405797 0.333332 -0.251741 -0.872277 -0.020897 -0.061767 -0.083717 -0.247452 0.525148 0.687669 0.702432 1.101305 0.177205 1.244567
0.405797 0.266665 -0.251741 -1.107278 -0.020897 -0.078408 -0.083717 -0.314119 0.485573 0.581378 -0.216859 -0.519926 0.238055 1.310336
0.420290 0.233335 -0.208158 -1.224769 -0.017279 -0.086727 -0.069223 -0.347449 0.480717 0.506807 0.697576 1.026734 0.265367 1.374138
0.434782 0.166668 -0.164581 -1.459770 -0.013662 -0.103368 -0.054732 -0.414116 0.465633 0.366060 -0.231943 -0.660673 0.327452 1.439392
0.463768 0.133333 -0.077420 -1.577279 -0.006427 -0.111689 -0.025746 -0.447451 0.482554 0.279949 0.714497 0.940622 0.357111 1.513320
0.478261 0.100002 -0.033837 -1.694771 -0.002809 -0.120009 -0.011253 -0.480782 0.488605 0.206125 -0.225893 -0.734497 0.389674 1.547396
0.507247 0.066666 0.053324 -1.812280 0.004426 -0.128330 0.017733 -0.514118 0.511609 0.130679 0.737502 0.865176 0.423219 -1.536318
0.536232 0.066666 0.140484 -1.812280 0.011661 -0.128330 0.046718 -0.514118 0.540361 0.123689 -0.197141 -0.741487 0.425421 -1.480174
0.565218 0.066666 0.227645 -1.812280 0.018897 -0.128330 0.075704 -0.514118 0.569136 0.117406 0.766277 0.858893 0.429571 -1.424597
0.594203 0.100002 0.314805 -1.694771 0.026132 -0.120009 0.104689 -0.480782 0.602560 0.166734 -0.163717 -0.692159 0.403335 -1.356395
0.623189 0.166668 0.401966 -1.459770 0.033367 -0.103368 0.133675 -0.414116 0.645091 0.261328 0.808809 0.953487 0.349426 -1.258559
0.652174 0.366667 0.489126 -0.754768 0.040602 -0.053446 0.162660 -0.214117 0.748182 0.512179 -0.060627 -0.441308 0.203837 -0.921128
0.652174 0.466669 0.489126 -0.402257 0.040602 -0.028484 0.162660 -0.114115 0.801942 0.621092 0.862569 1.062401 0.164257 -0.611767
0.652174 0.566666 0.489126 -0.049765 0.040602 -0.003524 0.162660 -0.014118 0.863969 0.715358 0.001400 -0.347043 0.180030 -0.086575
0.652174 0.633333 0.489126 0.185236 0.040602 0.013117 0.162660 0.052549 0.909088 0.770742 0.907688 1.117785 0.217123 0.312474
0.623189 0.766665 0.401966 0.655237 0.033367 0.046398 0.133675 0.185881 0.987998 0.888265 0.080310 -0.229520 0.307704 0.947339
0.594203 0.800001 0.314805 0.772747 0.026132 0.054719 0.104689 0.219217 0.996534 0.931949 0.916224 1.161469 0.327662 1.125261
0.565218 0.833332 0.227645 0.890238 0.018897 0.063039 0.075704 0.252548 1.006932 0.974809 0.090708 -0.186661 0.352054 1.279559
0.536232 0.866667 0.140484 1.007748 0.011661 0.071360 0.046718 0.285883 1.019145 1.016719 0.928437 1.203380 0.380036 1.408810
0.507247 0.899998 0.053324 1.125239 0.004426 0.079680 0.017733 0.319214 1.033100 1.057565 0.104663 -0.145815 0.410867 1.515301
0.492753 0.899998 0.009740 1.125239 0.000809 0.079680 0.003239 0.319214 1.026061 1.069871 0.921398 1.215686 0.410497 1.560649
0.478261 0.899998 -0.033837 1.125239 -0.002809 0.079680 -0.011253 0.319214 1.019181 1.082343 0.097783 -0.133343 0.410638 -1.535560
0.507247 0.899998 0.053324 1.125239 0.004426 0.079680 0.017733 0.319214 1.033100 1.057565 0.935317 1.190908 0.410867 1.515301
0.521739 0.899998 0.096901 1.125239 0.008044 0.079680 0.032225 0.319214 1.040292 1.045429 0.104975 -0.145479 0.411747 1.470187
0.550724 0.899998 0.184061 1.125239 0.015279 0.079680 0.061210 0.319214 1.055127 1.021660 0.950152 1.167139 0.415023 1.381344
0.637680 0.933334 0.445542 1.242748 0.036984 0.088001 0.148167 0.352550 1.130375 0.971415 0.180223 -0.195724 0.467899 1.172938
0.681160 0.933334 0.576286 1.242748 0.047837 0.088001 0.191646 0.352550 1.155461 0.940340 0.975238 1.136064 0.483429 1.072880
0.724637 0.933334 0.707024 1.242748 0.058689 0.088001 0.235123 0.352550 1.181613 0.910614 0.206375 -0.225450 0.502254 0.982617
0.753622 0.966664 0.794184 1.360240 0.065925 0.096320 0.264108 0.385880 1.225719 0.908612 1.019344 1.134061 0.545368 0.970596
0.797102 0.966664 0.924928 1.360240 0.076778 0.096320 0.307588 0.385880 1.252921 0.881240 0.233577 -0.252821 0.567699 0.897822
0.869566 0.933334 1.142833 1.242748 0.094866 0.088001 0.380052 0.352550 1.275640 0.820753 1.042063 1.073574 0.584308 0.747875
0.898552 0.899998 1.229993 1.125239 0.102101 0.079680 0.409038 0.319214 1.271767 0.786202 0.229705 -0.287372 0.579490 0.662676
0.956523 0.833332 1.404314 0.890238 0.116571 0.063039 0.467009 0.252548 1.268612 0.716679 1.038908 1.004051 0.579921 0.495735
0.971015 0.766665 1.447891 0.655237 0.120188 0.046398 0.481501 0.185881 1.237192 0.668337 0.198284 -0.335714 0.555568 0.368419
0.985508 0.733335 1.491474 0.537746 0.123806 0.038078 0.495994 0.152551 1.228416 0.639726 1.030132 0.975440 0.552683 0.298383
1.000000 0.633333 1.535051 0.185236 0.127423 0.013117 0.510486 0.052549 1.183685 0.564569 0.153553 -0.410871 0.530358 0.102577
0.985508 0.600002 1.491474 0.067744 0.123806 0.004797 0.495994 0.019218 1.153789 0.546883 1.000236 0.957754 0.508152 0.038727
0.956523 0.566666 1.404314 -0.049765 0.116571 -0.003524 0.467009 -0.014118 1.111776 0.534830 0.111541 -0.422924 0.473339 -0.030221
0.942029 0.566666 1.360731 -0.049765 0.112953 -0.003524 0.452515 -0.014118 1.099331 0.541550 0.987791 0.964474 0.459045 -0.031188
0.913044 0.600002 1.273570 0.067744 0.105718 0.004797 0.423530 0.019218 1.092543 0.581382 0.104752 -0.383092 0.437704 0.045345
0.898552 0.633333 1.229993 0.185236 0.102101 0.013117 0.409038 0.052549 1.099321 0.613965 0.994568 0.997057 0.433585 0.127769
0.898552 0.699999 1.229993 0.420237 0.102101 0.029757 0.409038 0.119215 1.139032 0.661823 0.144464 -0.335234 0.460017 0.283596
0.884058 0.800001 1.186410 0.772747 0.098483 0.054719 0.394544 0.219217 1.192292 0.735526 1.047828 1.070760 0.502063 0.507149
0.884058 0.866667 1.186410 1.007748 0.098483 0.071360 0.394544 0.285883 1.238011 0.775465 0.190183 -0.295295 0.545811 0.627040
0.884058 0.899998 1.186410 1.125239 0.098483 0.079680 0.394544 0.319214 1.261569 0.794333 1.071386 1.089628 0.569352 0.680247
0.898552 0.966664 1.229993 1.360240 0.102101 0.096320 0.409038 0.385880 1.319786 0.821899 0.248400 -0.267729 0.628478 0.756274
0.898552 1.000000 1.229993 1.477749 0.102101 0.104641 0.409038 0.419216 1.344394 0.838782 1.095994 1.106511 0.654147 0.797686
