0.000000 0.615385 -1.423090 0.411819 -0.135877 0.035784 -0.469262 0.123582 0.615385 1.570796 0.615385 1.570796 0.491486 -0.257507
0.035714 0.615385 -1.314782 0.411819 -0.125536 0.035784 -0.433547 0.123582 0.616420 1.512826 0.001035 -0.057971 0.457510 -0.277683
0.053570 0.615385 -1.260633 0.411819 -0.120366 0.035784 -0.415692 0.123582 0.617712 1.483964 0.616676 1.541935 0.440626 -0.288970
0.089284 0.615385 -1.152325 0.411819 -0.110024 0.035784 -0.379978 0.123582 0.621828 1.426715 0.005151 -0.115220 0.407105 -0.314444
0.124998 0.615385 -1.044018 0.411819 -0.099683 0.035784 -0.344263 0.123582 0.627951 1.370400 0.622800 1.485620 0.373991 -0.344647
0.178571 0.615385 -0.881553 0.411819 -0.084171 0.035784 -0.290691 0.123582 0.640770 1.288375 0.017970 -0.197245 0.325351 -0.401982
0.214285 0.692308 -0.773246 0.668154 -0.073830 0.058057 -0.254976 0.200505 0.724712 1.270626 0.706743 1.467871 0.338766 -0.666372
0.232141 0.692308 -0.719096 0.668154 -0.068659 0.058057 -0.237121 0.200505 0.730191 1.247264 0.023449 -0.220607 0.325539 -0.701923
0.232141 0.653843 -0.719096 0.539977 -0.068659 0.046920 -0.237121 0.162040 0.693830 1.229638 0.670381 1.450245 0.300494 -0.599475
0.214285 0.615385 -0.773246 0.411819 -0.073830 0.035784 -0.254976 0.123582 0.651626 1.235714 -0.018756 -0.214531 0.293879 -0.451316
0.196427 0.538462 -0.827403 0.155483 -0.079001 0.013510 -0.272835 0.046659 0.573170 1.221005 0.591926 1.435536 0.281474 -0.169376
0.142857 0.423074 -0.989860 -0.229029 -0.094512 -0.019901 -0.326405 -0.068729 0.446542 1.245153 -0.145384 -0.190383 0.329657 0.207532
0.142857 0.346151 -0.989860 -0.485365 -0.094512 -0.042174 -0.326405 -0.145652 0.374471 1.179389 0.519855 1.369772 0.348850 0.419715
0.107143 0.230769 -1.098168 -0.869859 -0.104853 -0.075584 -0.362119 -0.261034 0.254429 1.136127 -0.265426 -0.233645 0.433600 0.624583
0.107143 0.153846 -1.098168 -1.126194 -0.104853 -0.097857 -0.362119 -0.337957 0.187478 0.962473 0.452905 1.196117 0.480226 0.750898
0.107143 0.115382 -1.098168 -1.254371 -0.104853 -0.108995 -0.362119 -0.376421 0.157456 0.822407 -0.295448 -0.373710 0.506321 0.804761
0.142857 0.038459 -0.989860 -1.510707 -0.094512 -0.131268 -0.326405 -0.453344 0.147943 0.262976 0.443391 0.636687 0.540492 0.946778
0.160713 0.000000 -0.935711 -1.638865 -0.089342 -0.142404 -0.308549 -0.491803 0.160713 0.000000 -0.282679 -0.636687 0.561613 1.010485
0.232141 0.000000 -0.719096 -1.638865 -0.068659 -0.142404 -0.237121 -0.491803 0.232141 0.000000 0.514820 0.636687 0.525769 1.121534
0.249999 0.000000 -0.664938 -1.638865 -0.063488 -0.142404 -0.219262 -0.491803 0.249999 0.000000 -0.264820 -0.636687 0.517960 1.151413
0.285714 0.000000 -0.556631 -1.638865 -0.053147 -0.142404 -0.183548 -0.491803 0.285714 0.000000 0.550534 0.636687 0.503881 1.213592
0.321428 0.038459 -0.448323 -1.510707 -0.042806 -0.131268 -0.147834 -0.453344 0.323720 0.119083 -0.226814 -0.517603 0.455462 1.255573
0.339286 0.076923 -0.394166 -1.382530 -0.037635 -0.120130 -0.129975 -0.414880 0.347897 0.222951 0.574711 0.740555 0.413308 1.267197
0.357142 0.153846 -0.340016 -1.126194 -0.032465 -0.097857 -0.112120 -0.337957 0.388869 0.406748 -0.185842 -0.333807 0.334750 1.250465
0.357142 0.192305 -0.340016 -0.998036 -0.032465 -0.086721 -0.112120 -0.299498 0.405625 0.493936 0.591467 0.827743 0.298791 1.212588
0.375000 0.230769 -0.285858 -0.869859 -0.027294 -0.075584 -0.094261 -0.261034 0.440318 0.551655 -0.151149 -0.276088 0.256445 1.224260
0.375000 0.192305 -0.285858 -0.998036 -0.027294 -0.086721 -0.094261 -0.299498 0.421434 0.473845 0.572583 0.749933 0.292558 1.265880
0.375000 0.153846 -0.285858 -1.126194 -0.027294 -0.097857 -0.094261 -0.337957 0.405332 0.389316 -0.167251 -0.360617 0.329199 1.298794
0.375000 0.115382 -0.285858 -1.254371 -0.027294 -0.108995 -0.094261 -0.376421 0.392350 0.298492 0.559600 0.659108 0.366219 1.325428
0.392856 0.076923 -0.231709 -1.382530 -0.022124 -0.120130 -0.076406 -0.414880 0.400316 0.193358 -0.159284 -0.465750 0.399709 1.388674
0.410715 0.076923 -0.177551 -1.382530 -0.016953 -0.120130 -0.058547 -0.414880 0.417856 0.185146 0.577140 0.650896 0.396683 1.430604
0.464284 0.076923 -0.015094 -1.382530 -0.001441 -0.120130 -0.004977 -0.414880 0.470614 0.164189 -0.106526 -0.486706 0.392370 1.558800
0.535713 0.076923 0.201521 -1.382530 0.019241 -0.120130 0.066451 -0.414880 0.541207 0.142615 0.647734 0.629322 0.397926 -1.411976
0.589285 0.115382 0.363986 -1.254371 0.034753 -0.108995 0.120024 -0.376421 0.600475 0.193353 -0.047259 -0.435968 0.373680 -1.262132
0.607141 0.153846 0.418136 -1.126194 0.039924 -0.097857 0.137880 -0.337957 0.626330 0.248171 0.673589 0.684139 0.344235 -1.183430
0.625000 0.269228 0.472294 -0.741700 0.045095 -0.064448 0.155738 -0.222575 0.680521 0.406743 0.006932 -0.277396 0.253511 -0.960265
0.625000 0.423074 0.472294 -0.229029 0.045095 -0.019901 0.155738 -0.068729 0.754729 0.595067 0.747797 0.872462 0.162443 -0.415605
0.607141 0.499997 0.418136 0.027306 0.039924 0.002373 0.137880 0.008194 0.786522 0.688923 0.038725 -0.183540 0.141264 0.059360
0.571427 0.615385 0.309828 0.411819 0.029582 0.035784 0.102165 0.123582 0.839778 0.822420 0.801053 1.005959 0.178297 0.879984
0.535713 0.730766 0.201521 0.796313 0.019241 0.069193 0.066451 0.238963 0.906095 0.938210 0.105042 -0.067749 0.269816 1.299568
0.517857 0.769231 0.147371 0.924490 0.014071 0.080331 0.048595 0.277428 0.927304 0.978274 0.822262 1.046024 0.303880 1.397391
0.482143 0.807695 0.039064 1.052667 0.003730 0.091468 0.012881 0.315892 0.940656 1.032632 0.118394 -0.013391 0.338679 1.530041
0.482143 0.846154 0.039064 1.180825 0.003730 0.102604 0.012881 0.354351 0.973878 1.052875 0.855484 1.066266 0.377112 1.534461
0.464284 0.846154 -0.015094 1.180825 -0.001441 0.102604 -0.004977 0.354351 0.965161 1.068952 0.109678 0.002686 0.376925 -1.556751
0.499999 0.884618 0.093214 1.309003 0.008900 0.113742 0.030737 0.392815 1.016144 1.056348 0.906466 1.053662 0.416492 1.492707
0.535713 0.884618 0.201521 1.309003 0.019241 0.113742 0.066451 0.392815 1.034185 1.026279 0.127718 -0.027383 0.420639 1.403216
0.642855 0.884618 0.526443 1.309003 0.050265 0.113742 0.173594 0.392815 1.093532 0.942372 0.965814 0.969755 0.450173 1.154680
0.732142 0.923077 0.797216 1.437161 0.076118 0.124878 0.262881 0.431274 1.178178 0.900244 0.212364 -0.069511 0.524456 1.023389
0.821429 0.923077 1.067988 1.437161 0.101972 0.124878 0.352167 0.431274 1.235644 0.843600 1.023280 0.913111 0.574430 0.886030
0.892857 0.961541 1.284603 1.565338 0.122654 0.136015 0.423596 0.469738 1.312157 0.822420 0.288877 -0.090691 0.649440 0.837004
0.964286 0.961541 1.501218 1.565338 0.143337 0.136015 0.495024 0.469738 1.361767 0.783973 1.072890 0.874665 0.698132 0.759195
0.982142 0.923077 1.555367 1.437161 0.148507 0.124878 0.512880 0.431274 1.347840 0.754407 0.274950 -0.120258 0.684831 0.699180
1.000000 0.884618 1.609525 1.309003 0.153678 0.113742 0.530738 0.392815 1.335122 0.724252 1.060171 0.844510 0.673947 0.637154
1.000000 0.769231 1.609525 0.924490 0.153678 0.080331 0.530738 0.277428 1.261632 0.655696 0.201461 -0.188814 0.609643 0.481658
0.982142 0.692308 1.555367 0.668154 0.148507 0.058057 0.512880 0.200505 1.201621 0.614004 1.000159 0.802818 0.559281 0.372671
0.964286 0.653843 1.501218 0.539977 0.143337 0.046920 0.495024 0.162040 1.165057 0.595849 0.164898 -0.206970 0.528317 0.316345
0.928572 0.615385 1.392910 0.411819 0.132995 0.035784 0.459310 0.123582 1.113976 0.585267 0.949079 0.792236 0.481993 0.262835
0.892857 0.653843 1.284603 0.539977 0.122654 0.046920 0.423596 0.162040 1.106664 0.632079 0.157585 -0.160157 0.462065 0.365361
0.892857 0.769231 1.284603 0.924490 0.122654 0.080331 0.423596 0.277428 1.178520 0.711155 1.020935 0.871312 0.519052 0.579837
0.910713 0.884618 1.338753 1.309003 0.127824 0.113742 0.441452 0.392815 1.269625 0.770864 0.248690 -0.100447 0.606136 0.727166
0.946427 1.000000 1.447060 1.693496 0.138166 0.147151 0.477166 0.508197 1.376853 0.812915 1.128163 0.913362 0.713702 0.816880
