0.000000 0.545455 -1.718781 0.246753 -0.147433 0.020238 -0.519697 0.071338 0.545455 1.570796 0.545455 1.570796 0.520335 -0.136416
0.036363 0.545455 -1.598517 0.246753 -0.137117 0.020238 -0.483333 0.071338 0.546665 1.504228 0.001211 -0.066568 0.484019 -0.146538
0.072727 0.545455 -1.478253 0.246753 -0.126801 0.020238 -0.446970 0.071338 0.550282 1.438245 0.549071 1.504813 0.447711 -0.158269
0.109090 0.545455 -1.357989 0.246753 -0.116485 0.020238 -0.410606 0.071338 0.556257 1.373402 0.007186 -0.131412 0.411413 -0.172021
0.145454 0.545455 -1.237725 0.246753 -0.106169 0.020238 -0.374243 0.071338 0.564515 1.310195 0.557330 1.441607 0.375128 -0.188360
0.181817 0.545455 -1.117460 0.246753 -0.095853 0.020238 -0.337879 0.071338 0.574959 1.249047 0.017630 -0.192560 0.338860 -0.208078
0.200001 0.545455 -1.057324 0.246753 -0.090695 0.020238 -0.319696 0.071338 0.580965 1.219351 0.563336 1.411910 0.320732 -0.219546
0.218181 0.545455 -0.997196 0.246753 -0.085537 0.020238 -0.301516 0.071338 0.587472 1.190291 0.024136 -0.221619 0.302614 -0.232325
0.218181 0.500003 -0.997196 0.089540 -0.085537 0.007344 -0.301516 0.025887 0.545533 1.159344 0.521397 1.380963 0.302158 -0.085645
0.218181 0.454545 -0.997196 -0.067696 -0.085537 -0.005552 -0.301516 -0.019571 0.504197 1.123278 -0.017200 -0.257685 0.308474 0.064819
0.200001 0.409094 -1.057324 -0.224908 -0.090695 -0.018446 -0.319696 -0.065022 0.455366 1.116079 0.472566 1.373764 0.338287 0.200651
0.181817 0.318185 -1.117460 -0.539356 -0.095853 -0.044236 -0.337879 -0.155931 0.366469 1.051657 -0.106097 -0.322108 0.393407 0.432377
0.181817 0.272727 -1.117460 -0.696592 -0.095853 -0.057132 -0.337879 -0.201389 0.327777 0.982796 0.433874 1.304903 0.418517 0.537502
0.163637 0.181818 -1.177588 -1.011040 -0.101011 -0.082922 -0.356060 -0.292299 0.244612 0.837979 -0.189262 -0.466924 0.490857 0.687371
0.163637 0.136360 -1.177588 -1.168276 -0.101011 -0.095818 -0.356060 -0.337756 0.213005 0.694724 0.402267 1.161648 0.523188 0.759024
0.181817 0.090909 -1.117460 -1.325488 -0.095853 -0.108712 -0.337879 -0.383208 0.203278 0.463649 -0.198989 -0.697999 0.545913 0.848177
0.218181 0.045451 -0.997196 -1.482724 -0.085537 -0.121608 -0.301516 -0.428666 0.222865 0.205381 0.421854 0.903380 0.561979 0.957804
0.236364 0.045451 -0.937060 -1.482724 -0.080379 -0.121608 -0.283333 -0.428666 0.240694 0.189974 -0.181160 -0.713406 0.552437 0.986752
0.272728 0.045451 -0.816795 -1.482724 -0.070063 -0.121608 -0.246969 -0.428666 0.276489 0.165136 0.457649 0.878542 0.534698 1.048110
0.309091 0.045451 -0.696531 -1.482724 -0.059747 -0.121608 -0.210606 -0.428666 0.312415 0.146001 -0.145234 -0.732541 0.518906 1.114129
0.327271 0.090909 -0.636404 -1.325488 -0.054589 -0.108712 -0.192425 -0.383208 0.339663 0.270948 0.484897 1.003489 0.469985 1.105435
0.345454 0.136360 -0.576267 -1.168276 -0.049431 -0.095818 -0.174242 -0.337756 0.371393 0.375952 -0.113504 -0.627536 0.421078 1.094525
0.363635 0.181818 -0.516140 -1.011040 -0.044273 -0.082922 -0.156062 -0.292299 0.406556 0.463649 0.520060 1.091186 0.372179 1.080388
0.381818 0.227269 -0.456003 -0.853828 -0.039115 -0.070028 -0.137879 -0.246847 0.444338 0.536904 -0.075722 -0.554281 0.323302 1.061406
0.381818 0.272727 -0.456003 -0.696592 -0.039115 -0.057132 -0.137879 -0.201389 0.469218 0.620250 0.544940 1.174531 0.282850 0.970456
0.381818 0.318185 -0.456003 -0.539356 -0.039115 -0.044236 -0.137879 -0.155931 0.497018 0.694744 -0.047922 -0.479787 0.244167 0.846765
0.381818 0.272727 -0.456003 -0.696592 -0.039115 -0.057132 -0.137879 -0.201389 0.469218 0.620250 0.517139 1.100037 0.282850 0.970456
0.381818 0.227269 -0.456003 -0.853828 -0.039115 -0.070028 -0.137879 -0.246847 0.444338 0.536904 -0.072801 -0.563133 0.323302 1.061406
0.400001 0.136360 -0.395866 -1.168276 -0.033956 -0.095818 -0.119695 -0.337756 0.422605 0.328545 0.495406 0.891677 0.401589 1.230221
0.418181 0.090909 -0.335739 -1.325488 -0.028799 -0.108712 -0.101515 -0.383208 0.427949 0.214061 -0.067457 -0.677616 0.440640 1.311836
0.472728 0.000000 -0.155338 -1.639937 -0.013324 -0.134502 -0.046969 -0.474117 0.472728 0.000000 0.540185 0.677616 0.521815 1.472053
0.490908 0.000000 -0.095210 -1.639937 -0.008167 -0.134502 -0.028788 -0.474117 0.490908 0.000000 -0.049277 -0.677616 0.520493 1.510151
0.527272 0.000000 0.025054 -1.639937 0.002149 -0.134502 0.007575 -0.474117 0.527272 0.000000 0.576549 0.677616 0.519752 -1.554820
0.545455 0.000000 0.085190 -1.639937 0.007307 -0.134502 0.025758 -0.474117 0.545455 0.000000 -0.031094 -0.677616 0.520335 -1.516520
0.581819 0.045451 0.205455 -1.482724 0.017623 -0.121608 0.062122 -0.428666 0.583591 0.077961 0.614685 0.755577 0.478297 -1.426879
0.599999 0.136360 0.265582 -1.168276 0.022781 -0.095818 0.080302 -0.337756 0.615299 0.223472 0.000614 -0.532106 0.391657 -1.337378
0.599999 0.227269 0.265582 -0.853828 0.022781 -0.070028 0.080302 -0.246847 0.641600 0.362083 0.640986 0.894189 0.303253 -1.256283
0.618182 0.318185 0.325719 -0.539356 0.027939 -0.044236 0.098485 -0.155931 0.695263 0.475347 0.054278 -0.418841 0.224290 -1.007469
0.618182 0.454545 0.325719 -0.067696 0.027939 -0.005552 0.098485 -0.019571 0.767307 0.634023 0.713030 1.052864 0.118085 -0.196166
0.599999 0.545455 0.265582 0.246753 0.022781 0.020238 0.080302 0.071338 0.810876 0.737816 0.097846 -0.315048 0.084332 0.726350
0.581819 0.636364 0.205455 0.561201 0.017623 0.046028 0.062122 0.162247 0.862248 0.830144 0.764402 1.145192 0.132175 1.205131
0.509092 0.772731 -0.035074 1.032885 -0.003009 0.084714 -0.010605 0.298614 0.925358 0.988245 0.160956 -0.156947 0.253256 -1.535297
0.490908 0.772731 -0.095210 1.032885 -0.008167 0.084714 -0.028788 0.298614 0.915480 1.004831 0.754524 1.161779 0.254666 -1.474687
0.472728 0.818182 -0.155338 1.190097 -0.013324 0.097608 -0.046969 0.344065 0.944930 1.046876 0.190406 -0.114902 0.302158 -1.435124
0.454545 0.863640 -0.215475 1.347333 -0.018483 0.110504 -0.065152 0.389523 0.975953 1.086320 0.785547 1.201223 0.350060 -1.405070
0.436365 0.863640 -0.275602 1.347333 -0.023640 0.110504 -0.083332 0.389523 0.967620 1.102948 0.182072 -0.098275 0.353894 -1.360040
0.454545 0.863640 -0.215475 1.347333 -0.018483 0.110504 -0.065152 0.389523 0.975953 1.086320 0.793881 1.184596 0.350060 -1.405070
0.472728 0.863640 -0.155338 1.347333 -0.013324 0.110504 -0.046969 0.389523 0.984553 1.069977 0.190672 -0.114619 0.347135 -1.450796
0.509092 0.863640 -0.035074 1.347333 -0.003009 0.110504 -0.010605 0.389523 1.002521 1.038154 0.811848 1.152773 0.344107 -1.543577
0.563635 0.863640 0.145318 1.347333 0.012465 0.110504 0.043939 0.389523 1.031290 0.992576 0.219441 -0.160197 0.346738 1.458470
0.636362 0.909091 0.385846 1.504546 0.033097 0.123398 0.116666 0.434974 1.109686 0.960071 0.890245 1.120268 0.406496 1.308751
0.763636 0.954549 0.806775 1.661782 0.069203 0.136294 0.243939 0.480432 1.222417 0.896057 0.332172 -0.224211 0.498601 1.100968
0.836363 0.954549 1.047304 1.661782 0.089835 0.136294 0.316666 0.480432 1.269120 0.851295 0.936948 1.075505 0.537935 0.988031
0.872726 1.000000 1.167568 1.818994 0.100151 0.149188 0.353030 0.525883 1.327272 0.853255 0.390324 -0.222250 0.596088 0.979587
0.963637 1.000000 1.468233 1.818994 0.125941 0.149188 0.443940 0.525883 1.388739 0.803914 0.998415 1.026164 0.654044 0.869691
0.981817 0.954549 1.528360 1.661782 0.131099 0.136294 0.462120 0.480432 1.369353 0.771317 0.370939 -0.254847 0.634548 0.804824
1.000000 0.909091 1.588497 1.504546 0.136257 0.123398 0.480303 0.434974 1.351461 0.737815 0.980522 0.992662 0.618320 0.735914
1.000000 0.818182 1.588497 1.190097 0.136257 0.097608 0.480303 0.344065 1.292061 0.685730 0.311539 -0.306933 0.565495 0.621615
1.000000 0.681822 1.588497 0.718437 0.136257 0.058924 0.480303 0.207705 1.210323 0.598421 0.898784 0.905354 0.506928 0.408160
0.981817 0.590913 1.528360 0.403989 0.131099 0.033134 0.462120 0.116796 1.145924 0.541783 0.247140 -0.363571 0.467576 0.247555
0.945453 0.545455 1.408096 0.246753 0.120783 0.020238 0.425757 0.071338 1.091514 0.523279 0.844374 0.886850 0.426535 0.166013
0.909090 0.500003 1.287832 0.089540 0.110467 0.007344 0.389393 0.025887 1.037520 0.502847 0.193146 -0.384003 0.389891 0.066382
0.890907 0.454545 1.227695 -0.067696 0.105309 -0.005552 0.371210 -0.019571 1.000163 0.471779 0.807017 0.855782 0.376884 -0.052674
0.836363 0.409094 1.047304 -0.224908 0.089835 -0.018446 0.316666 -0.065022 0.931054 0.454918 0.124037 -0.400864 0.335426 -0.202519
0.818180 0.454545 0.987167 -0.067696 0.084677 -0.005552 0.298483 -0.019571 0.935965 0.507100 0.811928 0.907963 0.305511 -0.065475
0.799999 0.545455 0.927040 0.246753 0.079519 0.020238 0.280303 0.071338 0.968256 0.598419 0.156328 -0.309544 0.281484 0.249212
0.799999 0.590913 0.927040 0.403989 0.079519 0.033134 0.280303 0.116796 0.994574 0.636192 0.838245 0.945736 0.289208 0.394800
0.836363 0.636364 1.047304 0.561201 0.089835 0.046028 0.316666 0.162247 1.050934 0.650422 0.212688 -0.295314 0.337474 0.473486
0.854543 0.681822 1.107431 0.718437 0.094993 0.058924 0.334847 0.207705 1.093218 0.673446 0.880529 0.968760 0.372031 0.555211
0.909090 0.636364 1.287832 0.561201 0.110467 0.046028 0.389393 0.162247 1.109686 0.610726 0.229157 -0.358034 0.406495 0.394791
0.945453 0.590913 1.408096 0.403989 0.120783 0.033134 0.425757 0.116796 1.114926 0.558602 0.885769 0.916636 0.431672 0.267739
0.963637 0.545455 1.468233 0.246753 0.125941 0.020238 0.443940 0.071338 1.107301 0.515073 0.221532 -0.401563 0.444687 0.159330
