0.000000 0.875000 -1.284674 1.213760 -0.130308 0.105594 -0.450584 0.365130 0.875000 1.570796 0.875000 1.570796 0.618995 -0.681018
0.016665 0.875000 -1.237159 1.213760 -0.125488 0.105594 -0.433919 0.365130 0.875159 1.551752 0.000159 -0.019044 0.606971 -0.699521
0.049999 0.875000 -1.142121 1.213760 -0.115848 0.105594 -0.400585 0.365130 0.876427 1.513717 0.876269 1.532761 0.583607 -0.739127
0.083332 0.875000 -1.047084 1.213760 -0.106208 0.105594 -0.367252 0.365130 0.878959 1.475846 0.002691 -0.056915 0.561251 -0.782500
0.116665 0.875000 -0.952047 1.213760 -0.096568 0.105594 -0.333919 0.365130 0.882743 1.438247 0.880053 1.495161 0.540028 -0.830016
0.133333 0.875000 -0.904524 1.213760 -0.091748 0.105594 -0.317251 0.365130 0.885100 1.419579 0.005048 -0.075582 0.529884 -0.855447
0.166666 0.875000 -0.809487 1.213760 -0.082108 0.105594 -0.283918 0.365130 0.890732 1.382575 0.885684 1.458157 0.510625 -0.909876
0.166666 0.750000 -0.809487 0.798236 -0.082108 0.069445 -0.283918 0.240130 0.768295 1.352128 -0.117389 -0.106030 0.412625 -0.702034
0.166666 0.687505 -0.809487 0.590490 -0.082108 0.051371 -0.283918 0.177634 0.707418 1.332963 0.824807 1.438992 0.369785 -0.559069
0.166666 0.562505 -0.809487 0.174966 -0.082108 0.015222 -0.283918 0.052634 0.586676 1.282744 -0.238130 -0.156248 0.305181 -0.183304
0.166666 0.437505 -0.809487 -0.240558 -0.082108 -0.020928 -0.283918 -0.072366 0.468175 1.206822 0.706306 1.363070 0.284219 0.249569
0.149998 0.312505 -0.857009 -0.656082 -0.086929 -0.057078 -0.300586 -0.197366 0.346639 1.123286 -0.359666 -0.239784 0.330783 0.581004
0.133333 0.187505 -0.904524 -1.071606 -0.091748 -0.093227 -0.317251 -0.322366 0.230078 0.952665 0.589744 1.192449 0.412139 0.793395
0.133333 0.062505 -0.904524 -1.487129 -0.091748 -0.129377 -0.317251 -0.447366 0.147257 0.438367 -0.442487 -0.754082 0.501252 0.953953
0.133333 0.000000 -0.904524 -1.694907 -0.091748 -0.147453 -0.317251 -0.509870 0.133333 0.000000 0.575820 0.754082 0.551066 1.014199
0.149998 0.000000 -0.857009 -1.694907 -0.086929 -0.147453 -0.300586 -0.509870 0.149998 0.000000 -0.425822 -0.754082 0.541644 1.038108
0.166666 0.000000 -0.809487 -1.694907 -0.082108 -0.147453 -0.283918 -0.509870 0.166666 0.000000 0.592488 0.754082 0.532574 1.062715
0.199999 0.000000 -0.714449 -1.694907 -0.072468 -0.147453 -0.250585 -0.509870 0.199999 0.000000 -0.392489 -0.754082 0.515576 1.113998
0.233333 0.000000 -0.619412 -1.694907 -0.062828 -0.147453 -0.217251 -0.509870 0.233333 0.000000 0.625821 0.754082 0.500224 1.168002
0.249998 0.062505 -0.571897 -1.487129 -0.058009 -0.129377 -0.200586 -0.447366 0.257693 0.244998 -0.368128 -0.509084 0.436853 1.149298
0.266666 0.125000 -0.524374 -1.279383 -0.053189 -0.111303 -0.183918 -0.384870 0.294509 0.438338 0.662637 0.947422 0.373940 1.125009
0.299999 0.187505 -0.429337 -1.071606 -0.043549 -0.093227 -0.150585 -0.322366 0.353776 0.558612 -0.308861 -0.388810 0.303128 1.133794
0.316665 0.187505 -0.381822 -1.071606 -0.038729 -0.093227 -0.133919 -0.322366 0.368014 0.534608 0.676875 0.923418 0.295204 1.177062
0.333332 0.187505 -0.334299 -1.071606 -0.033909 -0.093227 -0.117252 -0.322366 0.382451 0.512401 -0.294425 -0.411017 0.288025 1.221950
0.349998 0.125000 -0.286784 -1.279383 -0.029089 -0.111303 -0.100586 -0.384870 0.371650 0.343026 0.666074 0.754043 0.340768 1.315164
0.366666 0.125000 -0.239262 -1.279383 -0.024269 -0.111303 -0.083918 -0.384870 0.387387 0.328554 -0.278687 -0.425489 0.336225 1.356113
0.383334 0.062505 -0.191740 -1.487129 -0.019449 -0.129377 -0.067250 -0.447366 0.388396 0.161633 0.667083 0.587122 0.393863 1.421588
0.416667 0.062505 -0.096702 -1.487129 -0.009809 -0.129377 -0.033917 -0.447366 0.421329 0.148901 -0.245754 -0.438221 0.389559 1.495126
0.499999 0.062505 0.140888 -1.487129 0.014291 -0.129377 0.049415 -0.447366 0.503890 0.124365 0.749645 0.562585 0.391213 -1.460785
0.516667 0.062505 0.188410 -1.487129 0.019111 -0.129377 0.066083 -0.447366 0.520434 0.120392 -0.229211 -0.442194 0.393665 -1.424142
0.533332 0.125000 0.235925 -1.279383 0.023930 -0.111303 0.082748 -0.384870 0.547785 0.230220 0.776996 0.672414 0.335935 -1.359018
0.550000 0.250000 0.283448 -0.863859 0.028751 -0.075154 0.099416 -0.259870 0.604152 0.426628 -0.172844 -0.245786 0.223869 -1.205415
0.550000 0.312505 0.283448 -0.656082 0.028751 -0.057078 0.099416 -0.197366 0.632581 0.516702 0.805425 0.762488 0.170145 -1.104182
0.533332 0.437505 0.235925 -0.240558 0.023930 -0.020928 0.082748 -0.072366 0.689821 0.687011 -0.115604 -0.075477 0.083775 -0.718565
0.516667 0.562505 0.188410 0.174966 0.019111 0.015222 0.066083 0.052634 0.763777 0.827848 0.879381 0.903325 0.129974 0.672598
0.483333 0.625000 0.093373 0.382713 0.009471 0.033295 0.032749 0.115130 0.790086 0.912528 -0.089295 0.009203 0.177464 1.293660
0.466665 0.687505 0.045850 0.590490 0.004651 0.051371 0.016081 0.177634 0.830927 0.974453 0.920222 0.965250 0.237466 1.480511
0.450000 0.750000 -0.001665 0.798236 -0.000169 0.069445 -0.000584 0.240130 0.874643 1.030377 -0.045579 0.065127 0.299417 -1.568365
0.450000 0.812505 -0.001665 1.006014 -0.000169 0.087521 -0.000584 0.302634 0.928797 1.065007 0.974376 0.999881 0.361921 -1.568867
0.466665 0.875000 0.045850 1.213760 0.004651 0.105594 0.016081 0.365130 0.991666 1.080840 0.017290 0.080960 0.424721 1.526782
0.483333 0.875000 0.093373 1.213760 0.009471 0.105594 0.032749 0.365130 0.999618 1.066127 0.982328 0.985167 0.425678 1.481343
0.533332 0.937505 0.235925 1.421538 0.023930 0.123671 0.082748 0.427634 1.078591 1.053570 0.096263 0.068403 0.493902 1.379657
0.599998 0.937505 0.426000 1.421538 0.043210 0.123671 0.149414 0.427634 1.113065 1.001487 1.016802 0.933084 0.509329 1.234658
0.666665 1.000000 0.616075 1.629284 0.062490 0.141744 0.216081 0.490130 1.201849 0.982795 0.185048 0.049711 0.590380 1.155565
0.816666 1.000000 1.043747 1.629284 0.105870 0.141744 0.366082 0.490130 1.291102 0.885976 1.106054 0.836265 0.660207 0.929277
0.883332 1.000000 1.233822 1.629284 0.125150 0.141744 0.432748 0.490130 1.334270 0.847267 0.228216 0.011002 0.699378 0.847495
0.933334 1.000000 1.376382 1.629284 0.139610 0.141744 0.482749 0.490130 1.367886 0.819867 1.139670 0.808865 0.731372 0.792984
0.966667 0.937505 1.471419 1.421538 0.149250 0.123671 0.516083 0.427634 1.346610 0.770085 0.206941 -0.038781 0.709530 0.691948
0.983332 0.875000 1.518935 1.213760 0.154069 0.105594 0.532748 0.365130 1.316270 0.727169 1.109329 0.765949 0.681138 0.600839
1.000000 0.687505 1.566457 0.590490 0.158890 0.051371 0.549416 0.177634 1.213533 0.602291 0.104204 -0.163659 0.598322 0.312707
0.983332 0.625000 1.518935 0.382713 0.154069 0.033295 0.532748 0.115130 1.165147 0.566181 1.060943 0.729840 0.560572 0.212832
0.933334 0.500000 1.376382 -0.032811 0.139610 -0.002855 0.482749 -0.009870 1.058825 0.491809 -0.002118 -0.238031 0.485272 -0.020444
0.900000 0.500000 1.281344 -0.032811 0.129970 -0.002855 0.449416 -0.009870 1.029563 0.507098 1.031681 0.745129 0.452125 -0.021959
0.883332 0.500000 1.233822 -0.032811 0.125150 -0.002855 0.432748 -0.009870 1.015025 0.515073 -0.016656 -0.230056 0.435561 -0.022805
0.849999 0.562505 1.138785 0.174966 0.115510 0.015222 0.399415 0.052634 1.019269 0.584606 1.035925 0.814662 0.414800 0.131023
0.866664 0.625000 1.186300 0.382713 0.120329 0.033295 0.416080 0.115130 1.068519 0.624784 0.032594 -0.189878 0.451158 0.269946
0.866664 0.687505 1.186300 0.590490 0.120329 0.051371 0.416080 0.177634 1.106241 0.670628 1.073648 0.860506 0.478805 0.403498
