0.000000 0.652175 -1.416285 0.486353 -0.134015 0.043488 -0.464481 0.150725 0.652175 1.570796 0.652175 1.570796 0.500970 -0.313783
0.016392 0.652175 -1.366302 0.486353 -0.129285 0.043488 -0.448088 0.150725 0.652381 1.545667 0.000206 -0.025129 0.485811 -0.324485
0.049179 0.652175 -1.266329 0.486353 -0.119825 0.043488 -0.415302 0.150725 0.654027 1.495531 0.653821 1.520660 0.455746 -0.348147
0.081966 0.652175 -1.166356 0.486353 -0.110366 0.043488 -0.382515 0.150725 0.657306 1.445771 0.003485 -0.074889 0.426083 -0.375356
0.114753 0.695650 -1.066383 0.626635 -0.100906 0.056032 -0.349728 0.194200 0.705051 1.407311 0.701566 1.482200 0.419224 -0.506895
0.147540 0.695650 -0.966410 0.626635 -0.091446 0.056032 -0.316941 0.194200 0.711124 1.361804 0.009557 -0.120396 0.392289 -0.549730
0.196721 0.739131 -0.816447 0.766938 -0.077256 0.068577 -0.267759 0.237682 0.764862 1.310675 0.755305 1.431071 0.383573 -0.725960
0.213113 0.739131 -0.766464 0.766938 -0.072526 0.068577 -0.251367 0.237682 0.769241 1.290081 0.013937 -0.140990 0.372315 -0.757421
0.213113 0.695650 -0.766464 0.626635 -0.072526 0.056032 -0.251367 0.194200 0.727562 1.273523 0.713625 1.414513 0.341504 -0.657794
0.213113 0.652175 -0.766464 0.486353 -0.072526 0.043488 -0.251367 0.150725 0.686112 1.254962 -0.027513 -0.159551 0.313711 -0.540142
0.180326 0.521737 -0.866437 0.065464 -0.081986 0.005854 -0.284154 0.020288 0.552021 1.238023 0.579534 1.397574 0.289865 -0.071276
0.163934 0.434781 -0.916420 -0.215122 -0.086715 -0.019236 -0.300546 -0.066668 0.464660 1.210230 -0.114874 -0.187345 0.302010 0.218290
0.147540 0.347825 -0.966410 -0.495708 -0.091446 -0.044325 -0.316941 -0.153625 0.377823 1.169622 0.492697 1.356967 0.337728 0.451341
0.131147 0.260869 -1.016393 -0.776293 -0.096175 -0.069414 -0.333333 -0.240581 0.291980 1.104964 -0.200717 -0.252002 0.390601 0.625170
0.114753 0.173912 -1.066383 -1.056879 -0.100906 -0.094503 -0.349728 -0.327537 0.208360 0.987542 0.409077 1.239544 0.454686 0.752645
0.114753 0.130438 -1.066383 -1.197161 -0.100906 -0.107047 -0.349728 -0.371012 0.173730 0.849281 -0.235347 -0.390263 0.483626 0.814921
0.131147 0.043481 -1.016393 -1.477747 -0.096175 -0.132136 -0.333333 -0.457968 0.138168 0.320141 0.373515 0.710404 0.536984 0.941621
0.147540 0.043481 -0.966410 -1.477747 -0.091446 -0.132136 -0.316941 -0.457968 0.153813 0.286597 -0.219701 -0.423807 0.526965 0.965420
0.180326 0.000000 -0.866437 -1.618050 -0.081986 -0.144681 -0.284154 -0.501450 0.180326 0.000000 0.400028 0.423807 0.544505 1.055248
0.196721 0.000000 -0.816447 -1.618050 -0.077256 -0.144681 -0.267759 -0.501450 0.196721 0.000000 -0.203306 -0.423807 0.536132 1.080343
0.229508 0.043481 -0.716474 -1.477747 -0.067796 -0.132136 -0.234973 -0.457968 0.233590 0.187236 0.436897 0.611043 0.482133 1.096742
0.262295 0.086956 -0.616501 -1.337465 -0.058336 -0.119592 -0.202186 -0.414493 0.276333 0.320119 -0.160564 -0.290924 0.428257 1.116964
0.295082 0.173912 -0.516528 -1.056879 -0.048876 -0.094503 -0.169399 -0.327537 0.342518 0.532567 0.503082 0.823491 0.336342 1.093491
0.311474 0.173912 -0.466545 -1.056879 -0.044146 -0.094503 -0.153007 -0.327537 0.356737 0.509234 -0.146345 -0.314257 0.328391 1.133778
0.327868 0.130438 -0.416555 -1.197161 -0.039416 -0.107047 -0.136612 -0.371012 0.352862 0.378639 0.499207 0.692896 0.360898 1.217988
0.344261 0.086956 -0.366572 -1.337465 -0.034687 -0.119592 -0.120220 -0.414493 0.355073 0.247413 -0.144134 -0.445483 0.396204 1.288501
0.360655 0.086956 -0.316582 -1.337465 -0.029956 -0.119592 -0.103825 -0.414493 0.370990 0.236591 0.515124 0.682074 0.391541 1.325359
0.393442 0.043481 -0.216609 -1.477747 -0.020496 -0.132136 -0.071038 -0.457968 0.395838 0.110069 -0.119287 -0.572005 0.426951 1.416906
0.426229 0.043481 -0.116636 -1.477747 -0.011037 -0.132136 -0.038252 -0.457968 0.428441 0.101662 0.547728 0.673667 0.422733 1.487465
0.459016 0.043481 -0.016663 -1.477747 -0.001577 -0.132136 -0.005465 -0.457968 0.461071 0.094446 -0.086657 -0.579222 0.421035 1.558864
0.491803 0.043481 0.083310 -1.477747 0.007883 -0.132136 0.027322 -0.457968 0.493721 0.088183 0.580378 0.667405 0.421885 -1.511208
0.524590 0.086956 0.183283 -1.337465 0.017343 -0.119592 0.060109 -0.414493 0.531748 0.164267 -0.048631 -0.503138 0.382280 -1.426782
0.540984 0.173912 0.233273 -1.056879 0.022073 -0.094503 0.076504 -0.327537 0.568251 0.311040 0.616882 0.814178 0.300471 -1.341338
0.557376 0.260869 0.283256 -0.776293 0.026803 -0.069414 0.092896 -0.240581 0.615403 0.437746 -0.001479 -0.376432 0.223802 -1.202303
0.540984 0.434781 0.233273 -0.215122 0.022073 -0.019236 0.076504 -0.066668 0.694045 0.676984 0.695524 1.053416 0.082066 -0.716811
0.508197 0.565219 0.133300 0.205767 0.012613 0.018399 0.043717 0.063769 0.760090 0.838470 0.064566 -0.214946 0.109815 0.969837
0.491803 0.652175 0.083310 0.486353 0.007883 0.043488 0.027322 0.150725 0.816824 0.924679 0.752258 1.139625 0.189673 1.391473
0.475410 0.739131 0.033327 0.766938 0.003154 0.068577 0.010930 0.237682 0.878823 0.999215 0.126565 -0.140410 0.274868 1.524843
0.459016 0.782606 -0.016663 0.907221 -0.001577 0.081121 -0.005465 0.281157 0.907286 1.040346 0.780721 1.180756 0.318173 -1.551362
0.459016 0.869562 -0.016663 1.187806 -0.001577 0.106210 -0.005465 0.368113 0.983277 1.085102 0.202556 -0.095654 0.405119 -1.555952
0.475410 0.913044 0.033327 1.328110 0.003154 0.118756 0.010930 0.411594 1.029400 1.090736 0.826844 1.186390 0.448696 1.544247
0.508197 0.956525 0.133300 1.468413 0.012613 0.131301 0.043717 0.455076 1.083146 1.082427 0.256302 -0.103963 0.493983 1.475025
0.540984 0.956525 0.233273 1.468413 0.022073 0.131301 0.076504 0.455076 1.098910 1.056076 0.842608 1.160039 0.497957 1.404242
0.655737 1.000000 0.583175 1.608695 0.055182 0.143845 0.191256 0.498550 1.195822 0.990399 0.353214 -0.169640 0.568648 1.204486
0.721311 1.000000 0.783121 1.608695 0.074102 0.143845 0.256830 0.498550 1.233000 0.945911 0.879786 1.115551 0.593922 1.095099
0.786884 1.000000 0.983067 1.608695 0.093022 0.143845 0.322404 0.498550 1.272473 0.904104 0.392687 -0.211447 0.625080 0.996757
0.852458 0.956525 1.183013 1.468413 0.111942 0.131301 0.387977 0.455076 1.281259 0.842863 0.888572 1.054309 0.626605 0.864820
0.950821 0.869562 1.482939 1.187806 0.140322 0.106210 0.486340 0.368113 1.288487 0.740790 0.399915 -0.313520 0.632944 0.647905
0.967213 0.826088 1.532922 1.047524 0.145052 0.093667 0.502733 0.324638 1.271976 0.706864 0.872061 1.020384 0.619274 0.573379
0.983608 0.782606 1.582912 0.907221 0.149782 0.081121 0.519127 0.281157 1.256963 0.672082 0.384903 -0.348302 0.608849 0.496367
1.000000 0.739131 1.632895 0.766938 0.154511 0.068577 0.535519 0.237682 1.243509 0.636509 0.858607 0.984811 0.601842 0.417714
0.983608 0.608694 1.582912 0.346049 0.149782 0.030943 0.519127 0.107244 1.156716 0.554156 0.298110 -0.430655 0.538786 0.203719
0.967213 0.565219 1.532922 0.205767 0.145052 0.018399 0.502733 0.063769 1.120256 0.528854 0.822146 0.959509 0.512726 0.126171
0.934426 0.521737 1.432949 0.065464 0.135592 0.005854 0.469946 0.020288 1.070216 0.509232 0.248070 -0.450277 0.473421 0.043144
0.901639 0.521737 1.332976 0.065464 0.126132 0.005854 0.437159 0.020288 1.041712 0.524576 0.793642 0.974853 0.440893 0.046375
0.885247 0.565219 1.282994 0.205767 0.121402 0.018399 0.420767 0.063769 1.050302 0.568239 0.256660 -0.406614 0.432658 0.150410
0.885247 0.652175 1.282994 0.486353 0.121402 0.043488 0.420767 0.150725 1.099543 0.634944 0.842883 1.041559 0.460732 0.343976
0.885247 0.739131 1.282994 0.766938 0.121402 0.068577 0.420767 0.237682 1.153247 0.695688 0.310364 -0.345871 0.502472 0.514194
0.885247 0.782606 1.282994 0.907221 0.121402 0.081121 0.420767 0.281157 1.181582 0.723935 0.871218 1.069806 0.527493 0.589064
0.885247 0.826088 1.282994 1.047524 0.121402 0.093667 0.420767 0.324638 1.210819 0.750843 0.339601 -0.318963 0.554801 0.657144
