0.000000 0.727273 -1.329090 0.724177 -0.124890 0.061871 -0.439836 0.217895 0.727273 1.570796 0.727273 1.570796 0.525429 -0.459961
0.032258 0.727273 -1.231613 0.724177 -0.115731 0.061871 -0.407578 0.217895 0.727988 1.526471 0.000715 -0.044326 0.498738 -0.490949
0.064516 0.727273 -1.134136 0.724177 -0.106571 0.061871 -0.375320 0.217895 0.730129 1.482318 0.729414 1.526644 0.472742 -0.526000
0.096774 0.727273 -1.036660 0.724177 -0.097412 0.061871 -0.343062 0.217895 0.733683 1.438509 0.004269 -0.088135 0.447562 -0.565862
0.129032 0.727273 -0.939183 0.724177 -0.088252 0.061871 -0.310804 0.217895 0.738630 1.395205 0.734361 1.483339 0.423343 -0.611442
0.161290 0.727273 -0.841706 0.724177 -0.079092 0.061871 -0.278546 0.217895 0.744943 1.352555 0.010582 -0.130785 0.400260 -0.663828
0.193548 0.727273 -0.744230 0.724177 -0.069933 0.061871 -0.246288 0.217895 0.752586 1.310697 0.742005 1.441481 0.378520 -0.724305
0.209678 0.727273 -0.695488 0.724177 -0.065353 0.061871 -0.230158 0.217895 0.756895 1.290101 0.014891 -0.151380 0.368229 -0.758035
0.225806 0.727273 -0.646753 0.724177 -0.060773 0.061871 -0.214030 0.217895 0.761521 1.269750 0.746630 1.421130 0.358370 -0.794345
0.225806 0.681815 -0.646753 0.573096 -0.060773 0.048963 -0.214030 0.172437 0.718234 1.250982 -0.028396 -0.170149 0.323052 -0.678186
0.225806 0.636364 -0.646753 0.422039 -0.060773 0.036057 -0.214030 0.126986 0.675238 1.229818 0.703635 1.399967 0.290572 -0.535483
0.193548 0.545455 -0.744230 0.119901 -0.069933 0.010244 -0.246288 0.036076 0.578776 1.229818 -0.124859 -0.170149 0.267980 -0.145446
0.177420 0.454545 -0.792964 -0.182237 -0.074512 -0.015570 -0.262416 -0.054833 0.487944 1.198659 0.612803 1.368807 0.262828 0.205989
0.145162 0.363636 -0.890441 -0.484375 -0.083672 -0.041383 -0.294674 -0.145742 0.391540 1.190983 -0.221263 -0.177824 0.304367 0.459307
0.129032 0.272727 -0.939183 -0.786513 -0.088252 -0.067196 -0.310804 -0.236651 0.301711 1.128885 0.522974 1.306709 0.352880 0.650767
0.096774 0.181818 -1.036660 -1.088651 -0.097412 -0.093010 -0.343062 -0.327560 0.205969 1.081678 -0.317005 -0.225032 0.429261 0.762286
0.080646 0.136360 -1.085394 -1.239732 -0.101991 -0.105917 -0.359190 -0.373018 0.158423 1.036709 0.475429 1.261741 0.470229 0.804281
0.080646 0.045451 -1.085394 -1.541870 -0.101991 -0.131731 -0.359190 -0.463927 0.092572 0.513215 -0.382856 -0.748527 0.533439 0.911962
0.096774 0.045451 -1.036660 -1.541870 -0.097412 -0.131731 -0.343062 -0.463927 0.106916 0.439085 0.489772 1.187611 0.522715 0.934066
0.145162 0.000000 -0.890441 -1.692928 -0.083672 -0.144637 -0.294674 -0.509378 0.145162 0.000000 -0.344610 -1.187611 0.529423 1.046338
0.177420 0.000000 -0.792964 -1.692928 -0.074512 -0.144637 -0.262416 -0.509378 0.177420 0.000000 0.522030 1.187611 0.512170 1.095087
0.225806 0.090909 -0.646753 -1.390790 -0.060773 -0.118823 -0.214030 -0.418469 0.243419 0.382744 -0.278611 -0.804867 0.409340 1.098023
0.258064 0.136360 -0.549276 -1.239732 -0.051614 -0.105917 -0.181772 -0.373018 0.291875 0.486106 0.570486 1.290973 0.353750 1.117359
0.274194 0.181818 -0.500534 -1.088651 -0.047034 -0.093010 -0.165642 -0.327560 0.328999 0.585529 -0.241488 -0.705444 0.306611 1.102611
0.274194 0.227269 -0.500534 -0.937594 -0.047034 -0.080104 -0.165642 -0.282109 0.356137 0.692094 0.597625 1.397538 0.269485 1.039874
0.290322 0.227269 -0.451800 -0.937594 -0.042454 -0.080104 -0.149514 -0.282109 0.368698 0.664176 -0.228927 -0.733362 0.259883 1.083447
0.306452 0.227269 -0.403058 -0.937594 -0.037874 -0.080104 -0.133384 -0.282109 0.381529 0.638113 0.610456 1.371474 0.250950 1.129136
0.306452 0.181818 -0.403058 -1.088651 -0.037874 -0.093010 -0.133384 -0.327560 0.356330 0.535479 -0.254126 -0.835995 0.290456 1.184094
0.322580 0.136360 -0.354323 -1.239732 -0.033295 -0.105917 -0.117256 -0.373018 0.350217 0.399936 0.604343 1.235931 0.325341 1.266232
0.338710 0.090909 -0.305581 -1.390790 -0.028714 -0.118823 -0.101126 -0.418469 0.350698 0.262218 -0.253645 -0.973713 0.363286 1.333685
0.354838 0.045451 -0.256846 -1.541870 -0.024135 -0.131731 -0.084998 -0.463927 0.357737 0.127396 0.611382 1.101109 0.403440 1.389591
0.370968 0.045451 -0.208104 -1.541870 -0.019555 -0.131731 -0.068868 -0.463927 0.373742 0.121913 -0.237640 -0.979197 0.400353 1.423427
0.403226 0.000000 -0.110628 -1.692928 -0.010395 -0.144637 -0.036610 -0.509378 0.403226 0.000000 0.640866 0.979197 0.441357 1.499048
0.467742 0.000000 0.084326 -1.692928 0.007924 -0.144637 0.027906 -0.509378 0.467742 0.000000 -0.173124 -0.979197 0.440720 -1.516067
0.500000 0.045451 0.181802 -1.541870 0.017083 -0.131731 0.060164 -0.463927 0.502062 0.090653 0.675186 1.069850 0.398948 -1.441832
0.516130 0.136360 0.230544 -1.239732 0.021664 -0.105917 0.076294 -0.373018 0.533839 0.258296 -0.141346 -0.811554 0.312919 -1.369047
0.532258 0.181818 0.279279 -1.088651 0.026243 -0.093010 0.092422 -0.327560 0.562456 0.329170 0.703802 1.140724 0.274071 -1.295793
0.532258 0.409087 0.279279 -0.333318 0.026243 -0.028477 0.092422 -0.100291 0.671306 0.655292 -0.032497 -0.485432 0.097403 -0.826207
0.516130 0.499997 0.230544 -0.031180 0.021664 -0.002664 0.076294 -0.009382 0.718601 0.769522 0.751097 1.254954 0.097160 -0.122351
0.500000 0.590906 0.181802 0.270958 0.017083 0.023150 0.060164 0.081528 0.774060 0.868537 0.022963 -0.386418 0.162609 0.935047
0.483870 0.636364 0.133060 0.422039 0.012503 0.036057 0.044034 0.126986 0.799430 0.920693 0.776467 1.307111 0.201400 1.237009
0.467742 0.772724 0.084326 0.875234 0.007924 0.074776 0.027906 0.263346 0.903263 1.026477 0.126796 -0.280634 0.334055 1.465223
0.451612 0.772724 0.035584 0.875234 0.003344 0.074776 0.011776 0.263346 0.895017 1.041896 0.768221 1.322529 0.333096 1.526110
0.451612 0.818182 0.035584 1.026315 0.003344 0.087684 0.011776 0.308804 0.934545 1.066442 0.166325 -0.256087 0.378529 1.532681
0.467742 0.863633 0.084326 1.177373 0.007924 0.100590 0.027906 0.354255 0.982163 1.074427 0.815839 1.330514 0.424715 1.492185
0.500000 0.863633 0.181802 1.177373 0.017083 0.100590 0.060164 0.354255 0.997929 1.045999 0.182090 -0.284515 0.428046 1.402569
0.564516 0.909091 0.376756 1.328453 0.035403 0.113497 0.124680 0.399713 1.070105 1.015102 0.888015 1.299617 0.485536 1.268437
0.612904 0.954542 0.522974 1.479511 0.049142 0.126403 0.173068 0.445164 1.134373 1.000000 0.246358 -0.299617 0.543024 1.200005
0.758064 1.000000 0.961616 1.630591 0.090360 0.139311 0.318228 0.490622 1.254855 0.922154 1.008497 1.221771 0.644246 0.995391
0.822580 1.000000 1.156569 1.630591 0.108679 0.139311 0.382744 0.490622 1.294850 0.882438 0.286354 -0.339333 0.678437 0.908296
0.870968 1.000000 1.302788 1.630591 0.122419 0.139311 0.431132 0.490622 1.326117 0.854254 1.039763 1.193588 0.706865 0.849849
0.951612 1.000000 1.546476 1.630591 0.145317 0.139311 0.511776 0.490622 1.380422 0.810187 0.340659 -0.383401 0.758748 0.764298
0.983870 0.954542 1.643952 1.479511 0.154477 0.126403 0.544034 0.445164 1.370821 0.770270 1.030162 1.153670 0.748929 0.685780
1.000000 0.863633 1.692695 1.177373 0.159057 0.100590 0.560164 0.354255 1.321311 0.712356 0.291149 -0.441315 0.702415 0.563912
1.000000 0.772724 1.692695 0.875234 0.159057 0.074776 0.560164 0.263346 1.263765 0.657886 0.972616 1.099201 0.651612 0.439461
1.000000 0.727273 1.692695 0.724177 0.159057 0.061871 0.560164 0.217895 1.236497 0.628796 0.263881 -0.470405 0.629606 0.370974
0.951612 0.636364 1.546476 0.422039 0.145317 0.036057 0.511776 0.126986 1.144781 0.589424 0.880900 1.059829 0.548213 0.243215
0.919354 0.636364 1.448999 0.422039 0.136158 0.036057 0.479518 0.126986 1.118110 0.605462 0.237210 -0.454367 0.518228 0.258877
0.903226 0.590906 1.400264 0.270958 0.131578 0.023150 0.463390 0.081528 1.079346 0.579334 0.842135 1.033700 0.487393 0.174155
0.854838 0.636364 1.254046 0.422039 0.117839 0.036057 0.415002 0.126986 1.065695 0.639924 0.223560 -0.393776 0.459184 0.296941
0.838710 0.727273 1.205311 0.724177 0.113259 0.061871 0.398874 0.217895 1.110117 0.714357 0.886557 1.108133 0.491651 0.499978
0.838710 0.772724 1.205311 0.875234 0.113259 0.074776 0.398874 0.263346 1.140411 0.744472 0.253853 -0.363661 0.519533 0.583528
0.838710 0.818182 1.205311 1.026315 0.113259 0.087684 0.398874 0.308804 1.171689 0.773009 0.917836 1.136670 0.549769 0.658803
