0.000000 0.722226 -1.302406 0.770413 -0.127911 0.064555 -0.440322 0.222224 0.722226 1.570796 0.722226 1.570796 0.522832 -0.467389
0.035088 0.722226 -1.198622 0.770413 -0.117718 0.064555 -0.405234 0.222224 0.723078 1.522252 0.000852 -0.048544 0.493645 -0.501602
0.052630 0.722226 -1.146734 0.770413 -0.112622 0.064555 -0.387692 0.222224 0.724142 1.498053 0.723290 1.546597 0.479349 -0.520479
0.105263 0.722226 -0.991054 0.770413 -0.097333 0.064555 -0.335059 0.222224 0.729857 1.426067 0.006567 -0.120530 0.437875 -0.585626
0.122806 0.722226 -0.939166 0.770413 -0.092237 0.064555 -0.317516 0.222224 0.732593 1.402370 0.726025 1.522900 0.424602 -0.610647
0.157893 0.722226 -0.835382 0.770413 -0.082044 0.064555 -0.282429 0.222224 0.739284 1.355563 0.013259 -0.167337 0.399044 -0.666661
0.175438 0.722226 -0.783486 0.770413 -0.076947 0.064555 -0.264884 0.222224 0.743229 1.332499 0.729970 1.499836 0.386825 -0.698044
0.192981 0.722226 -0.731598 0.770413 -0.071851 0.064555 -0.247341 0.222224 0.747564 1.309694 0.017594 -0.190142 0.375030 -0.731960
0.192981 0.611115 -0.731598 0.385210 -0.071851 0.032278 -0.247341 0.111113 0.640862 1.264922 0.623267 1.455064 0.300579 -0.422214
0.175438 0.500004 -0.783486 0.000007 -0.076947 0.000001 -0.264884 0.000002 0.529889 1.233343 -0.093378 -0.221721 0.271524 -0.000008
0.157893 0.444444 -0.835382 -0.192609 -0.082044 -0.016139 -0.282429 -0.055558 0.471658 1.229444 0.565036 1.451164 0.282459 0.194234
0.140351 0.333333 -0.887270 -0.577812 -0.087140 -0.048416 -0.299971 -0.166669 0.361676 1.172274 -0.203360 -0.278890 0.318480 0.507145
0.122806 0.277782 -0.939166 -0.770399 -0.092237 -0.064554 -0.317516 -0.222220 0.303717 1.154537 0.507077 1.433427 0.356701 0.610639
0.122806 0.166671 -0.939166 -1.155602 -0.092237 -0.096831 -0.317516 -0.333331 0.207027 0.935787 -0.300050 -0.497639 0.419168 0.809692
0.122806 0.111111 -0.939166 -1.348218 -0.092237 -0.112971 -0.317516 -0.388891 0.165611 0.735446 0.465660 1.233085 0.457380 0.886095
0.140351 0.055560 -0.887270 -1.540805 -0.087140 -0.129108 -0.299971 -0.444442 0.150948 0.376936 -0.314712 -0.856150 0.487878 0.977089
0.157893 0.000000 -0.835382 -1.733421 -0.082044 -0.145248 -0.282429 -0.500002 0.157893 0.000000 0.472606 0.856150 0.523115 1.056620
0.175438 0.000000 -0.783486 -1.733421 -0.076947 -0.145248 -0.264884 -0.500002 0.175438 0.000000 -0.297167 -0.856150 0.513855 1.083621
0.210526 0.000000 -0.679702 -1.733421 -0.066754 -0.145248 -0.229796 -0.500002 0.210526 0.000000 0.507693 0.856150 0.496679 1.139996
0.228069 0.000000 -0.627814 -1.733421 -0.061658 -0.145248 -0.212253 -0.500002 0.228069 0.000000 -0.279625 -0.856150 0.488810 1.169345
0.280701 0.111111 -0.472134 -1.348218 -0.046369 -0.112971 -0.159621 -0.388891 0.301892 0.376910 0.581517 1.233059 0.365867 1.181313
0.298244 0.166671 -0.420245 -1.155602 -0.041273 -0.096831 -0.142078 -0.333331 0.341656 0.509605 -0.239861 -0.723454 0.308336 1.167879
0.315789 0.166671 -0.368350 -1.155602 -0.036176 -0.096831 -0.124533 -0.333331 0.357074 0.485633 0.596935 1.209087 0.300655 1.213253
0.315789 0.222222 -0.368350 -0.963015 -0.036176 -0.080694 -0.124533 -0.277780 0.386142 0.613208 -0.210794 -0.595879 0.251149 1.149345
0.333334 0.222222 -0.316454 -0.963015 -0.031079 -0.080694 -0.106988 -0.277780 0.400618 0.588001 0.611411 1.183880 0.242928 1.203154
0.350877 0.166671 -0.264565 -1.155602 -0.025983 -0.096831 -0.089445 -0.333331 0.388450 0.443459 -0.222961 -0.740422 0.287898 1.308635
0.368422 0.111111 -0.212670 -1.348218 -0.020887 -0.112971 -0.071900 -0.388891 0.384812 0.292912 0.607773 1.033334 0.336971 1.387976
0.385964 0.055560 -0.160781 -1.540805 -0.015791 -0.129108 -0.054358 -0.444442 0.389943 0.142968 -0.217830 -0.890365 0.388583 1.449096
0.403510 0.055560 -0.108885 -1.540805 -0.010694 -0.129108 -0.036812 -0.444442 0.407317 0.136831 0.625147 1.027196 0.386519 1.488157
0.438597 0.055560 -0.005101 -1.540805 -0.000501 -0.129108 -0.001725 -0.444442 0.442102 0.126005 -0.183045 -0.901191 0.384766 1.566916
0.473685 0.000000 0.098683 -1.733421 0.009692 -0.145248 0.033363 -0.500002 0.473685 0.000000 0.656730 0.901191 0.441584 -1.504169
0.508773 0.000000 0.202467 -1.733421 0.019885 -0.145248 0.068451 -0.500002 0.508773 0.000000 -0.147957 -0.901191 0.445611 -1.434741
0.526315 0.055560 0.254355 -1.540805 0.024981 -0.129108 0.085993 -0.444442 0.529240 0.105174 0.677196 1.006365 0.394255 -1.379673
0.543860 0.222222 0.306251 -0.963015 0.030077 -0.080694 0.103538 -0.277780 0.587509 0.387900 -0.089688 -0.618466 0.241428 -1.214013
0.543860 0.333333 0.306251 -0.577812 0.030077 -0.048416 0.103538 -0.166669 0.637883 0.549853 0.727571 1.168318 0.148885 -1.014918
0.526315 0.388893 0.254355 -0.385196 0.024981 -0.032277 0.085993 -0.111109 0.654405 0.636358 -0.073166 -0.531961 0.100199 -0.912141
0.491227 0.500004 0.150571 0.000007 0.014788 0.000001 0.050905 0.000002 0.700934 0.794252 0.774100 1.326213 0.078443 0.000041
0.456140 0.611115 0.046787 0.385210 0.004595 0.032278 0.015818 0.111113 0.762578 0.929600 -0.011522 -0.396613 0.171524 1.429389
0.385964 0.722226 -0.160781 0.770413 -0.015791 0.064555 -0.054358 0.222224 0.818889 1.080002 0.830411 1.476615 0.287097 -1.330900
0.368422 0.777778 -0.212670 0.963000 -0.020887 0.080692 -0.071900 0.277776 0.860624 1.128421 0.030212 -0.348194 0.345031 -1.317513
0.350877 0.777778 -0.264565 0.963000 -0.025983 0.080692 -0.089445 0.277776 0.853260 1.147005 0.823048 1.495199 0.349109 -1.259275
0.350877 0.833338 -0.264565 1.155616 -0.025983 0.096832 -0.089445 0.333335 0.904194 1.172276 0.081146 -0.322923 0.403065 -1.308638
0.403510 0.888889 -0.108885 1.348203 -0.010694 0.112969 -0.036812 0.388887 0.976188 1.144664 0.895043 1.467587 0.450075 -1.476417
0.438597 0.888889 -0.005101 1.348203 -0.000501 0.112969 -0.001725 0.388887 0.991207 1.112425 0.096164 -0.355162 0.448570 -1.566361
0.508773 0.944449 0.202467 1.540819 0.019885 0.129109 0.068451 0.444447 1.072769 1.076672 0.976604 1.431834 0.508753 1.417984
0.578948 1.000000 0.410035 1.733406 0.040270 0.145247 0.138626 0.499998 1.155500 1.046000 0.178896 -0.385833 0.576591 1.300337
0.719299 1.000000 0.825171 1.733406 0.081041 0.145247 0.278977 0.499998 1.231824 0.947235 1.052928 1.333069 0.625354 1.061866
0.807016 1.000000 1.084627 1.733406 0.106523 0.145247 0.366695 0.499998 1.285020 0.891792 0.232091 -0.441277 0.669107 0.938009
0.859649 1.000000 1.240307 1.733406 0.121812 0.145247 0.419327 0.499998 1.318710 0.860727 1.086619 1.302004 0.699339 0.872924
0.912282 0.944449 1.395987 1.540819 0.137102 0.129109 0.471960 0.444447 1.313104 0.802721 0.226485 -0.499283 0.690572 0.755384
0.982457 0.888889 1.603555 1.348203 0.157487 0.112969 0.542136 0.388887 1.324895 0.735439 1.098410 1.234722 0.703650 0.622258
1.000000 0.777778 1.655443 0.963000 0.162583 0.080692 0.559678 0.277776 1.266862 0.661043 0.168452 -0.573679 0.653541 0.460694
0.982457 0.666667 1.603555 0.577797 0.157487 0.048415 0.542136 0.166665 1.187294 0.596199 1.018842 1.169878 0.587489 0.298252
0.947370 0.666667 1.499771 0.577797 0.147295 0.048415 0.507048 0.166665 1.158427 0.613207 0.139585 -0.556671 0.555274 0.317571
0.894737 0.611115 1.344091 0.385210 0.132005 0.032278 0.454415 0.111113 1.083520 0.599233 0.943935 1.155904 0.485452 0.239814
0.877194 0.611115 1.292203 0.385210 0.126909 0.032278 0.436873 0.111113 1.069080 0.608488 0.125145 -0.547416 0.469071 0.249057
0.842104 0.611115 1.188411 0.385210 0.116715 0.032278 0.401782 0.111113 1.040481 0.627767 0.915336 1.175183 0.436577 0.269807
0.824562 0.666667 1.136523 0.577797 0.111619 0.048415 0.384240 0.166665 1.060352 0.679909 0.145016 -0.495275 0.445951 0.409260
0.824562 0.777778 1.136523 0.963000 0.111619 0.080692 0.384240 0.277776 1.133508 0.756209 0.988492 1.251484 0.511387 0.625945
0.824562 0.833338 1.136523 1.155616 0.111619 0.096832 0.384240 0.333335 1.172328 0.790691 0.183836 -0.460792 0.549638 0.714577
0.824562 0.888889 1.136523 1.348203 0.111619 0.112969 0.384240 0.388887 1.212446 0.822923 1.028610 1.283715 0.590637 0.791409
