0.000000 0.624997 -1.391516 0.383223 -0.170279 0.043363 -0.473163 0.120494 0.624997 1.570796 0.624997 1.570796 0.496927 -0.249356
0.014083 0.624997 -1.350098 0.383223 -0.165211 0.043363 -0.459080 0.120494 0.625156 1.548267 0.000159 -0.022530 0.483537 -0.256679
0.084507 0.666667 -1.142991 0.515751 -0.139867 0.058359 -0.388656 0.162164 0.672001 1.444708 0.671843 1.467238 0.434163 -0.395281
0.154928 0.708330 -0.935890 0.648259 -0.114524 0.073352 -0.318235 0.203827 0.725075 1.355464 0.053233 -0.111774 0.395698 -0.569663
0.154928 0.624997 -0.935890 0.383223 -0.114524 0.043363 -0.318235 0.120494 0.643913 1.327808 0.590680 1.439582 0.352600 -0.361951
0.140845 0.500000 -0.977308 -0.014321 -0.119593 -0.001621 -0.332318 -0.004503 0.519459 1.296221 -0.071222 -0.143360 0.333400 0.013549
0.126759 0.416667 -1.018732 -0.279358 -0.124662 -0.031610 -0.346404 -0.087836 0.435522 1.275470 0.506743 1.418831 0.350981 0.248332
0.112676 0.166667 -1.060149 -1.074467 -0.129730 -0.121579 -0.360487 -0.337836 0.201181 0.976322 -0.305562 -0.442509 0.473171 0.752973
0.112676 0.124997 -1.060149 -1.206995 -0.129730 -0.136574 -0.360487 -0.379506 0.168286 0.837192 0.473848 1.279701 0.501169 0.811094
0.154928 0.041664 -0.935890 -1.472031 -0.114524 -0.166564 -0.318235 -0.462839 0.160433 0.262706 -0.313416 -1.016994 0.536158 0.968461
0.225352 0.041664 -0.728783 -1.472031 -0.089181 -0.166564 -0.247811 -0.462839 0.229171 0.182818 0.542586 1.199812 0.497597 1.079220
0.253521 0.083333 -0.645941 -1.339503 -0.079044 -0.151568 -0.219642 -0.421170 0.266866 0.317578 -0.275721 -0.882234 0.447448 1.090093
0.295773 0.166667 -0.521682 -1.074467 -0.063838 -0.121579 -0.177390 -0.337836 0.339499 0.513145 0.615220 1.395378 0.354129 1.087289
0.323942 0.166667 -0.438841 -1.074467 -0.053701 -0.121579 -0.149221 -0.337836 0.364303 0.475176 -0.250917 -0.920202 0.340891 1.154869
0.338028 0.166667 -0.397417 -1.074467 -0.048632 -0.121579 -0.135135 -0.337836 0.376883 0.458077 0.627800 1.378279 0.334965 1.190288
0.352113 0.124997 -0.355993 -1.206995 -0.043563 -0.136574 -0.121050 -0.379506 0.373642 0.341114 -0.254158 -1.037166 0.368609 1.262031
0.394366 0.041664 -0.231734 -1.472031 -0.028357 -0.166564 -0.078797 -0.462839 0.396560 0.105256 0.650719 1.142422 0.438635 1.402165
0.464789 0.000000 -0.024627 -1.604539 -0.003014 -0.181558 -0.008374 -0.504503 0.464789 0.000000 -0.185930 -1.142422 0.473237 1.554200
0.521127 0.041664 0.141057 -1.472031 0.017261 -0.166564 0.047964 -0.462839 0.522790 0.079779 0.708720 1.222201 0.434157 -1.467535
0.549296 0.083333 0.223898 -1.339503 0.027398 -0.151568 0.076133 -0.421170 0.555582 0.150561 -0.153138 -1.071640 0.397195 -1.391962
0.563380 0.333333 0.265316 -0.544394 0.032467 -0.061600 0.090217 -0.171170 0.654605 0.534270 0.807743 1.605910 0.166407 -1.085737
0.549296 0.500000 0.223898 -0.014321 0.027398 -0.001621 0.076133 -0.004503 0.742783 0.738452 -0.064960 -0.867458 0.080725 -0.059077
0.507042 0.708330 0.099633 0.648259 0.012192 0.073352 0.033879 0.203827 0.871104 0.949527 0.936065 1.816985 0.237595 1.406090
0.478873 0.750000 0.016791 0.780788 0.002055 0.088348 0.005710 0.245497 0.889842 1.002550 -0.046223 -0.814435 0.276896 1.547543
0.464789 0.874997 -0.024627 1.178332 -0.003014 0.133331 -0.008374 0.370494 0.990782 1.082509 1.037004 1.896944 0.401921 -1.548198
0.507042 0.916667 0.099633 1.310860 0.012192 0.148327 0.033879 0.412164 1.047554 1.065548 0.010549 -0.831396 0.444796 1.488784
0.619718 0.958330 0.430999 1.443368 0.052741 0.163321 0.146554 0.453827 1.141248 0.996770 1.130698 1.828166 0.506819 1.258438
0.690141 1.000000 0.638106 1.575897 0.078085 0.178317 0.216978 0.495497 1.215029 0.966718 0.084330 -0.861448 0.569769 1.158050
0.845072 1.000000 1.093738 1.575897 0.133840 0.178317 0.371908 0.495497 1.309254 0.869170 1.224924 1.730618 0.644882 0.926926
0.943662 0.958330 1.383680 1.443368 0.169320 0.163321 0.470499 0.453827 1.344952 0.793110 0.120028 -0.937508 0.675837 0.767364
0.985917 0.916667 1.507946 1.310860 0.184527 0.148327 0.512753 0.412164 1.346220 0.749016 1.226193 1.686525 0.677946 0.677069
1.000000 0.833333 1.549363 1.045824 0.189595 0.118338 0.526837 0.328830 1.301708 0.694738 0.075516 -0.991786 0.638185 0.557995
0.971831 0.708330 1.466522 0.648259 0.179458 0.073352 0.498668 0.203827 1.202575 0.629835 1.127059 1.621621 0.551338 0.388021
0.929579 0.624997 1.342262 0.383223 0.164252 0.043363 0.456415 0.120494 1.120151 0.591923 -0.006909 -1.029698 0.481008 0.258112
0.901410 0.624997 1.259421 0.383223 0.154115 0.043363 0.428246 0.120494 1.096887 0.606252 1.103796 1.635950 0.454366 0.274275
0.887324 0.750000 1.217997 0.780788 0.149046 0.088348 0.414161 0.245497 1.161828 0.701723 0.058032 -0.934227 0.498165 0.535077
0.887324 0.791664 1.217997 0.913296 0.149046 0.103342 0.414161 0.287161 1.189149 0.728485 1.131117 1.662712 0.522467 0.606252
