0.000000 0.833323 -1.691649 0.810077 -0.123315 0.057255 -0.525611 0.244041 0.833323 1.570796 0.833323 1.570796 0.609059 -0.434681
0.019609 0.833323 -1.628538 0.810077 -0.118714 0.057255 -0.506001 0.244041 0.833554 1.547269 0.000231 -0.023527 0.592220 -0.449381
0.039216 0.833323 -1.565436 0.810077 -0.114114 0.057255 -0.486395 0.244041 0.834245 1.523772 0.834014 1.547299 0.575558 -0.465033
0.058825 0.833323 -1.502325 0.810077 -0.109514 0.057255 -0.466786 0.244041 0.835397 1.500323 0.001382 -0.046976 0.559085 -0.481729
0.078431 0.833323 -1.439223 0.810077 -0.104914 0.057255 -0.447180 0.244041 0.837006 1.476954 0.835623 1.523931 0.542823 -0.499561
0.098040 0.833323 -1.376112 0.810077 -0.100313 0.057255 -0.427570 0.244041 0.839070 1.453685 0.003447 -0.070246 0.526786 -0.518643
0.117649 0.833323 -1.313000 0.810077 -0.095713 0.057255 -0.407961 0.244041 0.841587 1.430542 0.838140 1.500788 0.510998 -0.539092
0.137256 0.833323 -1.249899 0.810077 -0.091113 0.057255 -0.388355 0.244041 0.844551 1.407553 0.006411 -0.093235 0.495486 -0.561037
0.156865 0.833323 -1.186787 0.810077 -0.086512 0.057255 -0.368746 0.244041 0.847958 1.384733 0.841548 1.477968 0.480271 -0.584635
0.176471 0.749997 -1.123686 0.533482 -0.081912 0.037706 -0.349139 0.160715 0.770479 1.339704 -0.071069 -0.138264 0.415027 -0.431400
0.196081 0.749997 -1.060574 0.533482 -0.077312 0.037706 -0.329530 0.160715 0.775205 1.315078 0.846274 1.453342 0.398672 -0.453766
0.215687 0.749997 -0.997473 0.533482 -0.072712 0.037706 -0.309924 0.160715 0.780395 1.290769 -0.065879 -0.162573 0.382625 -0.478386
0.235296 0.749997 -0.934361 0.533482 -0.068111 0.037706 -0.290315 0.160715 0.786040 1.266792 0.851920 1.429365 0.366922 -0.505593
0.254902 0.749997 -0.871260 0.533482 -0.063511 0.037706 -0.270708 0.160715 0.792130 1.243173 -0.059789 -0.186192 0.351614 -0.535761
0.274512 0.749997 -0.808148 0.533482 -0.058911 0.037706 -0.251099 0.160715 0.798656 1.219924 0.858446 1.406116 0.336749 -0.569345
0.254902 0.749997 -0.871260 0.533482 -0.063511 0.037706 -0.270708 0.160715 0.792130 1.243173 -0.066315 -0.162943 0.351614 -0.535761
0.235296 0.666658 -0.934361 0.256845 -0.068111 0.018153 -0.290315 0.077376 0.706964 1.231497 0.773279 1.394440 0.322765 -0.260470
0.215687 0.583332 -0.997473 -0.019751 -0.072712 -0.001396 -0.309924 -0.005950 0.621930 1.216637 -0.151348 -0.177803 0.315253 0.019196
0.215687 0.499994 -0.997473 -0.296388 -0.072712 -0.020948 -0.309924 -0.089289 0.544531 1.163535 0.695880 1.341338 0.310981 0.280503
0.215687 0.416668 -0.997473 -0.572984 -0.072712 -0.040498 -0.309924 -0.172615 0.469183 1.093131 -0.226697 -0.248207 0.328514 0.508170
0.196081 0.333329 -1.060574 -0.849621 -0.077312 -0.060050 -0.329530 -0.255953 0.386725 1.039062 0.613421 1.287269 0.381526 0.660385
0.196081 0.250003 -1.060574 -1.126216 -0.077312 -0.079599 -0.329530 -0.339279 0.317725 0.905695 -0.295696 -0.381575 0.429592 0.799974
0.196081 0.166665 -1.060574 -1.402854 -0.077312 -0.099151 -0.329530 -0.422618 0.257342 0.704483 0.553038 1.086057 0.487270 0.908535
0.196081 0.083339 -1.060574 -1.679449 -0.077312 -0.118701 -0.329530 -0.505944 0.213056 0.401889 -0.339982 -0.684168 0.551538 0.993495
0.215687 0.000000 -0.997473 -1.956086 -0.072712 -0.138253 -0.309924 -0.589282 0.215687 0.000000 0.555669 0.684168 0.610180 1.086617
0.235296 0.000000 -0.934361 -1.956086 -0.068111 -0.138253 -0.290315 -0.589282 0.235296 0.000000 -0.320373 -0.684168 0.600457 1.113040
0.254902 0.000000 -0.871260 -1.956086 -0.063511 -0.138253 -0.270708 -0.589282 0.254902 0.000000 0.575275 0.684168 0.591227 1.140164
0.274512 0.000000 -0.808148 -1.956086 -0.058911 -0.138253 -0.251099 -0.589282 0.274512 0.000000 -0.300763 -0.684168 0.582509 1.167986
0.294118 0.083339 -0.745047 -1.679449 -0.054311 -0.118701 -0.231493 -0.505944 0.305697 0.276113 0.606460 0.960281 0.499193 1.141685
0.294118 0.166665 -0.745047 -1.402854 -0.054311 -0.099151 -0.231493 -0.422618 0.338057 0.515543 -0.268404 -0.444738 0.427120 1.069675
0.313727 0.166665 -0.681935 -1.402854 -0.049710 -0.099151 -0.211883 -0.422618 0.355249 0.488327 0.623652 0.933065 0.416818 1.106062
0.313727 0.250003 -0.681935 -1.126216 -0.049710 -0.079599 -0.211883 -0.339279 0.401156 0.672836 -0.222496 -0.260228 0.347641 1.012549
0.333333 0.333329 -0.618834 -0.849621 -0.045111 -0.060050 -0.192277 -0.255953 0.471402 0.785392 0.693898 1.045620 0.271924 0.926515
0.333333 0.416668 -0.618834 -0.572984 -0.045111 -0.040498 -0.192277 -0.172615 0.533595 0.896057 -0.160303 -0.149564 0.220996 0.731564
0.352943 0.416668 -0.555722 -0.572984 -0.040510 -0.040498 -0.172668 -0.172615 0.546059 0.868012 0.706362 1.017575 0.204164 0.785244
0.352943 0.333329 -0.555722 -0.849621 -0.040510 -0.060050 -0.172668 -0.255953 0.485466 0.756826 -0.220897 -0.260749 0.258431 0.977316
0.392158 0.250003 -0.429509 -1.126216 -0.031310 -0.079599 -0.133452 -0.339279 0.465069 0.567542 0.685966 0.828291 0.306217 1.196043
0.392158 0.166665 -0.429509 -1.402854 -0.031310 -0.099151 -0.133452 -0.422618 0.426104 0.401865 -0.259862 -0.426426 0.382951 1.264930
0.411764 0.083339 -0.366408 -1.679449 -0.026710 -0.118701 -0.113846 -0.505944 0.420113 0.199696 0.679975 0.626122 0.456690 1.349465
0.431374 0.083339 -0.303297 -1.679449 -0.022109 -0.118701 -0.094237 -0.505944 0.439350 0.190842 -0.240625 -0.435280 0.452200 1.386647
0.450980 0.083339 -0.240195 -1.679449 -0.017509 -0.118701 -0.074631 -0.505944 0.458615 0.182733 0.699240 0.618013 0.448525 1.424345
0.470589 0.083339 -0.177084 -1.679449 -0.012909 -0.118701 -0.055021 -0.505944 0.477912 0.175277 -0.221329 -0.442736 0.445681 1.462472
0.490195 0.166665 -0.113982 -1.402854 -0.008309 -0.099151 -0.035415 -0.422618 0.517753 0.327735 0.739082 0.770471 0.360689 1.487192
0.509805 0.250003 -0.050871 -1.126216 -0.003708 -0.079599 -0.015806 -0.339279 0.567805 0.455930 -0.171278 -0.314541 0.276060 1.524243
0.529411 0.250003 0.012231 -1.126216 0.000892 -0.079599 0.003800 -0.339279 0.585472 0.441185 0.756750 0.755726 0.275634 -1.559596
0.529411 0.416668 0.012231 -0.572984 0.000892 -0.040498 0.003800 -0.172615 0.673712 0.666789 -0.083038 -0.088937 0.109009 -1.548784
0.529411 0.499994 0.012231 -0.296388 0.000892 -0.020948 0.003800 -0.089289 0.728196 0.756829 0.811234 0.845766 0.025897 -1.528260
0.529411 0.583332 0.012231 -0.019751 0.000892 -0.001396 0.003800 -0.005950 0.787752 0.833818 -0.023482 -0.011948 0.057847 -1.002401
0.529411 0.666658 0.012231 0.256845 0.000892 0.018153 0.003800 0.077376 0.851299 0.899647 0.874781 0.911595 0.141099 1.521720
0.509805 0.666658 -0.050871 0.256845 -0.003708 0.018153 -0.015806 0.077376 0.839246 0.917943 -0.035535 0.006348 0.141931 -1.369294
0.509805 0.749997 -0.050871 0.533482 -0.003708 0.037706 -0.015806 0.160715 0.906861 0.973796 0.942395 0.967448 0.224942 -1.472764
0.490195 0.749997 -0.113982 0.533482 -0.008309 0.037706 -0.035415 0.160715 0.895984 0.991897 -0.046411 0.024449 0.227164 -1.353902
0.470589 0.833323 -0.177084 0.810077 -0.012909 0.057255 -0.055021 0.244041 0.957017 1.056727 1.003428 1.032278 0.312593 -1.349044
0.450980 0.833323 -0.240195 0.810077 -0.017509 0.057255 -0.074631 0.244041 0.947528 1.074748 -0.055900 0.042470 0.316633 -1.274015
0.431374 0.833323 -0.303297 0.810077 -0.022109 0.057255 -0.094237 0.244041 0.938355 1.093125 0.994255 1.050655 0.321819 -1.202284
0.411764 0.916661 -0.366408 1.086715 -0.026710 0.076807 -0.113846 0.327379 1.004897 1.148608 0.010642 0.097953 0.407286 -1.236127
0.431374 0.916661 -0.303297 1.086715 -0.022109 0.076807 -0.094237 0.327379 1.013090 1.130951 1.002448 1.032997 0.402245 -1.290521
0.450980 0.916661 -0.240195 1.086715 -0.017509 0.076807 -0.074631 0.327379 1.021592 1.113585 0.019145 0.080587 0.398109 -1.346662
0.470589 0.916661 -0.177084 1.086715 -0.012909 0.076807 -0.055021 0.327379 1.030399 1.096508 1.011255 1.015920 0.394903 -1.404286
0.509805 0.916661 -0.050871 1.086715 -0.003708 0.076807 -0.015806 0.327379 1.048889 1.063241 0.037635 0.047320 0.391370 -1.522554
0.549020 0.916661 0.075342 1.086715 0.005492 0.076807 0.023410 0.327379 1.068500 1.031161 1.030865 0.983840 0.391751 1.499412
0.568626 0.916661 0.138444 1.086715 0.010092 0.076807 0.043016 0.327379 1.078705 1.015567 0.047840 0.031727 0.393410 1.440150
0.607842 0.916661 0.264657 1.086715 0.019292 0.076807 0.082231 0.327379 1.099882 0.985264 1.052042 0.953537 0.399603 1.324707
0.647057 0.916661 0.390870 1.086715 0.028493 0.076807 0.121447 0.327379 1.122030 0.956132 0.069988 0.002594 0.409475 1.215566
0.666667 0.916661 0.453981 1.086715 0.033094 0.076807 0.141056 0.327379 1.133452 0.941997 1.063463 0.939403 0.415713 1.163969
0.705882 0.916661 0.580194 1.086715 0.042294 0.076807 0.180272 0.327379 1.156952 0.914581 0.093489 -0.024822 0.430603 1.067453
0.725491 0.916661 0.643306 1.086715 0.046895 0.076807 0.199881 0.327379 1.169019 0.901291 1.075531 0.926112 0.439173 1.022657
0.745098 0.916661 0.706407 1.086715 0.051494 0.076807 0.219487 0.327379 1.181287 0.888276 0.105756 -0.037836 0.448437 0.980188
0.784313 0.916661 0.832620 1.086715 0.060695 0.076807 0.258703 0.327379 1.206406 0.863049 1.100650 0.900885 0.468879 0.902045
0.823529 0.916661 0.958833 1.086715 0.069895 0.076807 0.297918 0.327379 1.232261 0.838866 0.131612 -0.062020 0.491606 0.832478
0.843138 0.916661 1.021945 1.086715 0.074496 0.076807 0.317527 0.327379 1.245452 0.827153 1.113840 0.889173 0.503731 0.800673
0.862744 0.916661 1.085046 1.086715 0.079096 0.076807 0.337134 0.327379 1.258807 0.815690 0.144967 -0.073483 0.516314 0.770720
0.882353 0.916661 1.148158 1.086715 0.083696 0.076807 0.356743 0.327379 1.272327 0.804466 1.127360 0.877950 0.529326 0.742503
0.882353 0.833323 1.148158 0.810077 0.083696 0.057255 0.356743 0.244041 1.213662 0.756828 0.086302 -0.121122 0.471118 0.599961
0.882353 0.749997 1.148158 0.533482 0.083696 0.037706 0.356743 0.160715 1.158034 0.704492 1.071732 0.825613 0.421444 0.423274
0.862744 0.666658 1.085046 0.256845 0.079096 0.018153 0.337134 0.077376 1.090303 0.657883 0.018571 -0.167730 0.365450 0.225604
0.862744 0.583332 1.085046 -0.019751 0.079096 -0.001396 0.337134 -0.005950 1.041443 0.594530 1.022872 0.762260 0.342039 -0.017647
0.862744 0.499994 1.085046 -0.296388 0.079096 -0.020948 0.337134 -0.089289 0.997157 0.525239 -0.025716 -0.237021 0.338106 -0.258902
0.862744 0.416668 1.085046 -0.572984 0.079096 -0.040498 0.337134 -0.172615 0.958092 0.449920 0.983807 0.686941 0.354299 -0.473207
0.862744 0.333329 1.085046 -0.849621 0.079096 -0.060050 0.337134 -0.255953 0.924898 0.368692 -0.058909 -0.318249 0.388112 -0.649366
0.882353 0.250003 1.148158 -1.126216 0.083696 -0.079599 0.356743 -0.339279 0.917087 0.276100 0.975997 0.594349 0.450805 -0.760313
0.901960 0.250003 1.211259 -1.126216 0.088296 -0.079599 0.376349 -0.339279 0.935966 0.270390 -0.040031 -0.323960 0.466474 -0.733644
0.921569 0.250003 1.274371 -1.126216 0.092897 -0.079599 0.395958 -0.339279 0.954877 0.264904 0.994908 0.588864 0.482434 -0.708461
0.941175 0.250003 1.337472 -1.126216 0.097497 -0.079599 0.415565 -0.339279 0.973813 0.259633 -0.021095 -0.329231 0.498652 -0.684679
0.960784 0.250003 1.400584 -1.126216 0.102097 -0.079599 0.435174 -0.339279 0.992778 0.254562 1.013873 0.583793 0.515108 -0.662203
0.980391 0.333329 1.463685 -0.849621 0.106697 -0.060050 0.454780 -0.255953 1.035507 0.327735 0.021634 -0.256058 0.493758 -0.512622
1.000000 0.416668 1.526797 -0.572984 0.111298 -0.040498 0.474389 -0.172615 1.083334 0.394792 1.061700 0.650850 0.486738 -0.348975
1.000000 0.499994 1.526797 -0.296388 0.111298 -0.020948 0.474389 -0.089289 1.118031 0.463643 0.056331 -0.187208 0.475081 -0.186041
1.000000 0.583332 1.526797 -0.019751 0.111298 -0.001396 0.474389 -0.005950 1.157703 0.528074 1.101372 0.715281 0.477888 -0.012542
1.000000 0.666658 1.526797 0.256845 0.111298 0.018153 0.474389 0.077376 1.201846 0.587997 0.100474 -0.127284 0.494914 0.161683
1.000000 0.749997 1.526797 0.533482 0.111298 0.037706 0.474389 0.160715 1.249998 0.643499 1.149524 0.770784 0.524780 0.326646
0.980391 0.833323 1.463685 0.810077 0.106697 0.057255 0.454780 0.244041 1.286698 0.704489 0.137175 -0.066295 0.549101 0.492506
0.960784 0.833323 1.400584 0.810077 0.102097 0.057255 0.435174 0.244041 1.271823 0.714473 1.134649 0.780768 0.532976 0.511088
0.960784 0.916661 1.400584 1.086715 0.102097 0.076807 0.435174 0.327379 1.327921 0.761901 0.193273 -0.018867 0.585062 0.644968
0.941175 0.916661 1.337472 1.086715 0.097497 0.076807 0.415565 0.327379 1.313803 0.772204 1.120530 0.791071 0.570627 0.667253
0.921569 1.000000 1.274371 1.363352 0.092897 0.096359 0.395958 0.410718 1.359886 0.826192 0.239355 0.035121 0.617923 0.803692
0.901960 1.000000 1.211259 1.363352 0.088296 0.096359 0.376349 0.410718 1.346674 0.836900 1.107319 0.801779 0.605544 0.829037
0.882353 1.000000 1.148158 1.363352 0.083696 0.096359 0.356743 0.410718 1.333622 0.847817 0.226303 0.046038 0.593558 0.855612
