0.000000 0.684212 -1.747140 0.534760 -0.158813 0.047429 -0.517510 0.154555 0.684212 1.570796 0.684212 1.570796 0.543697 -0.290218
0.015874 0.684212 -1.693548 0.534760 -0.153941 0.047429 -0.501636 0.154555 0.684396 1.547600 0.000184 -0.023196 0.528610 -0.298872
0.079366 0.631576 -1.479197 0.352641 -0.134457 0.031277 -0.438144 0.101919 0.636544 1.445788 0.636359 1.468985 0.452749 -0.228551
0.142858 0.631576 -1.264845 0.352641 -0.114973 0.031277 -0.374653 0.101919 0.647532 1.348347 0.011172 -0.120638 0.391632 -0.265609
0.206350 0.631576 -1.050494 0.352641 -0.095489 0.031277 -0.311161 0.101919 0.664431 1.255008 0.653259 1.375646 0.331409 -0.316532
0.253967 0.631576 -0.889734 0.352641 -0.080876 0.031277 -0.263543 0.101919 0.680726 1.188467 0.027467 -0.187179 0.287169 -0.369012
0.301587 0.631576 -0.728967 0.352641 -0.066262 0.031277 -0.215923 0.101919 0.699888 1.125298 0.672421 1.312477 0.244200 -0.441011
0.317459 0.631576 -0.675383 0.352641 -0.061391 0.031277 -0.200051 0.101919 0.706873 1.105034 0.034451 -0.207442 0.230286 -0.471192
0.333333 0.631576 -0.621791 0.352641 -0.056520 0.031277 -0.184177 0.101919 0.714143 1.085173 0.679691 1.292615 0.216639 -0.505432
0.317459 0.631576 -0.675383 0.352641 -0.061391 0.031277 -0.200051 0.101919 0.706873 1.105034 0.027181 -0.187581 0.230286 -0.471192
0.285713 0.578949 -0.782558 0.170550 -0.071134 0.015127 -0.231797 0.049292 0.645611 1.112360 0.618430 1.299940 0.239801 -0.209530
0.238096 0.473686 -0.943318 -0.193659 -0.085746 -0.017176 -0.279415 -0.055971 0.530159 1.105036 -0.088271 -0.194904 0.282831 0.197698
0.206350 0.421051 -1.050494 -0.375778 -0.095489 -0.033329 -0.311161 -0.108606 0.468897 1.115114 0.557168 1.310019 0.325769 0.335815
0.190476 0.315788 -1.104086 -0.739988 -0.100360 -0.065632 -0.327035 -0.213869 0.368786 1.028046 -0.188382 -0.281973 0.384244 0.579156
0.174604 0.263161 -1.157669 -0.922079 -0.105231 -0.081782 -0.342907 -0.266496 0.315817 0.984998 0.504199 1.266971 0.426941 0.660663
0.158730 0.157898 -1.211261 -1.286289 -0.110102 -0.114085 -0.358781 -0.371759 0.223890 0.782772 -0.280308 -0.484199 0.507981 0.803161
0.158730 0.105263 -1.211261 -1.468408 -0.110102 -0.130237 -0.358781 -0.424394 0.190461 0.585569 0.470769 1.069769 0.546509 0.868982
0.190476 0.052635 -1.104086 -1.650499 -0.100360 -0.146388 -0.327035 -0.477022 0.197614 0.269608 -0.273155 -0.800160 0.568384 0.969816
0.222221 0.052635 -0.996910 -1.650499 -0.090618 -0.146388 -0.295289 -0.477022 0.228370 0.232574 0.501525 1.032734 0.550731 1.016504
0.285713 0.157898 -0.782558 -1.286289 -0.071134 -0.114085 -0.231797 -0.371759 0.326441 0.504872 -0.175083 -0.527862 0.427845 1.013266
0.301587 0.210525 -0.728967 -1.104198 -0.066262 -0.097935 -0.215923 -0.319132 0.367799 0.609421 0.542882 1.137284 0.375317 0.975951
0.317459 0.263161 -0.675383 -0.922079 -0.061391 -0.081782 -0.200051 -0.266496 0.412352 0.692151 -0.130531 -0.445132 0.323596 0.926865
0.333333 0.315788 -0.621791 -0.739988 -0.056520 -0.065632 -0.184177 -0.213869 0.459166 0.758376 0.589696 1.203508 0.273154 0.859854
0.349205 0.315788 -0.568207 -0.739988 -0.051649 -0.065632 -0.168305 -0.213869 0.470815 0.735189 -0.118882 -0.468319 0.262714 0.904060
0.365079 0.210525 -0.514615 -1.104198 -0.046778 -0.097935 -0.152431 -0.319132 0.421431 0.523079 0.540313 0.991397 0.342746 1.125193
0.380953 0.157898 -0.461023 -1.286289 -0.041906 -0.114085 -0.136557 -0.371759 0.412380 0.392928 -0.127932 -0.598470 0.384667 1.218770
0.428571 0.105263 -0.300264 -1.468408 -0.027294 -0.130237 -0.088939 -0.424394 0.441309 0.240846 0.569241 0.839315 0.421733 1.364218
0.460317 0.052635 -0.193088 -1.650499 -0.017551 -0.146388 -0.057193 -0.477022 0.463317 0.113851 -0.105925 -0.725464 0.468380 1.451469
0.507937 0.000000 -0.032320 -1.832617 -0.002938 -0.162540 -0.009573 -0.529657 0.507937 0.000000 0.613862 0.725464 0.517599 1.552724
0.555555 0.000000 0.128439 -1.832617 0.011675 -0.162540 0.038044 -0.529657 0.555555 0.000000 -0.058307 -0.725464 0.518907 -1.499091
0.603175 0.052635 0.289207 -1.650499 0.026289 -0.146388 0.085664 -0.477022 0.605467 0.087043 0.663774 0.812507 0.472702 -1.393109
0.634921 0.105263 0.396383 -1.468408 0.036031 -0.130237 0.117410 -0.424394 0.643587 0.164294 -0.020187 -0.648213 0.428641 -1.300893
0.650793 0.210525 0.449966 -1.104198 0.040901 -0.097935 0.133282 -0.319132 0.683997 0.312866 0.704184 0.961079 0.334670 -1.175176
0.666667 0.473686 0.503558 -0.193659 0.045773 -0.017176 0.149156 -0.055971 0.817816 0.617758 0.113632 -0.343322 0.155461 -0.358990
0.650793 0.631576 0.449966 0.352641 0.040901 0.031277 0.133282 0.101919 0.906874 0.770414 0.793241 1.113736 0.175428 0.652836
0.619047 0.684212 0.342791 0.534760 0.031159 0.047429 0.101536 0.154555 0.922694 0.835358 0.129453 -0.278378 0.195189 0.989544
0.587301 0.789475 0.235615 0.898970 0.021417 0.079732 0.069790 0.259817 0.983968 0.931202 0.854515 1.209580 0.280776 1.308378
0.539683 0.842102 0.074855 1.081061 0.006804 0.095883 0.022173 0.312445 1.000197 1.000862 0.145682 -0.208718 0.325348 1.499951
0.507937 0.842102 -0.032320 1.081061 -0.002938 0.095883 -0.009573 0.312445 0.983431 1.028044 0.837749 1.236762 0.324733 -1.540166
0.460317 0.894737 -0.193088 1.263180 -0.017551 0.112035 -0.057193 0.365080 1.006204 1.095638 0.168455 -0.141123 0.381538 -1.415399
0.444445 0.894737 -0.246672 1.263180 -0.022422 0.112035 -0.073065 0.365080 0.999043 1.109766 0.830587 1.250889 0.384238 -1.373271
0.444445 0.842102 -0.246672 1.081061 -0.022422 0.095883 -0.073065 0.312445 0.952191 1.085172 0.121603 -0.165717 0.332713 -1.341074
0.476191 0.842102 -0.139496 1.081061 -0.012680 0.095883 -0.041319 0.312445 0.967416 1.056147 0.845812 1.221864 0.327211 -1.439314
0.523809 0.842102 0.021264 1.081061 0.001933 0.095883 0.006298 0.312445 0.991721 1.014339 0.145909 -0.207525 0.324653 1.550641
0.587301 0.842102 0.235615 1.081061 0.021417 0.095883 0.069790 0.312445 1.026673 0.961802 0.880764 1.169327 0.332009 1.351036
0.666667 0.842102 0.503558 1.081061 0.045773 0.095883 0.149156 0.312445 1.074048 0.901155 0.193284 -0.268172 0.357221 1.125405
0.730159 0.894737 0.717910 1.263180 0.065257 0.112035 0.212648 0.365080 1.154853 0.886340 0.961569 1.154512 0.433035 1.043367
0.793650 0.947365 0.932261 1.445271 0.084741 0.128185 0.276140 0.417708 1.235872 0.873460 0.274303 -0.281052 0.510909 0.986668
0.888888 1.000000 1.253788 1.627390 0.113968 0.144338 0.371378 0.470343 1.337954 0.844154 1.063651 1.125206 0.608866 0.902436
0.936508 1.000000 1.414556 1.627390 0.128581 0.144338 0.418998 0.470343 1.370054 0.818173 0.306403 -0.307033 0.639027 0.843068
0.984126 0.947365 1.575316 1.445271 0.143194 0.128185 0.466615 0.417708 1.366017 0.766368 1.059615 1.073401 0.634432 0.730149
1.000000 0.894737 1.628907 1.263180 0.148066 0.112035 0.482490 0.365080 1.341848 0.729900 0.282233 -0.343501 0.612451 0.647749
1.000000 0.736839 1.628907 0.716851 0.148066 0.063580 0.482490 0.207182 1.242148 0.635025 0.959915 0.978526 0.530001 0.405593
0.984126 0.631576 1.575316 0.352641 0.143194 0.031277 0.466615 0.101919 1.169356 0.570564 0.209440 -0.407962 0.480355 0.215045
0.968254 0.578949 1.521732 0.170550 0.138324 0.015127 0.450744 0.049292 1.128139 0.538897 0.918699 0.946859 0.454912 0.108924
0.936508 0.473686 1.414556 -0.193659 0.128581 -0.017176 0.418998 -0.055971 1.049489 0.468277 0.130790 -0.478582 0.421283 -0.132797
0.888888 0.421051 1.253788 -0.375778 0.113968 -0.033329 0.371378 -0.108606 0.983568 0.442373 0.852778 0.920955 0.383700 -0.284508
0.873016 0.421051 1.200205 -0.375778 0.109097 -0.033329 0.355506 -0.108606 0.969248 0.449383 0.116470 -0.471572 0.368360 -0.296493
0.857142 0.473686 1.146613 -0.193659 0.104226 -0.017176 0.339632 -0.055971 0.979322 0.504864 0.862852 0.976435 0.342447 -0.163331
0.857142 0.631576 1.146613 0.352641 0.104226 0.031277 0.339632 0.101919 1.064698 0.635025 0.201846 -0.341410 0.358275 0.291537
0.873016 0.684212 1.200205 0.534760 0.109097 0.047429 0.355506 0.154555 1.109190 0.664743 0.907345 1.006153 0.392650 0.410096
0.936508 0.684212 1.414556 0.534760 0.128581 0.047429 0.418998 0.154555 1.159825 0.630968 0.252480 -0.375185 0.450942 0.353383
0.952380 0.684212 1.468140 0.534760 0.133452 0.047429 0.434869 0.154555 1.172678 0.622984 0.920198 0.998169 0.465726 0.341482
