0.000000 1.000000 -1.317157 1.532577 -0.114114 0.110009 -0.455870 0.439471 1.000000 1.570796 1.000000 1.570796 0.709856 -0.767084
0.015150 1.000000 -1.273382 1.532577 -0.110321 0.110009 -0.440720 0.439471 1.000115 1.555647 0.000115 -0.015149 0.700222 -0.783979
0.030303 1.000000 -1.229602 1.532577 -0.106528 0.110009 -0.425567 0.439471 1.000459 1.540503 1.000344 1.555652 0.690786 -0.801470
0.060606 0.947373 -1.142046 1.349048 -0.098943 0.096835 -0.395264 0.386844 0.949309 1.506911 -0.051035 -0.048741 0.630721 -0.774632
0.090909 0.947373 -1.054491 1.349048 -0.091357 0.096835 -0.364961 0.386844 0.951724 1.475130 1.002759 1.523871 0.612186 -0.814496
0.121212 0.947373 -0.966936 1.349048 -0.083772 0.096835 -0.334659 0.386844 0.955095 1.443542 -0.047664 -0.080329 0.594618 -0.857601
0.151515 0.894737 -0.879381 1.165492 -0.076186 0.083659 -0.304356 0.334208 0.907475 1.403048 0.955139 1.483377 0.534075 -0.832114
0.181818 0.894737 -0.791826 1.165492 -0.068601 0.083659 -0.274053 0.334208 0.913024 1.370318 -0.042116 -0.113059 0.517406 -0.883976
0.212121 0.894737 -0.704271 1.165492 -0.061015 0.083659 -0.243750 0.334208 0.919538 1.338018 0.961654 1.451076 0.502014 -0.940653
0.242424 0.894737 -0.616716 1.165492 -0.053430 0.083659 -0.213447 0.334208 0.926997 1.306205 -0.034656 -0.144872 0.488020 -1.002432
0.257574 0.894737 -0.572942 1.165492 -0.049638 0.083659 -0.198296 0.334208 0.931074 1.290499 0.965730 1.435370 0.481587 -1.035295
0.272727 0.842110 -0.529161 0.981963 -0.045845 0.070485 -0.183144 0.281581 0.885172 1.257595 -0.080559 -0.177775 0.427461 -0.994131
0.287877 0.842110 -0.485387 0.981963 -0.042052 0.070485 -0.167993 0.281581 0.889956 1.241399 0.970515 1.419174 0.421192 -1.032875
0.272727 0.789475 -0.529161 0.798407 -0.045845 0.057310 -0.183144 0.228946 0.835254 1.238178 -0.135261 -0.180996 0.380570 -0.896090
0.257574 0.736847 -0.572942 0.614878 -0.049638 0.044136 -0.198296 0.176318 0.780569 1.234511 0.915830 1.415508 0.343903 -0.726797
0.242424 0.684212 -0.616716 0.431322 -0.053430 0.030960 -0.213447 0.123683 0.725889 1.230286 -0.189941 -0.185222 0.312569 -0.525177
0.227271 0.631584 -0.660497 0.247793 -0.057223 0.017787 -0.228599 0.071056 0.671231 1.225380 0.861172 1.410601 0.288328 -0.301363
0.212121 0.578949 -0.704271 0.064237 -0.061015 0.004611 -0.243750 0.018420 0.616585 1.219596 -0.244586 -0.191005 0.273061 -0.075427
0.196968 0.526322 -0.748052 -0.119292 -0.064808 -0.008563 -0.258902 -0.034207 0.561971 1.212696 0.806557 1.403702 0.268317 0.131363
0.181818 0.421059 -0.791826 -0.486376 -0.068601 -0.034912 -0.274053 -0.139470 0.458637 1.163171 -0.347920 -0.240531 0.276255 0.470756
0.181818 0.368424 -0.791826 -0.669933 -0.068601 -0.048088 -0.274053 -0.192105 0.410845 1.112361 0.758765 1.352891 0.287666 0.611383
0.166665 0.315796 -0.835607 -0.853461 -0.072394 -0.061262 -0.289205 -0.244733 0.357078 1.085187 -0.401687 -0.267705 0.321342 0.702298
0.166665 0.210533 -0.835607 -1.220546 -0.072394 -0.087611 -0.289205 -0.349995 0.268517 0.901178 0.670204 1.168883 0.379249 0.880216
0.181818 0.157898 -0.791826 -1.404103 -0.068601 -0.100787 -0.274053 -0.402631 0.240810 0.715103 -0.429394 -0.453779 0.404836 0.973172
0.181818 0.105263 -0.791826 -1.587659 -0.068601 -0.113962 -0.274053 -0.455266 0.210090 0.524795 0.639485 0.978574 0.445006 1.028936
0.196968 0.105263 -0.748052 -1.587659 -0.064808 -0.113962 -0.258902 -0.455266 0.223331 0.490799 -0.416154 -0.487775 0.435840 1.053722
0.212121 0.052635 -0.704271 -1.771188 -0.061015 -0.127136 -0.243750 -0.507894 0.218554 0.243226 0.634707 0.731001 0.471182 1.123339
0.227271 0.052635 -0.660497 -1.771188 -0.057223 -0.127136 -0.228599 -0.507894 0.233287 0.227585 -0.401421 -0.503416 0.463526 1.147865
0.257574 0.052635 -0.572942 -1.771188 -0.049638 -0.127136 -0.198296 -0.507894 0.262897 0.201575 0.664318 0.704992 0.449355 1.198568
0.272727 0.105263 -0.529161 -1.587659 -0.045845 -0.113962 -0.183144 -0.455266 0.292336 0.368348 -0.371982 -0.336643 0.395559 1.188327
0.287877 0.157898 -0.485387 -1.404103 -0.042052 -0.100787 -0.167993 -0.402631 0.328337 0.501684 0.700319 0.838328 0.342066 1.175517
0.303030 0.210533 -0.441606 -1.220546 -0.038259 -0.087611 -0.152841 -0.349995 0.368987 0.607202 -0.331332 -0.231126 0.289051 1.159063
0.303030 0.263161 -0.441606 -1.037018 -0.038259 -0.074437 -0.152841 -0.297368 0.401348 0.715098 0.732680 0.946224 0.245962 1.096029
0.318180 0.315796 -0.397832 -0.853461 -0.034467 -0.061262 -0.137690 -0.244733 0.448292 0.781638 -0.284389 -0.164586 0.196416 1.058319
0.318180 0.368424 -0.397832 -0.669933 -0.034467 -0.048088 -0.137690 -0.192105 0.486800 0.858445 0.771189 1.023031 0.163112 0.948921
0.333333 0.368424 -0.354051 -0.669933 -0.030674 -0.048088 -0.122538 -0.192105 0.496837 0.835361 -0.274352 -0.187670 0.150541 1.002997
0.333333 0.315796 -0.354051 -0.853461 -0.030674 -0.061262 -0.122538 -0.244733 0.459171 0.758389 0.733523 0.946059 0.186108 1.106588
0.348483 0.263161 -0.310277 -1.037018 -0.026881 -0.074437 -0.107387 -0.297368 0.436685 0.646796 -0.296838 -0.299263 0.220611 1.224244
0.348483 0.210533 -0.310277 -1.220546 -0.026881 -0.087611 -0.107387 -0.349995 0.407142 0.543460 0.703980 0.842723 0.267810 1.273090
0.363636 0.157898 -0.266496 -1.404103 -0.023088 -0.100787 -0.092235 -0.402631 0.396437 0.409655 -0.307542 -0.433068 0.311921 1.345602
0.378786 0.105263 -0.222722 -1.587659 -0.019296 -0.113962 -0.077084 -0.455266 0.393140 0.271056 0.700682 0.704124 0.358982 1.403070
0.393938 0.052635 -0.178941 -1.771188 -0.015503 -0.127136 -0.061932 -0.507894 0.397439 0.132826 -0.303243 -0.571298 0.407963 1.449457
0.409091 0.052635 -0.135160 -1.771188 -0.011710 -0.127136 -0.046779 -0.507894 0.412463 0.127961 0.715706 0.699259 0.405939 1.478951
0.424241 0.000000 -0.091386 -1.954744 -0.007917 -0.140312 -0.031629 -0.560529 0.424241 0.000000 -0.291465 -0.699259 0.456966 1.514429
0.454544 0.000000 -0.003831 -1.954744 -0.000332 -0.140312 -0.001326 -0.560529 0.454544 0.000000 0.746009 0.699259 0.455872 1.568431
0.469697 0.000000 0.039950 -1.954744 0.003461 -0.140312 0.013827 -0.560529 0.469697 0.000000 -0.276312 -0.699259 0.456080 -1.546134
0.484847 0.000000 0.083724 -1.954744 0.007254 -0.140312 0.028977 -0.560529 0.484847 0.000000 0.761160 0.699259 0.456790 -1.519146
0.530303 0.105263 0.215060 -1.587659 0.018632 -0.113962 0.074433 -0.455266 0.540649 0.195948 -0.220511 -0.503310 0.358421 -1.408738
0.545453 0.157898 0.258834 -1.404103 0.022424 -0.100787 0.089583 -0.402631 0.567848 0.281778 0.788358 0.785089 0.311147 -1.351868
0.560606 0.263161 0.302615 -1.037018 0.026217 -0.074437 0.104736 -0.297368 0.619300 0.438887 -0.169058 -0.346201 0.219332 -1.232155
0.575756 0.368424 0.346389 -0.669933 0.030010 -0.048088 0.119886 -0.192105 0.683543 0.569239 0.852601 0.915440 0.148390 -1.012871
0.575756 0.421059 0.346389 -0.486376 0.030010 -0.034912 0.119886 -0.139470 0.713292 0.631435 -0.139309 -0.284005 0.124838 -0.860765
0.575756 0.526322 0.346389 -0.119292 0.030010 -0.008563 0.119886 -0.034207 0.780070 0.740572 0.919379 1.024577 0.139054 -0.277946
0.560606 0.631584 0.302615 0.247793 0.026217 0.017787 0.104736 0.071056 0.844499 0.844864 -0.074881 -0.179713 0.204560 0.596101
0.545453 0.789475 0.258834 0.798407 0.022424 0.057310 0.089583 0.228946 0.959578 0.966199 1.034459 1.145913 0.345423 1.197826
0.530303 0.842110 0.215060 0.981963 0.018632 0.070485 0.074433 0.281581 0.995173 1.008802 -0.039285 -0.137111 0.393346 1.312369
0.530303 0.894737 0.215060 1.165492 0.018632 0.083659 0.074433 0.334208 1.040085 1.035768 1.079370 1.172879 0.445134 1.351660
0.515150 0.894737 0.171279 1.165492 0.014839 0.083659 0.059280 0.334208 1.032441 1.048394 -0.046929 -0.124485 0.442852 1.395248
0.530303 0.894737 0.215060 1.165492 0.018632 0.083659 0.074433 0.334208 1.040085 1.035768 1.087013 1.160253 0.445134 1.351660
0.560606 0.894737 0.302615 1.165492 0.026217 0.083659 0.104736 0.334208 1.055857 1.011077 -0.031156 -0.149177 0.451191 1.267106
0.590909 0.894737 0.390170 1.165492 0.033803 0.083659 0.135039 0.334208 1.072254 0.987126 1.103410 1.136302 0.459173 1.186799
0.636362 0.894737 0.521499 1.165492 0.045181 0.083659 0.180492 0.334208 1.097958 0.952574 -0.005452 -0.183728 0.474533 1.075618
0.666665 0.947373 0.609054 1.349048 0.052766 0.096835 0.210795 0.386844 1.158429 0.957592 1.163881 1.141320 0.534798 1.071870
0.712121 0.947373 0.740390 1.349048 0.064145 0.096835 0.256250 0.386844 1.185171 0.926221 0.021290 -0.215099 0.554291 0.985744
0.818180 1.000000 1.046829 1.532577 0.090693 0.110009 0.362310 0.439471 1.292060 0.885068 1.270769 1.100167 0.653717 0.881340
0.848483 1.000000 1.134384 1.532577 0.098279 0.110009 0.392613 0.439471 1.311458 0.867184 0.040689 -0.232983 0.670986 0.841654
0.924241 1.000000 1.353275 1.532577 0.117243 0.110009 0.468371 0.439471 1.361698 0.824748 1.321009 1.057732 0.717947 0.753575
0.939394 1.000000 1.397056 1.532577 0.121036 0.110009 0.483524 0.439471 1.372028 0.816638 0.051019 -0.241094 0.727923 0.737706
0.969697 0.894737 1.484611 1.165492 0.128621 0.083659 0.513827 0.334208 1.319419 0.745215 1.268400 0.986308 0.675738 0.576678
0.984847 0.842110 1.528385 0.981963 0.132414 0.070485 0.528977 0.281581 1.295791 0.707428 0.027390 -0.278880 0.654979 0.489162
1.000000 0.736847 1.572166 0.614878 0.136207 0.044136 0.544130 0.176318 1.242153 0.635030 1.214763 0.913910 0.612393 0.313361
1.000000 0.684212 1.572166 0.431322 0.136207 0.030960 0.544130 0.123683 1.211671 0.600051 -0.003092 -0.313859 0.590099 0.223506
0.984847 0.684212 1.528385 0.431322 0.132414 0.030960 0.528977 0.123683 1.199196 0.607186 1.202288 0.921046 0.576157 0.229689
0.969697 0.578949 1.484611 0.064237 0.128621 0.004611 0.513827 0.018420 1.129378 0.538241 -0.072910 -0.382804 0.528362 0.035834
0.954544 0.578949 1.440830 0.064237 0.124828 0.004611 0.498674 0.018420 1.116395 0.545199 1.189304 0.928003 0.513638 0.036922
0.924241 0.578949 1.353275 0.064237 0.117243 0.004611 0.468371 0.018420 1.090598 0.559609 -0.098706 -0.368395 0.484272 0.039308
0.893938 0.684212 1.265720 0.431322 0.109657 0.030960 0.438068 0.123683 1.125732 0.653278 1.224438 1.021673 0.494008 0.275175
0.893938 0.736847 1.265720 0.614878 0.109657 0.044136 0.438068 0.176318 1.158477 0.689366 -0.065961 -0.332307 0.520434 0.382652
0.893938 0.789475 1.265720 0.798407 0.109657 0.057310 0.438068 0.228946 1.192642 0.723423 1.258603 1.055730 0.550632 0.481584
0.893938 0.947373 1.265720 1.349048 0.109657 0.096835 0.438068 0.386844 1.302552 0.814410 0.043949 -0.241320 0.658391 0.723381
