0.018183 0.761909 -1.472986 0.626694 -0.123761 0.053274 -0.442508 0.190480 0.762126 1.546936 0.762126 1.546936 0.535300 -0.406482
0.000000 0.809524 -1.533513 0.783352 -0.128847 0.066591 -0.460691 0.238095 0.809524 1.570796 0.047398 0.023861 0.577859 -0.477014
0.018183 0.809524 -1.472986 0.783352 -0.123761 0.066591 -0.442508 0.238095 0.809729 1.548339 0.762330 1.524478 0.563470 -0.493628
0.036363 0.809524 -1.412469 0.783352 -0.118677 0.066591 -0.424328 0.238095 0.810341 1.525907 0.048010 0.001429 0.549307 -0.511334
0.072727 0.809524 -1.291425 0.783352 -0.108506 0.066591 -0.387964 0.238095 0.812785 1.481198 0.764774 1.479769 0.521729 -0.550434
0.109090 0.809524 -1.170381 0.783352 -0.098336 0.066591 -0.351601 0.238095 0.816842 1.436845 0.052068 -0.042924 0.495286 -0.595242
0.163637 0.809524 -0.988810 0.783352 -0.083080 0.066591 -0.297054 0.238095 0.825898 1.371344 0.773830 1.414268 0.458177 -0.675667
0.200001 0.809524 -0.867766 0.783352 -0.072910 0.066591 -0.260691 0.238095 0.833865 1.328587 0.060034 -0.085681 0.435482 -0.740128
0.218181 0.809524 -0.807249 0.783352 -0.067826 0.066591 -0.242510 0.238095 0.838411 1.307534 0.778376 1.393215 0.424848 -0.776211
0.236364 0.809524 -0.746722 0.783352 -0.062740 0.066591 -0.224327 0.238095 0.843325 1.286715 0.064949 -0.106501 0.414738 -0.815162
0.218181 0.761909 -0.807249 0.626694 -0.067826 0.053274 -0.242510 0.190480 0.792533 1.291899 0.727584 1.398400 0.386709 -0.665806
0.200001 0.714287 -0.867766 0.470012 -0.072910 0.039954 -0.260691 0.142857 0.741759 1.297787 0.014175 -0.100613 0.363690 -0.501302
0.163637 0.666664 -0.988810 0.313330 -0.083080 0.026635 -0.297054 0.095235 0.686453 1.330098 0.672279 1.430711 0.361478 -0.310244
0.127274 0.571427 -1.109854 -0.000010 -0.093251 -0.000001 -0.333418 -0.000003 0.585429 1.351644 -0.086850 -0.079067 0.351325 0.000009
0.109090 0.523811 -1.170381 -0.156669 -0.098336 -0.013318 -0.351601 -0.047618 0.535050 1.365468 0.621901 1.444536 0.357221 0.134614
0.109090 0.428573 -1.170381 -0.470009 -0.098336 -0.039954 -0.351601 -0.142856 0.442240 1.321546 -0.179661 -0.122989 0.353065 0.385928
0.090910 0.333336 -1.230898 -0.783349 -0.103421 -0.066590 -0.369781 -0.238094 0.345510 1.304543 0.525171 1.427533 0.391098 0.572060
0.090910 0.238098 -1.230898 -1.096689 -0.103421 -0.093227 -0.369781 -0.333332 0.254863 1.206062 -0.270308 -0.221471 0.431608 0.733605
0.109090 0.142860 -1.170381 -1.410030 -0.098336 -0.119863 -0.351601 -0.428569 0.179749 0.918637 0.450057 1.140108 0.473962 0.883736
0.109090 0.095238 -1.170381 -1.566711 -0.098336 -0.133182 -0.351601 -0.476192 0.144814 0.717705 -0.305243 -0.422403 0.507128 0.934787
0.163637 0.095238 -0.988810 -1.566711 -0.083080 -0.133182 -0.297054 -0.476192 0.189334 0.527084 0.494577 0.949486 0.470954 1.013052
0.200001 0.095238 -0.867766 -1.566711 -0.072910 -0.133182 -0.260691 -0.476192 0.221519 0.444417 -0.273059 -0.505070 0.448905 1.069914
0.236364 0.095238 -0.746722 -1.566711 -0.062740 -0.133182 -0.224327 -0.476192 0.254830 0.383028 0.527889 0.888098 0.428811 1.130547
0.272728 0.142860 -0.625679 -1.410030 -0.052570 -0.119863 -0.187964 -0.428569 0.307879 0.482522 -0.220010 -0.405576 0.369252 1.157477
0.309091 0.238098 -0.504635 -1.096689 -0.042400 -0.093227 -0.151600 -0.333332 0.390164 0.656378 0.610174 1.061954 0.269315 1.143956
0.327271 0.333336 -0.444117 -0.783349 -0.037315 -0.066590 -0.133420 -0.238094 0.467139 0.794578 -0.143034 -0.267376 0.184446 1.060029
0.345454 0.428573 -0.383591 -0.470009 -0.032230 -0.039954 -0.115237 -0.142856 0.550467 0.892373 0.693501 1.159749 0.119629 0.892006
0.345454 0.523811 -0.383591 -0.156669 -0.032230 -0.013318 -0.115237 -0.047618 0.627469 0.987770 -0.066033 -0.171979 0.131391 0.391853
0.345454 0.571427 -0.383591 -0.000010 -0.032230 -0.000001 -0.115237 -0.000003 0.667733 1.027040 0.733765 1.199018 0.159818 0.000027
0.345454 0.523811 -0.383591 -0.156669 -0.032230 -0.013318 -0.115237 -0.047618 0.627469 0.987770 -0.106297 -0.211248 0.131391 0.391853
0.345454 0.476189 -0.383591 -0.313351 -0.032230 -0.026637 -0.115237 -0.095241 0.588298 0.943189 0.694595 1.154437 0.116274 0.690681
0.345454 0.428573 -0.383591 -0.470009 -0.032230 -0.039954 -0.115237 -0.142856 0.550467 0.892373 -0.144128 -0.262063 0.119629 0.892006
0.363635 0.333336 -0.323073 -0.783349 -0.027145 -0.066590 -0.097056 -0.238094 0.493298 0.741953 0.637426 1.004016 0.160123 1.183722
0.381818 0.190476 -0.262547 -1.253371 -0.022059 -0.106546 -0.078873 -0.380954 0.426692 0.462739 -0.210734 -0.541277 0.281491 1.366640
0.399998 0.095238 -0.202029 -1.566711 -0.016975 -0.133182 -0.060693 -0.476192 0.411180 0.233743 0.621914 0.775021 0.370459 1.444025
0.418181 0.047622 -0.141503 -1.723370 -0.011889 -0.146499 -0.042510 -0.523807 0.420884 0.113391 -0.201029 -0.661629 0.415250 1.489819
0.454545 0.000000 -0.020459 -1.880052 -0.001719 -0.159818 -0.006146 -0.571430 0.454545 0.000000 0.655574 0.661629 0.460732 1.560041
0.490908 0.000000 0.100585 -1.880052 0.008451 -0.159818 0.030217 -0.571430 0.490908 0.000000 -0.164666 -0.661629 0.461681 -1.517965
0.509092 0.095238 0.161112 -1.566711 0.013537 -0.133182 0.048400 -0.476192 0.517923 0.184936 0.682589 0.846565 0.368645 -1.469504
0.545455 0.238098 0.282155 -1.096689 0.023707 -0.093227 0.084764 -0.333332 0.595157 0.411581 -0.087432 -0.434984 0.238186 -1.321781
0.545455 0.285713 0.282155 -0.940031 0.023707 -0.079910 0.084764 -0.285716 0.615754 0.482511 0.703186 0.917496 0.194428 -1.282396
0.545455 0.428573 0.282155 -0.470009 0.023707 -0.039954 0.084764 -0.142856 0.693683 0.665971 -0.009503 -0.251524 0.090645 -1.035280
0.545455 0.571427 0.282155 -0.000010 0.023707 -0.000001 0.084764 -0.000003 0.789968 0.808648 0.799471 1.060172 0.139453 -0.000037
0.545455 0.666664 0.282155 0.313330 0.023707 0.026635 0.084764 0.095235 0.861372 0.885065 0.061901 -0.175107 0.222733 0.843504
0.527272 0.714287 0.221629 0.470012 0.018621 0.039954 0.066581 0.142857 0.887818 0.934903 0.825917 1.110011 0.262190 1.134663
0.509092 0.809524 0.161112 0.783352 0.013537 0.066591 0.048400 0.238095 0.956297 1.009414 0.130380 -0.100597 0.352175 1.370247
0.490908 0.809524 0.100585 0.783352 0.008451 0.066591 0.030217 0.238095 0.946742 1.025673 0.816362 1.126270 0.350140 1.444558
0.490908 0.857147 0.100585 0.940034 0.008451 0.079910 0.030217 0.285717 0.987771 1.050674 0.171409 -0.075595 0.397606 1.465429
0.490908 0.904762 0.100585 1.096692 0.008451 0.093227 0.030217 0.333333 1.029362 1.073666 0.857953 1.149261 0.445098 1.480391
0.527272 0.904762 0.221629 1.096692 0.018621 0.093227 0.066581 0.333333 1.047192 1.043139 0.189239 -0.106121 0.449035 1.373648
0.545455 0.904762 0.282155 1.096692 0.023707 0.093227 0.084764 0.333333 1.056464 1.028268 0.867225 1.134390 0.452089 1.321782
0.599999 0.904762 0.463717 1.096692 0.038962 0.093227 0.139308 0.333333 1.085630 0.985228 0.218405 -0.149162 0.465409 1.174934
0.654546 0.952385 0.645287 1.253374 0.054217 0.106546 0.193854 0.380955 1.155624 0.968665 0.937218 1.117827 0.528528 1.100083
0.727272 0.952385 0.887375 1.253374 0.074558 0.106546 0.266581 0.380955 1.198316 0.918627 0.261098 -0.199200 0.559310 0.960224
0.745453 0.952385 0.947893 1.253374 0.079643 0.106546 0.284762 0.380955 1.209436 0.906680 0.948339 1.105880 0.568201 0.928901
0.836363 1.000000 1.250507 1.410033 0.105068 0.119863 0.375672 0.428570 1.303650 0.874273 0.355311 -0.231607 0.657254 0.851078
0.872726 1.000000 1.371551 1.410033 0.115239 0.119863 0.412035 0.428570 1.327272 0.853255 0.971961 1.084862 0.678695 0.805066
0.909090 1.000000 1.492595 1.410033 0.125409 0.119863 0.448399 0.428570 1.351460 0.832982 0.379499 -0.251881 0.701367 0.762792
0.945453 1.000000 1.613639 1.410033 0.135579 0.119863 0.484762 0.428570 1.376184 0.813429 0.996685 1.065309 0.725154 0.723952
0.963634 0.952385 1.674156 1.253374 0.140664 0.106546 0.502943 0.380955 1.354853 0.779527 0.358168 -0.285782 0.703359 0.648254
1.000000 0.857147 1.795209 0.940034 0.150835 0.079910 0.539309 0.285717 1.317080 0.708629 0.958912 0.994411 0.669351 0.487190
1.000000 0.761909 1.795209 0.626694 0.150835 0.053274 0.539309 0.190480 1.257182 0.651080 0.298269 -0.343331 0.617727 0.339516
1.000000 0.666664 1.795209 0.313330 0.150835 0.026635 0.539309 0.095235 1.201849 0.588001 0.903580 0.931332 0.577303 0.174785
1.000000 0.523811 1.795209 -0.156669 0.150835 -0.013318 0.539309 -0.047618 1.128884 0.482515 0.225304 -0.448818 0.542990 -0.088067
0.963634 0.428573 1.674156 -0.470009 0.140664 -0.039954 0.502943 -0.142856 1.054640 0.418477 0.829336 0.867295 0.503967 -0.276752
0.927270 0.428573 1.553112 -0.470009 0.130493 -0.039954 0.466579 -0.142856 1.021521 0.432943 0.192185 -0.434352 0.467683 -0.297115
0.872726 0.428573 1.371551 -0.470009 0.115239 -0.039954 0.412035 -0.142856 0.972279 0.456482 0.780094 0.890833 0.413285 -0.333740
0.854543 0.476189 1.311024 -0.313351 0.110153 -0.026637 0.393852 -0.095241 0.978264 0.508387 0.198170 -0.382446 0.394157 -0.237264
0.836363 0.571427 1.250507 -0.000010 0.105068 -0.000001 0.375672 -0.000003 1.012932 0.599381 0.814762 0.981826 0.391652 -0.000008
0.836363 0.619049 1.250507 0.156672 0.105068 0.013318 0.375672 0.047619 1.040541 0.637179 0.225778 -0.344647 0.407684 0.126085
0.854543 0.761909 1.311024 0.626694 0.110153 0.053274 0.393852 0.190480 1.144880 0.728154 0.919101 1.072801 0.495835 0.450468
