0.000000 0.833333 -1.809638 0.886250 -0.147585 0.069610 -0.562466 0.265294 0.833333 1.570796 0.833333 1.570796 0.624289 -0.440721
0.000000 0.791670 -1.809638 0.747067 -0.147585 0.058678 -0.562466 0.223630 0.791670 1.570796 -0.041664 0.000000 0.607373 -0.378426
0.028985 0.791670 -1.716382 0.747067 -0.139980 0.058678 -0.533480 0.223630 0.792200 1.534200 0.833864 1.534200 0.580634 -0.396940
0.072463 0.791670 -1.576502 0.747067 -0.128572 0.058678 -0.490003 0.223630 0.794979 1.479519 -0.038885 -0.054680 0.540960 -0.428151
0.115942 0.791670 -1.436615 0.747067 -0.117163 0.058678 -0.446524 0.223630 0.800115 1.425378 0.838999 1.480058 0.501914 -0.464307
0.144927 0.791670 -1.343359 0.747067 -0.109558 0.058678 -0.417538 0.223630 0.804826 1.389736 -0.034173 -0.090322 0.476312 -0.491714
0.188404 0.791670 -1.203478 0.747067 -0.098150 0.058678 -0.374061 0.223630 0.813780 1.337159 0.847953 1.427481 0.438698 -0.538832
0.217390 0.791670 -1.110223 0.747067 -0.090544 0.058678 -0.345076 0.223630 0.820975 1.302805 -0.026978 -0.124676 0.414261 -0.575011
0.246375 0.791670 -1.016967 0.747067 -0.082939 0.058678 -0.316090 0.223630 0.829121 1.269087 0.856099 1.393763 0.390445 -0.615734
0.260869 0.791670 -0.970335 0.747067 -0.079136 0.058678 -0.301596 0.223630 0.833543 1.252484 -0.022556 -0.141280 0.378807 -0.638031
0.289855 0.791670 -0.877079 0.747067 -0.071530 0.058678 -0.272611 0.223630 0.843064 1.219824 0.865620 1.361103 0.356162 -0.687013
0.289855 0.750000 -0.877079 0.607863 -0.071530 0.047744 -0.272611 0.181960 0.804062 1.202005 -0.061558 -0.159098 0.330886 -0.588560
0.289855 0.666667 -0.877079 0.329477 -0.071530 0.025879 -0.272611 0.098627 0.726953 1.160669 0.788511 1.319768 0.291847 -0.347136
0.275361 0.583333 -0.923711 0.051091 -0.075333 0.004013 -0.287105 0.015294 0.645059 1.129760 -0.143452 -0.190008 0.287862 -0.053218
0.246375 0.500000 -1.016967 -0.227296 -0.082939 -0.017853 -0.316090 -0.068040 0.557405 1.112965 0.700857 1.302972 0.322203 0.212019
0.246375 0.416667 -1.016967 -0.505682 -0.082939 -0.039719 -0.316090 -0.151373 0.484058 1.036798 -0.216799 -0.266175 0.348095 0.446619
0.231884 0.333333 -1.063591 -0.784069 -0.086741 -0.061585 -0.330582 -0.234706 0.406056 0.962995 0.622855 1.229170 0.402226 0.617392
0.231884 0.250000 -1.063591 -1.062455 -0.086741 -0.083450 -0.330582 -0.318040 0.340984 0.822975 -0.281871 -0.406195 0.454884 0.766064
0.246375 0.208336 -1.016967 -1.201638 -0.082939 -0.094382 -0.316090 -0.359703 0.322653 0.701937 0.604524 1.108132 0.474679 0.849845
0.260869 0.166667 -0.970335 -1.340841 -0.079136 -0.105316 -0.301596 -0.401373 0.309565 0.568525 -0.294959 -0.539607 0.497612 0.926392
0.275361 0.125003 -0.923711 -1.480024 -0.075333 -0.116248 -0.287105 -0.443037 0.302406 0.426143 0.597365 0.965750 0.523262 0.995801
0.289855 0.125003 -0.877079 -1.480024 -0.071530 -0.116248 -0.272611 -0.443037 0.315661 0.407162 -0.281705 -0.558588 0.515451 1.019185
0.333332 0.125003 -0.737199 -1.480024 -0.060122 -0.116248 -0.229134 -0.443037 0.356000 0.358780 0.637704 0.917368 0.493838 1.093492
0.362320 0.166667 -0.643936 -1.340841 -0.052516 -0.105316 -0.200146 -0.401373 0.398815 0.431138 -0.238890 -0.486230 0.443526 1.108226
0.376811 0.208336 -0.597312 -1.201638 -0.048714 -0.094382 -0.185654 -0.359703 0.430570 0.505062 0.669460 0.991292 0.399844 1.094326
0.391305 0.291670 -0.550680 -0.923251 -0.044911 -0.072517 -0.171161 -0.276370 0.488048 0.640536 -0.181412 -0.350757 0.320354 1.016294
0.405797 0.458336 -0.504056 -0.366479 -0.041108 -0.028785 -0.156669 -0.109703 0.612163 0.846124 0.793575 1.196881 0.188117 0.610875
0.420290 0.500000 -0.457425 -0.227296 -0.037305 -0.017853 -0.142175 -0.068040 0.653180 0.871796 -0.140395 -0.325085 0.155292 0.446351
0.420290 0.541670 -0.457425 -0.088092 -0.037305 -0.006919 -0.142175 -0.026370 0.685602 0.910914 0.825997 1.235999 0.143688 0.183391
0.420290 0.583333 -0.457425 0.051091 -0.037305 0.004013 -0.142175 0.015294 0.718973 0.946445 -0.107024 -0.289553 0.143698 -0.107157
0.420290 0.541670 -0.457425 -0.088092 -0.037305 -0.006919 -0.142175 -0.026370 0.685602 0.910914 0.792626 1.200467 0.143688 0.183391
0.420290 0.458336 -0.457425 -0.366479 -0.037305 -0.028785 -0.142175 -0.109703 0.621865 0.828673 -0.170761 -0.371794 0.176229 0.657186
0.420290 0.416667 -0.457425 -0.505682 -0.037305 -0.039719 -0.142175 -0.151373 0.591824 0.781068 0.762584 1.152863 0.203645 0.816721
0.420290 0.333333 -0.457425 -0.784069 -0.037305 -0.061585 -0.142175 -0.234706 0.536428 0.670521 -0.226156 -0.482342 0.269658 1.026154
0.434782 0.250000 -0.410800 -1.062455 -0.033503 -0.083450 -0.127684 -0.318040 0.501533 0.521835 0.727689 1.004177 0.337547 1.189023
0.449276 0.208336 -0.364169 -1.201638 -0.029700 -0.094382 -0.113190 -0.359703 0.495230 0.434201 -0.232459 -0.569975 0.371779 1.265931
0.478261 0.125003 -0.270913 -1.480024 -0.022094 -0.116248 -0.084204 -0.443037 0.494328 0.255651 0.726787 0.825626 0.445493 1.382975
0.507247 0.083333 -0.177657 -1.619228 -0.014489 -0.127182 -0.055219 -0.484706 0.514047 0.162831 -0.212740 -0.662795 0.482304 1.457363
0.565218 0.000000 0.008855 -1.897614 0.000722 -0.149048 0.002752 -0.568040 0.565218 0.000000 0.777958 0.662795 0.562472 -1.565951
0.594203 0.000000 0.102111 -1.897614 0.008328 -0.149048 0.031738 -0.568040 0.594203 0.000000 -0.183755 -0.662795 0.563360 -1.514982
0.623189 0.000000 0.195366 -1.897614 0.015933 -0.149048 0.060723 -0.568040 0.623189 0.000000 0.806944 0.662795 0.565734 -1.464301
0.637680 0.041670 0.241991 -1.758410 0.019736 -0.138114 0.075215 -0.526370 0.639040 0.065253 -0.167903 -0.597542 0.526199 -1.428864
0.666666 0.125003 0.335247 -1.480024 0.027341 -0.116248 0.104200 -0.443037 0.678284 0.185353 0.846187 0.782895 0.449701 -1.339799
0.666666 0.208336 0.335247 -1.201638 0.027341 -0.094382 0.104200 -0.359703 0.698461 0.302889 -0.147726 -0.480005 0.369141 -1.288830
0.681160 0.333333 0.381878 -0.784069 0.031144 -0.061585 0.118694 -0.234706 0.758347 0.455101 0.906073 0.935106 0.258050 -1.102589
0.666666 0.625003 0.335247 0.190294 0.027341 0.014947 0.104200 0.056963 0.913823 0.753154 0.007750 -0.181951 0.121526 0.500285
0.652174 0.750000 0.288622 0.607863 0.023539 0.047744 0.089709 0.181960 0.993897 0.855052 0.986147 1.037004 0.207886 1.112755
0.637680 0.833333 0.241991 0.886250 0.019736 0.069610 0.075215 0.265294 1.049324 0.917628 0.063177 -0.119376 0.281117 1.294531
0.623189 0.916667 0.195366 1.164636 0.015933 0.091476 0.060723 0.348627 1.108441 0.973727 1.045264 1.093104 0.359368 1.398348
0.594203 1.000000 0.102111 1.443022 0.008328 0.113342 0.031738 0.431960 1.163219 1.034650 0.117954 -0.058454 0.438684 1.497455
0.579710 1.000000 0.055479 1.443022 0.004525 0.113342 0.017244 0.431960 1.155882 1.045430 1.037928 1.103884 0.437874 1.530898
0.594203 0.958336 0.102111 1.303840 0.008328 0.102410 0.031738 0.390297 1.127602 1.015774 0.089674 -0.088109 0.397141 1.489658
0.623189 0.958336 0.195366 1.303840 0.015933 0.102410 0.060723 0.390297 1.143142 0.994223 1.053467 1.082332 0.400501 1.416452
0.666666 0.958336 0.335247 1.303840 0.027341 0.102410 0.104200 0.390297 1.167413 0.962996 0.113945 -0.119336 0.409355 1.309904
0.710145 0.958336 0.475134 1.303840 0.038750 0.102410 0.147680 0.390297 1.192776 0.933068 1.078831 1.052404 0.422520 1.209068
0.753622 0.958336 0.615014 1.303840 0.050158 0.102410 0.191157 0.390297 1.219162 0.904412 0.140331 -0.147992 0.439607 1.115364
0.855073 0.958336 0.941413 1.303840 0.076777 0.102410 0.292607 0.390297 1.284351 0.842281 1.144020 0.990273 0.492273 0.927485
0.898552 0.958336 1.081301 1.303840 0.088186 0.102410 0.336086 0.390297 1.313699 0.817583 0.169678 -0.172690 0.519295 0.859891
0.927537 0.958336 1.174556 1.303840 0.095791 0.102410 0.365072 0.390297 1.333692 0.801728 1.164014 0.974418 0.538508 0.818780
0.956523 0.958336 1.267812 1.303840 0.103397 0.102410 0.394057 0.390297 1.354011 0.786345 0.189997 -0.188073 0.558565 0.780604
0.956523 0.916667 1.267812 1.164636 0.103397 0.091476 0.394057 0.348627 1.324845 0.764124 1.134848 0.952197 0.529848 0.724304
0.956523 0.875003 1.267812 1.025453 0.103397 0.080544 0.394057 0.306963 1.296367 0.740918 0.161519 -0.211279 0.502952 0.661793
0.942029 0.833333 1.221181 0.886250 0.099593 0.069610 0.379563 0.265294 1.257721 0.724250 1.096203 0.935529 0.466302 0.610017
0.927537 0.750000 1.174556 0.607863 0.095791 0.047744 0.365072 0.181960 1.192823 0.679958 0.096620 -0.255571 0.410422 0.462386
0.898552 0.625003 1.081301 0.190294 0.088186 0.014947 0.336086 0.056963 1.094543 0.607745 0.997923 0.863315 0.341855 0.167895
0.898552 0.583333 1.081301 0.051091 0.088186 0.004013 0.336086 0.015294 1.071295 0.575807 0.073372 -0.287508 0.336733 0.045474
0.898552 0.458336 1.081301 -0.366479 0.088186 -0.028785 0.336086 -0.109703 1.008696 0.471682 0.935324 0.759189 0.351848 -0.315510
0.913044 0.416667 1.127925 -0.505682 0.091988 -0.039719 0.350578 -0.151373 1.003623 0.428121 0.068299 -0.331068 0.379687 -0.407601
0.927537 0.375003 1.174556 -0.644865 0.095791 -0.050651 0.365072 -0.193037 1.000476 0.384208 0.932177 0.715276 0.410390 -0.486393
0.956523 0.333333 1.267812 -0.784069 0.103397 -0.061585 0.394057 -0.234706 1.012940 0.335324 0.080763 -0.379952 0.455832 -0.537189
0.971015 0.333333 1.314437 -0.784069 0.107199 -0.061585 0.408549 -0.234706 1.026635 0.330679 0.945873 0.710631 0.468416 -0.521449
0.985508 0.333333 1.361068 -0.784069 0.111002 -0.061585 0.423043 -0.234706 1.040355 0.326155 0.094482 -0.384475 0.481110 -0.506525
1.000000 0.458336 1.407692 -0.366479 0.114804 -0.028785 0.437534 -0.109703 1.100033 0.429765 1.005551 0.814240 0.449755 -0.245666
1.000000 0.541670 1.407692 -0.088092 0.114804 -0.006919 0.437534 -0.026370 1.137280 0.496425 0.131729 -0.317815 0.438028 -0.060196
1.000000 0.708336 1.407692 0.468681 0.114804 0.036812 0.437534 0.140297 1.225455 0.616299 1.093726 0.934114 0.461210 0.310295
0.985508 0.833333 1.361068 0.886250 0.111002 0.069610 0.423043 0.265294 1.290609 0.701927 0.196883 -0.232187 0.502329 0.560114
0.985508 0.916667 1.361068 1.164636 0.111002 0.091476 0.423043 0.348627 1.345921 0.749223 1.149039 0.981410 0.551746 0.689261
0.971015 0.958336 1.314437 1.303840 0.107199 0.102410 0.408549 0.390297 1.364287 0.778827 0.215248 -0.202583 0.568881 0.762554
0.956523 1.000000 1.267812 1.443022 0.103397 0.113342 0.394057 0.431960 1.383812 0.807616 1.168564 1.010199 0.588827 0.831253
