0.000000 0.479999 -1.835522 0.067083 -0.154374 0.005383 -0.550537 0.019199 0.479999 1.570796 0.479999 1.570796 0.555038 -0.034858
0.016128 0.479999 -1.781751 0.067083 -0.149852 0.005383 -0.534410 0.019199 0.480269 1.537209 0.000271 -0.033587 0.539045 -0.035909
0.064516 0.440002 -1.620422 -0.072672 -0.136284 -0.005832 -0.486022 -0.020798 0.444706 1.425207 0.444436 1.458794 0.498433 0.042767
0.112904 0.440002 -1.459093 -0.072672 -0.122715 -0.005832 -0.437633 -0.020798 0.454256 1.319616 0.009821 -0.139178 0.451377 0.047489
0.145162 0.440002 -1.351543 -0.072672 -0.113670 -0.005832 -0.405375 -0.020798 0.463329 1.252127 0.453508 1.391305 0.420175 0.051261
0.177420 0.440002 -1.243993 -0.072672 -0.104624 -0.005832 -0.373117 -0.020798 0.474425 1.187512 0.020917 -0.203793 0.389146 0.055684
0.209678 0.479999 -1.136444 0.067083 -0.095579 0.005383 -0.340859 0.019199 0.523797 1.158948 0.502880 1.362741 0.348082 -0.056265
0.241936 0.479999 -1.028894 0.067083 -0.086534 0.005383 -0.308601 0.019199 0.537524 1.103926 0.034644 -0.258815 0.316561 -0.062131
0.258064 0.479999 -0.975123 0.067083 -0.082011 0.005383 -0.292474 0.019199 0.544973 1.077496 0.510329 1.336311 0.300860 -0.065548
0.274194 0.479999 -0.921344 0.067083 -0.077488 0.005383 -0.276343 0.019199 0.552794 1.051793 0.042465 -0.284519 0.285204 -0.069362
0.290322 0.479999 -0.867573 0.067083 -0.072966 0.005383 -0.260216 0.019199 0.560968 1.026826 0.518504 1.311345 0.269607 -0.073646
0.274194 0.440002 -0.921344 -0.072672 -0.077488 -0.005832 -0.276343 -0.020798 0.518444 1.013517 -0.000060 -0.297828 0.297630 0.075121
0.258064 0.319999 -0.975123 -0.491980 -0.082011 -0.039481 -0.292474 -0.140801 0.411092 0.892134 0.411152 1.189962 0.372409 0.448669
0.241936 0.280002 -1.028894 -0.631736 -0.086534 -0.050697 -0.308601 -0.180798 0.370046 0.858201 -0.041105 -0.331760 0.410395 0.529959
0.241936 0.200002 -1.028894 -0.911267 -0.086534 -0.073129 -0.308601 -0.260798 0.313901 0.690796 0.355007 1.022556 0.467022 0.701640
0.241936 0.160000 -1.028894 -1.051044 -0.086534 -0.084346 -0.308601 -0.300800 0.290057 0.584299 -0.064950 -0.438257 0.497750 0.772598
0.241936 0.080000 -1.028894 -1.330575 -0.086534 -0.106779 -0.308601 -0.380800 0.254820 0.319347 0.319769 0.757604 0.562708 0.889745
0.258064 0.040003 -0.975123 -1.470330 -0.082011 -0.117994 -0.292474 -0.420797 0.261146 0.153788 -0.058623 -0.603817 0.588376 0.963402
0.290322 0.000000 -0.867573 -1.610107 -0.072966 -0.129211 -0.260216 -0.460800 0.290322 0.000000 0.348945 0.603817 0.608937 1.056734
0.306452 0.000000 -0.813794 -1.610107 -0.068443 -0.129211 -0.244085 -0.460800 0.306452 0.000000 -0.042493 -0.603817 0.602220 1.083673
0.322580 0.000000 -0.760023 -1.610107 -0.063921 -0.129211 -0.227958 -0.460800 0.322580 0.000000 0.365073 0.603817 0.595866 1.111398
0.354838 0.000000 -0.652473 -1.610107 -0.054875 -0.129211 -0.195700 -0.460800 0.354838 0.000000 -0.010235 -0.603817 0.584286 1.169184
0.370968 0.000000 -0.598694 -1.610107 -0.050352 -0.129211 -0.179569 -0.460800 0.370968 0.000000 0.381203 0.603817 0.579083 1.199209
0.387096 0.040003 -0.544923 -1.470330 -0.045830 -0.117994 -0.163442 -0.420797 0.389157 0.102976 0.007954 -0.500841 0.536059 1.200321
0.403226 0.160000 -0.491144 -1.051044 -0.041307 -0.084346 -0.147311 -0.300800 0.433810 0.377743 0.425856 0.878584 0.417397 1.115397
0.419354 0.239999 -0.437373 -0.771512 -0.036785 -0.061914 -0.131184 -0.220801 0.483174 0.519808 0.057318 -0.358776 0.337110 1.034706
0.419354 0.319999 -0.437373 -0.491980 -0.036785 -0.039481 -0.131184 -0.140801 0.527501 0.651818 0.470183 1.010594 0.265249 0.820743
0.419354 0.399999 -0.437373 -0.212449 -0.036785 -0.017049 -0.131184 -0.060801 0.579531 0.761780 0.109349 -0.248814 0.199677 0.434008
0.419354 0.440002 -0.437373 -0.072672 -0.036785 -0.005832 -0.131184 -0.020798 0.607831 0.809421 0.498483 1.058234 0.171544 0.157235
0.419354 0.399999 -0.437373 -0.212449 -0.036785 -0.017049 -0.131184 -0.060801 0.579531 0.761780 0.081049 -0.296454 0.199677 0.434008
0.435484 0.360002 -0.383594 -0.352204 -0.032262 -0.028264 -0.115053 -0.100798 0.565020 0.690793 0.483971 0.987247 0.222578 0.719451
0.435484 0.319999 -0.383594 -0.491980 -0.032262 -0.039481 -0.115053 -0.140801 0.540413 0.633710 0.056441 -0.353538 0.257653 0.885694
0.435484 0.239999 -0.383594 -0.771512 -0.032262 -0.061914 -0.115053 -0.220801 0.497238 0.503694 0.440797 0.857232 0.331167 1.090432
0.451612 0.200002 -0.329824 -0.911267 -0.027739 -0.073129 -0.098926 -0.260798 0.493917 0.416903 0.053120 -0.440329 0.364227 1.208244
0.467742 0.160000 -0.276045 -1.051044 -0.023216 -0.084346 -0.082795 -0.300800 0.494351 0.329591 0.441230 0.769919 0.399218 1.302197
0.483870 0.120003 -0.222274 -1.190799 -0.018694 -0.095562 -0.066668 -0.340797 0.498528 0.243101 0.057298 -0.526818 0.435666 1.377613
0.532258 0.040003 -0.060945 -1.470330 -0.005126 -0.117994 -0.018280 -0.420797 0.533759 0.075016 0.476461 0.601834 0.510862 1.527383
0.564516 0.040003 0.046605 -1.470330 0.003920 -0.117994 0.013978 -0.420797 0.565932 0.070744 0.089470 -0.531090 0.510726 -1.537589
0.596774 0.040003 0.154155 -1.470330 0.012965 -0.117994 0.046236 -0.420797 0.598113 0.066932 0.508643 0.598022 0.512624 -1.461357
0.612904 0.080000 0.207934 -1.330575 0.017488 -0.106779 0.062367 -0.380800 0.618103 0.129792 0.109460 -0.468230 0.474653 -1.408460
0.629032 0.160000 0.261705 -1.051044 0.022010 -0.084346 0.078494 -0.300800 0.649062 0.249076 0.539601 0.717306 0.398348 -1.315537
0.629032 0.239999 0.261705 -0.771512 0.022010 -0.061914 0.078494 -0.220801 0.673261 0.364490 0.133660 -0.352817 0.320305 -1.229231
0.629032 0.319999 0.261705 -0.491980 0.022010 -0.039481 0.078494 -0.140801 0.705748 0.470597 0.572088 0.823413 0.243535 -1.062224
0.612904 0.440002 0.207934 -0.072672 0.017488 -0.005832 0.062367 -0.020798 0.754489 0.622636 0.182400 -0.200777 0.126916 -0.321886
0.580646 0.639998 0.100384 0.626146 0.008443 0.050248 0.030109 0.179198 0.864146 0.833983 0.681745 1.034760 0.094391 1.404332
0.564516 0.719998 0.046605 0.905678 0.003920 0.072681 0.013978 0.259198 0.914918 0.905856 0.233173 -0.128905 0.170036 1.516919
0.548388 0.799998 -0.007166 1.185209 -0.000603 0.095113 -0.002149 0.339198 0.969910 0.969877 0.736737 1.098782 0.249469 -1.564460
0.548388 0.840000 -0.007166 1.324986 -0.000603 0.106330 -0.002149 0.379201 1.003160 0.992425 0.266423 -0.106356 0.289471 -1.565128
0.532258 0.840000 -0.060945 1.324986 -0.005126 0.106330 -0.018280 0.379201 0.994434 1.006008 0.728011 1.112364 0.290040 -1.522628
0.564516 0.840000 0.046605 1.324986 0.003920 0.106330 0.013978 0.379201 1.012067 0.979081 0.284056 -0.133283 0.289800 1.533950
0.612904 0.879997 0.207934 1.464741 0.017488 0.117546 0.062367 0.419197 1.072402 0.962434 0.788347 1.095717 0.335311 1.423103
0.677420 0.879997 0.423034 1.464741 0.035579 0.117546 0.126883 0.419197 1.110537 0.914744 0.322191 -0.180973 0.353048 1.276883
0.725806 0.879997 0.584354 1.464741 0.049146 0.117546 0.175268 0.419197 1.140697 0.881126 0.818506 1.062099 0.373179 1.174780
0.790322 0.879997 0.799454 1.464741 0.067237 0.117546 0.239784 0.419197 1.182795 0.839034 0.364289 -0.223064 0.407480 1.051213
0.822580 0.920000 0.907004 1.604517 0.076282 0.128763 0.272042 0.459200 1.234114 0.841246 0.869826 1.064310 0.458813 1.035964
0.887096 0.920000 1.122104 1.604517 0.094373 0.128763 0.336558 0.459200 1.278022 0.803605 0.408196 -0.260706 0.499774 0.938315
0.903226 0.920000 1.175883 1.604517 0.098896 0.128763 0.352689 0.459200 1.289270 0.794598 0.881074 1.055304 0.510776 0.915843
0.919354 0.920000 1.229654 1.604517 0.103418 0.128763 0.368816 0.459200 1.300620 0.785750 0.419546 -0.269554 0.522042 0.894125
0.903226 0.879997 1.175883 1.464741 0.098896 0.117546 0.352689 0.419197 1.261036 0.772373 0.841491 1.041927 0.482631 0.871350
0.903226 0.840000 1.175883 1.324986 0.098896 0.106330 0.352689 0.379201 1.233458 0.749145 0.391967 -0.292782 0.456265 0.821606
0.887096 0.799998 1.122104 1.185209 0.094373 0.095113 0.336558 0.339198 1.194544 0.733818 0.802577 1.026600 0.418929 0.789304
0.887096 0.719998 1.122104 0.905678 0.094373 0.072681 0.336558 0.259198 1.142513 0.681795 0.339936 -0.344805 0.376813 0.656268
0.887096 0.639998 1.122104 0.626146 0.094373 0.050248 0.336558 0.179198 1.093863 0.624979 0.753927 0.969784 0.348245 0.489264
0.887096 0.520001 1.122104 0.206859 0.094373 0.016600 0.336558 0.059201 1.028271 0.530199 0.274344 -0.439585 0.337941 0.174121
0.903226 0.479999 1.175883 0.067083 0.098896 0.005383 0.352689 0.019199 1.022847 0.488472 0.748503 0.928057 0.359673 0.054381
0.935484 0.440002 1.283433 -0.072672 0.107941 -0.005832 0.384947 -0.020798 1.033795 0.439645 0.285292 -0.488412 0.400502 -0.053977
0.951612 0.399999 1.337203 -0.212449 0.112464 -0.017049 0.401074 -0.060801 1.032262 0.397915 0.746970 0.886328 0.428395 -0.150450
0.983870 0.440002 1.444753 -0.072672 0.121509 -0.005832 0.433332 -0.020798 1.077776 0.420536 0.330806 -0.465792 0.447208 -0.047959
1.000000 0.440002 1.498532 -0.072672 0.126032 -0.005832 0.449463 -0.020798 1.092521 0.414508 0.761715 0.880300 0.462855 -0.046241
1.000000 0.520001 1.498532 0.206859 0.126032 0.016600 0.449463 0.059201 1.127121 0.479520 0.365406 -0.400780 0.450499 0.130962
1.000000 0.600001 1.498532 0.486391 0.126032 0.039033 0.449463 0.139201 1.166191 0.540420 0.800785 0.941200 0.452176 0.300337
1.000000 0.760001 1.498532 1.045454 0.126032 0.083898 0.449463 0.299201 1.256026 0.649871 0.455241 -0.291329 0.495874 0.587323
0.967742 0.879997 1.390982 1.464741 0.116987 0.117546 0.417205 0.419197 1.308021 0.737946 0.852780 1.029276 0.531605 0.787781
0.967742 0.920000 1.390982 1.604517 0.116987 0.128763 0.417205 0.459200 1.335262 0.760113 0.482482 -0.269162 0.557281 0.833280
0.951612 1.000000 1.337203 1.884049 0.112464 0.151195 0.401074 0.539200 1.380422 0.810187 0.897940 1.079350 0.602393 0.931254
