0.000000 0.535717 -1.935767 0.288987 -0.148829 0.023458 -0.525926 0.082894 0.535717 1.570796 0.535717 1.570796 0.526017 -0.156329
0.000000 0.500000 -1.935767 0.164469 -0.148829 0.013350 -0.525926 0.047177 0.500000 1.570796 -0.035717 0.000000 0.526564 -0.089463
0.046153 0.464288 -1.765894 0.039970 -0.135768 0.003244 -0.479773 0.011465 0.466577 1.471717 0.502294 1.471717 0.483716 -0.023893
0.061538 0.464288 -1.709264 0.039970 -0.131414 0.003244 -0.464387 0.011465 0.468349 1.439021 -0.033945 -0.032696 0.468460 -0.024684
0.092308 0.464288 -1.596012 0.039970 -0.122707 0.003244 -0.433618 0.011465 0.473376 1.374540 0.507320 1.407236 0.437977 -0.026435
0.138460 0.464288 -1.426138 0.039970 -0.109647 0.003244 -0.387465 0.011465 0.484495 1.280973 -0.022826 -0.126263 0.392337 -0.029582
0.169229 0.500000 -1.312887 0.164469 -0.100939 0.013350 -0.356696 0.047177 0.527862 1.244440 0.550688 1.370703 0.357637 -0.131497
0.199999 0.500000 -1.199635 0.164469 -0.092232 0.013350 -0.325927 0.047177 0.538516 1.190292 -0.012172 -0.180411 0.326956 -0.143748
0.215384 0.500000 -1.143005 0.164469 -0.087878 0.013350 -0.310541 0.047177 0.544418 1.164050 0.556590 1.344460 0.311621 -0.150765
0.230768 0.500000 -1.086383 0.164469 -0.083525 0.013350 -0.295158 0.047177 0.550685 1.138391 -0.005905 -0.206069 0.296294 -0.158495
0.246154 0.500000 -1.029753 0.164469 -0.079171 0.013350 -0.279772 0.047177 0.557307 1.113322 0.563212 1.319391 0.280971 -0.167054
0.261537 0.500000 -0.973131 0.164469 -0.074818 0.013350 -0.264389 0.047177 0.564271 1.088860 0.001059 -0.230531 0.265657 -0.176579
0.261537 0.464288 -0.973131 0.039970 -0.074818 0.003244 -0.264389 0.011465 0.532884 1.057794 0.531825 1.288325 0.271478 -0.043338
0.261537 0.428571 -0.973131 -0.084547 -0.074818 -0.006863 -0.264389 -0.024252 0.502071 1.022872 -0.029755 -0.265453 0.281743 0.091472
0.230768 0.357143 -1.086383 -0.333563 -0.083525 -0.027076 -0.295158 -0.095680 0.425211 0.997132 0.454966 1.262585 0.340008 0.313478
0.230768 0.285714 -1.086383 -0.582579 -0.083525 -0.047289 -0.295158 -0.167109 0.367269 0.891386 -0.087697 -0.371200 0.380552 0.515172
0.215384 0.250003 -1.143005 -0.707078 -0.087878 -0.057395 -0.310541 -0.202820 0.329988 0.859648 0.417685 1.230847 0.415415 0.578565
0.230768 0.142857 -1.086383 -1.080611 -0.083525 -0.087716 -0.295158 -0.309966 0.271407 0.554310 -0.146277 -0.676537 0.483590 0.809865
0.230768 0.107146 -1.086383 -1.205110 -0.083525 -0.097821 -0.295158 -0.345678 0.254429 0.434682 0.400706 1.111219 0.512342 0.864070
0.246154 0.071429 -1.029753 -1.329628 -0.079171 -0.107929 -0.279772 -0.381395 0.256308 0.282422 -0.144398 -0.828797 0.533704 0.937907
0.261537 0.035717 -0.973131 -1.454126 -0.074818 -0.118035 -0.264389 -0.417106 0.263965 0.135726 0.408363 0.964523 0.556961 1.005848
0.292306 0.035717 -0.859880 -1.454126 -0.066111 -0.118035 -0.233619 -0.417106 0.294480 0.121588 -0.113883 -0.842935 0.543031 1.060235
0.307692 0.035717 -0.803249 -1.454126 -0.061757 -0.118035 -0.218234 -0.417106 0.309758 0.115563 0.423641 0.958498 0.536591 1.088755
0.353845 0.071429 -0.633376 -1.329628 -0.048696 -0.107929 -0.172081 -0.381395 0.360982 0.199187 -0.062659 -0.759311 0.485983 1.146954
0.369230 0.142857 -0.576746 -1.080611 -0.044342 -0.087716 -0.156695 -0.309966 0.395903 0.369167 0.458562 1.128478 0.413878 1.102739
0.384614 0.178574 -0.520124 -0.956094 -0.039989 -0.077608 -0.141312 -0.274249 0.424048 0.434678 -0.034514 -0.693800 0.374996 1.095009
0.400000 0.214286 -0.463494 -0.831595 -0.035635 -0.067502 -0.125926 -0.238537 0.453782 0.491810 0.488296 1.185610 0.336120 1.085072
0.400000 0.285714 -0.463494 -0.582579 -0.035635 -0.047289 -0.125926 -0.167109 0.491561 0.620250 0.003265 -0.565360 0.271217 0.925023
0.400000 0.321431 -0.463494 -0.458062 -0.035635 -0.037182 -0.125926 -0.131392 0.513145 0.676920 0.509880 1.242280 0.240157 0.806637
0.415383 0.357143 -0.406873 -0.333563 -0.031282 -0.027076 -0.110543 -0.095680 0.547808 0.710151 0.037929 -0.532128 0.201760 0.713454
0.415383 0.392860 -0.406873 -0.209046 -0.031282 -0.016969 -0.110543 -0.059963 0.571736 0.757539 0.533807 1.289667 0.172992 0.497025
0.415383 0.357143 -0.406873 -0.333563 -0.031282 -0.027076 -0.110543 -0.095680 0.547808 0.710151 0.014001 -0.579516 0.201760 0.713454
0.400000 0.321431 -0.463494 -0.458062 -0.035635 -0.037182 -0.125926 -0.131392 0.513145 0.676920 0.499144 1.256435 0.240157 0.806637
0.400000 0.285714 -0.463494 -0.582579 -0.035635 -0.047289 -0.125926 -0.167109 0.491561 0.620250 -0.007583 -0.636185 0.271217 0.925023
0.400000 0.250003 -0.463494 -0.707078 -0.035635 -0.057395 -0.125926 -0.202820 0.471700 0.558605 0.479283 1.194790 0.303300 1.015169
0.415383 0.214286 -0.406873 -0.831595 -0.031282 -0.067502 -0.110543 -0.238537 0.467399 0.476267 -0.011884 -0.718523 0.330665 1.136840
0.430769 0.142857 -0.350242 -1.080611 -0.026928 -0.087716 -0.095157 -0.309966 0.453839 0.320220 0.465723 1.038742 0.394710 1.272938
0.446154 0.107146 -0.293612 -1.205110 -0.022574 -0.097821 -0.079771 -0.345678 0.458840 0.235690 -0.006883 -0.803052 0.426310 1.343999
0.461538 0.071429 -0.236991 -1.329628 -0.018221 -0.107929 -0.064388 -0.381395 0.467032 0.153544 0.473916 0.956596 0.459035 1.403552
0.476924 0.035717 -0.180360 -1.454126 -0.013867 -0.118035 -0.049002 -0.417106 0.478259 0.074751 0.004343 -0.881845 0.492652 1.453852
0.523076 0.000000 -0.010487 -1.578644 -0.000806 -0.128142 -0.002849 -0.452823 0.523076 0.000000 0.518733 0.881845 0.525933 1.564504
0.553846 0.000000 0.102765 -1.578644 0.007901 -0.128142 0.027920 -0.452823 0.553846 0.000000 0.035113 -0.881845 0.526666 -1.509217
0.569231 0.035717 0.159395 -1.454126 0.012255 -0.118035 0.043306 -0.417106 0.570351 0.062664 0.535238 0.944509 0.492118 -1.467343
0.600000 0.107146 0.272647 -1.205110 0.020962 -0.097821 0.074075 -0.345678 0.609492 0.176713 0.074254 -0.767796 0.425281 -1.359700
0.615384 0.178574 0.329268 -0.956094 0.025315 -0.077608 0.089458 -0.274249 0.640770 0.282426 0.566516 1.050223 0.358686 -1.255485
0.615384 0.285714 0.329268 -0.582579 0.025315 -0.047289 0.089458 -0.167109 0.678476 0.434671 0.111960 -0.615552 0.256328 -1.079286
0.615384 0.357143 0.329268 -0.333563 0.025315 -0.027076 0.089458 -0.095680 0.711511 0.525851 0.599551 1.141403 0.191025 -0.818992
0.600000 0.464288 0.272647 0.039970 0.020962 0.003244 0.074075 0.011465 0.758660 0.658568 0.159109 -0.482835 0.096365 0.153560
0.569231 0.607146 0.159395 0.538003 0.012255 0.043671 0.043306 0.154322 0.832256 0.817617 0.673147 1.300452 0.092044 1.297214
0.553846 0.678574 0.102765 0.787019 0.007901 0.063884 0.027920 0.225751 0.875904 0.886261 0.202757 -0.414191 0.155181 1.447745
0.538462 0.714286 0.046143 0.911517 0.003548 0.073990 0.012537 0.261463 0.894509 0.924838 0.691752 1.339029 0.188777 1.522885
0.523076 0.750003 -0.010487 1.036035 -0.000806 0.084097 -0.002849 0.297180 0.914392 0.961796 0.222640 -0.377233 0.224095 -1.561209
0.507693 0.750003 -0.067109 1.036035 -0.005160 0.084097 -0.018233 0.297180 0.905680 0.975728 0.683040 1.352961 0.224818 -1.509521
0.507693 0.785714 -0.067109 1.160533 -0.005160 0.094203 -0.018233 0.332891 0.935467 0.997129 0.252428 -0.355832 0.260428 -1.516080
0.523076 0.785714 -0.010487 1.160533 -0.000806 0.094203 -0.002849 0.332891 0.943905 0.983440 0.691477 1.339272 0.259804 -1.562238
0.553846 0.785714 0.102765 1.160533 0.007901 0.094203 0.027920 0.332891 0.961297 0.956793 0.269820 -0.382479 0.261285 1.487121
0.584615 0.785714 0.216016 1.160533 0.016608 0.094203 0.058689 0.332891 0.979347 0.931111 0.709527 1.313590 0.266336 1.396288
0.630770 0.785714 0.385898 1.160533 0.029669 0.094203 0.104844 0.332891 1.007580 0.894352 0.298052 -0.419238 0.280147 1.265681
0.723077 0.785714 0.725654 1.160533 0.055791 0.094203 0.197152 0.332891 1.067796 0.826889 0.769743 1.246127 0.326127 1.036102
0.784616 0.821431 0.952157 1.285051 0.073205 0.104310 0.258690 0.368608 1.135945 0.808317 0.366202 -0.437810 0.392739 0.958862
0.830768 0.821431 1.122031 1.285051 0.086266 0.104310 0.304843 0.368608 1.168300 0.779747 0.802098 1.217556 0.424562 0.879801
0.892307 0.857143 1.348534 1.409550 0.103680 0.114416 0.366381 0.404320 1.237297 0.765301 0.435199 -0.452256 0.493903 0.834585
0.907692 0.857143 1.405164 1.409550 0.108034 0.114416 0.381767 0.404320 1.248439 0.756763 0.813240 1.209019 0.505421 0.814080
0.923078 0.857143 1.461794 1.409550 0.112388 0.114416 0.397153 0.404320 1.259669 0.748377 0.446430 -0.460642 0.517141 0.794340
0.938462 0.821431 1.518416 1.285051 0.116741 0.104310 0.412536 0.368608 1.247181 0.718997 0.800751 1.179639 0.507454 0.729222
0.923078 0.821431 1.461794 1.285051 0.112388 0.104310 0.397153 0.368608 1.235647 0.727197 0.434896 -0.452442 0.495029 0.748139
0.907692 0.750003 1.405164 1.036035 0.108034 0.084097 0.381767 0.297180 1.177459 0.690558 0.742563 1.142999 0.442670 0.661451
0.892307 0.642857 1.348534 0.662501 0.103680 0.053777 0.366381 0.190034 1.099762 0.624316 0.357199 -0.518684 0.384588 0.478478
0.876923 0.607146 1.291912 0.538003 0.099327 0.043671 0.350998 0.154322 1.066593 0.605579 0.709394 1.124263 0.360272 0.414229
0.876923 0.500000 1.291912 0.164469 0.099327 0.013350 0.350998 0.047177 1.009452 0.518201 0.300059 -0.606062 0.351954 0.133607
0.876923 0.464288 1.291912 0.039970 0.099327 0.003244 0.350998 0.011465 0.992249 0.486930 0.692190 1.092993 0.356369 0.032653
0.907692 0.428571 1.405164 -0.084547 0.108034 -0.006863 0.381767 -0.024252 1.003782 0.441124 0.311592 -0.651868 0.393984 -0.063440
0.923078 0.392860 1.461794 -0.209046 0.112388 -0.016969 0.397153 -0.059963 1.003201 0.402377 0.691609 1.054245 0.418852 -0.149851
0.953847 0.392860 1.575046 -0.209046 0.121095 -0.016969 0.427922 -0.059963 1.031583 0.390696 0.339974 -0.663549 0.448133 -0.139220
0.969231 0.428571 1.631668 -0.084547 0.125448 -0.006863 0.443305 -0.024252 1.059756 0.416329 0.719781 1.079878 0.453869 -0.054652
1.000000 0.535717 1.744920 0.288987 0.134156 0.023458 0.474074 0.082894 1.134457 0.491811 0.414676 -0.588067 0.474176 0.173104
1.000000 0.678574 1.744920 0.787019 0.134156 0.063884 0.474074 0.225751 1.208496 0.596201 0.793821 1.184268 0.498044 0.444421
1.000000 0.750003 1.744920 1.036035 0.134156 0.084097 0.474074 0.297180 1.250002 0.643503 0.456181 -0.540765 0.524364 0.559938
0.984617 0.821431 1.688298 1.285051 0.129802 0.104310 0.458691 0.368608 1.282271 0.695288 0.826090 1.236053 0.545638 0.676937
0.969231 0.928571 1.631668 1.658566 0.125448 0.134629 0.443305 0.475748 1.342257 0.763977 0.516167 -0.472076 0.598868 0.820684
0.938462 1.000000 1.518416 1.907582 0.116741 0.154842 0.412536 0.547177 1.371390 0.817133 0.855223 1.289209 0.628437 0.924781
