0.000000 0.666667 -1.695575 0.496028 -0.132834 0.036305 -0.538787 0.147255 0.666667 1.570796 0.666667 1.570796 0.553755 -0.266793
0.000000 0.624997 -1.695575 0.355663 -0.132834 0.026031 -0.538787 0.105586 0.624997 1.570796 -0.041670 0.000000 0.545641 -0.193516
0.013332 0.624997 -1.653618 0.355663 -0.129547 0.026031 -0.525455 0.105586 0.625139 1.549468 0.666809 1.549468 0.532480 -0.198300
0.039999 0.624997 -1.569698 0.355663 -0.122972 0.026031 -0.498789 0.105586 0.626275 1.506885 -0.040533 -0.042583 0.506184 -0.208604
0.080000 0.624997 -1.443814 0.355663 -0.113110 0.026031 -0.458788 0.105586 0.630096 1.443488 0.670629 1.486071 0.466817 -0.226202
0.120001 0.624997 -1.317931 0.355663 -0.103249 0.026031 -0.418787 0.105586 0.636413 1.381103 -0.034217 -0.104968 0.427568 -0.246975
0.146667 0.624997 -1.234011 0.355663 -0.096674 0.026031 -0.392120 0.105586 0.641975 1.340298 0.676192 1.445267 0.401485 -0.263030
0.186666 0.624997 -1.108133 0.355663 -0.086813 0.026031 -0.352121 0.105586 0.652277 1.280563 -0.023915 -0.164704 0.362521 -0.291324
0.213333 0.624997 -1.024213 0.355663 -0.080238 0.026031 -0.325455 0.105586 0.660403 1.241863 0.684318 1.406566 0.336679 -0.313711
0.226667 0.624997 -0.982250 0.355663 -0.076951 0.026031 -0.312120 0.105586 0.664830 1.222880 -0.019488 -0.183686 0.323807 -0.326200
0.253334 0.624997 -0.898329 0.355663 -0.070376 0.026031 -0.285454 0.105586 0.674388 1.185699 0.693876 1.369385 0.298188 -0.354280
0.266666 0.624997 -0.856372 0.355663 -0.067089 0.026031 -0.272122 0.105586 0.679508 1.167514 -0.014367 -0.201871 0.285451 -0.370126
0.266666 0.583333 -0.856372 0.215320 -0.067089 0.015759 -0.272122 0.063922 0.641396 1.142019 0.655763 1.343890 0.275744 -0.230719
0.266666 0.541664 -0.856372 0.074956 -0.067089 0.005486 -0.272122 0.022252 0.603747 1.113320 -0.052016 -0.230570 0.272137 -0.081591
0.239999 0.500000 -0.940293 -0.065387 -0.073664 -0.004786 -0.298788 -0.019411 0.554617 1.123278 0.606633 1.353848 0.301295 0.064876
0.239999 0.458330 -0.940293 -0.205751 -0.073664 -0.015059 -0.298788 -0.061081 0.517365 1.088417 -0.089268 -0.265430 0.309431 0.201651
0.226667 0.333333 -0.982250 -0.626801 -0.076951 -0.045876 -0.312120 -0.186078 0.403099 0.973619 0.492367 1.239049 0.373672 0.537601
0.226667 0.291664 -0.982250 -0.767166 -0.076951 -0.056149 -0.312120 -0.227748 0.369385 0.910143 -0.122982 -0.328906 0.398107 0.630368
0.226667 0.250000 -0.982250 -0.907509 -0.076951 -0.066421 -0.312120 -0.269411 0.337458 0.834309 0.460440 1.163216 0.425226 0.712087
0.239999 0.166667 -0.940293 -1.188216 -0.073664 -0.086966 -0.298788 -0.352745 0.292194 0.606989 -0.168246 -0.556227 0.477230 0.868024
0.239999 0.124997 -0.940293 -1.328580 -0.073664 -0.097240 -0.298788 -0.394414 0.270599 0.480166 0.438845 1.036393 0.510389 0.922482
0.253334 0.124997 -0.898329 -1.328580 -0.070376 -0.097240 -0.285454 -0.394414 0.282493 0.458360 -0.156352 -0.578032 0.502699 0.944314
0.266666 0.083333 -0.856372 -1.468923 -0.067089 -0.107512 -0.272122 -0.436078 0.279383 0.302886 0.435736 0.880918 0.530555 1.012902
0.280000 0.083333 -0.814409 -1.468923 -0.063802 -0.107512 -0.258787 -0.436078 0.292138 0.289271 -0.143598 -0.591647 0.523841 1.035212
0.306667 0.041664 -0.730489 -1.609288 -0.057228 -0.117785 -0.232121 -0.477748 0.309484 0.135033 0.453082 0.726680 0.548646 1.118521
0.319999 0.041664 -0.688532 -1.609288 -0.053941 -0.117785 -0.218788 -0.477748 0.322700 0.129471 -0.130382 -0.597209 0.543140 1.141344
0.333333 0.041664 -0.646568 -1.609288 -0.050653 -0.117785 -0.205454 -0.477748 0.335927 0.124346 0.466309 0.721555 0.537907 1.164658
0.360000 0.083333 -0.562648 -1.468923 -0.044079 -0.107512 -0.178788 -0.436078 0.369519 0.227475 -0.096790 -0.494080 0.489289 1.181708
0.373332 0.124997 -0.520691 -1.328580 -0.040792 -0.097240 -0.165455 -0.394414 0.393702 0.323083 0.490492 0.817162 0.445643 1.173597
0.386667 0.208330 -0.478728 -1.047873 -0.037504 -0.076695 -0.152121 -0.311081 0.439218 0.494192 -0.051274 -0.322970 0.363789 1.115981
0.399999 0.250000 -0.436771 -0.907509 -0.034217 -0.066421 -0.138789 -0.269411 0.471698 0.558601 0.522972 0.881571 0.320407 1.095098
0.413333 0.333333 -0.394808 -0.626801 -0.030930 -0.045876 -0.125454 -0.186078 0.530995 0.678663 0.008023 -0.202908 0.240728 0.977594
0.413333 0.374997 -0.394808 -0.486458 -0.030930 -0.035604 -0.125454 -0.144414 0.558092 0.736807 0.550069 0.939715 0.206316 0.855540
0.413333 0.333333 -0.394808 -0.626801 -0.030930 -0.045876 -0.125454 -0.186078 0.530995 0.678663 -0.019075 -0.261052 0.240728 0.977594
0.413333 0.291664 -0.394808 -0.767166 -0.030930 -0.056149 -0.125454 -0.227748 0.505877 0.614500 0.524952 0.875552 0.277144 1.067302
0.413333 0.250000 -0.394808 -0.907509 -0.030930 -0.066421 -0.125454 -0.269411 0.483057 0.543970 -0.041895 -0.331582 0.314860 1.134995
0.413333 0.208330 -0.394808 -1.047873 -0.030930 -0.076695 -0.125454 -0.311081 0.462867 0.466862 0.504762 0.798444 0.353470 1.187461
0.426665 0.166667 -0.352851 -1.188216 -0.027643 -0.086966 -0.112122 -0.352745 0.458062 0.372399 -0.046699 -0.426045 0.388645 1.263039
0.440000 0.124997 -0.310887 -1.328580 -0.024355 -0.097240 -0.098788 -0.394414 0.457410 0.276792 0.504109 0.702837 0.425419 1.325378
0.440000 0.083333 -0.310887 -1.468923 -0.024355 -0.107512 -0.098788 -0.436078 0.447822 0.187177 -0.056288 -0.515659 0.466045 1.348019
0.466666 0.041664 -0.226967 -1.609288 -0.017781 -0.117785 -0.072121 -0.477748 0.468522 0.089043 0.524810 0.604702 0.502328 1.420967
0.506665 0.000000 -0.101090 -1.749631 -0.007920 -0.128057 -0.032122 -0.519411 0.506665 0.000000 -0.018145 -0.604702 0.539744 1.509031
0.519999 0.000000 -0.059126 -1.749631 -0.004632 -0.128057 -0.018788 -0.519411 0.519999 0.000000 0.538144 0.604702 0.539115 1.534640
0.546666 0.000000 0.024794 -1.749631 0.001942 -0.128057 0.007879 -0.519411 0.546666 0.000000 0.008522 -0.604702 0.538845 -1.555629
0.586667 0.083333 0.150678 -1.468923 0.011804 -0.107512 0.047879 -0.436078 0.592556 0.141101 0.584034 0.745804 0.457964 -1.461439
0.613333 0.124997 0.234598 -1.328580 0.018379 -0.097240 0.074546 -0.394414 0.625941 0.201046 0.041907 -0.544758 0.420452 -1.383996
0.626666 0.208330 0.276555 -1.047873 0.021666 -0.076695 0.087878 -0.311081 0.660387 0.320948 0.618481 0.865706 0.341942 -1.295477
0.626666 0.374997 0.276555 -0.486458 0.021666 -0.035604 0.087878 -0.144414 0.730296 0.539242 0.111816 -0.326464 0.185876 -1.024140
0.626666 0.458330 0.276555 -0.205751 0.021666 -0.015059 0.087878 -0.061081 0.776387 0.631477 0.664571 0.957941 0.119147 -0.607406
0.626666 0.583333 0.276555 0.215320 0.021666 0.015759 0.087878 0.063922 0.856147 0.749601 0.191576 -0.208339 0.098524 0.628874
0.599999 0.750000 0.192635 0.776735 0.015091 0.056850 0.061212 0.230589 0.960468 0.896056 0.768892 1.104395 0.219904 1.311322
0.586667 0.833333 0.150678 1.057442 0.011804 0.077395 0.047879 0.313922 1.019128 0.957391 0.250236 -0.147005 0.298412 1.419443
0.573333 0.874997 0.108714 1.197785 0.008517 0.087667 0.034545 0.355586 1.046102 0.990747 0.795866 1.137751 0.337979 1.473950
0.560000 0.916667 0.066757 1.338150 0.005230 0.097940 0.021213 0.397255 1.074187 1.022394 0.278321 -0.115357 0.378474 1.517448
0.546666 1.000000 0.024794 1.618857 0.001942 0.118485 0.007879 0.480589 1.139668 1.070516 0.861347 1.185874 0.461280 1.554404
0.533334 1.000000 -0.017163 1.618857 -0.001345 0.118485 -0.005454 0.480589 1.133334 1.080839 0.271986 -0.105035 0.461245 -1.559449
0.519999 1.000000 -0.059126 1.618857 -0.004632 0.118485 -0.018788 0.480589 1.127120 1.091277 0.855134 1.196313 0.461595 -1.531722
0.519999 0.958330 -0.059126 1.478493 -0.004632 0.108212 -0.018788 0.438919 1.090319 1.073645 0.235186 -0.122668 0.419963 -1.528017
0.533334 0.958330 -0.017163 1.478493 -0.001345 0.108212 -0.005454 0.438919 1.096741 1.062958 0.861556 1.185626 0.419578 -1.558372
0.546666 0.916667 0.024794 1.338150 0.001942 0.097940 0.007879 0.397255 1.067296 1.033055 0.205741 -0.152571 0.377961 1.550966
0.586667 0.916667 0.150678 1.338150 0.011804 0.097940 0.047879 0.397255 1.088327 1.001483 0.882586 1.154054 0.380900 1.450849
0.626666 0.916667 0.276555 1.338150 0.021666 0.097940 0.087878 0.397255 1.110400 0.971138 0.227813 -0.182916 0.387963 1.353089
0.679999 0.916667 0.444395 1.338150 0.034815 0.097940 0.141211 0.397255 1.141348 0.932553 0.913535 1.115469 0.403402 1.229259
0.773333 0.916667 0.738120 1.338150 0.057825 0.097940 0.234546 0.397255 1.199301 0.870009 0.285765 -0.245460 0.444752 1.037454
0.826666 0.916667 0.905960 1.338150 0.070974 0.097940 0.287879 0.397255 1.234364 0.836978 0.948599 1.082438 0.475044 0.943705
0.879999 0.916667 1.073801 1.338150 0.084123 0.097940 0.341212 0.397255 1.270699 0.805804 0.322101 -0.276634 0.509135 0.861145
0.906666 0.916667 1.157721 1.338150 0.090697 0.097940 0.367878 0.397255 1.289310 0.790883 0.967210 1.067517 0.527378 0.823774
0.946667 0.916667 1.283605 1.338150 0.100559 0.097940 0.407879 0.397255 1.317747 0.769299 0.350537 -0.298218 0.556020 0.772204
0.959999 0.916667 1.325562 1.338150 0.103846 0.097940 0.421212 0.397255 1.327357 0.762312 0.976820 1.060530 0.565873 0.756137
0.973333 0.916667 1.367525 1.338150 0.107134 0.097940 0.434546 0.397255 1.337032 0.755425 0.360212 -0.305105 0.575867 0.740597
0.973333 0.874997 1.367525 1.197785 0.107134 0.087667 0.434546 0.355586 1.308815 0.732245 0.948603 1.037351 0.549424 0.685796
0.959999 0.833333 1.325562 1.057442 0.103846 0.077395 0.421212 0.313922 1.271237 0.714884 0.322634 -0.322467 0.513981 0.640476
0.946667 0.750000 1.283605 0.776735 0.100559 0.056850 0.407879 0.230589 1.207757 0.670000 0.885124 0.992466 0.459322 0.514541
0.933333 0.708330 1.241641 0.636371 0.097272 0.046576 0.394545 0.188919 1.171683 0.649189 0.286559 -0.343277 0.429430 0.446566
0.906666 0.624997 1.157721 0.355663 0.090697 0.026031 0.367878 0.105586 1.101210 0.603533 0.814651 0.946810 0.377845 0.279499
0.906666 0.583333 1.157721 0.215320 0.090697 0.015759 0.367878 0.063922 1.078110 0.571709 0.263459 -0.375100 0.370566 0.172041
0.919998 0.500000 1.199678 -0.065387 0.093984 -0.004786 0.381211 -0.019411 1.047090 0.497823 0.783631 0.872923 0.383179 -0.050876
0.933333 0.416667 1.241641 -0.346094 0.097272 -0.025331 0.394545 -0.102745 1.022116 0.419880 0.238485 -0.453043 0.413012 -0.254755
0.933333 0.374997 1.241641 -0.486458 0.097272 -0.035604 0.394545 -0.144414 1.005849 0.382042 0.767364 0.835085 0.427192 -0.350882
0.946667 0.374997 1.283605 -0.486458 0.100559 -0.035604 0.407879 -0.144414 1.018234 0.377160 0.250870 -0.457925 0.439537 -0.340289
0.959999 0.374997 1.325562 -0.486458 0.103846 -0.035604 0.421212 -0.144414 1.030641 0.372396 0.779771 0.830321 0.451937 -0.330295
0.973333 0.458330 1.367525 -0.205751 0.107134 -0.015059 0.434546 -0.061081 1.075846 0.440087 0.296075 -0.390234 0.441932 -0.139648
0.986666 0.500000 1.409482 -0.065387 0.110421 -0.004786 0.447878 -0.019411 1.106124 0.469039 0.810048 0.859273 0.449555 -0.043314
0.986666 0.624997 1.409482 0.355663 0.110421 0.026031 0.447878 0.105586 1.167960 0.564648 0.357912 -0.294625 0.456100 0.231519
1.000000 0.708330 1.451445 0.636371 0.113708 0.046576 0.461213 0.188919 1.225452 0.616295 0.867540 0.910920 0.491388 0.388766
1.000000 0.791664 1.451445 0.917078 0.113708 0.067122 0.461213 0.272252 1.275434 0.669637 0.407894 -0.241283 0.525988 0.533254
0.973333 0.916667 1.367525 1.338150 0.107134 0.097940 0.434546 0.397255 1.337032 0.755425 0.929139 0.996707 0.575867 0.740597
0.959999 1.000000 1.325562 1.618857 0.103846 0.118485 0.421212 0.480589 1.386217 0.805804 0.457078 -0.190904 0.624609 0.851146
