0.027027 0.785714 -1.343560 0.759483 -0.109645 0.054264 -0.453960 0.224667 0.786179 1.536412 0.786179 1.536412 0.546753 -0.459563
0.013512 0.785714 -1.383558 0.759483 -0.112909 0.054264 -0.467474 0.224667 0.785830 1.553600 -0.000349 0.017188 0.558024 -0.448005
0.000000 0.821431 -1.423550 0.880224 -0.116173 0.062891 -0.480987 0.260384 0.821431 1.570796 0.821780 1.553608 0.589280 -0.496180
0.027027 0.821431 -1.343560 0.880224 -0.109645 0.062891 -0.453960 0.260384 0.821876 1.537906 0.000096 -0.015702 0.567435 -0.520769
0.054054 0.821431 -1.263570 0.880224 -0.103117 0.062891 -0.426933 0.260384 0.823208 1.505086 0.823112 1.520788 0.546053 -0.547662
0.094595 0.821431 -1.143581 0.880224 -0.093325 0.062891 -0.386391 0.260384 0.826860 1.456142 0.003748 -0.064646 0.514976 -0.592984
0.135135 0.821431 -1.023599 0.880224 -0.083534 0.062891 -0.345852 0.260384 0.832473 1.407745 0.828724 1.472392 0.485300 -0.645339
0.175676 0.821431 -0.903611 0.880224 -0.073742 0.062891 -0.305310 0.260384 0.840007 1.360104 0.011282 -0.112288 0.457293 -0.706145
0.216216 0.821431 -0.783628 0.880224 -0.063950 0.062891 -0.264771 0.260384 0.849411 1.313416 0.838128 1.425704 0.431284 -0.777044
0.243243 0.821431 -0.703638 0.880224 -0.057422 0.062891 -0.237744 0.260384 0.856689 1.282902 0.018561 -0.142801 0.415240 -0.830816
0.270270 0.821431 -0.623648 0.880224 -0.050895 0.062891 -0.210717 0.260384 0.864751 1.252930 0.846191 1.395731 0.400380 -0.890437
0.297297 0.821431 -0.543658 0.880224 -0.044367 0.062891 -0.183690 0.260384 0.873576 1.223537 0.027385 -0.172194 0.386839 -0.956415
0.310811 0.821431 -0.503659 0.880224 -0.041103 0.062891 -0.170176 0.260384 0.878267 1.209068 0.850882 1.381262 0.380608 -0.991924
0.324324 0.857143 -0.463667 1.000947 -0.037839 0.071516 -0.156663 0.296095 0.916450 1.209068 0.065568 -0.172194 0.407476 -1.084143
0.324324 0.821431 -0.463667 0.880224 -0.037839 0.062891 -0.156663 0.260384 0.883139 1.194757 0.817572 1.366951 0.374761 -1.029155
0.297297 0.714286 -0.543658 0.518020 -0.044367 0.037012 -0.183690 0.153238 0.773686 1.176390 -0.043886 -0.190561 0.296935 -0.695261
0.270270 0.678574 -0.623648 0.397297 -0.050895 0.028386 -0.210717 0.117526 0.730417 1.191764 0.774303 1.382325 0.288864 -0.508770
0.256757 0.607146 -0.663640 0.155833 -0.054158 0.011134 -0.224230 0.046098 0.659204 1.170712 -0.115099 -0.211613 0.257284 -0.202758
0.229730 0.571429 -0.743630 0.035092 -0.060686 0.002507 -0.251257 0.010381 0.615879 1.188543 0.730977 1.400156 0.267039 -0.041292
0.216216 0.500000 -0.783628 -0.206371 -0.063950 -0.014745 -0.264771 -0.061048 0.544747 1.162648 -0.186230 -0.237508 0.265453 0.226608
0.189189 0.428571 -0.863619 -0.447835 -0.070478 -0.031997 -0.291798 -0.132476 0.468472 1.155083 0.654702 1.392591 0.296468 0.426175
0.175676 0.357143 -0.903611 -0.689298 -0.073742 -0.049249 -0.305310 -0.203905 0.398012 1.113655 -0.256691 -0.278937 0.329472 0.588829
0.162162 0.285714 -0.943609 -0.930762 -0.077006 -0.066501 -0.318825 -0.275333 0.328526 1.054567 0.585216 1.333503 0.373873 0.712330
0.162162 0.214286 -0.943609 -1.172226 -0.077006 -0.083754 -0.318825 -0.346762 0.268728 0.922986 -0.316488 -0.410517 0.415667 0.827347
0.162162 0.178574 -0.943609 -1.292948 -0.077006 -0.092379 -0.318825 -0.382474 0.241216 0.833528 0.557704 1.244046 0.439435 0.875908
0.162162 0.107146 -0.943609 -1.534412 -0.077006 -0.109631 -0.318825 -0.453902 0.194362 0.583883 -0.363342 -0.660163 0.491332 0.958455
0.162162 0.071429 -0.943609 -1.655153 -0.077006 -0.118258 -0.318825 -0.489619 0.177196 0.414907 0.540538 1.075069 0.519025 0.993600
0.175676 0.035717 -0.903611 -1.775876 -0.073742 -0.126883 -0.305310 -0.525331 0.179270 0.200577 -0.361268 -0.874492 0.539889 1.044332
0.202703 0.000000 -0.823620 -1.896617 -0.067214 -0.135510 -0.278284 -0.561048 0.202703 0.000000 0.563971 0.874492 0.555689 1.110348
0.216216 0.000000 -0.783628 -1.896617 -0.063950 -0.135510 -0.264771 -0.561048 0.216216 0.000000 -0.347756 -0.874492 0.549046 1.129862
0.243243 0.000000 -0.703638 -1.896617 -0.057422 -0.135510 -0.237744 -0.561048 0.243243 0.000000 0.590998 0.874492 0.536536 1.169985
0.270270 0.000000 -0.623648 -1.896617 -0.050895 -0.135510 -0.210717 -0.561048 0.270270 0.000000 -0.320729 -0.874492 0.525119 1.211519
0.283784 0.000000 -0.583650 -1.896617 -0.047630 -0.135510 -0.197203 -0.561048 0.283784 0.000000 0.604513 0.874492 0.519843 1.232795
0.297297 0.035717 -0.543658 -1.775876 -0.044367 -0.126883 -0.183690 -0.525331 0.299435 0.119566 -0.305078 -0.754926 0.481671 1.234419
0.310811 0.071429 -0.503659 -1.655153 -0.041103 -0.118258 -0.170176 -0.489619 0.318913 0.225891 0.623991 0.980817 0.443506 1.236290
0.324324 0.142857 -0.463667 -1.413689 -0.037839 -0.101006 -0.156663 -0.418191 0.354392 0.414907 -0.269599 -0.565910 0.372659 1.212358
0.337838 0.214286 -0.423669 -1.172226 -0.034575 -0.083754 -0.143149 -0.346762 0.400066 0.565248 0.669665 1.131159 0.302690 1.179291
0.337838 0.250003 -0.423669 -1.051485 -0.034575 -0.075127 -0.143149 -0.311045 0.420281 0.637075 -0.249384 -0.494084 0.271745 1.139477
0.337838 0.285714 -0.423669 -0.930762 -0.034575 -0.066501 -0.143149 -0.275333 0.442456 0.702000 0.691840 1.196084 0.242122 1.091348
0.351351 0.321431 -0.383677 -0.810021 -0.031311 -0.057875 -0.129636 -0.239616 0.476199 0.740956 -0.215642 -0.455127 0.205581 1.074877
0.364865 0.285714 -0.343679 -0.930762 -0.028047 -0.066501 -0.116122 -0.275333 0.463421 0.664331 0.679063 1.119458 0.227191 1.171682
0.364865 0.250003 -0.343679 -1.051485 -0.028047 -0.075127 -0.116122 -0.311045 0.442298 0.600718 -0.236764 -0.518740 0.258530 1.213493
0.378378 0.214286 -0.303687 -1.172226 -0.024783 -0.083754 -0.102609 -0.346762 0.434842 0.515292 0.671607 1.034032 0.285759 1.283099
0.405405 0.178574 -0.223697 -1.292948 -0.018255 -0.092379 -0.075582 -0.382474 0.442992 0.414912 -0.228615 -0.619120 0.311715 1.375696
0.418919 0.142857 -0.183698 -1.413689 -0.014991 -0.101006 -0.062068 -0.418191 0.442607 0.328647 0.671223 0.947767 0.343779 1.423452
0.486485 0.107146 0.016274 -1.534412 0.001328 -0.109631 0.005499 -0.453902 0.498145 0.216783 -0.173078 -0.730984 0.373882 -1.558683
0.527027 0.107146 0.136262 -1.534412 0.011120 -0.109631 0.046040 -0.453902 0.537808 0.200568 0.710886 0.931552 0.376666 -1.469710
0.554054 0.107146 0.216253 -1.534412 0.017648 -0.109631 0.073067 -0.453902 0.564319 0.191027 -0.146567 -0.740526 0.380915 -1.411190
0.581081 0.107146 0.296243 -1.534412 0.024176 -0.109631 0.100094 -0.453902 0.590877 0.182342 0.737444 0.922868 0.387009 -1.353751
0.594595 0.142857 0.336241 -1.413689 0.027440 -0.101006 0.113609 -0.418191 0.611516 0.235790 -0.125928 -0.687078 0.356705 -1.305531
0.608108 0.214286 0.376233 -1.172226 0.030704 -0.083754 0.127121 -0.346762 0.644759 0.338794 0.770686 1.025872 0.295448 -1.219415
0.621622 0.285714 0.416231 -0.930762 0.033968 -0.066501 0.140636 -0.275333 0.684140 0.430831 -0.086546 -0.595041 0.240644 -1.098560
0.621622 0.357143 0.416231 -0.689298 0.033968 -0.049249 0.140636 -0.203905 0.716914 0.521484 0.803460 1.116525 0.187392 -0.967009
0.621622 0.428571 0.416231 -0.447835 0.033968 -0.031997 0.140636 -0.132476 0.755042 0.603604 -0.048419 -0.512921 0.150086 -0.755532
0.621622 0.500000 0.416231 -0.206371 0.033968 -0.014745 0.140636 -0.061048 0.797756 0.677386 0.846174 1.190307 0.141915 -0.409540
0.594595 0.642857 0.336241 0.276556 0.027440 0.019759 0.113609 0.081809 0.875676 0.824379 0.029502 -0.365928 0.197760 0.624088
0.581081 0.714286 0.296243 0.518020 0.024176 0.037012 0.100094 0.153238 0.920793 0.887870 0.891291 1.253798 0.253865 0.992179
0.581081 0.750003 0.296243 0.638760 0.024176 0.045638 0.100094 0.188955 0.948767 0.911629 0.057476 -0.342169 0.287034 1.083653
0.567568 0.821431 0.256251 0.880224 0.020912 0.062891 0.086582 0.260384 0.998440 0.966170 0.940964 1.308338 0.351282 1.249782
0.554054 0.821431 0.216253 0.880224 0.017648 0.062891 0.073067 0.260384 0.990820 0.977391 0.049856 -0.330947 0.348197 1.297219
0.554054 0.857143 0.216253 1.000947 0.017648 0.071516 0.073067 0.296095 1.020622 0.996959 0.970766 1.327906 0.383187 1.328861
0.567568 0.857143 0.256251 1.000947 0.020912 0.071516 0.086582 0.296095 1.028021 0.985918 0.057255 -0.341988 0.385992 1.286316
0.581081 0.857143 0.296243 1.000947 0.024176 0.071516 0.100094 0.296095 1.035543 0.975038 0.978287 1.317026 0.389246 1.244809
0.608108 0.892860 0.376233 1.121688 0.030704 0.080143 0.127121 0.331812 1.080275 0.972882 0.101988 -0.344143 0.431044 1.204933
0.648649 0.892860 0.496222 1.121688 0.040496 0.080143 0.167663 0.331812 1.103605 0.942515 1.001618 1.286659 0.444691 1.102923
0.729730 0.928571 0.736192 1.242410 0.060079 0.088768 0.248743 0.367524 1.180996 0.904735 0.179378 -0.381924 0.512060 0.975805
0.770270 0.964288 0.856175 1.363151 0.069871 0.097395 0.289283 0.403241 1.234167 0.896790 1.054789 1.278714 0.563263 0.948491
0.810811 0.964288 0.976163 1.363151 0.079663 0.097395 0.329824 0.403241 1.259868 0.871645 0.205079 -0.407069 0.585119 0.885215
0.864865 1.000000 1.136144 1.483874 0.092718 0.106020 0.383878 0.438952 1.322116 0.857735 1.117037 1.264804 0.645552 0.852231
0.891892 1.000000 1.216134 1.483874 0.099246 0.106020 0.410905 0.438952 1.339952 0.842479 0.222915 -0.422325 0.661980 0.818388
0.905405 1.000000 1.256126 1.483874 0.102510 0.106020 0.424418 0.438952 1.348984 0.835003 1.126069 1.257329 0.670451 0.802231
0.918919 1.000000 1.296124 1.483874 0.105774 0.106020 0.437932 0.438952 1.358091 0.827626 0.232022 -0.429702 0.679087 0.786561
0.945946 1.000000 1.376114 1.483874 0.112302 0.106020 0.464959 0.438952 1.376522 0.813169 1.144500 1.242871 0.696823 0.756635
0.959461 0.964288 1.416112 1.363151 0.115566 0.097395 0.478474 0.403241 1.360300 0.787908 0.215800 -0.454963 0.680086 0.700278
0.986488 0.892860 1.496103 1.121688 0.122094 0.080143 0.505501 0.331812 1.330547 0.735620 1.114747 1.190583 0.652051 0.580863
0.986488 0.857143 1.496103 1.000947 0.122094 0.071516 0.505501 0.296095 1.306848 0.715355 0.192101 -0.475228 0.630099 0.529873
1.000000 0.785714 1.536095 0.759483 0.125357 0.054264 0.519013 0.224667 1.271750 0.665969 1.079649 1.141197 0.601858 0.408520
1.000000 0.750003 1.536095 0.638760 0.125357 0.045638 0.519013 0.188955 1.250002 0.643503 0.170353 -0.497694 0.584589 0.349150
0.986488 0.714286 1.496103 0.518020 0.122094 0.037012 0.505501 0.153238 1.217933 0.626698 1.047581 1.124392 0.556740 0.294336
0.945946 0.678574 1.376114 0.397297 0.112302 0.028386 0.464959 0.117526 1.164164 0.622275 0.116583 -0.502117 0.505201 0.247581
0.932434 0.678574 1.336122 0.397297 0.109038 0.028386 0.451447 0.117526 1.153211 0.629105 1.036628 1.131222 0.492793 0.254680
0.905405 0.714286 1.256126 0.518020 0.102510 0.037012 0.424418 0.153238 1.153240 0.667944 0.116612 -0.463278 0.484313 0.346489
0.891892 0.714286 1.216134 0.518020 0.099246 0.037012 0.410905 0.153238 1.142662 0.675269 1.026050 1.138547 0.472516 0.356953
0.878378 0.821431 1.176136 0.880224 0.095982 0.062891 0.397391 0.260384 1.202621 0.751909 0.176571 -0.386638 0.523280 0.580045
0.891892 0.928571 1.216134 1.242410 0.099246 0.088768 0.410905 0.367524 1.287523 0.805544 1.110953 1.192181 0.607598 0.729726
0.905405 1.000000 1.256126 1.483874 0.102510 0.106020 0.424418 0.438952 1.348984 0.835003 0.238031 -0.357178 0.670451 0.802231
