0.000000 0.874998 -1.668936 0.995274 -0.179871 0.088977 -0.575037 0.284453 0.874998 1.570796 0.874998 1.570796 0.648571 -0.459374
0.039216 0.874998 -1.555120 0.995274 -0.167604 0.088977 -0.535821 0.284453 0.875876 1.526008 0.000878 -0.044788 0.614069 -0.488040
0.098038 0.874998 -1.384400 0.995274 -0.149205 0.088977 -0.477000 0.284453 0.880473 1.459218 0.879594 1.504006 0.563476 -0.537723
0.156863 0.874998 -1.213672 0.995274 -0.130805 0.088977 -0.418175 0.284453 0.888947 1.393409 0.009353 -0.110598 0.514632 -0.597331
0.215684 0.874998 -1.042953 0.995274 -0.112405 0.088977 -0.359353 0.284453 0.901188 1.329117 0.891836 1.439715 0.468093 -0.669580
0.274509 0.874998 -0.872224 0.995274 -0.094005 0.088977 -0.300528 0.284453 0.917048 1.266795 0.025212 -0.172920 0.424609 -0.757927
0.294116 0.874998 -0.815321 0.995274 -0.087872 0.088977 -0.280921 0.284453 0.923106 1.246528 0.897894 1.419448 0.410966 -0.791645
0.294116 0.833334 -0.815321 0.849499 -0.087872 0.075944 -0.280921 0.242790 0.883714 1.231506 -0.014181 -0.187942 0.381621 -0.712717
0.294116 0.750002 -0.815321 0.557925 -0.087872 0.049878 -0.280921 0.159457 0.805609 1.197072 0.819790 1.385014 0.330952 -0.516272
0.254900 0.583330 -0.929137 -0.025244 -0.100139 -0.002257 -0.320137 -0.007215 0.636591 1.158827 -0.183199 -0.226187 0.320244 0.022532
0.235294 0.458334 -0.986040 -0.462593 -0.106271 -0.041355 -0.339743 -0.132211 0.515202 1.096512 0.698401 1.322699 0.359229 0.371117
0.235294 0.291668 -0.986040 -1.045739 -0.106271 -0.093488 -0.339743 -0.298876 0.374744 0.891973 -0.323657 -0.430726 0.442407 0.721493
0.235294 0.125002 -0.986040 -1.628886 -0.106271 -0.145621 -0.339743 -0.465542 0.266437 0.488342 0.590094 0.919068 0.563877 0.940362
0.274509 0.041670 -0.872224 -1.920460 -0.094005 -0.171687 -0.300528 -0.548875 0.277654 0.150646 -0.312440 -0.768422 0.612207 1.069848
0.333331 0.000000 -0.701505 -2.066257 -0.075605 -0.184722 -0.241706 -0.590544 0.333331 0.000000 0.645771 0.768422 0.623770 1.182304
0.392156 0.000000 -0.530777 -2.066257 -0.057205 -0.184722 -0.182881 -0.590544 0.392156 0.000000 -0.253615 -0.768422 0.603418 1.270481
0.431372 0.083333 -0.416961 -1.774684 -0.044938 -0.158655 -0.143665 -0.507212 0.439347 0.190830 0.692962 0.959252 0.512262 1.294781
0.450981 0.208335 -0.360049 -1.337313 -0.038805 -0.119555 -0.124056 -0.382209 0.496777 0.432755 -0.196185 -0.526497 0.387118 1.256948
0.470588 0.249998 -0.303145 -1.191537 -0.032672 -0.106522 -0.104450 -0.340546 0.532871 0.488332 0.729056 1.014829 0.341409 1.273193
0.470588 0.333331 -0.303145 -0.899964 -0.032672 -0.080456 -0.104450 -0.257213 0.576682 0.616295 -0.152374 -0.398535 0.263309 1.185058
0.490197 0.375001 -0.246233 -0.754166 -0.026538 -0.067422 -0.084840 -0.215544 0.617186 0.653032 0.769560 1.051567 0.217284 1.195810
0.490197 0.333331 -0.246233 -0.899964 -0.026538 -0.080456 -0.084840 -0.257213 0.592792 0.597173 -0.176768 -0.454394 0.256163 1.252189
0.509803 0.249998 -0.189329 -1.191537 -0.020405 -0.106522 -0.065234 -0.340546 0.567801 0.455924 0.744569 0.910318 0.331520 1.381532
0.529412 0.166666 -0.132417 -1.483111 -0.014271 -0.132589 -0.045625 -0.423879 0.555027 0.304990 -0.189542 -0.605328 0.410912 1.463573
0.588234 0.041670 0.038303 -1.920460 0.004128 -0.171687 0.013197 -0.548875 0.589708 0.070720 0.779251 0.676048 0.533531 -1.546757
0.666666 0.000000 0.265934 -2.066257 0.028661 -0.184722 0.091629 -0.590544 0.666666 0.000000 -0.112585 -0.676048 0.582292 -1.416864
0.725491 0.041670 0.436663 -1.920460 0.047062 -0.171687 0.150453 -0.548875 0.726686 0.057373 0.839271 0.733421 0.554182 -1.303255
0.745097 0.125002 0.493566 -1.628886 0.053195 -0.145621 0.170060 -0.465542 0.755510 0.166219 -0.083762 -0.567203 0.481094 -1.220562
0.764706 0.249998 0.550478 -1.191537 0.059328 -0.106522 0.189669 -0.340546 0.804534 0.315968 0.888296 0.883171 0.376330 -1.062628
0.725491 0.416664 0.436663 -0.608390 0.047062 -0.054390 0.150453 -0.173880 0.836627 0.521323 -0.051668 -0.361847 0.218445 -0.857504
0.686275 0.583330 0.322847 -0.025244 0.034795 -0.002257 0.111238 -0.007215 0.900692 0.704491 0.952360 1.066338 0.111547 -0.064768
0.627450 0.708332 0.152119 0.412128 0.016395 0.036844 0.052413 0.117788 0.946270 0.845875 -0.006090 -0.220463 0.143229 1.152126
0.607844 0.791665 0.095215 0.703701 0.010262 0.062910 0.032807 0.201120 0.998102 0.915997 1.004192 1.136461 0.219098 1.409101
0.588234 0.833334 0.038303 0.849499 0.004128 0.075944 0.013197 0.242790 1.020032 0.956135 0.015841 -0.180326 0.258634 1.516493
0.588234 0.874998 0.038303 0.995274 0.004128 0.088977 0.013197 0.284453 1.054344 0.978925 1.038503 1.159251 0.300251 1.524434
0.647059 0.874998 0.209031 0.995274 0.022528 0.088977 0.072022 0.284453 1.088259 0.934050 0.049755 -0.225201 0.308486 1.322813
0.725491 0.916667 0.436663 1.141072 0.047062 0.102011 0.150453 0.326123 1.169023 0.901294 1.119268 1.126495 0.373293 1.138552
0.764706 0.958330 0.550478 1.286848 0.059328 0.115043 0.189669 0.367786 1.226040 0.897303 0.106772 -0.229193 0.427654 1.094664
0.823528 0.958330 0.721198 1.286848 0.077728 0.115043 0.248491 0.367786 1.263565 0.860907 1.156793 1.090100 0.456795 0.976607
0.901959 1.000000 0.948830 1.432646 0.102261 0.128077 0.326922 0.409456 1.346674 0.836900 0.189881 -0.253200 0.536164 0.897012
0.941175 1.000000 1.062646 1.432646 0.114528 0.128077 0.366138 0.409456 1.373248 0.815693 1.183367 1.068893 0.560937 0.841191
0.960784 1.000000 1.119558 1.432646 0.120661 0.128077 0.385747 0.409456 1.386761 0.805395 0.203394 -0.263497 0.573929 0.815204
0.980391 0.916667 1.176462 1.141072 0.126794 0.102011 0.405354 0.326123 1.342179 0.751820 1.138785 1.015317 0.530116 0.677503
1.000000 0.874998 1.233374 0.995274 0.132928 0.088977 0.424963 0.284453 1.328767 0.718829 0.189982 -0.296488 0.520163 0.589865
1.000000 0.750002 1.233374 0.557925 0.132928 0.049878 0.424963 0.159457 1.250001 0.643502 1.060019 0.939991 0.459572 0.358969
0.980391 0.708332 1.176462 0.412128 0.126794 0.036844 0.405354 0.117788 1.209504 0.625667 0.149485 -0.314323 0.426707 0.282792
0.980391 0.666669 1.176462 0.266352 0.126794 0.023812 0.405354 0.076124 1.185586 0.597179 1.036101 0.911502 0.415581 0.185635
0.921569 0.666669 1.005742 0.266352 0.108395 0.023812 0.346532 0.076124 1.137425 0.626263 0.101324 -0.285239 0.358442 0.216240
0.862744 0.750002 0.835014 0.557925 0.089994 0.049878 0.287707 0.159457 1.143166 0.715605 1.041842 1.000844 0.336731 0.506089
0.862744 0.874998 0.835014 0.995274 0.089994 0.088977 0.287707 0.284453 1.228799 0.792450 0.186957 -0.208394 0.415634 0.779712
0.862744 0.916667 0.835014 1.141072 0.089994 0.102011 0.287707 0.326123 1.258811 0.815693 1.071854 1.024087 0.446639 0.847901
0.901959 1.000000 0.948830 1.432646 0.102261 0.128077 0.326922 0.409456 1.346674 0.836900 0.274820 -0.187187 0.536164 0.897012
