0.017240 0.652175 -1.501346 0.532451 -0.124567 0.042174 -0.468653 0.158669 0.652403 1.544368 0.652403 1.544368 0.497278 -0.326450
0.000000 0.652175 -1.556575 0.532451 -0.129150 0.042174 -0.485893 0.158669 0.652175 1.570796 -0.000228 0.026429 0.513558 -0.315634
0.017240 0.652175 -1.501346 0.532451 -0.124567 0.042174 -0.468653 0.158669 0.652403 1.544368 0.652631 1.517939 0.497278 -0.326450
0.068965 0.652175 -1.335642 0.532451 -0.110819 0.042174 -0.416928 0.158669 0.655811 1.465441 0.003181 -0.052498 0.448863 -0.363642
0.120688 0.652175 -1.169947 0.532451 -0.097071 0.042174 -0.365205 0.158669 0.663248 1.387812 0.660067 1.440310 0.401278 -0.409860
0.172413 0.652175 -1.004243 0.532451 -0.083323 0.042174 -0.313480 0.158669 0.674580 1.312342 0.014513 -0.127967 0.354851 -0.468558
0.206896 0.652175 -0.893776 0.532451 -0.074157 0.042174 -0.278997 0.158669 0.684206 1.263599 0.669693 1.391566 0.324791 -0.517095
0.241379 0.652175 -0.783310 0.532451 -0.064992 0.042174 -0.244514 0.158669 0.695411 1.216317 0.025717 -0.175250 0.295697 -0.575611
0.275861 0.608694 -0.672843 0.386538 -0.055826 0.030617 -0.210032 0.115187 0.668287 1.145283 0.642570 1.320532 0.243297 -0.501635
0.310344 0.608694 -0.562377 0.386538 -0.046661 0.030617 -0.175549 0.115187 0.683243 1.099298 0.040674 -0.221234 0.214237 -0.580690
0.310344 0.565219 -0.562377 0.240648 -0.046661 0.019061 -0.175549 0.071712 0.644814 1.068668 0.604141 1.289903 0.192640 -0.387815
0.258621 0.521737 -0.728072 0.094736 -0.060409 0.007504 -0.227272 0.028231 0.582319 1.110601 -0.021822 -0.179302 0.230081 -0.123584
0.241379 0.478263 -0.783310 -0.051155 -0.064992 -0.004052 -0.244514 -0.015244 0.535723 1.103397 0.557545 1.282699 0.244633 0.062263
0.206896 0.434781 -0.893776 -0.197067 -0.074157 -0.015609 -0.278997 -0.058725 0.481498 1.126645 -0.076047 -0.156054 0.283640 0.207459
0.172413 0.391306 -1.004243 -0.342957 -0.083323 -0.027165 -0.313480 -0.102200 0.427606 1.155779 0.503653 1.311833 0.327439 0.315153
0.137931 0.304350 -1.114709 -0.634760 -0.092488 -0.050278 -0.347962 -0.189156 0.334146 1.145287 -0.169506 -0.166546 0.392474 0.497925
0.120688 0.260869 -1.169947 -0.780673 -0.097071 -0.061835 -0.365205 -0.232638 0.287434 1.137482 0.456940 1.304028 0.428964 0.567187
0.103448 0.217394 -1.225176 -0.926563 -0.101653 -0.073390 -0.382445 -0.276113 0.240752 1.126650 -0.216188 -0.177377 0.467286 0.625317
0.103448 0.173912 -1.225176 -1.072475 -0.101653 -0.084948 -0.382445 -0.319594 0.202354 1.034188 0.418541 1.211566 0.493554 0.696110
0.103448 0.086956 -1.225176 -1.364278 -0.101653 -0.108061 -0.382445 -0.406550 0.135140 0.698999 -0.283401 -0.512567 0.552643 0.815941
0.103448 0.043481 -1.225176 -1.510168 -0.101653 -0.119616 -0.382445 -0.450025 0.112215 0.397901 0.395616 0.910468 0.584801 0.866401
0.137931 0.043481 -1.114709 -1.510168 -0.092488 -0.119616 -0.347962 -0.450025 0.144622 0.305380 -0.250994 -0.605088 0.562855 0.912608
0.155171 0.000000 -1.059480 -1.656081 -0.087906 -0.131174 -0.330722 -0.493506 0.155171 0.000000 0.406165 0.605088 0.587766 0.980388
0.206896 0.000000 -0.893776 -1.656081 -0.074157 -0.131174 -0.278997 -0.493506 0.206896 0.000000 -0.199269 -0.605088 0.560296 1.056255
0.241379 0.043481 -0.783310 -1.510168 -0.064992 -0.119616 -0.244514 -0.450025 0.245264 0.178226 0.444532 0.783314 0.505485 1.073085
0.275861 0.086956 -0.672843 -1.364278 -0.055826 -0.108061 -0.210032 -0.406550 0.289242 0.305358 -0.155291 -0.477956 0.450848 1.093942
0.310344 0.173912 -0.562377 -1.072475 -0.046661 -0.084948 -0.175549 -0.319594 0.355751 0.510782 0.511042 0.988738 0.357979 1.068501
0.327587 0.217394 -0.507140 -0.926563 -0.042078 -0.073390 -0.158306 -0.276113 0.393158 0.585892 -0.117884 -0.402846 0.311693 1.050211
0.344827 0.260869 -0.451910 -0.780673 -0.037495 -0.061835 -0.141066 -0.232638 0.432386 0.647662 0.550270 1.050507 0.265585 1.025701
0.362069 0.260869 -0.396673 -0.780673 -0.032912 -0.061835 -0.123824 -0.232638 0.446259 0.624348 -0.104012 -0.426159 0.256843 1.081676
0.362069 0.217394 -0.396673 -0.926563 -0.032912 -0.073390 -0.123824 -0.276113 0.422320 0.540729 0.526332 0.966888 0.295675 1.149230
0.362069 0.173912 -0.396673 -1.072475 -0.032912 -0.084948 -0.123824 -0.319594 0.401671 0.447788 -0.124661 -0.519100 0.335655 1.201164
0.379309 0.130438 -0.341444 -1.218366 -0.028330 -0.096503 -0.106584 -0.363069 0.401110 0.331214 0.525771 0.850314 0.371091 1.285256
0.396552 0.086956 -0.286207 -1.364278 -0.023747 -0.108061 -0.089341 -0.406550 0.405974 0.215864 -0.119797 -0.634450 0.408818 1.354481
0.413792 0.043481 -0.230978 -1.510168 -0.019164 -0.119616 -0.072101 -0.450025 0.416070 0.104696 0.535867 0.739146 0.448248 1.411931
0.448275 0.000000 -0.120511 -1.656081 -0.009999 -0.131174 -0.037618 -0.493506 0.448275 0.000000 -0.087593 -0.739146 0.487347 1.494717
0.482757 0.000000 -0.010045 -1.656081 -0.000833 -0.131174 -0.003135 -0.493506 0.482757 0.000000 0.570350 0.739146 0.485903 1.564443
0.534483 0.000000 0.155659 -1.656081 0.012915 -0.131174 0.048590 -0.493506 0.534483 0.000000 -0.035867 -0.739146 0.488316 -1.472654
0.568965 0.043481 0.266126 -1.510168 0.022081 -0.119616 0.083072 -0.450025 0.570624 0.076274 0.606492 0.815420 0.450143 -1.388256
0.586205 0.086956 0.321355 -1.364278 0.026663 -0.108061 0.100313 -0.406550 0.592620 0.147264 -0.013872 -0.668156 0.411355 -1.328888
0.603448 0.173912 0.376592 -1.072475 0.031246 -0.084948 0.117555 -0.319594 0.628009 0.280594 0.641881 0.948751 0.333393 -1.218330
0.620688 0.260869 0.431821 -0.780673 0.035828 -0.061835 0.134795 -0.232638 0.673280 0.397874 0.031399 -0.550876 0.262308 -1.045646
0.620688 0.347825 0.431821 -0.488870 0.035828 -0.038722 0.134795 -0.145682 0.711503 0.510782 0.680103 1.061659 0.192957 -0.824193
0.620688 0.478263 0.431821 -0.051155 0.035828 -0.004052 0.134795 -0.015244 0.783574 0.656515 0.103471 -0.405143 0.135011 -0.112611
0.586205 0.695650 0.321355 0.678341 0.026663 0.053730 0.100313 0.202143 0.909706 0.870571 0.806235 1.275715 0.232509 1.110158
0.551723 0.782606 0.210888 0.970144 0.017498 0.076842 0.065830 0.289100 0.957533 0.956735 0.151298 -0.318980 0.303928 1.346907
0.534483 0.826088 0.155659 1.116056 0.012915 0.088400 0.048590 0.332581 0.983917 0.996530 0.832619 1.315509 0.343647 1.425724
0.500000 0.913044 0.045193 1.407859 0.003750 0.111513 0.014107 0.419537 1.040985 1.069783 0.208366 -0.245726 0.427384 1.537184
0.482757 0.956519 -0.010045 1.553750 -0.000833 0.123068 -0.003135 0.463012 1.071439 1.103394 0.863073 1.349120 0.470636 -1.564024
0.448275 0.956519 -0.120511 1.553750 -0.009999 0.123068 -0.037618 0.463012 1.056351 1.132540 0.193278 -0.216580 0.472127 -1.489728
0.413792 1.000000 -0.230978 1.699662 -0.019164 0.134626 -0.072101 0.506494 1.082231 1.178457 0.888953 1.395037 0.519138 -1.429393
0.431035 0.956519 -0.175740 1.553750 -0.014581 0.123068 -0.054858 0.463012 1.049151 1.147420 0.160198 -0.247618 0.473812 -1.452865
0.448275 0.956519 -0.120511 1.553750 -0.009999 0.123068 -0.037618 0.463012 1.056351 1.132540 0.896153 1.380157 0.472127 -1.489728
0.500000 0.913044 0.045193 1.407859 0.003750 0.111513 0.014107 0.419537 1.040985 1.069783 0.144832 -0.310374 0.427384 1.537184
0.551723 0.913044 0.210888 1.407859 0.017498 0.111513 0.065830 0.419537 1.066793 1.027245 0.921961 1.337619 0.432194 1.415155
0.603448 0.869562 0.376592 1.261947 0.031246 0.099955 0.117555 0.376056 1.058437 0.964131 0.136476 -0.373489 0.401275 1.267820
0.655171 0.869562 0.542288 1.261947 0.044994 0.099955 0.169278 0.376056 1.088755 0.925092 0.952279 1.298580 0.419353 1.147826
0.758621 0.869562 0.873695 1.261947 0.072491 0.099955 0.272728 0.376056 1.153969 0.853431 0.201690 -0.445149 0.470726 0.943335
0.793104 0.869562 0.984162 1.261947 0.081656 0.099955 0.307211 0.376056 1.176925 0.831351 0.975235 1.276501 0.491509 0.885817
0.827587 0.869562 1.094628 1.261947 0.090822 0.099955 0.341694 0.376056 1.200433 0.810126 0.225197 -0.466374 0.513767 0.833236
0.896552 0.869562 1.315561 1.261947 0.109153 0.099955 0.410659 0.376056 1.248977 0.770117 1.023780 1.236492 0.561999 0.741442
0.931035 0.826088 1.426028 1.116056 0.118318 0.088400 0.445142 0.332581 1.244687 0.725742 0.220907 -0.510749 0.560253 0.641665
0.948275 0.826088 1.481257 1.116056 0.122901 0.088400 0.462382 0.332581 1.257635 0.716644 1.036728 1.227394 0.574046 0.623547
1.000000 0.739131 1.646960 0.824254 0.136649 0.065287 0.514107 0.245625 1.243509 0.636509 0.206782 -0.590885 0.573093 0.445706
1.000000 0.695650 1.646960 0.678341 0.136649 0.053730 0.514107 0.202143 1.218166 0.607800 1.011385 1.198685 0.555251 0.374625
1.000000 0.652175 1.646960 0.532451 0.136649 0.042174 0.514107 0.158669 1.193873 0.577903 0.182488 -0.620783 0.540329 0.299355
1.000000 0.608694 1.646960 0.386538 0.136649 0.030617 0.514107 0.115187 1.170687 0.546787 0.988199 1.167570 0.528570 0.220413
0.982757 0.565219 1.591723 0.240648 0.132066 0.019061 0.496865 0.071712 1.133704 0.521936 0.145505 -0.645634 0.503157 0.143340
0.948275 0.478263 1.481257 -0.051155 0.122901 -0.004052 0.462382 -0.015244 1.062055 0.467122 0.916550 1.112755 0.462445 -0.032956
0.931035 0.478263 1.426028 -0.051155 0.118318 -0.004052 0.445142 -0.015244 1.046690 0.474539 0.130141 -0.638216 0.445207 -0.034232
0.896552 0.478263 1.315561 -0.051155 0.109153 -0.004052 0.410659 -0.015244 1.016140 0.490045 0.885999 1.128262 0.410730 -0.037104
0.862069 0.434781 1.205095 -0.197067 0.099987 -0.015609 0.376176 -0.058725 0.965504 0.467118 0.079505 -0.661144 0.379633 -0.154861
0.844827 0.478263 1.149857 -0.051155 0.095404 -0.004052 0.358934 -0.015244 0.970808 0.515126 0.891303 1.176269 0.359015 -0.042444
0.844827 0.521737 1.149857 0.094736 0.095404 0.007504 0.358934 0.028231 0.992946 0.553237 0.101643 -0.623032 0.360719 0.078491
0.844827 0.652175 1.149857 0.532451 0.095404 0.042174 0.358934 0.158669 1.067270 0.657410 0.965626 1.280442 0.395580 0.416227
0.862069 0.695650 1.205095 0.678341 0.099987 0.053730 0.376176 0.202143 1.107742 0.678967 0.142116 -0.601476 0.430705 0.493090
0.879309 0.739131 1.260324 0.824254 0.104570 0.065287 0.393416 0.245625 1.148695 0.699001 1.006579 1.300477 0.467874 0.558123
