0.000000 0.559998 -1.743273 0.202157 -0.155771 0.015789 -0.542592 0.054998 0.559998 1.570796 0.559998 1.570796 0.542871 -0.101016
0.039999 0.559998 -1.614763 0.202157 -0.144288 0.015789 -0.502593 0.054998 0.561425 1.499491 0.001427 -0.071306 0.502895 -0.108994
0.080000 0.559998 -1.486245 0.202157 -0.132804 0.015789 -0.462592 0.054998 0.565684 1.428899 0.564257 1.500205 0.462920 -0.118335
0.133333 0.600001 -1.314893 0.349197 -0.117493 0.027273 -0.409259 0.095001 0.614637 1.352128 0.050380 -0.148077 0.413266 -0.228089
0.186666 0.600001 -1.143541 0.349197 -0.102182 0.027273 -0.355926 0.095001 0.628367 1.269179 0.577987 1.417255 0.360526 -0.260831
0.253334 0.639998 -0.929348 0.496214 -0.083042 0.038756 -0.289259 0.134998 0.688313 1.193886 0.110326 -0.223370 0.305219 -0.436656
0.293332 0.639998 -0.800837 0.496214 -0.071559 0.038756 -0.249260 0.134998 0.704018 1.141034 0.593692 1.364404 0.267616 -0.496367
0.319999 0.680001 -0.715161 0.643254 -0.063903 0.050240 -0.222593 0.175000 0.751532 1.130955 0.157840 -0.233448 0.261589 -0.666263
0.346666 0.680001 -0.629485 0.643254 -0.056248 0.050240 -0.195927 0.175000 0.763268 1.099338 0.605428 1.332786 0.239308 -0.729042
0.373332 0.680001 -0.543809 0.643254 -0.048592 0.050240 -0.169260 0.175000 0.775744 1.068708 0.170316 -0.264078 0.218014 -0.802072
0.386667 0.680001 -0.500967 0.643254 -0.044764 0.050240 -0.155926 0.175000 0.782248 1.053765 0.611932 1.317843 0.207832 -0.842975
0.373332 0.680001 -0.543809 0.643254 -0.048592 0.050240 -0.169260 0.175000 0.775744 1.068708 0.163811 -0.249135 0.218014 -0.802072
0.360000 0.680001 -0.586643 0.643254 -0.052420 0.050240 -0.182592 0.175000 0.769416 1.083898 0.605605 1.333033 0.228519 -0.764171
0.333333 0.600001 -0.672320 0.349197 -0.060075 0.027273 -0.209259 0.095001 0.686376 1.063699 0.080772 -0.269335 0.216991 -0.426164
0.306667 0.559998 -0.757996 0.202157 -0.067731 0.015789 -0.235925 0.054998 0.638469 1.069782 0.557697 1.339116 0.236567 -0.229025
0.280000 0.479999 -0.843672 -0.091901 -0.075387 -0.007178 -0.262592 -0.025002 0.555697 1.042720 -0.002001 -0.296396 0.269949 0.094926
0.253334 0.399999 -0.929348 -0.385958 -0.083042 -0.030145 -0.289259 -0.105002 0.473473 1.006225 0.475474 1.302621 0.322496 0.348212
0.239999 0.319999 -0.972189 -0.680015 -0.086870 -0.053111 -0.302593 -0.185001 0.399999 0.927295 -0.075475 -0.375326 0.375646 0.548751
0.226667 0.280002 -1.015024 -0.827033 -0.090698 -0.064594 -0.315925 -0.224998 0.360249 0.890278 0.435724 1.265604 0.410807 0.618860
0.226667 0.200002 -1.015024 -1.121091 -0.090698 -0.087561 -0.315925 -0.304998 0.302289 0.722985 -0.133435 -0.542619 0.466022 0.767802
0.226667 0.120003 -1.015024 -1.415148 -0.090698 -0.110528 -0.315925 -0.384998 0.256473 0.486908 0.389908 1.029527 0.527627 0.883626
0.239999 0.080000 -0.972189 -1.562188 -0.086870 -0.122012 -0.302593 -0.425001 0.252981 0.321751 -0.136926 -0.707777 0.552770 0.952074
0.293332 0.000000 -0.800837 -1.856245 -0.071559 -0.144979 -0.249260 -0.505001 0.293332 0.000000 0.430259 0.707777 0.597107 1.112295
0.319999 0.000000 -0.715161 -1.856245 -0.063903 -0.144979 -0.222593 -0.505001 0.319999 0.000000 -0.110260 -0.707777 0.586476 1.155638
0.346666 0.000000 -0.629485 -1.856245 -0.056248 -0.144979 -0.195927 -0.505001 0.346666 0.000000 0.456925 0.707777 0.576882 1.200701
0.373332 0.040003 -0.543809 -1.709206 -0.048592 -0.133495 -0.169260 -0.464998 0.375469 0.106744 -0.081456 -0.601033 0.530325 1.221703
0.386667 0.080000 -0.500967 -1.562188 -0.044764 -0.122012 -0.155926 -0.425001 0.394856 0.204017 0.476312 0.805050 0.488164 1.219161
0.426665 0.160000 -0.372457 -1.268130 -0.033281 -0.099045 -0.115927 -0.345001 0.455679 0.358771 -0.020633 -0.446280 0.399770 1.246631
0.426665 0.200002 -0.372457 -1.121091 -0.033281 -0.087561 -0.115927 -0.304998 0.471216 0.438342 0.491849 0.884622 0.361672 1.207571
0.440000 0.239999 -0.329615 -0.974073 -0.029453 -0.076078 -0.102592 -0.265001 0.501198 0.499346 0.009349 -0.385276 0.319512 1.201426
0.440000 0.280002 -0.329615 -0.827033 -0.029453 -0.064594 -0.102592 -0.224998 0.521537 0.566733 0.512188 0.952009 0.281920 1.142989
0.453332 0.280002 -0.286781 -0.827033 -0.025625 -0.064594 -0.089260 -0.224998 0.532833 0.553299 0.020645 -0.398710 0.277346 1.193125
0.453332 0.319999 -0.286781 -0.680015 -0.025625 -0.053111 -0.089260 -0.185001 0.554896 0.614663 0.534251 1.013373 0.239823 1.121260
0.466666 0.280002 -0.243939 -0.827033 -0.021797 -0.064594 -0.075926 -0.224998 0.544223 0.540423 0.009972 -0.472950 0.273346 1.245345
0.466666 0.239999 -0.243939 -0.974073 -0.021797 -0.076078 -0.075926 -0.265001 0.524764 0.475010 0.514791 0.947960 0.311973 1.291760
0.480001 0.160000 -0.201098 -1.268130 -0.017969 -0.099045 -0.062592 -0.345001 0.505965 0.321749 -0.008827 -0.626210 0.387679 1.391324
0.506667 0.120003 -0.115422 -1.415148 -0.010314 -0.110528 -0.035925 -0.384998 0.520684 0.232562 0.529511 0.858772 0.424114 1.477754
0.573333 0.040003 0.098765 -1.709206 0.008825 -0.133495 0.030740 -0.464998 0.574726 0.069660 0.045216 -0.789112 0.503528 -1.504783
0.599999 0.040003 0.184441 -1.709206 0.016481 -0.133495 0.057407 -0.464998 0.601331 0.066573 0.556116 0.855685 0.505857 -1.447961
0.640000 0.040003 0.312958 -1.709206 0.027965 -0.133495 0.097408 -0.464998 0.641249 0.062423 0.085133 -0.793262 0.511942 -1.364302
0.666667 0.040003 0.398634 -1.709206 0.035620 -0.133495 0.124075 -0.464998 0.667866 0.059932 0.582732 0.853195 0.517678 -1.310043
0.706666 0.080000 0.527145 -1.562188 0.047103 -0.122012 0.164073 -0.425001 0.711179 0.112727 0.128447 -0.740467 0.490828 -1.202370
0.720000 0.120003 0.569986 -1.415148 0.050931 -0.110528 0.177408 -0.384998 0.729932 0.165152 0.601485 0.905619 0.458318 -1.138996
0.746666 0.319999 0.655662 -0.680015 0.058587 -0.053111 0.204074 -0.185001 0.812349 0.404891 0.210864 -0.500729 0.301983 -0.736417
0.746666 0.399999 0.655662 -0.385958 0.058587 -0.030145 0.204074 -0.105002 0.847059 0.491808 0.636196 0.992537 0.248956 -0.475202
0.720000 0.559998 0.569986 0.202157 0.050931 0.015789 0.177408 0.054998 0.912139 0.661042 0.275943 -0.331495 0.178260 0.300613
0.706666 0.639998 0.527145 0.496214 0.047103 0.038756 0.164073 0.134998 0.953401 0.735933 0.677458 1.067428 0.190809 0.688482
0.679999 0.719998 0.441469 0.790272 0.039448 0.061723 0.137407 0.214997 0.990351 0.813961 0.312893 -0.253467 0.224396 1.002115
0.653332 0.760001 0.355793 0.937312 0.031792 0.073207 0.110740 0.255000 1.002220 0.860728 0.689326 1.114195 0.243987 1.161096
0.599999 0.840000 0.184441 1.231369 0.016481 0.096174 0.057407 0.335000 1.032279 0.950548 0.342953 -0.163647 0.302898 1.401080
0.586667 0.840000 0.141606 1.231369 0.012653 0.096174 0.044075 0.335000 1.024587 0.961137 0.681634 1.124784 0.300656 1.439981
0.573333 0.880003 0.098765 1.378409 0.008825 0.107658 0.030740 0.375003 1.050293 0.993359 0.368659 -0.131425 0.338809 1.489005
0.560000 0.880003 0.055930 1.378409 0.004998 0.107658 0.017408 0.375003 1.043075 1.004069 0.674416 1.135493 0.337860 1.524408
0.560000 0.920000 0.055930 1.525427 0.004998 0.119141 0.017408 0.415000 1.077033 1.024007 0.402617 -0.111486 0.377809 1.528873
0.626666 0.920000 0.270117 1.525427 0.024136 0.119141 0.084074 0.415000 1.113153 0.972828 0.710537 1.084314 0.386659 1.370914
0.666667 0.920000 0.398634 1.525427 0.035620 0.119141 0.124075 0.415000 1.136154 0.943726 0.425617 -0.140588 0.397280 1.280280
0.759999 0.960003 0.698497 1.672467 0.062414 0.130625 0.217407 0.455003 1.224420 0.901160 0.798803 1.041748 0.470635 1.125055
0.813332 0.960003 0.869849 1.672467 0.077726 0.130625 0.270740 0.455003 1.258219 0.867920 0.459416 -0.173828 0.497526 1.034040
0.879999 1.000000 1.084043 1.819484 0.096865 0.142108 0.337407 0.494999 1.332066 0.849142 0.872650 1.022970 0.568389 0.972505
0.906666 1.000000 1.169719 1.819484 0.104521 0.142108 0.364074 0.494999 1.349831 0.834311 0.477181 -0.188660 0.584612 0.936638
0.959999 0.960003 1.341071 1.672467 0.119832 0.130625 0.417407 0.455003 1.357647 0.785400 0.880465 0.974060 0.590305 0.828466
0.986666 0.920000 1.426747 1.525427 0.127488 0.119141 0.444074 0.415000 1.349040 0.750448 0.468575 -0.223612 0.582785 0.751568
1.000000 0.840000 1.469588 1.231369 0.131316 0.096174 0.457408 0.335000 1.305987 0.698660 0.837412 0.922272 0.545595 0.632134
1.000000 0.760001 1.469588 0.937312 0.131316 0.073207 0.457408 0.255000 1.256026 0.649871 0.418614 -0.272401 0.506447 0.508575
1.000000 0.719998 1.469588 0.790272 0.131316 0.061723 0.457408 0.214997 1.232232 0.624022 0.813618 0.896423 0.490607 0.439389
0.973333 0.600001 1.383912 0.349197 0.123660 0.027273 0.430741 0.095001 1.143407 0.552420 0.329789 -0.344003 0.434550 0.217076
0.959999 0.559998 1.341071 0.202157 0.119832 0.015789 0.417407 0.054998 1.111394 0.528074 0.781605 0.872077 0.417770 0.131006
0.946667 0.559998 1.298236 0.202157 0.116004 0.015789 0.404075 0.054998 1.099898 0.534181 0.318293 -0.337895 0.404449 0.135277
0.933333 0.600001 1.255395 0.349197 0.112176 0.027273 0.390740 0.095001 1.109554 0.571339 0.791261 0.909234 0.394935 0.238502
0.933333 0.680001 1.255395 0.643254 0.112176 0.050240 0.390740 0.175000 1.154777 0.629646 0.363516 -0.279588 0.414197 0.421080
0.946667 0.760001 1.298236 0.937312 0.116004 0.073207 0.404075 0.255000 1.213993 0.676457 0.850477 0.956044 0.458849 0.562954
0.973333 0.840000 1.383912 1.231369 0.123660 0.096174 0.430741 0.335000 1.285682 0.712001 0.435205 -0.244043 0.523440 0.661013
