0.012345 0.857144 -1.327024 0.986646 -0.121833 0.078169 -0.459833 0.295032 0.857233 1.556395 0.857233 1.556395 0.599704 -0.570453
0.000000 0.821427 -1.362649 0.867202 -0.125104 0.068706 -0.472177 0.259316 0.821427 1.570796 -0.035806 0.014401 0.587305 -0.502222
0.012345 0.785715 -1.327024 0.747776 -0.121833 0.059244 -0.459833 0.223604 0.785812 1.555086 0.821618 1.540685 0.556554 -0.452606
0.061727 0.749999 -1.184511 0.628332 -0.108749 0.049781 -0.410450 0.187887 0.752535 1.488678 -0.069084 -0.052007 0.495635 -0.429288
0.111110 0.749999 -1.041998 0.628332 -0.095665 0.049781 -0.361067 0.187887 0.758184 1.423719 0.827268 1.475726 0.455581 -0.479808
0.172839 0.749999 -0.863855 0.628332 -0.079310 0.049781 -0.299338 0.187887 0.769657 1.344298 -0.057611 -0.131428 0.408397 -0.560521
0.222222 0.749999 -0.721342 0.628332 -0.066226 0.049781 -0.249955 0.187887 0.782228 1.282741 0.839839 1.414169 0.373714 -0.644578
0.259258 0.749999 -0.614460 0.628332 -0.056413 0.049781 -0.212919 0.187887 0.793544 1.237977 -0.046295 -0.176192 0.350028 -0.723025
0.283949 0.749999 -0.543204 0.628332 -0.049871 0.049781 -0.188228 0.187887 0.801951 1.208873 0.848246 1.385065 0.335581 -0.784493
0.296296 0.749999 -0.507573 0.628332 -0.046600 0.049781 -0.175881 0.187887 0.806405 1.194554 -0.041840 -0.190511 0.328814 -0.818391
0.296296 0.714282 -0.507573 0.508888 -0.046600 0.040318 -0.175881 0.152171 0.773298 1.177583 0.815139 1.368094 0.299247 -0.713246
0.259258 0.642854 -0.614460 0.270018 -0.056413 0.021393 -0.212919 0.080742 0.693163 1.187455 -0.121975 -0.180639 0.272883 -0.362462
0.222222 0.571425 -0.721342 0.031149 -0.066226 0.002468 -0.249955 0.009314 0.613115 1.199904 0.735090 1.380542 0.268938 -0.037246
0.197531 0.464286 -0.792598 -0.327147 -0.072768 -0.025919 -0.274647 -0.097825 0.504559 1.168544 -0.230531 -0.211998 0.274760 0.342175
0.160493 0.392858 -0.899486 -0.566017 -0.082581 -0.044844 -0.311685 -0.169254 0.424376 1.182961 0.654907 1.394960 0.321619 0.497475
0.135801 0.285713 -0.970742 -0.924331 -0.089123 -0.073232 -0.336376 -0.276399 0.316344 1.127097 -0.338563 -0.267862 0.384601 0.687830
0.123457 0.214285 -1.006367 -1.163200 -0.092394 -0.092157 -0.348721 -0.347827 0.247304 1.048110 0.585867 1.315972 0.433722 0.784115
0.111110 0.178573 -1.041998 -1.282626 -0.095665 -0.101619 -0.361067 -0.383538 0.210318 1.014206 -0.375548 -0.301767 0.465374 0.815567
0.111110 0.107145 -1.041998 -1.521496 -0.095665 -0.120544 -0.361067 -0.454966 0.154355 0.767233 0.529904 1.069000 0.513438 0.899962
0.123457 0.071428 -1.006367 -1.640940 -0.092394 -0.130007 -0.348721 -0.490683 0.142631 0.524512 -0.387273 -0.544488 0.531231 0.952936
0.160493 0.035717 -0.899486 -1.760366 -0.082581 -0.139469 -0.311685 -0.526394 0.164419 0.218976 0.551692 0.763464 0.536326 1.036197
0.185184 0.035717 -0.828229 -1.760366 -0.076039 -0.139469 -0.286993 -0.526394 0.188597 0.190532 -0.363095 -0.572931 0.522363 1.071641
0.222222 0.071428 -0.721342 -1.640940 -0.066226 -0.130007 -0.249955 -0.490683 0.233419 0.310997 0.596514 0.883928 0.472311 1.099655
0.271605 0.142856 -0.578829 -1.402070 -0.053142 -0.111082 -0.200573 -0.419255 0.306883 0.484208 -0.289631 -0.399720 0.385593 1.124575
0.296296 0.214285 -0.507573 -1.163200 -0.046600 -0.092157 -0.175881 -0.347827 0.365663 0.626135 0.655294 1.025855 0.312159 1.102633
0.308643 0.250001 -0.471942 -1.043756 -0.043329 -0.082694 -0.163535 -0.312110 0.397191 0.680810 -0.258103 -0.345044 0.275873 1.088161
0.308643 0.285713 -0.471942 -0.924331 -0.043329 -0.073232 -0.163535 -0.276399 0.420585 0.746838 0.678688 1.091882 0.248018 1.036530
0.320987 0.321430 -0.436317 -0.804887 -0.040058 -0.063769 -0.151190 -0.240682 0.454257 0.786086 -0.224431 -0.305796 0.213503 1.009918
0.308643 0.285713 -0.471942 -0.924331 -0.043329 -0.073232 -0.163535 -0.276399 0.420585 0.746838 0.645016 1.052633 0.248018 1.036530
0.308643 0.250001 -0.471942 -1.043756 -0.043329 -0.082694 -0.163535 -0.312110 0.397191 0.680810 -0.247825 -0.371823 0.275873 1.088161
0.296296 0.214285 -0.507573 -1.163200 -0.046600 -0.092157 -0.175881 -0.347827 0.365663 0.626135 0.613487 0.997958 0.312159 1.102633
0.296296 0.142856 -0.507573 -1.402070 -0.046600 -0.111082 -0.175881 -0.419255 0.328937 0.449258 -0.284551 -0.548699 0.373345 1.173585
0.308643 0.107145 -0.471942 -1.521496 -0.043329 -0.120544 -0.163535 -0.454966 0.326711 0.334133 0.611262 0.882832 0.399990 1.225733
0.333334 0.035717 -0.400686 -1.760366 -0.036787 -0.139469 -0.138843 -0.526394 0.335242 0.106743 -0.276020 -0.776089 0.458012 1.312907
0.370370 0.000000 -0.293804 -1.879810 -0.026974 -0.148932 -0.101807 -0.562111 0.370370 0.000000 0.646390 0.776089 0.483028 1.391623
0.469135 0.000000 -0.008779 -1.879810 -0.000806 -0.148932 -0.003042 -0.562111 0.469135 0.000000 -0.177255 -0.776089 0.472187 1.565385
0.518518 0.000000 0.133734 -1.879810 0.012278 -0.148932 0.046341 -0.562111 0.518518 0.000000 0.695773 0.776089 0.474446 -1.488542
0.555556 0.071428 0.240621 -1.640940 0.022091 -0.130007 0.083379 -0.490683 0.560129 0.127869 -0.135644 -0.648220 0.409331 -1.402481
0.592592 0.142856 0.347503 -1.402070 0.031904 -0.111082 0.120415 -0.419255 0.609568 0.236557 0.745212 0.884777 0.350645 -1.291113
0.617283 0.250001 0.418759 -1.043756 0.038446 -0.082694 0.145106 -0.312110 0.665988 0.384811 -0.079224 -0.499965 0.265364 -1.135605
0.641975 0.499997 0.490015 -0.207721 0.044988 -0.016457 0.169797 -0.062114 0.813713 0.661706 0.892937 1.161672 0.172061 -0.350692
0.641975 0.607142 0.490015 0.150592 0.044988 0.011931 0.169797 0.045031 0.883602 0.757520 -0.009335 -0.404152 0.216902 0.259237
0.629630 0.714282 0.454390 0.508888 0.041717 0.040318 0.157453 0.152171 0.952173 0.848304 0.961507 1.252456 0.288801 0.768340
0.617283 0.821427 0.418759 0.867202 0.038446 0.068706 0.145106 0.259316 1.027512 0.926351 0.066004 -0.326105 0.378194 1.060633
0.592592 0.892855 0.347503 1.106072 0.031904 0.087631 0.120415 0.330744 1.071613 0.984847 1.005609 1.310953 0.437572 1.221640
0.580247 0.928572 0.311877 1.225515 0.028633 0.097094 0.108070 0.366461 1.094958 1.012282 0.089349 -0.298670 0.469015 1.284023
0.543209 1.000000 0.204990 1.464385 0.018820 0.116019 0.071032 0.437889 1.138014 1.073182 1.048665 1.371852 0.532581 1.409982
0.530865 1.000000 0.169365 1.464385 0.015549 0.116019 0.058687 0.437889 1.132174 1.082763 0.083508 -0.289089 0.531075 1.437567
0.543209 1.000000 0.204990 1.464385 0.018820 0.116019 0.071032 0.437889 1.138014 1.073182 1.054506 1.362271 0.532581 1.409982
0.555556 1.000000 0.240621 1.464385 0.022091 0.116019 0.083379 0.437889 1.143959 1.063698 0.089453 -0.298573 0.534368 1.382638
0.629630 1.000000 0.454390 1.464385 0.041717 0.116019 0.157453 0.437889 1.181708 1.008875 1.092255 1.307448 0.550807 1.225620
0.666666 1.000000 0.561272 1.464385 0.051530 0.116019 0.194489 0.437889 1.201850 0.982794 0.109595 -0.324653 0.562514 1.152817
0.716051 1.000000 0.703790 1.464385 0.064614 0.116019 0.243873 0.437889 1.229930 0.949379 1.120335 1.274033 0.581439 1.062648
0.765433 1.000000 0.846302 1.464385 0.077698 0.116019 0.293256 0.437889 1.259320 0.917491 0.138985 -0.356542 0.603818 0.980694
0.814816 1.000000 0.988815 1.464385 0.090782 0.116019 0.342639 0.437889 1.289932 0.887086 1.150947 1.243628 0.629284 0.906831
0.901235 1.000000 1.238209 1.464385 0.113679 0.116019 0.429057 0.437889 1.346189 0.837300 0.195242 -0.406329 0.680211 0.795585
0.938273 0.964283 1.345097 1.344941 0.123492 0.106556 0.466095 0.402172 1.345436 0.799069 1.150194 1.205397 0.677800 0.711909
0.975309 0.928572 1.451978 1.225515 0.133305 0.097094 0.503131 0.366461 1.346652 0.760855 0.196458 -0.444542 0.679292 0.629507
1.000000 0.857144 1.523235 0.986646 0.139847 0.078169 0.527823 0.295032 1.317078 0.708627 1.120620 1.153169 0.653296 0.509697
1.000000 0.821427 1.523235 0.867202 0.139847 0.068706 0.527823 0.259316 1.294118 0.687670 0.173498 -0.465499 0.632907 0.456658
1.000000 0.749999 1.523235 0.628332 0.139847 0.049781 0.527823 0.187887 1.249999 0.643500 1.076501 1.108999 0.596474 0.341981
0.962964 0.642854 1.416353 0.270018 0.130034 0.021393 0.490787 0.080742 1.157826 0.588633 0.081325 -0.520366 0.519617 0.163056
0.938273 0.607142 1.345097 0.150592 0.123492 0.011931 0.466095 0.045031 1.117576 0.574323 1.036252 1.094689 0.485242 0.096314
0.888890 0.607142 1.202584 0.150592 0.110408 0.011931 0.416713 0.045031 1.076451 0.599249 0.040200 -0.495441 0.438024 0.107645
0.864199 0.607142 1.131328 0.150592 0.103866 0.011931 0.392021 0.045031 1.056154 0.612435 1.015954 1.107876 0.414604 0.114368
0.851852 0.642854 1.095697 0.270018 0.100595 0.021393 0.379675 0.080742 1.067199 0.646473 0.051244 -0.461402 0.416273 0.209541
0.851852 0.785715 1.095697 0.747776 0.100595 0.059244 0.379675 0.223604 1.158879 0.745033 1.107635 1.206435 0.492401 0.532245
0.851852 0.892855 1.095697 1.106072 0.100595 0.087631 0.379675 0.330744 1.234035 0.808895 0.126400 -0.397540 0.566677 0.716631
0.864199 1.000000 1.131328 1.464385 0.103866 0.116019 0.392021 0.437889 1.321680 0.858117 1.195280 1.255657 0.657478 0.840610
