0.024691 0.562497 -1.415805 0.138202 -0.117685 0.010190 -0.453327 0.039252 0.563039 1.526929 0.563039 1.526929 0.461131 -0.086370
0.012345 0.562497 -1.454365 0.138202 -0.120890 0.010190 -0.465674 0.039252 0.562633 1.548854 -0.000406 0.021925 0.473275 -0.084091
0.000000 0.562497 -1.492919 0.138202 -0.124095 0.010190 -0.478019 0.039252 0.562497 1.570796 0.562904 1.548871 0.485426 -0.081929
0.037036 0.562497 -1.377250 0.138202 -0.114481 0.010190 -0.440982 0.039252 0.563715 1.505049 0.000812 -0.043822 0.449001 -0.088775
0.074074 0.562497 -1.261576 0.138202 -0.104865 0.010190 -0.403945 0.039252 0.567354 1.439862 0.566542 1.483684 0.412684 -0.096866
0.111110 0.562497 -1.145907 0.138202 -0.095251 0.010190 -0.366908 0.039252 0.573366 1.375777 0.006824 -0.107907 0.376508 -0.106574
0.160493 0.562497 -0.991678 0.138202 -0.082431 0.010190 -0.317526 0.039252 0.584945 1.292860 0.578121 1.400767 0.328572 -0.122993
0.185184 0.562497 -0.914563 0.138202 -0.076021 0.010190 -0.292834 0.039252 0.592196 1.252754 0.014075 -0.148013 0.304776 -0.133246
0.209875 0.562497 -0.837449 0.138202 -0.069611 0.010190 -0.268143 0.039252 0.600376 1.213681 0.586301 1.361693 0.281136 -0.145350
0.234567 0.562497 -0.760334 0.138202 -0.063201 0.010190 -0.243452 0.039252 0.609446 1.175713 0.023146 -0.185980 0.257693 -0.159853
0.259258 0.593750 -0.683220 0.248239 -0.056791 0.018303 -0.218760 0.070504 0.647884 1.159103 0.624738 1.345083 0.247487 -0.311776
0.271605 0.593750 -0.644660 0.248239 -0.053586 0.018303 -0.206414 0.070504 0.652922 1.141773 0.028184 -0.203311 0.236644 -0.329141
0.271605 0.562497 -0.644660 0.138202 -0.053586 0.010190 -0.206414 0.039252 0.624638 1.120959 0.596454 1.324269 0.223032 -0.187916
0.271605 0.531250 -0.644660 0.028182 -0.053586 0.002078 -0.206414 0.008004 0.596654 1.098185 0.000200 -0.226085 0.213167 -0.038757
0.246913 0.468750 -0.721774 -0.191876 -0.059996 -0.014147 -0.231105 -0.054496 0.529805 1.085980 0.529604 1.312064 0.231291 0.231574
0.222222 0.437498 -0.798889 -0.301912 -0.066406 -0.022260 -0.255797 -0.085748 0.490701 1.100818 -0.038904 -0.211246 0.258986 0.323447
0.209875 0.374998 -0.837449 -0.521970 -0.069611 -0.038486 -0.268143 -0.148248 0.429734 1.060559 0.468638 1.271805 0.287252 0.505042
0.185184 0.343751 -0.914563 -0.631990 -0.076021 -0.046598 -0.292834 -0.179495 0.390458 1.076658 -0.078180 -0.195148 0.322149 0.549893
0.160493 0.249999 -0.991678 -0.962084 -0.082431 -0.070936 -0.317526 -0.273247 0.297081 1.000084 0.375261 1.195232 0.390916 0.710587
0.148148 0.187499 -1.030232 -1.182141 -0.085635 -0.087161 -0.329871 -0.335747 0.238964 0.902105 -0.136297 -0.293127 0.439564 0.794226
0.148148 0.124999 -1.030232 -1.402198 -0.085635 -0.103386 -0.329871 -0.398246 0.193837 0.700853 0.330134 0.993979 0.483153 0.879031
0.148148 0.093752 -1.030232 -1.512218 -0.085635 -0.111498 -0.329871 -0.429494 0.175320 0.564207 -0.154813 -0.429772 0.506434 0.915846
0.160493 0.062500 -0.991678 -1.622255 -0.082431 -0.119611 -0.317526 -0.460746 0.172233 0.371356 0.327046 0.801128 0.522952 0.967386
0.185184 0.000000 -0.914563 -1.842312 -0.076021 -0.135836 -0.292834 -0.523246 0.185184 0.000000 -0.141862 -0.801128 0.560583 1.060575
0.209875 0.000000 -0.837449 -1.842312 -0.069611 -0.135836 -0.268143 -0.523246 0.209875 0.000000 0.351738 0.801128 0.548090 1.097230
0.222222 0.000000 -0.798889 -1.842312 -0.066406 -0.135836 -0.255797 -0.523246 0.222222 0.000000 -0.129516 -0.801128 0.542156 1.116096
0.246913 0.000000 -0.721774 -1.842312 -0.059996 -0.135836 -0.231105 -0.523246 0.246913 0.000000 0.376429 0.801128 0.530953 1.154886
0.296296 0.062500 -0.567545 -1.622255 -0.047176 -0.119611 -0.181723 -0.460746 0.302816 0.207889 -0.073613 -0.593239 0.453518 1.195119
0.308641 0.124999 -0.528991 -1.402198 -0.043971 -0.103386 -0.169378 -0.398246 0.332992 0.384809 0.406605 0.978048 0.391550 1.168664
0.320987 0.156252 -0.490431 -1.292161 -0.040766 -0.095273 -0.157031 -0.366994 0.356998 0.453019 -0.049607 -0.525028 0.358040 1.166485
0.333332 0.218751 -0.451876 -1.072104 -0.037561 -0.079048 -0.144686 -0.304495 0.398701 0.580761 0.448308 1.105789 0.296907 1.127210
0.345679 0.281251 -0.413316 -0.852047 -0.034356 -0.062823 -0.132340 -0.241995 0.445641 0.682991 -0.002667 -0.422799 0.237131 1.070359
0.345679 0.312499 -0.413316 -0.742027 -0.034356 -0.054711 -0.132340 -0.210747 0.465993 0.735029 0.468660 1.157827 0.211921 1.010075
0.358025 0.343751 -0.374756 -0.631990 -0.031151 -0.046598 -0.119993 -0.179495 0.496333 0.765060 0.027673 -0.392767 0.180073 0.981523
0.358025 0.374998 -0.374756 -0.521970 -0.031151 -0.038486 -0.119993 -0.148248 0.518465 0.808549 0.490792 1.201315 0.158150 0.890343
0.370370 0.343751 -0.336202 -0.631990 -0.027946 -0.046598 -0.107649 -0.179495 0.505310 0.748140 0.014519 -0.453176 0.172093 1.030576
0.370370 0.312499 -0.336202 -0.742027 -0.027946 -0.054711 -0.107649 -0.210747 0.484592 0.700853 0.470073 1.154028 0.197446 1.098551
0.382717 0.281251 -0.297641 -0.852047 -0.024741 -0.062823 -0.095302 -0.241995 0.474946 0.633754 0.004873 -0.520274 0.218632 1.195631
0.407408 0.218751 -0.220527 -1.072104 -0.018331 -0.079048 -0.070611 -0.304495 0.462421 0.492757 0.457548 1.013031 0.268711 1.342929
0.432099 0.187499 -0.143412 -1.182141 -0.011921 -0.087161 -0.045919 -0.335747 0.471026 0.409407 0.013478 -0.603624 0.294126 1.434872
0.456791 0.124999 -0.066298 -1.402198 -0.005511 -0.103386 -0.021228 -0.398246 0.473585 0.267108 0.460106 0.870732 0.353657 1.517543
0.518518 0.062500 0.126486 -1.622255 0.010514 -0.119611 0.040499 -0.460746 0.522271 0.119957 0.062165 -0.750775 0.417488 -1.483122
0.555556 0.062500 0.242160 -1.622255 0.020129 -0.119611 0.077537 -0.460746 0.559061 0.112028 0.496896 0.862804 0.422691 -1.404072
0.567901 0.062500 0.280715 -1.622255 0.023334 -0.119611 0.089882 -0.460746 0.571330 0.109613 0.074434 -0.753191 0.425129 -1.378136
0.617283 0.093752 0.434944 -1.512218 0.036154 -0.111498 0.139265 -0.429494 0.624362 0.150726 0.549928 0.903917 0.408724 -1.257240
0.629630 0.156252 0.473504 -1.292161 0.039359 -0.095273 0.151611 -0.366994 0.648728 0.243250 0.098800 -0.660667 0.355696 -1.179034
0.654321 0.281251 0.550618 -0.852047 0.045769 -0.062823 0.176303 -0.241995 0.712207 0.405960 0.613407 1.066627 0.264197 -0.941172
0.654321 0.374998 0.550618 -0.521970 0.045769 -0.038486 0.176303 -0.148248 0.754162 0.520413 0.140755 -0.546214 0.204196 -0.699169
0.654321 0.468750 0.550618 -0.191876 0.045769 -0.014147 0.176303 -0.054496 0.804899 0.621642 0.664144 1.167856 0.176546 -0.299787
0.654321 0.562497 0.550618 0.138202 0.045769 0.010190 0.176303 0.039252 0.862867 0.710079 0.198723 -0.457778 0.195498 0.219064
0.617283 0.749996 0.434944 0.798373 0.036154 0.058865 0.139265 0.226751 0.971357 0.882159 0.772634 1.339937 0.305560 1.020018
0.604939 0.843748 0.396389 1.128467 0.032949 0.083204 0.126920 0.320503 1.038201 0.948775 0.265568 -0.391162 0.387127 1.193740
0.567901 0.874996 0.280715 1.238488 0.023334 0.091315 0.089882 0.351750 1.043134 0.995102 0.777567 1.386264 0.407026 1.320621
0.543209 0.937500 0.203600 1.458561 0.016924 0.107542 0.065191 0.414254 1.083505 1.045644 0.305938 -0.340619 0.464083 1.414707
0.493827 0.968748 0.049371 1.568582 0.004104 0.115654 0.015808 0.445502 1.087353 1.099373 0.781415 1.439992 0.490984 1.535327
0.469135 0.968748 -0.027743 1.568582 -0.002306 0.115654 -0.008883 0.445502 1.076364 1.119812 0.294949 -0.320181 0.490810 -1.550859
0.456791 0.968748 -0.066298 1.568582 -0.005511 0.115654 -0.021228 0.445502 1.071042 1.130186 0.776092 1.450366 0.491188 -1.523183
0.444444 1.000000 -0.104858 1.678618 -0.008716 0.123767 -0.033575 0.476754 1.094317 1.152572 0.318225 -0.297794 0.523060 -1.500489
0.456791 1.000000 -0.066298 1.678618 -0.005511 0.123767 -0.021228 0.476754 1.099390 1.142310 0.781164 1.440103 0.522413 -1.526300
0.530865 0.968748 0.165046 1.568582 0.013719 0.115654 0.052846 0.445502 1.104667 1.069497 0.323503 -0.370606 0.493567 1.452727
0.580247 0.968748 0.319275 1.568582 0.026539 0.115654 0.102229 0.445502 1.129229 1.031137 0.805727 1.401743 0.501264 1.345233
0.666666 0.968748 0.589173 1.568582 0.048974 0.115654 0.188647 0.445502 1.175974 0.968052 0.370248 -0.433691 0.525740 1.170240
0.716049 0.968748 0.743402 1.568582 0.061793 0.115654 0.238030 0.445502 1.204657 0.934276 0.834409 1.367968 0.545411 1.080089
0.753087 0.968748 0.859076 1.568582 0.071409 0.115654 0.275068 0.445502 1.227034 0.910000 0.392625 -0.457967 0.562563 1.017656
0.802469 0.968748 1.013305 1.568582 0.084228 0.115654 0.324451 0.445502 1.257946 0.879002 0.865322 1.336969 0.588289 0.941341
0.839507 0.968748 1.128980 1.568582 0.093844 0.115654 0.361489 0.445502 1.281891 0.856749 0.416569 -0.480220 0.609499 0.889131
0.913581 0.968748 1.360324 1.568582 0.113074 0.115654 0.435563 0.445502 1.331579 0.814697 0.915010 1.294917 0.656148 0.796679
0.950617 0.937500 1.475993 1.458561 0.122688 0.107542 0.472599 0.414254 1.335133 0.778451 0.420123 -0.516466 0.659146 0.719705
0.987655 0.874996 1.591667 1.238488 0.132303 0.091315 0.509637 0.351750 1.319500 0.724988 0.899377 1.241455 0.646004 0.604117
0.987655 0.843748 1.591667 1.128467 0.132303 0.083204 0.509637 0.320503 1.298990 0.706982 0.399613 -0.534473 0.627286 0.561388
1.000000 0.749996 1.630222 0.798373 0.135508 0.058865 0.521981 0.226751 1.249998 0.643499 0.850385 1.177972 0.588589 0.409809
0.987655 0.718749 1.591667 0.688353 0.132303 0.050753 0.509637 0.195503 1.221500 0.629097 0.371115 -0.548875 0.563632 0.366300
0.950617 0.656249 1.475993 0.468296 0.122688 0.034528 0.472599 0.133003 1.155135 0.604213 0.784020 1.153088 0.505090 0.274334
0.925926 0.593750 1.398878 0.248239 0.116278 0.018303 0.447907 0.070504 1.099944 0.570199 0.315925 -0.582889 0.462617 0.156126
0.876543 0.562497 1.244649 0.138202 0.103458 0.010190 0.398525 0.039252 1.041504 0.570534 0.725580 1.153423 0.407380 0.098175
0.851852 0.562497 1.167535 0.138202 0.097048 0.010190 0.373833 0.039252 1.020811 0.583598 0.295231 -0.569825 0.383260 0.104614
0.827161 0.562497 1.090420 0.138202 0.090638 0.010190 0.349142 0.039252 1.000299 0.597200 0.705068 1.167025 0.359217 0.111953
0.814816 0.656249 1.051866 0.468296 0.087434 0.034528 0.336797 0.133003 1.046226 0.678022 0.341158 -0.489003 0.381049 0.376108
0.814816 0.718749 1.051866 0.688353 0.087434 0.050753 0.336797 0.195503 1.086520 0.722837 0.745362 1.211840 0.413985 0.525941
0.839507 0.843748 1.128980 1.128467 0.093844 0.083204 0.361489 0.320503 1.190245 0.787918 0.444883 -0.423922 0.514230 0.725373
0.851852 0.906248 1.167535 1.348524 0.097048 0.099429 0.373833 0.383002 1.243759 0.816329 0.798876 1.240250 0.568447 0.797512
0.864199 0.937500 1.206095 1.458561 0.100254 0.107542 0.386180 0.414254 1.275047 0.826061 0.476171 -0.414190 0.600215 0.820458
