0.013332 0.461538 -1.503025 0.009496 -0.132798 0.000801 -0.468824 0.002829 0.461731 1.541918 0.461731 1.541918 0.469277 -0.006033
0.000000 0.461538 -1.545768 0.009496 -0.136574 0.000801 -0.482157 0.002829 0.461538 1.570796 -0.000193 0.028879 0.482597 -0.005866
0.039999 0.461538 -1.417534 0.009496 -0.125244 0.000801 -0.442158 0.002829 0.463268 1.484348 0.463461 1.455469 0.442638 -0.006397
0.093332 0.461538 -1.246550 0.009496 -0.110137 0.000801 -0.388824 0.002829 0.470881 1.371267 0.007420 -0.084202 0.389371 -0.007274
0.146666 0.461538 -1.075566 0.009496 -0.095030 0.000801 -0.335491 0.002829 0.484281 1.263113 0.476862 1.347315 0.336124 -0.008431
0.186666 0.461538 -0.947325 0.009496 -0.083700 0.000801 -0.295490 0.002829 0.497858 1.186465 0.020996 -0.160850 0.296209 -0.009572
0.226665 0.461538 -0.819091 0.009496 -0.072370 0.000801 -0.255491 0.002829 0.514194 1.114287 0.493198 1.275137 0.256322 -0.011070
0.253332 0.461538 -0.733599 0.009496 -0.064816 0.000801 -0.228825 0.002829 0.526493 1.068809 0.033295 -0.206329 0.229752 -0.012360
0.279999 0.499997 -0.648107 0.138607 -0.057263 0.011695 -0.202158 0.041287 0.573059 1.060307 0.539763 1.266636 0.202944 -0.201462
0.266666 0.499997 -0.690850 0.138607 -0.061039 0.011695 -0.215490 0.041287 0.566664 1.080837 0.026901 -0.185799 0.216227 -0.189302
0.226665 0.423074 -0.819091 -0.119635 -0.072370 -0.010094 -0.255491 -0.035636 0.479968 1.078953 0.453067 1.264752 0.262234 0.138586
0.199999 0.384615 -0.904583 -0.248746 -0.079923 -0.020988 -0.282158 -0.074095 0.433507 1.091280 -0.019560 -0.173473 0.298542 0.256802
0.173332 0.307692 -0.990074 -0.506988 -0.087477 -0.042777 -0.308824 -0.151018 0.353155 1.057777 0.372715 1.231249 0.354698 0.454815
0.146666 0.269228 -1.075566 -0.636118 -0.095030 -0.053672 -0.335491 -0.189482 0.306585 1.071982 -0.066130 -0.159267 0.397357 0.514127
0.133333 0.192305 -1.118309 -0.894360 -0.098807 -0.075461 -0.348823 -0.266405 0.234006 0.964552 0.300136 1.123819 0.453533 0.652227
0.119999 0.153846 -1.161058 -1.023471 -0.102584 -0.086355 -0.362158 -0.304864 0.195111 0.908375 -0.105025 -0.215445 0.488821 0.699713
0.119999 0.076923 -1.161058 -1.281713 -0.102584 -0.108144 -0.362158 -0.381787 0.142537 0.570045 0.247562 0.785489 0.543482 0.811777
0.146666 0.038459 -1.075566 -1.410844 -0.095030 -0.119039 -0.335491 -0.420251 0.151624 0.256446 -0.095938 -0.529043 0.556257 0.897086
0.173332 0.000000 -0.990074 -1.539955 -0.087477 -0.129933 -0.308824 -0.458710 0.173332 0.000000 0.269270 0.529043 0.572580 0.978253
0.199999 0.000000 -0.904583 -1.539955 -0.079923 -0.129933 -0.282158 -0.458710 0.199999 0.000000 -0.069272 -0.529043 0.558648 1.019339
0.240000 0.000000 -0.776342 -1.539955 -0.068593 -0.129933 -0.242157 -0.458710 0.240000 0.000000 0.309271 0.529043 0.539551 1.085072
0.293333 0.076923 -0.605358 -1.281713 -0.053486 -0.108144 -0.188824 -0.381787 0.303251 0.256463 -0.006020 -0.272580 0.447067 1.111495
0.306665 0.153846 -0.562615 -1.023471 -0.049709 -0.086355 -0.175491 -0.304864 0.343092 0.464986 0.349112 0.737566 0.372270 1.048483
0.320000 0.192305 -0.519866 -0.894360 -0.045932 -0.075461 -0.162157 -0.266405 0.373338 0.541120 0.024225 -0.196446 0.332128 1.024015
0.333332 0.269228 -0.477124 -0.636118 -0.042156 -0.053672 -0.148825 -0.189482 0.428479 0.679411 0.404253 0.875856 0.259783 0.905004
0.333332 0.307692 -0.477124 -0.506988 -0.042156 -0.042777 -0.148825 -0.151018 0.453635 0.745421 0.049382 -0.130435 0.229318 0.792712
0.320000 0.307692 -0.519866 -0.506988 -0.045932 -0.042777 -0.162157 -0.151018 0.443931 0.765793 0.394549 0.896228 0.238186 0.749844
0.320000 0.269228 -0.519866 -0.636118 -0.045932 -0.053672 -0.162157 -0.189482 0.418191 0.699444 0.023642 -0.196785 0.267644 0.862950
0.320000 0.230769 -0.519866 -0.765229 -0.045932 -0.064566 -0.162157 -0.227941 0.394530 0.624783 0.370888 0.821568 0.299150 0.952461
0.333332 0.192305 -0.477124 -0.894360 -0.042156 -0.075461 -0.148825 -0.266405 0.384826 0.523274 0.013938 -0.298294 0.325826 1.061344
0.346666 0.153846 -0.434375 -1.023471 -0.038379 -0.086355 -0.135490 -0.304864 0.379271 0.417676 0.365333 0.715970 0.355169 1.152585
0.386667 0.115382 -0.306134 -1.152602 -0.027048 -0.097250 -0.095489 -0.343328 0.403515 0.289989 0.038183 -0.425981 0.379001 1.299524
0.440001 0.076923 -0.135150 -1.281713 -0.011941 -0.108144 -0.042156 -0.381787 0.446674 0.173076 0.408491 0.599057 0.407420 1.460824
0.480000 0.076923 -0.006915 -1.281713 -0.000611 -0.108144 -0.002157 -0.381787 0.486124 0.158905 0.077633 -0.440151 0.405239 1.565146
0.533333 0.076923 0.164068 -1.281713 0.014496 -0.108144 0.051176 -0.381787 0.538852 0.143243 0.461219 0.583394 0.408452 -1.437547
0.573334 0.076923 0.292309 -1.281713 0.025827 -0.108144 0.091177 -0.381787 0.578471 0.133372 0.117252 -0.450023 0.415364 -1.336370
0.626667 0.230769 0.463293 -0.765229 0.040934 -0.064566 0.144510 -0.227941 0.667807 0.352838 0.550555 0.802861 0.289964 -1.005764
0.639999 0.346151 0.506035 -0.377877 0.044710 -0.031883 0.157843 -0.112559 0.727612 0.495800 0.177058 -0.307061 0.208355 -0.619469
0.639999 0.461538 0.506035 0.009496 0.044710 0.000801 0.157843 0.002829 0.789061 0.624783 0.612003 0.931844 0.159184 0.017918
0.639999 0.576920 0.506035 0.396849 0.044710 0.033484 0.157843 0.118210 0.861647 0.733609 0.249644 -0.198235 0.184105 0.642804
0.573334 0.769231 0.292309 1.042463 0.025827 0.087957 0.091177 0.310521 0.959389 0.930288 0.709745 1.128523 0.301206 1.285197
0.533333 0.846154 0.164068 1.300705 0.014496 0.109746 0.051176 0.387444 1.000210 1.008393 0.290465 -0.120130 0.367577 1.439470
0.506666 0.884618 0.078576 1.429835 0.006942 0.120641 0.024510 0.425908 1.019441 1.050654 0.728976 1.170784 0.403207 1.513313
0.440001 0.923077 -0.135150 1.558946 -0.011941 0.131535 -0.042156 0.464367 1.022581 1.125989 0.293605 -0.044795 0.442931 -1.480263
0.426666 0.961541 -0.177899 1.688077 -0.015718 0.142430 -0.055490 0.502831 1.051953 1.153167 0.758348 1.197963 0.482586 -1.460885
0.413334 0.961541 -0.220642 1.688077 -0.019494 0.142430 -0.068823 0.502831 1.046617 1.164811 0.288268 -0.033151 0.484300 -1.434771
0.440001 0.961541 -0.135150 1.688077 -0.011941 0.142430 -0.042156 0.502831 1.057432 1.141641 0.769164 1.174792 0.481235 -1.487155
0.520000 0.923077 0.121325 1.558946 0.010720 0.131535 0.037844 0.464367 1.059468 1.057774 0.290304 -0.117019 0.442541 1.489480
0.573334 0.923077 0.292309 1.558946 0.025827 0.131535 0.091177 0.464367 1.086638 1.014998 0.796334 1.132017 0.450249 1.376916
0.639999 0.961541 0.506035 1.688077 0.044710 0.142430 0.157843 0.502831 1.155059 0.983534 0.358725 -0.148482 0.504702 1.266629
0.706667 0.961541 0.719768 1.688077 0.063594 0.142430 0.224510 0.502831 1.193290 0.937009 0.834565 1.085491 0.529353 1.150863
0.760000 1.000000 0.890752 1.817188 0.078701 0.153324 0.277844 0.541290 1.256026 0.920926 0.421461 -0.164566 0.587672 1.096566
0.880001 1.000000 1.275468 1.817188 0.112692 0.153324 0.397845 0.541290 1.332067 0.849141 0.910606 1.013706 0.653025 0.936969
0.920000 1.000000 1.403703 1.817188 0.124022 0.153324 0.437843 0.541290 1.358823 0.827041 0.448217 -0.186666 0.678136 0.890659
0.960001 0.961541 1.531943 1.688077 0.135353 0.142430 0.477844 0.502831 1.358736 0.786200 0.910519 0.972866 0.676864 0.810872
0.986668 0.884618 1.617435 1.429835 0.142906 0.120641 0.504511 0.425908 1.325165 0.730918 0.414646 -0.241948 0.645373 0.701117
1.000000 0.730766 1.660178 0.913332 0.146683 0.077062 0.517843 0.272056 1.238555 0.631077 0.823909 0.873025 0.574429 0.483732
1.000000 0.615385 1.660178 0.525979 0.146683 0.044379 0.517843 0.156675 1.174180 0.551655 0.350270 -0.321370 0.534707 0.293797
0.986668 0.538462 1.617435 0.267738 0.142906 0.022590 0.504511 0.079752 1.124035 0.499565 0.773764 0.820935 0.507643 0.156780
0.946667 0.384615 1.489194 -0.248746 0.131576 -0.020988 0.464510 -0.074095 1.021815 0.385912 0.248051 -0.435023 0.474641 -0.158179
0.920000 0.307692 1.403703 -0.506988 0.124022 -0.042777 0.437843 -0.151018 0.970090 0.322754 0.722039 0.757777 0.471322 -0.332135
0.853334 0.269228 1.189976 -0.636118 0.105139 -0.053672 0.371178 -0.189482 0.894798 0.305617 0.172759 -0.452160 0.427915 -0.472003
0.840000 0.269228 1.147227 -0.636118 0.101362 -0.053672 0.357844 -0.189482 0.882091 0.310165 0.709332 0.762325 0.416402 -0.486977
0.813334 0.346151 1.061735 -0.377877 0.093808 -0.031883 0.331177 -0.112559 0.883930 0.402375 0.174598 -0.359950 0.358016 -0.327627
0.813334 0.384615 1.061735 -0.248746 0.093808 -0.020988 0.331177 -0.074095 0.899689 0.441723 0.725091 0.801674 0.345243 -0.220106
0.866667 0.538462 1.232719 0.267738 0.108915 0.022590 0.384510 0.079752 1.020320 0.555935 0.295229 -0.245738 0.388611 0.204511
0.906668 0.576920 1.360960 0.396849 0.120246 0.033484 0.424511 0.118210 1.074655 0.566690 0.779426 0.812428 0.434960 0.271582
0.986668 0.576920 1.617435 0.396849 0.142906 0.033484 0.504511 0.118210 1.142957 0.529105 0.363531 -0.283323 0.513334 0.230155
