0.000000 0.736839 -1.402496 0.771546 -0.132965 0.064019 -0.473116 0.227793 0.736839 1.570796 0.736839 1.570796 0.541654 -0.448717
0.000000 0.684212 -1.402496 0.593294 -0.132965 0.049229 -0.473116 0.175166 0.684212 1.570796 -0.052627 0.000000 0.518074 -0.354590
0.029412 0.684212 -1.315309 0.593294 -0.124699 0.049229 -0.443704 0.175166 0.684844 1.527837 0.737471 1.527837 0.491360 -0.375999
0.102942 0.631576 -1.097337 0.415016 -0.104034 0.034436 -0.370174 0.122530 0.639911 1.409225 -0.097560 -0.118612 0.402664 -0.319656
0.161765 0.631576 -0.922962 0.415016 -0.087502 0.034436 -0.311351 0.122530 0.651964 1.320057 0.749524 1.438669 0.349355 -0.374929
0.205882 0.631576 -0.792184 0.415016 -0.075104 0.034436 -0.267234 0.122530 0.664286 1.255677 -0.085238 -0.182991 0.310683 -0.429911
0.250001 0.684212 -0.661399 0.593294 -0.062705 0.049229 -0.223116 0.175166 0.728455 1.220482 0.813692 1.403473 0.307151 -0.665583
0.279412 0.684212 -0.574212 0.593294 -0.054439 0.049229 -0.193704 0.175166 0.739065 1.183094 -0.074627 -0.220379 0.286501 -0.735184
0.264705 0.684212 -0.617809 0.593294 -0.058572 0.049229 -0.208411 0.175166 0.733631 1.201654 0.808259 1.422033 0.296642 -0.698943
0.220589 0.578949 -0.748587 0.236765 -0.070970 0.019646 -0.252527 0.069903 0.619549 1.206762 -0.188709 -0.215271 0.273808 -0.270052
0.205882 0.473686 -0.792184 -0.119765 -0.075104 -0.009937 -0.267234 -0.035360 0.516494 1.160791 0.705203 1.376062 0.267235 0.131553
0.176470 0.421051 -0.879371 -0.298043 -0.083370 -0.024730 -0.296646 -0.087995 0.456537 1.173918 -0.248667 -0.202144 0.301180 0.288365
0.161765 0.315788 -0.922962 -0.654572 -0.087502 -0.054313 -0.311351 -0.193258 0.354810 1.097389 0.603477 1.299534 0.348843 0.555507
0.147058 0.210525 -0.966559 -1.011102 -0.091635 -0.083896 -0.326058 -0.298520 0.256802 0.961057 -0.346675 -0.338477 0.418650 0.741337
0.132354 0.105263 -1.010149 -1.367632 -0.095768 -0.113479 -0.340762 -0.403783 0.169109 0.671877 0.515784 1.010353 0.501433 0.869840
0.132354 0.052635 -1.010149 -1.545883 -0.095768 -0.128270 -0.340762 -0.456411 0.142436 0.378511 -0.373348 -0.631843 0.541224 0.929466
0.147058 0.000000 -0.966559 -1.724161 -0.091635 -0.143063 -0.326058 -0.509046 0.147058 0.000000 0.520406 0.631843 0.574589 1.001109
0.176470 0.000000 -0.879371 -1.724161 -0.083370 -0.143063 -0.296646 -0.509046 0.176470 0.000000 -0.343936 -0.631843 0.558424 1.043158
0.205882 0.000000 -0.792184 -1.724161 -0.075104 -0.143063 -0.267234 -0.509046 0.205882 0.000000 0.549818 0.631843 0.543372 1.087372
0.235294 0.052635 -0.704996 -1.545883 -0.066838 -0.128270 -0.237823 -0.456411 0.241109 0.220077 -0.308709 -0.411765 0.483077 1.090434
0.264705 0.105263 -0.617809 -1.367632 -0.058572 -0.113479 -0.208411 -0.403783 0.284867 0.378488 0.593576 0.790253 0.422790 1.094316
0.279412 0.157898 -0.574212 -1.189353 -0.054439 -0.098687 -0.193704 -0.351148 0.320941 0.514368 -0.272635 -0.275885 0.369978 1.066702
0.279412 0.210525 -0.574212 -1.011102 -0.054439 -0.083896 -0.193704 -0.298520 0.349846 0.645711 0.622481 0.921595 0.326305 0.995209
0.294117 0.263161 -0.530621 -0.832824 -0.050306 -0.069104 -0.178999 -0.245885 0.394662 0.729906 -0.227819 -0.191689 0.275902 0.941538
0.294117 0.210525 -0.530621 -1.011102 -0.050306 -0.083896 -0.178999 -0.298520 0.361698 0.621244 0.589517 0.812933 0.317796 1.030656
0.294117 0.157898 -0.530621 -1.189353 -0.050306 -0.098687 -0.178999 -0.351148 0.333821 0.492695 -0.255696 -0.320238 0.362496 1.099376
0.308824 0.105263 -0.487024 -1.367632 -0.046173 -0.113479 -0.164292 -0.403783 0.326271 0.328501 0.581966 0.648738 0.402875 1.184371
0.338236 0.052635 -0.399837 -1.545883 -0.037907 -0.128270 -0.134880 -0.456411 0.342307 0.154379 -0.239660 -0.494359 0.441584 1.283451
0.367647 0.000000 -0.312650 -1.724161 -0.029641 -0.143063 -0.105469 -0.509046 0.367647 0.000000 0.607307 0.494359 0.484729 1.366498
0.470589 0.000000 -0.007490 -1.724161 -0.000710 -0.143063 -0.002527 -0.509046 0.470589 0.000000 -0.136718 -0.494359 0.473123 1.565833
0.514706 0.052635 0.123288 -1.545883 0.011688 -0.128270 0.041590 -0.456411 0.517390 0.101909 0.654108 0.596268 0.422533 -1.479924
0.558825 0.157898 0.254072 -1.189353 0.024088 -0.098687 0.085708 -0.351148 0.580704 0.275375 -0.073404 -0.320892 0.326662 -1.331397
0.602941 0.263161 0.384850 -0.832824 0.036486 -0.069104 0.129825 -0.245885 0.657869 0.411539 0.731273 0.732431 0.246852 -1.085008
0.617648 0.421051 0.428447 -0.298043 0.040619 -0.024730 0.144532 -0.087995 0.747511 0.598339 0.016238 -0.134093 0.153624 -0.546885
0.617648 0.526314 0.428447 0.058487 0.040619 0.004853 0.144532 0.017268 0.811477 0.705727 0.795239 0.839820 0.154011 0.118910
0.602941 0.684212 0.384850 0.593294 0.036486 0.049229 0.129825 0.175166 0.911967 0.848454 0.116728 0.008635 0.247822 0.932981
0.588236 0.789475 0.341260 0.949824 0.032353 0.078812 0.115120 0.280429 0.984526 0.930440 0.867798 0.921805 0.336653 1.181258
0.558825 0.894737 0.254072 1.306354 0.024088 0.108395 0.085708 0.385691 1.054912 1.012508 0.187114 0.090703 0.430244 1.352129
0.514706 1.000000 0.123288 1.662883 0.011688 0.137978 0.041590 0.490954 1.124688 1.095453 0.937574 1.004751 0.528523 1.486286
0.455882 1.000000 -0.051087 1.662883 -0.004843 0.137978 -0.017234 0.490954 1.099013 1.143061 0.161439 0.138311 0.527166 -1.535708
0.426471 1.000000 -0.138275 1.662883 -0.013109 0.137978 -0.046645 0.490954 1.087142 1.167681 0.925703 1.029370 0.528945 -1.476071
0.397059 1.000000 -0.225462 1.662883 -0.021375 0.137978 -0.076057 0.490954 1.075944 1.192828 0.150241 0.163458 0.532345 -1.417101
0.397059 0.947365 -0.225462 1.484605 -0.021375 0.123185 -0.076057 0.438319 1.027208 1.173917 0.876967 1.010459 0.480309 -1.398987
0.411766 0.947365 -0.181865 1.484605 -0.017242 0.123185 -0.061350 0.438319 1.032982 1.160786 0.156015 0.150327 0.478200 -1.431733
0.455882 0.947365 -0.051087 1.484605 -0.004843 0.123185 -0.017234 0.438319 1.051346 1.122292 0.895331 0.971966 0.474562 -1.531499
0.514706 0.947365 0.123288 1.484605 0.011688 0.123185 0.041590 0.438319 1.078157 1.073109 0.182826 0.101144 0.476069 1.476195
0.573529 0.947365 0.297663 1.484605 0.028220 0.123185 0.100413 0.438319 1.107446 1.026420 0.924620 0.925276 0.484762 1.345595
0.647060 1.000000 0.515635 1.662883 0.048885 0.137978 0.173943 0.490954 1.191086 0.996491 0.266466 0.071215 0.554854 1.230299
0.764706 1.000000 0.864384 1.662883 0.081949 0.137978 0.291590 0.490954 1.258879 0.917949 0.992413 0.846734 0.602189 1.034855
0.823530 1.000000 1.038759 1.662883 0.098480 0.137978 0.350414 0.490954 1.295454 0.881872 0.303042 0.035137 0.632769 0.950908
0.926472 0.894737 1.343919 1.306354 0.127411 0.108395 0.453356 0.385691 1.287985 0.767975 0.984943 0.732838 0.619109 0.704928
0.970588 0.842102 1.474697 1.128075 0.139810 0.093602 0.497472 0.333056 1.284981 0.714635 0.300038 -0.018203 0.619378 0.589959
0.985295 0.736839 1.518294 0.771546 0.143943 0.064019 0.512179 0.227793 1.230341 0.642115 0.930303 0.660317 0.576088 0.418482
1.000000 0.631576 1.561884 0.415016 0.148076 0.034436 0.526884 0.122530 1.182746 0.563314 0.252444 -0.097003 0.550197 0.228495
0.985295 0.526314 1.518294 0.058487 0.143943 0.004853 0.512179 0.017268 1.117055 0.490607 0.864612 0.587610 0.514934 0.033702
0.941177 0.368424 1.387509 -0.476294 0.131544 -0.039521 0.468060 -0.140622 1.010717 0.373114 0.146105 -0.214496 0.479626 -0.291857
0.911765 0.315788 1.300322 -0.654572 0.123278 -0.054313 0.438649 -0.193258 0.964903 0.333418 0.818797 0.547914 0.466009 -0.414989
0.867648 0.263161 1.169544 -0.832824 0.110880 -0.069104 0.394532 -0.245885 0.906679 0.294485 0.087882 -0.253429 0.446919 -0.557327
0.838237 0.263161 1.082356 -0.832824 0.102614 -0.069104 0.365121 -0.245885 0.878575 0.304201 0.790693 0.557631 0.421182 -0.592674
0.823530 0.315788 1.038759 -0.654572 0.098480 -0.054313 0.350414 -0.193258 0.882000 0.366164 0.091306 -0.191466 0.384112 -0.504004
0.823530 0.526314 1.038759 0.058487 0.098480 0.004853 0.350414 0.017268 0.977347 0.568671 0.886041 0.760137 0.354429 0.049238
0.852942 0.578949 1.125947 0.236765 0.106746 0.019646 0.379825 0.069903 1.030869 0.596333 0.144828 -0.163804 0.394294 0.182003
0.926472 0.631576 1.343919 0.415016 0.127411 0.034436 0.453356 0.122530 1.121267 0.598339 0.976438 0.762142 0.480251 0.263968
0.955884 0.631576 1.431106 0.415016 0.135677 0.034436 0.482767 0.122530 1.145689 0.583878 0.169250 -0.178264 0.508108 0.248560
