0.017543 0.800002 -1.530874 0.699392 -0.140619 0.060308 -0.482732 0.207033 0.800194 1.548872 0.800194 1.548872 0.568213 -0.405150
0.000000 0.800002 -1.586506 0.699392 -0.145729 0.060308 -0.500274 0.207033 0.800002 1.570796 -0.000192 0.021925 0.583190 -0.392379
0.035088 0.800002 -1.475234 0.699392 -0.135508 0.060308 -0.465187 0.207033 0.800771 1.526965 0.800963 1.505040 0.553385 -0.418732
0.087718 0.800002 -1.308329 0.699392 -0.120177 0.060308 -0.412556 0.207033 0.804796 1.461585 0.003833 -0.043455 0.509940 -0.465110
0.157896 0.800002 -1.085775 0.699392 -0.099735 0.060308 -0.342378 0.207033 0.815435 1.375931 0.811601 1.419386 0.455038 -0.543861
0.192984 0.800002 -0.974503 0.699392 -0.089514 0.060308 -0.307291 0.207033 0.822949 1.334090 0.011348 -0.085297 0.429260 -0.592880
0.228071 0.800002 -0.863230 0.699392 -0.079293 0.060308 -0.272203 0.207033 0.831877 1.293075 0.820529 1.378372 0.404884 -0.650239
0.263159 0.800002 -0.751958 0.699392 -0.069071 0.060308 -0.237115 0.207033 0.842173 1.252998 0.021644 -0.125374 0.382178 -0.717770
0.280701 0.800002 -0.696326 0.699392 -0.063961 0.060308 -0.219573 0.207033 0.847818 1.233341 0.826174 1.358715 0.371549 -0.756011
0.228071 0.700002 -0.863230 0.361578 -0.079293 0.031179 -0.272203 0.107033 0.736220 1.255828 -0.089955 -0.102888 0.337618 -0.374641
0.192984 0.550000 -0.974503 -0.145157 -0.089514 -0.012517 -0.307291 -0.042969 0.582874 1.233338 0.672829 1.336226 0.311288 0.138932
0.175438 0.450000 -1.030143 -0.482972 -0.094624 -0.041647 -0.324836 -0.142968 0.482990 1.199059 -0.189839 -0.137167 0.328703 0.414612
0.140351 0.350001 -1.141416 -0.820787 -0.104845 -0.070776 -0.359924 -0.242968 0.377093 1.189428 0.566932 1.326594 0.390035 0.593786
0.140351 0.250002 -1.141416 -1.158602 -0.104845 -0.099906 -0.359924 -0.342967 0.286704 1.059244 -0.280228 -0.267350 0.438385 0.761279
0.122806 0.150003 -1.197056 -1.496417 -0.109956 -0.129036 -0.377469 -0.442966 0.193861 0.884763 0.474089 1.152113 0.514949 0.865062
0.122806 0.050003 -1.197056 -1.834232 -0.109956 -0.158165 -0.377469 -0.542965 0.132595 0.386677 -0.341493 -0.765437 0.587560 0.963300
0.140351 0.000000 -1.141416 -2.003152 -0.104845 -0.172731 -0.359924 -0.592969 0.140351 0.000000 0.481844 0.765437 0.616295 1.025256
0.175438 0.000000 -1.030143 -2.003152 -0.094624 -0.172731 -0.324836 -0.592969 0.175438 0.000000 -0.306406 -0.765437 0.596484 1.069634
0.245614 0.099999 -0.807598 -1.665337 -0.074182 -0.143602 -0.254661 -0.492970 0.265190 0.386647 0.571596 1.152083 0.474418 1.093969
0.298247 0.199998 -0.640685 -1.327522 -0.058850 -0.114472 -0.202028 -0.392970 0.359097 0.590708 -0.212499 -0.561376 0.361913 1.095929
0.315789 0.250002 -0.585053 -1.158602 -0.053740 -0.099906 -0.184485 -0.342967 0.402770 0.669643 0.615269 1.231019 0.310920 1.077283
0.350877 0.350001 -0.473780 -0.820787 -0.043519 -0.070776 -0.149398 -0.242968 0.495596 0.784149 -0.119674 -0.446870 0.211900 1.019503
0.368422 0.399997 -0.418140 -0.651892 -0.038408 -0.056213 -0.131852 -0.192972 0.543813 0.826466 0.663486 1.273336 0.165652 0.971385
0.368422 0.450000 -0.418140 -0.482972 -0.038408 -0.041647 -0.131852 -0.142968 0.581580 0.884748 -0.081906 -0.388588 0.141112 0.825825
0.385964 0.450000 -0.362508 -0.482972 -0.033298 -0.041647 -0.114310 -0.142968 0.592848 0.861850 0.674755 1.250438 0.124877 0.896332
0.385964 0.399997 -0.362508 -0.651892 -0.033298 -0.056213 -0.114310 -0.192972 0.555847 0.803250 -0.118907 -0.447188 0.152060 1.036009
0.385964 0.350001 -0.362508 -0.820787 -0.033298 -0.070776 -0.114310 -0.242968 0.521027 0.736572 0.639935 1.183760 0.188809 1.131048
0.385964 0.250002 -0.362508 -1.158602 -0.033298 -0.099906 -0.114310 -0.342967 0.459858 0.574780 -0.180076 -0.608980 0.275142 1.249078
0.385964 0.199998 -0.362508 -1.327522 -0.033298 -0.114472 -0.114310 -0.392970 0.434704 0.478084 0.614781 1.087064 0.321298 1.287721
0.421052 0.099999 -0.251235 -1.665337 -0.023077 -0.143602 -0.079222 -0.492970 0.432764 0.233178 -0.182017 -0.853886 0.408040 1.411455
0.438597 0.050003 -0.195595 -1.834232 -0.017966 -0.158165 -0.061677 -0.542965 0.441438 0.113517 0.623455 0.967403 0.454475 1.457688
0.526315 0.050003 0.082583 -1.834232 0.007586 -0.158165 0.026041 -0.542965 0.528685 0.094722 -0.094770 -0.872681 0.451023 -1.522873
0.561403 0.099999 0.193855 -1.665337 0.017807 -0.143602 0.061128 -0.492970 0.570239 0.176275 0.665010 1.048956 0.404916 -1.447426
0.631578 0.299998 0.416400 -0.989707 0.038249 -0.085342 0.131304 -0.292971 0.699206 0.443446 0.034197 -0.605510 0.239481 -1.149457
0.666666 0.399997 0.527673 -0.651892 0.048470 -0.056213 0.166392 -0.192972 0.777458 0.540417 0.743261 1.145927 0.194272 -0.859229
0.684211 0.499996 0.583313 -0.314078 0.053581 -0.027083 0.183937 -0.092973 0.847432 0.631075 0.104171 -0.514852 0.183937 -0.468006
0.684211 0.600003 0.583313 0.023763 0.053581 0.002049 0.183937 0.007034 0.910027 0.719920 0.805856 1.234772 0.209233 0.038224
0.684211 0.700002 0.583313 0.361578 0.053581 0.031179 0.183937 0.107033 0.978850 0.796806 0.172995 -0.437966 0.271522 0.527007
0.666666 0.800002 0.527673 0.699392 0.048470 0.060308 0.166392 0.207033 1.041367 0.876060 0.868373 1.314026 0.342816 0.893805
0.631578 0.849997 0.416400 0.868287 0.038249 0.074872 0.131304 0.257029 1.058955 0.931767 0.190583 -0.382258 0.373560 1.098504
0.561403 0.949997 0.193855 1.206102 0.017807 0.104002 0.061128 0.357028 1.103479 1.037056 0.912897 1.419314 0.453858 1.401226
0.543860 1.000000 0.138223 1.375022 0.012697 0.118568 0.043586 0.407031 1.138325 1.072679 0.225428 -0.346635 0.501623 1.464120
0.508773 1.000000 0.026950 1.375022 0.002476 0.118568 0.008498 0.407031 1.121985 1.100155 0.896556 1.446790 0.499798 1.549921
0.491227 1.000000 -0.028690 1.375022 -0.002635 0.118568 -0.009047 0.407031 1.114138 1.114191 0.217582 -0.332599 0.499808 -1.548574
0.508773 1.000000 0.026950 1.375022 0.002476 0.118568 0.008498 0.407031 1.121985 1.100155 0.904402 1.432754 0.499798 1.549921
0.543860 1.000000 0.138223 1.375022 0.012697 0.118568 0.043586 0.407031 1.138325 1.072679 0.233923 -0.360075 0.501623 1.464120
0.596490 0.949997 0.305128 1.206102 0.028028 0.104002 0.096216 0.357028 1.121737 1.010124 0.887815 1.370199 0.459900 1.307558
0.649123 0.949997 0.472041 1.206102 0.043360 0.104002 0.148849 0.357028 1.150589 0.971373 0.262774 -0.398826 0.473715 1.175797
0.701756 0.949997 0.638954 1.206102 0.058691 0.104002 0.201482 0.357028 1.181082 0.934571 0.918308 1.333396 0.492793 1.057017
0.754386 0.949997 0.805859 1.206102 0.074023 0.104002 0.254112 0.357028 1.213092 0.899667 0.294784 -0.433729 0.516549 0.952233
0.859649 0.949997 1.139676 1.206102 0.104686 0.104002 0.359375 0.357028 1.281207 0.835282 0.986423 1.269011 0.575674 0.782122
0.912282 0.949997 1.306589 1.206102 0.120018 0.104002 0.412008 0.357028 1.317100 0.805647 0.330677 -0.463364 0.609919 0.714027
0.982457 0.949997 1.529135 1.206102 0.140460 0.104002 0.482183 0.357028 1.366644 0.768602 1.035967 1.231966 0.659356 0.637355
1.000000 0.949997 1.584767 1.206102 0.145570 0.104002 0.499726 0.357028 1.379309 0.759761 0.343342 -0.472205 0.672292 0.620357
1.000000 0.849997 1.584767 0.868287 0.145570 0.074872 0.499726 0.257029 1.312439 0.704493 0.969097 1.176698 0.609944 0.475053
1.000000 0.800002 1.584767 0.699392 0.145570 0.060308 0.499726 0.207033 1.280626 0.674742 0.311529 -0.501956 0.582720 0.392767
0.982457 0.700002 1.529135 0.361578 0.140460 0.031179 0.482183 0.107033 1.206327 0.619067 0.894798 1.121023 0.521912 0.218435
0.947370 0.649999 1.417862 0.192657 0.130239 0.016613 0.447096 0.057030 1.148916 0.601342 0.254118 -0.519681 0.471500 0.126872
0.912282 0.600003 1.306589 0.023763 0.120018 0.002049 0.412008 0.007034 1.091908 0.581765 0.837790 1.101446 0.423906 0.017071
0.877194 0.600003 1.195317 0.023763 0.109797 0.002049 0.376920 0.007034 1.062767 0.599908 0.224977 -0.501538 0.389891 0.018660
0.859649 0.600003 1.139676 0.023763 0.104686 0.002049 0.359375 0.007034 1.048332 0.609357 0.823355 1.110895 0.372956 0.019571
0.859649 0.649999 1.139676 0.192657 0.104686 0.016613 0.359375 0.057030 1.077727 0.647407 0.254372 -0.463488 0.389317 0.157380
0.877194 0.700002 1.195317 0.361578 0.109797 0.031179 0.376920 0.107033 1.122263 0.673521 0.867891 1.137009 0.426568 0.276685
0.912282 0.700002 1.306589 0.361578 0.120018 0.031179 0.412008 0.107033 1.149896 0.654487 0.282006 -0.482522 0.457867 0.254167
