0.116665 0.821427 -1.095513 0.794164 -0.092705 0.065140 -0.364841 0.256359 0.829670 1.429713 0.829670 1.429713 0.498653 -0.612509
0.100000 0.821427 -1.145554 0.794164 -0.096940 0.065140 -0.381506 0.256359 0.827491 1.449653 -0.002179 0.019941 0.510973 -0.591662
0.083332 0.821427 -1.195603 0.794164 -0.101175 0.065140 -0.398174 0.256359 0.825643 1.469695 0.827822 1.449754 0.523535 -0.572030
0.049999 0.785715 -1.295693 0.683535 -0.109645 0.056066 -0.431507 0.220647 0.787305 1.507248 -0.040517 0.057494 0.527960 -0.472679
0.033333 0.785715 -1.345735 0.683535 -0.113880 0.056066 -0.448173 0.220647 0.786422 1.528398 0.826939 1.470904 0.541666 -0.457490
0.016665 0.785715 -1.395784 0.683535 -0.118115 0.056066 -0.464841 0.220647 0.785892 1.549589 -0.041047 0.078685 0.555536 -0.443182
0.000000 0.785715 -1.445825 0.683535 -0.122350 0.056066 -0.481506 0.220647 0.785715 1.570796 0.826763 1.492111 0.569554 -0.429689
0.033333 0.785715 -1.345735 0.683535 -0.113880 0.056066 -0.448173 0.220647 0.786422 1.528398 -0.040340 0.036287 0.541666 -0.457490
0.083332 0.785715 -1.195603 0.683535 -0.101175 0.056066 -0.398174 0.220647 0.790122 1.465133 0.830463 1.428846 0.501085 -0.506022
0.133333 0.785715 -1.045464 0.683535 -0.088470 0.056066 -0.348173 0.220647 0.796948 1.402701 -0.033514 -0.026145 0.462350 -0.564852
0.199999 0.785715 -0.845283 0.683535 -0.071530 0.056066 -0.281506 0.220647 0.810770 1.321545 0.844285 1.347690 0.414475 -0.664790
0.233333 0.785715 -0.745193 0.683535 -0.063060 0.056066 -0.248173 0.220647 0.819630 1.282123 -0.024655 -0.065567 0.392598 -0.726753
0.299999 0.785715 -0.545013 0.683535 -0.046120 0.056066 -0.181507 0.220647 0.841040 1.206063 0.865695 1.271630 0.354243 -0.882420
0.316665 0.785715 -0.494971 0.683535 -0.041886 0.056066 -0.164841 0.220647 0.847128 1.187683 -0.018567 -0.083947 0.346000 -0.929167
0.316665 0.749999 -0.494971 0.572890 -0.041886 0.046990 -0.164841 0.184931 0.814110 1.171283 0.832677 1.255229 0.315057 -0.842771
0.316665 0.714282 -0.494971 0.462244 -0.041886 0.037915 -0.164841 0.149214 0.781329 1.153501 -0.051348 -0.101729 0.285232 -0.735679
0.266666 0.642854 -0.645103 0.240969 -0.054590 0.019765 -0.214840 0.077786 0.695968 1.177583 0.747316 1.279312 0.268681 -0.347381
0.233333 0.535714 -0.745193 -0.090935 -0.063060 -0.007459 -0.248173 -0.029354 0.584323 1.160020 -0.162993 -0.119292 0.254024 0.117733
0.183332 0.464286 -0.895332 -0.312209 -0.075765 -0.025609 -0.298174 -0.100782 0.499171 1.194722 0.662164 1.314014 0.298671 0.325942
0.149998 0.392858 -0.995423 -0.533484 -0.084235 -0.043758 -0.331508 -0.172210 0.420520 1.206066 -0.241644 -0.107948 0.343156 0.479107
0.116665 0.285713 -1.095513 -0.865404 -0.092705 -0.070984 -0.364841 -0.279355 0.308614 1.183130 0.550258 1.291078 0.414058 0.653468
0.100000 0.214285 -1.145554 -1.086679 -0.096940 -0.089133 -0.381506 -0.350784 0.236469 1.134168 -0.313789 -0.156910 0.465783 0.743469
0.100000 0.071428 -1.145554 -1.529229 -0.096940 -0.125433 -0.381506 -0.493640 0.122890 0.620248 0.436679 0.777158 0.560099 0.912835
0.116665 0.035717 -1.095513 -1.639858 -0.092705 -0.134507 -0.364841 -0.529351 0.122010 0.297088 -0.314669 -0.480070 0.576053 0.967340
0.133333 0.000000 -1.045464 -1.750503 -0.088470 -0.143583 -0.348173 -0.565068 0.133333 0.000000 0.448002 0.480070 0.594199 1.018578
0.166666 0.000000 -0.945374 -1.750503 -0.080000 -0.143583 -0.314840 -0.565068 0.166666 0.000000 -0.281335 -0.480070 0.575302 1.062464
0.199999 0.000000 -0.845283 -1.750503 -0.071530 -0.143583 -0.281506 -0.565068 0.199999 0.000000 0.481335 0.480070 0.557758 1.108605
0.249998 0.107145 -0.695152 -1.418583 -0.058826 -0.116357 -0.231508 -0.457923 0.271991 0.404902 -0.209344 -0.075168 0.440161 1.102710
0.266666 0.142856 -0.645103 -1.307954 -0.054590 -0.107283 -0.214840 -0.422212 0.302521 0.491808 0.511864 0.566976 0.401048 1.100099
0.283331 0.178573 -0.595062 -1.197308 -0.050356 -0.098208 -0.198175 -0.386495 0.334910 0.562375 -0.176954 -0.004602 0.361996 1.097002
0.299999 0.214285 -0.545013 -1.086679 -0.046120 -0.089133 -0.181507 -0.350784 0.368670 0.620248 0.545624 0.624850 0.323035 1.093300
0.316665 0.250001 -0.494971 -0.976033 -0.041886 -0.080058 -0.164841 -0.315067 0.403457 0.668295 -0.142167 0.043445 0.284195 1.088765
0.333332 0.214285 -0.444922 -1.086679 -0.037651 -0.089133 -0.148173 -0.350784 0.396268 0.571336 0.538435 0.527891 0.305553 1.171124
0.333332 0.178573 -0.444922 -1.197308 -0.037651 -0.098208 -0.148173 -0.386495 0.378152 0.491814 -0.160283 -0.036077 0.337229 1.204701
0.349998 0.142856 -0.394881 -1.307954 -0.033416 -0.107283 -0.131508 -0.422212 0.378030 0.387524 0.538313 0.423601 0.363288 1.268846
0.366666 0.071428 -0.344832 -1.529229 -0.029181 -0.125433 -0.114840 -0.493640 0.373558 0.192395 -0.164755 -0.231206 0.425854 1.342222
0.399999 0.035717 -0.244742 -1.639858 -0.020711 -0.134507 -0.081507 -0.529351 0.401590 0.089056 0.566345 0.320262 0.453179 1.418021
0.433332 0.035717 -0.144652 -1.639858 -0.012241 -0.134507 -0.048174 -0.529351 0.434802 0.082238 -0.131544 -0.238024 0.448384 1.480041
0.516667 0.000000 0.105578 -1.750503 0.008934 -0.143583 0.035161 -0.565068 0.516667 0.000000 0.648210 0.238024 0.482788 -1.508653
0.550000 0.035717 0.205668 -1.639858 0.017404 -0.134507 0.068494 -0.529351 0.551158 0.064849 -0.097052 -0.173175 0.451020 -1.442119
0.599998 0.107145 0.355799 -1.418583 0.030109 -0.116357 0.118493 -0.457923 0.609490 0.176713 0.706542 0.349888 0.392666 -1.317589
0.650000 0.321430 0.505939 -0.754759 0.042814 -0.061908 0.168494 -0.243639 0.725132 0.459244 0.018590 0.109356 0.232410 -0.965749
0.666665 0.428569 0.555980 -0.422855 0.047049 -0.034684 0.185159 -0.136499 0.792536 0.571336 0.773946 0.461980 0.192578 -0.635257
0.666665 0.607142 0.555980 0.130340 0.047049 0.010691 0.185159 0.042074 0.901701 0.738704 0.127754 0.276724 0.223760 0.223439
0.666665 0.678570 0.555980 0.351615 0.047049 0.028841 0.185159 0.113502 0.951262 0.794248 0.823508 0.517525 0.270404 0.549923
0.650000 0.749999 0.505939 0.572890 0.042814 0.046990 0.168494 0.184931 0.992470 0.856705 0.168962 0.339181 0.316983 0.831872
0.616666 0.857144 0.405848 0.904810 0.034344 0.074216 0.135160 0.292076 1.055923 0.947140 0.886960 0.607959 0.399214 1.137383
0.599998 0.928572 0.355799 1.126085 0.030109 0.092366 0.118493 0.363504 1.105551 0.997131 0.218591 0.389172 0.462502 1.255684
0.583333 0.928572 0.305758 1.126085 0.025874 0.092366 0.101827 0.363504 1.096596 1.009896 0.878005 0.620724 0.458516 1.297670
0.566665 0.964283 0.255709 1.236714 0.021639 0.101440 0.085159 0.399215 1.118459 1.039504 0.240454 0.418780 0.490231 1.360629
0.599998 0.964283 0.355799 1.236714 0.030109 0.101440 0.118493 0.399215 1.135711 1.014197 0.895257 0.595417 0.497106 1.282265
0.633332 0.964283 0.455890 1.236714 0.038579 0.101440 0.151826 0.399215 1.153669 0.989662 0.258412 0.394245 0.506088 1.207378
0.666665 0.964283 0.555980 1.236714 0.047049 0.101440 0.185159 0.399215 1.172299 0.965894 0.913887 0.571649 0.517067 1.136519
0.716666 0.964283 0.706119 1.236714 0.059754 0.101440 0.235160 0.399215 1.201438 0.931654 0.287551 0.360006 0.537005 1.038462
0.799998 0.964283 0.956341 1.236714 0.080928 0.101440 0.318492 0.399215 1.252932 0.878248 0.965382 0.518242 0.578369 0.897401
0.833331 0.964283 1.056431 1.236714 0.089398 0.101440 0.351825 0.399215 1.274474 0.858117 0.309092 0.339875 0.597373 0.848413
0.900000 0.928572 1.256619 1.126085 0.106339 0.092366 0.418494 0.363504 1.293154 0.801022 0.984061 0.461147 0.612377 0.715193
0.916666 0.928572 1.306661 1.126085 0.110573 0.092366 0.435160 0.363504 1.304807 0.791850 0.320746 0.330704 0.623885 0.695918
0.949999 0.928572 1.406751 1.126085 0.119043 0.092366 0.468493 0.363504 1.328436 0.773993 1.007691 0.443289 0.647575 0.659872
0.949999 0.892855 1.406751 1.015439 0.119043 0.083290 0.468493 0.327787 1.303721 0.754400 0.296030 0.311111 0.623453 0.610499
0.933334 0.785715 1.356710 0.683535 0.114808 0.056066 0.451828 0.220647 1.220025 0.699736 0.923995 0.388626 0.544694 0.454280
0.916666 0.714282 1.306661 0.462244 0.110573 0.037915 0.435160 0.149214 1.162099 0.661940 0.238104 0.273314 0.493506 0.330331
0.900000 0.571425 1.256619 0.019694 0.106339 0.001615 0.418494 0.006357 1.066080 0.565699 0.827976 0.292385 0.428046 0.015190
0.883332 0.499997 1.206570 -0.201580 0.102103 -0.016534 0.401826 -0.065071 1.015024 0.515071 0.187048 0.222686 0.402252 -0.160544
0.883332 0.428569 1.206570 -0.422855 0.102103 -0.034684 0.401826 -0.136499 0.981808 0.451716 0.794760 0.229030 0.405298 -0.327466
0.900000 0.392858 1.256619 -0.533484 0.106339 -0.043758 0.418494 -0.172210 0.982007 0.411578 0.187246 0.182548 0.427780 -0.390381
0.949999 0.428569 1.406751 -0.422855 0.119043 -0.034684 0.468493 -0.136499 1.042194 0.423790 0.854948 0.241242 0.471474 -0.283509
0.983332 0.535714 1.506841 -0.090935 0.127513 -0.007459 0.501826 -0.029354 1.119791 0.498838 0.264843 0.257596 0.504746 -0.058428
1.000000 0.571425 1.556890 0.019694 0.131748 0.001615 0.518494 0.006357 1.151750 0.519144 0.886907 0.261548 0.526233 0.012261
1.000000 0.714282 1.556890 0.462244 0.131748 0.037915 0.518494 0.149214 1.228901 0.620247 0.341995 0.358699 0.568349 0.280211
0.966667 0.857144 1.456800 0.904810 0.123278 0.074216 0.485161 0.292076 1.291952 0.725418 0.949957 0.366719 0.613584 0.541902
0.933334 0.892855 1.356710 1.015439 0.114808 0.083290 0.451828 0.327787 1.291627 0.763236 0.341670 0.396517 0.611029 0.627616
0.866664 1.000000 1.156521 1.347359 0.097868 0.110515 0.385159 0.434932 1.323294 0.856707 0.981624 0.460190 0.645897 0.846016
