0.000000 0.785715 -1.544661 1.012834 -0.121237 0.067776 -0.511085 0.285716 0.785715 1.570796 0.785715 1.570796 0.580198 -0.509755
0.042553 0.785715 -1.416052 1.012834 -0.111143 0.067776 -0.468532 0.285716 0.786867 1.516691 0.001151 -0.054106 0.543088 -0.547601
0.063828 0.785715 -1.351752 1.012834 -0.106096 0.067776 -0.447257 0.285716 0.788304 1.489739 0.787152 1.543844 0.524844 -0.568474
0.106381 0.785715 -1.223143 1.012834 -0.096002 0.067776 -0.404704 0.285716 0.792884 1.436221 0.005732 -0.107624 0.489088 -0.614732
0.148934 0.749999 -1.094534 0.886222 -0.085908 0.059304 -0.362151 0.249999 0.764643 1.374767 0.758911 1.482391 0.433858 -0.604197
0.170212 0.749999 -1.030225 0.886222 -0.080860 0.059304 -0.340873 0.249999 0.769071 1.347626 0.010160 -0.134764 0.416262 -0.632797
0.191487 0.749999 -0.965925 0.886222 -0.075814 0.059304 -0.319598 0.249999 0.774058 1.320820 0.763898 1.455584 0.399027 -0.663811
0.212766 0.749999 -0.901616 0.886222 -0.070766 0.059304 -0.298320 0.249999 0.779594 1.294371 0.015696 -0.161213 0.382197 -0.697500
0.234041 0.749999 -0.837316 0.886222 -0.065719 0.059304 -0.277045 0.249999 0.785667 1.268317 0.769971 1.429530 0.365832 -0.734127
0.255319 0.749999 -0.773007 0.886222 -0.060672 0.059304 -0.255766 0.249999 0.792266 1.242676 0.022295 -0.186854 0.349994 -0.773995
0.255319 0.714282 -0.773007 0.759609 -0.060672 0.050831 -0.255766 0.214282 0.758542 1.227502 0.736247 1.414356 0.326658 -0.697370
0.255319 0.678570 -0.773007 0.633015 -0.060672 0.042360 -0.255766 0.178571 0.725014 1.210922 -0.011233 -0.203434 0.305725 -0.609502
0.234041 0.607142 -0.837316 0.379809 -0.065719 0.025416 -0.277045 0.107142 0.650689 1.202870 0.661922 1.406304 0.293225 -0.369017
0.212766 0.535714 -0.901616 0.126603 -0.070766 0.008472 -0.298320 0.035714 0.576419 1.192738 -0.085503 -0.213566 0.299335 -0.119151
0.191487 0.499997 -0.965925 -0.000009 -0.075814 -0.000001 -0.319598 -0.000003 0.535411 1.205051 0.620914 1.418617 0.319790 0.000008
0.170212 0.428569 -1.030225 -0.253215 -0.080860 -0.016944 -0.340873 -0.071431 0.461133 1.192737 -0.159781 -0.225880 0.350718 0.206564
0.148934 0.321430 -1.094534 -0.633015 -0.085908 -0.042360 -0.362151 -0.178570 0.354258 1.136896 0.514038 1.362776 0.408806 0.458099
0.127659 0.250001 -1.158834 -0.886221 -0.090955 -0.059304 -0.383426 -0.249999 0.280709 1.098677 -0.233329 -0.264099 0.463875 0.577789
0.127659 0.214285 -1.158834 -1.012834 -0.090955 -0.067776 -0.383426 -0.285715 0.249429 1.033510 0.482758 1.297609 0.484877 0.640399
0.127659 0.142856 -1.158834 -1.266040 -0.090955 -0.084720 -0.383426 -0.357144 0.191585 0.841517 -0.291173 -0.456092 0.531609 0.749924
0.127659 0.107145 -1.158834 -1.392633 -0.090955 -0.093191 -0.383426 -0.392855 0.166664 0.698251 0.457837 1.154343 0.556941 0.797544
0.148934 0.071428 -1.094534 -1.519246 -0.085908 -0.101664 -0.362151 -0.428572 0.165177 0.447191 -0.292660 -0.707152 0.569606 0.869202
0.170212 0.035717 -1.030225 -1.645839 -0.080860 -0.110135 -0.340873 -0.464283 0.173919 0.206836 0.466580 0.913988 0.584952 0.937490
0.191487 0.035717 -0.965925 -1.645839 -0.075814 -0.110135 -0.319598 -0.464283 0.194790 0.184404 -0.271790 -0.729584 0.572816 0.967920
0.234041 0.000000 -0.837316 -1.772452 -0.065719 -0.118608 -0.277045 -0.500000 0.234041 0.000000 0.505830 0.729584 0.581345 1.064819
0.255319 0.000000 -0.773007 -1.772452 -0.060672 -0.118608 -0.255766 -0.500000 0.255319 0.000000 -0.250512 -0.729584 0.571511 1.097965
0.276594 0.000000 -0.708707 -1.772452 -0.055625 -0.118608 -0.234492 -0.500000 0.276594 0.000000 0.527105 0.729584 0.562312 1.132269
0.297872 0.035717 -0.644398 -1.645839 -0.050578 -0.110135 -0.213213 -0.464283 0.300006 0.119337 -0.227100 -0.610247 0.520994 1.140292
0.319147 0.071428 -0.580098 -1.519246 -0.045531 -0.101664 -0.191938 -0.428572 0.327042 0.220181 0.554142 0.830429 0.479728 1.149727
0.340425 0.107145 -0.515789 -1.392633 -0.040483 -0.093191 -0.170660 -0.392855 0.356888 0.304923 -0.197254 -0.525505 0.438512 1.160982
0.340425 0.142856 -0.515789 -1.266040 -0.040483 -0.084720 -0.170660 -0.357144 0.369184 0.397323 0.566438 0.922828 0.405854 1.125027
0.361700 0.178573 -0.451489 -1.139427 -0.035437 -0.076247 -0.149385 -0.321427 0.403380 0.458599 -0.163059 -0.464229 0.364527 1.135739
0.361700 0.214285 -0.451489 -1.012834 -0.035437 -0.067776 -0.149385 -0.285715 0.420410 0.534840 0.583469 0.999069 0.332275 1.089039
0.382978 0.214285 -0.387180 -1.012834 -0.030389 -0.067776 -0.128107 -0.285715 0.438851 0.510124 -0.144618 -0.488945 0.323268 1.149296
0.382978 0.250001 -0.387180 -0.886221 -0.030389 -0.059304 -0.128107 -0.249999 0.457354 0.578329 0.601972 1.067274 0.290820 1.097253
0.382978 0.214285 -0.387180 -1.012834 -0.030389 -0.067776 -0.128107 -0.285715 0.438851 0.510124 -0.163121 -0.557150 0.323268 1.149296
0.382978 0.178573 -0.387180 -1.139427 -0.030389 -0.076247 -0.128107 -0.321427 0.422564 0.436306 0.585686 0.993455 0.356336 1.191534
0.382978 0.142856 -0.387180 -1.266040 -0.030389 -0.084720 -0.128107 -0.357144 0.408754 0.357029 -0.176931 -0.636427 0.389877 1.226393
0.404253 0.107145 -0.322880 -1.392633 -0.025342 -0.093191 -0.106832 -0.392855 0.418211 0.259087 0.595142 0.895514 0.417829 1.305279
0.404253 0.071428 -0.322880 -1.519246 -0.025342 -0.101664 -0.106832 -0.428572 0.410515 0.174887 -0.184627 -0.720627 0.452450 1.326500
0.425531 0.035717 -0.258571 -1.645839 -0.020295 -0.110135 -0.085554 -0.464283 0.427028 0.083738 0.611655 0.804365 0.483006 1.388569
0.446806 0.035717 -0.194271 -1.645839 -0.015248 -0.110135 -0.064279 -0.464283 0.448231 0.079768 -0.163423 -0.724597 0.479695 1.433223
0.468084 0.035717 -0.129962 -1.645839 -0.010200 -0.110135 -0.043001 -0.464283 0.469445 0.076157 0.632868 0.800754 0.477309 1.478442
0.489359 0.035717 -0.065663 -1.645839 -0.005154 -0.110135 -0.021726 -0.464283 0.490661 0.072858 -0.142207 -0.727896 0.475865 1.524036
0.510637 0.035717 -0.001353 -1.645839 -0.000106 -0.110135 -0.000448 -0.464283 0.511885 0.069832 0.654093 0.797728 0.475369 1.569832
0.553191 0.035717 0.127256 -1.645839 0.009988 -0.110135 0.042105 -0.464283 0.554342 0.064476 -0.099750 -0.733252 0.477229 -1.480355
0.574466 0.035717 0.191555 -1.645839 0.015035 -0.110135 0.063380 -0.464283 0.575575 0.062094 0.675325 0.795346 0.479575 -1.435123
0.574466 0.071428 0.191555 -1.519246 0.015035 -0.101664 0.063380 -0.428572 0.578889 0.123704 -0.096436 -0.671643 0.444202 -1.423973
0.595744 0.071428 0.255865 -1.519246 0.020082 -0.101664 0.084659 -0.428572 0.600010 0.119328 0.696446 0.790970 0.447734 -1.375771
0.595744 0.107145 0.255865 -1.392633 0.020082 -0.093191 0.084659 -0.392855 0.605302 0.177948 -0.091144 -0.613022 0.412716 -1.358546
0.595744 0.214285 0.255865 -1.012834 0.020082 -0.067776 0.084659 -0.285715 0.633110 0.345283 0.724254 0.958305 0.308638 -1.282734
0.595744 0.285713 0.255865 -0.759627 0.020082 -0.050832 0.084659 -0.214287 0.660714 0.447187 -0.063541 -0.511119 0.240748 -1.194547
0.574466 0.321430 0.191555 -0.633015 0.015035 -0.042360 0.063380 -0.178570 0.658276 0.510129 0.721817 1.021248 0.199966 -1.229734
0.553191 0.428569 0.127256 -0.253215 0.009988 -0.016944 0.042105 -0.071431 0.699779 0.659137 -0.022038 -0.362111 0.092638 -1.038165
0.553191 0.499997 0.127256 -0.000009 0.009988 -0.000001 0.042105 -0.000003 0.745666 0.734934 0.767703 1.097045 0.043541 -0.000062
0.553191 0.535714 0.127256 0.126603 0.009988 0.008472 0.042105 0.035714 0.770071 0.769350 0.002368 -0.327695 0.048780 0.703453
0.531912 0.607142 0.062946 0.379809 0.004941 0.025416 0.020827 0.107142 0.807188 0.851348 0.804820 1.179043 0.098289 1.378802
0.510637 0.678570 -0.001353 0.633015 -0.000106 0.042360 -0.000448 0.178571 0.849240 0.925685 0.044420 -0.253359 0.167486 -1.568289
0.510637 0.714282 -0.001353 0.759609 -0.000106 0.050831 -0.000448 0.214282 0.878037 0.950143 0.833617 1.203501 0.203197 -1.568707
0.510637 0.785715 -0.001353 1.012834 -0.000106 0.067776 -0.000448 0.285716 0.937070 0.994491 0.103452 -0.209011 0.274631 -1.569229
0.489359 0.785715 -0.065663 1.012834 -0.005154 0.067776 -0.021726 0.285716 0.925646 1.013766 0.822194 1.222777 0.275488 -1.494902
0.489359 0.821427 -0.065663 1.139428 -0.005154 0.076247 -0.021726 0.321427 0.956146 1.033513 0.133952 -0.189264 0.311101 -1.503307
0.510637 0.821427 -0.001353 1.139428 -0.000106 0.076247 -0.000448 0.321427 0.967209 1.014612 0.833257 1.203876 0.310342 -1.569403
0.553191 0.857144 0.127256 1.266040 0.009988 0.084720 0.042105 0.357144 1.020154 0.997670 0.186897 -0.206206 0.348611 1.453443
0.574466 0.857144 0.191555 1.266040 0.015035 0.084720 0.063380 0.357144 1.031846 0.980345 0.844949 1.186551 0.351815 1.395160
0.595744 0.857144 0.255865 1.266040 0.020082 0.084720 0.084659 0.357144 1.043842 0.963411 0.198893 -0.223140 0.356263 1.338049
0.680850 0.857144 0.513083 1.266040 0.040271 0.084720 0.169765 0.357144 1.094647 0.899526 0.895754 1.122666 0.385456 1.127070
0.723403 0.857144 0.641692 1.266040 0.050365 0.084720 0.212318 0.357144 1.121609 0.869814 0.225856 -0.252852 0.405999 1.034439
0.765956 0.857144 0.770301 1.266040 0.060459 0.084720 0.254871 0.357144 1.149515 0.841520 0.923659 1.094373 0.429786 0.950976
0.829788 0.892855 0.963219 1.392634 0.075601 0.093191 0.318702 0.392855 1.218908 0.821993 0.295249 -0.272380 0.497312 0.889235
0.851062 0.892855 1.027519 1.392634 0.080648 0.093191 0.339977 0.392855 1.233490 0.809358 0.938241 1.081738 0.511207 0.857429
0.872341 0.892855 1.091828 1.392634 0.085695 0.093191 0.361255 0.392855 1.248266 0.797019 0.310025 -0.284719 0.525598 0.827277
0.893616 0.928572 1.156128 1.519246 0.090742 0.101664 0.382530 0.428572 1.288718 0.804579 0.978693 1.089298 0.566237 0.842101
0.872341 0.892855 1.091828 1.392634 0.085695 0.093191 0.361255 0.392855 1.248266 0.797019 0.269573 -0.292279 0.525598 0.827277
0.851062 0.857144 1.027519 1.266040 0.080648 0.084720 0.339977 0.357144 1.207892 0.788958 0.938319 1.081237 0.485120 0.810018
0.829788 0.785715 0.963219 1.012834 0.075601 0.067776 0.318702 0.285716 1.142758 0.758124 0.204440 -0.323113 0.420705 0.730876
0.808509 0.785715 0.898910 1.012834 0.070554 0.067776 0.297424 0.285716 1.127402 0.771101 0.922963 1.094214 0.404825 0.765322
0.808509 0.714282 0.898910 0.759609 0.070554 0.050831 0.297424 0.214282 1.078835 0.723599 0.155873 -0.370616 0.360208 0.624325
0.808509 0.678570 0.898910 0.633015 0.070554 0.042360 0.297424 0.178571 1.055531 0.698241 0.899658 1.068857 0.341339 0.540706
0.808509 0.607142 0.898910 0.379809 0.070554 0.025416 0.297424 0.107142 1.011093 0.644103 0.111435 -0.424754 0.312551 0.345763
0.829788 0.571425 0.963219 0.253197 0.075601 0.016943 0.318702 0.071426 1.007509 0.603062 0.896074 1.027815 0.324364 0.220471
0.893616 0.535714 1.156128 0.126603 0.090742 0.008472 0.382530 0.035714 1.041892 0.540045 0.145818 -0.487771 0.383322 0.093093
0.914894 0.535714 1.220437 0.126603 0.095790 0.008472 0.403809 0.035714 1.060198 0.529725 0.914381 1.017496 0.404559 0.088214
0.957447 0.535714 1.349046 0.126603 0.105884 0.008472 0.446362 0.035714 1.097130 0.510126 0.182749 -0.507370 0.447041 0.079842
0.978722 0.535714 1.413346 0.126603 0.110931 0.008472 0.467637 0.035714 1.115745 0.500815 0.932995 1.008185 0.468285 0.076224
1.000000 0.607142 1.477655 0.379809 0.115978 0.025416 0.488915 0.107142 1.169881 0.545655 0.236886 -0.462530 0.498262 0.215733
1.000000 0.678570 1.477655 0.633015 0.115978 0.042360 0.488915 0.178571 1.208494 0.596198 0.971608 1.058729 0.516807 0.350185
1.000000 0.749999 1.477655 0.886222 0.115978 0.059304 0.488915 0.249999 1.249999 0.643500 0.278391 -0.415229 0.544167 0.472674
1.000000 0.785715 1.477655 1.012834 0.115978 0.067776 0.488915 0.285716 1.271750 0.665970 0.993359 1.081199 0.560767 0.528860
0.957447 0.857144 1.349046 1.266040 0.105884 0.084720 0.446362 0.357144 1.285068 0.730178 0.291709 -0.351020 0.564797 0.674815
0.914894 0.928572 1.220437 1.519246 0.095790 0.101664 0.403809 0.428572 1.303563 0.792818 1.011854 1.143838 0.580824 0.815139
0.893616 0.928572 1.156128 1.519246 0.090742 0.101664 0.382530 0.428572 1.288718 0.804579 0.276864 -0.339258 0.566237 0.842101
0.851062 0.964283 1.027519 1.645840 0.080648 0.110135 0.339977 0.464283 1.286137 0.847686 1.009273 1.186945 0.566545 0.938744
0.808509 1.000000 0.898910 1.772452 0.070554 0.118608 0.297424 0.500000 1.285958 0.890888 0.276684 -0.296056 0.572275 1.034174
0.787234 1.000000 0.834610 1.772452 0.065507 0.118608 0.276149 0.500000 1.272689 0.903888 0.996005 1.199944 0.561512 1.066190
