0.000000 0.645160 -1.662894 0.467532 -0.147178 0.038153 -0.547529 0.141935 0.645160 1.570796 0.645160 1.570796 0.556165 -0.253645
0.057694 0.612904 -1.487673 0.361283 -0.131669 0.029482 -0.489835 0.109680 0.615614 1.476941 -0.029546 -0.093855 0.494178 -0.220278
0.096155 0.612904 -1.370862 0.361283 -0.121331 0.029482 -0.451373 0.109680 0.620401 1.415180 0.649947 1.509035 0.456083 -0.238371
0.153849 0.580644 -1.195642 0.255017 -0.105823 0.020811 -0.393680 0.077419 0.600680 1.311786 -0.049267 -0.197249 0.395070 -0.194177
0.192310 0.580644 -1.078831 0.255017 -0.095484 0.020811 -0.355218 0.077419 0.611662 1.250966 0.660929 1.448215 0.356759 -0.214592
0.211539 0.580644 -1.020430 0.255017 -0.090315 0.020811 -0.335989 0.077419 0.617977 1.221423 -0.042952 -0.226792 0.337617 -0.226469
0.230771 0.580644 -0.962020 0.255017 -0.085145 0.020811 -0.316757 0.077419 0.624822 1.192498 0.667774 1.419290 0.318483 -0.239712
0.211539 0.580644 -1.020430 0.255017 -0.090315 0.020811 -0.335989 0.077419 0.617977 1.221423 -0.049796 -0.197868 0.337617 -0.226469
0.192310 0.548388 -1.078831 0.148768 -0.095484 0.012140 -0.355218 0.045164 0.581131 1.233514 0.630927 1.431381 0.355220 -0.126464
0.173078 0.483867 -1.137241 -0.063763 -0.100654 -0.005203 -0.374451 -0.019357 0.513891 1.227281 -0.117036 -0.204100 0.379824 0.051649
0.134616 0.354835 -1.254052 -0.488792 -0.110992 -0.039888 -0.412912 -0.148389 0.379513 1.208194 0.496549 1.412294 0.455661 0.345000
0.134616 0.290319 -1.254052 -0.701306 -0.110992 -0.057230 -0.412912 -0.212905 0.320011 1.136621 -0.176538 -0.275673 0.486470 0.476064
0.134616 0.193548 -1.254052 -1.020070 -0.110992 -0.083242 -0.412912 -0.309677 0.235759 0.963083 0.412297 1.238756 0.543874 0.643490
0.134616 0.129032 -1.254052 -1.232585 -0.110992 -0.100584 -0.412912 -0.374193 0.186469 0.764220 -0.225828 -0.474536 0.587908 0.736246
0.153849 0.064516 -1.195642 -1.445099 -0.105823 -0.117926 -0.393680 -0.438709 0.166828 0.397073 0.392656 0.871609 0.623125 0.839441
0.173078 0.032256 -1.137241 -1.551364 -0.100654 -0.126598 -0.374451 -0.470969 0.176058 0.184251 -0.216598 -0.687359 0.636961 0.899072
0.211539 0.000000 -1.020430 -1.657614 -0.090315 -0.135269 -0.335989 -0.503225 0.211539 0.000000 0.428137 0.687359 0.642399 0.982098
0.250001 0.000000 -0.903619 -1.657614 -0.079977 -0.135269 -0.297528 -0.503225 0.250001 0.000000 -0.178137 -0.687359 0.623145 1.036841
0.288462 0.000000 -0.786808 -1.657614 -0.069638 -0.135269 -0.259066 -0.503225 0.288462 0.000000 0.466599 0.687359 0.605725 1.095369
0.307694 0.032256 -0.728398 -1.551364 -0.064468 -0.126598 -0.239834 -0.470969 0.309380 0.104448 -0.157219 -0.582910 0.568354 1.099788
0.346156 0.064516 -0.611587 -1.445099 -0.054130 -0.117926 -0.201373 -0.438709 0.352117 0.184264 0.509335 0.767174 0.523309 1.140473
0.365385 0.193548 -0.553186 -1.020070 -0.048961 -0.083242 -0.182144 -0.309677 0.413482 0.487132 -0.095854 -0.280043 0.398094 1.039119
0.384617 0.225803 -0.494777 -0.913821 -0.043791 -0.074572 -0.162911 -0.277421 0.446002 0.530870 0.541855 0.810913 0.360620 1.039816
0.384617 0.258064 -0.494777 -0.807556 -0.043791 -0.065900 -0.162911 -0.245161 0.463171 0.590971 -0.078684 -0.219942 0.332159 0.984290
0.403846 0.290319 -0.436376 -0.701306 -0.038622 -0.057230 -0.143682 -0.212905 0.497370 0.623289 0.576055 0.843230 0.294620 0.977140
0.403846 0.322580 -0.436376 -0.595041 -0.038622 -0.048558 -0.143682 -0.180645 0.516865 0.673990 -0.059190 -0.169241 0.266920 0.898876
0.403846 0.290319 -0.436376 -0.701306 -0.038622 -0.057230 -0.143682 -0.212905 0.497370 0.623289 0.556560 0.792530 0.294620 0.977140
0.403846 0.258064 -0.436376 -0.807556 -0.038622 -0.065900 -0.143682 -0.245161 0.479259 0.568614 -0.077301 -0.223916 0.323163 1.040680
0.423079 0.161287 -0.377966 -1.126335 -0.033453 -0.091914 -0.124450 -0.341937 0.452779 0.364216 0.530081 0.588131 0.405795 1.221743
0.442308 0.129032 -0.319565 -1.232585 -0.028284 -0.100584 -0.105221 -0.374193 0.460744 0.283847 -0.069336 -0.304284 0.431521 1.296681
0.480769 0.096772 -0.202754 -1.338850 -0.017945 -0.109256 -0.066759 -0.406453 0.490412 0.198631 0.559748 0.502915 0.455674 1.408002
0.519231 0.064516 -0.085943 -1.445099 -0.007607 -0.117926 -0.028298 -0.438709 0.523224 0.123619 -0.036524 -0.379295 0.483841 1.506383
0.557692 0.032256 0.030868 -1.551364 0.002732 -0.126598 0.010164 -0.470969 0.558624 0.057773 0.595149 0.437068 0.515373 -1.549219
0.615386 0.032256 0.206089 -1.551364 0.018240 -0.126598 0.067857 -0.470969 0.616230 0.052367 0.021082 -0.384701 0.519722 -1.427701
0.653847 0.032256 0.322899 -1.551364 0.028579 -0.126598 0.106319 -0.470969 0.654642 0.049292 0.633560 0.433993 0.526127 -1.348773
0.692309 0.064516 0.439710 -1.445099 0.038917 -0.117926 0.144780 -0.438709 0.695308 0.092921 0.061748 -0.341072 0.504244 -1.252036
0.711541 0.161287 0.498120 -1.126335 0.044087 -0.091914 0.164012 -0.341937 0.729592 0.222907 0.667844 0.563979 0.419621 -1.123556
0.711541 0.258064 0.498120 -0.807556 0.044087 -0.065900 0.164012 -0.245161 0.756893 0.347929 0.089049 -0.216050 0.332701 -0.981181
0.711541 0.354835 0.498120 -0.488792 0.044087 -0.039888 0.164012 -0.148389 0.795109 0.462596 0.706060 0.678646 0.253043 -0.735430
0.692309 0.451612 0.439710 -0.170012 0.038917 -0.013874 0.144780 -0.051613 0.826586 0.578010 0.120526 -0.100636 0.173670 -0.342446
0.673079 0.548388 0.381309 0.148768 0.033749 0.012140 0.125551 0.045164 0.868197 0.683668 0.747670 0.784304 0.125554 0.345311
0.634618 0.612904 0.264498 0.361283 0.023410 0.029482 0.087089 0.109680 0.882265 0.767994 0.134595 -0.016309 0.108897 0.899703
0.576924 0.709676 0.089278 0.680046 0.007902 0.055495 0.029396 0.206451 0.914593 0.888214 0.779999 0.904523 0.164790 1.429361
0.557692 0.741936 0.030868 0.786312 0.002732 0.064166 0.010164 0.238711 0.928165 0.926226 0.148166 0.021703 0.194673 1.528245
0.557692 0.774192 0.030868 0.892561 0.002732 0.072837 0.010164 0.270967 0.954145 0.946540 0.805980 0.924837 0.226891 1.533305
0.538463 0.806452 -0.027533 0.998826 -0.002437 0.081509 -0.009066 0.303227 0.969694 0.982083 0.163715 0.057246 0.259082 -1.540908
0.538463 0.838708 -0.027533 1.105075 -0.002437 0.090179 -0.009066 0.335483 0.996681 1.000055 0.832966 0.942809 0.291320 -1.543780
0.557692 0.838708 0.030868 1.105075 0.002732 0.090179 0.010164 0.335483 1.007200 0.983989 0.174234 0.041180 0.291356 1.540510
0.634618 0.838708 0.264498 1.105075 0.023410 0.090179 0.087089 0.335483 1.051746 0.923045 0.877513 0.881866 0.303924 1.316809
0.711541 0.838708 0.498120 1.105075 0.044087 0.090179 0.164012 0.335483 1.099873 0.867245 0.222360 -0.014621 0.334193 1.116081
0.769231 0.870968 0.673332 1.211341 0.059595 0.098851 0.221703 0.367743 1.162025 0.847346 0.939665 0.861967 0.392129 1.028266
0.826925 0.903224 0.848553 1.317590 0.075103 0.107521 0.279397 0.399999 1.224589 0.829469 0.284924 -0.032498 0.452307 0.961082
0.903848 0.935484 1.082174 1.423855 0.095780 0.116193 0.356319 0.432259 1.300796 0.802596 1.015872 0.835094 0.526757 0.881402
0.923077 0.967740 1.140575 1.530105 0.100949 0.124863 0.375549 0.464515 1.337382 0.809014 0.321510 -0.026079 0.563573 0.890909
0.942309 0.967740 1.198985 1.530105 0.106118 0.124863 0.394781 0.464515 1.350728 0.798711 1.029218 0.824791 0.576567 0.866373
0.980771 1.000000 1.315796 1.636370 0.116457 0.133535 0.433242 0.496775 1.400682 0.795106 0.371464 -0.029685 0.626442 0.853606
1.000000 0.967740 1.374197 1.530105 0.121626 0.124863 0.452471 0.464515 1.391589 0.769005 1.020125 0.798690 0.617501 0.798531
1.000000 0.903224 1.374197 1.317590 0.121626 0.107521 0.452471 0.399999 1.347521 0.734593 0.327396 -0.064097 0.575543 0.723922
1.000000 0.870968 1.374197 1.211341 0.121626 0.098851 0.452471 0.367743 1.326117 0.716542 0.998721 0.780639 0.556187 0.682463
1.000000 0.806452 1.374197 0.998826 0.121626 0.081509 0.452471 0.303227 1.284665 0.678663 0.285945 -0.101976 0.521317 0.590416
1.000000 0.709676 1.374197 0.680046 0.121626 0.055495 0.452471 0.206451 1.226230 0.617190 0.940285 0.719166 0.480648 0.428059
0.980771 0.677420 1.315796 0.573797 0.116457 0.046824 0.433242 0.174195 1.191977 0.604458 0.251692 -0.114708 0.452295 0.382293
0.942309 0.645160 1.198985 0.467532 0.106118 0.038153 0.394781 0.141935 1.142006 0.600355 0.890314 0.715063 0.406674 0.345138
0.884616 0.677420 1.023765 0.573797 0.090610 0.046824 0.337087 0.174195 1.114201 0.653523 0.223887 -0.061539 0.361247 0.476971
0.884616 0.709676 1.023765 0.680046 0.090610 0.055495 0.337087 0.206451 1.134101 0.676106 0.910214 0.737646 0.374058 0.549528
0.884616 0.741936 1.023765 0.786312 0.090610 0.064166 0.337087 0.238711 1.154562 0.697903 0.244348 -0.039743 0.389130 0.616181
0.884616 0.838708 1.023765 1.105075 0.090610 0.090179 0.337087 0.335483 1.219006 0.758765 0.974658 0.798508 0.445436 0.783013
0.903848 0.903224 1.082174 1.317590 0.095780 0.107521 0.356319 0.399999 1.277793 0.785053 0.303135 -0.013455 0.503470 0.843087
0.923077 0.935484 1.140575 1.423855 0.100949 0.116193 0.375549 0.432259 1.314230 0.792074 1.011096 0.805529 0.539950 0.855486
0.961539 1.000000 1.257386 1.636370 0.111287 0.133535 0.414010 0.496775 1.387284 0.805003 0.376188 -0.000525 0.613298 0.876022
