0.000000 0.880003 -1.357658 0.907270 -0.138641 0.081606 -0.491762 0.289457 0.880003 1.570796 0.880003 1.570796 0.626547 -0.532004
0.031250 0.880003 -1.271383 0.907270 -0.129831 0.081606 -0.460512 0.289457 0.880558 1.535300 0.000555 -0.035496 0.602331 -0.561151
0.062500 0.880003 -1.185108 0.907270 -0.121021 0.081606 -0.429262 0.289457 0.882220 1.499893 0.881665 1.535389 0.578790 -0.593277
0.140626 0.840000 -0.969417 0.781886 -0.098995 0.070328 -0.351136 0.249454 0.851690 1.404923 -0.029975 -0.130466 0.494537 -0.617685
0.187500 0.840000 -0.840008 0.781886 -0.085780 0.070328 -0.304262 0.249454 0.860672 1.351183 0.890647 1.481649 0.462435 -0.686737
0.203126 0.840000 -0.796867 0.781886 -0.081375 0.070328 -0.288636 0.249454 0.864211 1.333535 -0.026436 -0.148114 0.452306 -0.712709
0.187500 0.800004 -0.840008 0.656520 -0.085780 0.059052 -0.304262 0.209457 0.821682 1.340578 0.848119 1.488693 0.433115 -0.602905
0.156250 0.720004 -0.926283 0.405769 -0.094590 0.036498 -0.335512 0.129457 0.736763 1.357098 -0.111356 -0.131595 0.405787 -0.368249
0.109376 0.559998 -1.055692 -0.095751 -0.107805 -0.008612 -0.382386 -0.030548 0.570580 1.377910 0.681935 1.509505 0.388426 0.079720
0.093750 0.479999 -1.098833 -0.346501 -0.112211 -0.031167 -0.398012 -0.110548 0.489068 1.377912 -0.192867 -0.131593 0.398186 0.270922
0.062500 0.280002 -1.185108 -0.973368 -0.121021 -0.087551 -0.429262 -0.310545 0.286893 1.351184 0.479760 1.482777 0.478652 0.626284
0.062500 0.120003 -1.185108 -1.474869 -0.121021 -0.132660 -0.429262 -0.470544 0.135303 1.090631 -0.344457 -0.392146 0.567865 0.831245
0.078126 0.080000 -1.141967 -1.600254 -0.116616 -0.143938 -0.413636 -0.510547 0.111820 0.797247 0.456277 1.189393 0.583646 0.889878
0.125000 0.000000 -1.012558 -1.851005 -0.103401 -0.166492 -0.366762 -0.590547 0.125000 0.000000 -0.331277 -1.189393 0.613469 1.015039
0.156250 0.000000 -0.926283 -1.851005 -0.094590 -0.166492 -0.335512 -0.590547 0.156250 0.000000 0.487527 1.189393 0.595313 1.054135
0.218749 0.000000 -0.753733 -1.851005 -0.076970 -0.166492 -0.273012 -0.590547 0.218749 0.000000 -0.268777 -1.189393 0.562463 1.137758
0.249999 0.080000 -0.667458 -1.600254 -0.068160 -0.143938 -0.241762 -0.510547 0.262487 0.309703 0.531265 1.499096 0.477490 1.128544
0.281249 0.200002 -0.581183 -1.224119 -0.059349 -0.110105 -0.210512 -0.390544 0.345112 0.618151 -0.186153 -0.880945 0.359776 1.076420
0.296875 0.239999 -0.538043 -1.098753 -0.054944 -0.098829 -0.194886 -0.350547 0.381752 0.679852 0.567905 1.560798 0.318378 1.063398
0.296875 0.280002 -0.538043 -0.973368 -0.054944 -0.087551 -0.194886 -0.310545 0.408089 0.756157 -0.159817 -0.804640 0.287789 1.010357
0.312499 0.280002 -0.494908 -0.973368 -0.050539 -0.087551 -0.179262 -0.310545 0.419591 0.730606 0.579408 1.535246 0.277447 1.047272
0.328125 0.160000 -0.451768 -1.349504 -0.046134 -0.121383 -0.163636 -0.430547 0.365056 0.453692 -0.214352 -1.081554 0.369923 1.207592
0.343749 0.120003 -0.408633 -1.474869 -0.041729 -0.132660 -0.148012 -0.470544 0.364094 0.335872 0.578445 1.417426 0.400140 1.266040
0.406249 0.040003 -0.236083 -1.725620 -0.024108 -0.155214 -0.085512 -0.550544 0.408214 0.098152 -0.170231 -1.319274 0.459781 1.416704
0.437501 0.000000 -0.149802 -1.851005 -0.015297 -0.166492 -0.054260 -0.590547 0.437501 0.000000 0.607733 1.319274 0.494746 1.479172
0.500001 0.000000 0.022748 -1.851005 0.002323 -0.166492 0.008240 -0.590547 0.500001 0.000000 -0.107732 -1.319274 0.491831 -1.556845
0.546875 0.080000 0.152157 -1.600254 0.015538 -0.143938 0.055113 -0.510547 0.552695 0.145255 0.660427 1.464529 0.415434 -1.463263
0.546875 0.160000 0.152157 -1.349504 0.015538 -0.121383 0.055113 -0.430547 0.569800 0.284627 -0.090627 -1.179902 0.336309 -1.443481
0.562501 0.360002 0.195298 -0.722618 0.019943 -0.064997 0.070740 -0.230545 0.667839 0.569315 0.758466 1.749217 0.149548 -1.273080
0.531251 0.559998 0.109023 -0.095751 0.011133 -0.008612 0.039490 -0.030548 0.771898 0.811735 0.013432 -0.937481 0.078840 -0.658424
0.500001 0.760001 0.022748 0.531135 0.002323 0.047774 0.008240 0.169454 0.909726 0.988891 0.896295 1.926372 0.268366 1.522210
0.484375 0.800004 -0.020393 0.656520 -0.002082 0.059052 -0.007386 0.209457 0.935214 1.026367 0.038919 -0.900004 0.308331 -1.535546
0.468751 0.880003 -0.063527 0.907270 -0.006487 0.081606 -0.023010 0.289457 0.997063 1.081356 0.958143 1.981360 0.388923 -1.491468
0.468751 0.960003 -0.063527 1.158021 -0.006487 0.104160 -0.023010 0.369456 1.068332 1.116568 0.110189 -0.864792 0.468807 -1.508595
0.500001 0.960003 0.022748 1.158021 0.002323 0.104160 0.008240 0.369456 1.082408 1.090622 0.972219 1.955414 0.468314 1.548498
0.546875 0.960003 0.152157 1.158021 0.015538 0.104160 0.055113 0.369456 1.104843 1.052985 0.132624 -0.902429 0.471474 1.422714
0.640625 0.960003 0.410982 1.158021 0.041969 0.104160 0.148863 0.369456 1.154126 0.982345 1.021502 1.884774 0.491335 1.187771
0.687501 0.960003 0.540398 1.158021 0.055184 0.104160 0.195739 0.369456 1.180789 0.949317 0.159287 -0.935457 0.507508 1.083591
0.796874 0.960003 0.842357 1.158021 0.086020 0.104160 0.305113 0.369456 1.247644 0.877984 1.088356 1.813441 0.558877 0.880495
0.859374 0.960003 1.014907 1.158021 0.103640 0.104160 0.367613 0.369456 1.288460 0.840651 0.200104 -0.972790 0.595306 0.787900
0.890624 0.960003 1.101182 1.158021 0.112451 0.104160 0.398863 0.369456 1.309510 0.822870 1.109406 1.795660 0.615095 0.747143
0.875000 0.960003 1.058048 1.158021 0.108046 0.104160 0.383239 0.369456 1.298935 0.831688 0.189529 -0.963972 0.605080 0.767089
0.859374 0.920000 1.014907 1.032636 0.103640 0.092882 0.367613 0.329453 1.258938 0.819457 1.069409 1.783428 0.564382 0.730710
0.843750 0.880003 0.971773 0.907270 0.099236 0.081606 0.351989 0.289457 1.219148 0.806426 0.149738 -0.977002 0.524050 0.688219
0.828124 0.720004 0.928632 0.405769 0.094830 0.036498 0.336363 0.129457 1.097358 0.715672 0.947620 1.692674 0.406490 0.367399
0.843750 0.680001 0.971773 0.280385 0.099236 0.025220 0.351989 0.089454 1.083659 0.678344 0.136039 -1.014329 0.399162 0.248871
0.859374 0.639998 1.014907 0.155000 0.103640 0.013942 0.367613 0.049451 1.071504 0.640117 0.935466 1.654446 0.396375 0.133717
0.906250 0.639998 1.144323 0.155000 0.116856 0.013942 0.414489 0.049451 1.109453 0.614878 0.173988 -1.039568 0.440199 0.118746
0.953126 0.639998 1.273739 0.155000 0.130072 0.013942 0.461365 0.049451 1.148062 0.591322 0.974075 1.630891 0.484594 0.106777
0.984376 0.760001 1.360014 0.531135 0.138882 0.047774 0.492615 0.169454 1.243623 0.657473 0.269548 -0.973418 0.560911 0.331310
1.000000 0.840000 1.403148 0.781886 0.143287 0.070328 0.508238 0.249454 1.305987 0.698660 1.036438 1.672078 0.616098 0.456277
1.000000 0.920000 1.403148 1.032636 0.143287 0.092882 0.508238 0.329453 1.358823 0.743756 0.322385 -0.928322 0.664601 0.575127
0.953126 1.000000 1.273739 1.283387 0.130072 0.115436 0.461365 0.409453 1.381467 0.809393 1.059082 1.737715 0.686414 0.725856
0.906250 1.000000 1.144323 1.283387 0.116856 0.115436 0.414489 0.409453 1.349552 0.834539 0.290470 -0.903176 0.655826 0.779287
0.875000 1.000000 1.058048 1.283387 0.108046 0.115436 0.383239 0.409453 1.328768 0.851966 1.038299 1.755143 0.636536 0.818456
