states: 18
symbols: 16

0.946948 0.693764 0.000001 0.004731 0.000001 0.010680 0.004752 0.000001 0.042348 0.000001 0.000001 0.000001 0.002880 0.000001 0.000001 0.000001 0.240845 
0.053052 0.224698 0.000001 0.025816 0.000001 0.076539 0.019544 0.000001 0.565806 0.000001 0.000001 0.000001 0.000062 0.000001 0.000001 0.000001 0.087533 

0.884079 0.283391 0.000001 0.049421 0.000001 0.032210 0.023298 0.000001 0.388082 0.000001 0.000001 0.000001 0.087389 0.000001 0.000001 0.065847 0.070362 
0.115921 0.000001 0.000001 0.000001 0.000001 0.051287 0.000001 0.000001 0.128820 0.000001 0.000001 0.000011 0.000001 0.000001 0.000001 0.819881 0.000001 

0.904748 0.000001 0.002700 0.002700 0.831447 0.000001 0.000001 0.005399 0.000001 0.002700 0.005399 0.137674 0.000001 0.002699 0.005399 0.003886 0.000001 
0.095252 0.000001 0.000001 0.000001 0.999994 0.000001 0.000001 0.000001 0.000001 0.000001 0.000001 0.000001 0.000001 0.000005 0.000001 0.000001 0.000001 

0.938711 0.000001 0.010045 0.000001 0.000001 0.000001 0.000001 0.000001 0.000001 0.096293 0.126821 0.004640 0.000001 0.748277 0.010043 0.003880 0.000001 
0.061289 0.000001 0.000001 0.076879 0.000001 0.051282 0.000001 0.002156 0.000001 0.273704 0.311115 0.189219 0.000001 0.000001 0.000001 0.095645 0.000001 

0.949170 0.001350 0.000001 0.002748 0.008239 0.195752 0.000001 0.004004 0.010357 0.034063 0.011140 0.540801 0.093349 0.001421 0.002748 0.092609 0.001420 
0.050830 0.000001 0.000001 0.000001 0.000001 0.456659 0.000001 0.000001 0.000001 0.000001 0.000001 0.000001 0.335028 0.000001 0.000001 0.208312 0.000001 

1.000000 0.271266 0.000001 0.001336 0.000001 0.016876 0.000001 0.000001 0.486979 0.000001 0.000001 0.000001 0.013296 0.000001 0.000001 0.003185 0.207062 
0.000001 0.072549 0.069608 0.010784 0.082353 0.096078 0.097059 0.077451 0.002941 0.095098 0.057843 0.061765 0.022549 0.009804 0.080392 0.083333 0.080392 

0.946948 0.693764 0.000001 0.004731 0.000001 0.010680 0.004752 0.000001 0.042348 0.000001 0.000001 0.000001 0.002880 0.000001 0.000001 0.000001 0.240845 
0.053052 0.224698 0.000001 0.025816 0.000001 0.076539 0.019544 0.000001 0.565806 0.000001 0.000001 0.000001 0.000062 0.000001 0.000001 0.000001 0.087533 

0.884079 0.283391 0.000001 0.049421 0.000001 0.032210 0.023298 0.000001 0.388082 0.000001 0.000001 0.000001 0.087389 0.000001 0.000001 0.065847 0.070362 
0.115921 0.000001 0.000001 0.000001 0.000001 0.051287 0.000001 0.000001 0.128820 0.000001 0.000001 0.000011 0.000001 0.000001 0.000001 0.819881 0.000001 

0.904748 0.000001 0.002700 0.002700 0.831447 0.000001 0.000001 0.005399 0.000001 0.002700 0.005399 0.137674 0.000001 0.002699 0.005399 0.003886 0.000001 
0.095252 0.000001 0.000001 0.000001 0.999994 0.000001 0.000001 0.000001 0.000001 0.000001 0.000001 0.000001 0.000001 0.000005 0.000001 0.000001 0.000001 

0.938711 0.000001 0.010045 0.000001 0.000001 0.000001 0.000001 0.000001 0.000001 0.096293 0.126821 0.004640 0.000001 0.748277 0.010043 0.003880 0.000001 
0.061289 0.000001 0.000001 0.076879 0.000001 0.051282 0.000001 0.002156 0.000001 0.273704 0.311115 0.189219 0.000001 0.000001 0.000001 0.095645 0.000001 

0.949170 0.001350 0.000001 0.002748 0.008239 0.195752 0.000001 0.004004 0.010357 0.034063 0.011140 0.540801 0.093349 0.001421 0.002748 0.092609 0.001420 
0.050830 0.000001 0.000001 0.000001 0.000001 0.456659 0.000001 0.000001 0.000001 0.000001 0.000001 0.000001 0.335028 0.000001 0.000001 0.208312 0.000001 

1.000000 0.271266 0.000001 0.001336 0.000001 0.016876 0.000001 0.000001 0.486979 0.000001 0.000001 0.000001 0.013296 0.000001 0.000001 0.003185 0.207062 
0.000001 0.072549 0.069608 0.010784 0.082353 0.096078 0.097059 0.077451 0.002941 0.095098 0.057843 0.061765 0.022549 0.009804 0.080392 0.083333 0.080392 

0.946948 0.693764 0.000001 0.004731 0.000001 0.010680 0.004752 0.000001 0.042348 0.000001 0.000001 0.000001 0.002880 0.000001 0.000001 0.000001 0.240845 
0.053052 0.224698 0.000001 0.025816 0.000001 0.076539 0.019544 0.000001 0.565806 0.000001 0.000001 0.000001 0.000062 0.000001 0.000001 0.000001 0.087533 

0.884079 0.283391 0.000001 0.049421 0.000001 0.032210 0.023298 0.000001 0.388082 0.000001 0.000001 0.000001 0.087389 0.000001 0.000001 0.065847 0.070362 
0.115921 0.000001 0.000001 0.000001 0.000001 0.051287 0.000001 0.000001 0.128820 0.000001 0.000001 0.000011 0.000001 0.000001 0.000001 0.819881 0.000001 

0.904748 0.000001 0.002700 0.002700 0.831447 0.000001 0.000001 0.005399 0.000001 0.002700 0.005399 0.137674 0.000001 0.002699 0.005399 0.003886 0.000001 
0.095252 0.000001 0.000001 0.000001 0.999994 0.000001 0.000001 0.000001 0.000001 0.000001 0.000001 0.000001 0.000001 0.000005 0.000001 0.000001 0.000001 

0.938711 0.000001 0.010045 0.000001 0.000001 0.000001 0.000001 0.000001 0.000001 0.096293 0.126821 0.004640 0.000001 0.748277 0.010043 0.003880 0.000001 
0.061289 0.000001 0.000001 0.076879 0.000001 0.051282 0.000001 0.002156 0.000001 0.273704 0.311115 0.189219 0.000001 0.000001 0.000001 0.095645 0.000001 

0.949170 0.001350 0.000001 0.002748 0.008239 0.195752 0.000001 0.004004 0.010357 0.034063 0.011140 0.540801 0.093349 0.001421 0.002748 0.092609 0.001420 
0.050830 0.000001 0.000001 0.000001 0.000001 0.456659 0.000001 0.000001 0.000001 0.000001 0.000001 0.000001 0.335028 0.000001 0.000001 0.208312 0.000001 

1.000000 0.271266 0.000001 0.001336 0.000001 0.016876 0.000001 0.000001 0.486979 0.000001 0.000001 0.000001 0.013296 0.000001 0.000001 0.003185 0.207062 
0.000001 0.072549 0.069608 0.010784 0.082353 0.096078 0.097059 0.077451 0.002941 0.095098 0.057843 0.061765 0.022549 0.009804 0.080392 0.083333 0.080392 
