states: 18
symbols: 30

0.766725 0.000001 0.000001 0.000001 0.000001 0.000001 0.591652 0.000001 0.000001 0.000001 0.000001 0.000001 0.000001 0.035024 0.000001 0.000001 0.000001 0.000001 0.035074 0.000001 0.000001 0.322646 0.000001 0.000001 0.015602 0.000001 0.000001 0.000001 0.000001 0.000001 0.000001 
0.233275 0.143173 0.000001 0.000001 0.227353 0.000001 0.000031 0.000001 0.000001 0.000001 0.000001 0.000001 0.000001 0.042623 0.000001 0.025641 0.000001 0.000001 0.241153 0.000001 0.000001 0.232333 0.000001 0.087693 0.000001 0.000001 0.000001 0.000001 0.000001 0.000001 0.000001 

0.860691 0.205084 0.000001 0.000001 0.054057 0.000001 0.000001 0.000001 0.000001 0.000001 0.000001 0.000001 0.000001 0.000001 0.008302 0.000001 0.000001 0.000001 0.053429 0.000001 0.000001 0.664781 0.000001 0.014346 0.000001 0.000001 0.000001 0.000001 0.000001 0.000001 0.000001 
0.139309 0.000019 0.000001 0.000001 0.251705 0.025640 0.056944 0.000001 0.000001 0.000001 0.000001 0.000001 0.000001 0.055792 0.000001 0.000001 0.000001 0.000001 0.298830 0.000001 0.000001 0.000001 0.000001 0.201093 0.079326 0.000001 0.000001 0.000001 0.000001 0.030649 0.000001 

0.957025 0.101324 0.000001 0.000001 0.188015 0.014968 0.065558 0.000001 0.000001 0.006908 0.000001 0.000001 0.000001 0.042225 0.005757 0.024952 0.000001 0.000001 0.190639 0.000001 0.000001 0.094876 0.000001 0.121220 0.039040 0.000001 0.000001 0.000001 0.019574 0.084945 0.000001 
0.042975 0.000001 0.000001 0.000001 0.000001 0.000001 0.000001 0.059258 0.000001 0.000004 0.000001 0.061681 0.000001 0.000001 0.000001 0.751996 0.127059 0.000001 0.000001 0.000001 0.000001 0.000001 0.000001 0.000001 0.000001 0.000001 0.000001 0.000001 0.000001 0.000001 0.000001 

0.940770 0.000001 0.221166 0.032058 0.000001 0.000001 0.000001 0.004341 0.027245 0.004843 0.173110 0.059134 0.401973 0.000001 0.000001 0.000002 0.006534 0.000001 0.000001 0.000001 0.000001 0.000001 0.003229 0.000001 0.000001 0.003229 0.001614 0.003229 0.000001 0.000047 0.058245 
0.059230 0.000001 0.000001 0.099688 0.000001 0.000001 0.000001 0.000001 0.126387 0.000001 0.301734 0.101648 0.000001 0.000001 0.000001 0.000001 0.000001 0.012430 0.000001 0.001191 0.000001 0.000001 0.000001 0.000001 0.000001 0.000001 0.000001 0.000001 0.000001 0.000001 0.356920 

0.957979 0.000001 0.000001 0.002535 0.000001 0.000001 0.000001 0.003374 0.001343 0.066354 0.000001 0.000001 0.000001 0.116823 0.129123 0.007873 0.031488 0.215401 0.000001 0.092175 0.317171 0.000001 0.000001 0.000001 0.000001 0.000001 0.000001 0.000001 0.002761 0.013579 0.000001 
0.042021 0.000001 0.000001 0.000001 0.000001 0.000001 0.000001 0.000001 0.000001 0.000098 0.000001 0.000001 0.000001 0.347387 0.347485 0.000001 0.000012 0.000001 0.000001 0.000001 0.000001 0.000001 0.000001 0.025641 0.000001 0.000001 0.000001 0.000001 0.150470 0.128905 0.000001 

1.000000 0.296674 0.000001 0.000001 0.196172 0.001933 0.028025 0.000001 0.000001 0.002899 0.000001 0.000001 0.000001 0.048882 0.010285 0.000001 0.000001 0.000001 0.074410 0.000001 0.000001 0.136258 0.000001 0.004832 0.000966 0.000001 0.000001 0.000001 0.180399 0.018264 0.000001 
0.000001 0.022882 0.057514 0.038961 0.054422 0.057514 0.001237 0.003092 0.016698 0.060606 0.012987 0.055659 0.009895 0.048237 0.047001 0.057514 0.036487 0.004947 0.038343 0.000618 0.013605 0.025974 0.060606 0.022263 0.006184 0.058132 0.025356 0.047619 0.032158 0.025974 0.057514 

0.904633 0.006472 0.000001 0.000001 0.028403 0.000001 0.258631 0.000001 0.000001 0.000001 0.000001 0.000001 0.000001 0.005359 0.005406 0.000001 0.000001 0.000001 0.504502 0.000001 0.000001 0.131986 0.000001 0.000001 0.000001 0.000001 0.000001 0.000001 0.000001 0.059242 0.000001 
0.095367 0.102373 0.000001 0.000001 0.138596 0.000001 0.338725 0.000001 0.000001 0.000001 0.000001 0.000001 0.000001 0.000001 0.000001 0.000001 0.000001 0.000001 0.266042 0.000001 0.000001 0.143932 0.000001 0.000001 0.010330 0.000001 0.000001 0.000001 0.000001 0.000001 0.000001 

0.923658 0.059051 0.000001 0.000001 0.002820 0.004389 0.502415 0.000001 0.000001 0.003350 0.000001 0.000001 0.000001 0.004221 0.000001 0.000001 0.000001 0.000001 0.046270 0.000001 0.000001 0.336600 0.000001 0.009023 0.022459 0.000001 0.000001 0.000001 0.002123 0.007279 0.000001 
0.076342 0.309830 0.000001 0.000001 0.115736 0.000001 0.000001 0.000001 0.000001 0.025612 0.000001 0.000001 0.000001 0.000001 0.025642 0.150173 0.000001 0.000001 0.000001 0.000001 0.000001 0.277621 0.000001 0.067266 0.000001 0.000001 0.000001 0.000001 0.000001 0.028117 0.000001 

0.792002 0.280575 0.000001 0.000001 0.062242 0.012990 0.020482 0.000002 0.000001 0.002832 0.000001 0.000001 0.000001 0.074246 0.000001 0.027899 0.113149 0.000001 0.061633 0.000001 0.000001 0.053228 0.000001 0.054672 0.006732 0.000001 0.006734 0.000001 0.212129 0.010454 0.000001 
0.207998 0.000001 0.000001 0.070512 0.000001 0.000001 0.000001 0.835161 0.000001 0.000001 0.000001 0.000001 0.000001 0.000001 0.000001 0.000005 0.004669 0.000001 0.000001 0.000001 0.000001 0.000001 0.000001 0.000001 0.000001 0.000001 0.000001 0.000001 0.089653 0.000001 0.000001 

0.958844 0.000001 0.000001 0.031035 0.000001 0.000001 0.000001 0.153338 0.006862 0.001238 0.001273 0.004997 0.001101 0.000001 0.000001 0.004247 0.003348 0.001101 0.000001 0.001578 0.001101 0.000001 0.217914 0.000001 0.000001 0.177193 0.227488 0.166187 0.000001 0.000001 0.000001 
0.041156 0.000001 0.025641 0.000001 0.000001 0.000001 0.000001 0.000001 0.113404 0.123548 0.132601 0.142026 0.000001 0.000001 0.000001 0.054904 0.072413 0.000001 0.000001 0.098532 0.000001 0.000001 0.000001 0.000001 0.000001 0.000001 0.081017 0.000001 0.024116 0.000001 0.131798 

0.949525 0.000001 0.008178 0.248141 0.000001 0.000001 0.000001 0.008319 0.031816 0.057324 0.033628 0.055776 0.000001 0.014410 0.012267 0.000001 0.282350 0.004089 0.000001 0.018706 0.000001 0.001361 0.000001 0.000001 0.000001 0.000001 0.009734 0.000001 0.004131 0.203144 0.006624 
0.050475 0.033533 0.000001 0.000001 0.000001 0.000001 0.000001 0.000001 0.000001 0.000001 0.000001 0.000001 0.000001 0.078317 0.000001 0.000001 0.000001 0.000001 0.000001 0.000001 0.000001 0.000001 0.000001 0.000001 0.000001 0.000001 0.000001 0.000001 0.195079 0.693068 0.000001 

1.000000 0.293874 0.000001 0.000001 0.055872 0.000001 0.111743 0.000001 0.000001 0.000001 0.000001 0.000001 0.000001 0.025296 0.000001 0.000001 0.000001 0.000001 0.158924 0.000001 0.000001 0.250803 0.000001 0.000001 0.000001 0.000001 0.000001 0.000001 0.050185 0.053303 0.000001 
0.000001 0.022882 0.057514 0.038961 0.054422 0.057514 0.001237 0.003092 0.016698 0.060606 0.012987 0.055659 0.009895 0.048237 0.047001 0.057514 0.036487 0.004947 0.038343 0.000618 0.013605 0.025974 0.060606 0.022263 0.006184 0.058132 0.025356 0.047619 0.032158 0.025974 0.057514 

0.889252 0.168844 0.000001 0.000001 0.573368 0.000001 0.000001 0.000001 0.000001 0.000001 0.000001 0.000001 0.000001 0.156487 0.000001 0.000001 0.000001 0.000001 0.026634 0.000001 0.000001 0.008140 0.000001 0.000001 0.000001 0.000001 0.000001 0.000001 0.006336 0.060191 0.000001 
0.110748 0.000001 0.000001 0.000001 0.355314 0.000001 0.066237 0.000001 0.000001 0.000001 0.000001 0.000001 0.000001 0.000001 0.116081 0.000001 0.000001 0.000001 0.316122 0.000001 0.000001 0.145896 0.000001 0.000348 0.000001 0.000001 0.000001 0.000001 0.000001 0.000001 0.000001 

0.889710 0.000001 0.000001 0.000001 0.068874 0.000001 0.062900 0.000001 0.000001 0.000001 0.000001 0.000001 0.000001 0.000001 0.000001 0.000001 0.000001 0.000001 0.685374 0.000001 0.000001 0.167306 0.000001 0.000001 0.002927 0.000001 0.000001 0.000001 0.000001 0.012618 0.000001 
0.110290 0.046908 0.000001 0.000001 0.332729 0.014520 0.267928 0.000001 0.000001 0.000001 0.000001 0.000001 0.000001 0.000001 0.193220 0.025956 0.000001 0.000001 0.001088 0.000001 0.000001 0.117641 0.000001 0.000001 0.000001 0.000001 0.000001 0.000001 0.000001 0.000009 0.000001 

0.898607 0.067388 0.000001 0.000001 0.393316 0.010817 0.064166 0.000001 0.000001 0.017359 0.000001 0.000001 0.000001 0.034705 0.037429 0.000001 0.000001 0.000001 0.169715 0.000001 0.000001 0.097015 0.000001 0.029527 0.028811 0.000001 0.000001 0.000001 0.023191 0.026562 0.000001 
0.101393 0.025765 0.000001 0.000001 0.000001 0.309099 0.000001 0.000001 0.000001 0.000001 0.000001 0.000001 0.000001 0.000001 0.000001 0.000001 0.000001 0.000001 0.000001 0.000001 0.000001 0.000001 0.000001 0.604135 0.060999 0.000001 0.000001 0.000001 0.000001 0.000001 0.000001 

0.948711 0.000001 0.002772 0.003254 0.000001 0.114556 0.001386 0.001386 0.124727 0.000001 0.003016 0.035196 0.000001 0.000001 0.001386 0.095631 0.008671 0.006476 0.000001 0.245358 0.001386 0.001392 0.000001 0.008621 0.117469 0.000001 0.000001 0.000001 0.001386 0.002772 0.223157 
0.051289 0.025641 0.051282 0.109929 0.000001 0.000001 0.000001 0.000001 0.000001 0.000001 0.078221 0.617136 0.000001 0.000001 0.000001 0.000001 0.070515 0.021589 0.000001 0.000001 0.000001 0.000001 0.000001 0.000001 0.000001 0.025685 0.000001 0.000001 0.000001 0.000001 0.000001 

0.958030 0.000001 0.000001 0.059946 0.001390 0.000001 0.000001 0.135921 0.001149 0.141209 0.062651 0.171351 0.000001 0.220102 0.000001 0.000001 0.024714 0.011779 0.000001 0.000001 0.000001 0.000001 0.004493 0.000001 0.000001 0.029204 0.001123 0.104468 0.006407 0.021828 0.002264 
0.041970 0.000001 0.000001 0.000001 0.000001 0.000001 0.000001 0.000001 0.000001 0.200722 0.000001 0.000001 0.000001 0.700490 0.023243 0.000001 0.025471 0.000001 0.000001 0.000001 0.000001 0.000001 0.000001 0.000001 0.000001 0.000001 0.000001 0.000001 0.000002 0.050072 0.000001 

1.000000 0.113910 0.000001 0.000001 0.387239 0.000001 0.017752 0.000001 0.000001 0.025835 0.000001 0.000001 0.000001 0.073583 0.001617 0.000001 0.000001 0.000001 0.082844 0.000001 0.000001 0.048819 0.000001 0.001479 0.000001 0.000001 0.000001 0.000001 0.243052 0.003870 0.000001 
0.000001 0.022882 0.057514 0.038961 0.054422 0.057514 0.001237 0.003092 0.016698 0.060606 0.012987 0.055659 0.009895 0.048237 0.047001 0.057514 0.036487 0.004947 0.038343 0.000618 0.013605 0.025974 0.060606 0.022263 0.006184 0.058132 0.025356 0.047619 0.032158 0.025974 0.057514 
