0.071428 0.344827 -1.351941 -0.727602 -0.150907 -0.090053 -0.416989 -0.248837 0.352147 1.366542 0.352147 1.366542 0.441020 0.538024
0.089287 0.344827 -1.294041 -0.727602 -0.144444 -0.090053 -0.399131 -0.248837 0.356199 1.317428 0.004052 -0.049114 0.424174 0.557482
0.089287 0.413792 -1.294041 -0.525947 -0.144444 -0.065095 -0.399131 -0.179872 0.423315 1.358278 0.419264 1.407391 0.406047 0.423401
0.125001 0.586208 -1.178250 -0.021800 -0.131519 -0.002698 -0.363417 -0.007456 0.599387 1.360706 0.180124 -0.046685 0.376344 0.020512
0.125001 0.620693 -1.178250 0.079035 -0.131519 0.009782 -0.363417 0.027030 0.633155 1.372065 0.453031 1.418750 0.386741 -0.074240
0.125001 0.689659 -1.178250 0.280691 -0.131519 0.034740 -0.363417 0.095995 0.700895 1.391492 0.247864 -0.027258 0.415415 -0.258248
0.107143 0.724139 -1.236150 0.381511 -0.137982 0.047218 -0.381275 0.130475 0.732022 1.423903 0.484158 1.451161 0.448258 -0.329716
0.053573 0.724139 -1.409831 0.381511 -0.157369 0.047218 -0.434845 0.130475 0.726118 1.496950 0.241959 0.045788 0.494626 -0.291502
0.000000 0.586208 -1.583522 -0.021800 -0.176756 -0.002698 -0.488418 -0.007456 0.586208 1.570796 0.344249 1.525008 0.498111 0.015264
0.000000 0.517243 -1.583522 -0.223456 -0.176756 -0.027656 -0.488418 -0.076421 0.517243 1.570796 0.172994 0.045788 0.489268 0.155208
0.017858 0.310347 -1.525622 -0.828423 -0.170294 -0.102531 -0.470559 -0.283317 0.310860 1.513316 0.137866 1.467528 0.503126 0.541952
0.142859 0.103451 -1.120351 -1.433389 -0.125056 -0.177406 -0.345558 -0.490213 0.176383 0.626746 0.038517 -0.840782 0.517311 0.956780
0.285716 0.000000 -0.657188 -1.735880 -0.073357 -0.214844 -0.202702 -0.593664 0.285716 0.000000 0.247199 0.840782 0.528810 1.241766
0.357145 0.000000 -0.425607 -1.735880 -0.047507 -0.214844 -0.131273 -0.593664 0.357145 0.000000 0.109945 -0.840782 0.505751 1.353174
0.446429 0.034485 -0.136134 -1.635045 -0.015196 -0.202364 -0.041989 -0.559178 0.447759 0.077094 0.337814 0.917876 0.455870 1.495846
0.500001 0.241381 0.037556 -1.030078 0.004192 -0.127490 0.011584 -0.352282 0.555217 0.449762 0.217404 -0.468114 0.247308 -1.537926
0.517857 0.379312 0.095447 -0.626767 0.010654 -0.077573 0.029439 -0.214352 0.641914 0.632184 0.424510 1.100298 0.113008 -1.434309
0.535716 0.586208 0.153346 -0.021800 0.017117 -0.002698 0.047298 -0.007456 0.794123 0.830373 0.369613 -0.269925 0.108628 -0.156344
0.517857 0.793104 0.095447 0.583167 0.010654 0.072177 0.029439 0.199440 0.947201 0.992350 0.577589 1.262275 0.306105 1.424245
0.482143 0.896555 -0.020344 0.885658 -0.002271 0.109615 -0.006275 0.302891 1.017974 1.077389 0.440386 -0.184886 0.408185 -1.550083
0.482143 0.931035 -0.020344 0.986478 -0.002271 0.122093 -0.006275 0.337371 1.048469 1.092965 0.608083 1.277851 0.442661 -1.552199
0.482143 1.000000 -0.020344 1.188133 -0.002271 0.147052 -0.006275 0.406336 1.110163 1.121536 0.502080 -0.156315 0.511621 -1.555355
0.517857 1.000000 0.095447 1.188133 0.010654 0.147052 0.029439 0.406336 1.126133 1.092965 0.624053 1.249280 0.512429 1.498472
0.589285 1.000000 0.327028 1.188133 0.036504 0.147052 0.100868 0.406336 1.160714 1.038292 0.536661 -0.210988 0.521431 1.327478
0.642858 1.000000 0.500718 1.188133 0.055891 0.147052 0.154440 0.406336 1.188809 0.999458 0.652148 1.210446 0.534386 1.207579
0.750001 1.000000 0.848090 1.188133 0.094666 0.147052 0.261583 0.406336 1.250000 0.927295 0.597852 -0.283151 0.574580 0.998821
0.839287 1.000000 1.137571 1.188133 0.126978 0.147052 0.350870 0.406336 1.305528 0.872554 0.707676 1.155706 0.620343 0.858519
0.910716 0.931035 1.369153 0.986478 0.152828 0.122093 0.422298 0.337371 1.302394 0.796430 0.594718 -0.359276 0.611756 0.674066
0.928572 0.896555 1.427043 0.885658 0.159290 0.109615 0.440154 0.302891 1.290758 0.767858 0.696040 1.127133 0.600259 0.602727
0.964286 0.689659 1.542834 0.280691 0.172215 0.034740 0.475868 0.095995 1.185528 0.620856 0.489488 -0.506278 0.516670 0.199055
0.982144 0.482757 1.600734 -0.324291 0.178678 -0.040136 0.493727 -0.110906 1.094377 0.456852 0.604890 0.963130 0.493759 -0.220963
0.928572 0.344827 1.427043 -0.727602 0.159290 -0.090053 0.440154 -0.248837 0.990531 0.355568 0.385641 -0.607561 0.462984 -0.514545
0.875002 0.310347 1.253362 -0.828423 0.139903 -0.102531 0.386584 -0.283317 0.928409 0.340839 0.542768 0.948400 0.425625 -0.632449
0.821429 0.413792 1.079672 -0.525947 0.120515 -0.065095 0.333011 -0.179872 0.919766 0.466640 0.376998 -0.481760 0.341270 -0.495239
0.821429 0.517243 1.079672 -0.223456 0.120515 -0.027656 0.333011 -0.076421 0.970714 0.561962 0.593716 1.043722 0.334257 -0.225579
0.946430 0.758624 1.484943 0.482346 0.165753 0.059698 0.458012 0.164960 1.212947 0.675694 0.619231 -0.368029 0.531777 0.345702
1.000000 0.793104 1.658625 0.583167 0.185140 0.072177 0.511582 0.199440 1.276328 0.670522 0.657097 1.038550 0.595441 0.371726
