0.200000 0.810813 -0.825534 0.401697 -0.057702 0.032655 -0.228476 0.129301 0.835116 1.328958 0.835116 1.328958 0.445402 -0.514990
0.200000 0.837838 -0.825534 0.485655 -0.057702 0.039481 -0.228476 0.156326 0.861379 1.336471 0.026263 0.007514 0.468805 -0.600051
0.188237 0.837838 -0.868039 0.485655 -0.060673 0.039481 -0.240240 0.156326 0.858723 1.349797 0.832461 1.342283 0.474650 -0.576873
0.176471 0.864867 -0.910551 0.569625 -0.063645 0.046307 -0.252005 0.183355 0.882688 1.369515 0.050227 0.027232 0.503928 -0.629000
0.164707 0.864867 -0.953056 0.569625 -0.066616 0.046307 -0.263769 0.183355 0.880411 1.382608 0.830184 1.355375 0.509913 -0.607453
0.141176 0.864867 -1.038079 0.569625 -0.072559 0.046307 -0.287300 0.183355 0.876314 1.408989 0.046130 0.053614 0.522473 -0.568035
0.129412 0.837838 -1.080584 0.485655 -0.075530 0.039481 -0.299064 0.156326 0.847774 1.417548 0.801644 1.363934 0.506968 -0.481656
0.117647 0.810813 -1.123096 0.401697 -0.078501 0.032655 -0.310830 0.129301 0.819304 1.426705 0.017660 0.062771 0.492744 -0.394212
0.105883 0.783784 -1.165601 0.317726 -0.081472 0.025829 -0.322593 0.102272 0.790904 1.436517 0.773244 1.373746 0.479906 -0.307007
0.094117 0.702705 -1.208113 0.065840 -0.084443 0.005352 -0.334359 0.021193 0.708980 1.437653 -0.064264 0.063907 0.432432 -0.063300
0.094117 0.648651 -1.208113 -0.102088 -0.084443 -0.008299 -0.334359 -0.032861 0.655444 1.426705 0.719708 1.362798 0.400341 0.097965
0.094117 0.594597 -1.208113 -0.270016 -0.084443 -0.021951 -0.334359 -0.086915 0.602000 1.413811 -0.117708 0.051013 0.373353 0.254316
0.105883 0.540544 -1.165601 -0.437945 -0.081472 -0.035602 -0.322593 -0.140969 0.550816 1.377363 0.668524 1.326350 0.341505 0.411979
0.129412 0.513515 -1.080584 -0.521915 -0.075530 -0.042428 -0.299064 -0.167998 0.529570 1.323924 -0.138954 -0.002426 0.310919 0.511816
0.152942 0.513515 -0.995568 -0.521915 -0.069587 -0.042428 -0.275535 -0.167998 0.535806 1.281329 0.674760 1.283755 0.288359 0.547532
0.200000 0.513515 -0.825534 -0.521915 -0.057702 -0.042428 -0.228476 -0.167998 0.551087 1.199397 -0.123672 -0.084358 0.243788 0.634025
0.223530 0.540544 -0.740517 -0.437945 -0.051760 -0.035602 -0.204947 -0.140969 0.584938 1.178683 0.708611 1.263040 0.233585 0.602512
0.235295 0.567568 -0.698006 -0.353987 -0.048789 -0.028777 -0.193181 -0.113944 0.614409 1.177795 -0.094202 -0.085245 0.238045 0.532907
0.247059 0.621622 -0.655501 -0.186058 -0.045818 -0.015125 -0.181417 -0.059890 0.668919 1.192497 0.763121 1.277742 0.264986 0.318857
0.258825 0.675676 -0.612989 -0.018130 -0.042846 -0.001474 -0.169652 -0.005836 0.723553 1.204978 -0.039568 -0.072764 0.299816 0.034385
0.258825 0.756759 -0.612989 0.233769 -0.042846 0.019004 -0.169652 0.075247 0.799797 1.241251 0.839365 1.314015 0.369529 -0.417468
0.258825 0.783784 -0.612989 0.317726 -0.042846 0.025829 -0.169652 0.102272 0.825414 1.251846 -0.013951 -0.062168 0.393733 -0.542502
0.258825 0.837838 -0.612989 0.485655 -0.042846 0.039481 -0.169652 0.156326 0.876905 1.271177 0.890857 1.333345 0.443124 -0.744542
0.247059 0.864867 -0.655501 0.569625 -0.045818 0.046307 -0.181417 0.183355 0.899463 1.292546 0.008606 -0.040799 0.472598 -0.790710
0.235295 0.864867 -0.698006 0.569625 -0.048789 0.046307 -0.193181 0.183355 0.896303 1.305166 0.887697 1.345965 0.477238 -0.759308
0.200000 0.891892 -0.825534 0.653583 -0.057702 0.053132 -0.228476 0.210380 0.914041 1.350203 0.026345 0.004238 0.516677 -0.744187
0.176471 0.891892 -0.910551 0.653583 -0.063645 0.053132 -0.252005 0.210380 0.909183 1.375458 0.882838 1.371220 0.527504 -0.695617
0.129412 0.891892 -1.080584 0.653583 -0.075530 0.053132 -0.299064 0.210380 0.901232 1.426703 0.018394 0.055483 0.551537 -0.613045
0.117647 0.891892 -1.123096 0.653583 -0.078501 0.053132 -0.310830 0.210380 0.899618 1.439647 0.881224 1.384163 0.558005 -0.595008
0.094117 0.864867 -1.208113 0.569625 -0.084443 0.046307 -0.334359 0.183355 0.869973 1.462400 -0.011251 0.078236 0.549757 -0.501597
0.070588 0.837838 -1.293129 0.485655 -0.090386 0.039481 -0.357888 0.156326 0.840806 1.486745 0.852057 1.408508 0.543747 -0.411824
0.058824 0.810813 -1.335635 0.401697 -0.093357 0.032655 -0.369652 0.129301 0.812944 1.498374 -0.039113 0.089865 0.531812 -0.336489
0.023529 0.675676 -1.463163 -0.018130 -0.102271 -0.001474 -0.404947 -0.005836 0.676086 1.535987 0.715199 1.446122 0.474436 0.014410
0.011766 0.621622 -1.505668 -0.186058 -0.105242 -0.015125 -0.416711 -0.059890 0.621734 1.551871 -0.093465 0.105750 0.459296 0.142743
0.000000 0.459461 -1.548180 -0.689843 -0.108213 -0.056080 -0.428476 -0.222052 0.459461 1.570796 0.552926 1.465047 0.429595 0.478129
0.000000 0.378378 -1.548180 -0.941742 -0.108213 -0.076558 -0.428476 -0.303135 0.378378 1.570796 -0.174548 0.105750 0.431395 0.615723
0.011766 0.243245 -1.505668 -1.361557 -0.105242 -0.110686 -0.416711 -0.438267 0.243529 1.522465 0.418077 1.416715 0.456025 0.810606
0.023529 0.189191 -1.463163 -1.529485 -0.102271 -0.124337 -0.404947 -0.492321 0.190648 1.447063 -0.227429 0.030348 0.470361 0.882470
0.047059 0.135137 -1.378146 -1.697413 -0.096328 -0.137989 -0.381418 -0.546375 0.143096 1.235699 0.370525 1.205351 0.481173 0.961355
0.070588 0.108108 -1.293129 -1.781384 -0.090386 -0.144815 -0.357888 -0.573404 0.129112 0.992357 -0.241413 -0.212995 0.480333 1.012811
0.129412 0.027029 -1.080584 -2.033270 -0.075530 -0.165292 -0.299064 -0.654483 0.132205 0.205900 0.373618 0.418894 0.500599 1.142180
0.176471 0.000000 -0.910551 -2.117240 -0.063645 -0.172118 -0.252005 -0.681512 0.176471 0.000000 -0.197147 -0.418894 0.497090 1.216615
0.223530 0.000000 -0.740517 -2.117240 -0.051760 -0.172118 -0.204947 -0.681512 0.223530 0.000000 0.420676 0.418894 0.474968 1.278676
0.317647 0.000000 -0.400450 -2.117240 -0.027990 -0.172118 -0.110829 -0.681512 0.317647 0.000000 -0.103029 -0.418894 0.442578 1.409585
0.400001 0.054054 -0.102889 -1.949312 -0.007192 -0.158467 -0.028476 -0.627458 0.403636 0.134321 0.506666 0.553215 0.375504 1.525445
0.435294 0.108108 0.024633 -1.781384 0.001722 -0.144815 0.006818 -0.573404 0.448518 0.243431 -0.058148 -0.309784 0.320441 -1.558907
0.458823 0.162162 0.109650 -1.613455 0.007664 -0.131164 0.030347 -0.519350 0.486637 0.339727 0.544785 0.649511 0.268038 -1.512430
0.494118 0.270270 0.237178 -1.277599 0.016578 -0.103861 0.065642 -0.411242 0.563204 0.500517 0.018419 -0.148995 0.171284 -1.412513
0.505882 0.324324 0.279683 -1.109670 0.019549 -0.090209 0.077406 -0.357189 0.600918 0.570097 0.582499 0.719092 0.129767 -1.357388
0.517647 0.432432 0.322195 -0.773814 0.022520 -0.062906 0.089171 -0.249081 0.674504 0.695944 0.092005 -0.023148 0.089259 -1.227011
0.529413 0.513515 0.364707 -0.521915 0.025492 -0.042428 0.100937 -0.167998 0.737547 0.770155 0.645542 0.793303 0.131984 -1.029773
0.529413 0.594597 0.364707 -0.270016 0.025492 -0.021951 0.100937 -0.086915 0.796131 0.843326 0.150589 0.050023 0.194382 -0.710892
0.517647 0.648651 0.322195 -0.102088 0.022520 -0.008299 0.089171 -0.032861 0.829884 0.897254 0.679295 0.847231 0.237547 -0.353072
0.517647 0.702705 0.322195 0.065840 0.022520 0.005352 0.089171 0.021193 0.872785 0.935895 0.193490 0.088664 0.288363 0.233339
0.505882 0.756759 0.279683 0.233769 0.019549 0.019004 0.077406 0.075247 0.910275 0.981536 0.716785 0.892872 0.337285 0.771259
0.494118 0.810813 0.237178 0.401697 0.016578 0.032655 0.065642 0.129301 0.949511 1.023486 0.232726 0.130614 0.387931 1.101034
0.494118 0.837838 0.237178 0.485655 0.016578 0.039481 0.065642 0.156326 0.972690 1.037945 0.739964 0.907331 0.414591 1.173251
0.494118 0.864867 0.237178 0.569625 0.016578 0.046307 0.065642 0.183355 0.996066 1.051730 0.256102 0.144399 0.441300 1.227009
0.494118 0.891892 0.237178 0.653583 0.016578 0.053132 0.065642 0.210380 1.019620 1.064879 0.763517 0.920480 0.468042 1.268353
0.505882 0.918921 0.279683 0.737554 0.019549 0.059958 0.077406 0.237409 1.048967 1.067556 0.285450 0.147076 0.496516 1.255621
0.529413 0.918921 0.364707 0.737554 0.025492 0.059958 0.100937 0.237409 1.060516 1.048117 0.775066 0.901041 0.500724 1.168790
0.564706 0.945946 0.492229 0.821511 0.034405 0.066784 0.136230 0.264434 1.101684 1.032604 0.326618 0.131563 0.535101 1.095082
0.588236 0.945946 0.577245 0.821511 0.040348 0.066784 0.159759 0.264434 1.113928 1.014466 0.787310 0.882903 0.541570 1.027327
0.647060 0.972975 0.789790 0.905482 0.055204 0.073610 0.218583 0.291463 1.168489 0.983926 0.381179 0.101023 0.586735 0.927325
0.717648 0.972975 1.044841 0.905482 0.073031 0.073610 0.289171 0.291463 1.209007 0.935291 0.827828 0.834268 0.616522 0.789344
0.741177 1.000000 1.129857 0.989440 0.078974 0.080435 0.312701 0.318488 1.244726 0.932966 0.416898 0.098698 0.651476 0.794566
0.811765 1.000000 1.384908 0.989440 0.096801 0.080435 0.383289 0.318488 1.288007 0.888923 0.871109 0.790225 0.688149 0.693321
0.870589 0.972975 1.597453 0.905482 0.111657 0.073610 0.442113 0.291463 1.305606 0.840878 0.434496 0.050653 0.701386 0.582850
0.894119 0.972975 1.682469 0.905482 0.117600 0.073610 0.465642 0.291463 1.321412 0.827608 0.886915 0.776955 0.716451 0.559273
0.941178 0.945946 1.852503 0.821511 0.129484 0.066784 0.512701 0.264434 1.334402 0.787925 0.447487 0.010970 0.728449 0.476181
0.976471 0.918921 1.980025 0.737554 0.138398 0.059958 0.547994 0.237409 1.340862 0.755045 0.893375 0.744074 0.735414 0.408823
1.000000 0.864867 2.065041 0.569625 0.144340 0.046307 0.571524 0.183355 1.322118 0.713062 0.428743 -0.031012 0.719080 0.310445
1.000000 0.837838 2.065041 0.485655 0.144340 0.039481 0.571524 0.156326 1.304597 0.697391 0.875854 0.728403 0.703005 0.266994
1.000000 0.783784 2.065041 0.317726 0.144340 0.025829 0.571524 0.102272 1.270558 0.664775 0.394704 -0.063628 0.672966 0.177072
0.976471 0.729730 1.980025 0.149798 0.138398 0.012178 0.547994 0.048218 1.219016 0.641780 0.824313 0.705408 0.625341 0.087764
0.952941 0.675676 1.895008 -0.018130 0.132455 -0.001474 0.524465 -0.005836 1.168176 0.616769 0.343864 -0.088639 0.579803 -0.011127
0.905883 0.648651 1.724974 -0.102088 0.120571 -0.008299 0.477406 -0.032861 1.114169 0.621412 0.770305 0.710051 0.525732 -0.068724
0.882353 0.621622 1.639958 -0.186058 0.114628 -0.015125 0.453877 -0.059890 1.079334 0.613743 0.309029 -0.096308 0.493264 -0.131194
0.847058 0.621622 1.512429 -0.186058 0.105714 -0.015125 0.418582 -0.059890 1.050677 0.633091 0.741648 0.729400 0.460995 -0.142113
0.823529 0.675676 1.427413 -0.018130 0.099772 -0.001474 0.395053 -0.005836 1.065241 0.687095 0.323593 -0.042304 0.466020 -0.014771
0.811765 0.729730 1.384908 0.149798 0.096801 0.012178 0.383289 0.048218 1.091544 0.732231 0.767952 0.774535 0.487508 0.125143
0.811765 0.783784 1.384908 0.317726 0.096801 0.025829 0.383289 0.102272 1.128397 0.767863 0.360446 -0.006672 0.522641 0.260753
0.811765 0.837838 1.384908 0.485655 0.096801 0.039481 0.383289 0.156326 1.166591 0.801202 0.806146 0.807874 0.560792 0.387259
0.835295 0.891892 1.469924 0.653583 0.102743 0.053132 0.406818 0.210380 1.221961 0.818155 0.415815 0.010281 0.616648 0.477261
0.847058 0.918921 1.512429 0.737554 0.105714 0.059958 0.418582 0.237409 1.249770 0.826069 0.833954 0.815788 0.644784 0.515933
0.870589 0.945946 1.597453 0.821511 0.111657 0.066784 0.442113 0.264434 1.285589 0.826858 0.451635 0.011070 0.680617 0.539031
0.870589 0.972975 1.597453 0.905482 0.111657 0.073610 0.442113 0.291463 1.305606 0.840878 0.853971 0.829808 0.701386 0.582850
0.882353 1.000000 1.639958 0.989440 0.114628 0.080435 0.453877 0.318488 1.333622 0.847817 0.479651 0.018009 0.729824 0.611869
