0.089284 0.531248 -1.330246 -0.281147 -0.110026 -0.027095 -0.378686 -0.093256 0.538698 1.404287 0.538698 1.404287 0.383936 0.241458
0.089284 0.500000 -1.330246 -0.375351 -0.110026 -0.036174 -0.378686 -0.124504 0.507909 1.394091 -0.030789 -0.010197 0.380038 0.317646
0.107143 0.500000 -1.267513 -0.375351 -0.104837 -0.036174 -0.360827 -0.124504 0.511351 1.359704 0.542140 1.369900 0.362246 0.332259
0.142857 0.500000 -1.142057 -0.375351 -0.094460 -0.036174 -0.325113 -0.124504 0.520008 1.292497 -0.022132 -0.077403 0.326687 0.365727
0.160715 0.500000 -1.079324 -0.375351 -0.089272 -0.036174 -0.307255 -0.124504 0.525195 1.259796 0.547327 1.337199 0.308920 0.384993
0.196429 0.593748 -0.953867 -0.092723 -0.078895 -0.008936 -0.271541 -0.030756 0.625396 1.251301 0.078070 -0.085899 0.299256 0.112785
0.196429 0.625000 -0.953867 0.001496 -0.078895 0.000144 -0.271541 0.000496 0.655141 1.266284 0.577071 1.352183 0.313676 -0.001827
0.196429 0.687500 -0.953867 0.189919 -0.078895 0.018303 -0.271541 0.062996 0.715011 1.292496 0.137940 -0.059687 0.349182 -0.227962
0.196429 0.750000 -0.953867 0.378342 -0.078895 0.036462 -0.271541 0.125496 0.775296 1.314644 0.637356 1.374331 0.391504 -0.432923
0.178571 0.781252 -1.016600 0.472561 -0.084084 0.045543 -0.289399 0.156748 0.801401 1.346086 0.164044 -0.028245 0.426495 -0.496398
0.142857 0.812500 -1.142057 0.566766 -0.094460 0.054622 -0.325113 0.187996 0.824963 1.396752 0.660919 1.424997 0.473708 -0.524272
0.107143 0.812500 -1.267513 0.566766 -0.104837 0.054622 -0.360827 0.187996 0.819534 1.439685 0.158615 0.014689 0.498896 -0.480317
0.089284 0.781252 -1.330246 0.472561 -0.110026 0.045543 -0.378686 0.156748 0.786338 1.457007 0.627723 1.442318 0.491476 -0.392455
0.053570 0.718752 -1.455703 0.284138 -0.120402 0.027384 -0.414400 0.094248 0.720746 1.496402 0.093023 0.054084 0.484375 -0.223629
0.035714 0.625000 -1.518427 0.001496 -0.125590 0.000144 -0.432256 0.000496 0.626020 1.513716 0.532996 1.459632 0.459895 -0.001148
0.017856 0.531248 -1.581160 -0.281147 -0.130779 -0.027095 -0.450114 -0.093256 0.531548 1.537198 -0.001449 0.077566 0.454540 0.204293
0.000000 0.437500 -1.643883 -0.563775 -0.135967 -0.054333 -0.467970 -0.187004 0.437500 1.570796 0.438949 1.493230 0.468961 0.380167
0.000000 0.343748 -1.643883 -0.846417 -0.135967 -0.081573 -0.467970 -0.280756 0.343748 1.570796 -0.095201 0.077566 0.484177 0.540379
0.017856 0.250000 -1.581160 -1.129045 -0.130779 -0.108811 -0.450114 -0.374504 0.250637 1.499494 0.345838 1.421928 0.500114 0.693962
0.053570 0.187500 -1.455703 -1.317468 -0.120402 -0.126970 -0.414400 -0.437004 0.195003 1.292504 -0.150835 -0.129424 0.500391 0.811941
0.089284 0.125000 -1.330246 -1.505892 -0.110026 -0.145129 -0.378686 -0.499504 0.153612 0.950555 0.304447 1.079979 0.510912 0.922116
0.124998 0.062500 -1.204790 -1.694315 -0.099649 -0.163288 -0.342972 -0.562004 0.139753 0.463653 -0.164695 -0.616326 0.531070 1.022863
0.178571 0.031248 -1.016600 -1.788534 -0.084084 -0.172368 -0.289399 -0.593256 0.181284 0.173233 0.345979 0.789560 0.523907 1.116944
0.303572 0.000000 -0.577497 -1.882739 -0.047765 -0.181447 -0.164398 -0.624504 0.303572 0.000000 -0.042407 -0.789560 0.496007 1.313390
0.357142 0.062500 -0.389317 -1.694315 -0.032201 -0.163288 -0.110828 -0.562004 0.362569 0.173246 0.404977 0.962806 0.420344 1.376093
0.410715 0.156248 -0.201127 -1.411687 -0.016635 -0.136050 -0.057256 -0.468256 0.439431 0.363522 0.034455 -0.599284 0.316937 1.449126
0.446429 0.250000 -0.075670 -1.129045 -0.006259 -0.108811 -0.021541 -0.374504 0.511663 0.510488 0.477208 1.109772 0.219032 1.513340
0.464284 0.375000 -0.012947 -0.752198 -0.001071 -0.072492 -0.003686 -0.249504 0.596812 0.679415 0.119604 -0.430357 0.093043 1.556026
0.464284 0.500000 -0.012947 -0.375351 -0.001071 -0.036174 -0.003686 -0.124504 0.682320 0.822420 0.562715 1.252777 0.032241 1.541203
0.464284 0.687500 -0.012947 0.189919 -0.001071 0.018303 -0.003686 0.062996 0.829588 0.976825 0.266873 -0.275952 0.219561 -1.512358
0.464284 0.750000 -0.012947 0.378342 -0.001071 0.036462 -0.003686 0.125496 0.882077 1.016490 0.615204 1.292442 0.282054 -1.541437
0.446429 0.812500 -0.075670 0.566766 -0.006259 0.054622 -0.021541 0.187996 0.927068 1.068375 0.311864 -0.224067 0.345203 -1.456710
0.446429 0.843752 -0.075670 0.660985 -0.006259 0.063702 -0.021541 0.219248 0.954577 1.084141 0.642713 1.308208 0.376399 -1.472860
0.428570 0.875000 -0.138403 0.755189 -0.011447 0.072781 -0.039400 0.250496 0.974319 1.115346 0.331606 -0.192862 0.408932 -1.414787
0.428570 0.906252 -0.138403 0.849408 -0.011447 0.081861 -0.039400 0.281748 1.002480 1.129060 0.670874 1.321922 0.440050 -1.431857
0.410715 0.906252 -0.201127 0.849408 -0.016635 0.081861 -0.057256 0.281748 0.994977 1.145284 0.324103 -0.176638 0.442006 -1.370311
0.410715 0.937500 -0.201127 0.943613 -0.016635 0.090940 -0.057256 0.312996 1.023520 1.157886 0.699416 1.334524 0.473008 -1.389869
0.446429 0.937500 -0.075670 0.943613 -0.006259 0.090940 -0.021541 0.312996 1.038366 1.126377 0.338950 -0.208147 0.470024 -1.502082
0.482143 0.937500 0.049786 0.943613 0.004118 0.090940 0.014173 0.312996 1.054214 1.095786 0.715264 1.303933 0.469744 1.525546
0.535713 0.968752 0.237967 1.037831 0.019682 0.100020 0.067743 0.344248 1.107009 1.065658 0.391745 -0.238274 0.505343 1.376494
0.589285 0.968752 0.426156 1.037831 0.035248 0.100020 0.121315 0.344248 1.133904 1.024301 0.742159 1.262575 0.515267 1.231979
0.642855 1.000000 0.614337 1.132036 0.050812 0.109099 0.174885 0.375496 1.188807 0.999460 0.446648 -0.263115 0.560036 1.134926
0.696428 1.000000 0.802526 1.132036 0.066378 0.109099 0.228458 0.375496 1.218611 0.962472 0.771963 1.225587 0.579007 1.024211
0.803571 1.000000 1.178896 1.132036 0.097507 0.109099 0.335601 0.375496 1.282858 0.893882 0.510896 -0.331705 0.629034 0.841444
0.839285 1.000000 1.304353 1.132036 0.107884 0.109099 0.371315 0.375496 1.305526 0.872556 0.794630 1.204261 0.648792 0.790997
0.874999 0.937500 1.429810 0.943613 0.118261 0.090940 0.407029 0.312996 1.282392 0.819868 0.487762 -0.384393 0.621394 0.655536
0.910713 0.906252 1.555266 0.849408 0.128637 0.081861 0.442743 0.281748 1.284793 0.782943 0.797031 1.167336 0.622987 0.566734
0.946427 0.812500 1.680723 0.566766 0.139014 0.054622 0.478457 0.187996 1.247350 0.709403 0.450319 -0.457933 0.589595 0.374389
1.000000 0.656248 1.868913 0.095700 0.154579 0.009223 0.532030 0.031744 1.196102 0.580755 0.745784 1.038688 0.564362 0.059595
1.000000 0.562500 1.868913 -0.186928 0.154579 -0.018015 0.532030 -0.062004 1.147347 0.512389 0.401564 -0.526298 0.540363 -0.116019
1.000000 0.500000 1.868913 -0.375351 0.154579 -0.036174 0.532030 -0.124504 1.118034 0.463648 0.716470 0.989946 0.532993 -0.229880
0.982142 0.406248 1.806180 -0.657994 0.149391 -0.063414 0.514172 -0.218256 1.062845 0.392205 0.346375 -0.597741 0.517863 -0.401431
0.964286 0.375000 1.743456 -0.752198 0.144203 -0.072492 0.496316 -0.249504 1.034636 0.370891 0.688262 0.968632 0.504948 -0.465815
0.928572 0.375000 1.617999 -0.752198 0.133826 -0.072492 0.460602 -0.249504 1.001434 0.383818 0.313173 -0.584815 0.469891 -0.496442
0.892857 0.375000 1.492543 -0.752198 0.123449 -0.072492 0.424887 -0.249504 0.968411 0.397628 0.655238 0.982443 0.434940 -0.530972
0.857143 0.437500 1.367086 -0.563775 0.113073 -0.054333 0.389173 -0.187004 0.962341 0.471946 0.307103 -0.510497 0.390364 -0.447939
0.821429 0.531248 1.241629 -0.281147 0.102696 -0.027095 0.353459 -0.093256 0.978248 0.574077 0.671145 1.084574 0.359078 -0.257961
0.803571 0.593748 1.178896 -0.092723 0.097507 -0.008936 0.335601 -0.030756 0.999131 0.636351 0.327985 -0.448223 0.358396 -0.091390
0.803571 0.656248 1.178896 0.095700 0.097507 0.009223 0.335601 0.031744 1.037491 0.684820 0.709505 1.133043 0.384807 0.094307
0.785715 0.812500 1.116173 0.566766 0.092320 0.054622 0.317745 0.187996 1.130267 0.802156 0.420762 -0.330887 0.468682 0.534263
0.803571 0.875000 1.178896 0.755189 0.097507 0.072781 0.335601 0.250496 1.188003 0.827926 0.767241 1.158814 0.527543 0.641200
0.821429 0.968752 1.241629 1.037831 0.102696 0.100020 0.353459 0.344248 1.270129 0.867508 0.502888 -0.291305 0.612957 0.772198
0.839285 1.000000 1.304353 1.132036 0.107884 0.109099 0.371315 0.375496 1.305526 0.872556 0.802638 1.163861 0.648792 0.790997
