0.055554 0.636364 -1.401862 -0.016611 -0.111724 -0.001579 -0.390012 -0.005511 0.638784 1.483718 0.638784 1.483718 0.434181 0.014130
0.074074 0.636364 -1.335294 -0.016611 -0.106419 -0.001579 -0.371492 -0.005511 0.640660 1.454916 0.001876 -0.028802 0.417624 0.014835
0.092591 0.590913 -1.268736 -0.153605 -0.101115 -0.014599 -0.352975 -0.050962 0.598123 1.415369 0.596246 1.444171 0.381729 0.143389
0.129628 0.590913 -1.135610 -0.153605 -0.090505 -0.014599 -0.315938 -0.050962 0.604964 1.354848 0.008717 -0.089323 0.347768 0.159928
0.166665 0.545455 -1.002484 -0.290618 -0.079895 -0.027621 -0.278901 -0.096420 0.570349 1.274254 0.561632 1.363576 0.296249 0.332853
0.222222 0.545455 -0.802791 -0.290618 -0.063980 -0.027621 -0.223344 -0.096420 0.588985 1.183922 0.027353 -0.179655 0.244664 0.407542
0.240739 0.545455 -0.736233 -0.290618 -0.058676 -0.027621 -0.204827 -0.096420 0.596218 1.155155 0.568865 1.334810 0.227886 0.439967
0.259259 0.590913 -0.669665 -0.153605 -0.053370 -0.014599 -0.186307 -0.050962 0.645285 1.157343 0.076420 -0.177467 0.236297 0.267008
0.259259 0.636364 -0.669665 -0.016611 -0.053370 -0.001579 -0.186307 -0.005511 0.687149 1.183922 0.610729 1.361388 0.266672 0.029573
0.259259 0.681822 -0.669665 0.120402 -0.053370 0.011443 -0.186307 0.039947 0.729449 1.207436 0.118720 -0.153952 0.300877 -0.211215
0.240739 0.727273 -0.736233 0.257395 -0.058676 0.024463 -0.204827 0.085398 0.766081 1.251133 0.647361 1.405085 0.348300 -0.395012
0.203702 0.772731 -0.869359 0.394409 -0.069285 0.037485 -0.241864 0.130856 0.799129 1.313047 0.151768 -0.092038 0.406860 -0.495930
0.166665 0.772731 -1.002484 0.394409 -0.079895 0.037485 -0.278901 0.130856 0.790500 1.358368 0.638732 1.450406 0.429910 -0.438692
0.148148 0.772731 -1.069042 0.394409 -0.085200 0.037485 -0.297418 0.130856 0.786804 1.381375 0.148072 -0.069031 0.442147 -0.414484
0.111111 0.772731 -1.202168 0.394409 -0.095809 0.037485 -0.334455 0.130856 0.780678 1.427985 0.632606 1.497016 0.467864 -0.372941
0.092591 0.772731 -1.268736 0.394409 -0.101115 0.037485 -0.352975 0.130856 0.778258 1.451542 0.145652 -0.045474 0.481278 -0.355015
0.074074 0.727273 -1.335294 0.257395 -0.106419 0.024463 -0.371492 0.085398 0.731035 1.469295 0.585383 1.514769 0.466224 -0.225952
0.037037 0.681822 -1.468420 0.120402 -0.117029 0.011443 -0.408529 0.039947 0.682827 1.516529 0.097444 0.001760 0.471924 -0.097472
0.018517 0.636364 -1.534988 -0.016611 -0.122334 -0.001579 -0.427049 -0.005511 0.636633 1.541706 0.539189 1.539946 0.467733 0.012905
0.000000 0.500003 -1.601546 -0.427611 -0.127639 -0.040641 -0.445566 -0.141872 0.500003 1.570796 -0.039186 0.030850 0.448879 0.308258
0.000000 0.409094 -1.601546 -0.701618 -0.127639 -0.066683 -0.445566 -0.232781 0.409094 1.570796 0.448280 1.539946 0.447056 0.481437
0.000000 0.363636 -1.601546 -0.838632 -0.127639 -0.079705 -0.445566 -0.278239 0.363636 1.570796 -0.084644 0.030850 0.453036 0.558212
0.018517 0.272727 -1.534988 -1.112639 -0.122334 -0.105747 -0.427049 -0.369148 0.273355 1.503004 0.357999 1.472154 0.460699 0.712804
0.055554 0.227276 -1.401862 -1.249632 -0.111724 -0.118768 -0.390012 -0.414599 0.233967 1.331063 -0.124032 -0.141091 0.446945 0.815946
0.092591 0.136367 -1.268736 -1.523639 -0.101115 -0.144810 -0.352975 -0.505508 0.164830 0.974315 0.288862 1.115406 0.469250 0.961240
0.148148 0.090909 -1.069042 -1.660652 -0.085200 -0.157832 -0.297418 -0.550966 0.173817 0.550387 -0.115046 -0.565019 0.462860 1.075808
0.203702 0.045458 -0.869359 -1.797645 -0.069285 -0.170852 -0.241864 -0.596417 0.208712 0.219562 0.323758 0.784581 0.467530 1.185533
0.259259 0.000000 -0.669665 -1.934659 -0.053370 -0.183874 -0.186307 -0.641875 0.259259 0.000000 -0.064499 -0.784581 0.482949 1.288304
0.370369 0.000000 -0.270287 -1.934659 -0.021541 -0.183874 -0.075197 -0.641875 0.370369 0.000000 0.434869 0.784581 0.451867 1.454176
0.407406 0.045458 -0.137161 -1.797645 -0.010931 -0.170852 -0.038160 -0.596417 0.409935 0.111119 -0.024934 -0.673462 0.401924 1.506902
0.444443 0.136367 -0.004035 -1.523639 -0.000322 -0.144810 -0.001123 -0.505508 0.464893 0.297708 0.489827 0.971170 0.309201 1.568575
0.481480 0.181818 0.129090 -1.386646 0.010288 -0.131790 0.035914 -0.460057 0.514666 0.361069 0.024838 -0.610101 0.266182 -1.492890
0.481480 0.318185 0.129090 -0.975625 0.010288 -0.092725 0.035914 -0.323690 0.577118 0.583964 0.552279 1.194065 0.132347 -1.460296
0.500000 0.409094 0.195658 -0.701618 0.015593 -0.066683 0.054434 -0.232781 0.646033 0.685734 0.093753 -0.508331 0.065523 -1.341081
0.500000 0.500003 0.195658 -0.427611 0.015593 -0.040641 0.054434 -0.141872 0.707109 0.785402 0.613356 1.293733 0.076984 -1.204433
0.481480 0.636364 0.129090 -0.016611 0.010288 -0.001579 0.035914 -0.005511 0.797986 0.923077 0.184630 -0.370655 0.194148 -0.152270
0.481480 0.727273 0.129090 0.257395 0.010288 0.024463 0.035914 0.085398 0.872209 0.986007 0.687579 1.356662 0.283987 1.172699
0.462963 0.772731 0.062532 0.394409 0.004984 0.037485 0.017397 0.130856 0.900804 1.031020 0.213225 -0.325643 0.327627 1.438622
0.444443 0.818182 -0.004035 0.531402 -0.000322 0.050506 -0.001123 0.176307 0.931102 1.073182 0.717877 1.398825 0.372618 -1.564428
0.425926 0.863640 -0.070593 0.668416 -0.005626 0.063528 -0.019640 0.221765 0.962957 1.112623 0.245080 -0.286202 0.418535 -1.482465
0.407406 0.909091 -0.137161 0.805409 -0.010931 0.076548 -0.038160 0.267216 0.996206 1.149485 0.751126 1.435687 0.465093 -1.428951
0.388889 0.954549 -0.203719 0.942423 -0.016236 0.089570 -0.056677 0.312674 1.030727 1.183922 0.279601 -0.251765 0.512129 -1.391479
0.407406 0.954549 -0.137161 0.942423 -0.010931 0.089570 -0.038160 0.312674 1.037855 1.167398 0.758254 1.419163 0.510411 -1.449354
0.425926 0.909091 -0.070593 0.805409 -0.005626 0.076548 -0.019640 0.267216 1.003922 1.132649 0.245668 -0.286513 0.463941 -1.497430
0.462963 0.909091 0.062532 0.805409 0.004984 0.076548 0.017397 0.267216 1.020187 1.099769 0.774519 1.386282 0.463851 1.505783
0.500000 0.909091 0.195658 0.805409 0.015593 0.076548 0.054434 0.267216 1.037519 1.067953 0.263001 -0.318329 0.466710 1.369838
0.574074 0.909091 0.461910 0.805409 0.036813 0.076548 0.128508 0.267216 1.075178 1.007550 0.812177 1.325879 0.481009 1.122534
0.648148 0.909091 0.728162 0.805409 0.058032 0.076548 0.202582 0.267216 1.116486 0.951424 0.304309 -0.374455 0.505860 0.922119
0.777776 0.954549 1.194097 0.942423 0.095166 0.089570 0.332210 0.312674 1.231300 0.887090 0.926990 1.261545 0.607805 0.755114
0.814813 0.954549 1.327223 0.942423 0.105776 0.089570 0.369247 0.312674 1.255023 0.864210 0.328033 -0.397335 0.628814 0.702627
0.851849 1.000000 1.460349 1.079416 0.116386 0.102590 0.406284 0.358125 1.313639 0.865230 0.985606 1.262565 0.687360 0.722480
0.888889 1.000000 1.593485 1.079416 0.126996 0.102590 0.443323 0.358125 1.337955 0.844154 0.352349 -0.418411 0.709882 0.679491
0.907406 1.000000 1.660043 1.079416 0.132301 0.102590 0.461840 0.358125 1.350328 0.833904 0.997979 1.252315 0.721591 0.659579
0.962963 1.000000 1.859736 1.079416 0.148216 0.102590 0.517397 0.358125 1.388272 0.804264 0.390292 -0.448052 0.758351 0.605449
0.981480 0.954549 1.926294 0.942423 0.153520 0.089570 0.535914 0.312674 1.369112 0.771489 0.978819 1.219540 0.739099 0.528154
1.000000 0.818182 1.992862 0.531402 0.158825 0.050506 0.554434 0.176307 1.292061 0.685730 0.313242 -0.533811 0.668012 0.307882
1.000000 0.772731 1.992862 0.394409 0.158825 0.037485 0.554434 0.130856 1.263769 0.657891 0.950528 1.191701 0.643765 0.231775
1.000000 0.681822 1.992862 0.120402 0.158825 0.011443 0.554434 0.039947 1.210323 0.598421 0.259795 -0.593280 0.602672 0.071925
0.981480 0.636364 1.926294 -0.016611 0.153520 -0.001579 0.535914 -0.005511 1.169727 0.575229 0.909932 1.168510 0.568865 -0.010284
0.962963 0.636364 1.859736 -0.016611 0.148216 -0.001579 0.517397 -0.005511 1.154234 0.583957 0.244302 -0.584552 0.551456 -0.010652
0.944443 0.636364 1.793168 -0.016611 0.142910 -0.001579 0.498877 -0.005511 1.138829 0.592923 0.894527 1.177476 0.534118 -0.011047
0.907406 0.681822 1.660043 0.120402 0.132301 0.011443 0.461840 0.039947 1.135018 0.644394 0.240491 -0.533081 0.518761 0.086280
0.888889 0.727273 1.593485 0.257395 0.126996 0.024463 0.443323 0.085398 1.148499 0.685729 0.908008 1.218811 0.525256 0.190300
0.870369 0.772731 1.526917 0.394409 0.121691 0.037485 0.424803 0.130856 1.163897 0.726045 0.255889 -0.492766 0.536185 0.298815
0.870369 0.818182 1.526917 0.531402 0.121691 0.050506 0.424803 0.176307 1.194556 0.754501 0.938667 1.247268 0.565067 0.393397
0.870369 0.863640 1.526917 0.668416 0.121691 0.063528 0.424803 0.221765 1.226139 0.781517 0.287472 -0.465750 0.596023 0.481125
