0.129631 0.463416 -0.916985 -0.320421 -0.075998 -0.025063 -0.300569 -0.099124 0.481205 1.298039 0.481205 1.298039 0.302399 0.318555
0.129631 0.487804 -0.916985 -0.241585 -0.075998 -0.018897 -0.300569 -0.074736 0.504734 1.311056 0.023530 0.013017 0.306040 0.243704
0.148148 0.487804 -0.860493 -0.241585 -0.071316 -0.018897 -0.282052 -0.074736 0.509804 1.275945 0.486275 1.262928 0.287875 0.259018
0.166668 0.487804 -0.803992 -0.241585 -0.066633 -0.018897 -0.263533 -0.074736 0.515491 1.241562 0.029216 -0.021366 0.269755 0.276336
0.185185 0.487804 -0.747499 -0.241585 -0.061951 -0.018897 -0.245015 -0.074736 0.521772 1.207973 0.492556 1.229339 0.251696 0.296059
0.203705 0.487804 -0.690998 -0.241585 -0.057269 -0.018897 -0.226496 -0.074736 0.528629 1.175214 0.036073 -0.054125 0.233706 0.318716
0.222224 0.487804 -0.634498 -0.241585 -0.052586 -0.018897 -0.207976 -0.074736 0.536038 1.143328 0.499965 1.197453 0.215806 0.344978
0.240741 0.487804 -0.578005 -0.241585 -0.047904 -0.018897 -0.189459 -0.074736 0.543975 1.112345 0.044010 -0.085107 0.198022 0.375729
0.259261 0.487804 -0.521504 -0.241585 -0.043221 -0.018897 -0.170939 -0.074736 0.552421 1.082278 0.508411 1.167385 0.180384 0.412164
0.277778 0.536584 -0.465012 -0.083901 -0.038539 -0.006563 -0.152422 -0.025955 0.604222 1.093106 0.095811 -0.074279 0.185876 0.168667
0.277778 0.560976 -0.465012 -0.005053 -0.038539 -0.000395 -0.152422 -0.001563 0.625984 1.111021 0.530173 1.185300 0.200835 0.010255
0.259261 0.585365 -0.521504 0.073783 -0.043221 0.005771 -0.170939 0.022825 0.640210 1.153858 0.110037 -0.031442 0.230860 -0.132744
0.240741 0.609757 -0.578005 0.152631 -0.047904 0.011939 -0.189459 0.047217 0.655561 1.194767 0.545524 1.226209 0.261027 -0.244247
0.203705 0.634145 -0.690998 0.231468 -0.057269 0.018105 -0.226496 0.071606 0.666060 1.259981 0.120536 0.033772 0.304785 -0.306203
0.148148 0.634145 -0.860493 0.231468 -0.071316 0.018105 -0.282052 0.071606 0.651220 1.341294 0.530684 1.307523 0.348062 -0.248621
0.111111 0.609757 -0.973486 0.152631 -0.080681 0.011939 -0.319089 0.047217 0.619798 1.390552 0.089113 0.083030 0.366140 -0.146909
0.074074 0.585365 -1.086479 0.073783 -0.090045 0.005771 -0.356126 0.022825 0.590033 1.444922 0.500920 1.361893 0.388461 -0.064006
0.055557 0.536584 -1.142971 -0.083901 -0.094727 -0.006563 -0.374643 -0.025955 0.539453 1.467626 0.038533 0.105733 0.389455 0.069169
0.018520 0.512196 -1.255964 -0.162737 -0.104092 -0.012729 -0.411680 -0.050343 0.512531 1.534654 0.473998 1.428921 0.419767 0.121684
0.018520 0.463416 -1.255964 -0.320421 -0.104092 -0.025063 -0.411680 -0.099124 0.463786 1.530854 -0.010212 0.101933 0.413018 0.236281
0.000000 0.414635 -1.312465 -0.478105 -0.108774 -0.037397 -0.430200 -0.147904 0.414635 1.570796 0.424847 1.468864 0.430482 0.331144
0.000000 0.365855 -1.312465 -0.635789 -0.108774 -0.049731 -0.430200 -0.196685 0.365855 1.570796 -0.058993 0.101933 0.434986 0.428820
0.000000 0.292682 -1.312465 -0.872322 -0.108774 -0.068232 -0.430200 -0.269857 0.292682 1.570796 0.351675 1.468864 0.451645 0.560239
0.000000 0.243902 -1.312465 -1.030006 -0.108774 -0.080566 -0.430200 -0.318638 0.243902 1.570796 -0.107773 0.101933 0.468806 0.637505
0.018520 0.195122 -1.255964 -1.187690 -0.104092 -0.092900 -0.411680 -0.367418 0.195999 1.476165 0.303772 1.374233 0.474070 0.728647
0.037037 0.170733 -1.199472 -1.266526 -0.099410 -0.099067 -0.393163 -0.391806 0.174704 1.357177 -0.129067 -0.017055 0.471063 0.783670
0.055557 0.146341 -1.142971 -1.345374 -0.094727 -0.105234 -0.374643 -0.416198 0.156532 1.207965 0.285599 1.225020 0.470036 0.837895
0.074074 0.121953 -1.086479 -1.424210 -0.090045 -0.111401 -0.356126 -0.440587 0.142686 1.024955 -0.142913 -0.200065 0.471001 0.891015
0.092594 0.097561 -1.029978 -1.503058 -0.085362 -0.117568 -0.337606 -0.464979 0.134505 0.811513 0.277418 1.011578 0.473948 0.942788
0.148148 0.048780 -0.860493 -1.660742 -0.071316 -0.129902 -0.282052 -0.513759 0.155972 0.318088 -0.121446 -0.693491 0.474378 1.068723
0.185185 0.024392 -0.747499 -1.739578 -0.061951 -0.136069 -0.245015 -0.538147 0.186784 0.130963 0.308231 0.824454 0.474039 1.143548
0.222224 0.024392 -0.634498 -1.739578 -0.052586 -0.136069 -0.207976 -0.538147 0.223559 0.109325 -0.084671 -0.715129 0.455998 1.202011
0.296298 0.000000 -0.408511 -1.818426 -0.033857 -0.142236 -0.133902 -0.562539 0.296298 0.000000 0.380970 0.715129 0.450557 1.337114
0.351852 0.000000 -0.239026 -1.818426 -0.019810 -0.142236 -0.078348 -0.562539 0.351852 0.000000 -0.029117 -0.715129 0.437276 1.432411
0.388889 0.000000 -0.126032 -1.818426 -0.010445 -0.142236 -0.041311 -0.562539 0.388889 0.000000 0.418007 0.715129 0.432179 1.497491
0.444446 0.024392 0.043462 -1.739578 0.003602 -0.136069 0.014246 -0.538147 0.445115 0.054827 0.027108 -0.660302 0.406058 -1.544330
0.481483 0.024392 0.156455 -1.739578 0.012967 -0.136069 0.051283 -0.538147 0.482100 0.050617 0.454992 0.710919 0.409036 -1.475788
0.518520 0.048780 0.269448 -1.660742 0.022331 -0.129902 0.088320 -0.513759 0.520809 0.093800 0.065817 -0.617118 0.391512 -1.400552
0.555557 0.073172 0.382441 -1.581894 0.031696 -0.123735 0.125357 -0.489367 0.560355 0.130956 0.494538 0.748075 0.378395 -1.320028
0.611111 0.170733 0.551927 -1.266526 0.045743 -0.099067 0.180911 -0.391806 0.634513 0.272435 0.139975 -0.475639 0.316310 -1.138227
0.648148 0.195122 0.664920 -1.187690 0.055107 -0.092900 0.217948 -0.367418 0.676881 0.292415 0.536906 0.768055 0.320567 -1.035401
0.648148 0.243902 0.664920 -1.030006 0.055107 -0.080566 0.217948 -0.318638 0.692520 0.359915 0.155614 -0.408139 0.286720 -0.970890
0.666668 0.292682 0.721421 -0.872322 0.059790 -0.068232 0.236467 -0.269857 0.728086 0.413688 0.572472 0.821827 0.273547 -0.851248
0.666668 0.341463 0.721421 -0.714637 0.059790 -0.055898 0.236467 -0.221077 0.749028 0.473355 0.176556 -0.348473 0.252569 -0.751773
0.592594 0.585365 0.495434 0.073783 0.041061 0.005771 0.162394 0.022825 0.832958 0.779261 0.656402 1.127734 0.224606 0.139641
0.555557 0.634145 0.382441 0.231468 0.031696 0.018105 0.125357 0.071606 0.843080 0.851360 0.186677 -0.276374 0.239391 0.518986
0.518520 0.658537 0.269448 0.310316 0.022331 0.024273 0.088320 0.095998 0.838173 0.903797 0.651496 1.180172 0.244823 0.827030
0.444446 0.756098 0.043462 0.625684 0.003602 0.048941 0.014246 0.193559 0.877050 1.039384 0.225554 -0.140787 0.326209 1.497329
0.407409 0.780490 -0.069532 0.704532 -0.005763 0.055108 -0.022791 0.217951 0.880424 1.089711 0.654870 1.230498 0.351031 -1.466605
0.370372 0.804878 -0.182525 0.783368 -0.015127 0.061274 -0.059828 0.242339 0.886005 1.139526 0.231135 -0.090972 0.379425 -1.328759
0.333335 0.829270 -0.295518 0.862216 -0.024492 0.067442 -0.096865 0.266731 0.893757 1.188600 0.662622 1.279572 0.410658 -1.222450
0.314815 0.853659 -0.352019 0.941052 -0.029175 0.073608 -0.115385 0.291119 0.909858 1.217487 0.247236 -0.062085 0.438897 -1.193441
0.314815 0.878051 -0.352019 1.019900 -0.029175 0.079776 -0.115385 0.315511 0.932782 1.226535 0.685546 1.288620 0.462476 -1.220197
0.351852 0.902439 -0.239026 1.098736 -0.019810 0.085942 -0.078348 0.339900 0.968605 1.199035 0.283060 -0.089584 0.478694 -1.344250
0.370372 0.902439 -0.182525 1.098736 -0.015127 0.085942 -0.059828 0.339900 0.975486 1.181346 0.692426 1.270930 0.476014 -1.396564
0.425926 0.926831 -0.013039 1.177584 -0.001081 0.092110 -0.004274 0.364292 1.020014 1.140028 0.327588 -0.130902 0.496650 -1.559065
0.462963 0.951220 0.099954 1.256421 0.008284 0.098276 0.032763 0.388680 1.057901 1.117841 0.730312 1.248743 0.522049 1.486702
0.500000 0.951220 0.212947 1.256421 0.017649 0.098276 0.069800 0.388680 1.074625 1.086847 0.344313 -0.161896 0.525674 1.393108
0.592594 0.975612 0.495434 1.335269 0.041061 0.104444 0.162394 0.413072 1.141484 1.024948 0.797171 1.186844 0.569074 1.196221
0.648148 0.975612 0.664920 1.335269 0.055107 0.104444 0.217948 0.413072 1.171287 0.984399 0.374116 -0.202445 0.587346 1.085293
0.740741 1.000000 0.947407 1.414105 0.078519 0.110610 0.310541 0.437461 1.244467 0.933247 0.870351 1.135692 0.648928 0.953475
0.777778 1.000000 1.060400 1.414105 0.087884 0.110610 0.347578 0.437461 1.266862 0.909753 0.396511 -0.225940 0.667445 0.899396
0.814815 1.000000 1.173394 1.414105 0.097248 0.110610 0.384615 0.437461 1.289932 0.887087 0.893421 1.113026 0.687460 0.849593
0.907409 1.000000 1.455881 1.414105 0.120660 0.110610 0.477209 0.437461 1.350330 0.833903 0.456909 -0.279123 0.743236 0.741969
0.925926 1.000000 1.512373 1.414105 0.125342 0.110610 0.495726 0.437461 1.362842 0.823841 0.905933 1.102964 0.755259 0.723042
0.962963 0.975612 1.625367 1.335269 0.134707 0.104444 0.532763 0.413072 1.370809 0.791923 0.464875 -0.311041 0.762437 0.659522
1.000000 0.902439 1.738360 1.098736 0.144072 0.085942 0.569800 0.339900 1.346995 0.734161 0.882120 1.045202 0.740055 0.537860
1.000000 0.878051 1.738360 1.019900 0.144072 0.079776 0.569800 0.315511 1.330779 0.720555 0.448659 -0.324647 0.724736 0.505697
0.962963 0.804878 1.625367 0.783368 0.134707 0.061274 0.532763 0.242339 1.255041 0.696213 0.806381 1.020860 0.651322 0.426898
0.925926 0.780490 1.512373 0.704532 0.125342 0.055108 0.495726 0.217951 1.210993 0.700375 0.404612 -0.320485 0.606999 0.414221
0.888889 0.780490 1.399380 0.704532 0.115978 0.055108 0.458689 0.217951 1.182915 0.720555 0.778304 1.041041 0.577147 0.443579
0.833335 0.756098 1.229895 0.625684 0.101931 0.048941 0.403135 0.193559 1.125225 0.736842 0.346921 -0.304199 0.518389 0.447628
0.814815 0.804878 1.173394 0.783368 0.097248 0.061274 0.384615 0.242339 1.145318 0.779263 0.798397 1.083462 0.536948 0.562245
0.814815 0.829270 1.173394 0.862216 0.097248 0.067442 0.384615 0.266731 1.162589 0.794190 0.364193 -0.289272 0.554244 0.606351
0.814815 0.902439 1.173394 1.098736 0.097248 0.085942 0.384615 0.339900 1.215862 0.836380 0.851669 1.125651 0.609047 0.723759
0.851852 0.926831 1.286387 1.177584 0.106613 0.092110 0.421652 0.364292 1.258836 0.827527 0.407167 -0.298124 0.651485 0.712545
0.907409 0.975612 1.455881 1.335269 0.120660 0.104444 0.477209 0.413072 1.332370 0.821602 0.925203 1.119726 0.724708 0.713481
0.925926 1.000000 1.512373 1.414105 0.125342 0.110610 0.495726 0.437461 1.362842 0.823841 0.437639 -0.295885 0.755259 0.723042
