0.000000 0.500000 -1.401513 -0.288841 -0.111596 -0.023849 -0.422848 -0.090368 0.500000 1.570796 0.500000 1.570796 0.429829 0.210545
0.016948 0.541664 -1.345341 -0.155673 -0.107123 -0.012854 -0.405900 -0.048704 0.541929 1.539518 0.041929 -0.031278 0.422933 0.119420
0.033898 0.500000 -1.289159 -0.288841 -0.102650 -0.023849 -0.388950 -0.090368 0.501148 1.503103 0.459219 1.534382 0.396528 0.228288
0.050846 0.458330 -1.232986 -0.422029 -0.098177 -0.034847 -0.372002 -0.132038 0.461142 1.460310 0.001923 -0.074071 0.373690 0.341068
0.084744 0.416667 -1.120632 -0.555196 -0.089230 -0.045842 -0.338104 -0.173701 0.425197 1.370147 0.423275 1.444218 0.338160 0.474588
0.101695 0.416667 -1.064450 -0.555196 -0.084757 -0.045842 -0.321153 -0.173701 0.428897 1.331409 0.005623 -0.112809 0.321213 0.495804
0.118643 0.416667 -1.008277 -0.555196 -0.080284 -0.045842 -0.304206 -0.173701 0.433229 1.293396 0.427606 1.406205 0.304268 0.518823
0.135593 0.416667 -0.952096 -0.555196 -0.075811 -0.045842 -0.287255 -0.173701 0.438174 1.256182 0.010568 -0.150023 0.287322 0.543864
0.152541 0.458330 -0.895923 -0.422029 -0.071338 -0.034847 -0.270307 -0.132038 0.483048 1.249509 0.472480 1.399532 0.272626 0.454384
0.169491 0.541664 -0.839741 -0.155673 -0.066865 -0.012854 -0.253357 -0.048704 0.567562 1.267539 0.095082 -0.131993 0.279833 0.189920
0.186439 0.583333 -0.783568 -0.022485 -0.062392 -0.001857 -0.236409 -0.007035 0.612403 1.261447 0.517321 1.393440 0.285735 0.029748
0.203390 0.625003 -0.727387 0.110703 -0.057918 0.009141 -0.219459 0.034635 0.657264 1.256183 0.139944 -0.137257 0.298377 -0.156530
0.203390 0.708336 -0.727387 0.377059 -0.057918 0.031134 -0.219459 0.117968 0.736959 1.291182 0.597015 1.428439 0.360091 -0.493229
0.203390 0.750000 -0.727387 0.510227 -0.057918 0.042129 -0.219459 0.159632 0.777089 1.305979 0.180074 -0.122460 0.393942 -0.628873
0.203390 0.791670 -0.727387 0.643415 -0.057918 0.053126 -0.219459 0.201302 0.817379 1.319323 0.637305 1.441782 0.429175 -0.742273
0.186439 0.833333 -0.783568 0.776583 -0.062392 0.064122 -0.236409 0.242965 0.853934 1.350694 0.216630 -0.091088 0.473695 -0.799074
0.169491 0.833333 -0.839741 0.776583 -0.066865 0.064122 -0.253357 0.242965 0.850395 1.370144 0.633766 1.461232 0.482377 -0.764464
0.152541 0.875003 -0.895923 0.909771 -0.071338 0.075119 -0.270307 0.284635 0.888200 1.398199 0.254434 -0.063033 0.526792 -0.811211
0.135593 0.833333 -0.952096 0.776583 -0.075811 0.064122 -0.287255 0.242965 0.844293 1.409498 0.589858 1.472531 0.501013 -0.702061
0.118643 0.791670 -1.008277 0.643415 -0.080284 0.053126 -0.304206 0.201302 0.800511 1.422040 0.210652 -0.050492 0.478090 -0.584577
0.101695 0.750000 -1.064450 0.510227 -0.084757 0.042129 -0.321153 0.159632 0.756863 1.436025 0.546211 1.486517 0.458441 -0.461292
0.101695 0.666667 -1.064450 0.243871 -0.084757 0.020136 -0.321153 0.076299 0.674378 1.419421 0.128168 -0.067096 0.403221 -0.233253
0.101695 0.583333 -1.064450 -0.022485 -0.084757 -0.001857 -0.321153 -0.007035 0.592131 1.398197 0.463964 1.465293 0.359019 0.021901
0.101695 0.500000 -1.064450 -0.288841 -0.084757 -0.023849 -0.321153 -0.090368 0.510237 1.370144 0.046273 -0.095149 0.330291 0.274293
0.101695 0.416667 -1.064450 -0.555196 -0.084757 -0.045842 -0.321153 -0.173701 0.428897 1.331409 0.382624 1.426558 0.321213 0.495804
0.118643 0.333333 -1.008277 -0.821552 -0.080284 -0.067835 -0.304206 -0.257035 0.353818 1.228850 -0.028806 -0.197708 0.317102 0.701548
0.118643 0.250000 -1.008277 -1.087908 -0.080284 -0.089828 -0.304206 -0.340368 0.276724 1.127698 0.305530 1.325406 0.349882 0.841442
0.135593 0.208330 -0.952096 -1.221096 -0.075811 -0.100825 -0.287255 -0.382038 0.248570 0.993819 -0.056960 -0.331587 0.358516 0.926079
0.169491 0.124997 -0.839741 -1.487452 -0.066865 -0.122818 -0.253357 -0.465371 0.210598 0.635442 0.267558 0.967029 0.391031 1.072248
0.186439 0.083333 -0.783568 -1.620620 -0.062392 -0.133814 -0.236409 -0.507035 0.204216 0.420334 -0.063342 -0.546694 0.413714 1.134505
0.203390 0.041664 -0.727387 -1.753808 -0.057918 -0.144811 -0.219459 -0.548704 0.207613 0.202051 0.270955 0.748745 0.439845 1.190326
0.237288 0.041664 -0.615032 -1.753808 -0.048972 -0.144811 -0.185560 -0.548704 0.240918 0.173811 -0.030038 -0.574935 0.423951 1.244691
0.271186 0.000000 -0.502678 -1.886976 -0.040026 -0.155807 -0.151662 -0.590368 0.271186 0.000000 0.301224 0.574935 0.449224 1.319340
0.288134 0.000000 -0.446505 -1.886976 -0.035553 -0.155807 -0.134714 -0.590368 0.288134 0.000000 -0.013090 -0.574935 0.443789 1.346451
0.322032 0.000000 -0.334150 -1.886976 -0.026607 -0.155807 -0.100816 -0.590368 0.322032 0.000000 0.335122 0.574935 0.434700 1.401660
0.355933 0.000000 -0.221788 -1.886976 -0.017660 -0.155807 -0.066915 -0.590368 0.355933 0.000000 0.020811 -0.574935 0.428110 1.457933
0.389831 0.041664 -0.109433 -1.753808 -0.008714 -0.144811 -0.033017 -0.548704 0.392051 0.106472 0.371240 0.681406 0.382612 1.510696
0.423730 0.083333 0.002921 -1.620620 0.000233 -0.133814 0.000881 -0.507035 0.431846 0.194188 0.060606 -0.487218 0.339516 -1.569058
0.440677 0.124997 0.059094 -1.487452 0.004705 -0.122818 0.017829 -0.465371 0.458062 0.276387 0.397456 0.763606 0.298384 -1.532503
0.457628 0.208330 0.115276 -1.221096 0.009179 -0.100825 0.034780 -0.382038 0.502817 0.427202 0.105361 -0.336403 0.217319 -1.480009
0.474576 0.291664 0.171449 -0.954740 0.013652 -0.078832 0.051728 -0.298704 0.557037 0.551069 0.451676 0.887473 0.141015 -1.399324
0.474576 0.374997 0.171449 -0.688384 0.013652 -0.056840 0.051728 -0.215371 0.604851 0.668720 0.153175 -0.218753 0.070466 -1.335083
0.474576 0.458330 0.171449 -0.422029 0.013652 -0.034847 0.051728 -0.132038 0.659764 0.767986 0.506589 0.986739 0.062727 -1.197411
0.474576 0.541664 0.171449 -0.155673 0.013652 -0.012854 0.051728 -0.048704 0.720154 0.851318 0.213565 -0.135420 0.129587 -0.755307
0.440677 0.666667 0.059094 0.243871 0.004705 0.020136 0.017829 0.076299 0.799150 0.986716 0.585585 1.122136 0.244470 1.341238
0.423730 0.708336 0.002921 0.377059 0.000233 0.031134 0.000881 0.117968 0.825401 1.031699 0.239816 -0.090437 0.285490 1.563325
0.406779 0.750000 -0.053260 0.510227 -0.004241 0.042129 -0.016069 0.159632 0.853211 1.073828 0.613395 1.164266 0.327546 -1.470471
0.406779 0.791670 -0.053260 0.643415 -0.004241 0.053126 -0.016069 0.201302 0.890062 1.096151 0.276667 -0.068115 0.369172 -1.491140
0.389831 0.791670 -0.109433 0.643415 -0.008714 0.053126 -0.033017 0.201302 0.882445 1.113234 0.605778 1.181349 0.370297 -1.408227
0.389831 0.833333 -0.109433 0.776583 -0.008714 0.064122 -0.033017 0.242965 0.920007 1.133241 0.314229 -0.048108 0.411811 -1.435732
0.406779 0.833333 -0.053260 0.776583 -0.004241 0.064122 -0.016069 0.242965 0.927315 1.116686 0.613087 1.164794 0.410800 -1.504755
0.406779 0.875003 -0.053260 0.909771 -0.004241 0.075119 -0.016069 0.284635 0.964935 1.135630 0.351848 -0.029164 0.452440 -1.514401
0.423730 0.875003 0.002921 0.909771 0.000233 0.075119 0.000881 0.284635 0.972202 1.119819 0.620354 1.148983 0.452156 1.567700
0.440677 0.875003 0.059094 0.909771 0.004705 0.075119 0.017829 0.284635 0.979708 1.104249 0.359354 -0.044734 0.452506 1.508239
0.474576 0.916667 0.171449 1.042939 0.013652 0.086115 0.051728 0.326299 1.032231 1.093074 0.672877 1.137808 0.496520 1.413577
0.508474 0.916667 0.283803 1.042939 0.022598 0.086115 0.085626 0.326299 1.048248 1.064353 0.375371 -0.073455 0.501187 1.314167
0.559323 0.958336 0.452339 1.176127 0.036018 0.097112 0.136474 0.367968 1.109617 1.042494 0.734246 1.115949 0.552606 1.215637
0.593221 0.958336 0.564694 1.176127 0.044964 0.097112 0.170373 0.367968 1.127085 1.016515 0.392838 -0.099434 0.561938 1.137177
0.644067 1.000000 0.733221 1.309295 0.058383 0.108108 0.221219 0.409632 1.189463 0.998603 0.796625 1.098037 0.618095 1.075630
0.694916 1.000000 0.901757 1.309295 0.071803 0.108108 0.272067 0.409632 1.217747 0.963491 0.421122 -0.134546 0.638063 0.984520
0.779660 1.000000 1.182639 1.309295 0.094168 0.108108 0.356812 0.409632 1.268018 0.908581 0.846896 1.043128 0.678542 0.854205
0.830509 1.000000 1.351175 1.309295 0.107588 0.108108 0.407661 0.409632 1.299902 0.877727 0.453006 -0.165400 0.706606 0.787810
0.864407 1.000000 1.463529 1.309295 0.116534 0.108108 0.441559 0.409632 1.321817 0.857998 0.868811 1.023398 0.726690 0.747907
0.915256 1.000000 1.632065 1.309295 0.129953 0.108108 0.492407 0.409632 1.355615 0.829616 0.486805 -0.193781 0.758663 0.693890
0.966102 0.916667 1.800593 1.042939 0.143373 0.086115 0.543254 0.326299 1.331777 0.759148 0.844972 0.952929 0.734153 0.540888
0.983052 0.875003 1.856774 0.909771 0.147846 0.075119 0.560204 0.284635 1.316063 0.727312 0.471091 -0.225617 0.719912 0.470100
1.000000 0.833333 1.912947 0.776583 0.152319 0.064122 0.577152 0.242965 1.301708 0.694738 0.830618 0.920355 0.708239 0.398455
1.000000 0.750000 1.912947 0.510227 0.152319 0.042129 0.577152 0.159632 1.250000 0.643501 0.419382 -0.276854 0.663425 0.269840
1.000000 0.625003 1.912947 0.110703 0.152319 0.009141 0.577152 0.034635 1.179249 0.558602 0.759867 0.835456 0.611532 0.059939
0.983052 0.541664 1.856774 -0.155673 0.147846 -0.012854 0.560204 -0.048704 1.122404 0.503612 0.362537 -0.331844 0.572665 -0.086723
0.966102 0.500000 1.800593 -0.288841 0.143373 -0.023849 0.543254 -0.090368 1.087820 0.477584 0.725283 0.809428 0.548705 -0.164837
0.932203 0.541664 1.688238 -0.155673 0.134426 -0.012854 0.509355 -0.048704 1.078148 0.526374 0.352865 -0.283053 0.523030 -0.095330
0.915256 0.625003 1.632065 0.110703 0.129953 0.009141 0.492407 0.034635 1.108297 0.599138 0.755432 0.882192 0.532289 0.070223
0.915256 0.666667 1.632065 0.243871 0.129953 0.020136 0.492407 0.076299 1.132315 0.629529 0.376883 -0.252663 0.549466 0.153728
0.915256 0.750000 1.632065 0.510227 0.129953 0.042129 0.492407 0.159632 1.183297 0.686485 0.806414 0.939147 0.591180 0.313496
0.915256 0.791670 1.632065 0.643415 0.129953 0.053126 0.492407 0.201302 1.210138 0.713122 0.403724 -0.226026 0.615219 0.388079
0.915256 0.875003 1.632065 0.909771 0.129953 0.075119 0.492407 0.284635 1.266224 0.762918 0.862500 0.988943 0.668513 0.524122
