0.090910 0.714286 -1.185996 -0.008865 -0.103121 -0.000900 -0.359170 -0.003133 0.720048 1.444202 0.720048 1.444202 0.445878 0.008723
0.090910 0.750003 -1.185996 0.092192 -0.103121 0.009355 -0.359170 0.032584 0.755492 1.450171 0.035445 0.005969 0.467928 -0.090472
0.090910 0.785714 -1.185996 0.193234 -0.103121 0.019608 -0.359170 0.068295 0.790956 1.455604 0.755512 1.449636 0.491582 -0.187905
0.090910 0.821431 -1.185996 0.294292 -0.103121 0.029863 -0.359170 0.104012 0.826447 1.460572 0.070935 0.010936 0.516628 -0.281880
0.109091 0.857143 -1.125964 0.395334 -0.097901 0.040116 -0.340989 0.139724 0.864057 1.444204 0.793122 1.433268 0.531012 -0.388892
0.109091 0.821431 -1.125964 0.294292 -0.097901 0.029863 -0.340989 0.104012 0.828644 1.438763 0.035522 0.005495 0.504158 -0.296066
0.127274 0.821431 -1.065922 0.294292 -0.092681 0.029863 -0.322806 0.104012 0.831233 1.417077 0.795711 1.411582 0.492042 -0.311709
0.145454 0.821431 -1.005889 0.294292 -0.087461 0.029863 -0.304626 0.104012 0.834210 1.395539 0.038499 -0.016043 0.480311 -0.329032
0.163638 0.821431 -0.945848 0.294292 -0.082241 0.029863 -0.286443 0.104012 0.837572 1.374160 0.799073 1.390203 0.468989 -0.348313
0.181818 0.821431 -0.885815 0.294292 -0.077021 0.029863 -0.268262 0.104012 0.841313 1.352966 0.042240 -0.037238 0.458112 -0.369881
0.200001 0.857143 -0.825773 0.395334 -0.071800 0.040116 -0.250079 0.139724 0.880167 1.341563 0.837928 1.378801 0.477744 -0.509513
0.200001 0.892860 -0.825773 0.496391 -0.071800 0.050371 -0.250079 0.175441 0.914986 1.350433 0.077058 -0.028368 0.508521 -0.611760
0.200001 0.928571 -0.825773 0.597433 -0.071800 0.060624 -0.250079 0.211153 0.949866 1.358651 0.872808 1.387019 0.539901 -0.701201
0.181818 0.964288 -0.885815 0.698490 -0.077021 0.070879 -0.268262 0.246870 0.981280 1.384433 0.108472 -0.002586 0.579978 -0.743894
0.145454 1.000000 -1.005889 0.799533 -0.087461 0.081132 -0.304626 0.282581 1.010523 1.426355 0.902051 1.428941 0.628656 -0.747874
0.127274 1.000000 -1.065922 0.799533 -0.092681 0.081132 -0.322806 0.282581 1.008067 1.444203 0.106016 0.015262 0.637664 -0.719051
0.090910 0.964288 -1.185996 0.698490 -0.103121 0.070879 -0.359170 0.246870 0.968564 1.476797 0.862549 1.461535 0.627227 -0.602174
0.054544 0.892860 -1.306080 0.496391 -0.113562 0.050371 -0.395536 0.175441 0.894524 1.509783 0.031976 0.048248 0.593719 -0.417479
0.036364 0.785714 -1.366113 0.193234 -0.118782 0.019608 -0.413717 0.068295 0.786555 1.524548 0.754580 1.476301 0.532740 -0.163602
0.000000 0.678569 -1.486187 -0.109922 -0.129223 -0.011154 -0.450080 -0.038850 0.678569 1.570796 -0.076011 0.094496 0.504757 0.086105
0.000000 0.535712 -1.486187 -0.514121 -0.129223 -0.052170 -0.450080 -0.181707 0.535712 1.570796 0.611722 1.476301 0.458154 0.383711
0.000000 0.428571 -1.486187 -0.817262 -0.129223 -0.082931 -0.450080 -0.288847 0.428571 1.570796 -0.183151 0.094496 0.450594 0.570567
0.036364 0.214286 -1.366113 -1.423561 -0.118782 -0.144455 -0.413717 -0.503133 0.217349 1.402701 0.400500 1.308205 0.476194 0.882617
0.072727 0.107140 -1.246038 -1.726717 -0.108342 -0.175217 -0.377353 -0.610279 0.129492 0.974438 -0.271008 -0.333767 0.509905 1.017009
0.145454 0.035712 -1.005889 -1.928817 -0.087461 -0.195725 -0.304626 -0.681707 0.149774 0.240755 0.420782 0.574523 0.514294 1.150559
0.200001 0.000000 -0.825773 -2.029859 -0.071800 -0.205978 -0.250079 -0.717419 0.200001 0.000000 -0.220781 -0.574523 0.514890 1.235386
0.290909 0.000000 -0.525592 -2.029859 -0.045700 -0.205978 -0.159171 -0.717419 0.290909 0.000000 0.511690 0.574523 0.477397 1.352466
0.363636 0.000000 -0.285443 -2.029859 -0.024819 -0.205978 -0.086444 -0.717419 0.363636 0.000000 -0.148054 -0.574523 0.458306 1.450881
0.436363 0.035712 -0.045294 -1.928817 -0.003938 -0.195725 -0.013717 -0.681707 0.437822 0.081657 0.585876 0.656180 0.414596 1.550677
0.563637 0.214286 0.374970 -1.423561 0.032603 -0.144455 0.113557 -0.503133 0.602997 0.363308 0.017121 -0.292872 0.261714 -1.348816
0.600001 0.357143 0.495045 -1.019362 0.043044 -0.103439 0.149920 -0.360276 0.698249 0.536910 0.681128 0.829782 0.176390 -1.176465
0.636364 0.464283 0.615119 -0.716220 0.053484 -0.072678 0.186284 -0.253136 0.787730 0.630308 0.106602 -0.199474 0.186825 -0.936377
0.636364 0.678569 0.615119 -0.109922 0.053484 -0.011154 0.186284 -0.038850 0.930277 0.817484 0.823675 1.016958 0.294803 -0.205606
0.618181 0.785714 0.555077 0.193234 0.048263 0.019608 0.168101 0.068295 0.999747 0.904171 0.176072 -0.112787 0.375377 0.385905
0.600001 0.857143 0.495045 0.395334 0.043044 0.040116 0.149920 0.139724 1.046277 0.960070 0.870204 1.072856 0.433793 0.750209
0.581817 0.892860 0.435003 0.496391 0.037823 0.050371 0.131737 0.175441 1.065697 0.993274 0.195493 -0.079583 0.461962 0.926724
0.563637 0.964288 0.374970 0.698490 0.032603 0.070879 0.113557 0.246870 1.116933 1.041844 0.921440 1.121427 0.526598 1.139668
0.545454 0.964288 0.314929 0.698490 0.027383 0.070879 0.095374 0.246870 1.107868 1.056014 0.186428 -0.065413 0.522978 1.202128
0.527273 1.000000 0.254896 0.799533 0.022163 0.081132 0.077193 0.282581 1.130494 1.085569 0.944066 1.150981 0.555311 1.304130
0.545454 1.000000 0.314929 0.799533 0.027383 0.081132 0.095374 0.282581 1.139087 1.071450 0.195021 -0.079531 0.558129 1.245292
0.581817 1.000000 0.435003 0.799533 0.037823 0.081132 0.131737 0.282581 1.156941 1.043854 0.961919 1.123385 0.565479 1.134558
0.672728 1.000000 0.735193 0.799533 0.063924 0.081132 0.222648 0.282581 1.205223 0.978609 0.243304 -0.144776 0.593282 0.903473
0.727274 1.000000 0.915310 0.799533 0.079585 0.081132 0.277194 0.282581 1.236498 0.941999 0.993195 1.086775 0.615832 0.795021
0.781818 1.000000 1.095417 0.799533 0.095245 0.081132 0.331738 0.282581 1.269346 0.907240 0.276152 -0.179534 0.642232 0.705549
0.872729 1.000000 1.395607 0.799533 0.121347 0.081132 0.422649 0.282581 1.327274 0.853254 1.051122 1.032788 0.693573 0.589337
0.909092 0.964288 1.515681 0.698490 0.131787 0.070879 0.459012 0.246870 1.325255 0.814853 0.274133 -0.217935 0.689277 0.493450
0.945456 0.892860 1.635756 0.496391 0.142227 0.050371 0.495376 0.175441 1.300418 0.756795 1.026284 0.974730 0.664418 0.340374
0.963636 0.857143 1.695788 0.395334 0.147447 0.040116 0.513556 0.139724 1.289686 0.726977 0.263401 -0.247753 0.655317 0.265641
1.000000 0.785714 1.815863 0.193234 0.157888 0.019608 0.549920 0.068295 1.271750 0.665969 1.008348 0.913723 0.644253 0.123559
1.000000 0.714286 1.815863 -0.008865 0.157888 -0.000900 0.549920 -0.003133 1.228904 0.620249 0.220555 -0.293473 0.610095 -0.005697
1.000000 0.678569 1.815863 -0.109922 0.157888 -0.011154 0.549920 -0.038850 1.208493 0.596197 0.987938 0.889670 0.595499 -0.070530
0.981820 0.607140 1.755830 -0.312022 0.152668 -0.031662 0.531739 -0.110279 1.154378 0.553827 0.166440 -0.335844 0.554450 -0.204493
0.963636 0.607140 1.695788 -0.312022 0.147447 -0.031662 0.513556 -0.110279 1.138953 0.562223 0.972513 0.898067 0.537036 -0.211523
0.945456 0.642857 1.635756 -0.210964 0.142227 -0.021407 0.495376 -0.074562 1.143308 0.597138 0.170795 -0.300929 0.531564 -0.149394
0.945456 0.785714 1.635756 0.193234 0.142227 0.019608 0.495376 0.068295 1.229323 0.693385 1.058528 0.994314 0.598371 0.137002
0.963636 0.857143 1.695788 0.395334 0.147447 0.040116 0.513556 0.139724 1.289686 0.726977 0.231158 -0.267337 0.655317 0.265641
1.000000 0.964288 1.815863 0.698490 0.157888 0.070879 0.549920 0.246870 1.389191 0.767220 1.158033 1.034557 0.752876 0.421955
