0.000000 0.346155 -1.722842 -0.749065 -0.182073 -0.086131 -0.499433 -0.236262 0.346155 1.570796 0.346155 1.570796 0.522424 0.441865
0.023808 0.346155 -1.640715 -0.749065 -0.173394 -0.086131 -0.475625 -0.236262 0.346972 1.502127 0.000818 -0.068670 0.499713 0.461036
0.095238 0.346155 -1.394309 -0.749065 -0.147353 -0.086131 -0.404195 -0.236262 0.359017 1.302308 0.358200 1.370977 0.432282 0.528963
0.142857 0.346155 -1.230042 -0.749065 -0.129993 -0.086131 -0.356576 -0.236262 0.374475 1.179392 0.016275 -0.191585 0.388124 0.585172
0.190476 0.384613 -1.065776 -0.627133 -0.112633 -0.072111 -0.308957 -0.197804 0.429195 1.110963 0.412920 1.302548 0.329602 0.569477
0.214284 0.461536 -0.983649 -0.383251 -0.103954 -0.044068 -0.285149 -0.120881 0.508854 1.136127 0.095934 -0.166421 0.287656 0.400957
0.238095 0.615381 -0.901509 0.104513 -0.095273 0.012017 -0.261337 0.032964 0.659836 1.201628 0.563901 1.368049 0.285904 -0.125474
0.238095 0.653845 -0.901509 0.226463 -0.095273 0.026040 -0.261337 0.071429 0.695847 1.221575 0.131946 -0.146474 0.303547 -0.266803
0.214284 0.692304 -0.983649 0.348395 -0.103954 0.040060 -0.285149 0.109887 0.724708 1.270626 0.592762 1.417100 0.344251 -0.367829
0.166665 0.653845 -1.147915 0.226463 -0.121314 0.026040 -0.332768 0.071429 0.674752 1.321212 0.081990 -0.095888 0.366848 -0.211441
0.119046 0.576923 -1.312182 -0.017419 -0.138674 -0.002003 -0.380387 -0.005494 0.589077 1.367306 0.507087 1.463194 0.388200 0.014442
0.095238 0.423077 -1.394309 -0.505183 -0.147353 -0.058089 -0.404195 -0.159339 0.433664 1.349379 -0.073423 -0.113815 0.411343 0.375509
0.095238 0.346155 -1.394309 -0.749065 -0.147353 -0.086131 -0.404195 -0.236262 0.359017 1.302308 0.432440 1.416123 0.432282 0.528963
0.119046 0.192309 -1.312182 -1.236829 -0.138674 -0.142217 -0.380387 -0.390107 0.226174 1.016500 -0.206266 -0.399623 0.488896 0.798013
0.190476 0.076923 -1.065776 -1.602662 -0.112633 -0.184283 -0.308957 -0.505494 0.205422 0.383816 0.411688 0.783439 0.523420 1.022184
0.285714 0.000000 -0.737243 -1.846544 -0.077913 -0.212325 -0.213718 -0.582417 0.285714 0.000000 -0.125973 -0.783439 0.543239 1.219101
0.333333 0.000000 -0.572976 -1.846544 -0.060553 -0.212325 -0.166099 -0.582417 0.333333 0.000000 0.459307 0.783439 0.526329 1.292981
0.452379 0.038464 -0.162316 -1.724594 -0.017154 -0.198303 -0.047054 -0.543952 0.454011 0.084822 -0.005295 -0.698616 0.463364 1.484508
0.547617 0.192309 0.166217 -1.236829 0.017566 -0.142217 0.048185 -0.390107 0.580403 0.337721 0.585698 1.036338 0.310880 -1.447903
0.595236 0.269232 0.330484 -0.992947 0.034926 -0.114174 0.095804 -0.313185 0.653293 0.424774 0.067595 -0.611563 0.249340 -1.273934
0.619048 0.461536 0.412623 -0.383251 0.043607 -0.044068 0.119615 -0.120881 0.772163 0.640652 0.704568 1.252215 0.125475 -0.790662
0.619048 0.615381 0.412623 0.104513 0.043607 0.012017 0.119615 0.032964 0.872877 0.782428 0.168309 -0.469787 0.166589 0.268912
0.595236 0.730768 0.330484 0.470345 0.034926 0.054083 0.095804 0.148351 0.942512 0.887255 0.774202 1.357042 0.250388 0.997387
0.547617 0.807691 0.166217 0.714228 0.017566 0.082126 0.048185 0.225274 0.975832 0.974986 0.201630 -0.382056 0.312001 1.360078
0.499998 0.846155 0.001951 0.836178 0.000206 0.096148 0.000565 0.263738 0.982841 1.037090 0.781211 1.419147 0.346722 1.568652
0.499998 0.884613 0.001951 0.958110 0.000206 0.110169 0.000565 0.302196 1.016139 1.056345 0.234928 -0.362801 0.385181 1.568925
0.523810 0.884613 0.084090 0.958110 0.008887 0.110169 0.024377 0.302196 1.028065 1.036181 0.793137 1.398982 0.385951 1.490305
0.642855 0.923077 0.494750 1.080060 0.052286 0.124191 0.143423 0.340661 1.124871 0.962473 0.331735 -0.436509 0.447264 1.172307
0.690478 0.923077 0.659029 1.080060 0.069647 0.124191 0.191045 0.340661 1.152750 0.928565 0.821015 1.365074 0.464729 1.059693
0.761905 0.961536 0.905423 1.201992 0.095687 0.138211 0.262472 0.379119 1.226805 0.900717 0.405790 -0.464357 0.531442 0.965243
0.809524 1.000000 1.069690 1.323942 0.113047 0.152234 0.310091 0.417583 1.286596 0.890275 0.880806 1.354632 0.588833 0.932058
0.833335 0.961536 1.151829 1.201992 0.121727 0.138211 0.333902 0.379119 1.272399 0.856703 0.391593 -0.497929 0.570114 0.848729
0.809524 0.846155 1.069690 0.836178 0.113047 0.096148 0.310091 0.263738 1.171028 0.807519 0.779435 1.305448 0.465159 0.704795
0.809524 0.730768 1.069690 0.470345 0.113047 0.054083 0.310091 0.148351 1.090573 0.734312 0.311138 -0.571136 0.386875 0.446228
0.809524 0.692304 1.069690 0.348395 0.113047 0.040060 0.310091 0.109887 1.065182 0.707504 0.754044 1.278640 0.365179 0.340563
0.857143 0.615381 1.233956 0.104513 0.130407 0.012017 0.357710 0.032964 1.055172 0.622668 0.301128 -0.655972 0.376033 0.091894
0.904762 0.576923 1.398223 -0.017419 0.147767 -0.002003 0.405329 -0.005494 1.073049 0.567645 0.771921 1.223617 0.412670 -0.013554
0.976192 0.653845 1.644629 0.226463 0.173807 0.026040 0.476760 0.071429 1.174932 0.590163 0.403011 -0.633455 0.501142 0.148715
1.000000 0.769226 1.726756 0.592277 0.182486 0.068103 0.500567 0.186810 1.261630 0.655693 0.858619 1.289147 0.568644 0.357188
0.976192 0.846155 1.644629 0.836178 0.173807 0.096148 0.476760 0.263738 1.291870 0.714162 0.433252 -0.574986 0.589505 0.505288
0.928573 0.884613 1.480362 0.958110 0.156447 0.110169 0.429141 0.302196 1.282493 0.761158 0.849242 1.336144 0.576650 0.613533
0.904762 0.884613 1.398223 0.958110 0.147767 0.110169 0.405329 0.302196 1.265359 0.774138 0.416118 -0.562006 0.559156 0.640652
