0.052633 0.562505 -1.301018 -0.124132 -0.127868 -0.014190 -0.375438 -0.041664 0.564962 1.477499 0.564962 1.477499 0.398781 0.110522
0.052633 0.500000 -1.301018 -0.310356 -0.127868 -0.035478 -0.375438 -0.104169 0.502763 1.465917 -0.062199 -0.011582 0.382266 0.270651
0.087721 0.437505 -1.179428 -0.496552 -0.115918 -0.056763 -0.340350 -0.166664 0.446212 1.372918 0.508411 1.384501 0.340481 0.455360
0.105263 0.437505 -1.118637 -0.496552 -0.109943 -0.056763 -0.322808 -0.166664 0.449990 1.334685 -0.058422 -0.049815 0.322946 0.476598
0.122808 0.437505 -1.057837 -0.496552 -0.103967 -0.056763 -0.305263 -0.166664 0.454414 1.297137 0.512836 1.346953 0.305409 0.499743
0.140351 0.562505 -0.997047 -0.124132 -0.097993 -0.014190 -0.287720 -0.041664 0.579750 1.326279 0.066914 -0.020674 0.317577 0.143807
0.140351 0.687505 -0.997047 0.248288 -0.097993 0.028383 -0.287720 0.083336 0.701684 1.369418 0.634770 1.390092 0.387413 -0.281928
0.122808 0.750000 -1.057837 0.434485 -0.103967 0.049668 -0.305263 0.145831 0.759988 1.408492 0.125218 0.018400 0.443648 -0.445668
0.087721 0.875000 -1.179428 0.806905 -0.115918 0.092241 -0.340350 0.270831 0.879386 1.470878 0.754168 1.452478 0.561769 -0.672140
0.070175 0.875000 -1.240228 0.806905 -0.121893 0.092241 -0.357896 0.270831 0.877810 1.490767 0.123641 0.038289 0.572569 -0.647796
0.035088 0.875000 -1.361818 0.806905 -0.133844 0.092241 -0.392983 0.270831 0.875703 1.530718 0.752062 1.492428 0.595131 -0.603419
0.017545 0.812505 -1.422609 0.620709 -0.139818 0.070956 -0.410526 0.208336 0.812694 1.549206 0.060632 0.056777 0.562424 -0.469618
0.000000 0.750000 -1.483409 0.434485 -0.145794 0.049668 -0.428071 0.145831 0.750000 1.570796 0.689368 1.514019 0.535615 -0.328340
0.000000 0.625000 -1.483409 0.062064 -0.145794 0.007095 -0.428071 0.020831 0.625000 1.570796 -0.064368 0.056777 0.471196 -0.048625
0.017545 0.437505 -1.422609 -0.496552 -0.139818 -0.056763 -0.410526 -0.166664 0.437856 1.530715 0.502224 1.473938 0.410634 0.385648
0.052633 0.312505 -1.301018 -0.868973 -0.127868 -0.099336 -0.375438 -0.291664 0.316906 1.403940 -0.185318 -0.069998 0.392822 0.660473
0.105263 0.187505 -1.118637 -1.241393 -0.109943 -0.141909 -0.322808 -0.416664 0.215031 1.059252 0.400349 1.129249 0.402588 0.911646
0.228071 0.000000 -0.693066 -1.800038 -0.068117 -0.205770 -0.200000 -0.604169 0.228071 0.000000 -0.172278 -1.129249 0.472488 1.251117
0.298247 0.000000 -0.449885 -1.800038 -0.044216 -0.205770 -0.129824 -0.604169 0.298247 0.000000 0.470525 1.129249 0.447324 1.359134
0.368422 0.000000 -0.206704 -1.800038 -0.020315 -0.205770 -0.059649 -0.604169 0.368422 0.000000 -0.102103 -1.129249 0.432207 1.472386
0.421052 0.000000 -0.024323 -1.800038 -0.002391 -0.205770 -0.007019 -0.604169 0.421052 0.000000 0.523155 1.129249 0.428129 1.559179
0.456140 0.125000 0.097268 -1.427617 0.009560 -0.163197 0.028069 -0.479169 0.472957 0.267472 -0.050198 -0.861777 0.304368 -1.512285
0.491230 0.250000 0.218867 -1.055197 0.021511 -0.120624 0.063159 -0.354169 0.551187 0.470763 0.601385 1.332540 0.188940 -1.394321
0.491230 0.500000 0.218867 -0.310356 0.021511 -0.035478 0.063159 -0.104169 0.700933 0.794245 0.099548 -0.538295 0.095723 -1.025746
0.491230 0.625000 0.218867 0.062064 0.021511 0.007095 0.063159 0.020831 0.794941 0.904670 0.695393 1.442965 0.206809 0.318588
0.473685 0.750000 0.158068 0.434485 0.015535 0.049668 0.045614 0.145831 0.887061 1.007479 0.191668 -0.435486 0.325144 1.267651
0.473685 0.812505 0.158068 0.620709 0.015535 0.070956 0.045614 0.208336 0.940501 1.042976 0.748833 1.478461 0.387130 1.355253
0.473685 0.875000 0.158068 0.806905 0.015535 0.092241 0.045614 0.270831 0.994989 1.074615 0.246156 -0.403846 0.449251 1.403940
0.473685 0.937505 0.158068 0.993129 0.015535 0.113529 0.045614 0.333336 1.050377 1.102948 0.804221 1.506794 0.511472 1.434800
0.491230 1.000000 0.218867 1.179325 0.021511 0.134814 0.063159 0.395831 1.114140 1.114189 0.309918 -0.392605 0.575406 1.412569
0.543860 1.000000 0.401248 1.179325 0.039436 0.134814 0.115789 0.395831 1.138325 1.072679 0.828407 1.465284 0.583532 1.286214
0.596493 1.000000 0.583639 1.179325 0.057362 0.134814 0.168422 0.395831 1.164390 1.032959 0.335983 -0.432325 0.596212 1.168511
0.666668 1.000000 0.826820 1.179325 0.081262 0.134814 0.238597 0.395831 1.201851 0.982793 0.865868 1.415117 0.619703 1.028338
0.842107 0.937505 1.434772 0.993129 0.141014 0.113529 0.414036 0.333336 1.260182 0.838953 0.394314 -0.576164 0.656467 0.677837
0.912282 0.875000 1.677953 0.806905 0.164914 0.092241 0.484211 0.270831 1.264074 0.764542 0.869760 1.340706 0.658943 0.509974
0.964912 0.812505 1.860334 0.620709 0.182839 0.070956 0.536841 0.208336 1.261436 0.699861 0.391675 -0.640845 0.660294 0.370186
1.000000 0.687505 1.981925 0.248288 0.194790 0.028383 0.571929 0.083336 1.213533 0.602291 0.821858 1.243136 0.628020 0.144692
1.000000 0.625000 1.981925 0.062064 0.194790 0.007095 0.571929 0.020831 1.179248 0.558599 0.357390 -0.684536 0.604883 0.036407
0.964912 0.625000 1.860334 0.062064 0.182839 0.007095 0.536841 0.020831 1.149644 0.574776 0.792254 1.259312 0.571821 0.038784
0.877194 0.562505 1.556363 -0.124132 0.152964 -0.014190 0.449124 -0.041664 1.042056 0.570203 0.249802 -0.689110 0.468812 -0.092502
0.842107 0.562505 1.434772 -0.124132 0.141014 -0.014190 0.414036 -0.041664 1.012697 0.588907 0.762895 1.278016 0.435314 -0.100291
0.807019 0.562505 1.313182 -0.124132 0.129063 -0.014190 0.378948 -0.041664 0.983713 0.608720 0.220818 -0.669296 0.402087 -0.109506
0.789474 0.562505 1.252382 -0.124132 0.123088 -0.014190 0.361403 -0.041664 0.969371 0.619070 0.748553 1.288366 0.385596 -0.114777
0.789474 0.625000 1.252382 0.062064 0.123088 0.007095 0.361403 0.020831 1.006923 0.669639 0.258370 -0.618727 0.411574 0.057576
0.824562 0.750000 1.373972 0.434485 0.135038 0.049668 0.396491 0.145831 1.114631 0.738080 0.856261 1.356807 0.510728 0.352448
