0.069445 0.653849 -1.184647 -0.048775 -0.090517 -0.004173 -0.357503 -0.016481 0.657527 1.464983 0.657527 1.464983 0.423429 0.046069
0.083333 0.653849 -1.138627 -0.048775 -0.087001 -0.004173 -0.343615 -0.016481 0.659138 1.444030 0.001611 -0.020953 0.411771 0.047928
0.111111 0.653849 -1.046581 -0.048775 -0.079968 -0.004173 -0.315838 -0.016481 0.663223 1.402471 0.661611 1.423424 0.388892 0.052136
0.125001 0.653849 -1.000554 -0.048775 -0.076451 -0.004173 -0.301948 -0.016481 0.665690 1.381899 0.004079 -0.041525 0.377699 0.054529
0.152779 0.653849 -0.908508 -0.048775 -0.069418 -0.004173 -0.274170 -0.016481 0.671461 1.341254 0.667382 1.382780 0.355883 0.060041
0.152779 0.692308 -0.908508 0.065040 -0.069418 0.005564 -0.274170 0.021977 0.708965 1.353597 0.041583 -0.029182 0.381556 -0.079988
0.166666 0.730772 -0.862489 0.178872 -0.065901 0.015303 -0.260282 0.060442 0.749537 1.346563 0.707954 1.375745 0.400070 -0.228172
0.166666 0.769231 -0.862489 0.292687 -0.065901 0.025041 -0.260282 0.098900 0.787079 1.357428 0.079125 -0.018317 0.430005 -0.363124
0.180556 0.846154 -0.816462 0.520335 -0.062385 0.044517 -0.246392 0.175823 0.865203 1.360565 0.786078 1.378882 0.486253 -0.619790
0.180556 0.884618 -0.816462 0.634167 -0.062385 0.054256 -0.246392 0.214288 0.902857 1.369455 0.116779 -0.009426 0.519780 -0.715822
0.166666 0.923077 -0.862489 0.747982 -0.065901 0.063994 -0.260282 0.252746 0.938002 1.392166 0.821224 1.401592 0.560259 -0.770711
0.166666 0.961541 -0.862489 0.861815 -0.065901 0.073732 -0.260282 0.291211 0.975879 1.399169 0.154655 -0.002423 0.594589 -0.841422
0.152779 1.000000 -0.908508 0.975630 -0.069418 0.083470 -0.274170 0.329670 1.011603 1.419190 0.856948 1.421613 0.635262 -0.877052
0.138889 1.000000 -0.954535 0.975630 -0.072935 0.083470 -0.288060 0.329670 1.009599 1.432791 0.152651 0.011178 0.641379 -0.852656
0.125001 1.000000 -1.000554 0.975630 -0.076451 0.083470 -0.301948 0.329670 1.007782 1.446441 0.855132 1.435263 0.647735 -0.829260
0.097223 1.000000 -1.092600 0.975630 -0.083484 0.083470 -0.329725 0.329670 1.004715 1.473878 0.149583 0.038615 0.661141 -0.785314
0.083333 1.000000 -1.138627 0.975630 -0.087001 0.083470 -0.343615 0.329670 1.003466 1.487655 0.853883 1.449040 0.668176 -0.764688
0.055555 0.961541 -1.230673 0.861815 -0.094034 0.073732 -0.371393 0.291211 0.963145 1.513083 0.109262 0.064043 0.650940 -0.664973
0.041668 0.923077 -1.276693 0.747982 -0.097550 0.063994 -0.385281 0.252746 0.924017 1.525687 0.814755 1.461644 0.628160 -0.580586
0.027778 0.846154 -1.322719 0.520335 -0.101067 0.044517 -0.399171 0.175823 0.846610 1.537980 0.031855 0.076336 0.578853 -0.414902
0.013890 0.807695 -1.368739 0.406520 -0.104583 0.034780 -0.413058 0.137365 0.807815 1.553601 0.775960 1.477266 0.561770 -0.321050
0.000000 0.730772 -1.414765 0.178872 -0.108100 0.015303 -0.426948 0.060442 0.730772 1.570796 -0.045188 0.093531 0.524017 -0.140632
0.000000 0.653849 -1.414765 -0.048775 -0.108100 -0.004173 -0.426948 -0.016481 0.653849 1.570796 0.699037 1.477266 0.483496 0.038584
0.000000 0.576926 -1.414765 -0.276423 -0.108100 -0.023649 -0.426948 -0.093404 0.576926 1.570796 -0.122111 0.093531 0.452524 0.215379
0.013890 0.423074 -1.368739 -0.731735 -0.104583 -0.062603 -0.413058 -0.247256 0.423302 1.537977 0.545413 1.444446 0.413077 0.539389
0.027778 0.384615 -1.322719 -0.845550 -0.101067 -0.072341 -0.399171 -0.285715 0.385617 1.498699 -0.159795 0.054253 0.401409 0.621233
0.041668 0.307692 -1.276693 -1.073197 -0.097550 -0.091817 -0.385281 -0.362638 0.310501 1.436195 0.470296 1.381942 0.403315 0.755133
0.069445 0.269228 -1.184647 -1.187030 -0.090517 -0.101556 -0.357503 -0.401103 0.278040 1.318356 -0.192256 -0.063586 0.390748 0.842808
0.083333 0.192305 -1.138627 -1.414677 -0.087001 -0.121033 -0.343615 -0.478026 0.209584 1.161884 0.401840 1.225470 0.416088 0.947550
0.111111 0.153846 -1.046581 -1.528492 -0.079968 -0.130770 -0.315838 -0.516484 0.189774 0.945312 -0.212066 -0.280157 0.417538 1.021953
0.138889 0.076923 -0.954535 -1.756140 -0.072935 -0.150246 -0.288060 -0.593407 0.158768 0.505792 0.370834 0.785950 0.453317 1.118870
0.208334 0.000000 -0.724416 -1.983787 -0.055352 -0.169723 -0.218614 -0.670330 0.208334 0.000000 -0.162500 -0.785950 0.479664 1.255543
0.236112 0.000000 -0.632370 -1.983787 -0.048318 -0.169723 -0.190837 -0.670330 0.236112 0.000000 0.398612 0.785950 0.467658 1.293443
0.263889 0.000000 -0.540324 -1.983787 -0.041285 -0.169723 -0.163059 -0.670330 0.263889 0.000000 -0.134722 -0.785950 0.457026 1.332179
0.333333 0.038459 -0.310212 -1.869972 -0.023703 -0.159985 -0.093616 -0.631872 0.335544 0.114868 0.470266 0.900818 0.399610 1.423710
0.361110 0.076923 -0.218165 -1.756140 -0.016670 -0.150246 -0.065838 -0.593407 0.369212 0.209881 -0.101054 -0.690937 0.356163 1.460299
0.388888 0.115382 -0.126119 -1.642325 -0.009637 -0.140509 -0.038060 -0.554949 0.405644 0.288423 0.506697 0.979360 0.313883 1.502320
0.430556 0.153846 0.011953 -1.528492 0.000913 -0.130770 0.003607 -0.516484 0.457216 0.343181 -0.049481 -0.636179 0.273126 -1.563812
0.458333 0.192305 0.104000 -1.414677 0.007946 -0.121033 0.031385 -0.478026 0.497042 0.397266 0.546523 1.033445 0.236733 -1.505235
0.472223 0.269228 0.150026 -1.187030 0.011463 -0.101556 0.045275 -0.401103 0.543579 0.518165 -0.002944 -0.515279 0.164090 -1.458396
0.500001 0.346151 0.242072 -0.959382 0.018496 -0.082080 0.073053 -0.324179 0.608130 0.605540 0.611073 1.120819 0.108926 -1.349152
0.500001 0.500003 0.242072 -0.504070 0.018496 -0.043126 0.073053 -0.170328 0.707110 0.785400 0.096037 -0.335419 0.103313 -1.165631
0.500001 0.615385 0.242072 -0.162608 0.018496 -0.013912 0.073053 -0.054946 0.792906 0.888479 0.696869 1.223898 0.202101 -0.644869
0.486111 0.692308 0.196046 0.065040 0.014980 0.005564 0.059163 0.021977 0.845928 0.958622 0.149059 -0.265276 0.271875 0.355674
0.472223 0.730772 0.150026 0.178872 0.011463 0.015303 0.045275 0.060442 0.870071 0.997099 0.721012 1.262375 0.307179 0.927892
0.430556 0.846154 0.011953 0.520335 0.000913 0.044517 0.003607 0.175823 0.949397 1.100103 0.228385 -0.162272 0.419221 1.550283
0.416666 0.884618 -0.034073 0.634167 -0.002603 0.054256 -0.010283 0.214288 0.977834 1.130607 0.749449 1.292879 0.457785 -1.522848
0.402778 0.884618 -0.080093 0.634167 -0.006120 0.054256 -0.024170 0.214288 0.971998 1.143533 0.222549 -0.149346 0.458308 -1.458477
0.388888 0.884618 -0.126119 0.634167 -0.009637 0.054256 -0.038060 0.214288 0.966325 1.156615 0.743776 1.305961 0.459250 -1.395016
0.388888 0.923077 -0.126119 0.747982 -0.009637 0.063994 -0.038060 0.252746 1.001651 1.172068 0.257875 -0.133893 0.497586 -1.421332
0.416666 0.923077 -0.034073 0.747982 -0.002603 0.063994 -0.010283 0.252746 1.012759 1.146789 0.754884 1.280682 0.496235 -1.530135
0.458333 0.923077 0.104000 0.747982 0.007946 0.063994 0.031385 0.252746 1.030602 1.109930 0.275718 -0.170752 0.497120 1.447253
0.500001 0.923077 0.242072 0.747982 0.018496 0.063994 0.073053 0.252746 1.049796 1.074373 0.774078 1.245125 0.501478 1.289429
0.555556 0.923077 0.426165 0.747982 0.032563 0.063994 0.128608 0.252746 1.077364 1.029016 0.303286 -0.216109 0.512527 1.100100
0.680555 0.923077 0.840369 0.747982 0.064211 0.063994 0.253607 0.252746 1.146833 0.935494 0.843547 1.151603 0.557189 0.783699
0.722223 0.923077 0.978442 0.747982 0.074761 0.063994 0.295274 0.252746 1.172040 0.906875 0.328492 -0.244728 0.577348 0.707951
0.777778 0.923077 1.162534 0.747982 0.088827 0.063994 0.350830 0.252746 1.207067 0.870618 0.878574 1.115346 0.607639 0.624303
0.833334 0.961541 1.346626 0.861815 0.102894 0.073732 0.406385 0.291211 1.272402 0.856707 0.393828 -0.258639 0.671520 0.621773
0.847221 0.961541 1.392646 0.861815 0.106410 0.073732 0.420273 0.291211 1.281541 0.848518 0.887713 1.107157 0.680014 0.605951
0.875001 0.961541 1.484699 0.861815 0.113444 0.073732 0.448053 0.291211 1.300073 0.832485 0.412360 -0.274672 0.697525 0.576338
0.875001 0.923077 1.484699 0.747982 0.113444 0.063994 0.448053 0.252746 1.271888 0.812129 0.859528 1.086801 0.668502 0.513604
0.875001 0.884618 1.484699 0.634167 0.113444 0.054256 0.448053 0.214288 1.244258 0.790863 0.384730 -0.295938 0.640479 0.446109
0.875001 0.846154 1.484699 0.520335 0.113444 0.044517 0.448053 0.175823 1.217211 0.768639 0.832482 1.064577 0.613583 0.373952
0.861111 0.807695 1.438672 0.406520 0.109927 0.034780 0.434163 0.137365 1.180629 0.753400 0.348147 -0.311176 0.577465 0.306425
0.861111 0.730772 1.438672 0.178872 0.109927 0.015303 0.434163 0.060442 1.129398 0.703703 0.781251 1.014879 0.529912 0.138325
0.861111 0.692308 1.438672 0.065040 0.109927 0.005564 0.434163 0.021977 1.104899 0.677157 0.323648 -0.337722 0.508835 0.050577
0.888889 0.615385 1.530718 -0.162608 0.116960 -0.013912 0.461941 -0.054946 1.081121 0.605545 0.757473 0.943267 0.498896 -0.118389
0.902779 0.576926 1.576745 -0.276423 0.120477 -0.023649 0.475831 -0.093404 1.071379 0.568643 0.313907 -0.374624 0.498907 -0.193833
0.930557 0.538462 1.668791 -0.390255 0.127510 -0.033388 0.503608 -0.131869 1.075117 0.524569 0.761210 0.899193 0.515807 -0.256098
0.958334 0.538462 1.760837 -0.390255 0.134543 -0.033388 0.531386 -0.131869 1.099248 0.511912 0.338037 -0.387280 0.542961 -0.243246
0.972222 0.538462 1.806857 -0.390255 0.138059 -0.033388 0.545274 -0.131869 1.111376 0.505791 0.773339 0.893072 0.556560 -0.237284
1.000000 0.653849 1.898903 -0.048775 0.145092 -0.004173 0.573052 -0.016481 1.194788 0.579076 0.421449 -0.313995 0.616338 -0.028753
1.000000 0.692308 1.898903 0.065040 0.145092 0.005564 0.573052 0.021977 1.216261 0.605545 0.794811 0.919540 0.631509 0.038333
0.986112 0.807695 1.852883 0.406520 0.141576 0.034780 0.559164 0.137365 1.274672 0.686261 0.479861 -0.233279 0.676485 0.240891
0.944445 0.923077 1.714811 0.747982 0.131026 0.063994 0.517496 0.252746 1.320624 0.773957 0.840763 1.007236 0.716900 0.454327
0.930557 0.961541 1.668791 0.861815 0.127510 0.073732 0.503608 0.291211 1.338095 0.801772 0.497332 -0.205463 0.734446 0.524272
0.902779 1.000000 1.576745 0.975630 0.120477 0.083470 0.475831 0.329670 1.347223 0.836448 0.849891 1.041911 0.744851 0.605897
