0.033333 0.374997 -1.413833 -0.529472 -0.111727 -0.049331 -0.414952 -0.183212 0.376475 1.482140 0.376475 1.482140 0.421375 0.415785
0.066669 0.374997 -1.300251 -0.529472 -0.102751 -0.049331 -0.381616 -0.183212 0.380877 1.394849 0.004402 -0.087291 0.388590 0.447598
0.083334 0.374997 -1.243468 -0.529472 -0.098264 -0.049331 -0.364951 -0.183212 0.384145 1.352123 0.379743 1.439414 0.372237 0.465262
0.100002 0.374997 -1.186677 -0.529472 -0.093776 -0.049331 -0.348283 -0.183212 0.388102 1.310186 0.008359 -0.129227 0.355911 0.484265
0.116668 0.374997 -1.129895 -0.529472 -0.089289 -0.049331 -0.331618 -0.183212 0.392726 1.269173 0.384368 1.398400 0.339620 0.504746
0.133336 0.416667 -1.073104 -0.409049 -0.084801 -0.038111 -0.314950 -0.141543 0.437481 1.261089 0.053113 -0.137311 0.316533 0.422366
0.133336 0.458330 -1.073104 -0.288644 -0.084801 -0.026893 -0.314950 -0.099879 0.477331 1.287694 0.424218 1.425006 0.315110 0.307094
0.150001 0.583333 -1.016321 0.072607 -0.080314 0.006765 -0.298285 0.025124 0.602311 1.319105 0.178093 -0.105901 0.327432 -0.084030
0.150001 0.624997 -1.016321 0.193012 -0.080314 0.017983 -0.298285 0.066788 0.642745 1.335249 0.464652 1.441150 0.346700 -0.220273
0.133336 0.708330 -1.073104 0.433840 -0.084801 0.040421 -0.314950 0.150121 0.720770 1.384734 0.256118 -0.056415 0.408432 -0.444794
0.133336 0.750000 -1.073104 0.554263 -0.084801 0.051640 -0.314950 0.191791 0.761760 1.394854 0.505642 1.451269 0.436148 -0.546979
0.116668 0.791664 -1.129895 0.674668 -0.089289 0.062858 -0.331618 0.233454 0.800214 1.424479 0.294572 -0.026790 0.477367 -0.613396
0.083334 0.791664 -1.243468 0.674668 -0.098264 0.062858 -0.364951 0.233454 0.796038 1.465918 0.501465 1.492708 0.501097 -0.569091
0.066669 0.791664 -1.300251 0.674668 -0.102751 0.062858 -0.381616 0.233454 0.794466 1.486781 0.293000 -0.005927 0.513361 -0.549015
0.050001 0.791664 -1.357042 0.674668 -0.107239 0.062858 -0.398284 0.233454 0.793241 1.507721 0.500241 1.513647 0.525870 -0.530173
0.033333 0.750000 -1.413833 0.554263 -0.111727 0.051640 -0.414952 0.191791 0.750740 1.526381 0.250500 0.012734 0.513047 -0.432953
0.016668 0.708330 -1.470616 0.433840 -0.116214 0.040421 -0.431618 0.150121 0.708526 1.547269 0.458027 1.534536 0.503902 -0.334723
0.000000 0.541664 -1.527407 -0.047816 -0.120702 -0.004455 -0.448285 -0.016546 0.541664 1.570796 0.083637 0.036261 0.457908 0.036892
0.000000 0.500000 -1.527407 -0.168221 -0.120702 -0.015673 -0.448285 -0.058209 0.500000 1.570796 0.416363 1.534536 0.451258 0.129126
0.000000 0.416667 -1.527407 -0.409049 -0.120702 -0.038111 -0.448285 -0.141543 0.416667 1.570796 0.000304 0.036261 0.449399 0.305836
0.016668 0.333333 -1.470616 -0.649877 -0.116214 -0.060549 -0.431618 -0.224876 0.333750 1.520834 0.333446 1.484574 0.446663 0.480312
0.033333 0.250000 -1.413833 -0.890705 -0.111727 -0.082986 -0.414952 -0.308209 0.252212 1.438245 -0.081234 -0.046328 0.459894 0.638850
0.066669 0.166667 -1.300251 -1.131533 -0.102751 -0.105424 -0.381616 -0.391543 0.179506 1.190278 0.260740 1.236606 0.474279 0.798236
0.133336 0.041664 -1.073104 -1.492784 -0.084801 -0.139082 -0.314950 -0.516546 0.139693 0.302859 -0.121047 -0.933747 0.514329 1.023258
0.166669 0.000000 -0.959530 -1.613189 -0.075826 -0.150300 -0.281617 -0.558209 0.166669 0.000000 0.287716 0.933747 0.529403 1.103555
0.200002 0.000000 -0.845956 -1.613189 -0.066851 -0.150300 -0.248283 -0.558209 0.200002 0.000000 -0.087714 -0.933747 0.512449 1.152287
0.250001 0.000000 -0.675600 -1.613189 -0.053389 -0.150300 -0.198285 -0.558209 0.250001 0.000000 0.337714 0.933747 0.490180 1.229482
0.333335 0.000000 -0.391661 -1.613189 -0.030951 -0.150300 -0.114950 -0.558209 0.333335 0.000000 -0.004379 -0.933747 0.462789 1.367708
0.366668 0.000000 -0.278088 -1.613189 -0.021976 -0.150300 -0.081617 -0.558209 0.366668 0.000000 0.371047 0.933747 0.455655 1.425613
0.400002 0.041664 -0.164514 -1.492784 -0.013001 -0.139082 -0.048284 -0.516546 0.402165 0.103784 0.031118 -0.829963 0.409479 1.477593
0.433335 0.083333 -0.050940 -1.372361 -0.004026 -0.127862 -0.014951 -0.474876 0.441275 0.189988 0.410157 1.019951 0.365258 1.539323
0.450000 0.166667 0.005842 -1.131533 0.000462 -0.105424 0.001715 -0.391543 0.479873 0.354706 0.069716 -0.665245 0.281624 -1.566417
0.466668 0.250000 0.062634 -0.890705 0.004950 -0.082986 0.018383 -0.308209 0.529414 0.491808 0.459698 1.157053 0.199136 -1.511224
0.483333 0.416667 0.119416 -0.409049 0.009437 -0.038111 0.035048 -0.141543 0.638140 0.711459 0.178442 -0.445594 0.047203 -1.328064
0.483333 0.541664 0.119416 -0.047816 0.009437 -0.004455 0.035048 -0.016546 0.725955 0.842244 0.547513 1.287839 0.099739 -0.441070
0.466668 0.583333 0.062634 0.072607 0.004950 0.006765 0.018383 0.025124 0.747032 0.896054 0.199519 -0.391785 0.136293 0.939129
0.466668 0.666667 0.062634 0.313435 0.004950 0.029203 0.018383 0.108457 0.813771 0.960069 0.614252 1.351854 0.219154 1.402901
0.433335 0.750000 -0.050940 0.554263 -0.004026 0.051640 -0.014951 0.191791 0.866186 1.046876 0.251934 -0.304978 0.302085 -1.493001
0.416667 0.750000 -0.107731 0.554263 -0.008513 0.051640 -0.031619 0.191791 0.857969 1.063698 0.606035 1.368676 0.303367 -1.407406
0.416667 0.791664 -0.107731 0.674668 -0.008513 0.062858 -0.031619 0.233454 0.894619 1.086317 0.288584 -0.282359 0.344831 -1.436178
0.400002 0.791664 -0.164514 0.674668 -0.013001 0.062858 -0.048284 0.233454 0.886979 1.102944 0.598396 1.385303 0.346756 -1.366848
0.400002 0.833333 -0.164514 0.795091 -0.013001 0.074078 -0.048284 0.275124 0.924362 1.123275 0.325967 -0.262028 0.388063 -1.397067
0.433335 0.833333 -0.050940 0.795091 -0.004026 0.074078 -0.014951 0.275124 0.939268 1.091276 0.613301 1.353304 0.385338 -1.516508
0.466668 0.874997 0.062634 0.915496 0.004950 0.085296 0.018383 0.316788 0.991665 1.080836 0.378364 -0.272468 0.427107 1.512833
0.533335 0.874997 0.289781 0.915496 0.022900 0.085296 0.085049 0.316788 1.024727 1.023401 0.646363 1.295869 0.435105 1.308508
0.600001 0.916667 0.516928 1.035919 0.040850 0.096516 0.151716 0.358457 1.095572 0.991232 0.449209 -0.304637 0.492340 1.170412
0.666668 0.916667 0.744076 1.035919 0.058800 0.096516 0.218382 0.358457 1.133456 0.941999 0.684247 1.246637 0.516790 1.023620
0.783335 0.958330 1.141588 1.156324 0.090213 0.107734 0.335050 0.400121 1.237744 0.885538 0.553497 -0.361099 0.610249 0.873680
0.816668 1.000000 1.255162 1.276747 0.099188 0.118954 0.368383 0.441791 1.291103 0.885974 0.737606 1.247073 0.663397 0.875759
0.850002 1.000000 1.368735 1.276747 0.108163 0.118954 0.401716 0.441791 1.312442 0.866301 0.574835 -0.380771 0.682470 0.832872
0.900000 1.000000 1.539092 1.276747 0.121626 0.118954 0.451715 0.441791 1.345363 0.837981 0.770527 1.218753 0.713046 0.774292
0.900000 0.958330 1.539092 1.156324 0.121626 0.107734 0.451715 0.400121 1.314685 0.816776 0.544158 -0.401976 0.681316 0.724904
0.883335 0.916667 1.482309 1.035919 0.117139 0.096516 0.435049 0.358457 1.273012 0.803914 0.728854 1.205890 0.639257 0.689173
0.883335 0.874997 1.482309 0.915496 0.117139 0.085296 0.435049 0.316788 1.243342 0.780656 0.514489 -0.425234 0.609385 0.629379
0.866667 0.833333 1.425518 0.795091 0.112651 0.074078 0.418382 0.275124 1.202313 0.765793 0.687824 1.191026 0.568599 0.581693
0.850002 0.708330 1.368735 0.433840 0.108163 0.040421 0.401716 0.150121 1.106451 0.694735 0.418627 -0.496291 0.478539 0.357630
0.850002 0.624997 1.368735 0.193012 0.108163 0.017983 0.401716 0.066788 1.055047 0.634019 0.636420 1.130311 0.438865 0.164749
0.850002 0.500000 1.368735 -0.168221 0.108163 -0.015673 0.401716 -0.058209 0.986156 0.531723 0.349736 -0.598587 0.405031 -0.143900
0.866667 0.458330 1.425518 -0.288644 0.112651 -0.026893 0.418382 -0.099879 0.980397 0.486454 0.630661 1.085042 0.418502 -0.234341
0.866667 0.416667 1.425518 -0.409049 0.112651 -0.038111 0.418382 -0.141543 0.961625 0.448145 0.330964 -0.636897 0.419575 -0.326223
0.916668 0.374997 1.595883 -0.529472 0.126114 -0.049331 0.468383 -0.183212 0.990406 0.388315 0.659442 1.025212 0.474082 -0.372862
0.933334 0.374997 1.652665 -0.529472 0.130601 -0.049331 0.485048 -0.183212 1.005850 0.382042 0.346408 -0.643170 0.490554 -0.361153
0.966667 0.374997 1.766239 -0.529472 0.139576 -0.049331 0.518381 -0.183212 1.036854 0.370056 0.690446 1.013226 0.523536 -0.339729
0.983335 0.458330 1.823030 -0.288644 0.144064 -0.026893 0.535049 -0.099879 1.084903 0.436160 0.394456 -0.577067 0.535143 -0.184549
1.000000 0.541664 1.879813 -0.047816 0.148551 -0.004455 0.551715 -0.016546 1.137277 0.496420 0.742821 1.073487 0.559561 -0.029981
1.000000 0.583333 1.879813 0.072607 0.148551 0.006765 0.551715 0.025124 1.157704 0.528074 0.414883 -0.545412 0.568003 0.045507
0.983335 0.750000 1.823030 0.554263 0.144064 0.051640 0.535049 0.191791 1.236708 0.651587 0.821825 1.196999 0.614255 0.344187
0.950001 0.874997 1.709457 0.915496 0.135089 0.085296 0.501716 0.316788 1.291558 0.744323 0.469733 -0.452676 0.658636 0.563194
