0.020835 0.409094 -1.498477 -0.580120 -0.112415 -0.053347 -0.436341 -0.207069 0.409625 1.519911 0.409625 1.519911 0.438982 0.443087
0.041667 0.409094 -1.426937 -0.580120 -0.107049 -0.053347 -0.415509 -0.207069 0.411211 1.469296 0.001586 -0.050615 0.418282 0.462326
0.062501 0.409094 -1.355386 -0.580120 -0.101681 -0.053347 -0.394675 -0.207069 0.413841 1.419189 0.412255 1.469804 0.397593 0.483178
0.083333 0.409094 -1.283846 -0.580120 -0.096314 -0.053347 -0.373843 -0.207069 0.417496 1.369844 0.005241 -0.099960 0.376922 0.505826
0.104168 0.454545 -1.212296 -0.452785 -0.090946 -0.041638 -0.353008 -0.161617 0.466329 1.345517 0.461088 1.445477 0.353018 0.429346
0.125000 0.545455 -1.140756 -0.198095 -0.085579 -0.018217 -0.332176 -0.070708 0.559594 1.345520 0.098506 -0.099957 0.343707 0.209734
0.125000 0.636364 -1.140756 0.056594 -0.085579 0.005204 -0.332176 0.020201 0.648524 1.376838 0.550018 1.476794 0.377425 -0.060738
0.125000 0.727273 -1.140756 0.311283 -0.085579 0.028625 -0.332176 0.111110 0.737937 1.400585 0.187918 -0.076209 0.428128 -0.322791
0.125000 0.772731 -1.140756 0.438637 -0.085579 0.040337 -0.332176 0.156568 0.782776 1.410422 0.594857 1.486632 0.458166 -0.440457
0.125000 0.818182 -1.140756 0.565972 -0.085579 0.052047 -0.332176 0.202019 0.827675 1.419191 0.232818 -0.067440 0.490578 -0.546403
0.125000 0.863640 -1.140756 0.693327 -0.085579 0.063758 -0.332176 0.247477 0.872639 1.427059 0.639821 1.494499 0.524932 -0.640304
0.104168 0.909091 -1.212296 0.820662 -0.090946 0.075468 -0.353008 0.292928 0.915039 1.456709 0.275219 -0.037790 0.573447 -0.692652
0.083333 0.954549 -1.283846 0.948016 -0.096314 0.087179 -0.373843 0.338386 0.958180 1.483716 0.682961 1.521506 0.622204 -0.735656
0.062501 0.909091 -1.355386 0.820662 -0.101681 0.075468 -0.394675 0.292928 0.911237 1.502153 0.228276 -0.019353 0.599996 -0.638491
0.041667 0.863640 -1.426937 0.693327 -0.107049 0.063758 -0.415509 0.247477 0.864644 1.522588 0.636368 1.541941 0.581258 -0.537177
0.020835 0.818182 -1.498477 0.565972 -0.112415 0.052047 -0.436341 0.202019 0.818447 1.545337 0.182079 0.003396 0.566320 -0.433599
0.020835 0.727273 -1.498477 0.311283 -0.112415 0.028625 -0.436341 0.111110 0.727571 1.542156 0.545492 1.538761 0.513172 -0.249341
0.000000 0.636364 -1.570028 0.056594 -0.117783 0.005204 -0.457176 0.020201 0.636364 1.570796 0.090871 0.032036 0.491038 -0.044157
0.000000 0.545455 -1.570028 -0.198095 -0.117783 -0.018217 -0.457176 -0.070708 0.545455 1.570796 0.454583 1.538761 0.465621 0.153448
0.000000 0.454545 -1.570028 -0.452785 -0.117783 -0.041638 -0.457176 -0.161617 0.454545 1.570796 -0.000038 0.032036 0.457184 0.339801
0.000000 0.363636 -1.570028 -0.707474 -0.117783 -0.065059 -0.457176 -0.252527 0.363636 1.570796 0.363674 1.538761 0.466647 0.504655
0.000000 0.272727 -1.570028 -0.962163 -0.117783 -0.088480 -0.457176 -0.343436 0.272727 1.570796 -0.090947 0.032036 0.492982 0.644276
0.020835 0.181818 -1.498477 -1.216853 -0.112415 -0.111901 -0.436341 -0.434345 0.183008 1.456702 0.273955 1.424667 0.515961 0.783105
0.062501 0.136367 -1.355386 -1.344188 -0.101681 -0.123611 -0.394675 -0.479796 0.150008 1.141035 -0.123947 -0.283631 0.508612 0.882433
0.104168 0.090909 -1.212296 -1.471542 -0.090946 -0.135322 -0.353008 -0.525254 0.138259 0.717535 0.262205 1.001167 0.508691 0.979061
0.145834 0.045458 -1.069205 -1.598877 -0.080212 -0.147032 -0.311342 -0.570705 0.152755 0.302165 -0.109450 -0.699002 0.516183 1.071385
0.270834 0.000000 -0.639933 -1.726231 -0.048008 -0.158743 -0.186342 -0.616163 0.270834 0.000000 0.380284 0.699002 0.493693 1.277118
0.333332 0.000000 -0.425302 -1.726231 -0.031906 -0.158743 -0.123844 -0.616163 0.333332 0.000000 -0.046952 -0.699002 0.473653 1.372447
0.374999 0.000000 -0.282212 -1.726231 -0.021171 -0.158743 -0.082177 -0.616163 0.374999 0.000000 0.421951 0.699002 0.464503 1.438209
0.416665 0.045458 -0.139121 -1.598877 -0.010437 -0.147032 -0.040511 -0.570705 0.419138 0.108670 -0.002813 -0.590333 0.413706 1.499932
0.458332 0.090909 0.003969 -1.471542 0.000298 -0.135322 0.001156 -0.525254 0.467261 0.195806 0.470074 0.786139 0.366269 -1.568596
0.479167 0.181818 0.075520 -1.216853 0.005666 -0.111901 0.021991 -0.434345 0.512502 0.362663 0.042428 -0.423476 0.276235 -1.520210
0.500002 0.318185 0.147071 -0.834809 0.011033 -0.076769 0.042826 -0.297978 0.592658 0.566733 0.550230 0.990208 0.145439 -1.428053
0.500002 0.409094 0.147071 -0.580120 0.011033 -0.053347 0.042826 -0.207069 0.646034 0.685732 0.095804 -0.304476 0.064388 -1.366853
0.500002 0.500003 0.147071 -0.325430 0.011033 -0.029926 0.042826 -0.116160 0.707110 0.785400 0.611306 1.089876 0.060566 -1.217579
0.500002 0.590913 0.147071 -0.070741 0.011033 -0.006505 0.042826 -0.025250 0.774067 0.868541 0.162761 -0.221336 0.140426 -0.532746
0.479167 0.636364 0.075520 0.056594 0.005666 0.005204 0.021991 0.020201 0.796592 0.925393 0.633832 1.146729 0.180532 0.742997
0.458332 0.727273 0.003969 0.311283 0.000298 0.028625 0.001156 0.111110 0.859647 1.008462 0.225816 -0.138267 0.270099 1.560394
0.437500 0.772731 -0.067570 0.438637 -0.005069 0.040337 -0.019676 0.156568 0.887986 1.055620 0.662170 1.193887 0.316168 -1.445782
0.395834 0.863640 -0.210661 0.693327 -0.015804 0.063758 -0.061342 0.247477 0.950031 1.141035 0.287860 -0.052852 0.411067 -1.327822
0.374999 0.863640 -0.282212 0.693327 -0.021171 0.063758 -0.082177 0.247477 0.941540 1.161153 0.653680 1.214005 0.414688 -1.250192
0.354167 0.863640 -0.353752 0.693327 -0.026538 0.063758 -0.103009 0.247477 0.933439 1.181625 0.279759 -0.032380 0.419313 -1.176372
0.354167 0.909091 -0.353752 0.820662 -0.026538 0.075468 -0.103009 0.292928 0.975644 1.199302 0.695885 1.231681 0.463506 -1.232650
0.374999 0.909091 -0.282212 0.820662 -0.021171 0.075468 -0.082177 0.292928 0.983397 1.179562 0.287513 -0.052119 0.459326 -1.297290
0.395834 0.909091 -0.210661 0.820662 -0.015804 0.075468 -0.061342 0.292928 0.991529 1.160136 0.704017 1.212255 0.456059 -1.364368
0.437500 0.909091 -0.067570 0.820662 -0.005069 0.075468 -0.019676 0.292928 1.008887 1.122261 0.304870 -0.089994 0.452343 -1.503728
0.562500 0.909091 0.361701 0.820662 0.027135 0.075468 0.105324 0.292928 1.069043 1.016704 0.764173 1.106698 0.464026 1.225635
0.625001 0.909091 0.576343 0.820662 0.043237 0.075468 0.167825 0.292928 1.103210 0.968508 0.339038 -0.138190 0.482071 1.050524
0.687499 0.909091 0.790973 0.820662 0.059339 0.075468 0.230323 0.292928 1.139781 0.923308 0.800744 1.061498 0.507224 0.904477
0.750001 0.909091 1.005615 0.820662 0.075441 0.075468 0.292825 0.292928 1.178536 0.880996 0.377792 -0.180502 0.538492 0.785574
0.833334 0.909091 1.291796 0.820662 0.096910 0.075468 0.376158 0.292928 1.233244 0.828849 0.855452 1.009351 0.587981 0.661640
0.875000 0.909091 1.434887 0.820662 0.107645 0.075468 0.417824 0.292928 1.261773 0.804504 0.406321 -0.204847 0.615471 0.611450
0.895832 0.909091 1.506427 0.820662 0.113012 0.075468 0.438656 0.292928 1.276308 0.792744 0.869986 0.997591 0.629799 0.588776
0.916667 0.909091 1.577977 0.820662 0.118380 0.075468 0.459491 0.292928 1.291017 0.781249 0.421030 -0.216342 0.644483 0.567541
0.895832 0.863640 1.506427 0.693327 0.113012 0.063758 0.438656 0.247477 1.244343 0.767104 0.823312 0.983446 0.598023 0.513658
0.895832 0.818182 1.506427 0.565972 0.113012 0.052047 0.438656 0.202019 1.213234 0.740126 0.389922 -0.243320 0.568106 0.431585
0.875000 0.772731 1.434887 0.438637 0.107645 0.040337 0.417824 0.156568 1.167364 0.723411 0.777442 0.966731 0.523595 0.358526
0.854166 0.727273 1.363336 0.311283 0.102277 0.028625 0.396990 0.111110 1.121840 0.705331 0.344397 -0.261400 0.480159 0.272898
0.833334 0.590913 1.291796 -0.070741 0.096910 -0.006505 0.376158 -0.025250 1.021579 0.616804 0.677181 0.878203 0.399224 -0.067027
0.833334 0.545455 1.291796 -0.198095 0.096910 -0.018217 0.376158 -0.070708 0.995975 0.579564 0.318794 -0.298640 0.386378 -0.185807
0.833334 0.500003 1.291796 -0.325430 0.096910 -0.029926 0.376158 -0.116160 0.971828 0.540422 0.653034 0.839062 0.378588 -0.299515
0.875000 0.454545 1.434887 -0.452785 0.107645 -0.041638 0.417824 -0.161617 0.986021 0.479110 0.332987 -0.359952 0.417833 -0.369082
0.895832 0.409094 1.506427 -0.580120 0.113012 -0.053347 0.438656 -0.207069 0.984821 0.428382 0.651834 0.788334 0.441283 -0.441041
0.958333 0.409094 1.721068 -0.580120 0.129114 -0.053347 0.501157 -0.207069 1.041999 0.403463 0.390164 -0.384871 0.503459 -0.391817
0.979165 0.454545 1.792608 -0.452785 0.134481 -0.041638 0.521989 -0.161617 1.079526 0.434614 0.689361 0.819485 0.521996 -0.300258
1.000000 0.590913 1.864159 -0.070741 0.139849 -0.006505 0.542824 -0.025250 1.161541 0.533711 0.472180 -0.285774 0.559056 -0.046483
1.000000 0.636364 1.864159 0.056594 0.139849 0.005204 0.542824 0.020201 1.185310 0.566729 0.713130 0.852503 0.571635 0.037197
1.000000 0.727273 1.864159 0.311283 0.139849 0.028625 0.542824 0.111110 1.236497 0.628796 0.523367 -0.223707 0.606309 0.201900
1.000000 0.863640 1.864159 0.693327 0.139849 0.063758 0.542824 0.247477 1.321315 0.712360 0.797948 0.936067 0.678138 0.427755
0.979165 0.909091 1.792608 0.820662 0.134481 0.075468 0.521989 0.292928 1.336118 0.748305 0.538170 -0.187762 0.690434 0.511383
0.979165 0.954549 1.792608 0.948016 0.134481 0.087179 0.521989 0.338386 1.367453 0.772669 0.829283 0.960431 0.721008 0.575153
0.958333 1.000000 1.721068 1.075351 0.129114 0.098889 0.501157 0.383837 1.385064 0.806671 0.555781 -0.153759 0.738794 0.653600
