0.019232 0.366664 -1.455948 -0.711235 -0.117602 -0.064333 -0.450389 -0.246380 0.367168 1.518393 0.367168 1.518393 0.462007 0.500566
0.038461 0.366664 -1.393787 -0.711235 -0.112581 -0.064333 -0.431160 -0.246380 0.368676 1.466283 0.001508 -0.052110 0.443282 0.519151
0.057694 0.366664 -1.331616 -0.711235 -0.107559 -0.064333 -0.411928 -0.246380 0.371175 1.414729 0.369668 1.466838 0.424599 0.539032
0.096155 0.400000 -1.207284 -0.615003 -0.097516 -0.055628 -0.373466 -0.213044 0.411395 1.334885 0.041727 -0.131953 0.379900 0.518408
0.115384 0.433331 -1.145122 -0.518785 -0.092495 -0.046925 -0.354237 -0.179713 0.448430 1.310562 0.406702 1.442515 0.356091 0.469490
0.134616 0.466667 -1.082952 -0.422553 -0.087474 -0.038221 -0.335005 -0.146377 0.485695 1.289957 0.078992 -0.152558 0.335018 0.411941
0.153846 0.500003 -1.020790 -0.326321 -0.082453 -0.029516 -0.315776 -0.113041 0.523136 1.272300 0.444143 1.424858 0.317234 0.343766
0.153846 0.533333 -1.020790 -0.230104 -0.082453 -0.020813 -0.315776 -0.079711 0.555079 1.289959 0.110936 -0.134899 0.322139 0.247263
0.153846 0.566669 -1.020790 -0.133872 -0.082453 -0.012109 -0.315776 -0.046375 0.587182 1.305695 0.476246 1.440594 0.330352 0.145818
0.153846 0.600000 -1.020790 -0.037655 -0.082453 -0.003406 -0.315776 -0.013044 0.619410 1.319794 0.143164 -0.120799 0.341633 0.041284
0.134616 0.633336 -1.082952 0.058577 -0.087474 0.005298 -0.335005 0.020292 0.647484 1.361362 0.504320 1.482161 0.372868 -0.060498
0.115384 0.633336 -1.145122 0.058577 -0.092495 0.005298 -0.354237 0.020292 0.643761 1.390588 0.139440 -0.091573 0.390239 -0.057221
0.096155 0.633336 -1.207284 0.058577 -0.097516 0.005298 -0.373466 0.020292 0.640594 1.420124 0.501153 1.511697 0.407774 -0.054281
0.076923 0.633336 -1.269455 0.058577 -0.102538 0.005298 -0.392698 0.020292 0.637990 1.449932 0.136837 -0.061766 0.425458 -0.051627
0.057694 0.633336 -1.331616 0.058577 -0.107559 0.005298 -0.411928 0.020292 0.635958 1.479952 0.499121 1.541718 0.443268 -0.049221
0.038461 0.600000 -1.393787 -0.037655 -0.112581 -0.003406 -0.431160 -0.013044 0.601231 1.506782 0.102110 -0.034936 0.450441 0.030244
0.019232 0.566669 -1.455948 -0.133872 -0.117602 -0.012109 -0.450389 -0.046375 0.566995 1.536870 0.464885 1.571807 0.460726 0.102604
0.000000 0.500003 -1.518119 -0.326321 -0.122623 -0.029516 -0.469621 -0.113041 0.500003 1.570796 0.035117 -0.001010 0.470603 0.236214
0.000000 0.433331 -1.518119 -0.518785 -0.122623 -0.046925 -0.469621 -0.179713 0.433331 1.570796 0.398214 1.571807 0.471021 0.365484
0.000000 0.366664 -1.518119 -0.711235 -0.122623 -0.064333 -0.469621 -0.246380 0.366664 1.570796 -0.031550 -0.001010 0.480775 0.483161
0.038461 0.200000 -1.393787 -1.192351 -0.112581 -0.107850 -0.431160 -0.413044 0.203665 1.380809 0.235214 1.381819 0.508522 0.763942
0.076923 0.133333 -1.269455 -1.384801 -0.102538 -0.125258 -0.392698 -0.479711 0.153931 1.047519 -0.081283 -0.334300 0.517012 0.884807
0.115384 0.066667 -1.145122 -1.577250 -0.092495 -0.142665 -0.354237 -0.546377 0.133259 0.523921 0.214542 0.858220 0.536522 0.995591
0.173078 0.000000 -0.958620 -1.769699 -0.077431 -0.160073 -0.296543 -0.613044 0.173078 0.000000 -0.041464 -0.858220 0.555412 1.120255
0.230769 0.000000 -0.772126 -1.769699 -0.062367 -0.160073 -0.238853 -0.613044 0.230769 0.000000 0.272232 0.858220 0.526873 1.199272
0.288462 0.000000 -0.585623 -1.769699 -0.047303 -0.160073 -0.181159 -0.613044 0.288462 0.000000 0.016230 -0.858220 0.503352 1.283466
0.346153 0.000000 -0.399130 -1.769699 -0.032239 -0.160073 -0.123468 -0.613044 0.346153 0.000000 0.329923 0.858220 0.485581 1.372053
0.403846 0.033331 -0.212627 -1.673482 -0.017175 -0.151370 -0.065775 -0.579713 0.405220 0.082347 0.075296 -0.775874 0.441221 1.457818
0.442308 0.099997 -0.088295 -1.481032 -0.007132 -0.133962 -0.027313 -0.513046 0.453471 0.222343 0.378174 0.998217 0.370632 1.517609
0.480769 0.133333 0.036038 -1.384801 0.002911 -0.125258 0.011148 -0.479711 0.498916 0.270534 0.120741 -0.727683 0.336473 -1.547561
0.519231 0.200000 0.160370 -1.192351 0.012954 -0.107850 0.049609 -0.413044 0.556418 0.367670 0.435676 1.095353 0.274147 -1.451262
0.538463 0.299997 0.222541 -0.903684 0.017975 -0.081740 0.068842 -0.313046 0.616393 0.508306 0.180717 -0.587047 0.183061 -1.354333
0.538463 0.366664 0.222541 -0.711235 0.017975 -0.064333 0.068842 -0.246380 0.651448 0.597823 0.470731 1.184870 0.123852 -1.298332
0.538463 0.433331 0.222541 -0.518785 0.017975 -0.046925 0.068842 -0.179713 0.691171 0.677634 0.220440 -0.507236 0.077821 -1.204975
0.519231 0.500003 0.160370 -0.326321 0.012954 -0.029516 0.049609 -0.113041 0.720835 0.766535 0.500395 1.273771 0.058173 -1.157244
0.500001 0.566669 0.098208 -0.133872 0.007933 -0.012109 0.030380 -0.046375 0.755722 0.847818 0.255327 -0.425954 0.101692 -0.990843
0.480769 0.600000 0.036038 -0.037655 0.002911 -0.003406 0.011148 -0.013044 0.768856 0.895274 0.513529 1.321228 0.130854 -0.863608
0.442308 0.700003 -0.088295 0.251027 -0.007132 0.022706 -0.027313 0.086959 0.828034 1.007275 0.314505 -0.313953 0.231995 -1.266457
0.423079 0.733333 -0.150456 0.347244 -0.012153 0.031409 -0.046543 0.120289 0.846625 1.047516 0.532120 1.361469 0.267788 -1.201614
0.403846 0.766669 -0.212627 0.443476 -0.017175 0.040113 -0.065775 0.153625 0.866530 1.085975 0.334410 -0.275494 0.304243 -1.166260
0.384617 0.766669 -0.274788 0.443476 -0.022196 0.040113 -0.085004 0.153625 0.857737 1.105811 0.523327 1.381305 0.308971 -1.065407
0.384617 0.800000 -0.274788 0.539694 -0.022196 0.048816 -0.085004 0.186956 0.887654 1.122650 0.364328 -0.258656 0.341139 -1.144062
0.423079 0.800000 -0.150456 0.539694 -0.012153 0.048816 -0.046543 0.186956 0.904984 1.084337 0.540656 1.342993 0.333641 -1.326806
0.461540 0.833336 -0.026124 0.635926 -0.002110 0.057521 -0.008081 0.220292 0.952611 1.065005 0.411955 -0.277988 0.363804 -1.534129
0.519231 0.833336 0.160370 0.635926 0.012954 0.057521 0.049609 0.220292 0.981860 1.013582 0.569905 1.291571 0.367082 1.349293
0.576924 0.866667 0.346873 0.732143 0.028018 0.066224 0.107303 0.253623 1.041131 0.983476 0.471226 -0.308095 0.411289 1.170552
0.634615 0.900003 0.533366 0.828375 0.043082 0.074928 0.164994 0.286959 1.101245 0.956639 0.630019 1.264734 0.460924 1.048982
0.692309 0.933333 0.719869 0.924593 0.058146 0.083631 0.222687 0.320289 1.162068 0.932590 0.532049 -0.332143 0.514411 0.963252
0.730770 0.933333 0.844201 0.924593 0.068189 0.083631 0.261149 0.320289 1.185384 0.906527 0.653336 1.238671 0.532191 0.886764
0.769231 0.966669 0.968533 1.020825 0.078232 0.092336 0.299610 0.353625 1.235381 0.898649 0.582045 -0.340021 0.580364 0.867899
0.807693 0.966669 1.092866 1.020825 0.088274 0.092336 0.338072 0.353625 1.259689 0.874756 0.677644 1.214777 0.601123 0.807881
0.865384 1.000000 1.279359 1.117042 0.103338 0.101039 0.395762 0.386956 1.322456 0.857439 0.644812 -0.357339 0.661762 0.774148
0.903845 1.000000 1.403691 1.117042 0.113381 0.101039 0.434224 0.386956 1.347938 0.835861 0.703126 1.193200 0.685457 0.727901
0.923077 1.000000 1.465862 1.117042 0.118403 0.101039 0.453456 0.386956 1.360908 0.825377 0.657782 -0.367823 0.697799 0.706435
0.942306 1.000000 1.528023 1.117042 0.123423 0.101039 0.472685 0.386956 1.374024 0.815093 0.716241 1.182916 0.710446 0.686000
0.961539 1.000000 1.590194 1.117042 0.128445 0.101039 0.491917 0.386956 1.387284 0.805003 0.671043 -0.377912 0.723384 0.666534
0.980771 1.000000 1.652365 1.117042 0.133467 0.101039 0.511149 0.386956 1.400682 0.795106 0.729640 1.173018 0.736597 0.647986
1.000000 0.966669 1.714526 1.020825 0.138488 0.092336 0.530379 0.353625 1.390845 0.768452 0.661205 -0.404566 0.726883 0.588054
1.000000 0.933333 1.714526 0.924593 0.138488 0.083631 0.530379 0.320289 1.367886 0.750929 0.706681 1.155495 0.704507 0.543273
1.000000 0.900003 1.714526 0.828375 0.138488 0.074928 0.530379 0.286959 1.345364 0.732816 0.638683 -0.422679 0.683030 0.495942
1.000000 0.866667 1.714526 0.732143 0.138488 0.066224 0.530379 0.253623 1.323296 0.714091 0.684612 1.136770 0.662531 0.446049
0.980771 0.833336 1.652365 0.635926 0.133467 0.057521 0.511149 0.220292 1.286996 0.704305 0.602384 -0.432465 0.627345 0.406919
0.942306 0.800000 1.528023 0.539694 0.123423 0.048816 0.472685 0.186956 1.236099 0.703902 0.633715 1.136367 0.576699 0.376638
0.923077 0.800000 1.465862 0.539694 0.118403 0.048816 0.453456 0.186956 1.221504 0.714091 0.587789 -0.422276 0.561046 0.391057
0.903845 0.800000 1.403691 0.539694 0.113381 0.048816 0.434224 0.186956 1.207036 0.724526 0.619247 1.146802 0.545619 0.406564
0.884616 0.866667 1.341530 0.732143 0.108360 0.066224 0.414994 0.253623 1.238409 0.775149 0.619162 -0.371653 0.574339 0.548576
0.884616 0.900003 1.341530 0.828375 0.108360 0.074928 0.414994 0.286959 1.261963 0.794020 0.642801 1.165672 0.597870 0.604982
0.903845 0.966669 1.403691 1.020825 0.113381 0.092336 0.434224 0.353625 1.323399 0.818972 0.680598 -0.346700 0.660005 0.683451
0.903845 1.000000 1.403691 1.117042 0.113381 0.101039 0.434224 0.386956 1.347938 0.835861 0.667340 1.182561 0.685457 0.727901
