0.095238 0.666667 -1.296036 -0.108297 -0.113611 -0.010107 -0.392857 -0.034947 0.673435 1.428900 0.673435 1.428900 0.431538 0.088724
0.071430 0.708336 -1.374578 0.020832 -0.120496 0.001944 -0.416665 0.006722 0.711929 1.470294 0.038494 0.041394 0.471292 -0.016132
0.095238 0.708336 -1.296036 0.020832 -0.113611 0.001944 -0.392857 0.006722 0.714710 1.437145 0.676216 1.395751 0.450381 -0.017110
0.119049 0.708336 -1.217483 0.020832 -0.106725 0.001944 -0.369046 0.006722 0.718271 1.404284 0.042055 0.008533 0.429769 -0.018213
0.166668 0.708336 -1.060389 0.020832 -0.092954 0.001944 -0.321427 0.006722 0.727680 1.339705 0.685626 1.331172 0.389643 -0.020911
0.190476 0.708336 -0.981847 0.020832 -0.086069 0.001944 -0.297620 0.006722 0.733499 1.308105 0.047874 -0.023067 0.370248 -0.022583
0.214287 0.708336 -0.903294 0.020832 -0.079183 0.001944 -0.273808 0.006722 0.740040 1.277028 0.692166 1.300095 0.351393 -0.024546
0.238094 0.750000 -0.824752 0.149940 -0.072298 0.013993 -0.250001 0.048386 0.786886 1.263400 0.094719 -0.036695 0.362070 -0.191179
0.261906 0.791670 -0.746199 0.279068 -0.065412 0.026043 -0.226190 0.090056 0.833868 1.251303 0.739149 1.287998 0.378575 -0.378904
0.261906 0.833333 -0.746199 0.408177 -0.065412 0.038092 -0.226190 0.131719 0.873521 1.266285 0.134372 -0.021714 0.412736 -0.527333
0.285713 0.916667 -0.667658 0.666413 -0.058527 0.062191 -0.202382 0.215053 0.960161 1.268652 0.825789 1.290366 0.473954 -0.815743
0.285713 0.958336 -0.667658 0.795541 -0.058527 0.074242 -0.202382 0.256722 1.000020 1.281052 0.174231 -0.009314 0.511943 -0.903212
0.214287 0.958336 -0.903294 0.795541 -0.079183 0.074242 -0.273808 0.256722 0.982002 1.350812 0.807770 1.360126 0.544149 -0.753204
0.190476 0.958336 -0.981847 0.795541 -0.086069 0.074242 -0.297620 0.256722 0.977082 1.374597 0.169312 0.014470 0.556511 -0.711755
0.142857 0.958336 -1.138942 0.795541 -0.099840 0.074242 -0.345239 0.256722 0.968926 1.422819 0.799614 1.408348 0.583367 -0.639398
0.119049 0.916667 -1.217483 0.666413 -0.106725 0.062191 -0.369046 0.215053 0.924365 1.441648 0.124751 0.033299 0.565569 -0.527621
0.047619 0.791670 -1.453131 0.279068 -0.127382 0.026043 -0.440476 0.090056 0.793101 1.510719 0.668349 1.477420 0.534955 -0.201671
0.023811 0.708336 -1.531673 0.020832 -0.134267 0.001944 -0.464284 0.006722 0.708737 1.537193 0.040387 0.059774 0.513873 -0.014478
0.000000 0.625003 -1.610226 -0.237405 -0.141153 -0.022155 -0.488095 -0.076611 0.625003 1.570796 0.584616 1.511023 0.506933 0.155689
0.000000 0.500000 -1.610226 -0.624770 -0.141153 -0.058305 -0.488095 -0.201614 0.500000 1.570796 -0.084616 0.059774 0.488240 0.391717
0.000000 0.416667 -1.610226 -0.883006 -0.141153 -0.082404 -0.488095 -0.284947 0.416667 1.570796 0.501283 1.511023 0.493294 0.528419
0.071430 0.250000 -1.374578 -1.399480 -0.120496 -0.130603 -0.416665 -0.451614 0.260004 1.292491 -0.241278 -0.218532 0.479895 0.825627
0.119049 0.166667 -1.217483 -1.657716 -0.106725 -0.154702 -0.369046 -0.534947 0.204818 0.950541 0.446096 1.169073 0.489399 0.966899
0.166668 0.124997 -1.060389 -1.786844 -0.092954 -0.166753 -0.321427 -0.576617 0.208332 0.643486 -0.237764 -0.525587 0.484929 1.062262
0.238094 0.041664 -0.824752 -2.045081 -0.072298 -0.190852 -0.250001 -0.659951 0.241712 0.173233 0.479476 0.698821 0.511665 1.208683
0.404762 0.000000 -0.274915 -2.174189 -0.024099 -0.202901 -0.083333 -0.701614 0.404762 0.000000 -0.074714 -0.698821 0.495158 1.452577
0.476189 0.000000 -0.039279 -2.174189 -0.003443 -0.202901 -0.011906 -0.701614 0.476189 0.000000 0.550903 0.698821 0.488240 1.553828
0.571427 0.041664 0.274910 -2.045081 0.024099 -0.190852 0.083331 -0.659951 0.572943 0.072783 0.022041 -0.626038 0.454142 -1.445192
0.619049 0.083333 0.432017 -1.915953 0.037871 -0.178802 0.130954 -0.618281 0.624633 0.133811 0.602592 0.759849 0.425419 -1.362078
0.642857 0.124997 0.510558 -1.786844 0.044756 -0.166753 0.154761 -0.576617 0.654896 0.192043 0.052304 -0.567805 0.394704 -1.308581
0.666668 0.208336 0.589111 -1.528588 0.051642 -0.142652 0.178573 -0.493278 0.698463 0.302889 0.646159 0.870694 0.331893 -1.223460
0.714287 0.375003 0.746206 -1.012115 0.065413 -0.094453 0.226192 -0.326611 0.806742 0.483450 0.160583 -0.387244 0.252888 -0.965094
0.714287 0.458336 0.746206 -0.753878 0.065413 -0.070354 0.226192 -0.243278 0.848692 0.570497 0.688108 0.957741 0.228141 -0.821776
0.714287 0.541670 0.746206 -0.495642 0.065413 -0.046255 0.226192 -0.159944 0.896444 0.648815 0.208335 -0.308926 0.232450 -0.615488
0.690476 0.666667 0.667653 -0.108297 0.058527 -0.010107 0.202380 -0.034947 0.959792 0.767857 0.751457 1.076783 0.269899 -0.170996
0.642857 0.708336 0.510558 0.020832 0.044756 0.001944 0.154761 0.006722 0.956559 0.833821 0.205102 -0.242962 0.269179 0.043410
0.619049 0.750000 0.432017 0.149940 0.037871 0.013993 0.130954 0.048386 0.972482 0.880759 0.767380 1.123721 0.292819 0.353930
0.547619 0.833333 0.196369 0.408177 0.017214 0.038092 0.059524 0.131719 0.997161 0.989416 0.229782 -0.134305 0.350332 1.146365
0.523808 0.833333 0.117816 0.408177 0.010328 0.038092 0.035713 0.131719 0.984286 1.009635 0.754504 1.143939 0.347080 1.306035
0.500000 0.875003 0.039274 0.537305 0.003443 0.050143 0.011905 0.173389 1.007785 1.051652 0.253281 -0.092287 0.387091 1.502244
0.476189 0.875003 -0.039279 0.537305 -0.003443 0.050143 -0.011906 0.173389 0.996186 1.072406 0.742905 1.164694 0.387091 -1.502235
0.500000 0.916667 0.039274 0.666413 0.003443 0.062191 0.011905 0.215053 1.044164 1.071450 0.301258 -0.093244 0.428737 1.515495
0.523808 0.916667 0.117816 0.666413 0.010328 0.062191 0.035713 0.215053 1.055771 1.051652 0.754512 1.144896 0.430057 1.406234
0.547619 0.916667 0.196369 0.666413 0.017214 0.062191 0.059524 0.215053 1.067785 1.032289 0.313272 -0.112607 0.432685 1.300770
0.571427 0.916667 0.274910 0.666413 0.024099 0.062191 0.083331 0.215053 1.080188 1.013367 0.766916 1.125974 0.436598 1.201118
0.595238 0.916667 0.353463 0.666413 0.030985 0.062191 0.107143 0.215053 1.092971 0.994878 0.326055 -0.131096 0.441761 1.108577
0.642857 0.958336 0.510558 0.795541 0.044756 0.074242 0.154761 0.256722 1.153982 0.979934 0.827926 1.111030 0.495054 1.028294
0.761906 0.958336 0.903301 0.795541 0.079184 0.074242 0.273810 0.256722 1.224299 0.899094 0.396373 -0.211936 0.544150 0.753200
0.809524 1.000000 1.060395 0.924650 0.092955 0.086291 0.321429 0.298386 1.286596 0.890275 0.890223 1.102211 0.604453 0.748237
0.857143 1.000000 1.217490 0.924650 0.106726 0.086291 0.369048 0.298386 1.317078 0.862170 0.426855 -0.240041 0.631065 0.679919
0.928570 1.000000 1.453126 0.924650 0.127382 0.086291 0.440475 0.298386 1.364640 0.822419 0.937785 1.062460 0.675326 0.595409
0.976189 1.000000 1.610221 0.924650 0.141153 0.086291 0.488094 0.298386 1.397478 0.797447 0.459693 -0.265014 0.707306 0.548708
1.000000 1.000000 1.688774 0.924650 0.148039 0.086291 0.511905 0.298386 1.414214 0.785398 0.954521 1.050412 0.723943 0.527746
1.000000 0.958336 1.688774 0.795541 0.148039 0.074242 0.511905 0.256722 1.385066 0.764126 0.430546 -0.286286 0.695107 0.464850
1.000000 0.916667 1.688774 0.666413 0.148039 0.062191 0.511905 0.215053 1.356568 0.741947 0.926023 1.028233 0.667623 0.397715
1.000000 0.875003 1.688774 0.537305 0.148039 0.050143 0.511905 0.173389 1.328770 0.718832 0.402748 -0.309401 0.641673 0.326585
0.976189 0.875003 1.610221 0.537305 0.141153 0.050143 0.488094 0.173389 1.310944 0.730793 0.908197 1.040194 0.622843 0.341333
0.928570 0.833333 1.453126 0.408177 0.127382 0.038092 0.440475 0.131719 1.247672 0.731397 0.339476 -0.308796 0.559649 0.290575
0.880951 0.833333 1.296031 0.408177 0.113611 0.038092 0.392856 0.131719 1.212650 0.757628 0.873174 1.066425 0.522996 0.323507
0.880951 0.875003 1.296031 0.537305 0.113611 0.050143 0.392856 0.173389 1.241654 0.782011 0.368480 -0.284414 0.551392 0.415642
0.857143 0.916667 1.217490 0.666413 0.106726 0.062191 0.369048 0.215053 1.254979 0.818942 0.886499 1.103356 0.565571 0.527618
0.880951 0.958336 1.296031 0.795541 0.113611 0.074242 0.392856 0.256722 1.301723 0.827447 0.415225 -0.275909 0.612750 0.578816
