0.084507 0.586208 -1.191807 -0.299454 -0.107545 -0.027647 -0.373817 -0.096099 0.592268 1.427624 0.592268 1.427624 0.395086 0.251627
0.084507 0.551723 -1.191807 -0.406914 -0.107545 -0.037568 -0.373817 -0.130585 0.558157 1.418808 -0.034111 -0.008816 0.385308 0.336076
0.098590 0.551723 -1.146906 -0.406914 -0.103493 -0.037568 -0.359733 -0.130585 0.560462 1.393967 0.594573 1.402783 0.371660 0.348212
0.112676 0.551723 -1.101998 -0.406914 -0.099441 -0.037568 -0.345648 -0.130585 0.563111 1.369341 -0.031462 -0.033442 0.358044 0.361220
0.140845 0.551723 -1.012190 -0.406914 -0.091337 -0.037568 -0.317479 -0.130585 0.569417 1.320853 0.600879 1.354294 0.330932 0.390225
0.169014 0.620688 -0.922381 -0.192011 -0.083233 -0.017728 -0.289310 -0.061619 0.643288 1.304941 0.042409 -0.049353 0.331756 0.209851
0.183097 0.655173 -0.877480 -0.084552 -0.079181 -0.007806 -0.275226 -0.027134 0.680277 1.298285 0.637868 1.347638 0.338377 0.098270
0.211266 0.758624 -0.787671 0.237810 -0.071077 0.021956 -0.247057 0.076317 0.787492 1.299192 0.149624 -0.048446 0.388867 -0.299604
0.211266 0.827589 -0.787671 0.452712 -0.071077 0.041797 -0.247057 0.145282 0.854130 1.320855 0.704505 1.369301 0.444291 -0.531586
0.211266 0.896555 -0.787671 0.667614 -0.071077 0.061638 -0.247057 0.214247 0.921110 1.339376 0.216605 -0.029926 0.503074 -0.714393
0.183097 0.965520 -0.877480 0.882516 -0.079181 0.081479 -0.275226 0.283213 0.982728 1.383386 0.766123 1.413311 0.577059 -0.799698
0.169014 1.000000 -0.922381 0.989959 -0.083233 0.091398 -0.289310 0.317693 1.014182 1.403365 0.248059 -0.009947 0.614096 -0.832123
0.140845 1.000000 -1.012190 0.989959 -0.091337 0.091398 -0.317479 0.317693 1.009870 1.430872 0.761811 1.440819 0.627858 -0.785735
0.112676 1.000000 -1.101998 0.989959 -0.099441 0.091398 -0.345648 0.317693 1.006328 1.458594 0.244517 0.017775 0.642562 -0.743280
0.070421 0.965520 -1.236715 0.882516 -0.111597 0.081479 -0.387902 0.283213 0.968085 1.497989 0.723567 1.480214 0.638527 -0.630652
0.014083 0.758624 -1.416332 0.237810 -0.127805 0.021956 -0.444240 0.076317 0.758755 1.552234 0.035187 0.072020 0.536218 -0.170131
0.000000 0.620688 -1.461233 -0.192011 -0.131857 -0.017728 -0.458324 -0.061619 0.620688 1.570796 0.585501 1.498776 0.486233 0.133643
0.000000 0.482757 -1.461233 -0.621816 -0.131857 -0.057409 -0.458324 -0.199550 0.482757 1.570796 -0.102743 0.072020 0.458974 0.410639
0.014083 0.379312 -1.416332 -0.944161 -0.127805 -0.087170 -0.444240 -0.302995 0.379573 1.533684 0.482317 1.461664 0.451212 0.598579
0.042252 0.275861 -1.326524 -1.266523 -0.119701 -0.116932 -0.416071 -0.406446 0.279078 1.418812 -0.203238 -0.042852 0.454321 0.773696
0.098590 0.172416 -1.146906 -1.588868 -0.103493 -0.146693 -0.359733 -0.509891 0.198613 1.051357 0.401852 1.094210 0.459512 0.956382
0.154928 0.103451 -0.967289 -1.803770 -0.087285 -0.166534 -0.303395 -0.578857 0.186292 0.588740 -0.215560 -0.505470 0.466887 1.088033
0.225352 0.068965 -0.742764 -1.911229 -0.067025 -0.176455 -0.232972 -0.613342 0.235669 0.296983 0.451228 0.802453 0.453735 1.207789
0.295775 0.034485 -0.518238 -2.018673 -0.046764 -0.186375 -0.162548 -0.647822 0.297779 0.116069 -0.153449 -0.686385 0.453939 1.324957
0.366197 0.000000 -0.293720 -2.126132 -0.026504 -0.196296 -0.092127 -0.682307 0.366197 0.000000 0.519646 0.686385 0.467491 1.436585
0.478873 0.034485 0.065515 -2.018673 0.005912 -0.186375 0.020549 -0.647822 0.480113 0.071889 -0.039533 -0.614495 0.424336 -1.539087
0.521127 0.068965 0.200231 -1.911229 0.018068 -0.176455 0.062804 -0.613342 0.525671 0.131574 0.565204 0.746069 0.394391 -1.468756
0.549296 0.137931 0.290040 -1.696327 0.026172 -0.156614 0.090973 -0.544377 0.566349 0.246018 0.001145 -0.500052 0.333058 -1.405213
0.577465 0.206896 0.379849 -1.481425 0.034276 -0.136773 0.119142 -0.475411 0.613410 0.344035 0.612265 0.844086 0.278228 -1.325246
0.591549 0.275861 0.424750 -1.266523 0.038328 -0.116932 0.133225 -0.406446 0.652709 0.436357 0.040444 -0.407730 0.225923 -1.254052
0.605634 0.413792 0.469657 -0.836718 0.042380 -0.077250 0.147311 -0.268515 0.733496 0.599387 0.693052 1.007117 0.153894 -1.069020
0.591549 0.620688 0.424750 -0.192011 0.038328 -0.017728 0.133225 -0.061619 0.857428 0.809431 0.164376 -0.197686 0.210026 -0.433217
0.563380 0.689659 0.334941 0.022907 0.030224 0.002115 0.105056 0.007351 0.890520 0.885837 0.726144 1.083523 0.254072 0.069861
0.535211 0.793104 0.245132 0.345253 0.022120 0.031876 0.076887 0.110797 0.956799 0.977163 0.230656 -0.106360 0.343496 0.964144
0.507042 0.827589 0.155324 0.452712 0.014016 0.041797 0.048718 0.145282 0.970564 1.021110 0.739909 1.127470 0.372465 1.247246
0.436620 0.931035 -0.069195 0.775057 -0.006244 0.071557 -0.021703 0.248727 1.028330 1.132286 0.288421 0.004816 0.473209 -1.483759
0.422535 0.931035 -0.114103 0.775057 -0.010296 0.071557 -0.035789 0.248727 1.022429 1.144759 0.734008 1.139943 0.474064 -1.427889
0.394366 0.965520 -0.203911 0.882516 -0.018400 0.081479 -0.063958 0.283213 1.042954 1.183028 0.308946 0.043084 0.511213 -1.348692
0.380282 0.965520 -0.248812 0.882516 -0.022452 0.081479 -0.078041 0.283213 1.037711 1.195592 0.728764 1.152508 0.513165 -1.301912
0.380282 1.000000 -0.248812 0.989959 -0.022452 0.091398 -0.078041 0.317693 1.069867 1.207403 0.341102 0.054895 0.547269 -1.329916
0.408451 1.000000 -0.159004 0.989959 -0.014348 0.091398 -0.049872 0.317693 1.080200 1.183026 0.739098 1.128131 0.543967 -1.415084
0.450704 1.000000 -0.024294 0.989959 -0.002192 0.091398 -0.007620 0.317693 1.096875 1.147357 0.357777 0.019227 0.541730 -1.546816
0.507042 1.000000 0.155324 0.989959 0.014016 0.091398 0.048718 0.317693 1.121201 1.101531 0.763424 1.082305 0.543863 1.418632
0.577465 1.000000 0.379849 0.989959 0.034276 0.091398 0.119142 0.317693 1.154758 1.047111 0.391334 -0.035193 0.554624 1.212007
0.704225 1.000000 0.783984 0.989959 0.070744 0.091398 0.245901 0.317693 1.223083 0.957241 0.831749 0.992434 0.594879 0.912098
0.760565 1.000000 0.963609 0.989959 0.086953 0.091398 0.302241 0.317693 1.256367 0.920568 0.424618 -0.071866 0.620293 0.810318
0.802817 1.000000 1.098318 0.989959 0.099109 0.091398 0.344493 0.317693 1.282387 0.894340 0.857769 0.966206 0.641942 0.744947
0.901410 0.965520 1.412652 0.882516 0.127473 0.081479 0.443086 0.283213 1.320897 0.819725 0.463128 -0.146481 0.673478 0.568733
0.929579 0.965520 1.502461 0.882516 0.135577 0.081479 0.471255 0.283213 1.340278 0.804361 0.877150 0.950843 0.692336 0.541136
0.957748 0.931035 1.592270 0.775057 0.143681 0.071557 0.499424 0.248727 1.335704 0.771256 0.458554 -0.179586 0.687663 0.462069
0.985917 0.896555 1.682078 0.667614 0.151785 0.061638 0.527593 0.214247 1.332607 0.737963 0.874053 0.917550 0.685858 0.385741
1.000000 0.793104 1.726979 0.345253 0.155837 0.031876 0.541676 0.110797 1.276328 0.670522 0.402276 -0.247028 0.636782 0.201761
0.985917 0.724139 1.682078 0.130350 0.151785 0.012035 0.527593 0.041831 1.223278 0.633496 0.821002 0.880524 0.590772 0.079122
0.971831 0.689659 1.637171 0.022907 0.147733 0.002115 0.513507 0.007351 1.191673 0.617172 0.370671 -0.263351 0.563210 0.014315
0.915493 0.655173 1.457553 -0.084552 0.131525 -0.007806 0.457169 -0.027134 1.125780 0.621153 0.755109 0.884504 0.497749 -0.059283
0.887324 0.655173 1.367744 -0.084552 0.123421 -0.007806 0.429000 -0.027134 1.102994 0.636016 0.347885 -0.248488 0.472008 -0.063165
0.873241 0.655173 1.322843 -0.084552 0.119369 -0.007806 0.414917 -0.027134 1.091697 0.643679 0.743811 0.892167 0.459245 -0.065303
0.845072 0.758624 1.233035 0.237810 0.111265 0.021956 0.386748 0.076317 1.135630 0.731545 0.391819 -0.160622 0.489647 0.194826
0.845072 0.827589 1.233035 0.452712 0.111265 0.041797 0.386748 0.145282 1.182814 0.774947 0.790995 0.935569 0.534725 0.359341
0.845072 0.896555 1.233035 0.667614 0.111265 0.061638 0.386748 0.214247 1.232054 0.814950 0.441059 -0.120619 0.584483 0.505887
0.873241 0.965520 1.322843 0.882516 0.119369 0.081479 0.414917 0.283213 1.301836 0.835542 0.860778 0.956161 0.655289 0.598936
