0.128570 0.533333 -1.262063 -0.398884 -0.133990 -0.046737 -0.375262 -0.130895 0.548612 1.334241 0.548612 1.334241 0.376420 0.335613
0.142857 0.533333 -1.214015 -0.398884 -0.128888 -0.046737 -0.360975 -0.130895 0.552135 1.309083 0.003523 -0.025158 0.362179 0.347868
0.157141 0.533333 -1.165974 -0.398884 -0.123788 -0.046737 -0.346691 -0.130895 0.556002 1.284264 0.552479 1.309422 0.347944 0.361008
0.185713 0.600000 -1.069884 -0.195726 -0.113586 -0.022933 -0.318119 -0.064228 0.628084 1.270627 0.075605 -0.038794 0.332337 0.199221
0.214284 0.766669 -0.973794 0.312176 -0.103385 0.036577 -0.289548 0.102441 0.796052 1.298251 0.720447 1.337045 0.391052 -0.340054
0.200000 0.900003 -1.021835 0.718491 -0.108485 0.084185 -0.303833 0.235775 0.921957 1.352128 0.201509 0.015083 0.499265 -0.659936
0.171428 1.000000 -1.117925 1.023220 -0.118687 0.119889 -0.332404 0.335772 1.014587 1.401018 0.813078 1.385935 0.597223 -0.790439
0.142857 1.000000 -1.214015 1.023220 -0.128888 0.119889 -0.360975 0.335772 1.010153 1.428900 0.197075 0.042964 0.613584 -0.749241
0.099999 0.966669 -1.358153 0.921649 -0.144191 0.107989 -0.403833 0.302441 0.971828 1.467716 0.774753 1.424752 0.614247 -0.642813
0.028571 0.833336 -1.598374 0.515333 -0.169695 0.060381 -0.475261 0.169108 0.833825 1.536524 0.059072 0.111772 0.578313 -0.341851
0.000000 0.600000 -1.694464 -0.195726 -0.179896 -0.022933 -0.503832 -0.064228 0.600000 1.570796 0.540928 1.459024 0.512928 0.126795
0.028571 0.366664 -1.598374 -0.906785 -0.169695 -0.106247 -0.475261 -0.297564 0.367776 1.493031 -0.173152 0.034007 0.494659 0.559395
0.114285 0.200000 -1.310105 -1.414672 -0.139090 -0.165755 -0.389547 -0.464228 0.230350 1.051651 0.403502 1.017644 0.494025 0.872648
0.185713 0.133333 -1.069884 -1.617829 -0.113586 -0.189559 -0.318119 -0.530895 0.228620 0.622675 -0.174882 -0.394970 0.488333 1.030955
0.314285 0.033331 -0.637476 -1.922574 -0.067679 -0.225266 -0.189547 -0.630897 0.316048 0.105658 0.490930 0.500628 0.507247 1.278935
0.457142 0.000000 -0.157026 -2.024145 -0.016671 -0.237167 -0.046690 -0.664228 0.457142 0.000000 -0.033788 -0.500628 0.505991 1.500619
0.542856 0.099997 0.131243 -1.719416 0.013934 -0.201462 0.039024 -0.564230 0.551989 0.182164 0.585777 0.682792 0.405716 -1.501743
0.585714 0.200000 0.275382 -1.414672 0.029236 -0.165755 0.081882 -0.464228 0.618919 0.329050 0.033142 -0.353742 0.314672 -1.396209
0.599999 0.400000 0.323423 -0.805199 0.034337 -0.094344 0.096167 -0.264228 0.721109 0.588004 0.687967 0.941746 0.141524 -1.221746
0.599999 0.499997 0.323423 -0.500470 0.034337 -0.058640 0.096167 -0.164230 0.781022 0.694737 0.093055 -0.247009 0.096243 -1.041063
0.557143 0.699997 0.179292 0.109003 0.019035 0.012772 0.053311 0.035770 0.894653 0.898548 0.801598 1.145556 0.203280 0.590972
0.485713 0.833336 -0.060937 0.515333 -0.006469 0.060381 -0.018119 0.169108 0.964555 1.043079 0.162957 -0.102477 0.330001 -1.464059
0.442857 0.933333 -0.205068 0.820062 -0.021771 0.096086 -0.060975 0.269105 1.033070 1.127764 0.870113 1.230241 0.433808 -1.347975
0.428571 0.966669 -0.253116 0.921649 -0.026873 0.107989 -0.075262 0.302441 1.057413 1.153488 0.187300 -0.076753 0.468916 -1.326903
0.414286 1.000000 -0.301158 1.023220 -0.031973 0.119889 -0.089546 0.335772 1.082420 1.178036 0.895120 1.254788 0.504184 -1.310174
0.457142 1.000000 -0.157026 1.023220 -0.016671 0.119889 -0.046690 0.335772 1.099536 1.142019 0.204415 -0.112769 0.498360 -1.432629
0.542856 1.000000 0.131243 1.023220 0.013934 0.119889 0.039024 0.335772 1.137846 1.073455 0.933430 1.186224 0.497700 1.455094
0.657141 0.966669 0.515603 0.921649 0.054740 0.107989 0.153309 0.302441 1.168882 0.973757 0.235451 -0.212467 0.487567 1.101639
0.771429 0.933333 0.899969 0.820062 0.095547 0.096086 0.267597 0.269105 1.210873 0.880086 0.975422 1.092553 0.506043 0.788209
0.871428 0.900003 1.236280 0.718491 0.131252 0.084185 0.367596 0.235775 1.252753 0.801528 0.277332 -0.291025 0.540442 0.570303
0.914286 0.900003 1.380419 0.718491 0.146555 0.084185 0.410454 0.235775 1.282935 0.777526 1.005604 1.068551 0.570459 0.521401
0.971429 0.833336 1.572598 0.515333 0.166958 0.060381 0.467596 0.169108 1.279891 0.709031 0.274288 -0.359520 0.572031 0.347019
1.000000 0.733333 1.668688 0.210589 0.177160 0.024675 0.496168 0.069105 1.240072 0.632749 0.965784 0.992268 0.546675 0.138388
1.000000 0.633331 1.668688 -0.094155 0.177160 -0.011032 0.496168 -0.030897 1.183684 0.564568 0.217900 -0.427701 0.512789 -0.062191
0.985713 0.600000 1.620640 -0.195726 0.172059 -0.022933 0.481881 -0.064228 1.153963 0.546789 0.936063 0.974490 0.491383 -0.132505
0.928571 0.533333 1.428460 -0.398884 0.151655 -0.046737 0.424738 -0.130895 1.070835 0.521353 0.134772 -0.453137 0.425762 -0.298942
0.871428 0.533333 1.236280 -0.398884 0.131252 -0.046737 0.367596 -0.130895 1.021680 0.549213 0.886908 1.002350 0.368778 -0.342084
0.828572 0.566664 1.092149 -0.297312 0.115950 -0.034836 0.324740 -0.097564 1.003812 0.599842 0.116904 -0.402508 0.330762 -0.291858
0.814285 0.666667 1.044100 0.007432 0.110849 0.000871 0.310453 0.002439 1.052380 0.686048 0.935476 1.088556 0.350565 0.007855
0.871428 0.833336 1.236280 0.515333 0.131252 0.060381 0.367596 0.169108 1.205751 0.763057 0.270274 -0.325499 0.493659 0.431170
0.942857 0.966669 1.476508 0.921649 0.156757 0.107989 0.439025 0.302441 1.350344 0.797868 1.080070 1.123366 0.637935 0.603232
