0.045453 0.333335 -1.435550 -0.884185 -0.127341 -0.085601 -0.441706 -0.296923 0.336420 1.435273 0.336420 1.435273 0.467724 0.591836
0.045453 0.296295 -1.435550 -0.994482 -0.127341 -0.096279 -0.441706 -0.333962 0.299762 1.418578 -0.036658 -0.016695 0.481178 0.647378
0.060606 0.296295 -1.386304 -0.994482 -0.122972 -0.096279 -0.426553 -0.333962 0.302430 1.369034 0.339089 1.385729 0.467307 0.664247
0.075756 0.296295 -1.337065 -0.994482 -0.118604 -0.096279 -0.411403 -0.333962 0.305827 1.320481 -0.033262 -0.065248 0.453521 0.681874
0.106059 0.296295 -1.238580 -0.994482 -0.109868 -0.096279 -0.381100 -0.333962 0.314706 1.227056 0.347967 1.292304 0.426223 0.719573
0.136362 0.296295 -1.140095 -0.994482 -0.101132 -0.096279 -0.350797 -0.333962 0.326168 1.139473 -0.021799 -0.152831 0.399358 0.760819
0.181818 0.444443 -0.992364 -0.553324 -0.088028 -0.053569 -0.305341 -0.185815 0.480195 1.182477 0.501994 1.335309 0.308314 0.546681
0.181818 0.555557 -0.992364 -0.222447 -0.088028 -0.021536 -0.305341 -0.074701 0.584552 1.254512 0.082558 -0.080797 0.312908 0.239935
0.181818 0.629631 -0.992364 -0.001868 -0.088028 -0.000181 -0.305341 -0.000627 0.655357 1.289675 0.572799 1.370472 0.336944 0.002054
0.166665 0.703705 -1.041610 0.218711 -0.092396 0.021174 -0.320494 0.073447 0.723172 1.338242 0.150373 -0.032230 0.386792 -0.225277
0.151515 0.777778 -1.090849 0.439291 -0.096764 0.042529 -0.335644 0.147521 0.792399 1.378401 0.642026 1.410632 0.443978 -0.414100
0.121212 0.814813 -1.189334 0.549572 -0.105500 0.053206 -0.365947 0.184555 0.823779 1.423119 0.181753 0.012487 0.491197 -0.467098
0.060606 0.851852 -1.386304 0.659870 -0.122972 0.063884 -0.426553 0.221594 0.854005 1.499770 0.672253 1.487283 0.561203 -0.479126
0.030303 0.851852 -1.484789 0.659870 -0.131708 0.063884 -0.456856 0.221594 0.852391 1.535238 0.180138 0.047955 0.584567 -0.451610
0.000000 0.740739 -1.583274 0.328993 -0.140444 0.031851 -0.487159 0.110481 0.740739 1.570796 0.560600 1.522841 0.549205 -0.223014
0.000000 0.629631 -1.583274 -0.001868 -0.140444 -0.000181 -0.487159 -0.000627 0.629631 1.570796 0.069030 0.047955 0.507565 0.001288
0.000000 0.481483 -1.583274 -0.443026 -0.140444 -0.042891 -0.487159 -0.148775 0.481483 1.570796 0.412453 1.522841 0.487192 0.296397
0.030303 0.370369 -1.484789 -0.773903 -0.131708 -0.074924 -0.456856 -0.259889 0.371607 1.489160 -0.040846 -0.033681 0.471548 0.517210
0.075756 0.259261 -1.337065 -1.104764 -0.118604 -0.106956 -0.411403 -0.370997 0.270103 1.286510 0.310948 1.320191 0.470308 0.733800
0.136362 0.148148 -1.140095 -1.435641 -0.101132 -0.138989 -0.350797 -0.482110 0.201351 0.826799 -0.109597 -0.493393 0.487839 0.941768
0.272727 0.037040 -0.696908 -1.766501 -0.061819 -0.171021 -0.214432 -0.593218 0.275230 0.134987 0.384827 0.628380 0.498586 1.223938
0.348483 0.000000 -0.450699 -1.876799 -0.039979 -0.181699 -0.138676 -0.630258 0.348483 0.000000 -0.036345 -0.628380 0.506512 1.354217
0.409089 0.000000 -0.253729 -1.876799 -0.022507 -0.181699 -0.078070 -0.630258 0.409089 0.000000 0.445433 0.628380 0.493375 1.447554
0.454544 0.037040 -0.105997 -1.766501 -0.009403 -0.171021 -0.032614 -0.593218 0.456051 0.081308 0.010618 -0.547072 0.451299 1.515873
0.545453 0.148148 0.189458 -1.435641 0.016806 -0.138989 0.058294 -0.482110 0.565214 0.265207 0.554596 0.812279 0.343987 -1.450465
0.575756 0.259261 0.287943 -1.104764 0.025542 -0.106956 0.088597 -0.370997 0.631436 0.423101 0.076840 -0.389178 0.244513 -1.336378
0.590909 0.333335 0.337189 -0.884185 0.029910 -0.085601 0.103750 -0.296923 0.678444 0.513609 0.601604 0.902786 0.185542 -1.234640
0.606059 0.555557 0.386428 -0.222447 0.034278 -0.021536 0.118900 -0.074701 0.822162 0.741950 0.220559 -0.160837 0.137170 -0.560945
0.606059 0.629631 0.386428 -0.001868 0.034278 -0.000181 0.118900 -0.000627 0.873924 0.804471 0.653365 0.965308 0.185568 -0.005275
0.606059 0.740739 0.386428 0.328993 0.034278 0.031851 0.118900 0.110481 0.957080 0.885067 0.303715 -0.080242 0.280071 0.748709
0.560606 0.851852 0.238704 0.659870 0.021174 0.063884 0.073447 0.221594 1.019770 0.988746 0.716055 1.068988 0.372016 1.250743
0.530303 0.888886 0.140219 0.770151 0.012438 0.074561 0.043144 0.258629 1.035056 1.032886 0.319000 -0.036102 0.404038 1.405500
0.515150 0.925926 0.090973 0.880449 0.008070 0.085239 0.027992 0.295668 1.059584 1.063082 0.740584 1.099183 0.439659 1.476406
0.484847 0.962966 -0.007512 0.990747 -0.000666 0.095917 -0.002311 0.332708 1.078137 1.104358 0.337553 0.005174 0.475813 -1.563849
0.454544 1.000000 -0.105997 1.101028 -0.009403 0.106594 -0.032614 0.369742 1.098458 1.144170 0.760905 1.138996 0.513877 -1.482815
0.439394 1.000000 -0.155236 1.101028 -0.013770 0.106594 -0.047765 0.369742 1.092276 1.156797 0.331371 0.017802 0.515061 -1.442324
0.454544 1.000000 -0.105997 1.101028 -0.009403 0.106594 -0.032614 0.369742 1.098458 1.144170 0.767087 1.126368 0.513877 -1.482815
0.500000 1.000000 0.041734 1.101028 0.003702 0.106594 0.012841 0.369742 1.118034 1.107149 0.350947 -0.019219 0.513002 1.536080
0.530303 1.000000 0.140219 1.101028 0.012438 0.106594 0.043144 0.369742 1.131910 1.083201 0.780964 1.102421 0.514653 1.454635
0.651515 0.962966 0.534160 0.990747 0.047383 0.095917 0.164356 0.332708 1.162659 0.975968 0.381695 -0.126452 0.503394 1.111964
0.696968 0.962966 0.681884 0.990747 0.060487 0.095917 0.209809 0.332708 1.188725 0.944293 0.807030 1.070746 0.520012 1.008172
0.757574 0.962966 0.878854 0.990747 0.077959 0.095917 0.270415 0.332708 1.225244 0.904212 0.418213 -0.166533 0.547281 0.888317
0.803030 0.962966 1.026585 0.990747 0.091063 0.095917 0.315871 0.332708 1.253858 0.875716 0.835645 1.042250 0.571110 0.811352
0.848483 0.962966 1.174309 0.990747 0.104167 0.095917 0.361324 0.332708 1.283443 0.848514 0.447798 -0.193736 0.597451 0.744190
0.878786 0.962966 1.272795 0.990747 0.112903 0.095917 0.391627 0.332708 1.303675 0.831073 0.855876 1.024808 0.616250 0.704235
0.893938 0.962966 1.322041 0.990747 0.117272 0.095917 0.406780 0.332708 1.313937 0.822554 0.458060 -0.202254 0.625989 0.685565
0.878786 0.925926 1.272795 0.880449 0.112903 0.085239 0.391627 0.295668 1.276559 0.811513 0.818499 1.013767 0.588123 0.646677
0.878786 0.851852 1.272795 0.659870 0.112903 0.063884 0.391627 0.221594 1.223894 0.769837 0.405395 -0.243930 0.535138 0.514916
0.863636 0.814813 1.223556 0.549572 0.108536 0.053206 0.376477 0.184555 1.187344 0.756318 0.781949 1.000249 0.499091 0.455789
0.863636 0.703705 1.223556 0.218711 0.108536 0.021174 0.376477 0.073447 1.114032 0.683710 0.332082 -0.316538 0.434312 0.192669
0.863636 0.555557 1.223556 -0.222447 0.108536 -0.021536 0.376477 -0.074701 1.026893 0.571634 0.694811 0.888173 0.382640 -0.195877
0.878786 0.518517 1.272795 -0.332745 0.112903 -0.032214 0.391627 -0.111741 1.020355 0.533062 0.325544 -0.355110 0.392880 -0.277939
0.939394 0.444443 1.469772 -0.553324 0.130376 -0.053569 0.452235 -0.185815 1.039226 0.441911 0.713682 0.797021 0.454248 -0.389851
0.954544 0.444443 1.519011 -0.553324 0.134744 -0.053569 0.467386 -0.185815 1.052941 0.435757 0.339259 -0.361264 0.469333 -0.378403
1.000000 0.555557 1.666743 -0.222447 0.147848 -0.021536 0.512841 -0.074701 1.143960 0.507099 0.804700 0.868363 0.517382 -0.144644
1.000000 0.629631 1.666743 -0.001868 0.147848 -0.000181 0.512841 -0.000627 1.181708 0.561922 0.377008 -0.306441 0.532263 -0.001223
0.984847 0.777778 1.617496 0.439291 0.143480 0.042529 0.497689 0.147521 1.254936 0.668457 0.877928 0.974898 0.576328 0.288161
0.954544 0.851852 1.519011 0.659870 0.134744 0.063884 0.467386 0.221594 1.279378 0.728610 0.401450 -0.246288 0.592833 0.442726
0.878786 0.925926 1.272795 0.880449 0.112903 0.085239 0.391627 0.295668 1.276559 0.811513 0.875109 1.057800 0.588123 0.646677
