0.078124 0.521737 -1.280692 -0.236466 -0.102362 -0.021288 -0.385269 -0.080123 0.527554 1.422163 0.527554 1.422163 0.389662 0.205043
0.093750 0.521737 -1.228749 -0.236466 -0.098210 -0.021288 -0.369643 -0.080123 0.530093 1.393006 0.002539 -0.029157 0.374219 0.213455
0.109374 0.521737 -1.176813 -0.236466 -0.094059 -0.021288 -0.354019 -0.080123 0.533078 1.364155 0.530539 1.393313 0.358794 0.222574
0.140623 0.521737 -1.072933 -0.236466 -0.085756 -0.021288 -0.322769 -0.080123 0.540356 1.307523 0.009817 -0.085789 0.328000 0.243318
0.156250 0.521737 -1.020990 -0.236466 -0.081604 -0.021288 -0.307143 -0.080123 0.544632 1.279817 0.534815 1.365606 0.312635 0.255178
0.171873 0.521737 -0.969054 -0.236466 -0.077453 -0.021288 -0.291519 -0.080123 0.549318 1.252567 0.014504 -0.113039 0.297300 0.268223
0.187500 0.521737 -0.917110 -0.236466 -0.073302 -0.021288 -0.275893 -0.080123 0.554406 1.225794 0.539902 1.338833 0.281995 0.282638
0.187500 0.565212 -0.917110 -0.108159 -0.073302 -0.009737 -0.275893 -0.036648 0.595501 1.250487 0.055598 -0.088346 0.294082 0.132061
0.203123 0.652168 -0.865174 0.148474 -0.069151 0.013366 -0.260269 0.050308 0.683069 1.268861 0.627471 1.357207 0.321522 -0.190939
0.203123 0.739125 -0.865174 0.405107 -0.069151 0.036470 -0.260269 0.137265 0.766528 1.302601 0.139057 -0.054606 0.379168 -0.485323
0.187500 0.782606 -0.917110 0.533434 -0.073302 0.048022 -0.275893 0.180746 0.804754 1.335645 0.665697 1.390251 0.421917 -0.579974
0.171873 0.826081 -0.969054 0.661740 -0.077453 0.059573 -0.291519 0.224221 0.843771 1.365664 0.178075 -0.024587 0.465324 -0.655643
0.156250 0.826081 -1.020990 0.661740 -0.081604 0.059573 -0.307143 0.224221 0.840728 1.383859 0.662653 1.408446 0.475268 -0.630592
0.125000 0.826081 -1.124869 0.661740 -0.089907 0.059573 -0.338393 0.224221 0.835485 1.420619 0.172831 0.012173 0.496037 -0.585186
0.109374 0.826081 -1.176813 0.661740 -0.094059 0.059573 -0.354019 0.224221 0.833290 1.439161 0.660459 1.426988 0.506826 -0.564587
0.078124 0.826081 -1.280692 0.661740 -0.102362 0.059573 -0.385269 0.224221 0.829767 1.476505 0.169308 0.049517 0.529127 -0.527068
0.046874 0.782606 -1.384572 0.533434 -0.110664 0.048022 -0.416519 0.180746 0.784009 1.510973 0.614700 1.461456 0.524772 -0.409422
0.015624 0.739125 -1.488452 0.405107 -0.118967 0.036470 -0.447769 0.137265 0.739290 1.549661 0.124589 0.088205 0.525856 -0.297457
0.015624 0.652168 -1.488452 0.148474 -0.118967 0.013366 -0.447769 0.050308 0.652356 1.546844 0.527766 1.458639 0.485935 -0.111884
0.000000 0.608694 -1.540387 0.020167 -0.123118 0.001816 -0.463392 0.006833 0.608694 1.570796 0.080927 0.112157 0.485639 -0.014746
0.000000 0.521737 -1.540387 -0.236466 -0.123118 -0.021288 -0.463392 -0.080123 0.521737 1.570796 0.440810 1.458639 0.467051 0.171212
0.000000 0.434781 -1.540387 -0.493099 -0.123118 -0.044391 -0.463392 -0.167079 0.434781 1.570796 -0.006029 0.112157 0.464275 0.346048
0.031250 0.260869 -1.436508 -1.006365 -0.114816 -0.090598 -0.432142 -0.340991 0.262734 1.451573 0.268763 1.339416 0.477245 0.668042
0.062500 0.173912 -1.332628 -1.262998 -0.106513 -0.113701 -0.400892 -0.427948 0.184802 1.225794 -0.083961 -0.113622 0.494483 0.818029
0.093750 0.130431 -1.228749 -1.391324 -0.098210 -0.125254 -0.369643 -0.471429 0.160628 0.947585 0.244588 1.061206 0.497492 0.905833
0.140623 0.043475 -1.072933 -1.647957 -0.085756 -0.148357 -0.322769 -0.558385 0.147190 0.299837 -0.097398 -0.761369 0.529632 1.046681
0.187500 0.043475 -0.917110 -1.647957 -0.073302 -0.148357 -0.275893 -0.558385 0.192474 0.227840 0.289872 0.989210 0.502442 1.111888
0.218749 0.000000 -0.813230 -1.776264 -0.064999 -0.159908 -0.244643 -0.601860 0.218749 0.000000 -0.071122 -0.989210 0.524006 1.184718
0.312499 0.000000 -0.501592 -1.776264 -0.040091 -0.159908 -0.150893 -0.601860 0.312499 0.000000 0.383621 0.989210 0.487341 1.325148
0.359375 0.000000 -0.345768 -1.776264 -0.027636 -0.159908 -0.104017 -0.601860 0.359375 0.000000 -0.024246 -0.989210 0.474923 1.399661
0.390625 0.000000 -0.241889 -1.776264 -0.019333 -0.159908 -0.072767 -0.601860 0.390625 0.000000 0.414871 0.989210 0.469071 1.450477
0.421875 0.043475 -0.138009 -1.647957 -0.011031 -0.148357 -0.041517 -0.558385 0.424109 0.102689 0.009238 -0.886521 0.421965 1.496581
0.453125 0.086956 -0.034130 -1.519631 -0.002728 -0.136804 -0.010267 -0.514904 0.461393 0.189598 0.452155 1.076119 0.376576 1.550859
0.499999 0.260869 0.121686 -1.006365 0.009726 -0.090598 0.036607 -0.340991 0.563960 0.480887 0.111805 -0.595232 0.205805 -1.463853
0.515625 0.304344 0.173629 -0.878058 0.013878 -0.079047 0.052233 -0.297517 0.598744 0.533214 0.486939 1.128446 0.167406 -1.397005
0.515625 0.391300 0.173629 -0.621425 0.013878 -0.055944 0.052233 -0.210560 0.647290 0.649163 0.160352 -0.479283 0.089026 -1.327640
0.515625 0.478256 0.173629 -0.364792 0.013878 -0.032840 0.052233 -0.123604 0.703277 0.747817 0.542925 1.227100 0.054306 -1.170977
0.515625 0.565212 0.173629 -0.108159 0.013878 -0.009737 0.052233 -0.036648 0.765071 0.831245 0.222146 -0.395855 0.114436 -0.611818
0.484375 0.695650 0.069750 0.276801 0.005575 0.024919 0.020983 0.093790 0.847672 0.962564 0.625526 1.358419 0.233203 1.350699
0.468749 0.739125 0.017806 0.405107 0.001423 0.036470 0.005357 0.137265 0.875232 1.005612 0.249706 -0.352806 0.275784 1.531792
0.468749 0.782606 0.017806 0.533434 0.001423 0.048022 0.005357 0.180746 0.912249 1.031143 0.662543 1.383949 0.319259 1.541169
0.453125 0.869562 -0.034130 0.790067 -0.002728 0.071126 -0.010267 0.267702 0.980541 1.090415 0.317998 -0.293534 0.406300 -1.532462
0.437499 0.913037 -0.086073 0.918374 -0.006880 0.082676 -0.025893 0.311177 1.012444 1.123952 0.694445 1.417486 0.450390 -1.487777
0.453125 0.956519 -0.034130 1.046700 -0.002728 0.094229 -0.010267 0.354658 1.058419 1.128390 0.363973 -0.289096 0.493233 -1.541855
0.468749 0.956519 0.017806 1.046700 0.001423 0.094229 0.005357 0.354658 1.065201 1.115134 0.701228 1.404230 0.493155 1.555694
0.499999 0.956519 0.121686 1.046700 0.009726 0.094229 0.036607 0.354658 1.079318 1.089132 0.378090 -0.315098 0.494483 1.467944
0.609375 0.956519 0.485268 1.046700 0.038786 0.094229 0.145982 0.354658 1.134136 1.003560 0.756046 1.318659 0.514280 1.180318
0.656248 0.956519 0.641084 1.046700 0.051240 0.094229 0.192856 0.354658 1.159996 0.969474 0.403949 -0.349185 0.529497 1.072741
0.765624 0.956519 1.004666 1.046700 0.080300 0.094229 0.302232 0.354658 1.225197 0.895794 0.821248 1.244979 0.578375 0.865039
0.796874 1.000000 1.108546 1.175026 0.088603 0.105781 0.333482 0.398140 1.278675 0.897964 0.457426 -0.347015 0.631790 0.873545
0.812500 1.000000 1.160489 1.175026 0.092754 0.105781 0.349108 0.398140 1.288471 0.888480 0.831044 1.235494 0.640175 0.850921
0.843750 1.000000 1.264369 1.175026 0.101057 0.105781 0.380358 0.398140 1.308402 0.869942 0.477357 -0.365553 0.657739 0.808235
0.859374 1.000000 1.316305 1.175026 0.105208 0.105781 0.395982 0.398140 1.318531 0.860885 0.841174 1.226438 0.666895 0.788116
0.875000 0.956519 1.368248 1.046700 0.109360 0.094229 0.411608 0.354658 1.296362 0.829877 0.455188 -0.396561 0.642335 0.711214
0.906250 0.869562 1.472128 0.790067 0.117663 0.071126 0.442858 0.267702 1.255957 0.764741 0.800769 1.161302 0.600914 0.543713
0.921874 0.826081 1.524064 0.661740 0.121814 0.059573 0.458482 0.224221 1.237845 0.730650 0.437076 -0.430652 0.584593 0.454850
0.937500 0.739125 1.576008 0.405107 0.125965 0.036470 0.474108 0.137265 1.193822 0.667627 0.756746 1.098279 0.548458 0.281816
0.953124 0.565212 1.627943 -0.108159 0.130116 -0.009737 0.489732 -0.036648 1.108111 0.535264 0.351365 -0.563015 0.500204 -0.074694
0.953124 0.521737 1.627943 -0.236466 0.130116 -0.021288 0.489732 -0.080123 1.086580 0.500843 0.735215 1.063858 0.493195 -0.162169
0.937500 0.391300 1.576008 -0.621425 0.125965 -0.055944 0.474108 -0.210560 1.015885 0.395404 0.280670 -0.668454 0.479558 -0.417953
0.921874 0.391300 1.524064 -0.621425 0.121814 -0.055944 0.458482 -0.210560 1.001483 0.401414 0.720812 1.069868 0.464115 -0.430524
0.890624 0.391300 1.420184 -0.621425 0.113511 -0.055944 0.427232 -0.210560 0.972793 0.413966 0.251981 -0.655902 0.433272 -0.457910
0.875000 0.434781 1.368248 -0.493099 0.109360 -0.044391 0.411608 -0.167079 0.977067 0.461159 0.725086 1.117061 0.412601 -0.385598
0.875000 0.521737 1.368248 -0.236466 0.109360 -0.021288 0.411608 -0.080123 1.018742 0.537673 0.293656 -0.579387 0.415723 -0.192254
0.875000 0.565212 1.368248 -0.108159 0.109360 -0.009737 0.411608 -0.036648 1.041677 0.573528 0.748021 1.152915 0.424015 -0.088802
0.890624 0.695650 1.420184 0.276801 0.113511 0.024919 0.427232 0.093790 1.130106 0.663098 0.382085 -0.489817 0.486282 0.216101
0.921874 0.782606 1.524064 0.533434 0.121814 0.048022 0.458482 0.180746 1.209266 0.703872 0.827180 1.193689 0.558662 0.375520
0.968750 0.869562 1.679887 0.790067 0.134268 0.071126 0.505358 0.267702 1.301774 0.731495 0.474593 -0.462194 0.648352 0.487146
0.984374 0.913037 1.731823 0.918374 0.138419 0.082676 0.520982 0.311177 1.342620 0.747819 0.868027 1.210013 0.688188 0.538424
1.000000 0.913037 1.783767 0.918374 0.142571 0.082676 0.536608 0.311177 1.354119 0.739971 0.486092 -0.470042 0.700092 0.525506
