0.076923 0.406250 -1.305588 -0.634956 -0.102903 -0.054939 -0.398649 -0.212837 0.413469 1.383663 0.413469 1.383663 0.404631 0.490395
0.096152 0.406250 -1.242612 -0.634956 -0.097939 -0.054939 -0.379419 -0.212837 0.417474 1.338390 0.004005 -0.045272 0.385700 0.511214
0.115385 0.406250 -1.179625 -0.634956 -0.092975 -0.054939 -0.360187 -0.212837 0.422319 1.294061 0.418313 1.339333 0.366797 0.533706
0.134614 0.406250 -1.116649 -0.634956 -0.088011 -0.054939 -0.340958 -0.212837 0.427972 1.250826 0.009659 -0.088508 0.347934 0.558047
0.153846 0.437498 -1.053663 -0.541736 -0.083047 -0.046873 -0.321726 -0.181589 0.463760 1.232652 0.454101 1.321160 0.323971 0.513849
0.153846 0.468750 -1.053663 -0.448501 -0.083047 -0.038806 -0.321726 -0.150337 0.493351 1.253668 0.039250 -0.067492 0.321798 0.437134
0.173075 0.562497 -0.990686 -0.168825 -0.078083 -0.014607 -0.302496 -0.056590 0.588522 1.272298 0.549272 1.339790 0.314738 0.184939
0.173075 0.593750 -0.990686 -0.075590 -0.078083 -0.006540 -0.302496 -0.025338 0.618461 1.287160 0.069189 -0.052630 0.324761 0.083567
0.173075 0.656249 -0.990686 0.110865 -0.078083 0.009593 -0.302496 0.037162 0.678689 1.312934 0.609500 1.365564 0.352347 -0.122239
0.173075 0.687501 -0.990686 0.204100 -0.078083 0.017660 -0.302496 0.068414 0.708952 1.324175 0.099453 -0.041388 0.369348 -0.222423
0.153846 0.718749 -1.053663 0.297321 -0.083047 0.025726 -0.321726 0.099662 0.735030 1.359931 0.635577 1.401319 0.403290 -0.300398
0.134614 0.718749 -1.116649 0.297321 -0.088011 0.025726 -0.340958 0.099662 0.731246 1.385652 0.095669 -0.015667 0.418793 -0.284377
0.115385 0.750001 -1.179625 0.390555 -0.092975 0.033793 -0.360187 0.130914 0.758825 1.418147 0.663156 1.433815 0.452820 -0.348616
0.096152 0.750001 -1.242612 0.390555 -0.097939 0.033793 -0.379419 0.130914 0.756140 1.443289 0.092984 0.009474 0.468263 -0.332247
0.076923 0.750001 -1.305588 0.390555 -0.102903 0.033793 -0.398649 0.130914 0.753936 1.468590 0.660952 1.459116 0.483976 -0.317299
0.057691 0.718749 -1.368574 0.297321 -0.107867 0.025726 -0.417881 0.099662 0.721061 1.490702 0.060109 0.031587 0.483487 -0.234120
0.038462 0.656249 -1.431551 0.110865 -0.112831 0.009593 -0.437110 0.037162 0.657375 1.512255 0.597267 1.480668 0.472980 -0.084813
0.019229 0.593750 -1.494537 -0.075590 -0.117795 -0.006540 -0.456342 -0.025338 0.594061 1.538421 -0.003206 0.057753 0.471396 0.055467
0.019229 0.531250 -1.494537 -0.262045 -0.117795 -0.022673 -0.456342 -0.087837 0.531598 1.534616 0.534804 1.476863 0.459727 0.190156
0.000000 0.468750 -1.557514 -0.448501 -0.122759 -0.038806 -0.475572 -0.150337 0.468750 1.570796 -0.066054 0.093934 0.475621 0.306178
0.000000 0.312499 -1.557514 -0.914646 -0.122759 -0.079139 -0.475572 -0.306589 0.312499 1.570796 0.378552 1.476863 0.502754 0.572622
0.000000 0.249999 -1.557514 -1.101102 -0.122759 -0.095272 -0.475572 -0.369088 0.249999 1.570796 -0.128553 0.093934 0.526357 0.659993
0.019229 0.187499 -1.494537 -1.287557 -0.117795 -0.111405 -0.456342 -0.431588 0.188483 1.468597 0.317036 1.374663 0.539661 0.757527
0.038462 0.124999 -1.431551 -1.474012 -0.112831 -0.127538 -0.437110 -0.494088 0.130783 1.272296 -0.186253 -0.102367 0.560327 0.846509
0.076923 0.093752 -1.305588 -1.567233 -0.102903 -0.135604 -0.398649 -0.525335 0.121271 0.883682 0.307524 0.986049 0.552003 0.921658
0.134614 0.062500 -1.116649 -1.660468 -0.088011 -0.143671 -0.340958 -0.556588 0.148415 0.434673 -0.159108 -0.551377 0.535613 1.021174
0.173075 0.031252 -0.990686 -1.753689 -0.078083 -0.151737 -0.302496 -0.587835 0.175874 0.178645 0.334983 0.730022 0.537516 1.095542
0.288460 0.000000 -0.612797 -1.846923 -0.048299 -0.159804 -0.187112 -0.619087 0.288460 0.000000 -0.046523 -0.730022 0.511057 1.277288
0.326922 0.000000 -0.486834 -1.846923 -0.038371 -0.159804 -0.148650 -0.619087 0.326922 0.000000 0.373444 0.730022 0.498262 1.335146
0.365383 0.000000 -0.360872 -1.846923 -0.028443 -0.159804 -0.110189 -0.619087 0.365383 0.000000 -0.008061 -0.730022 0.488170 1.394655
0.423077 0.031252 -0.171923 -1.753689 -0.013550 -0.151737 -0.052495 -0.587835 0.424230 0.073735 0.432291 0.803757 0.447410 1.481731
0.461538 0.062500 -0.045960 -1.660468 -0.003622 -0.143671 -0.014033 -0.556588 0.465751 0.134597 0.033460 -0.669159 0.413310 1.545588
0.538462 0.187499 0.205966 -1.287557 0.016234 -0.111405 0.062890 -0.431588 0.570173 0.335082 0.536712 1.004241 0.294858 -1.426098
0.557694 0.249999 0.268952 -1.101102 0.021198 -0.095272 0.082122 -0.369088 0.611164 0.421416 0.074452 -0.582824 0.240057 -1.351863
0.557694 0.343751 0.268952 -0.821412 0.021198 -0.071072 0.082122 -0.275337 0.655124 0.552376 0.580672 1.135200 0.155309 -1.280936
0.557694 0.437498 0.268952 -0.541736 0.021198 -0.046873 0.082122 -0.181589 0.708821 0.665204 0.128149 -0.469997 0.090519 -1.146081
0.557694 0.531250 0.268952 -0.262045 0.021198 -0.022673 0.082122 -0.087837 0.770226 0.761119 0.642077 1.231116 0.099217 -0.819014
0.557694 0.687501 0.268952 0.204100 0.021198 0.017660 0.082122 0.068414 0.885257 0.889270 0.243180 -0.341846 0.227284 0.694589
0.538462 0.750001 0.205966 0.390555 0.016234 0.033793 0.062890 0.130914 0.923278 0.948126 0.680098 1.289972 0.281543 1.122959
0.519232 0.781249 0.142989 0.483776 0.011270 0.041859 0.043660 0.162161 0.938057 0.984213 0.257959 -0.305759 0.308779 1.307793
0.519232 0.843748 0.142989 0.670232 0.011270 0.057991 0.043660 0.224661 0.990714 1.019139 0.732755 1.324898 0.370756 1.378850
0.500000 0.875001 0.080003 0.763466 0.006306 0.066059 0.024428 0.255913 1.007783 1.051651 0.275028 -0.273248 0.400175 1.475630
0.480771 0.906248 0.017027 0.856687 0.001342 0.074124 0.005199 0.287161 1.025878 1.083042 0.750850 1.356290 0.430708 1.552694
0.461538 0.937500 -0.045960 0.949922 -0.003622 0.082192 -0.014033 0.318413 1.044952 1.113322 0.294102 -0.242968 0.462142 -1.526752
0.461538 0.968748 -0.045960 1.043142 -0.003622 0.090257 -0.014033 0.349661 1.073075 1.126184 0.778973 1.369152 0.493376 -1.530684
0.480771 0.968748 0.017027 1.043142 0.001342 0.090257 0.005199 0.349661 1.081486 1.110129 0.302513 -0.259023 0.493203 1.555929
0.519232 0.968748 0.142989 1.043142 0.011270 0.090257 0.043660 0.349661 1.099124 1.078778 0.796611 1.337802 0.495105 1.446574
0.576923 0.968748 0.331929 1.043142 0.026162 0.090257 0.101351 0.349661 1.127525 1.033666 0.330914 -0.304135 0.503483 1.288672
0.634617 0.968748 0.520878 1.043142 0.041054 0.090257 0.159045 0.349661 1.158107 0.990851 0.827193 1.294986 0.518187 1.143912
0.673078 0.968748 0.646841 1.043142 0.050982 0.090257 0.197507 0.349661 1.179621 0.963574 0.352429 -0.331412 0.531255 1.056622
0.730769 0.968748 0.835780 1.043142 0.065874 0.090257 0.255197 0.349661 1.213464 0.924521 0.861036 1.255933 0.555291 0.940321
0.769231 0.968748 0.961743 1.043142 0.075802 0.090257 0.293659 0.349661 1.237008 0.899696 0.375972 -0.356237 0.573984 0.872230
0.826925 0.968748 1.150692 1.043142 0.090694 0.090257 0.351353 0.349661 1.273686 0.864215 0.897714 1.220452 0.605534 0.782984
0.865386 0.968748 1.276655 1.043142 0.100622 0.090257 0.389814 0.349661 1.298986 0.841693 0.401272 -0.378759 0.628632 0.731151
0.884615 0.968748 1.339632 1.043142 0.105586 0.090257 0.409044 0.349661 1.311875 0.830761 0.910603 1.209520 0.640733 0.707288
0.884615 0.937500 1.339632 0.949922 0.105586 0.082192 0.409044 0.318413 1.288973 0.814414 0.378370 -0.395107 0.617005 0.661451
0.865386 0.937500 1.276655 0.949922 0.100622 0.082192 0.389814 0.318413 1.275853 0.825376 0.897483 1.220483 0.604428 0.684921
0.846154 0.906248 1.213669 0.856687 0.095658 0.074124 0.370582 0.287161 1.239864 0.819677 0.342381 -0.400805 0.568166 0.659242
0.826925 0.875001 1.150692 0.763466 0.090694 0.066059 0.351353 0.255913 1.203923 0.813639 0.861542 1.214444 0.531970 0.629511
0.807692 0.812501 1.087706 0.577011 0.085730 0.049926 0.332121 0.193414 1.145655 0.788366 0.284113 -0.426078 0.473102 0.527348
0.807692 0.781249 1.087706 0.483776 0.085730 0.041859 0.332121 0.162161 1.123707 0.768757 0.839594 1.194835 0.451378 0.454212
0.807692 0.718749 1.087706 0.297321 0.085730 0.025726 0.332121 0.099662 1.081188 0.727196 0.241594 -0.467640 0.411630 0.291527
0.807692 0.656249 1.087706 0.110865 0.085730 0.009593 0.332121 0.037162 1.040687 0.682316 0.799093 1.149956 0.378085 0.111430
0.846154 0.562497 1.213669 -0.168825 0.095658 -0.014607 0.370582 -0.056590 1.016061 0.586688 0.216968 -0.563268 0.380640 -0.151535
0.865386 0.562497 1.276655 -0.168825 0.100622 -0.014607 0.389814 -0.056590 1.032132 0.576372 0.815164 1.139640 0.399389 -0.144164
0.923077 0.531250 1.465595 -0.262045 0.115514 -0.022673 0.447505 -0.087837 1.065034 0.522225 0.249870 -0.617415 0.450956 -0.193818
0.980771 0.593750 1.654544 -0.075590 0.130406 -0.006540 0.505199 -0.025338 1.146495 0.544374 0.896625 1.161789 0.518837 -0.050112
0.980771 0.624997 1.654544 0.017631 0.130406 0.001525 0.505199 0.005910 1.162984 0.567361 0.266359 -0.594428 0.526834 0.011697
1.000000 0.687501 1.717520 0.204100 0.135370 0.017660 0.524428 0.068414 1.213531 0.602288 0.947172 1.196716 0.565632 0.129722
1.000000 0.812501 1.717520 0.577011 0.135370 0.049926 0.524428 0.193414 1.288471 0.682317 0.341299 -0.514399 0.623335 0.353332
0.980771 0.875001 1.654544 0.763466 0.130406 0.066059 0.505199 0.255913 1.314358 0.728465 0.973059 1.242864 0.644026 0.468881
0.942309 0.937500 1.528581 0.949922 0.120478 0.082192 0.466737 0.318413 1.329230 0.782840 0.356171 -0.460024 0.656675 0.598687
0.923077 0.968748 1.465595 1.043142 0.115514 0.090257 0.447505 0.349661 1.338112 0.809535 0.981940 1.269558 0.665945 0.663268
0.884615 1.000000 1.339632 1.136377 0.105586 0.098325 0.409044 0.380913 1.335120 0.846546 0.353179 -0.423012 0.665088 0.749803
