0.122448 0.562500 -1.246797 -0.124675 -0.091760 -0.010043 -0.376231 -0.041176 0.575673 1.356454 0.575673 1.356454 0.381606 0.109009
0.142858 0.562500 -1.179161 -0.124675 -0.086783 -0.010043 -0.355822 -0.041176 0.580357 1.322085 0.004684 -0.034369 0.361500 0.115208
0.163265 0.562500 -1.111536 -0.124675 -0.081806 -0.010043 -0.335415 -0.041176 0.585715 1.288310 0.581031 1.322679 0.341433 0.122150
0.183674 0.562500 -1.043900 -0.124675 -0.076828 -0.010043 -0.315005 -0.041176 0.591728 1.255180 0.010698 -0.067500 0.321405 0.129978
0.204084 0.562500 -0.976265 -0.124675 -0.071850 -0.010043 -0.294596 -0.041176 0.598378 1.222750 0.587680 1.290250 0.301429 0.138871
0.224490 0.593748 -0.908639 -0.030061 -0.066873 -0.002421 -0.274189 -0.009928 0.634769 1.209319 0.047089 -0.080931 0.290203 0.036194
0.244900 0.656248 -0.841003 0.159180 -0.061895 0.012822 -0.253780 0.052572 0.700455 1.213620 0.653366 1.294552 0.298717 -0.204266
0.265306 0.718748 -0.773378 0.348421 -0.056918 0.028065 -0.233373 0.115072 0.766150 1.217188 0.112784 -0.077364 0.320769 -0.458097
0.265306 0.750000 -0.773378 0.443049 -0.056918 0.035688 -0.233373 0.146324 0.795542 1.230792 0.682758 1.308156 0.342965 -0.560034
0.265306 0.781248 -0.773378 0.537663 -0.056918 0.043309 -0.233373 0.177572 0.825067 1.243422 0.142309 -0.064733 0.366480 -0.650436
0.244900 0.781248 -0.841003 0.537663 -0.061895 0.043309 -0.253780 0.177572 0.818733 1.267025 0.676424 1.331759 0.379801 -0.610530
0.224490 0.812500 -0.908639 0.632290 -0.066873 0.050931 -0.274189 0.208824 0.842943 1.301226 0.166518 -0.030533 0.416729 -0.650888
0.204084 0.812500 -0.976265 0.632290 -0.071850 0.050931 -0.294596 0.208824 0.837739 1.324707 0.671221 1.355240 0.430430 -0.616641
0.183674 0.812500 -1.043900 0.632290 -0.076828 0.050931 -0.315005 0.208824 0.833002 1.348473 0.161781 -0.006767 0.444648 -0.585406
0.142858 0.812500 -1.179161 0.632290 -0.086783 0.050931 -0.355822 0.208824 0.824963 1.396750 0.663182 1.403517 0.474439 -0.530716
0.102042 0.812500 -1.314422 0.632290 -0.096737 0.050931 -0.396638 0.208824 0.818883 1.445860 0.155701 0.042343 0.505771 -0.484611
0.081632 0.781248 -1.382058 0.537663 -0.101715 0.043309 -0.417047 0.177572 0.785501 1.466685 0.629800 1.424341 0.503759 -0.402534
0.061226 0.750000 -1.449683 0.443049 -0.106692 0.035688 -0.437454 0.146324 0.752495 1.489343 0.122695 0.065001 0.504507 -0.322792
0.040816 0.687500 -1.517319 0.253808 -0.111670 0.020444 -0.457863 0.083824 0.688711 1.511497 0.566016 1.446496 0.495270 -0.181072
0.040816 0.625000 -1.517319 0.064567 -0.111670 0.005201 -0.457863 0.021324 0.626331 1.505583 0.060315 0.059087 0.474969 -0.046540
0.020410 0.562500 -1.584945 -0.124675 -0.116647 -0.010043 -0.478270 -0.041176 0.562870 1.534528 0.502555 1.475441 0.482509 0.085882
0.000000 0.500000 -1.652580 -0.313916 -0.121625 -0.025286 -0.498680 -0.103676 0.500000 1.570796 -0.002555 0.095355 0.498681 0.204981
0.000000 0.375000 -1.652580 -0.692399 -0.121625 -0.055773 -0.498680 -0.228676 0.375000 1.570796 0.377555 1.475441 0.513788 0.429952
0.000000 0.343748 -1.652580 -0.787027 -0.121625 -0.063395 -0.498680 -0.259928 0.343748 1.570796 -0.033807 0.095355 0.522193 0.480489
0.020410 0.281248 -1.584945 -0.976268 -0.116647 -0.078638 -0.478270 -0.322428 0.281987 1.498355 0.315794 1.403000 0.525375 0.593169
0.061226 0.156248 -1.449683 -1.354750 -0.106692 -0.109125 -0.437454 -0.447428 0.167815 1.197335 -0.147979 -0.205665 0.555541 0.796670
0.081632 0.125000 -1.382058 -1.449364 -0.101715 -0.116746 -0.417047 -0.478676 0.149294 0.992274 0.297274 1.197939 0.559969 0.854093
0.122448 0.093748 -1.246797 -1.543992 -0.091760 -0.124368 -0.376231 -0.509928 0.154215 0.653416 -0.143059 -0.544523 0.552738 0.935141
0.163265 0.062500 -1.111536 -1.638605 -0.081806 -0.131989 -0.335415 -0.541176 0.174819 0.365604 0.317877 0.910127 0.550233 1.015953
0.204084 0.031248 -0.976265 -1.733233 -0.071850 -0.139612 -0.294596 -0.572428 0.206462 0.151932 -0.111415 -0.758195 0.552521 1.095504
0.285716 0.000000 -0.705742 -1.827847 -0.051940 -0.147233 -0.212964 -0.603676 0.285716 0.000000 0.397131 0.758195 0.542250 1.231649
0.306123 0.000000 -0.638117 -1.827847 -0.046963 -0.147233 -0.192557 -0.603676 0.306123 0.000000 -0.091009 -0.758195 0.534565 1.262024
0.346939 0.000000 -0.502856 -1.827847 -0.037009 -0.147233 -0.151741 -0.603676 0.346939 0.000000 0.437948 0.758195 0.521255 1.324537
0.387755 0.000000 -0.367595 -1.827847 -0.027054 -0.147233 -0.110925 -0.603676 0.387755 0.000000 -0.050193 -0.758195 0.510868 1.389075
0.428571 0.031248 -0.232334 -1.733233 -0.017099 -0.139612 -0.070109 -0.572428 0.429709 0.072782 0.479901 0.830977 0.472660 1.448927
0.469387 0.062500 -0.097073 -1.638605 -0.007144 -0.131989 -0.029292 -0.541176 0.473530 0.132374 -0.006371 -0.698604 0.437162 1.516722
0.489797 0.062500 -0.029437 -1.638605 -0.002166 -0.131989 -0.008883 -0.541176 0.493768 0.126918 0.500140 0.825522 0.436270 1.554384
0.489797 0.093748 -0.029437 -1.543992 -0.002166 -0.124368 -0.008883 -0.509928 0.498688 0.189114 -0.001452 -0.636408 0.405029 1.553378
0.530613 0.187500 0.105824 -1.260123 0.007788 -0.101503 0.031933 -0.416176 0.562767 0.339669 0.564219 0.976077 0.312814 -1.494216
0.530613 0.250000 0.105824 -1.070881 0.007788 -0.086259 0.031933 -0.353676 0.586558 0.440305 0.022339 -0.535772 0.250721 -1.480751
0.530613 0.281248 0.105824 -0.976268 0.007788 -0.078638 0.031933 -0.322428 0.600542 0.487392 0.578202 1.023164 0.219764 -1.472078
0.530613 0.406248 0.105824 -0.597785 0.007788 -0.048151 0.031933 -0.197428 0.668272 0.653423 0.090069 -0.369741 0.097793 -1.410439
0.530613 0.468748 0.105824 -0.408544 0.007788 -0.032908 0.031933 -0.134928 0.708007 0.723572 0.617938 1.093314 0.043768 -1.338404
0.530613 0.531248 0.105824 -0.219303 0.007788 -0.017665 0.031933 -0.072428 0.750849 0.785996 0.132911 -0.307318 0.045612 -1.155539
0.510203 0.625000 0.038188 0.064567 0.002811 0.005201 0.011524 0.021324 0.806804 0.886180 0.673893 1.193498 0.126845 1.075349
0.510203 0.687500 0.038188 0.253808 0.002811 0.020444 0.011524 0.083824 0.856133 0.932361 0.182240 -0.261136 0.189172 1.434178
0.489797 0.718748 -0.029437 0.348421 -0.002166 0.028065 -0.008883 0.115072 0.869770 0.972623 0.687529 1.233759 0.220247 -1.493755
0.469387 0.812500 -0.097073 0.632290 -0.007144 0.050931 -0.029292 0.208824 0.938339 1.046930 0.250810 -0.186829 0.315185 -1.431432
0.469387 0.843748 -0.097073 0.726904 -0.007144 0.058552 -0.029292 0.240072 0.965523 1.063120 0.714713 1.249949 0.346309 -1.449381
0.448981 0.875000 -0.164698 0.821532 -0.012121 0.066174 -0.049699 0.271324 0.983468 1.096707 0.268755 -0.153242 0.379588 -1.389633
0.448981 0.906252 -0.164698 0.916160 -0.012121 0.073796 -0.049699 0.302576 1.011374 1.110815 0.742619 1.264057 0.410592 -1.407997
0.448981 0.937500 -0.164698 1.010773 -0.012121 0.081418 -0.049699 0.333824 1.039466 1.124160 0.296847 -0.139896 0.441626 -1.423004
0.469387 0.937500 -0.097073 1.010773 -0.007144 0.081418 -0.029292 0.333824 1.048442 1.106605 0.751595 1.246501 0.439797 -1.483272
0.489797 0.937500 -0.029437 1.010773 -0.002166 0.081418 -0.008883 0.333824 1.057737 1.089351 0.306142 -0.157151 0.438910 -1.544193
0.530613 0.937500 0.105824 1.010773 0.007788 0.081418 0.031933 0.333824 1.077245 1.055762 0.771103 1.212913 0.439981 1.475427
0.571429 0.937500 0.241085 1.010773 0.017743 0.081418 0.072749 0.333824 1.097924 1.023403 0.326821 -0.189510 0.444810 1.356224
0.653061 0.937500 0.511607 1.010773 0.037653 0.081418 0.154382 0.333824 1.142539 0.962357 0.815718 1.151866 0.465185 1.137626
0.693877 0.968752 0.646868 1.105401 0.047607 0.089040 0.195198 0.365076 1.191615 0.949242 0.375897 -0.202625 0.508990 1.079794
0.775510 0.968752 0.917391 1.105401 0.067517 0.089040 0.276830 0.365076 1.240926 0.895736 0.865028 1.098361 0.545530 0.922017
0.795916 0.968752 0.985016 1.105401 0.072494 0.089040 0.297237 0.365076 1.253780 0.883029 0.388752 -0.215331 0.556164 0.887471
0.857142 1.000000 1.187913 1.200014 0.087427 0.096661 0.358462 0.396324 1.317077 0.862171 0.928326 1.077502 0.616293 0.835518
0.897958 1.000000 1.323174 1.200014 0.097381 0.096661 0.399279 0.396324 1.343997 0.839110 0.415672 -0.238391 0.640894 0.781685
0.918368 1.000000 1.390810 1.200014 0.102359 0.096661 0.419688 0.396324 1.357718 0.827925 0.942047 1.066317 0.653804 0.756774
0.938774 1.000000 1.458435 1.200014 0.107336 0.096661 0.440095 0.396324 1.371604 0.816967 0.429557 -0.249350 0.667087 0.733115
0.959184 0.937500 1.526071 1.010773 0.112314 0.081418 0.460504 0.333824 1.341246 0.773966 0.911689 1.023316 0.636103 0.627249
0.959184 0.906252 1.526071 0.916160 0.112314 0.073796 0.460504 0.302576 1.319594 0.757031 0.407905 -0.266285 0.614963 0.581319
0.979590 0.875000 1.593696 0.821532 0.117291 0.066174 0.480911 0.271324 1.313477 0.729062 0.905572 0.995347 0.610649 0.513671
0.979590 0.781248 1.593696 0.537663 0.117291 0.043309 0.480911 0.177572 1.252975 0.673230 0.347402 -0.322117 0.557781 0.353712
0.979590 0.687500 1.593696 0.253808 0.117291 0.020444 0.480911 0.083824 1.196768 0.611949 0.849366 0.934066 0.516651 0.172569
0.979590 0.593748 1.593696 -0.030061 0.117291 -0.002421 0.480911 -0.009928 1.145484 0.544906 0.296118 -0.389160 0.490217 -0.020642
0.959184 0.562500 1.526071 -0.124675 0.112314 -0.010043 0.460504 -0.041176 1.111953 0.530386 0.815835 0.919547 0.464906 -0.089178
0.959184 0.531248 1.526071 -0.219303 0.112314 -0.017665 0.460504 -0.072428 1.096475 0.505797 0.280640 -0.413749 0.461654 -0.156002
0.918368 0.500000 1.390810 -0.313916 0.102359 -0.025286 0.419688 -0.103676 1.045657 0.498568 0.765017 0.912317 0.419690 -0.242182
0.897958 0.468748 1.323174 -0.408544 0.097381 -0.032908 0.399279 -0.134928 1.012943 0.481104 0.247926 -0.431213 0.400399 -0.325882
0.877552 0.468748 1.255548 -0.408544 0.092404 -0.032908 0.378872 -0.134928 0.994898 0.490596 0.746972 0.921809 0.380053 -0.342127
0.857142 0.500000 1.187913 -0.313916 0.087427 -0.025286 0.358462 -0.103676 0.992317 0.528075 0.245345 -0.393734 0.358465 -0.281541
0.857142 0.562500 1.187913 -0.124675 0.087427 -0.010043 0.358462 -0.041176 1.025231 0.580757 0.779886 0.974491 0.364099 -0.114367
0.857142 0.593748 1.187913 -0.030061 0.087427 -0.002421 0.358462 -0.009928 1.042703 0.605814 0.262816 -0.368677 0.370855 -0.027690
0.857142 0.625000 1.187913 0.064567 0.087427 0.005201 0.358462 0.021324 1.060810 0.630034 0.797993 0.998711 0.380069 0.059418
0.877552 0.718748 1.255548 0.348421 0.092404 0.028065 0.378872 0.115072 1.134326 0.686242 0.336332 -0.312470 0.438148 0.294868
0.897958 0.750000 1.323174 0.443049 0.097381 0.035688 0.399279 0.146324 1.169970 0.695856 0.833637 1.008325 0.471789 0.351273
0.938774 0.812500 1.458435 0.632290 0.107336 0.050931 0.440095 0.208824 1.241553 0.713419 0.407916 -0.294907 0.540524 0.443039
0.959184 0.812500 1.526071 0.632290 0.112314 0.050931 0.460504 0.208824 1.257056 0.702793 0.849140 0.997700 0.557268 0.425735
0.979590 0.843748 1.593696 0.726904 0.117291 0.058552 0.480911 0.240072 1.292868 0.711033 0.443727 -0.286666 0.591901 0.463009
1.000000 0.875000 1.661332 0.821532 0.122269 0.066174 0.501320 0.271324 1.328768 0.718830 0.885041 1.005496 0.626849 0.496077
