3.040323356164473592e-02 8.061314268795742866e-01 1.634653395587811753e-01 2.000000000000000000e+00 2.000000000000000000e+00
9.746114573918107649e-01 9.698071079544821199e-03 1.569047152864464292e-02 1.000000000000000000e+00 1.000000000000000000e+00
9.608221504935383628e-01 1.198362519789159669e-02 2.719422430856996767e-02 1.000000000000000000e+00 1.000000000000000000e+00
4.531719591437068789e-02 1.353299897658811167e-02 9.411498051090413375e-01 3.000000000000000000e+00 3.000000000000000000e+00
4.370784834420612247e-02 1.641489341016157469e-02 9.398772582456323965e-01 3.000000000000000000e+00 3.000000000000000000e+00
9.496632742584958445e-03 9.715807852183312443e-01 1.892258203908381287e-02 2.000000000000000000e+00 2.000000000000000000e+00
5.925421438648202643e-02 2.065413421253535775e-01 7.342044434881643822e-01 3.000000000000000000e+00 3.000000000000000000e+00
7.675865594477937828e-03 9.804234472094193187e-01 1.190068719610276951e-02 2.000000000000000000e+00 2.000000000000000000e+00
1.896921955082175523e-02 9.369336119944433605e-01 4.409716845473476976e-02 2.000000000000000000e+00 2.000000000000000000e+00
8.147964897589735772e-03 9.838275837522664213e-01 8.024451350143938302e-03 2.000000000000000000e+00 2.000000000000000000e+00
4.498475000211141217e-02 5.385305074460155009e-03 9.496299449234283374e-01 3.000000000000000000e+00 3.000000000000000000e+00
5.432095454391929618e-02 2.951293188253946709e-01 6.505497266306859983e-01 3.000000000000000000e+00 3.000000000000000000e+00
9.849968734743318466e-01 4.259737093331849613e-03 1.074338943233616762e-02 1.000000000000000000e+00 1.000000000000000000e+00
9.698943926466804255e-01 9.809243938145698755e-03 2.029636341517366410e-02 1.000000000000000000e+00 1.000000000000000000e+00
9.822456119851963319e-01 6.686077069320134174e-03 1.106831094548360248e-02 1.000000000000000000e+00 1.000000000000000000e+00
9.754648675283350556e-01 1.193527749297672996e-02 1.259985497868803400e-02 1.000000000000000000e+00 1.000000000000000000e+00
1.087229513873303778e-02 9.629259529149997165e-01 2.620175194626712598e-02 2.000000000000000000e+00 2.000000000000000000e+00
9.342891544936942072e-01 3.178545506850794650e-02 3.392539043779767283e-02 1.000000000000000000e+00 1.000000000000000000e+00
1.805946793921303292e-02 1.973304008681780325e-02 9.622074919739691534e-01 3.000000000000000000e+00 3.000000000000000000e+00
9.754890908480920997e-01 1.061469257320973858e-02 1.389621657869825368e-02 1.000000000000000000e+00 1.000000000000000000e+00
1.450059516966172024e-02 9.316829799352012165e-01 5.381642489513707023e-02 2.000000000000000000e+00 2.000000000000000000e+00
1.295420845315403864e-02 1.731748793374562889e-02 9.697283036131004730e-01 3.000000000000000000e+00 3.000000000000000000e+00
9.219198315583447823e-01 1.385125691842057499e-02 6.422891152323427499e-02 1.000000000000000000e+00 1.000000000000000000e+00
9.639117188269750169e-01 1.027440570984192170e-02 2.581387546318298504e-02 1.000000000000000000e+00 1.000000000000000000e+00
8.306264034858294037e-03 1.259764092357148341e-02 9.790960950415705799e-01 3.000000000000000000e+00 3.000000000000000000e+00
9.575105735983165944e-01 1.626776989045125230e-02 2.622165651123232327e-02 1.000000000000000000e+00 1.000000000000000000e+00
9.666751150864595354e-01 1.005950470918133902e-02 2.326538020435903187e-02 1.000000000000000000e+00 1.000000000000000000e+00
2.427541434679051507e-02 4.287479934292930811e-02 9.328497863102803711e-01 3.000000000000000000e+00 3.000000000000000000e+00
9.837313352643469733e-01 9.200624422258113153e-03 7.068040313394775669e-03 1.000000000000000000e+00 1.000000000000000000e+00
1.377169038103933513e-02 9.541161147128511821e-01 3.211219490610944804e-02 2.000000000000000000e+00 2.000000000000000000e+00
9.622108373446595087e-01 1.662936612947357382e-02 2.115979652586701815e-02 1.000000000000000000e+00 1.000000000000000000e+00
1.732825304599364125e-02 8.723552701839096812e-01 1.103164767700967747e-01 2.000000000000000000e+00 2.000000000000000000e+00
2.647409137446429458e-02 1.732944522441795532e-02 9.561964634011176356e-01 3.000000000000000000e+00 3.000000000000000000e+00
1.875294663003337220e-02 9.332964429043728583e-01 4.795061046559342954e-02 2.000000000000000000e+00 2.000000000000000000e+00
2.668626527688093553e-02 1.162085895203626533e-02 9.616928757710828668e-01 3.000000000000000000e+00 3.000000000000000000e+00
1.000074157615626728e-02 9.439576534931773955e-01 4.604160493066622450e-02 2.000000000000000000e+00 2.000000000000000000e+00
8.042988237535068918e-02 6.736086215302579117e-01 2.459614960943909134e-01 2.000000000000000000e+00 2.000000000000000000e+00
9.640275563709249651e-01 1.167976932992983129e-02 2.429267429914494167e-02 1.000000000000000000e+00 1.000000000000000000e+00
9.872644692448357961e-01 4.022790720940507860e-03 8.712740034223589308e-03 1.000000000000000000e+00 1.000000000000000000e+00
1.100900231749104424e-02 9.550472508669312077e-01 3.394374681557777579e-02 2.000000000000000000e+00 2.000000000000000000e+00
1.889441356589879190e-02 9.294123589622079740e-01 5.169322747189343537e-02 2.000000000000000000e+00 2.000000000000000000e+00
8.930285724099065042e-03 2.640958974748892629e-01 7.269738168010119184e-01 3.000000000000000000e+00 3.000000000000000000e+00
2.047249302898836859e-02 2.406835980883867063e-02 9.554591471621733945e-01 3.000000000000000000e+00 3.000000000000000000e+00
8.929238896103166429e-03 4.428924093097719519e-03 9.866418370107991054e-01 3.000000000000000000e+00 3.000000000000000000e+00
9.789165219992954636e-01 6.577912959223162701e-03 1.450556504148146214e-02 1.000000000000000000e+00 1.000000000000000000e+00
2.176364539252577390e-02 3.951892288012947944e-03 9.742844623194610865e-01 3.000000000000000000e+00 3.000000000000000000e+00
1.800626535698606270e-02 1.066415765961938218e-02 9.713295769833943938e-01 3.000000000000000000e+00 3.000000000000000000e+00
2.371807278238760672e-03 5.319862309412557930e-03 9.923083304123485604e-01 3.000000000000000000e+00 3.000000000000000000e+00
5.157697065646834472e-03 9.744901321112822146e-01 2.035217082307102729e-02 2.000000000000000000e+00 2.000000000000000000e+00
9.392626798335020899e-01 1.582934939833212373e-02 4.490797076816578637e-02 1.000000000000000000e+00 1.000000000000000000e+00
1.471122809477066161e-02 9.545833203505402764e-01 3.070545155468907411e-02 2.000000000000000000e+00 2.000000000000000000e+00
9.623826724743556049e-01 1.824509666980215009e-02 1.937223085584233173e-02 1.000000000000000000e+00 1.000000000000000000e+00
7.176809463280763718e-03 9.584266681271996768e-01 3.439652240951961842e-02 2.000000000000000000e+00 2.000000000000000000e+00
3.572174463479581286e-02 8.872355651983131475e-01 7.704269016689102578e-02 2.000000000000000000e+00 2.000000000000000000e+00
1.125301748998688671e-02 9.535861787078249163e-01 3.516080380218795931e-02 2.000000000000000000e+00 2.000000000000000000e+00
9.155653235394037859e-01 1.414558007419551393e-02 7.028909638640080948e-02 1.000000000000000000e+00 1.000000000000000000e+00
1.321783197015408487e-02 9.474494319156097077e-01 3.933273611423630800e-02 2.000000000000000000e+00 2.000000000000000000e+00
