4.195507362989042005e-02 8.312675462925065428e-01 1.267773800776030302e-01 2.000000000000000000e+00 2.000000000000000000e+00
9.848486696534117790e-01 4.684893184771123618e-03 1.046643716181712078e-02 1.000000000000000000e+00 1.000000000000000000e+00
9.713877890083313371e-01 8.130955170959850917e-03 2.048125582070878595e-02 1.000000000000000000e+00 1.000000000000000000e+00
3.617992672463924558e-02 1.764146480032606143e-02 9.461786084750347658e-01 3.000000000000000000e+00 3.000000000000000000e+00
3.560432096722772333e-02 1.864221811896706743e-02 9.457534609138051884e-01 3.000000000000000000e+00 3.000000000000000000e+00
3.825934789371439760e-03 9.868373848336495779e-01 9.336680376978946302e-03 2.000000000000000000e+00 2.000000000000000000e+00
1.777779528589564506e-01 1.798711817936410329e-01 6.423508653474024888e-01 3.000000000000000000e+00 3.000000000000000000e+00
2.516424520575071076e-03 9.920529216063466160e-01 5.430653873078204914e-03 2.000000000000000000e+00 2.000000000000000000e+00
4.611779116490414415e-02 8.795007540022394821e-01 7.438145483285614479e-02 2.000000000000000000e+00 2.000000000000000000e+00
9.134151379793627179e-03 9.765674266891838373e-01 1.429842193102277143e-02 2.000000000000000000e+00 2.000000000000000000e+00
2.306451602007456372e-02 5.059924280905073873e-03 9.718755596990202861e-01 3.000000000000000000e+00 3.000000000000000000e+00
1.821642546761487180e-01 2.599386523461782450e-01 5.578970929776729815e-01 3.000000000000000000e+00 3.000000000000000000e+00
9.780007041120803990e-01 7.977334589973671466e-03 1.402196129794597984e-02 1.000000000000000000e+00 1.000000000000000000e+00
9.126517965546057098e-01 3.134341019954871299e-02 5.600479324584568819e-02 1.000000000000000000e+00 1.000000000000000000e+00
9.743788173588533441e-01 1.093634352282325806e-02 1.468483911832341518e-02 1.000000000000000000e+00 1.000000000000000000e+00
9.804382508276056063e-01 9.249619871972291837e-03 1.031212930042227707e-02 1.000000000000000000e+00 1.000000000000000000e+00
4.978802453916744523e-03 9.824800732896726840e-01 1.254112425641046823e-02 2.000000000000000000e+00 2.000000000000000000e+00
8.648508980374574051e-01 5.442558934986328062e-02 8.072351261267908529e-02 1.000000000000000000e+00 1.000000000000000000e+00
1.283205061588207560e-02 1.656779998930777570e-02 9.706001493948100967e-01 3.000000000000000000e+00 3.000000000000000000e+00
9.699064820701001066e-01 1.190585500808308272e-02 1.818766292181691127e-02 1.000000000000000000e+00 1.000000000000000000e+00
2.299448754413953994e-02 9.338035286179537930e-01 4.320198383790634089e-02 2.000000000000000000e+00 2.000000000000000000e+00
4.039162496378837994e-03 7.768177319444771224e-03 9.881926601841765079e-01 3.000000000000000000e+00 3.000000000000000000e+00
8.509384054139815801e-01 5.063846516475013770e-02 9.842312942126810182e-02 1.000000000000000000e+00 1.000000000000000000e+00
9.402512368513921137e-01 1.848889119141433959e-02 4.125987195719352935e-02 1.000000000000000000e+00 1.000000000000000000e+00
8.360635696002028522e-03 1.173223861998753947e-02 9.799071256840103938e-01 3.000000000000000000e+00 3.000000000000000000e+00
9.121222995835042147e-01 3.369064496572345829e-02 5.418705545077229235e-02 1.000000000000000000e+00 1.000000000000000000e+00
9.752328252137862918e-01 7.758401849684157074e-03 1.700877293652937675e-02 1.000000000000000000e+00 1.000000000000000000e+00
5.896457802060856013e-02 6.669580209113314118e-02 8.743396198882582571e-01 3.000000000000000000e+00 3.000000000000000000e+00
9.861283953761998955e-01 5.650732907372613134e-03 8.220871716427569434e-03 1.000000000000000000e+00 1.000000000000000000e+00
6.015921157676319513e-03 9.797961480496432118e-01 1.418793079268047992e-02 2.000000000000000000e+00 2.000000000000000000e+00
9.700484227575375540e-01 1.026926037426309848e-02 1.968231686819917406e-02 1.000000000000000000e+00 1.000000000000000000e+00
7.269388645823289530e-02 8.018461209598073403e-01 1.254599925819598338e-01 2.000000000000000000e+00 2.000000000000000000e+00
1.763458783568519830e-02 1.630315451013544109e-02 9.660622576541793016e-01 3.000000000000000000e+00 3.000000000000000000e+00
2.490582205419043099e-02 9.304789537275914846e-01 4.461522421821816770e-02 2.000000000000000000e+00 2.000000000000000000e+00
3.366641475019731961e-02 2.111370178451327934e-02 9.452198834652896231e-01 3.000000000000000000e+00 3.000000000000000000e+00
6.484613697956965843e-03 9.745656141880197909e-01 1.894977211402329442e-02 2.000000000000000000e+00 2.000000000000000000e+00
2.570897966644222765e-01 4.551885224434530364e-01 2.877216808921245761e-01 2.000000000000000000e+00 2.000000000000000000e+00
9.593126911469691542e-01 1.322773922974999905e-02 2.745956962328092998e-02 1.000000000000000000e+00 1.000000000000000000e+00
9.725534384657655851e-01 9.843456072038236915e-03 1.760310546219626820e-02 1.000000000000000000e+00 1.000000000000000000e+00
1.294080589915847651e-02 9.619563718571425559e-01 2.510282224369894677e-02 2.000000000000000000e+00 2.000000000000000000e+00
8.831937380490210293e-03 9.703125965685399645e-01 2.085546605096994660e-02 2.000000000000000000e+00 2.000000000000000000e+00
1.909127357809353720e-02 6.274533168830133123e-01 3.534554095388931505e-01 2.000000000000000000e+00 3.000000000000000000e+00
9.236080508861529981e-03 1.221672950974285986e-02 9.785471899813957819e-01 3.000000000000000000e+00 3.000000000000000000e+00
1.081917565183848975e-02 1.032154702027616826e-02 9.788592773278854686e-01 3.000000000000000000e+00 3.000000000000000000e+00
9.905162714235948851e-01 2.736027206576695670e-03 6.747701369828411865e-03 1.000000000000000000e+00 1.000000000000000000e+00
1.721734573215387420e-02 1.071702152410618052e-02 9.720656327437398048e-01 3.000000000000000000e+00 3.000000000000000000e+00
1.244728735204379301e-02 1.141400260626411998e-02 9.761387100416920592e-01 3.000000000000000000e+00 3.000000000000000000e+00
3.809823404385783482e-04 1.770898662780727353e-03 9.978481189967807197e-01 3.000000000000000000e+00 3.000000000000000000e+00
1.354902051937492452e-05 9.969726398833492764e-01 3.013811096131391830e-03 2.000000000000000000e+00 2.000000000000000000e+00
9.354774175727623708e-01 1.804140700729898669e-02 4.648117541993847246e-02 1.000000000000000000e+00 1.000000000000000000e+00
1.568144617996839948e-02 9.548458542376552227e-01 2.947269958237639167e-02 2.000000000000000000e+00 2.000000000000000000e+00
9.728900375015852031e-01 1.045836971128364344e-02 1.665159278713146049e-02 1.000000000000000000e+00 1.000000000000000000e+00
1.124394940496314596e-02 9.615268756376459391e-01 2.722917495739097735e-02 2.000000000000000000e+00 2.000000000000000000e+00
5.150466084154139979e-02 8.695471682865321128e-01 7.894817087192650129e-02 2.000000000000000000e+00 2.000000000000000000e+00
4.901531714550008342e-03 9.799973477393759680e-01 1.510112054607417459e-02 2.000000000000000000e+00 2.000000000000000000e+00
8.621918063048932268e-01 4.052363321134340446e-02 9.728456048376328547e-02 1.000000000000000000e+00 1.000000000000000000e+00
7.291089298589494873e-03 9.735800775203108381e-01 1.912883318109980663e-02 2.000000000000000000e+00 2.000000000000000000e+00
