1.586336729560612266e-02 9.472731504833638017e-01 3.686348222102988487e-02 2.000000000000000000e+00 2.000000000000000000e+00
9.710683006263924888e-01 1.097104453004219167e-02 1.796065484356549127e-02 1.000000000000000000e+00 1.000000000000000000e+00
9.853490844192410725e-01 6.136256956395483297e-03 8.514658624363359227e-03 1.000000000000000000e+00 1.000000000000000000e+00
2.509873051334336747e-02 8.047643739715308261e-03 9.668536257469414474e-01 3.000000000000000000e+00 3.000000000000000000e+00
1.982841083197779339e-02 9.281955605936548920e-03 9.708896335620855744e-01 3.000000000000000000e+00 3.000000000000000000e+00
1.620753129242175072e-02 9.506753054515594270e-01 3.311716325601878758e-02 2.000000000000000000e+00 2.000000000000000000e+00
9.562688074533719218e-02 1.630274248419712191e-01 7.413456944126916026e-01 3.000000000000000000e+00 3.000000000000000000e+00
1.545112221557624899e-02 9.572197114401947982e-01 2.732916634422884530e-02 2.000000000000000000e+00 2.000000000000000000e+00
1.742763708349230611e-02 9.491449829056642917e-01 3.342738001084316624e-02 2.000000000000000000e+00 2.000000000000000000e+00
6.787554239785922351e-03 9.845866058594161530e-01 8.625839900797915155e-03 2.000000000000000000e+00 2.000000000000000000e+00
2.527843596855899183e-02 1.445619323075285519e-02 9.602653708006880784e-01 3.000000000000000000e+00 3.000000000000000000e+00
1.237389757640351418e-01 2.506864467127155605e-01 6.255745775232492978e-01 3.000000000000000000e+00 3.000000000000000000e+00
9.797967519848927997e-01 7.759225298835557665e-03 1.244402271627172499e-02 1.000000000000000000e+00 1.000000000000000000e+00
9.756171679747259740e-01 9.461993724497687677e-03 1.492083830077648582e-02 1.000000000000000000e+00 1.000000000000000000e+00
9.878256802371856438e-01 5.937094170314180692e-03 6.237225592500318661e-03 1.000000000000000000e+00 1.000000000000000000e+00
9.812886406363794389e-01 9.455352524365242400e-03 9.256006839255368976e-03 1.000000000000000000e+00 1.000000000000000000e+00
7.666864479633121211e-03 9.791640477488079419e-01 1.316908777155897936e-02 2.000000000000000000e+00 2.000000000000000000e+00
8.445861423287408520e-01 6.083497882906693105e-02 9.457887884219227936e-02 1.000000000000000000e+00 1.000000000000000000e+00
2.083373335656638764e-02 2.477053851629040793e-02 9.543957281271432391e-01 3.000000000000000000e+00 3.000000000000000000e+00
9.854919463039878424e-01 6.944918063567485055e-03 7.563135632444547597e-03 1.000000000000000000e+00 1.000000000000000000e+00
5.764027885388112345e-03 9.859625474862916406e-01 8.273424628320461341e-03 2.000000000000000000e+00 2.000000000000000000e+00
5.117390474975061325e-03 6.931904027430485851e-03 9.879507054975946723e-01 3.000000000000000000e+00 3.000000000000000000e+00
9.322443803770402715e-01 2.158100004324645452e-02 4.617461957971334685e-02 1.000000000000000000e+00 1.000000000000000000e+00
9.809509224126449212e-01 7.414148309557080235e-03 1.163492927779780604e-02 1.000000000000000000e+00 1.000000000000000000e+00
2.730090496207130193e-02 3.263923156974667811e-02 9.400598634681819332e-01 3.000000000000000000e+00 3.000000000000000000e+00
9.901380870571570014e-01 4.922669410354561272e-03 4.939243532488596031e-03 1.000000000000000000e+00 1.000000000000000000e+00
9.382722516383458222e-01 2.291844853218731604e-02 3.880929982946691725e-02 1.000000000000000000e+00 1.000000000000000000e+00
4.111060074954167587e-02 4.275744994545802036e-02 9.161319493050005258e-01 3.000000000000000000e+00 3.000000000000000000e+00
9.329156510328011631e-01 2.988724861124056331e-02 3.719710035595823194e-02 1.000000000000000000e+00 1.000000000000000000e+00
4.224942956629736124e-03 9.903004249568508888e-01 5.474632086519192961e-03 2.000000000000000000e+00 2.000000000000000000e+00
9.121068807529798539e-01 3.389488594096169011e-02 5.399823330605843519e-02 1.000000000000000000e+00 1.000000000000000000e+00
3.686788068845408411e-02 8.515792477151588047e-01 1.115528715963868961e-01 2.000000000000000000e+00 2.000000000000000000e+00
2.364267158850009640e-02 1.844519184567320128e-02 9.579121365658266329e-01 3.000000000000000000e+00 3.000000000000000000e+00
2.683853123748347613e-02 9.173709286248945549e-01 5.579054013762171915e-02 2.000000000000000000e+00 2.000000000000000000e+00
1.723997103055621011e-02 9.278842538991336625e-03 9.734811864304522278e-01 3.000000000000000000e+00 3.000000000000000000e+00
1.333208482747144132e-02 9.543842433636661182e-01 3.228367180886243526e-02 2.000000000000000000e+00 2.000000000000000000e+00
7.714182201159575092e-02 7.687096946181162238e-01 1.541484833702881918e-01 2.000000000000000000e+00 2.000000000000000000e+00
9.537446040723785989e-01 1.807337964447957787e-02 2.818201628314184054e-02 1.000000000000000000e+00 1.000000000000000000e+00
9.802682946566108058e-01 8.370437736186115210e-03 1.136126760720315362e-02 1.000000000000000000e+00 1.000000000000000000e+00
2.238632384368443445e-02 9.327299787193519265e-01 4.488369743696356967e-02 2.000000000000000000e+00 2.000000000000000000e+00
1.541268399705424466e-02 9.586985752349682643e-01 2.588874076797753263e-02 2.000000000000000000e+00 2.000000000000000000e+00
7.757983821559694126e-02 3.423985518938520434e-01 5.800216098905508488e-01 3.000000000000000000e+00 3.000000000000000000e+00
1.873021495471391060e-02 1.815279829256694760e-02 9.631169867527192840e-01 3.000000000000000000e+00 3.000000000000000000e+00
1.690919662354504679e-02 1.545134248750939382e-02 9.676394608889455906e-01 3.000000000000000000e+00 3.000000000000000000e+00
9.474080630970268535e-01 1.945776458597309883e-02 3.313417231699997134e-02 1.000000000000000000e+00 1.000000000000000000e+00
1.892338546494189838e-02 1.334792998036942943e-02 9.677286845546888561e-01 3.000000000000000000e+00 3.000000000000000000e+00
4.069553456563528016e-02 3.519713736189968717e-02 9.241073280724649841e-01 3.000000000000000000e+00 3.000000000000000000e+00
8.578639409976818869e-03 1.150968970140582234e-02 9.799116708886171923e-01 3.000000000000000000e+00 3.000000000000000000e+00
9.327896713072677745e-03 9.708461927271667680e-01 1.982591055976070174e-02 2.000000000000000000e+00 2.000000000000000000e+00
9.565324862774668979e-01 1.444695698330205995e-02 2.902055673923134224e-02 1.000000000000000000e+00 1.000000000000000000e+00
8.554793558296186831e-03 9.789292033131893334e-01 1.251600312851449889e-02 2.000000000000000000e+00 2.000000000000000000e+00
8.766558739813056222e-01 4.724110292674110756e-02 7.610302309195342285e-02 1.000000000000000000e+00 1.000000000000000000e+00
1.581164331220950500e-02 9.476660050717633510e-01 3.652235161602705033e-02 2.000000000000000000e+00 2.000000000000000000e+00
2.221413797557493866e-02 9.455355207441722420e-01 3.225034128025273256e-02 2.000000000000000000e+00 2.000000000000000000e+00
3.173028512986377642e-02 8.851747401574593388e-01 8.309497471267700275e-02 2.000000000000000000e+00 2.000000000000000000e+00
8.417658759268252799e-01 4.111155421835505780e-02 1.171225698548195998e-01 1.000000000000000000e+00 1.000000000000000000e+00
1.208401185841824314e-02 9.650800366834038080e-01 2.283595145817809979e-02 2.000000000000000000e+00 2.000000000000000000e+00
