3.127879579125292936e-02 7.392598115191411079e-01 2.294613926896058587e-01 2.000000000000000000e+00 2.000000000000000000e+00
8.443885271305593410e-01 3.464415637289614686e-02 1.209673164965443526e-01 1.000000000000000000e+00 1.000000000000000000e+00
9.167320102686105088e-01 2.353694977547284017e-02 5.973103995591676207e-02 1.000000000000000000e+00 1.000000000000000000e+00
5.728100152569857995e-02 6.851530688996326779e-03 9.358674677853049406e-01 3.000000000000000000e+00 3.000000000000000000e+00
3.620767591872168373e-02 8.182497243316134983e-03 9.556098268379620286e-01 3.000000000000000000e+00 3.000000000000000000e+00
1.050925724566736247e-02 9.192109790044230566e-01 7.027976374990956010e-02 2.000000000000000000e+00 2.000000000000000000e+00
2.611211406526941711e-02 1.806172851227728915e-01 7.932706008119574381e-01 3.000000000000000000e+00 3.000000000000000000e+00
9.397108569823266200e-03 9.768604631112893788e-01 1.374242831888740878e-02 2.000000000000000000e+00 2.000000000000000000e+00
9.209371448514063613e-03 9.464144239244961510e-01 4.437620462698987911e-02 2.000000000000000000e+00 2.000000000000000000e+00
5.069626162891525609e-03 9.928690282106937826e-01 2.061345626414522701e-03 2.000000000000000000e+00 2.000000000000000000e+00
1.169729634364399806e-01 1.657558626633217833e-02 8.664514502972279208e-01 3.000000000000000000e+00 3.000000000000000000e+00
3.444736543480654469e-03 9.959136163603343750e-01 6.416470961851075856e-04 2.000000000000000000e+00 3.000000000000000000e+00
9.830926357334494048e-01 2.929916001553604325e-03 1.397744826499695489e-02 1.000000000000000000e+00 1.000000000000000000e+00
9.782368344703429308e-01 4.147425471652324558e-03 1.761574005800505341e-02 1.000000000000000000e+00 1.000000000000000000e+00
9.710838045764349502e-01 6.426626638873480547e-03 2.248956878469151460e-02 1.000000000000000000e+00 1.000000000000000000e+00
9.532278803182988591e-01 1.936997331451578708e-02 2.740214636718543706e-02 1.000000000000000000e+00 1.000000000000000000e+00
1.569614490040605395e-02 9.036659286649866285e-01 8.063792643460736265e-02 2.000000000000000000e+00 2.000000000000000000e+00
9.850999356117891015e-01 9.878563678064465614e-03 5.021500710146457186e-03 1.000000000000000000e+00 1.000000000000000000e+00
2.232906865706653712e-02 7.253648459881459343e-02 9.051344467441186925e-01 3.000000000000000000e+00 3.000000000000000000e+00
9.656484967395779773e-01 1.599831499017746045e-02 1.835318827024444432e-02 1.000000000000000000e+00 1.000000000000000000e+00
9.655454736833182089e-03 9.310694191954349552e-01 5.927512606773186615e-02 2.000000000000000000e+00 2.000000000000000000e+00
1.949005383088840346e-02 3.767719064367307247e-02 9.428327555254385484e-01 3.000000000000000000e+00 3.000000000000000000e+00
9.502142128179829061e-01 2.683875776272376737e-03 4.710191140574466334e-02 1.000000000000000000e+00 1.000000000000000000e+00
9.466561090076234253e-01 9.974304139245769238e-03 4.336958685313098416e-02 1.000000000000000000e+00 1.000000000000000000e+00
1.627520730177382455e-03 8.136232997043189516e-03 9.902362462727797299e-01 3.000000000000000000e+00 3.000000000000000000e+00
9.597393369589481971e-01 1.242044702059900453e-02 2.784021602045282096e-02 1.000000000000000000e+00 1.000000000000000000e+00
9.021514361465116094e-01 2.109090296088996300e-02 7.675766089259841718e-02 1.000000000000000000e+00 1.000000000000000000e+00
5.229905509842429530e-03 1.946376300945064711e-02 9.753063314807068895e-01 3.000000000000000000e+00 3.000000000000000000e+00
9.471069327398293769e-01 2.286441969143074293e-02 3.002864756873968935e-02 1.000000000000000000e+00 1.000000000000000000e+00
2.361065948380464130e-02 8.867921191034040529e-01 8.959722141279126417e-02 2.000000000000000000e+00 2.000000000000000000e+00
9.413036317021359345e-01 2.921538353087028625e-02 2.948098476699386600e-02 1.000000000000000000e+00 1.000000000000000000e+00
3.385399881520706131e-03 9.130408138678103303e-01 8.357378625066910760e-02 2.000000000000000000e+00 2.000000000000000000e+00
2.537716897787464093e-02 4.342454129638910476e-02 9.311982897257361502e-01 3.000000000000000000e+00 3.000000000000000000e+00
1.607586869890427136e-02 8.599255471540268037e-01 1.239985841470689076e-01 2.000000000000000000e+00 2.000000000000000000e+00
2.023059407229237452e-02 6.832555645975771710e-03 9.729368502817317133e-01 3.000000000000000000e+00 3.000000000000000000e+00
1.247650696851359577e-02 8.245305709345385203e-01 1.629929220969477677e-01 2.000000000000000000e+00 2.000000000000000000e+00
3.191184528261490488e-02 8.561092855889582687e-01 1.119788691284266668e-01 2.000000000000000000e+00 2.000000000000000000e+00
9.151001892412120586e-01 1.913999207637523750e-02 6.575981868241285999e-02 1.000000000000000000e+00 1.000000000000000000e+00
9.951539183827051716e-01 1.306082426641122247e-03 3.539999190653748701e-03 1.000000000000000000e+00 1.000000000000000000e+00
7.175663173398936362e-03 9.861913044293428854e-01 6.633032397258153967e-03 2.000000000000000000e+00 2.000000000000000000e+00
2.884745529571910994e-02 8.763996876239376066e-01 9.475285708034321408e-02 2.000000000000000000e+00 2.000000000000000000e+00
1.289052592668439579e-02 5.168864496024004884e-01 4.702230244709152407e-01 2.000000000000000000e+00 3.000000000000000000e+00
2.456210440513161702e-02 4.199024895118685929e-02 9.334476466436817388e-01 3.000000000000000000e+00 3.000000000000000000e+00
8.176982243479027912e-03 1.271131011317410547e-02 9.791117076433469846e-01 3.000000000000000000e+00 3.000000000000000000e+00
9.574375349531781820e-01 8.119941478595991274e-03 3.444252356822592037e-02 1.000000000000000000e+00 1.000000000000000000e+00
1.524637612467373039e-02 3.558312925221960026e-04 9.843977925828041320e-01 3.000000000000000000e+00 3.000000000000000000e+00
1.583384673182949495e-02 2.548346601915696397e-02 9.586826872490136209e-01 3.000000000000000000e+00 3.000000000000000000e+00
1.028227225235547708e-02 2.197890466113180605e-02 9.677388230865127117e-01 3.000000000000000000e+00 3.000000000000000000e+00
9.687376594884446537e-03 8.969612264508610711e-01 9.335139695425440087e-02 2.000000000000000000e+00 2.000000000000000000e+00
8.424408833869164726e-01 2.027372524540358226e-02 1.372853913676799487e-01 1.000000000000000000e+00 1.000000000000000000e+00
1.438027390970137744e-02 9.390906122084691221e-01 4.652911388182937036e-02 2.000000000000000000e+00 2.000000000000000000e+00
9.441643432972013361e-01 1.948807069494435870e-02 3.634758600785433641e-02 1.000000000000000000e+00 1.000000000000000000e+00
5.194953682042974599e-03 9.218555400228859442e-01 7.294950629507099271e-02 2.000000000000000000e+00 2.000000000000000000e+00
2.688175231215355829e-02 8.755001632592483984e-01 9.761808442859823409e-02 2.000000000000000000e+00 2.000000000000000000e+00
1.508603355186824251e-02 7.559735050044833482e-01 2.289404614436486296e-01 2.000000000000000000e+00 2.000000000000000000e+00
9.594158156411694005e-01 3.090374972785179565e-03 3.749380938604546243e-02 1.000000000000000000e+00 1.000000000000000000e+00
1.817554896557768002e-02 9.211941369024053694e-01 6.063031413201704772e-02 2.000000000000000000e+00 2.000000000000000000e+00
