0.056602 0.551723 -1.229201 -0.257555 -0.103961 -0.025121 -0.369626 -0.089317 0.554619 1.468562 0.554619 1.468562 0.390349 0.237096
0.075472 0.517243 -1.166450 -0.356983 -0.098654 -0.034819 -0.350757 -0.123797 0.522720 1.425907 -0.031899 -0.042655 0.362373 0.339293
0.094338 0.482757 -1.103709 -0.456425 -0.093348 -0.044518 -0.331891 -0.158282 0.491889 1.377813 0.523787 1.420468 0.336670 0.445006
0.113207 0.517243 -1.040959 -0.356983 -0.088040 -0.034819 -0.313021 -0.123797 0.529486 1.355327 0.005699 -0.065141 0.325984 0.376612
0.132074 0.517243 -0.978218 -0.356983 -0.082734 -0.034819 -0.294155 -0.123797 0.533838 1.320796 0.528139 1.385937 0.307913 0.398355
0.132074 0.586208 -0.978218 -0.158113 -0.082734 -0.015422 -0.294155 -0.054831 0.600902 1.349194 0.072763 -0.036743 0.334844 0.184288
0.132074 0.620688 -0.978218 -0.058686 -0.082734 -0.005724 -0.294155 -0.020351 0.634584 1.361137 0.561822 1.397880 0.352621 0.069076
0.132074 0.655173 -0.978218 0.040757 -0.082734 0.003975 -0.294155 0.014134 0.668353 1.371876 0.106531 -0.026004 0.372750 -0.048012
0.132074 0.724139 -0.978218 0.239627 -0.082734 0.023373 -0.294155 0.083099 0.736084 1.390392 0.629553 1.416395 0.418661 -0.275327
0.113207 0.758619 -1.040959 0.339054 -0.088040 0.033070 -0.313021 0.117579 0.767019 1.422661 0.137466 0.006266 0.456580 -0.359321
0.113207 0.793104 -1.040959 0.438496 -0.088040 0.042770 -0.313021 0.152065 0.801143 1.429014 0.663677 1.422749 0.482265 -0.452220
0.075472 0.793104 -1.166450 0.438496 -0.098654 0.042770 -0.350757 0.152065 0.796687 1.475922 0.133010 0.053174 0.507571 -0.409076
0.056602 0.793104 -1.229201 0.438496 -0.103961 0.042770 -0.369626 0.152065 0.795121 1.499549 0.662111 1.446376 0.520789 -0.390296
0.037736 0.793104 -1.291941 0.438496 -0.109268 0.042770 -0.388493 0.152065 0.794001 1.523252 0.131890 0.076877 0.534345 -0.373090
0.018866 0.758619 -1.354692 0.339054 -0.114575 0.033070 -0.407362 0.117579 0.758853 1.545932 0.626963 1.469055 0.525763 -0.280999
0.000000 0.655173 -1.417433 0.040757 -0.119881 0.003975 -0.426229 0.014134 0.655173 1.570796 0.028210 0.101741 0.483825 -0.033148
0.000000 0.517243 -1.417433 -0.356983 -0.119881 -0.034819 -0.426229 -0.123797 0.517243 1.570796 0.489033 1.469055 0.435838 0.282670
0.000000 0.448272 -1.417433 -0.555867 -0.119881 -0.054218 -0.426229 -0.192767 0.448272 1.570796 -0.040761 0.101741 0.426798 0.424734
0.000000 0.379307 -1.417433 -0.754737 -0.119881 -0.073615 -0.426229 -0.261733 0.379307 1.570796 0.420067 1.469055 0.428804 0.550698
0.018866 0.241376 -1.354692 -1.152477 -0.114575 -0.112409 -0.407362 -0.399663 0.242112 1.492793 -0.177955 0.023738 0.447341 0.775859
0.056602 0.137931 -1.229201 -1.450774 -0.103961 -0.141505 -0.369626 -0.503109 0.149093 1.181385 0.327048 1.157647 0.468764 0.937169
0.113207 0.068965 -1.040959 -1.649644 -0.088040 -0.160902 -0.313021 -0.572074 0.132560 0.547153 -0.194488 -0.610494 0.474994 1.070129
0.169810 0.000000 -0.852727 -1.848513 -0.072120 -0.180299 -0.256419 -0.641039 0.169810 0.000000 0.364298 0.610494 0.497415 1.190286
0.245281 0.000000 -0.601744 -1.848513 -0.050893 -0.180299 -0.180947 -0.641039 0.245281 0.000000 -0.119016 -0.610494 0.463047 1.295682
0.283017 0.000000 -0.476253 -1.848513 -0.040280 -0.180299 -0.143212 -0.641039 0.283017 0.000000 0.402033 0.610494 0.449645 1.351000
0.339622 0.034480 -0.288012 -1.749086 -0.024359 -0.170601 -0.086606 -0.606559 0.341368 0.101178 -0.060666 -0.509316 0.401208 1.428972
0.396224 0.068965 -0.099779 -1.649644 -0.008439 -0.160902 -0.030004 -0.572074 0.402182 0.172330 0.462847 0.681646 0.358521 1.518396
0.415094 0.103445 -0.037029 -1.550216 -0.003132 -0.151204 -0.011135 -0.537594 0.427789 0.244235 -0.035058 -0.437411 0.322975 1.550087
0.433960 0.206896 0.025712 -1.251904 0.002175 -0.122107 0.007732 -0.434143 0.480757 0.444885 0.515815 0.882297 0.219469 -1.552989
0.452830 0.310341 0.088462 -0.953607 0.007482 -0.093012 0.026601 -0.330698 0.548968 0.600818 0.033154 -0.281479 0.118901 -1.490530
0.452830 0.448272 0.088462 -0.555867 0.007482 -0.054218 0.026601 -0.192767 0.637183 0.780341 0.604030 1.061819 0.034547 -1.433667
0.433960 0.517243 0.025712 -0.356983 0.002175 -0.034819 0.007732 -0.123797 0.675175 0.872730 0.071146 -0.189089 0.091342 -1.508423
0.415094 0.620688 -0.037029 -0.058686 -0.003132 -0.005724 -0.011135 -0.020351 0.746697 0.981343 0.675551 1.170432 0.194778 1.070160
0.377358 0.689653 -0.162520 0.140184 -0.013745 0.013673 -0.048871 0.048614 0.786143 1.070128 0.110591 -0.100304 0.267920 -0.782765
0.377358 0.758619 -0.162520 0.339054 -0.013745 0.033070 -0.048871 0.117579 0.847291 1.109209 0.736699 1.209513 0.335964 -1.176881
0.358489 0.793104 -0.225271 0.438496 -0.019053 0.042770 -0.067740 0.152065 0.870361 1.146275 0.133662 -0.063238 0.373077 -1.151717
0.358489 0.827584 -0.225271 0.537924 -0.019053 0.052468 -0.067740 0.186545 0.901892 1.162022 0.768230 1.225260 0.407032 -1.222473
0.358489 0.862069 -0.225271 0.637366 -0.019053 0.062167 -0.067740 0.221030 0.933637 1.176704 0.165406 -0.048556 0.441074 -1.273411
0.377358 0.862069 -0.162520 0.637366 -0.013745 0.062167 -0.048871 0.221030 0.941043 1.158189 0.775637 1.206744 0.438572 -1.353193
0.377358 0.896549 -0.162520 0.736793 -0.013745 0.071865 -0.048871 0.255510 0.972728 1.172403 0.197091 -0.034341 0.472853 -1.381812
0.433960 0.896549 0.025712 0.736793 0.002175 0.071865 0.007732 0.255510 0.996053 1.120003 0.798962 1.154344 0.470384 1.540546
0.471696 0.896549 0.151203 0.736793 0.012788 0.071865 0.045467 0.255510 1.013064 1.086469 0.214101 -0.067876 0.472513 1.394692
0.566037 0.931035 0.464936 0.836236 0.039323 0.081564 0.139808 0.289995 1.089598 1.024540 0.875496 1.092416 0.523809 1.121566
0.716980 0.965515 0.966901 0.935663 0.081777 0.091262 0.290752 0.324475 1.202613 0.932055 0.327117 -0.160361 0.612671 0.840159
0.773585 0.965515 1.155142 0.935663 0.097698 0.091262 0.347357 0.324475 1.237196 0.895315 0.910078 1.055675 0.641472 0.751353
0.849057 1.000000 1.406125 1.035106 0.118925 0.100961 0.422828 0.358961 1.311830 0.866850 0.401751 -0.188825 0.712739 0.703885
0.905659 1.000000 1.594357 1.035106 0.134845 0.100961 0.479431 0.358961 1.349155 0.834863 0.947403 1.023689 0.747708 0.642683
0.962264 1.000000 1.782598 1.035106 0.150766 0.100961 0.536036 0.358961 1.387787 0.804627 0.440384 -0.219062 0.785206 0.590071
0.981131 1.000000 1.845339 1.035106 0.156072 0.100961 0.554902 0.358961 1.400934 0.794922 0.960551 1.013984 0.798204 0.574186
1.000000 0.931035 1.908090 0.836236 0.161379 0.081564 0.573771 0.289995 1.366318 0.749699 0.405767 -0.264285 0.764227 0.467974
1.000000 0.896549 1.908090 0.736793 0.161379 0.071865 0.573771 0.255510 1.343057 0.730905 0.937289 0.995191 0.741900 0.418952
1.000000 0.827584 1.908090 0.537924 0.161379 0.052468 0.573771 0.186545 1.298035 0.691336 0.360746 -0.303855 0.700214 0.314341
0.981131 0.758619 1.845339 0.339054 0.156072 0.033070 0.554902 0.117579 1.240210 0.658190 0.879464 0.962045 0.646838 0.208804
0.943395 0.724139 1.719848 0.239627 0.145458 0.023373 0.517166 0.083099 1.189273 0.654663 0.309810 -0.307382 0.596834 0.159320
0.905659 0.724139 1.594357 0.239627 0.134845 0.023373 0.479431 0.083099 1.159567 0.674479 0.849757 0.981862 0.564450 0.171624
0.886793 0.724139 1.531616 0.239627 0.129538 0.023373 0.460564 0.083099 1.144892 0.684770 0.295135 -0.297091 0.548516 0.178509
0.867923 0.793104 1.468866 0.438496 0.124231 0.042770 0.441695 0.152065 1.175715 0.740385 0.880580 1.037476 0.574188 0.331566
0.867923 0.862069 1.468866 0.637366 0.124231 0.062167 0.441695 0.221030 1.223297 0.782014 0.342717 -0.255461 0.620525 0.463978
0.867923 0.931035 1.468866 0.836236 0.124231 0.081564 0.441695 0.289995 1.272838 0.820466 0.930121 1.075927 0.670763 0.580967
0.886793 0.965515 1.531616 0.935663 0.129538 0.091262 0.460564 0.324475 1.310961 0.827872 0.380840 -0.248055 0.709189 0.613751
0.905659 1.000000 1.594357 1.035106 0.134845 0.100961 0.479431 0.358961 1.349155 0.834863 0.968314 1.082919 0.747708 0.642683
