0.090908 0.344827 -1.240166 -0.743545 -0.100046 -0.061429 -0.390910 -0.240020 0.356609 1.313029 0.356609 1.313029 0.414219 0.550651
0.109091 0.344827 -1.182479 -0.743545 -0.095393 -0.061429 -0.372727 -0.240020 0.361671 1.264395 0.005063 -0.048634 0.397105 0.572114
0.127271 0.344827 -1.124802 -0.743545 -0.090740 -0.061429 -0.354547 -0.240020 0.367564 1.217219 0.362501 1.265853 0.380092 0.595106
0.145454 0.344827 -1.067116 -0.743545 -0.086086 -0.061429 -0.336363 -0.240020 0.374249 1.171623 0.011748 -0.094230 0.363190 0.619777
0.145454 0.379312 -1.067116 -0.636714 -0.086086 -0.052603 -0.336363 -0.205534 0.406244 1.204622 0.394497 1.298851 0.351636 0.548504
0.163635 0.448277 -1.009438 -0.423070 -0.081433 -0.034952 -0.318183 -0.136569 0.477209 1.220795 0.082713 -0.078056 0.319946 0.405436
0.181818 0.517243 -0.951752 -0.209426 -0.076780 -0.017302 -0.300000 -0.067604 0.548268 1.232774 0.465555 1.310830 0.302084 0.221643
0.181818 0.586208 -0.951752 0.004218 -0.076780 0.000348 -0.300000 0.001362 0.613757 1.270045 0.148202 -0.040785 0.317643 -0.004539
0.181818 0.655173 -0.951752 0.217862 -0.076780 0.017999 -0.300000 0.070327 0.679934 1.300097 0.531732 1.340882 0.346485 -0.230266
0.181818 0.724139 -0.951752 0.431507 -0.076780 0.035649 -0.300000 0.139292 0.746615 1.324800 0.214884 -0.016082 0.385641 -0.434689
0.163635 0.793104 -1.009438 0.645151 -0.081433 0.053300 -0.318183 0.208258 0.809809 1.367329 0.594925 1.383411 0.445129 -0.579547
0.145454 0.862069 -1.067116 0.858795 -0.086086 0.070950 -0.336363 0.277223 0.874254 1.403644 0.279329 0.020233 0.507673 -0.689310
0.127271 0.896555 -1.124802 0.965625 -0.090740 0.079776 -0.354547 0.311708 0.905543 1.429783 0.626214 1.409550 0.545628 -0.721189
0.109091 0.896555 -1.182479 0.965625 -0.095393 0.079776 -0.372727 0.311708 0.903167 1.449714 0.276953 0.040164 0.557613 -0.696481
0.072727 0.931035 -1.297843 1.072439 -0.104699 0.088601 -0.409091 0.346188 0.933871 1.492840 0.656918 1.452677 0.607578 -0.702306
0.054544 0.896555 -1.355529 0.965625 -0.109353 0.079776 -0.427274 0.311708 0.898212 1.510034 0.241295 0.057357 0.595457 -0.630270
0.036364 0.862069 -1.413207 0.858795 -0.114006 0.070950 -0.445454 0.277223 0.862836 1.528640 0.621541 1.471282 0.585680 -0.556683
0.018180 0.793104 -1.470893 0.645151 -0.118660 0.053300 -0.463637 0.208258 0.793312 1.547877 0.171771 0.076595 0.558443 -0.422174
0.000000 0.586208 -1.528571 0.004218 -0.123312 0.000348 -0.481818 0.001362 0.586208 1.570796 0.414437 1.494201 0.492997 -0.002826
0.000000 0.517243 -1.528571 -0.209426 -0.123312 -0.017302 -0.481818 -0.067604 0.517243 1.570796 0.102806 0.076595 0.483118 0.139400
0.018180 0.413792 -1.470893 -0.529900 -0.118660 -0.043778 -0.463637 -0.171054 0.414191 1.526888 0.311385 1.450294 0.468601 0.353447
0.036364 0.344827 -1.413207 -0.743545 -0.114006 -0.061429 -0.445454 -0.240020 0.346739 1.465730 0.035353 0.015436 0.466043 0.494219
0.072727 0.241381 -1.297843 -1.064003 -0.104699 -0.087904 -0.409091 -0.343465 0.252100 1.278151 0.216746 1.262715 0.474515 0.698415
0.109091 0.172416 -1.182479 -1.277647 -0.095393 -0.105554 -0.372727 -0.412430 0.204030 1.006666 -0.012717 -0.256049 0.484412 0.835922
0.199998 0.068965 -0.894074 -1.598121 -0.072127 -0.132030 -0.281819 -0.515881 0.211555 0.332061 0.224272 0.588110 0.499869 1.070808
0.236362 0.034485 -0.778711 -1.704935 -0.062820 -0.140855 -0.245456 -0.550361 0.238864 0.144878 0.014593 -0.443232 0.510250 1.151282
0.290909 0.000000 -0.605661 -1.811765 -0.048860 -0.149681 -0.190909 -0.584846 0.290909 0.000000 0.276316 0.443232 0.518261 1.255275
0.327272 0.000000 -0.490297 -1.811765 -0.039553 -0.149681 -0.154546 -0.584846 0.327272 0.000000 0.050956 -0.443232 0.505997 1.312452
0.363636 0.000000 -0.374933 -1.811765 -0.030247 -0.149681 -0.118182 -0.584846 0.363636 0.000000 0.312680 0.443232 0.496100 1.371408
0.399999 0.000000 -0.259569 -1.811765 -0.020940 -0.149681 -0.081818 -0.584846 0.399999 0.000000 0.087320 -0.443232 0.488715 1.431801
0.436363 0.000000 -0.144206 -1.811765 -0.011633 -0.149681 -0.045455 -0.584846 0.436363 0.000000 0.349043 0.443232 0.483957 1.493231
0.472727 0.034485 -0.028842 -1.704935 -0.002327 -0.140855 -0.009091 -0.550361 0.473983 0.072821 0.124940 -0.370411 0.447425 1.554279
0.527273 0.103451 0.144208 -1.491291 0.011634 -0.123204 0.045456 -0.481396 0.537326 0.193738 0.412386 0.564150 0.381088 -1.476651
0.545454 0.172416 0.201886 -1.277647 0.016286 -0.105554 0.063636 -0.412430 0.572055 0.306158 0.159669 -0.257992 0.315878 -1.417708
0.563637 0.241381 0.259572 -1.064003 0.020940 -0.087904 0.081819 -0.343465 0.613149 0.404626 0.453480 0.662617 0.253977 -1.336938
0.563637 0.310347 0.259572 -0.850359 0.020940 -0.070253 0.081819 -0.274500 0.643430 0.503315 0.189949 -0.159303 0.189991 -1.281114
0.581817 0.379312 0.317249 -0.636714 0.025593 -0.052603 0.100000 -0.205534 0.694542 0.577740 0.504593 0.737043 0.143204 -1.117979
0.581817 0.551723 0.317249 -0.102612 0.025593 -0.008477 0.100000 -0.033124 0.801816 0.758855 0.297223 0.021812 0.122011 -0.319863
0.563637 0.620688 0.259572 0.111032 0.020940 0.009173 0.081819 0.035842 0.838415 0.833533 0.541192 0.811720 0.161181 0.412881
0.545454 0.689653 0.201886 0.324676 0.016286 0.026823 0.063636 0.104807 0.879285 0.901623 0.338093 0.089902 0.217360 1.025120
0.527273 0.724139 0.144208 0.431507 0.011634 0.035649 0.045456 0.139292 0.895764 0.941434 0.557672 0.851532 0.246547 1.255360
0.490910 0.827589 0.028844 0.751981 0.002327 0.062126 0.009092 0.242743 0.962235 1.035406 0.404563 0.183875 0.345891 1.533359
0.472727 0.827589 -0.028842 0.751981 -0.002327 0.062126 -0.009091 0.242743 0.953087 1.051816 0.548523 0.867941 0.345891 -1.533362
0.454546 0.862069 -0.086519 0.858795 -0.006980 0.070950 -0.027272 0.277223 0.974564 1.085569 0.426041 0.217628 0.381228 -1.472738
0.436363 0.896555 -0.144206 0.965625 -0.011633 0.079776 -0.045455 0.311708 0.997107 1.117836 0.571066 0.900208 0.417220 -1.425992
0.418183 0.896555 -0.201883 0.965625 -0.016286 0.079776 -0.063635 0.311708 0.989286 1.134361 0.418220 0.234153 0.419590 -1.369414
0.418183 0.931035 -0.201883 1.072439 -0.016286 0.088601 -0.063635 0.346188 1.020638 1.148642 0.602418 0.914489 0.453702 -1.389009
0.454546 0.931035 -0.086519 1.072439 -0.006980 0.088601 -0.027272 0.346188 1.036068 1.116620 0.433650 0.202131 0.450044 -1.492182
0.472727 0.931035 -0.028842 1.072439 -0.002327 0.088601 -0.009091 0.346188 1.044172 1.100973 0.610522 0.898842 0.449309 -1.544542
0.527273 0.931035 0.144208 1.072439 0.011634 0.088601 0.045456 0.346188 1.069973 1.055502 0.459451 0.156659 0.451511 1.440240
0.563637 0.965520 0.259572 1.179269 0.020940 0.097426 0.081819 0.380674 1.117996 1.042400 0.658545 0.885740 0.490573 1.359085
0.618181 0.965520 0.432613 1.179269 0.034900 0.097426 0.136363 0.380674 1.146463 1.001301 0.487917 0.115560 0.502556 1.226821
0.654545 0.965520 0.547977 1.179269 0.044206 0.097426 0.172727 0.380674 1.166472 0.975044 0.678555 0.859484 0.513617 1.144837
0.727272 1.000000 0.778704 1.286083 0.062819 0.106251 0.245454 0.415154 1.236497 0.942001 0.557942 0.082517 0.573376 1.036846
0.745455 1.000000 0.836391 1.286083 0.067473 0.106251 0.263637 0.415154 1.247278 0.930210 0.689336 0.847693 0.581393 1.005013
0.781818 1.000000 0.951754 1.286083 0.076780 0.106251 0.300001 0.415154 1.269346 0.907240 0.580010 0.059547 0.598760 0.945046
0.818182 1.000000 1.067118 1.286083 0.086086 0.106251 0.336364 0.415154 1.292061 0.885067 0.712051 0.825520 0.617781 0.889857
0.836362 1.000000 1.124796 1.286083 0.090739 0.106251 0.354545 0.415154 1.303650 0.874273 0.591599 0.048754 0.627865 0.863980
0.872726 0.965520 1.240159 1.179269 0.100046 0.097426 0.390908 0.380674 1.301491 0.835835 0.709893 0.787081 0.621914 0.772134
0.909090 0.896555 1.355523 0.965625 0.109352 0.079776 0.427272 0.311708 1.276814 0.778456 0.566921 -0.008625 0.595456 0.630272
0.927273 0.862069 1.413209 0.858795 0.114006 0.070950 0.445455 0.277223 1.266096 0.748974 0.699174 0.757600 0.585680 0.556682
0.945453 0.758619 1.470887 0.538321 0.118659 0.044474 0.463635 0.173772 1.212182 0.676194 0.513007 -0.081405 0.539978 0.358599
0.963636 0.689653 1.528573 0.324676 0.123313 0.026823 0.481819 0.104807 1.184997 0.621171 0.671989 0.702576 0.524733 0.214187
0.981820 0.586208 1.586259 0.004218 0.127966 0.000348 0.500002 0.001362 1.143508 0.538257 0.471518 -0.164319 0.510783 0.002723
1.000000 0.517243 1.643937 -0.209426 0.132619 -0.017302 0.518182 -0.067604 1.125851 0.477346 0.654333 0.641665 0.519392 -0.129730
1.000000 0.413792 1.643937 -0.529900 0.132619 -0.043778 0.518182 -0.171054 1.082231 0.392339 0.427898 -0.249326 0.522628 -0.318842
0.981820 0.379312 1.586259 -0.636714 0.127966 -0.052603 0.500002 -0.205534 1.052543 0.368672 0.624645 0.617998 0.510401 -0.390011
0.927273 0.344827 1.413209 -0.743545 0.114006 -0.061429 0.445455 -0.240020 0.989313 0.356025 0.364668 -0.261972 0.466044 -0.494218
0.909090 0.344827 1.355523 -0.743545 0.109352 -0.061429 0.427272 -0.240020 0.972291 0.362544 0.607623 0.624516 0.448696 -0.511819
0.872726 0.344827 1.240159 -0.743545 0.100046 -0.061429 0.390908 -0.240020 0.938380 0.376288 0.330757 -0.248229 0.414217 -0.550654
0.836362 0.413792 1.124796 -0.529900 0.090739 -0.043778 0.354545 -0.171054 0.933127 0.459440 0.602370 0.707669 0.361012 -0.449519
0.818182 0.482757 1.067118 -0.316256 0.086086 -0.026128 0.336364 -0.102089 0.949988 0.533061 0.347618 -0.174608 0.336366 -0.294671
0.836362 0.620688 1.124796 0.111032 0.090739 0.009173 0.354545 0.035842 1.041516 0.638444 0.693899 0.813052 0.380771 0.100750
0.890909 0.689653 1.297846 0.324676 0.104700 0.026823 0.409091 0.104807 1.126650 0.658748 0.432752 -0.154304 0.458859 0.250800
0.909090 0.689653 1.355523 0.324676 0.109352 0.026823 0.427272 0.104807 1.141081 0.648995 0.708329 0.803299 0.475139 0.240544
0.945453 0.689653 1.470887 0.324676 0.118659 0.026823 0.463635 0.104807 1.170258 0.630214 0.461929 -0.173085 0.508088 0.222318
