0.081966 0.483872 -1.118565 -0.168432 -0.091586 -0.014277 -0.345835 -0.053910 0.490765 1.402994 0.490765 1.402994 0.350351 0.154640
0.098361 0.483872 -1.065538 -0.168432 -0.087245 -0.014277 -0.329441 -0.053910 0.493768 1.370251 0.003003 -0.032743 0.334178 0.162204
0.114753 0.483872 -1.012520 -0.168432 -0.082903 -0.014277 -0.313048 -0.053910 0.497293 1.337943 0.494290 1.370686 0.318030 0.170538
0.147540 0.516128 -0.906474 -0.067656 -0.074221 -0.005735 -0.280261 -0.021655 0.536801 1.292363 0.042511 -0.078323 0.293850 0.077113
0.163934 0.548388 -0.853448 0.033135 -0.069879 0.002809 -0.263867 0.010606 0.572367 1.280314 0.529856 1.358636 0.290115 -0.040172
0.180326 0.612904 -0.800429 0.234703 -0.065538 0.019894 -0.247475 0.075122 0.638881 1.284654 0.109025 -0.073982 0.309042 -0.294713
0.180326 0.677420 -0.800429 0.436271 -0.065538 0.036980 -0.247475 0.139638 0.701010 1.310634 0.591985 1.384616 0.351502 -0.513718
0.196721 0.741936 -0.747402 0.637838 -0.061196 0.054065 -0.231080 0.204154 0.767573 1.311615 0.175588 -0.073001 0.389973 -0.723610
0.196721 0.774197 -0.747402 0.738630 -0.061196 0.062609 -0.231080 0.236414 0.798799 1.321965 0.623211 1.394967 0.416399 -0.796807
0.180326 0.838713 -0.800429 0.940198 -0.065538 0.079694 -0.247475 0.300930 0.857879 1.359016 0.234668 -0.035950 0.479679 -0.882565
0.180326 0.870968 -0.800429 1.040974 -0.065538 0.088236 -0.247475 0.333185 0.889440 1.366639 0.654772 1.402590 0.507583 -0.931949
0.163934 0.935484 -0.853448 1.242541 -0.069879 0.105322 -0.263867 0.397701 0.949739 1.397318 0.294968 -0.005272 0.572161 -0.985003
0.147540 0.967744 -0.906474 1.343333 -0.074221 0.113865 -0.280261 0.429962 0.978927 1.419504 0.683959 1.424776 0.608346 -0.993137
0.131147 1.000000 -0.959493 1.444109 -0.078562 0.122407 -0.296654 0.462217 1.008563 1.440393 0.324604 0.015617 0.644527 -1.000203
0.114753 1.000000 -1.012520 1.444109 -0.082903 0.122407 -0.313048 0.462217 1.006563 1.456543 0.681958 1.440926 0.652235 -0.975485
0.098361 1.000000 -1.065538 1.444109 -0.087245 0.122407 -0.329441 0.462217 1.004826 1.472751 0.322867 0.031825 0.660260 -0.951572
0.065574 0.967744 -1.171584 1.343333 -0.095927 0.113865 -0.362227 0.429962 0.969964 1.503140 0.647096 1.471315 0.650190 -0.870694
0.049179 0.935484 -1.224610 1.242541 -0.100269 0.105322 -0.378622 0.397701 0.936776 1.518274 0.289680 0.046959 0.633322 -0.809970
0.032787 0.903228 -1.277629 1.141765 -0.104610 0.096780 -0.395014 0.365446 0.903823 1.534513 0.614144 1.487554 0.618116 -0.746536
0.032787 0.806452 -1.277629 0.839406 -0.104610 0.071151 -0.395014 0.268670 0.807118 1.530163 0.192975 0.042609 0.547186 -0.597280
0.016392 0.741936 -1.330656 0.637838 -0.108952 0.054065 -0.411409 0.204154 0.742117 1.548706 0.549143 1.506097 0.517627 -0.460627
0.016392 0.645160 -1.330656 0.335479 -0.108952 0.028436 -0.411409 0.107377 0.645368 1.545394 0.096225 0.039297 0.465298 -0.255303
0.000000 0.548388 -1.383674 0.033135 -0.113293 0.002809 -0.427801 0.010606 0.548388 1.570796 0.452163 1.531500 0.444472 -0.024786
0.000000 0.483872 -1.383674 -0.168432 -0.113293 -0.014277 -0.427801 -0.053910 0.483872 1.570796 0.031709 0.039297 0.431460 0.125357
0.016392 0.290324 -1.330656 -0.773136 -0.108952 -0.065534 -0.411409 -0.247458 0.290787 1.514395 0.259077 1.475098 0.433771 0.541514
0.032787 0.225808 -1.277629 -0.974703 -0.104610 -0.082619 -0.395014 -0.311974 0.228176 1.426606 -0.030901 -0.048492 0.443663 0.668478
0.065574 0.161292 -1.171584 -1.176271 -0.095927 -0.099705 -0.362227 -0.376490 0.174112 1.184655 0.205014 1.233146 0.449706 0.804703
0.098361 0.096776 -1.065538 -1.377839 -0.087245 -0.116790 -0.329441 -0.441006 0.137987 0.777280 -0.067026 -0.455866 0.467021 0.929205
0.147540 0.064516 -0.906474 -1.478630 -0.074221 -0.125334 -0.280261 -0.473267 0.161029 0.412225 0.228055 0.868091 0.458827 1.036143
0.180326 0.032260 -0.800429 -1.579406 -0.065538 -0.133876 -0.247475 -0.505522 0.183189 0.177027 -0.044866 -0.691064 0.466579 1.115550
0.278687 0.000000 -0.482293 -1.680198 -0.039489 -0.142419 -0.149114 -0.537783 0.278687 0.000000 0.323553 0.691064 0.453044 1.300316
0.311474 0.000000 -0.376247 -1.680198 -0.030807 -0.142419 -0.116327 -0.537783 0.311474 0.000000 -0.012079 -0.691064 0.443335 1.357769
0.360655 0.000000 -0.217175 -1.680198 -0.017782 -0.142419 -0.067146 -0.537783 0.360655 0.000000 0.372734 0.691064 0.433038 1.446582
0.393442 0.032260 -0.111130 -1.579406 -0.009099 -0.133876 -0.034359 -0.505522 0.394763 0.081812 0.022028 -0.609251 0.397030 1.502934
0.426229 0.064516 -0.005085 -1.478630 -0.000416 -0.125334 -0.001572 -0.473267 0.431084 0.150224 0.409056 0.759476 0.363288 1.567475
0.459016 0.129032 0.100961 -1.277062 0.008267 -0.108248 0.031215 -0.408751 0.476807 0.274034 0.067751 -0.485442 0.300395 -1.494578
0.475410 0.193548 0.153987 -1.075495 0.012608 -0.091162 0.047609 -0.344235 0.513299 0.386627 0.445548 0.872069 0.239042 -1.433363
0.491803 0.258064 0.207006 -0.873927 0.016949 -0.074077 0.064002 -0.279719 0.555398 0.483236 0.109850 -0.388833 0.181403 -1.345861
0.508197 0.322580 0.260033 -0.672359 0.021291 -0.056991 0.080396 -0.215203 0.601932 0.565582 0.492082 0.954415 0.132420 -1.213268
0.508197 0.387096 0.260033 -0.470792 0.021291 -0.039906 0.080396 -0.150687 0.638833 0.650950 0.146751 -0.303466 0.090114 -1.080684
0.508197 0.516128 0.260033 -0.067656 0.021291 -0.005735 0.080396 -0.021655 0.724329 0.793140 0.577578 1.096606 0.119437 -0.263106
0.491803 0.645160 0.207006 0.335479 0.016949 0.028436 0.064002 0.107377 0.811234 0.919472 0.233656 -0.177134 0.226586 1.033290
0.475410 0.709681 0.153987 0.537062 0.012608 0.045523 0.047609 0.171898 0.854202 0.980563 0.620546 1.157697 0.285872 1.300606
0.459016 0.741936 0.100961 0.637838 0.008267 0.054065 0.031215 0.204154 0.872448 1.016760 0.251902 -0.140937 0.315682 1.419073
0.459016 0.774197 0.100961 0.738630 0.008267 0.062609 0.031215 0.236414 0.900042 1.035619 0.648141 1.176556 0.347799 1.439521
0.442624 0.806452 0.047942 0.839406 0.003925 0.071151 0.014823 0.268670 0.919935 1.068834 0.271795 -0.107722 0.378941 1.515682
0.442624 0.838713 0.047942 0.940198 0.003925 0.079694 0.014823 0.300930 0.948343 1.085202 0.676548 1.192924 0.411179 1.521580
0.442624 0.870968 0.047942 1.040974 0.003925 0.088236 0.014823 0.333185 0.976986 1.100612 0.300437 -0.092312 0.443415 1.526338
0.459016 0.870968 0.100961 1.040974 0.008267 0.088236 0.031215 0.333185 0.984521 1.085769 0.684083 1.178080 0.444265 1.477383
0.540984 0.870968 0.366078 1.040974 0.029974 0.088236 0.113183 0.333185 1.025304 1.014985 0.341221 -0.163095 0.457392 1.243327
0.573771 0.870968 0.472123 1.040974 0.038657 0.088236 0.145970 0.333185 1.042976 0.988278 0.701755 1.151373 0.466588 1.157879
0.622950 0.870968 0.631188 1.040974 0.051681 0.088236 0.195149 0.333185 1.070818 0.949916 0.369064 -0.201457 0.484231 1.040953
0.672132 0.870968 0.790260 1.040974 0.064705 0.088236 0.244331 0.333185 1.100157 0.913547 0.731094 1.115005 0.506058 0.938058
0.754097 0.838713 1.055369 0.940198 0.086412 0.079694 0.326296 0.300930 1.127875 0.838471 0.396781 -0.276533 0.524707 0.744978
0.786884 0.806452 1.161414 0.839406 0.095095 0.071151 0.359083 0.268670 1.126744 0.797679 0.729963 1.074212 0.521840 0.642354
0.803279 0.774197 1.214441 0.738630 0.099437 0.062609 0.375478 0.236414 1.115633 0.766964 0.385670 -0.307247 0.510856 0.561925
0.836066 0.741936 1.320486 0.637838 0.108119 0.054065 0.408265 0.204154 1.117799 0.725818 0.732129 1.033065 0.515132 0.463689
0.852458 0.709681 1.373505 0.537062 0.112460 0.045523 0.424657 0.171898 1.109203 0.694253 0.377074 -0.338812 0.509696 0.384631
0.901639 0.612904 1.532577 0.234703 0.125485 0.019894 0.473838 0.075122 1.090232 0.597017 0.713158 0.935829 0.508710 0.157230
0.918032 0.548388 1.585596 0.033135 0.129826 0.002809 0.490231 0.010606 1.069351 0.538470 0.356193 -0.397359 0.504844 0.021631
0.934426 0.419356 1.638622 -0.370000 0.134168 -0.031362 0.506625 -0.118426 1.024213 0.421843 0.668020 0.819202 0.506696 -0.229632
0.934426 0.354840 1.638622 -0.571568 0.134168 -0.048448 0.506625 -0.182942 0.999532 0.362921 0.331512 -0.456281 0.511852 -0.346529
0.934426 0.258064 1.638622 -0.873927 0.134168 -0.074077 0.506625 -0.279719 0.969407 0.269457 0.637894 0.725738 0.534303 -0.504470
0.918032 0.193548 1.585596 -1.075495 0.129826 -0.091162 0.490231 -0.344235 0.938213 0.207786 0.300318 -0.517951 0.543324 -0.612194
0.901639 0.161292 1.532577 -1.176271 0.125485 -0.099705 0.473838 -0.376490 0.915952 0.177016 0.615634 0.694967 0.543645 -0.671411
0.852458 0.161292 1.373505 -1.176271 0.112460 -0.099705 0.424657 -0.376490 0.867583 0.186998 0.251949 -0.507969 0.501359 -0.725348
0.836066 0.161292 1.320486 -1.176271 0.108119 -0.099705 0.408265 -0.376490 0.851482 0.190577 0.599533 0.698546 0.487552 -0.744931
0.786884 0.225808 1.161414 -0.974703 0.095095 -0.082619 0.359083 -0.311974 0.818643 0.279456 0.219110 -0.419090 0.411997 -0.715312
0.786884 0.258064 1.161414 -0.873927 0.095095 -0.074077 0.359083 -0.279719 0.828121 0.316904 0.609011 0.735994 0.397179 -0.661792
0.803279 0.322580 1.214441 -0.672359 0.099437 -0.056991 0.375478 -0.215203 0.865630 0.381867 0.256619 -0.354127 0.389942 -0.520438
0.852458 0.387096 1.373505 -0.470792 0.112460 -0.039906 0.424657 -0.150687 0.936231 0.426253 0.679612 0.780380 0.426603 -0.340983
0.901639 0.419356 1.532577 -0.370000 0.125485 -0.031362 0.473838 -0.118426 0.994391 0.435343 0.314779 -0.345037 0.473914 -0.244913
1.000000 0.419356 1.850713 -0.370000 0.151533 -0.031362 0.572199 -0.118426 1.084371 0.397081 0.769592 0.742118 0.572261 -0.204086
