0.098360 0.399998 -1.363025 -0.596820 -0.106260 -0.055438 -0.387978 -0.202416 0.411914 1.329678 0.411914 1.329678 0.397469 0.480873
0.114755 0.399998 -1.305428 -0.596820 -0.101770 -0.055438 -0.371584 -0.202416 0.416133 1.291411 0.004219 -0.038267 0.381483 0.498795
0.131147 0.399998 -1.247840 -0.596820 -0.097280 -0.055438 -0.355192 -0.202416 0.420949 1.253971 0.416729 1.292239 0.365535 0.517977
0.147542 0.433334 -1.190243 -0.498531 -0.092790 -0.046308 -0.338797 -0.169081 0.457763 1.242627 0.041033 -0.049611 0.342918 0.462897
0.147542 0.466664 -1.190243 -0.400256 -0.092790 -0.037179 -0.338797 -0.135750 0.489432 1.264578 0.448399 1.314190 0.339368 0.381094
0.163934 0.533331 -1.132655 -0.203692 -0.088300 -0.018921 -0.322405 -0.069084 0.557957 1.272585 0.109558 -0.041605 0.325812 0.211084
0.163934 0.566666 -1.132655 -0.105402 -0.088300 -0.009791 -0.322405 -0.035748 0.589903 1.289189 0.480345 1.330794 0.332261 0.110428
0.163934 0.633333 -1.132655 0.091162 -0.088300 0.008468 -0.322405 0.030918 0.654205 1.317512 0.173860 -0.013282 0.354333 -0.095607
0.163934 0.666663 -1.132655 0.189437 -0.088300 0.017597 -0.322405 0.064249 0.686523 1.329678 0.512663 1.342960 0.369407 -0.196704
0.147542 0.699999 -1.190243 0.287727 -0.092790 0.026727 -0.338797 0.097585 0.715379 1.363063 0.202716 0.020103 0.400542 -0.280442
0.131147 0.733330 -1.247840 0.386002 -0.097280 0.035855 -0.355192 0.130915 0.744964 1.393829 0.542248 1.373727 0.432626 -0.353128
0.114755 0.766665 -1.305428 0.484291 -0.101770 0.044985 -0.371584 0.164251 0.775206 1.422219 0.232958 0.048492 0.465465 -0.416206
0.098360 0.766665 -1.363025 0.484291 -0.106260 0.044985 -0.387978 0.164251 0.772949 1.443197 0.539991 1.394705 0.478655 -0.400473
0.081968 0.766665 -1.420613 0.484291 -0.110749 0.044985 -0.404371 0.164251 0.771035 1.464286 0.231043 0.069581 0.492035 -0.385831
0.065574 0.733330 -1.478209 0.386002 -0.115239 0.035855 -0.420765 0.130915 0.736256 1.481615 0.505212 1.412034 0.487901 -0.301642
0.049181 0.699999 -1.535797 0.287727 -0.119729 0.026727 -0.437157 0.097585 0.701725 1.500652 0.196512 0.088618 0.486577 -0.219625
0.032787 0.633333 -1.593394 0.091162 -0.124219 0.008468 -0.453552 0.030918 0.634181 1.519074 0.437668 1.430455 0.476777 -0.068064
0.016395 0.566666 -1.650982 -0.105402 -0.128709 -0.009791 -0.469944 -0.035748 0.566903 1.541873 0.129235 0.111417 0.476760 0.075922
0.000000 0.433334 -1.708579 -0.498531 -0.133199 -0.046308 -0.486339 -0.169081 0.433334 1.570796 0.304099 1.459379 0.489219 0.334589
0.000000 0.366667 -1.708579 -0.695095 -0.133199 -0.064566 -0.486339 -0.235747 0.366667 1.570796 0.062569 0.111417 0.500846 0.451364
0.032787 0.300001 -1.593394 -0.891660 -0.124219 -0.082825 -0.453552 -0.302413 0.301787 1.461940 0.239219 1.350522 0.490338 0.588072
0.049181 0.233335 -1.535797 -1.088224 -0.119729 -0.101084 -0.437157 -0.369080 0.238461 1.363061 -0.000757 0.012539 0.505092 0.701159
0.081968 0.166668 -1.420613 -1.284788 -0.110749 -0.119342 -0.404371 -0.435746 0.185734 1.113727 0.186491 1.101188 0.515465 0.822727
0.131147 0.133333 -1.247840 -1.383078 -0.097280 -0.128472 -0.355192 -0.469082 0.187022 0.793662 0.000531 -0.307527 0.500774 0.922699
0.229507 0.033336 -0.902286 -1.677917 -0.070341 -0.155860 -0.256831 -0.569079 0.231916 0.144240 0.231385 0.451767 0.520744 1.146853
0.278689 0.033336 -0.729505 -1.677917 -0.056871 -0.155860 -0.207650 -0.569079 0.280675 0.119051 0.049290 -0.332716 0.498327 1.220920
0.327870 0.000000 -0.556723 -1.776207 -0.043401 -0.164990 -0.158469 -0.602414 0.327870 0.000000 0.278580 0.332716 0.511505 1.313568
0.426230 0.033336 -0.211169 -1.677917 -0.016462 -0.155860 -0.060108 -0.569079 0.427532 0.078052 0.148952 -0.254665 0.456973 1.465563
0.459017 0.066666 -0.095985 -1.579642 -0.007483 -0.146731 -0.027322 -0.535748 0.463833 0.144229 0.314881 0.398893 0.420561 1.519843
0.508196 0.100002 0.076788 -1.481353 0.005986 -0.137601 0.021857 -0.502412 0.517942 0.194296 0.203061 -0.204597 0.386954 -1.527319
0.540983 0.166668 0.191973 -1.284788 0.014966 -0.119342 0.054644 -0.435746 0.566075 0.298857 0.363014 0.503454 0.324307 -1.446044
0.573770 0.266665 0.307158 -0.989949 0.023946 -0.091955 0.087431 -0.335749 0.632710 0.435061 0.269696 -0.068394 0.236433 -1.316048
0.590164 0.333332 0.364754 -0.793385 0.028436 -0.073696 0.103826 -0.269083 0.677793 0.514144 0.408097 0.582538 0.184908 -1.202547
0.590164 0.433334 0.364754 -0.498531 0.028436 -0.046308 0.103826 -0.169081 0.732169 0.633351 0.324072 0.050813 0.116573 -1.020103
0.606556 0.500000 0.422342 -0.301966 0.032925 -0.028049 0.120218 -0.102414 0.786073 0.689399 0.462001 0.638585 0.120991 -0.705600
0.606556 0.566666 0.422342 -0.105402 0.032925 -0.009791 0.120218 -0.035748 0.830073 0.751411 0.368072 0.112825 0.144585 -0.289033
0.573770 0.699999 0.307158 0.287727 0.023946 0.026727 0.087431 0.097585 0.905102 0.884175 0.537030 0.771349 0.230857 0.840224
0.557377 0.766665 0.249570 0.484291 0.019456 0.044985 0.071039 0.164251 0.947864 0.942168 0.410833 0.170819 0.289188 1.162590
0.524591 0.799996 0.134385 0.582566 0.010476 0.054114 0.038252 0.197582 0.956655 0.990395 0.545822 0.819576 0.315981 1.379561
0.508196 0.833332 0.076788 0.680856 0.005986 0.063244 0.021857 0.230917 0.976066 1.023175 0.430244 0.203599 0.347681 1.476423
0.491804 0.866662 0.019200 0.779130 0.001497 0.072372 0.005465 0.264248 0.996481 1.054640 0.566237 0.851041 0.380363 1.550117
0.475409 0.899998 -0.038397 0.877420 -0.002993 0.081502 -0.010929 0.297584 1.017846 1.084818 0.451609 0.233777 0.413804 -1.534086
0.459017 0.899998 -0.095985 0.877420 -0.007483 0.081502 -0.027322 0.297584 1.010294 1.099165 0.558684 0.865388 0.414561 -1.479242
0.475409 0.899998 -0.038397 0.877420 -0.002993 0.081502 -0.010929 0.297584 1.017846 1.084818 0.459162 0.219429 0.413804 -1.534086
0.491804 0.933329 0.019200 0.975695 0.001497 0.090631 0.005465 0.330914 1.054976 1.085833 0.595814 0.866404 0.447023 1.554282
0.573770 0.933329 0.307158 0.975695 0.023946 0.090631 0.087431 0.330914 1.095588 1.019597 0.499774 0.153193 0.455460 1.312489
0.622951 0.966664 0.479939 1.073984 0.037415 0.099761 0.136612 0.364250 1.150003 0.998344 0.650229 0.845151 0.499375 1.211981
0.704917 1.000000 0.767896 1.172274 0.059864 0.108891 0.218578 0.397586 1.223482 0.956778 0.573253 0.111627 0.558233 1.068135
0.737703 1.000000 0.883081 1.172274 0.068844 0.108891 0.251365 0.397586 1.242661 0.935212 0.669408 0.823584 0.571867 1.007016
0.770490 1.000000 0.998266 1.172274 0.077824 0.108891 0.284151 0.397586 1.262401 0.914310 0.592992 0.090726 0.587018 0.950278
0.803277 1.000000 1.113450 1.172274 0.086803 0.108891 0.316938 0.397586 1.282674 0.894060 0.689682 0.803335 0.603571 0.897791
0.868853 1.000000 1.343828 1.172274 0.104763 0.108891 0.382514 0.397586 1.324728 0.855458 0.635046 0.052124 0.640441 0.804716
0.901640 0.966664 1.459013 1.073984 0.113743 0.099761 0.415301 0.364250 1.321890 0.820188 0.686844 0.768064 0.634971 0.720004
0.918032 0.933329 1.516601 0.975695 0.118232 0.090631 0.431693 0.330914 1.309154 0.793660 0.622310 0.025596 0.621417 0.654009
0.967213 0.866662 1.689382 0.779130 0.131702 0.072372 0.480875 0.264248 1.298694 0.730623 0.676383 0.705027 0.613096 0.502471
0.983605 0.799996 1.746970 0.582566 0.136192 0.054114 0.497267 0.197582 1.267862 0.682816 0.591478 -0.022211 0.587924 0.378207
1.000000 0.766665 1.804567 0.484291 0.140682 0.044985 0.513661 0.164251 1.260070 0.654082 0.668592 0.676293 0.585176 0.309490
1.000000 0.666663 1.804567 0.189437 0.140682 0.017597 0.513661 0.064249 1.201849 0.588000 0.533257 -0.088292 0.544394 0.124434
1.000000 0.599997 1.804567 -0.007127 0.140682 -0.000662 0.513661 -0.002417 1.166189 0.540417 0.632932 0.628710 0.526086 -0.004706
0.967213 0.533331 1.689382 -0.203692 0.131702 -0.018921 0.480875 -0.069084 1.104510 0.503925 0.471578 -0.124785 0.483165 -0.142686
0.950819 0.500000 1.631786 -0.301966 0.127212 -0.028049 0.464480 -0.102414 1.074270 0.484123 0.602692 0.608908 0.464681 -0.217020
0.901640 0.500000 1.459013 -0.301966 0.113743 -0.028049 0.415301 -0.102414 1.030997 0.506326 0.428305 -0.102582 0.415526 -0.241778
0.868853 0.500000 1.343828 -0.301966 0.104763 -0.028049 0.382514 -0.102414 1.002450 0.522188 0.574145 0.624770 0.382758 -0.261604
0.852458 0.599997 1.286232 -0.007127 0.100273 -0.000662 0.366120 -0.002417 1.042440 0.613301 0.468296 -0.011470 0.383356 -0.006602
0.852458 0.633333 1.286232 0.091162 0.100273 0.008468 0.366120 0.030918 1.061977 0.638973 0.593682 0.650442 0.394526 0.084249
0.852458 0.699999 1.286232 0.287727 0.100273 0.026727 0.366120 0.097585 1.103034 0.687507 0.509352 0.037064 0.423904 0.260482
0.901640 0.799996 1.459013 0.582566 0.113743 0.054114 0.415301 0.197582 1.205383 0.725736 0.696030 0.688672 0.520438 0.444065
0.934426 0.833332 1.574198 0.680856 0.122723 0.063244 0.448088 0.230917 1.252036 0.728272 0.556006 0.039601 0.566733 0.475844
1.000000 0.833332 1.804567 0.680856 0.140682 0.063244 0.513661 0.230917 1.301707 0.694737 0.745702 0.655137 0.619881 0.422481
