0.084747 0.387096 -1.327038 -0.655249 -0.129907 -0.070857 -0.402895 -0.219757 0.396264 1.355267 0.396264 1.355267 0.415251 0.499339
0.101697 0.387096 -1.271208 -0.655249 -0.124441 -0.070857 -0.385945 -0.219757 0.400232 1.313884 0.003968 -0.041383 0.398827 0.517616
0.135595 0.387096 -1.159555 -0.655249 -0.113511 -0.070857 -0.352046 -0.219757 0.410158 1.233864 0.406190 1.275248 0.366123 0.558044
0.152543 0.419351 -1.103733 -0.559073 -0.108047 -0.060457 -0.335099 -0.187502 0.446234 1.221917 0.040044 -0.053331 0.341986 0.510139
0.203392 0.548383 -0.936251 -0.174339 -0.091652 -0.018853 -0.284250 -0.058470 0.584887 1.215631 0.544842 1.268962 0.290668 0.202868
0.220339 0.677415 -0.880429 0.210396 -0.086187 0.022752 -0.267302 0.070562 0.712349 1.256325 0.167507 -0.012637 0.327818 -0.258092
0.237290 0.774192 -0.824598 0.498953 -0.080722 0.053956 -0.250352 0.167339 0.809740 1.273387 0.642234 1.286024 0.380509 -0.589212
0.220339 0.903224 -0.880429 0.883687 -0.086187 0.095560 -0.267302 0.296371 0.929711 1.331522 0.287477 0.045498 0.494124 -0.836922
0.186441 0.967740 -0.992081 1.076055 -0.097117 0.116362 -0.301200 0.360887 0.985536 1.380472 0.698058 1.334974 0.566759 -0.875304
0.152543 1.000000 -1.103733 1.172245 -0.108047 0.126764 -0.335099 0.393147 1.011568 1.419420 0.313510 0.084446 0.612211 -0.864940
0.084747 0.967740 -1.327038 1.076055 -0.129907 0.116362 -0.402895 0.360887 0.971443 1.483447 0.657934 1.399001 0.626752 -0.730453
0.033898 0.838708 -1.494521 0.691320 -0.146302 0.074758 -0.453743 0.231855 0.839392 1.530401 0.181459 0.131400 0.573699 -0.472395
0.016950 0.741931 -1.550343 0.402763 -0.151766 0.043554 -0.470691 0.135078 0.742125 1.547954 0.560666 1.416554 0.534989 -0.279468
0.000000 0.548383 -1.606173 -0.174339 -0.157232 -0.018853 -0.487642 -0.058470 0.548383 1.570796 -0.012283 0.154242 0.491410 0.119333
0.016950 0.354835 -1.550343 -0.751440 -0.151766 -0.081259 -0.470691 -0.252017 0.355240 1.523063 0.367523 1.368821 0.489068 0.491580
0.067796 0.193548 -1.382868 -1.232350 -0.135372 -0.133263 -0.419845 -0.413305 0.205078 1.233870 -0.162444 -0.134950 0.512602 0.777548
0.101697 0.096772 -1.271208 -1.520908 -0.124441 -0.164467 -0.385945 -0.510081 0.140382 0.760585 0.302826 0.895536 0.549302 0.923063
0.203392 0.000000 -0.936251 -1.809451 -0.091652 -0.195669 -0.284250 -0.606853 0.203392 0.000000 -0.099435 -0.895536 0.564440 1.132747
0.271188 0.000000 -0.712946 -1.809451 -0.069792 -0.195669 -0.216454 -0.606853 0.271188 0.000000 0.370623 0.895536 0.533523 1.228181
0.423728 0.000000 -0.210514 -1.809451 -0.020608 -0.195669 -0.063913 -0.606853 0.423728 0.000000 0.053106 -0.895536 0.491812 1.465864
0.457627 0.064516 -0.098862 -1.617084 -0.009678 -0.174867 -0.030015 -0.542337 0.462152 0.140056 0.409046 1.035592 0.424189 1.515509
0.508475 0.193548 0.068621 -1.232350 0.006717 -0.133263 0.020834 -0.413305 0.544066 0.363709 0.135020 -0.671883 0.294831 -1.520432
0.542373 0.322580 0.180273 -0.847616 0.017647 -0.091659 0.054732 -0.284273 0.631052 0.536555 0.496032 1.208438 0.173899 -1.380592
0.542373 0.419351 0.180273 -0.559073 0.017647 -0.060457 0.054732 -0.187502 0.685583 0.658171 0.189551 -0.550267 0.087516 -1.286787
0.542373 0.580644 0.180273 -0.078148 0.017647 -0.008451 0.054732 -0.026209 0.794554 0.819463 0.605003 1.369730 0.107912 -0.446598
0.508475 0.709676 0.068621 0.306586 0.006717 0.033153 0.020834 0.102823 0.873033 0.949089 0.268030 -0.420641 0.223009 1.370887
0.491525 0.741931 0.012790 0.402763 0.001252 0.043554 0.003883 0.135078 0.889977 0.985688 0.621946 1.406329 0.254319 1.542057
0.474577 0.838708 -0.043032 0.691320 -0.004212 0.074758 -0.013065 0.231855 0.963667 1.055871 0.341720 -0.350458 0.351309 -1.514508
0.474577 0.870968 -0.043032 0.787511 -0.004212 0.085159 -0.013065 0.264115 0.991871 1.071889 0.650151 1.422347 0.383549 -1.521371
0.525423 0.903224 0.124443 0.883687 0.012182 0.095560 0.037781 0.296371 1.044932 1.043927 0.394781 -0.378421 0.417296 1.444000
0.559321 0.903224 0.236095 0.883687 0.023112 0.095560 0.071680 0.296371 1.062381 1.016343 0.667600 1.394763 0.421718 1.333496
0.644068 0.935484 0.515230 0.979878 0.050437 0.105962 0.156426 0.328631 1.135761 0.967840 0.468161 -0.426923 0.474375 1.126538
0.694916 0.967740 0.682713 1.076055 0.066832 0.116362 0.207275 0.360887 1.191398 0.948038 0.723237 1.374961 0.522931 1.049452
0.728815 0.967740 0.794365 1.076055 0.077762 0.116362 0.241173 0.360887 1.211483 0.925308 0.488246 -0.449653 0.537269 0.981678
0.779661 0.967740 0.961840 1.076055 0.094157 0.116362 0.292019 0.360887 1.242735 0.892619 0.754489 1.342272 0.561933 0.890488
0.847457 0.967740 1.185144 1.076055 0.116016 0.116362 0.359815 0.360887 1.286353 0.851566 0.531864 -0.490707 0.599968 0.786885
0.915253 0.935484 1.408449 0.979878 0.137876 0.105962 0.427612 0.328631 1.308747 0.796329 0.776883 1.287036 0.619205 0.655253
0.932204 0.903224 1.464279 0.883687 0.143342 0.095560 0.444562 0.296371 1.298005 0.769610 0.521122 -0.517425 0.608559 0.587996
0.966102 0.806452 1.575932 0.595144 0.154271 0.064357 0.478460 0.199599 1.258458 0.695573 0.737337 1.212998 0.574947 0.395220
0.983050 0.677415 1.631754 0.210396 0.159736 0.022752 0.495408 0.070562 1.193850 0.603370 0.456513 -0.609628 0.530512 0.141481
1.000000 0.580644 1.687584 -0.078148 0.165201 -0.008451 0.512358 -0.026209 1.156351 0.526065 0.699838 1.135694 0.520731 -0.051109
0.983050 0.451612 1.631754 -0.462882 0.159736 -0.050055 0.495408 -0.155241 1.081822 0.430642 0.381985 -0.705051 0.496716 -0.303668
0.966102 0.419351 1.575932 -0.559073 0.154271 -0.060457 0.478460 -0.187502 1.053190 0.409524 0.671205 1.114575 0.483309 -0.373491
0.915253 0.387096 1.408449 -0.655249 0.137876 -0.070857 0.427612 -0.219757 0.993746 0.400123 0.322542 -0.714452 0.439273 -0.474719
0.864407 0.451612 1.240975 -0.462882 0.121482 -0.050055 0.376766 -0.155241 0.975271 0.481448 0.652729 1.195900 0.378484 -0.390839
0.847457 0.548383 1.185144 -0.174339 0.116016 -0.018853 0.359815 -0.058470 1.009409 0.574329 0.356680 -0.621571 0.364906 -0.161091
0.864407 0.677415 1.240975 0.210396 0.121482 0.022752 0.376766 0.070562 1.098222 0.664708 0.741542 1.286279 0.421861 0.185140
0.932204 0.741931 1.464279 0.402763 0.143342 0.043554 0.444562 0.135078 1.191413 0.672230 0.449872 -0.614049 0.512151 0.294981
