0.064936 0.535714 -1.359217 -0.084961 -0.087727 -0.006659 -0.379274 -0.028791 0.539635 1.450171 0.539635 1.450171 0.390156 0.075765
0.064936 0.500003 -1.359217 -0.190345 -0.087727 -0.014919 -0.379274 -0.064502 0.504202 1.441648 -0.035434 -0.008523 0.383355 0.168456
0.077924 0.464286 -1.312672 -0.295745 -0.084722 -0.023181 -0.366286 -0.100219 0.470780 1.404510 0.506213 1.413033 0.366835 0.267072
0.090910 0.464286 -1.266134 -0.295745 -0.081719 -0.023181 -0.353300 -0.100219 0.473103 1.377437 -0.033111 -0.035596 0.353870 0.276405
0.103898 0.464286 -1.219588 -0.295745 -0.078715 -0.023181 -0.340312 -0.100219 0.475769 1.350644 0.508880 1.386240 0.340903 0.286396
0.116884 0.500003 -1.173050 -0.190345 -0.075711 -0.014919 -0.327326 -0.064502 0.513483 1.341154 0.004603 -0.045086 0.332047 0.194565
0.129872 0.500003 -1.126504 -0.190345 -0.072707 -0.014919 -0.314338 -0.064502 0.516594 1.316670 0.511991 1.361756 0.319251 0.202391
0.142858 0.500003 -1.079966 -0.190345 -0.069703 -0.014919 -0.301352 -0.064502 0.520011 1.292497 0.008020 -0.069259 0.306473 0.210861
0.155846 0.535714 -1.033421 -0.084961 -0.066699 -0.006659 -0.288364 -0.028791 0.557922 1.287698 0.549903 1.356957 0.302534 0.099512
0.155846 0.571431 -1.033421 0.020439 -0.066699 0.001602 -0.288364 0.006926 0.592302 1.304543 0.042399 -0.052414 0.315181 -0.024014
0.155846 0.607142 -1.033421 0.125822 -0.066699 0.009862 -0.288364 0.042637 0.626825 1.319534 0.584426 1.371948 0.331211 -0.146796
0.155846 0.642859 -1.033421 0.231222 -0.066699 0.018123 -0.288364 0.078354 0.661480 1.332959 0.077054 -0.038989 0.350165 -0.265314
0.155846 0.678570 -1.033421 0.336606 -0.066699 0.026384 -0.288364 0.114066 0.696237 1.345044 0.619183 1.384033 0.371590 -0.376674
0.142858 0.678570 -1.079966 0.336606 -0.069703 0.026384 -0.301352 0.114066 0.693445 1.363299 0.074262 -0.020733 0.381756 -0.361847
0.142858 0.714287 -1.079966 0.442006 -0.069703 0.034645 -0.301352 0.149782 0.728433 1.373400 0.654171 1.394134 0.404666 -0.461273
0.129872 0.714287 -1.126504 0.442006 -0.072707 0.034645 -0.314338 0.149782 0.725998 1.390941 0.071827 -0.003193 0.414428 -0.444673
0.116884 0.714287 -1.173050 0.442006 -0.075711 0.034645 -0.327326 0.149782 0.723787 1.408597 0.651961 1.411790 0.424363 -0.429151
0.103898 0.714287 -1.219588 0.442006 -0.078715 0.034645 -0.340312 0.149782 0.721804 1.426353 0.069843 0.014563 0.434458 -0.414618
0.090910 0.714287 -1.266134 0.442006 -0.081719 0.034645 -0.353300 0.149782 0.720049 1.444203 0.650206 1.429641 0.444705 -0.400983
0.064936 0.714287 -1.359217 0.442006 -0.087727 0.034645 -0.379274 0.149782 0.717233 1.480136 0.067027 0.050495 0.465608 -0.376119
0.038962 0.714287 -1.452301 0.442006 -0.093734 0.034645 -0.405248 0.149782 0.715349 1.516304 0.648322 1.465809 0.486999 -0.354034
0.025974 0.678570 -1.498847 0.336606 -0.096739 0.026384 -0.418236 0.114066 0.679067 1.532538 0.030745 0.066729 0.479423 -0.266255
0.025974 0.642859 -1.498847 0.231222 -0.096739 0.018123 -0.418236 0.078354 0.643384 1.530414 0.612638 1.463686 0.463015 -0.185198
0.012988 0.607142 -1.545385 0.125822 -0.099742 0.009862 -0.431222 0.042637 0.607281 1.549408 -0.005357 0.085722 0.460976 -0.098556
0.012988 0.571431 -1.545385 0.020439 -0.099742 0.001602 -0.431222 0.006926 0.571578 1.548071 0.576935 1.462349 0.449597 -0.016060
0.000000 0.535714 -1.591931 -0.084961 -0.102746 -0.006659 -0.444209 -0.028791 0.535714 1.570796 -0.041221 0.108447 0.453536 0.064723
0.000000 0.464286 -1.591931 -0.295745 -0.102746 -0.023181 -0.444209 -0.100219 0.464286 1.570796 0.505507 1.462349 0.444663 0.221897
0.000000 0.428575 -1.591931 -0.401128 -0.102746 -0.031441 -0.444209 -0.135930 0.428575 1.570796 -0.076933 0.108447 0.444485 0.296957
0.012988 0.321430 -1.545385 -0.717312 -0.099742 -0.056224 -0.431222 -0.243075 0.321692 1.530411 0.398625 1.421965 0.448360 0.513293
0.025974 0.285718 -1.498847 -0.822696 -0.096739 -0.064484 -0.418236 -0.278787 0.286896 1.480138 -0.111728 0.058173 0.447259 0.587941
0.038962 0.214290 -1.452301 -1.033479 -0.093734 -0.081005 -0.405248 -0.350215 0.217803 1.390942 0.329531 1.332769 0.465928 0.712680
0.064936 0.178573 -1.359217 -1.138879 -0.087727 -0.089267 -0.379274 -0.385932 0.190013 1.222025 -0.139518 -0.110745 0.463045 0.794099
0.077924 0.142856 -1.312672 -1.244278 -0.084722 -0.097528 -0.366286 -0.421649 0.162727 1.071438 0.302245 1.182183 0.474319 0.855546
0.103898 0.107145 -1.219588 -1.349662 -0.078715 -0.105788 -0.340312 -0.457360 0.149247 0.800783 -0.152998 -0.381399 0.478983 0.931096
0.129872 0.071428 -1.126504 -1.455062 -0.072707 -0.114049 -0.314338 -0.493077 0.148218 0.502836 0.301216 0.884235 0.487621 1.003257
0.168832 0.071428 -0.986882 -1.455062 -0.063695 -0.114049 -0.275378 -0.493077 0.183320 0.400238 -0.117896 -0.483997 0.463464 1.061459
0.194806 0.035717 -0.893798 -1.560446 -0.057688 -0.122310 -0.249404 -0.528788 0.198053 0.181332 0.315949 0.665329 0.478611 1.130083
0.220780 0.035717 -0.800714 -1.560446 -0.051680 -0.122310 -0.223430 -0.528788 0.223650 0.160386 -0.092299 -0.504943 0.465604 1.171018
0.259741 0.035717 -0.661085 -1.560446 -0.042668 -0.122310 -0.184468 -0.528788 0.262186 0.136652 0.354485 0.641595 0.448213 1.235146
0.285715 0.000000 -0.568001 -1.665845 -0.036660 -0.130571 -0.158494 -0.564505 0.285715 0.000000 -0.068769 -0.641595 0.471638 1.297077
0.337663 0.000000 -0.381834 -1.665845 -0.024644 -0.130571 -0.106546 -0.564505 0.337663 0.000000 0.406433 0.641595 0.456809 1.384248
0.363637 0.035717 -0.288750 -1.560446 -0.018636 -0.122310 -0.080572 -0.528788 0.365387 0.097907 -0.041046 -0.543688 0.416363 1.419588
0.389611 0.035717 -0.195666 -1.560446 -0.012629 -0.122310 -0.054598 -0.528788 0.391245 0.091417 0.432290 0.635105 0.412125 1.467909
0.402597 0.071428 -0.149127 -1.455062 -0.009625 -0.114049 -0.041612 -0.493077 0.408884 0.175591 -0.023406 -0.459514 0.375097 1.486603
0.415585 0.107145 -0.102582 -1.349662 -0.006621 -0.105788 -0.028624 -0.457360 0.429175 0.252322 0.452581 0.711836 0.338278 1.508292
0.428571 0.142856 -0.056044 -1.244278 -0.003617 -0.097528 -0.015638 -0.421649 0.451753 0.321749 -0.000827 -0.390087 0.301759 1.533725
0.441559 0.214290 -0.009498 -1.033479 -0.000613 -0.081005 -0.002650 -0.350215 0.490810 0.451821 0.491638 0.841908 0.229935 1.563229
0.454545 0.250001 0.037040 -0.928095 0.002391 -0.072745 0.010336 -0.314504 0.518760 0.502846 0.027122 -0.339062 0.194483 -1.537945
0.467533 0.357146 0.083586 -0.611912 0.005395 -0.047962 0.023324 -0.207359 0.588337 0.652335 0.561215 0.991397 0.090133 -1.458788
0.480521 0.392858 0.130131 -0.506528 0.008399 -0.039702 0.036312 -0.171647 0.620675 0.685361 0.059460 -0.306037 0.062893 -1.362322
0.480521 0.464286 0.130131 -0.295745 0.008399 -0.023181 0.036312 -0.100219 0.668178 0.768216 0.608718 1.074253 0.041492 -1.223187
0.480521 0.500003 0.130131 -0.190345 0.008399 -0.014919 0.036312 -0.064502 0.693472 0.805264 0.084754 -0.268989 0.066569 -1.058065
0.480521 0.571431 0.130131 0.020439 0.008399 0.001602 0.036312 0.006926 0.746615 0.871604 0.661861 1.140593 0.132302 0.188474
0.454545 0.678570 0.037040 0.336606 0.002391 0.026384 0.010336 0.114066 0.816743 0.980588 0.154882 -0.160005 0.234589 1.480432
0.441559 0.714287 -0.009498 0.442006 -0.000613 0.034645 -0.002650 0.149782 0.839750 1.017115 0.684868 1.177120 0.270091 -1.553103
0.441559 0.749999 -0.009498 0.547389 -0.000613 0.042905 -0.002650 0.185494 0.870329 1.038693 0.185461 -0.138427 0.305801 -1.556509
0.428571 0.785715 -0.056044 0.652789 -0.003617 0.051166 -0.015638 0.221211 0.894998 1.071450 0.709538 1.209878 0.341864 -1.500219
0.402597 0.821427 -0.149127 0.758173 -0.009625 0.059426 -0.041612 0.256922 0.914782 1.115084 0.205245 -0.094793 0.379506 -1.410226
0.402597 0.857144 -0.149127 0.863573 -0.009625 0.067688 -0.041612 0.292639 0.946985 1.131684 0.741740 1.226478 0.415026 -1.429547
0.389611 0.857144 -0.195666 0.863573 -0.012629 0.067688 -0.054598 0.292639 0.941537 1.144168 0.199797 -0.082309 0.416528 -1.386345
0.402597 0.857144 -0.149127 0.863573 -0.009625 0.067688 -0.041612 0.292639 0.946985 1.131684 0.747187 1.213993 0.415026 -1.429547
0.415585 0.892855 -0.102582 0.968956 -0.006621 0.075948 -0.028624 0.328350 0.984836 1.135163 0.237648 -0.078830 0.449558 -1.483840
0.428571 0.892855 -0.056044 0.968956 -0.003617 0.075948 -0.015638 0.328350 0.990385 1.123276 0.752737 1.202106 0.448918 -1.523205
0.493507 0.892855 0.176669 0.968956 0.011403 0.075948 0.049298 0.328350 1.020166 1.065860 0.267429 -0.136246 0.451346 1.421772
0.532469 0.892855 0.316299 0.968956 0.020415 0.075948 0.088259 0.328350 1.039574 1.033053 0.772144 1.169298 0.457245 1.308206
0.623377 0.892855 0.642089 0.968956 0.041442 0.075948 0.179167 0.328350 1.088939 0.961290 0.316795 -0.208008 0.483098 1.071292
0.675325 0.892855 0.828256 0.968956 0.053457 0.075948 0.231115 0.328350 1.119488 0.923234 0.802693 1.131242 0.504675 0.957479
0.714287 0.892855 0.967886 0.968956 0.062469 0.075948 0.270077 0.328350 1.143414 0.896054 0.340721 -0.235188 0.523664 0.882469
0.766234 0.892855 1.154053 0.968956 0.074485 0.075948 0.322025 0.328350 1.176565 0.861570 0.835844 1.096758 0.552253 0.795123
0.805194 0.892855 1.293676 0.968956 0.083496 0.075948 0.360985 0.328350 1.202301 0.836977 0.366457 -0.259781 0.575841 0.738091
0.870130 0.892855 1.526389 0.968956 0.098516 0.075948 0.425921 0.328350 1.246722 0.798287 0.880266 1.058068 0.618621 0.656755
0.896104 0.892855 1.619473 0.968956 0.104524 0.075948 0.451895 0.328350 1.264987 0.783582 0.384722 -0.274487 0.636782 0.628361
0.935066 0.892855 1.759102 0.968956 0.113536 0.075948 0.490857 0.328350 1.292880 0.762310 0.908158 1.036796 0.664999 0.589570
0.922078 0.892855 1.712556 0.968956 0.110532 0.075948 0.477869 0.328350 1.283518 0.769298 0.375360 -0.267498 0.655470 0.602025
0.909092 0.892855 1.666018 0.968956 0.107528 0.075948 0.464883 0.328350 1.274221 0.776388 0.898861 1.043886 0.646064 0.614947
0.896104 0.892855 1.619473 0.968956 0.104524 0.075948 0.451895 0.328350 1.264987 0.783582 0.366126 -0.260304 0.636782 0.628361
0.870130 0.857144 1.526389 0.863573 0.098516 0.067688 0.425921 0.292639 1.221402 0.777880 0.855276 1.038184 0.593231 0.601997
0.844156 0.821427 1.433305 0.758173 0.092508 0.059426 0.399947 0.256922 1.177855 0.771752 0.322579 -0.266431 0.549773 0.571007
0.818182 0.785715 1.340221 0.652789 0.086501 0.051166 0.373973 0.221211 1.134359 0.765158 0.811780 1.031590 0.506441 0.534157
0.805194 0.749999 1.293676 0.547389 0.083496 0.042905 0.360985 0.185494 1.100380 0.749922 0.288600 -0.281668 0.473093 0.474670
0.779220 0.678570 1.200592 0.336606 0.077489 0.026384 0.335011 0.114066 1.033268 0.716465 0.744668 0.998133 0.408849 0.328172
0.779220 0.642859 1.200592 0.231222 0.077489 0.018123 0.335011 0.078354 1.010174 0.689802 0.265506 -0.308331 0.389479 0.229755
0.779220 0.535714 1.200592 -0.084961 0.077489 -0.006659 0.335011 -0.028791 0.945608 0.602287 0.680101 0.910618 0.347283 -0.085729
0.792208 0.464286 1.247137 -0.295745 0.080493 -0.023181 0.347999 -0.100219 0.918235 0.530110 0.238134 -0.380508 0.348578 -0.280399
0.805194 0.464286 1.293676 -0.295745 0.083496 -0.023181 0.360985 -0.100219 0.929462 0.523046 0.691328 0.903554 0.361543 -0.270806
0.831168 0.428575 1.386759 -0.401128 0.089504 -0.031441 0.386959 -0.135930 0.935156 0.476072 0.243828 -0.427481 0.387275 -0.337813
0.883118 0.428575 1.572934 -0.401128 0.101520 -0.031441 0.438909 -0.135930 0.981618 0.451816 0.737790 0.879297 0.439187 -0.300333
0.935066 0.428575 1.759102 -0.401128 0.113536 -0.031441 0.490857 -0.135930 1.028603 0.429765 0.290813 -0.449533 0.491106 -0.270155
0.948052 0.428575 1.805640 -0.401128 0.116540 -0.031441 0.503843 -0.135930 1.040422 0.424564 0.749609 0.874097 0.504085 -0.263514
0.974026 0.464286 1.898724 -0.295745 0.122547 -0.023181 0.529817 -0.100219 1.079022 0.444807 0.329413 -0.429289 0.530197 -0.186949
0.987014 0.500003 1.945270 -0.190345 0.125552 -0.014919 0.542805 -0.064502 1.106435 0.468899 0.777023 0.898188 0.545664 -0.118277
1.000000 0.607142 1.991808 0.125822 0.128555 0.009862 0.555791 0.042637 1.169881 0.545655 0.392858 -0.352533 0.579181 0.076565
1.000000 0.642859 1.991808 0.231222 0.128555 0.018123 0.555791 0.078354 1.188809 0.571339 0.795951 0.923872 0.590224 0.140055
1.000000 0.749999 1.991808 0.547389 0.128555 0.042905 0.555791 0.185494 1.249999 0.643500 0.454048 -0.280372 0.634358 0.322123
0.974026 0.857144 1.898724 0.863573 0.122547 0.067688 0.529817 0.292639 1.297468 0.721655 0.843419 1.002027 0.671729 0.504638
0.961040 0.892855 1.852186 0.968956 0.119544 0.075948 0.516831 0.328350 1.311788 0.748635 0.468369 -0.253392 0.684395 0.565982
0.935066 0.964283 1.759102 1.179740 0.113536 0.092469 0.490857 0.399778 1.343202 0.800780 0.874833 1.054172 0.715134 0.683490
0.896104 1.000000 1.619473 1.285140 0.104524 0.100731 0.451895 0.435495 1.342759 0.840138 0.467926 -0.214034 0.716318 0.766920
