0.056602 0.702702 -1.243442 0.232946 -0.081255 0.016596 -0.367576 0.075075 0.704978 1.490420 0.704978 1.490420 0.461181 -0.201473
0.075472 0.702702 -1.179611 0.232946 -0.077084 0.016596 -0.348706 0.075075 0.706744 1.463805 0.001765 -0.026616 0.446287 -0.212059
0.075472 0.675674 -1.179611 0.149080 -0.077084 0.010621 -0.348706 0.048046 0.679876 1.459559 0.678110 1.486175 0.429937 -0.136922
0.113207 0.648649 -1.051958 0.065226 -0.068742 0.004647 -0.310971 0.021022 0.658454 1.398009 -0.019657 -0.088166 0.383523 -0.067497
0.132074 0.648649 -0.988136 0.065226 -0.064571 0.004647 -0.292104 0.021022 0.661958 1.369928 0.681615 1.458095 0.368391 -0.071842
0.150943 0.648649 -0.924304 0.065226 -0.060400 0.004647 -0.273235 0.021022 0.665980 1.342161 -0.015635 -0.115933 0.353616 -0.076785
0.169810 0.648649 -0.860482 0.065226 -0.056230 0.004647 -0.254368 0.021022 0.670508 1.314752 0.686143 1.430686 0.339250 -0.082455
0.188679 0.648649 -0.796651 0.065226 -0.052058 0.004647 -0.235499 0.021022 0.675533 1.287727 -0.010610 -0.142959 0.325341 -0.089028
0.207545 0.675674 -0.732829 0.149080 -0.047888 0.010621 -0.216633 0.048046 0.706831 1.272776 0.717441 1.415735 0.331933 -0.218254
0.226415 0.702702 -0.668997 0.232946 -0.043717 0.016596 -0.197763 0.075075 0.738278 1.259094 0.020837 -0.156641 0.341594 -0.362817
0.226415 0.729727 -0.668997 0.316799 -0.043717 0.022570 -0.197763 0.102100 0.764046 1.269941 0.743208 1.426583 0.363965 -0.476582
0.245281 0.756756 -0.605176 0.400666 -0.039546 0.028545 -0.178897 0.129129 0.795514 1.257359 0.052306 -0.169224 0.377640 -0.625212
0.245281 0.783781 -0.605176 0.484519 -0.039546 0.034519 -0.178897 0.156154 0.821265 1.267505 0.768959 1.436729 0.401645 -0.717623
0.245281 0.810810 -0.605176 0.568385 -0.039546 0.040494 -0.178897 0.183183 0.847098 1.277035 0.078140 -0.159694 0.426014 -0.797234
0.245281 0.837835 -0.605176 0.652239 -0.039546 0.046468 -0.178897 0.210208 0.873001 1.285998 0.794861 1.445692 0.450684 -0.865694
0.245281 0.864864 -0.605176 0.736105 -0.039546 0.052443 -0.178897 0.237236 0.898973 1.294446 0.104112 -0.151246 0.475613 -0.924685
0.245281 0.891893 -0.605176 0.819971 -0.039546 0.058417 -0.178897 0.264265 0.925006 1.302419 0.820893 1.453665 0.500760 -0.975702
0.245281 0.918917 -0.605176 0.903825 -0.039546 0.064391 -0.178897 0.291290 0.951090 1.309954 0.130196 -0.143712 0.526090 -1.020035
0.226415 0.945946 -0.668997 0.987691 -0.043717 0.070366 -0.197763 0.318319 0.972665 1.335864 0.842469 1.479575 0.557990 -1.014881
0.226415 0.972971 -0.668997 1.071544 -0.043717 0.076340 -0.197763 0.345344 0.998968 1.342161 0.156499 -0.137414 0.583339 -1.050725
0.207545 0.972971 -0.732829 1.071544 -0.047888 0.076340 -0.216633 0.345344 0.994861 1.360635 0.838362 1.498049 0.590003 -1.010548
0.188679 1.000000 -0.796651 1.155410 -0.052058 0.082315 -0.235499 0.372373 1.017644 1.384310 0.179282 -0.113740 0.622118 -1.006873
0.169810 1.000000 -0.860482 1.155410 -0.056230 0.082315 -0.254368 0.372373 1.014315 1.402591 0.835033 1.516331 0.629503 -0.971502
0.150943 1.000000 -0.924304 1.155410 -0.060400 0.082315 -0.273235 0.372373 1.011328 1.420984 0.176295 -0.095347 0.637360 -0.937766
0.132074 0.972971 -0.988136 1.071544 -0.064571 0.076340 -0.292104 0.345344 0.981894 1.435878 0.805599 1.531225 0.621690 -0.868725
0.113207 0.972971 -1.051958 1.071544 -0.068742 0.076340 -0.310971 0.345344 0.979535 1.454965 0.173935 -0.076260 0.630775 -0.837723
0.094338 0.918917 -1.115789 0.903825 -0.072913 0.064391 -0.329840 0.291290 0.923747 1.468493 0.749812 1.544752 0.594610 -0.723414
0.094338 0.891893 -1.115789 0.819971 -0.072913 0.058417 -0.329840 0.264265 0.896868 1.465415 0.147056 -0.079337 0.572321 -0.675468
0.075472 0.837835 -1.179611 0.652239 -0.077084 0.046468 -0.348706 0.210208 0.841227 1.480959 0.694171 1.560297 0.541025 -0.542491
0.056602 0.810810 -1.243442 0.568385 -0.081255 0.040494 -0.367576 0.183183 0.812783 1.501100 0.118612 -0.059197 0.533476 -0.462330
0.056602 0.783781 -1.243442 0.484519 -0.081255 0.034519 -0.367576 0.156154 0.785822 1.498705 0.667210 1.557901 0.514224 -0.401719
0.037736 0.729727 -1.307264 0.316799 -0.085425 0.022570 -0.386442 0.102100 0.730702 1.519130 0.063492 -0.038771 0.492644 -0.258303
0.018866 0.675674 -1.371096 0.149080 -0.089597 0.010621 -0.405312 0.048046 0.675937 1.542881 0.612444 1.581652 0.476998 -0.117991
0.018866 0.648649 -1.371096 0.065226 -0.089597 0.004647 -0.405312 0.021022 0.648923 1.541719 0.036479 -0.039934 0.463319 -0.051819
0.018866 0.594595 -1.371096 -0.102493 -0.089597 -0.007302 -0.405312 -0.033032 0.594894 1.539077 0.558416 1.579011 0.439681 0.081319
0.000000 0.513512 -1.434918 -0.354079 -0.093767 -0.025226 -0.424178 -0.114115 0.513512 1.570796 -0.044903 -0.008214 0.433483 0.262804
0.000000 0.459459 -1.434918 -0.521799 -0.093767 -0.037175 -0.424178 -0.168169 0.459459 1.570796 0.504362 1.579011 0.425643 0.377449
0.000000 0.405405 -1.434918 -0.689518 -0.093767 -0.049124 -0.424178 -0.222222 0.405405 1.570796 -0.098957 -0.008214 0.424593 0.482576
0.000000 0.378380 -1.434918 -0.773372 -0.093767 -0.055098 -0.424178 -0.249247 0.378380 1.570796 0.477337 1.579011 0.426643 0.531252
0.018866 0.324326 -1.371096 -0.941092 -0.089597 -0.067046 -0.405312 -0.303301 0.324875 1.512691 -0.152462 -0.066320 0.417430 0.642422
0.018866 0.270273 -1.371096 -1.108811 -0.089597 -0.078995 -0.405312 -0.357355 0.270930 1.501104 0.423393 1.567424 0.433549 0.722600
0.056602 0.189190 -1.243442 -1.360397 -0.081255 -0.096919 -0.367576 -0.438437 0.197476 1.280090 -0.225917 -0.287334 0.436270 0.873089
0.075472 0.162165 -1.179611 -1.444251 -0.077084 -0.102893 -0.348706 -0.465462 0.178867 1.135210 0.404784 1.422544 0.436173 0.927832
0.094338 0.135136 -1.115789 -1.528117 -0.072913 -0.108868 -0.329840 -0.492491 0.164807 0.961350 -0.239977 -0.461195 0.438565 0.980670
0.113207 0.081083 -1.051958 -1.695836 -0.068742 -0.120817 -0.310971 -0.546545 0.139249 0.621536 0.379226 1.082731 0.463052 1.053501
0.150943 0.054058 -0.924304 -1.779690 -0.060400 -0.126791 -0.273235 -0.573569 0.160331 0.343902 -0.218895 -0.738829 0.460050 1.126226
0.169810 0.027029 -0.860482 -1.863556 -0.056230 -0.132766 -0.254368 -0.600598 0.171947 0.157848 0.390842 0.896676 0.471626 1.170176
0.226415 0.000000 -0.668997 -1.947422 -0.043717 -0.138741 -0.197763 -0.627627 0.226415 0.000000 -0.164427 -0.896676 0.468014 1.265548
0.245281 0.000000 -0.605176 -1.947422 -0.039546 -0.138741 -0.178897 -0.627627 0.245281 0.000000 0.409709 0.896676 0.460360 1.293123
0.264151 0.000000 -0.541344 -1.947422 -0.035375 -0.138741 -0.160027 -0.627627 0.264151 0.000000 -0.145558 -0.896676 0.453361 1.321143
0.320753 0.000000 -0.349869 -1.947422 -0.022863 -0.138741 -0.103425 -0.627627 0.320753 0.000000 0.466311 0.896676 0.436605 1.407476
0.358489 0.027029 -0.222215 -1.863556 -0.014521 -0.132766 -0.065689 -0.600598 0.359506 0.075254 -0.106805 -0.821422 0.402545 1.461856
0.377358 0.027029 -0.158384 -1.863556 -0.010350 -0.132766 -0.046820 -0.600598 0.378325 0.071505 0.485129 0.892926 0.399899 1.492998
0.415094 0.054058 -0.030731 -1.779690 -0.002008 -0.126791 -0.009084 -0.573569 0.418599 0.129502 -0.066530 -0.763425 0.370232 1.554959
0.433960 0.081083 0.033091 -1.695836 0.002162 -0.120817 0.009782 -0.546545 0.441470 0.184714 0.508001 0.948139 0.343235 -1.552900
0.452830 0.108112 0.096923 -1.611970 0.006334 -0.114842 0.028651 -0.519516 0.465556 0.234360 -0.042444 -0.713779 0.317363 -1.515702
0.509435 0.162165 0.288408 -1.444251 0.018846 -0.102893 0.085257 -0.465462 0.534623 0.308182 0.577067 1.021961 0.275535 -1.389639
0.528301 0.189190 0.352230 -1.360397 0.023017 -0.096919 0.104123 -0.438437 0.561155 0.343882 -0.015912 -0.678079 0.257023 -1.337629
0.547170 0.243244 0.416061 -1.192677 0.027188 -0.084970 0.122992 -0.384383 0.598801 0.418311 0.614713 1.096390 0.218779 -1.261118
0.566037 0.324326 0.479883 -0.941092 0.031359 -0.067046 0.141859 -0.303301 0.652369 0.520313 0.037656 -0.576077 0.173477 -1.133307
0.566037 0.351351 0.479883 -0.857238 0.031359 -0.061072 0.141859 -0.276276 0.666217 0.555517 0.628561 1.131594 0.159461 -1.096432
0.584906 0.405405 0.543714 -0.689518 0.035530 -0.049124 0.160728 -0.222222 0.711666 0.606088 0.083105 -0.525507 0.161821 -0.944619
0.584906 0.486488 0.543714 -0.437933 0.035530 -0.031200 0.160728 -0.141140 0.760780 0.693795 0.677675 1.219301 0.172383 -0.720598
0.566037 0.540541 0.479883 -0.270213 0.031359 -0.019251 0.141859 -0.087086 0.782677 0.762362 0.105002 -0.456939 0.183478 -0.550571
0.566037 0.567566 0.479883 -0.186360 0.031359 -0.013277 0.141859 -0.060061 0.801579 0.786747 0.696577 1.243686 0.201703 -0.400503
0.528301 0.621620 0.352230 -0.018640 0.023017 -0.001328 0.104123 -0.006007 0.815790 0.866373 0.119213 -0.377313 0.223215 -0.057631
0.528301 0.648649 0.352230 0.065226 0.023017 0.004647 0.104123 0.021022 0.836569 0.887298 0.717356 1.264611 0.247444 0.199213
0.490565 0.675674 0.224576 0.149080 0.014675 0.010621 0.066387 0.048046 0.834979 0.942807 0.117622 -0.321804 0.260110 0.626474
0.471696 0.675674 0.160745 0.149080 0.010504 0.010621 0.047518 0.048046 0.824034 0.961338 0.706411 1.283142 0.255945 0.790927
0.452830 0.702702 0.096923 0.232946 0.006334 0.016596 0.028651 0.075075 0.835970 0.998360 0.129558 -0.284782 0.279994 1.206220
0.433960 0.702702 0.033091 0.232946 0.002162 0.016596 0.009782 0.075075 0.825901 1.017566 0.696343 1.302348 0.278696 1.441228
0.415094 0.702702 -0.030731 0.232946 -0.002008 0.016596 -0.009084 0.075075 0.816146 1.037235 0.119803 -0.265113 0.278673 -1.450379
0.396224 0.702702 -0.094562 0.232946 -0.006179 0.016596 -0.027954 0.075075 0.806712 1.057376 0.686909 1.322489 0.279924 -1.214359
0.396224 0.729727 -0.094562 0.316799 -0.006179 0.022570 -0.027954 0.102100 0.830359 1.073362 0.143450 -0.249127 0.306825 -1.303559
0.415094 0.729727 -0.030731 0.316799 -0.002008 0.022570 -0.009084 0.102100 0.839527 1.053608 0.696077 1.302735 0.305684 -1.482055
0.415094 0.756756 -0.030731 0.400666 -0.002008 0.028545 -0.009084 0.129129 0.863124 1.069092 0.167047 -0.233643 0.332702 -1.500561
0.433960 0.756756 0.033091 0.400666 0.002162 0.028545 0.009782 0.129129 0.872354 1.050129 0.705307 1.283772 0.332722 1.495186
0.452830 0.783781 0.096923 0.484519 0.006334 0.034519 0.028651 0.156154 0.905189 1.046898 0.199882 -0.236874 0.360743 1.389332
0.490565 0.783781 0.224576 0.484519 0.014675 0.034519 0.066387 0.156154 0.924644 1.011553 0.724762 1.248427 0.365680 1.168807
0.547170 0.837835 0.416061 0.652239 0.027188 0.046468 0.122992 0.210208 1.000681 0.992261 0.275919 -0.256166 0.431554 1.041405
0.641509 0.891893 0.735190 0.819971 0.048042 0.058417 0.217330 0.264265 1.098638 0.947256 0.822719 1.203423 0.515742 0.882548
0.679244 0.891893 0.862843 0.819971 0.056384 0.058417 0.255066 0.264265 1.121091 0.919927 0.298372 -0.283495 0.532744 0.803110
0.754716 0.945946 1.118150 0.987691 0.073067 0.070366 0.330538 0.318319 1.210128 0.897372 0.911756 1.180868 0.617655 0.766569
0.792452 0.945946 1.245803 0.987691 0.081409 0.070366 0.368274 0.318319 1.234015 0.873466 0.322259 -0.307401 0.638645 0.712769
0.867923 0.972971 1.501110 1.071544 0.098093 0.076340 0.443745 0.345344 1.303827 0.842400 0.981568 1.149801 0.705750 0.661336
0.886793 0.972971 1.564941 1.071544 0.102264 0.076340 0.462615 0.345344 1.316463 0.831703 0.334895 -0.318098 0.717765 0.641260
0.924528 0.972971 1.692595 1.071544 0.110605 0.076340 0.500350 0.345344 1.342172 0.810922 1.007277 1.129020 0.742647 0.604121
0.962264 0.918917 1.820248 0.903825 0.118947 0.064391 0.538086 0.291290 1.330549 0.762360 0.323272 -0.366660 0.730961 0.496174
0.981131 0.891893 1.884070 0.819971 0.123118 0.058417 0.556953 0.264265 1.325930 0.737790 1.002657 1.104450 0.727292 0.443028
1.000000 0.837835 1.947902 0.652239 0.127289 0.046468 0.575822 0.210208 1.304595 0.697389 0.301937 -0.407062 0.709001 0.350025
1.000000 0.756756 1.947902 0.400666 0.127289 0.028545 0.575822 0.129129 1.254065 0.647811 0.952128 1.054873 0.664966 0.220602
0.981131 0.675674 1.884070 0.149080 0.123118 0.010621 0.556953 0.048046 1.191282 0.603080 0.239154 -0.451792 0.611102 0.086053
0.981131 0.648649 1.884070 0.065226 0.123118 0.004647 0.556953 0.021022 1.176164 0.584155 0.937011 1.035948 0.600486 0.037726
0.962264 0.594595 1.820248 -0.102493 0.118947 -0.007302 0.538086 -0.033032 1.131148 0.553486 0.194137 -0.482461 0.564428 -0.061311
0.943395 0.567566 1.756417 -0.186360 0.114776 -0.013277 0.519217 -0.060061 1.100966 0.541611 0.906828 1.024072 0.538652 -0.115164
0.905659 0.540541 1.628763 -0.270213 0.106434 -0.019251 0.481481 -0.087086 1.054705 0.538099 0.147877 -0.485973 0.495343 -0.178936
0.886793 0.513512 1.564941 -0.354079 0.102264 -0.025226 0.462615 -0.114115 1.024742 0.524885 0.876865 1.010858 0.471161 -0.241846
0.867923 0.540541 1.501110 -0.270213 0.098093 -0.019251 0.443745 -0.087086 1.022485 0.557015 0.145620 -0.453844 0.458749 -0.193789
0.849057 0.621620 1.437288 -0.018640 0.093922 -0.001328 0.424879 -0.006007 1.052287 0.631966 0.906667 1.085809 0.468514 -0.014138
0.849057 0.648649 1.437288 0.065226 0.093922 0.004647 0.424879 0.021022 1.068477 0.652378 0.161810 -0.433431 0.480530 0.049436
0.849057 0.702702 1.437288 0.232946 0.093922 0.016596 0.424879 0.075075 1.102129 0.691361 0.940319 1.124792 0.508033 0.174893
0.867923 0.783781 1.501110 0.484519 0.098093 0.034519 0.443745 0.156154 1.169446 0.734499 0.229126 -0.390293 0.571160 0.338366
0.867923 0.810810 1.501110 0.568385 0.098093 0.040494 0.443745 0.183183 1.187730 0.751390 0.958604 1.141682 0.588552 0.391501
0.886793 0.864864 1.564941 0.736105 0.102264 0.052443 0.462615 0.237236 1.238705 0.772880 0.280101 -0.368803 0.638918 0.473848
0.905659 0.918917 1.628763 0.903825 0.106434 0.064391 0.481481 0.291290 1.290204 0.792665 1.010103 1.161467 0.690356 0.544079
0.924528 0.972971 1.692595 1.071544 0.110605 0.076340 0.500350 0.345344 1.342172 0.810922 0.332069 -0.350545 0.742647 0.604121
0.943395 0.972971 1.756417 1.071544 0.114776 0.076340 0.519217 0.345344 1.355237 0.800830 1.023168 1.151375 0.755487 0.586934
0.943395 1.000000 1.756417 1.155410 0.114776 0.082315 0.519217 0.372373 1.374770 0.814517 0.351602 -0.336858 0.775343 0.622164
