0.102564 0.599997 -1.166707 -0.060836 -0.084201 -0.005140 -0.333021 -0.020327 0.608700 1.401492 0.608700 1.401492 0.371395 0.060964
0.128207 0.599997 -1.076869 -0.060836 -0.077717 -0.005140 -0.307379 -0.020327 0.613542 1.360283 0.004842 -0.041209 0.348587 0.066035
0.153846 0.599997 -0.987045 -0.060836 -0.071234 -0.005140 -0.281740 -0.020327 0.619407 1.319793 0.614565 1.361002 0.326203 0.072025
0.205128 0.633333 -0.807384 0.038931 -0.058268 0.003289 -0.230458 0.013008 0.665723 1.257572 0.051158 -0.103430 0.303669 -0.056386
0.205128 0.666663 -0.807384 0.138683 -0.058268 0.011716 -0.230458 0.046339 0.697508 1.272297 0.646350 1.375726 0.326355 -0.198428
0.205128 0.699999 -0.807384 0.238450 -0.058268 0.020145 -0.230458 0.079675 0.729435 1.285737 0.083086 -0.089990 0.350750 -0.332860
0.230771 0.733330 -0.717547 0.338202 -0.051785 0.028572 -0.204815 0.113005 0.768783 1.265919 0.685698 1.355908 0.361387 -0.504181
0.230771 0.766665 -0.717547 0.437968 -0.051785 0.037001 -0.204815 0.146341 0.800644 1.278417 0.114946 -0.077491 0.389311 -0.620394
0.230771 0.799996 -0.717547 0.537720 -0.051785 0.045428 -0.204815 0.179672 0.832616 1.289956 0.717669 1.367447 0.418024 -0.720097
0.230771 0.833332 -0.717547 0.637487 -0.051785 0.053856 -0.204815 0.213007 0.864695 1.300641 0.147025 -0.066806 0.447383 -0.805004
0.230771 0.866667 -0.717547 0.737254 -0.051785 0.062285 -0.204815 0.246343 0.896865 1.310561 0.749840 1.377366 0.477264 -0.877188
0.230771 0.899998 -0.717547 0.837006 -0.051785 0.070712 -0.204815 0.279674 0.929113 1.319792 0.179273 -0.057575 0.507571 -0.938697
0.205128 0.899998 -0.807384 0.837006 -0.058268 0.070712 -0.230458 0.279674 0.923078 1.346704 0.743805 1.404279 0.518449 -0.881578
0.179489 0.899998 -0.897208 0.837006 -0.064751 0.070712 -0.256097 0.279674 0.917721 1.373947 0.173916 -0.030332 0.530344 -0.829376
0.153846 0.899998 -0.987045 0.837006 -0.071234 0.070712 -0.281740 0.279674 0.913053 1.401492 0.739136 1.431825 0.543191 -0.781718
0.128207 0.866667 -1.076869 0.737254 -0.077717 0.062285 -0.307379 0.246343 0.876099 1.423931 0.136963 -0.007894 0.529446 -0.675613
0.102564 0.833332 -1.166707 0.637487 -0.084201 0.053856 -0.333021 0.213007 0.839620 1.448335 0.702657 1.456229 0.518754 -0.569044
0.076925 0.799996 -1.256530 0.537720 -0.090683 0.045428 -0.358661 0.179672 0.803686 1.474934 0.101029 0.018705 0.511305 -0.464409
0.076925 0.766665 -1.256530 0.437968 -0.090683 0.037001 -0.358661 0.146341 0.770515 1.470794 0.669486 1.452089 0.488110 -0.387402
0.076925 0.733330 -1.256530 0.338202 -0.090683 0.028572 -0.358661 0.113005 0.737353 1.466280 0.067868 0.014191 0.466143 -0.305230
0.051282 0.699999 -1.346368 0.238450 -0.097167 0.020145 -0.384303 0.079675 0.701875 1.497667 0.634007 1.483476 0.466480 -0.204426
0.051282 0.633333 -1.346368 0.038931 -0.097167 0.003289 -0.384303 0.013008 0.635405 1.490001 0.001398 0.006525 0.432196 -0.033836
0.051282 0.599997 -1.346368 -0.060836 -0.097167 -0.005140 -0.384303 -0.020327 0.602185 1.485533 0.600787 1.479008 0.417996 0.052845
0.025643 0.533331 -1.436191 -0.260354 -0.103649 -0.021995 -0.409942 -0.086994 0.533947 1.522753 -0.066840 0.043745 0.421434 0.209107
0.025643 0.500000 -1.436191 -0.360106 -0.103649 -0.030423 -0.409942 -0.120324 0.500657 1.519555 0.567497 1.475810 0.414972 0.285497
0.025643 0.466664 -1.436191 -0.459873 -0.103649 -0.038851 -0.409942 -0.153660 0.467368 1.515902 -0.100129 0.040092 0.411119 0.358624
0.025643 0.433334 -1.436191 -0.559625 -0.103649 -0.047278 -0.409942 -0.186991 0.434092 1.511689 0.534220 1.471598 0.409949 0.427947
0.025643 0.399998 -1.436191 -0.659392 -0.103649 -0.055707 -0.409942 -0.220326 0.400819 1.506776 -0.133401 0.035179 0.411484 0.493162
0.000000 0.333332 -1.526029 -0.858910 -0.110133 -0.072563 -0.435585 -0.286993 0.333332 1.570796 0.466733 1.535618 0.447426 0.582583
0.000000 0.300001 -1.526029 -0.958662 -0.110133 -0.080990 -0.435585 -0.320323 0.300001 1.570796 -0.166732 0.035179 0.456199 0.634082
0.000000 0.266665 -1.526029 -1.058429 -0.110133 -0.089418 -0.435585 -0.353659 0.266665 1.570796 0.433397 1.535618 0.467192 0.681965
0.000000 0.233335 -1.526029 -1.158181 -0.110133 -0.097846 -0.435585 -0.386990 0.233335 1.570796 -0.200062 0.035179 0.480250 0.726389
0.025643 0.166668 -1.436191 -1.357699 -0.103649 -0.114702 -0.409942 -0.453656 0.168629 1.418137 0.368692 1.382959 0.490275 0.835973
0.076925 0.100002 -1.256530 -1.557218 -0.090683 -0.131557 -0.358661 -0.520322 0.126166 0.915099 -0.242526 -0.467860 0.491176 0.967285
0.102564 0.066666 -1.166707 -1.656985 -0.084201 -0.139986 -0.333021 -0.553658 0.122326 0.576374 0.364852 1.044233 0.496996 1.029280
0.153846 0.033336 -0.987045 -1.756737 -0.071234 -0.148413 -0.281740 -0.586989 0.157416 0.213384 -0.207436 -0.830850 0.491103 1.123297
0.205128 0.033336 -0.807384 -1.756737 -0.058268 -0.148413 -0.230458 -0.586989 0.207819 0.161103 0.415255 0.991953 0.463590 1.196677
0.307692 0.000000 -0.448062 -1.856503 -0.032336 -0.156842 -0.127894 -0.620324 0.307692 0.000000 -0.107564 -0.991953 0.453973 1.367473
0.358974 0.000000 -0.268401 -1.856503 -0.019370 -0.156842 -0.076612 -0.620324 0.358974 0.000000 0.466537 0.991953 0.442271 1.447916
0.384617 0.000000 -0.178564 -1.856503 -0.012887 -0.156842 -0.050969 -0.620324 0.384617 0.000000 -0.081921 -0.991953 0.438557 1.488816
0.435899 0.033336 0.001097 -1.756737 0.000079 -0.148413 0.000313 -0.586989 0.437171 0.076327 0.519092 1.068280 0.402250 -1.570263
0.512820 0.100002 0.270582 -1.557218 0.019528 -0.131557 0.077234 -0.520322 0.522479 0.192587 0.003387 -0.875693 0.344356 -1.423437
0.538462 0.166668 0.360419 -1.357699 0.026011 -0.114702 0.102877 -0.453656 0.563667 0.300174 0.560280 1.175866 0.287924 -1.347795
0.538462 0.233335 0.360419 -1.158181 0.026011 -0.097846 0.102877 -0.386990 0.586845 0.408909 0.026565 -0.766957 0.226912 -1.310967
0.564101 0.366667 0.450243 -0.759143 0.032494 -0.064134 0.128516 -0.253657 0.672797 0.576377 0.646232 1.343334 0.145829 -1.101840
0.564101 0.433334 0.450243 -0.559625 0.032494 -0.047278 0.128516 -0.186991 0.711329 0.655038 0.065097 -0.688296 0.128536 -0.968654
0.564101 0.500000 0.450243 -0.360106 0.032494 -0.030423 0.128516 -0.120324 0.753797 0.725231 0.688700 1.413527 0.143755 -0.752490
0.564101 0.566666 0.450243 -0.160587 0.032494 -0.013567 0.128516 -0.053658 0.799576 0.787666 0.110875 -0.625861 0.183572 -0.395518
0.538462 0.699999 0.360419 0.238450 0.026011 0.020145 0.102877 0.079675 0.883142 0.915099 0.772267 1.540960 0.283722 0.658976
0.538462 0.733330 0.360419 0.338202 0.026011 0.028572 0.102877 0.113005 0.909788 0.937438 0.137521 -0.603522 0.315016 0.832279
0.538462 0.766665 0.360419 0.437968 0.026011 0.037001 0.102877 0.146341 0.936866 0.958499 0.799345 1.562021 0.346695 0.958063
0.512820 0.799996 0.270582 0.537720 0.019528 0.045428 0.077234 0.179672 0.950251 1.000754 0.150906 -0.561267 0.372505 1.164814
0.512820 0.833332 0.270582 0.637487 0.019528 0.053856 0.077234 0.213007 0.978481 1.019141 0.827575 1.580408 0.405176 1.222951
0.512820 0.866667 0.270582 0.737254 0.019528 0.062285 0.077234 0.246343 1.007023 1.036491 0.179449 -0.543917 0.437946 1.266980
0.487180 0.866667 0.180758 0.737254 0.013045 0.062285 0.051595 0.246343 0.994212 1.058687 0.814763 1.602604 0.434159 1.364337
0.512820 0.866667 0.270582 0.737254 0.019528 0.062285 0.077234 0.246343 1.007023 1.036491 0.192260 -0.566112 0.437946 1.266980
0.538462 0.866667 0.360419 0.737254 0.026011 0.062285 0.102877 0.246343 1.020321 1.014860 0.828060 1.580973 0.443188 1.175196
0.589744 0.866667 0.540080 0.737254 0.038977 0.062285 0.154159 0.246343 1.048289 0.973296 0.220229 -0.607677 0.457817 1.011629
0.615383 0.866667 0.629904 0.737254 0.045460 0.062285 0.179798 0.246343 1.062925 0.953352 0.842696 1.561029 0.467075 0.940304
0.666665 0.866667 0.809565 0.737254 0.058426 0.062285 0.231080 0.246343 1.093414 0.915102 0.250719 -0.645927 0.489111 0.817357
0.717951 0.866667 0.989240 0.737254 0.071393 0.062285 0.282366 0.246343 1.125418 0.878974 0.874700 1.524901 0.515327 0.717370
0.820515 0.866667 1.348562 0.737254 0.097325 0.062285 0.384930 0.246343 1.193464 0.812746 0.318765 -0.712155 0.577930 0.569291
0.871797 0.866667 1.528223 0.737254 0.110291 0.062285 0.436212 0.246343 1.229285 0.782447 0.910520 1.494603 0.613280 0.514084
0.923079 0.866667 1.707884 0.737254 0.123257 0.062285 0.487494 0.246343 1.266170 0.753889 0.355650 -0.740714 0.650755 0.467899
0.948718 0.866667 1.797708 0.737254 0.129739 0.062285 0.513133 0.246343 1.284982 0.740231 0.929332 1.480945 0.670177 0.447582
0.974361 0.833332 1.887545 0.637487 0.136223 0.053856 0.538776 0.213007 1.282116 0.707540 0.352784 -0.773405 0.669687 0.376495
1.000000 0.733330 1.977369 0.338202 0.142706 0.028572 0.564415 0.113005 1.240069 0.632746 0.887286 1.406152 0.638134 0.197604
1.000000 0.666663 1.977369 0.138683 0.142706 0.011716 0.564415 0.046339 1.201849 0.588000 0.314563 -0.818152 0.609886 0.081917
0.974361 0.633333 1.887545 0.038931 0.136223 0.003289 0.538776 0.013008 1.162106 0.576374 0.847543 1.394525 0.573919 0.024140
0.923079 0.566666 1.707884 -0.160587 0.123257 -0.013567 0.487494 -0.053658 1.083137 0.550568 0.235594 -0.843957 0.504809 -0.109628
0.846154 0.533331 1.438385 -0.260354 0.103807 -0.021995 0.410569 -0.086994 1.000209 0.562401 0.764615 1.406358 0.422044 -0.208798
0.846154 0.566666 1.438385 -0.160587 0.103807 -0.013567 0.410569 -0.053658 1.018375 0.590097 0.253760 -0.816261 0.430986 -0.129955
0.820515 0.599997 1.348562 -0.060836 0.097325 -0.005140 0.384930 -0.020327 1.016485 0.631389 0.762725 1.447650 0.418571 -0.052759
0.794872 0.666663 1.258724 0.138683 0.090841 0.011716 0.359287 0.046339 1.037430 0.697900 0.274706 -0.749750 0.427181 0.128267
0.794872 0.766665 1.258724 0.437968 0.090841 0.037001 0.359287 0.146341 1.104354 0.767337 0.829648 1.517087 0.488570 0.386792
0.820515 0.799996 1.348562 0.537720 0.097325 0.045428 0.384930 0.179672 1.145966 0.772737 0.316318 -0.744350 0.530062 0.436708
0.846154 0.866667 1.438385 0.737254 0.103807 0.062285 0.410569 0.246343 1.211235 0.797374 0.894917 1.541724 0.595314 0.540423
0.871797 0.899998 1.528223 0.837006 0.110291 0.070712 0.436212 0.279674 1.253007 0.801313 0.358090 -0.740411 0.637150 0.570123
0.923079 0.933334 1.707884 0.936773 0.123257 0.079141 0.487494 0.313009 1.312702 0.790922 0.954612 1.531333 0.696709 0.570787
0.948718 0.966664 1.797708 1.036524 0.129739 0.087568 0.513133 0.346340 1.354439 0.794767 0.399828 -0.736565 0.738478 0.593717
0.948718 1.000000 1.797708 1.136291 0.129739 0.095996 0.513133 0.379676 1.378429 0.811708 0.978601 1.548273 0.762803 0.637017
0.974361 1.000000 1.887545 1.136291 0.136223 0.095996 0.538776 0.379676 1.396202 0.798383 0.417601 -0.749890 0.780284 0.613874
