0.083334 0.634149 -1.347116 -0.122848 -0.106936 -0.011408 -0.379901 -0.040529 0.639601 1.440134 0.639601 1.440134 0.416577 0.106282
0.116668 0.634149 -1.228918 -0.122848 -0.097553 -0.011408 -0.346568 -0.040529 0.644792 1.388856 0.005191 -0.051278 0.386420 0.116416
0.133333 0.634149 -1.169823 -0.122848 -0.092862 -0.011408 -0.329903 -0.040529 0.648014 1.363560 0.642824 1.414838 0.371547 0.122240
0.150001 0.634149 -1.110719 -0.122848 -0.088170 -0.011408 -0.313235 -0.040529 0.651648 1.338526 0.008824 -0.076311 0.356830 0.128675
0.166666 0.658537 -1.051625 -0.048925 -0.083479 -0.004543 -0.296569 -0.016141 0.679300 1.322916 0.670476 1.399227 0.355100 0.054372
0.183334 0.707318 -0.992521 0.098933 -0.078788 0.009187 -0.279902 0.032639 0.730691 1.317181 0.060215 -0.082046 0.371377 -0.116086
0.199999 0.731710 -0.933426 0.172867 -0.074097 0.016053 -0.263236 0.057032 0.758550 1.303982 0.698335 1.386028 0.375994 -0.213358
0.199999 0.756098 -0.933426 0.246791 -0.074097 0.022918 -0.263236 0.081420 0.782102 1.312204 0.083767 -0.073824 0.393779 -0.299970
0.199999 0.780490 -0.933426 0.320725 -0.074097 0.029784 -0.263236 0.105812 0.805707 1.319945 0.721941 1.393769 0.412242 -0.382200
0.183334 0.804878 -0.992521 0.394648 -0.078788 0.036649 -0.279902 0.130200 0.825494 1.346839 0.103554 -0.046931 0.441661 -0.435393
0.166666 0.829270 -1.051625 0.468583 -0.083479 0.043515 -0.296569 0.154592 0.845853 1.372459 0.742299 1.419390 0.471100 -0.480517
0.133333 0.853659 -1.169823 0.542506 -0.092862 0.050380 -0.329903 0.178981 0.864009 1.415858 0.121710 -0.003532 0.511142 -0.497087
0.116668 0.853659 -1.228918 0.542506 -0.097553 0.050380 -0.346568 0.178981 0.861594 1.434970 0.739885 1.438502 0.522053 -0.476711
0.083334 0.853659 -1.347116 0.542506 -0.106936 0.050380 -0.379901 0.178981 0.857717 1.473484 0.117832 0.034983 0.544752 -0.440281
0.050001 0.829270 -1.465315 0.468583 -0.116319 0.043515 -0.413235 0.154592 0.830776 1.510574 0.712945 1.475591 0.552036 -0.357984
0.033333 0.804878 -1.524419 0.394648 -0.121010 0.036649 -0.429902 0.130200 0.805568 1.529406 0.092624 0.053815 0.549123 -0.294079
0.016668 0.731710 -1.583513 0.172867 -0.125701 0.016053 -0.446568 0.057032 0.731899 1.548021 0.639276 1.494206 0.521058 -0.127023
0.000000 0.658537 -1.642617 -0.048925 -0.130393 -0.004543 -0.463236 -0.016141 0.658537 1.570796 0.019262 0.076590 0.502723 0.034830
0.000000 0.560976 -1.642617 -0.344640 -0.130393 -0.032005 -0.463236 -0.113702 0.560976 1.570796 0.541715 1.494206 0.473435 0.240693
0.000000 0.487804 -1.642617 -0.566432 -0.130393 -0.052602 -0.463236 -0.186874 0.487804 1.570796 -0.053911 0.076590 0.463887 0.383443
0.033333 0.317074 -1.524419 -1.083928 -0.121010 -0.100659 -0.429902 -0.357604 0.318822 1.466054 0.372733 1.389464 0.454070 0.693848
0.050001 0.219514 -1.465315 -1.379643 -0.116319 -0.128121 -0.413235 -0.455165 0.225136 1.346836 -0.147596 -0.042627 0.479753 0.833645
0.100000 0.146341 -1.288022 -1.601435 -0.102245 -0.148718 -0.363236 -0.528337 0.177245 0.971344 0.324841 1.013972 0.482040 0.968504
0.133333 0.097561 -1.169823 -1.749292 -0.092862 -0.162449 -0.329903 -0.577117 0.165214 0.631691 -0.159627 -0.382281 0.492498 1.051492
0.183334 0.048780 -0.992521 -1.897150 -0.078788 -0.176180 -0.279902 -0.625898 0.189713 0.260049 0.349339 0.642329 0.500118 1.150273
0.233333 0.024392 -0.815227 -1.971073 -0.064714 -0.183045 -0.229903 -0.650286 0.234604 0.104159 -0.114735 -0.538170 0.495418 1.230970
0.299999 0.000000 -0.578830 -2.045008 -0.045948 -0.189911 -0.163236 -0.674678 0.299999 0.000000 0.414734 0.538170 0.491155 1.333411
0.350000 0.000000 -0.401528 -2.045008 -0.031874 -0.189911 -0.113235 -0.674678 0.350000 0.000000 -0.064734 -0.538170 0.476875 1.404510
0.400002 0.024392 -0.224226 -1.971073 -0.017799 -0.183045 -0.063234 -0.650286 0.400745 0.060904 0.465479 0.599075 0.443376 1.473861
0.450000 0.097561 -0.046933 -1.749292 -0.003726 -0.162449 -0.013236 -0.577117 0.460454 0.213498 -0.005024 -0.385577 0.365914 1.547867
0.516667 0.268294 0.189464 -1.231785 0.015040 -0.114390 0.053431 -0.406384 0.582174 0.478951 0.587198 0.864528 0.202131 -1.440067
0.533335 0.390243 0.248568 -0.862147 0.019732 -0.080064 0.070099 -0.284435 0.660860 0.631689 0.073662 -0.232840 0.101202 -1.329162
0.533335 0.487804 0.248568 -0.566432 0.019732 -0.052602 0.070099 -0.186874 0.722771 0.740840 0.649110 0.973679 0.074280 -1.211927
0.533335 0.560976 0.248568 -0.344640 0.019732 -0.032005 0.070099 -0.113702 0.774041 0.810652 0.124932 -0.163027 0.120279 -1.018322
0.533335 0.634149 0.248568 -0.122848 0.019732 -0.011408 0.070099 -0.040529 0.828608 0.871536 0.703676 1.034563 0.184730 -0.524216
0.516667 0.707318 0.189464 0.098933 0.015040 0.009187 0.053431 0.032639 0.875924 0.939919 0.172248 -0.094644 0.249862 0.548375
0.466668 0.804878 0.012171 0.394648 0.000966 0.036649 0.003432 0.130200 0.930381 1.045363 0.758132 1.140007 0.341660 1.544440
0.450000 0.829270 -0.046933 0.468583 -0.003726 0.043515 -0.013236 0.154592 0.943499 1.073617 0.185366 -0.066390 0.366274 -1.485389
0.433335 0.853659 -0.106027 0.542506 -0.008417 0.050380 -0.029901 0.178981 0.957347 1.101071 0.771980 1.167461 0.391566 -1.405263
0.416667 0.853659 -0.165131 0.542506 -0.013108 0.050380 -0.046569 0.178981 0.949918 1.116718 0.177938 -0.050743 0.393191 -1.316251
0.400002 0.878051 -0.224226 0.616440 -0.017799 0.057246 -0.063234 0.203373 0.964870 1.143331 0.786932 1.194075 0.419607 -1.269345
0.433335 0.878051 -0.106027 0.616440 -0.008417 0.057246 -0.029901 0.203373 0.979159 1.112347 0.192227 -0.081728 0.415891 -1.424817
0.466668 0.902439 0.012171 0.690363 0.000966 0.064111 0.003432 0.227761 1.015960 1.093548 0.823734 1.175276 0.439217 1.555727
0.500001 0.902439 0.130370 0.690363 0.010349 0.064111 0.036766 0.227761 1.031697 1.064845 0.207963 -0.110431 0.440740 1.410755
0.533335 0.926831 0.248568 0.764298 0.019732 0.070977 0.070099 0.252153 1.069328 1.048632 0.861365 1.159063 0.468865 1.299642
0.583333 0.926831 0.425861 0.764298 0.033805 0.070977 0.120097 0.252153 1.095123 1.009050 0.233758 -0.150013 0.478899 1.126298
0.633334 0.951220 0.603164 0.838221 0.047880 0.077842 0.170099 0.276541 1.142773 0.983385 0.909016 1.133398 0.516780 1.019353
0.733334 0.951220 0.957759 0.838221 0.076028 0.077842 0.270098 0.276541 1.201082 0.914027 0.292066 -0.219370 0.557747 0.797184
0.766667 0.951220 1.075958 0.838221 0.085411 0.077842 0.303432 0.276541 1.221719 0.892418 0.929653 1.111788 0.574630 0.739067
0.816666 0.951220 1.253251 0.838221 0.099485 0.077842 0.353430 0.276541 1.253699 0.861362 0.324046 -0.250426 0.602529 0.663948
0.849999 0.951220 1.371449 0.838221 0.108867 0.077842 0.386763 0.276541 1.275663 0.841535 0.951617 1.091961 0.622667 0.620732
0.933334 0.926831 1.666950 0.764298 0.132325 0.070977 0.470098 0.252153 1.315343 0.781903 0.363726 -0.310058 0.660237 0.492330
0.966667 0.902439 1.785149 0.690363 0.141707 0.064111 0.503431 0.227761 1.322438 0.751049 0.958712 1.061107 0.668089 0.424863
0.983335 0.853659 1.844252 0.542506 0.146399 0.050380 0.520099 0.178981 1.302183 0.714924 0.343471 -0.346184 0.650333 0.331434
1.000000 0.829270 1.903347 0.468583 0.151090 0.043515 0.536764 0.154592 1.299111 0.692336 0.955640 1.038519 0.649690 0.280419
1.000000 0.756098 1.903347 0.246791 0.151090 0.022918 0.536764 0.081420 1.253668 0.647392 0.298029 -0.391127 0.611461 0.150539
1.000000 0.707318 1.903347 0.098933 0.151090 0.009187 0.536764 0.032639 1.224867 0.615620 0.926838 1.006747 0.589654 0.060733
0.966667 0.658537 1.785149 -0.048925 0.141707 -0.004543 0.503431 -0.016141 1.169665 0.598028 0.242827 -0.408719 0.539987 -0.032051
0.950001 0.658537 1.726054 -0.048925 0.137016 -0.004543 0.486766 -0.016141 1.155930 0.606145 0.913103 1.014864 0.524484 -0.033147
0.900000 0.682929 1.548752 0.025010 0.122942 0.002323 0.436765 0.008251 1.129776 0.649116 0.216673 -0.365749 0.488906 0.018889
0.883335 0.707318 1.489657 0.098933 0.118251 0.009187 0.420099 0.032639 1.131627 0.675189 0.914954 1.040938 0.485859 0.077539
0.849999 0.756098 1.371449 0.246791 0.108867 0.022918 0.386763 0.081420 1.137622 0.726999 0.222667 -0.313939 0.485133 0.207486
0.833334 0.829270 1.312355 0.468583 0.104176 0.043515 0.370098 0.154592 1.175642 0.782954 0.952975 1.096893 0.520533 0.395677
0.816666 0.853659 1.253251 0.542506 0.099485 0.050380 0.353430 0.178981 1.181388 0.807542 0.228413 -0.289351 0.526634 0.468763
0.816666 0.878051 1.253251 0.616440 0.099485 0.057246 0.353430 0.203373 1.199132 0.821604 0.970719 1.110955 0.544963 0.522154
0.816666 0.926831 1.253251 0.764298 0.099485 0.070977 0.353430 0.252153 1.235297 0.848501 0.264579 -0.262454 0.582953 0.619693
0.833334 0.975612 1.312355 0.912155 0.104176 0.084708 0.370098 0.300934 1.283068 0.863889 1.018489 1.126343 0.632062 0.682689
0.849999 1.000000 1.371449 0.986079 0.108867 0.091573 0.386763 0.325322 1.312440 0.866303 0.293951 -0.260040 0.661590 0.699327
