0.052630 0.531248 -1.377348 -0.327314 -0.119715 -0.031725 -0.416667 -0.110419 0.533848 1.472050 0.533848 1.472050 0.421248 0.259050
0.070175 0.531248 -1.319351 -0.327314 -0.114674 -0.031725 -0.399122 -0.110419 0.535863 1.439461 0.002014 -0.032588 0.403901 0.269904
0.087718 0.531248 -1.261361 -0.327314 -0.109634 -0.031725 -0.381580 -0.110419 0.538441 1.407156 0.536427 1.439744 0.386576 0.281679
0.122806 0.531248 -1.145375 -0.327314 -0.099553 -0.031725 -0.346492 -0.110419 0.545257 1.343622 0.008830 -0.096122 0.351987 0.308502
0.140351 0.562500 -1.087377 -0.234673 -0.094512 -0.022746 -0.328947 -0.079167 0.579745 1.326277 0.570915 1.422399 0.341896 0.236175
0.157893 0.625000 -1.029388 -0.049405 -0.089471 -0.004789 -0.311404 -0.016667 0.644636 1.323345 0.073721 -0.099054 0.348161 0.053470
0.175438 0.687500 -0.971390 0.135863 -0.084430 0.013169 -0.293859 0.045833 0.709531 1.320945 0.635810 1.419999 0.366013 -0.154724
0.192981 0.781252 -0.913401 0.413773 -0.079390 0.040105 -0.276317 0.139586 0.804734 1.328629 0.168924 -0.091370 0.416733 -0.467772
0.192981 0.812500 -0.913401 0.506400 -0.079390 0.049083 -0.276317 0.170833 0.835104 1.337602 0.666180 1.428972 0.440612 -0.553732
0.175438 0.875000 -0.971390 0.691668 -0.084430 0.067040 -0.293859 0.233333 0.892414 1.372919 0.226235 -0.056053 0.500947 -0.671091
0.157893 0.906252 -1.029388 0.784309 -0.089471 0.076020 -0.311404 0.264586 0.919904 1.398301 0.693670 1.454355 0.536565 -0.704293
0.122806 0.906252 -1.145375 0.784309 -0.099553 0.076020 -0.346492 0.264586 0.914535 1.436108 0.220866 -0.018247 0.557661 -0.652157
0.105263 0.906252 -1.203364 0.784309 -0.104593 0.076020 -0.364035 0.264586 0.912345 1.455162 0.691480 1.473410 0.568727 -0.628497
0.070175 0.843752 -1.319351 0.599041 -0.114674 0.058062 -0.399122 0.202086 0.846666 1.487817 0.155186 0.014407 0.547280 -0.468695
0.035088 0.781252 -1.435337 0.413773 -0.124755 0.040105 -0.434210 0.139586 0.782040 1.525914 0.626854 1.511507 0.534653 -0.311036
0.017543 0.656252 -1.493335 0.043236 -0.129796 0.004191 -0.451755 0.014586 0.656487 1.544071 0.029633 0.032564 0.488912 -0.032276
0.000000 0.562500 -1.551324 -0.234673 -0.134837 -0.022746 -0.469298 -0.079167 0.562500 1.570796 0.532867 1.538232 0.478463 0.167118
0.000000 0.437500 -1.551324 -0.605209 -0.134837 -0.058660 -0.469298 -0.204167 0.437500 1.570796 -0.095367 0.032564 0.470374 0.410350
0.017543 0.250000 -1.493335 -1.161013 -0.129796 -0.112532 -0.451755 -0.391667 0.250615 1.500741 0.345982 1.468177 0.502169 0.714275
0.052630 0.156248 -1.377348 -1.438922 -0.119715 -0.139468 -0.416667 -0.485419 0.164873 1.245895 -0.181108 -0.222282 0.521164 0.861465
0.105263 0.093748 -1.203364 -1.624190 -0.104593 -0.157426 -0.364035 -0.547919 0.140957 0.727599 0.322065 0.949882 0.523029 0.984368
0.157893 0.062500 -1.029388 -1.716817 -0.089471 -0.166404 -0.311404 -0.579167 0.169813 0.376913 -0.152252 -0.572969 0.512305 1.077464
0.228069 0.031248 -0.797414 -1.809458 -0.069309 -0.175383 -0.241229 -0.610419 0.230199 0.136162 0.382452 0.709131 0.500079 1.194447
0.280701 0.000000 -0.623429 -1.902085 -0.054187 -0.184361 -0.188596 -0.641667 0.280701 0.000000 -0.101750 -0.709131 0.505775 1.284930
0.350877 0.031248 -0.391455 -1.809458 -0.034024 -0.175383 -0.118421 -0.610419 0.352265 0.088822 0.454016 0.797953 0.453774 1.379177
0.403507 0.062500 -0.217480 -1.716817 -0.018903 -0.166404 -0.065791 -0.579167 0.408319 0.153671 -0.045697 -0.644282 0.412083 1.457686
0.456140 0.156248 -0.043495 -1.438922 -0.003780 -0.139468 -0.013158 -0.485419 0.482158 0.330017 0.527855 0.974299 0.313326 1.543697
0.543860 0.437500 0.246477 -0.605209 0.021423 -0.058660 0.074563 -0.204167 0.697990 0.677439 0.170135 -0.296859 0.081060 -1.220640
0.561403 0.562500 0.304466 -0.234673 0.026463 -0.022746 0.092105 -0.079167 0.794720 0.786374 0.624585 1.083234 0.131035 -0.709997
0.561403 0.656252 0.304466 0.043236 0.026463 0.004191 0.092105 0.014586 0.863620 0.863136 0.239036 -0.220097 0.208412 0.157056
0.561403 0.750000 0.304466 0.321132 0.026463 0.031126 0.092105 0.108333 0.936842 0.928232 0.697807 1.148330 0.295427 0.866185
0.561403 0.812500 0.304466 0.506400 0.026463 0.049083 0.092105 0.170833 0.987588 0.966165 0.289781 -0.182164 0.355347 1.076320
0.543860 0.875000 0.246477 0.691668 0.021423 0.067040 0.074563 0.233333 1.030247 1.014678 0.740466 1.196843 0.412497 1.261498
0.526315 0.937500 0.188479 0.876936 0.016382 0.084998 0.057018 0.295833 1.075134 1.059241 0.334668 -0.137602 0.471661 1.380396
0.491227 1.000000 0.072492 1.062204 0.006301 0.102955 0.021930 0.358333 1.114138 1.114191 0.779470 1.251794 0.531155 1.509673
0.473682 1.000000 0.014494 1.062204 0.001260 0.102955 0.004385 0.358333 1.106515 1.128424 0.327045 -0.123370 0.530721 1.558561
0.456140 1.000000 -0.043495 1.062204 -0.003780 0.102955 -0.013158 0.358333 1.099119 1.142848 0.772075 1.266218 0.530866 -1.534093
0.473682 1.000000 0.014494 1.062204 0.001260 0.102955 0.004385 0.358333 1.106515 1.128424 0.334440 -0.137794 0.530721 1.558561
0.508773 1.000000 0.130490 1.062204 0.011342 0.102955 0.039475 0.358333 1.121985 1.100155 0.787545 1.237950 0.532169 1.461076
0.543860 1.000000 0.246477 1.062204 0.021423 0.102955 0.074563 0.358333 1.138325 1.072679 0.350780 -0.165271 0.535915 1.365642
0.596490 1.000000 0.420453 1.062204 0.036545 0.102955 0.127193 0.358333 1.164389 1.032961 0.813608 1.198232 0.545732 1.229712
0.649123 1.000000 0.594437 1.062204 0.051667 0.102955 0.179826 0.358333 1.192208 0.995038 0.378600 -0.203194 0.560341 1.105679
0.701753 1.000000 0.768413 1.062204 0.066788 0.102955 0.232456 0.358333 1.221662 0.958895 0.843062 1.162089 0.579380 0.995326
0.807016 1.000000 1.116374 1.062204 0.097032 0.102955 0.337719 0.358333 1.285020 0.891792 0.441958 -0.270297 0.629046 0.815006
0.859649 0.968752 1.290359 0.969577 0.112154 0.093977 0.390352 0.327086 1.295175 0.844999 0.853217 1.115296 0.633900 0.697442
0.912279 0.937500 1.464335 0.876936 0.127276 0.084998 0.442982 0.295833 1.308113 0.799032 0.454896 -0.316264 0.644551 0.588803
0.947367 0.843752 1.580321 0.599041 0.137357 0.058062 0.478070 0.202086 1.268630 0.727613 0.813734 1.043878 0.607262 0.399931
0.982455 0.750000 1.696308 0.321132 0.147438 0.031126 0.513157 0.108333 1.236009 0.652018 0.422275 -0.391859 0.584914 0.208057
1.000000 0.593748 1.754306 -0.142046 0.152479 -0.013768 0.530702 -0.047919 1.162986 0.535809 0.740711 0.927669 0.545099 -0.090049
1.000000 0.500000 1.754306 -0.419941 0.152479 -0.040703 0.530702 -0.141667 1.118034 0.463648 0.377323 -0.464021 0.531590 -0.260859
1.000000 0.437500 1.754306 -0.605209 0.152479 -0.058660 0.530702 -0.204167 1.091516 0.412410 0.714193 0.876432 0.531654 -0.367256
0.947367 0.375000 1.580321 -0.790477 0.137357 -0.076617 0.478070 -0.266667 1.018886 0.376910 0.304694 -0.499522 0.487281 -0.508811
0.912279 0.375000 1.464335 -0.790477 0.127276 -0.076617 0.442982 -0.266667 0.986346 0.390003 0.681652 0.889525 0.452907 -0.541875
0.894737 0.375000 1.406345 -0.790477 0.122235 -0.076617 0.425439 -0.266667 0.970144 0.396878 0.288491 -0.492647 0.435765 -0.559895
0.859649 0.468748 1.290359 -0.512582 0.112154 -0.049682 0.390352 -0.172919 0.979143 0.499210 0.690652 0.991858 0.390352 -0.417003
0.842104 0.531248 1.232361 -0.327314 0.107113 -0.031725 0.372807 -0.110419 0.995672 0.562800 0.305021 -0.429057 0.377919 -0.287951
0.842104 0.625000 1.232361 -0.049405 0.107113 -0.004789 0.372807 -0.016667 1.048697 0.638483 0.743676 1.067540 0.404015 -0.044676
0.859649 0.687500 1.290359 0.135863 0.112154 0.013169 0.390352 0.045833 1.100751 0.674585 0.357075 -0.392955 0.447199 0.116881
0.894737 0.812500 1.406345 0.506400 0.122235 0.049083 0.425439 0.170833 1.208599 0.737266 0.851523 1.130221 0.546614 0.381838
0.912279 0.875000 1.464335 0.691668 0.127276 0.067040 0.442982 0.233333 1.264072 0.764543 0.412549 -0.365678 0.600689 0.484805
