0.218182 0.705879 -0.629723 0.178976 -0.050244 0.013665 -0.199343 0.054215 0.738829 1.271019 0.738829 1.271019 0.350551 -0.265546
0.199998 0.735293 -0.687164 0.276077 -0.054827 0.021078 -0.217526 0.083629 0.762007 1.305223 0.023178 0.034204 0.385090 -0.367033
0.181818 0.764702 -0.744596 0.373164 -0.059409 0.028491 -0.235707 0.113038 0.786020 1.337368 0.762842 1.303164 0.419631 -0.447172
0.163635 0.764702 -0.802036 0.373164 -0.063992 0.028491 -0.253890 0.113038 0.782014 1.359991 0.019172 0.056827 0.430108 -0.418877
0.145454 0.764702 -0.859468 0.373164 -0.068574 0.028491 -0.272070 0.113038 0.778413 1.382831 0.759241 1.326005 0.441084 -0.393775
0.145454 0.735293 -0.859468 0.276077 -0.068574 0.021078 -0.272070 0.083629 0.749542 1.375500 -0.009699 0.049495 0.418329 -0.298213
0.163635 0.735293 -0.802036 0.276077 -0.063992 0.021078 -0.253890 0.083629 0.753281 1.351821 0.762980 1.302326 0.406739 -0.318198
0.181818 0.705879 -0.744596 0.178976 -0.059409 0.013665 -0.235707 0.054215 0.728919 1.318700 -0.034061 0.016373 0.372433 -0.226078
0.218182 0.705879 -0.629723 0.178976 -0.050244 0.013665 -0.199343 0.054215 0.738829 1.271019 0.772890 1.254646 0.350551 -0.265546
0.236362 0.735293 -0.572292 0.276077 -0.045661 0.021078 -0.181163 0.083629 0.772349 1.259776 -0.000541 0.005130 0.365782 -0.432478
0.254545 0.764702 -0.514851 0.373164 -0.041078 0.028491 -0.162979 0.113038 0.805955 1.249464 0.806496 1.244334 0.383529 -0.606400
0.254545 0.794116 -0.514851 0.470266 -0.041078 0.035904 -0.162979 0.142452 0.833915 1.260605 0.027419 0.016270 0.410346 -0.718292
0.272728 0.823526 -0.457411 0.567352 -0.036495 0.043317 -0.144796 0.171862 0.867511 1.250993 0.840092 1.234722 0.431049 -0.870663
0.272728 0.852940 -0.457411 0.664454 -0.036495 0.050731 -0.144796 0.201275 0.895481 1.261319 0.055389 0.026597 0.458860 -0.947173
0.272728 0.882349 -0.457411 0.761541 -0.036495 0.058143 -0.144796 0.230685 0.923537 1.271018 0.868148 1.244421 0.486855 -1.010272
0.272728 0.911763 -0.457411 0.858643 -0.036495 0.065557 -0.144796 0.260099 0.951679 1.280145 0.083531 0.035724 0.515012 -1.062826
0.254545 0.941177 -0.514851 0.955744 -0.041078 0.072970 -0.162979 0.289513 0.974991 1.306661 0.891460 1.270937 0.548429 -1.058069
0.236362 0.970586 -0.572292 1.052831 -0.045661 0.080383 -0.181163 0.318922 0.998952 1.331921 0.107492 0.060984 0.581977 -1.054203
0.218182 0.970586 -0.629723 1.052831 -0.050244 0.080383 -0.199343 0.318922 0.994807 1.349678 0.887315 1.288694 0.587890 -1.012159
0.181818 0.970586 -0.744596 1.052831 -0.059409 0.080383 -0.235707 0.318922 0.987469 1.385615 0.100154 0.096920 0.601194 -0.934325
0.163635 0.970586 -0.802036 1.052831 -0.063992 0.080383 -0.253890 0.318922 0.984283 1.403773 0.884129 1.306853 0.608553 -0.898446
0.127271 0.941177 -0.916909 0.955744 -0.073157 0.072970 -0.290253 0.289513 0.949743 1.436386 0.065614 0.129533 0.598714 -0.784120
0.109091 0.882349 -0.974340 0.761541 -0.077739 0.058143 -0.308434 0.230685 0.889067 1.447784 0.823454 1.318251 0.557847 -0.642171
0.090908 0.852940 -1.031781 0.664454 -0.082322 0.050731 -0.326617 0.201275 0.857770 1.464616 0.034317 0.146365 0.544302 -0.552277
0.036364 0.735293 -1.204085 0.276077 -0.096070 0.021078 -0.381161 0.083629 0.736192 1.521382 0.701875 1.375017 0.496246 -0.215983
0.036364 0.647056 -1.204085 -0.015213 -0.096070 -0.001161 -0.381161 -0.004608 0.648077 1.514657 -0.053798 0.139640 0.444936 0.012090
0.018180 0.588233 -1.261526 -0.209401 -0.100653 -0.015988 -0.399344 -0.063432 0.588514 1.539899 0.642311 1.400260 0.434301 0.157523
0.000000 0.529409 -1.318958 -0.403590 -0.105235 -0.030814 -0.417525 -0.122255 0.529409 1.570796 -0.112902 0.170537 0.432256 0.284846
0.000000 0.470586 -1.318958 -0.597778 -0.105235 -0.045640 -0.417525 -0.181078 0.470586 1.570796 0.583488 1.400260 0.420883 0.409212
0.000000 0.411763 -1.318958 -0.791967 -0.105235 -0.060466 -0.417525 -0.239901 0.411763 1.570796 -0.171725 0.170537 0.417564 0.521519
0.000000 0.352940 -1.318958 -0.986155 -0.105235 -0.075292 -0.417525 -0.298725 0.352940 1.570796 0.524665 1.400260 0.422490 0.621031
0.000000 0.235293 -1.318958 -1.374532 -0.105235 -0.104945 -0.417525 -0.416371 0.235293 1.570796 -0.289372 0.170537 0.455560 0.784015
0.018180 0.205884 -1.261526 -1.471619 -0.100653 -0.112357 -0.399344 -0.445781 0.206685 1.482720 0.496057 1.312184 0.451960 0.840289
0.036364 0.176470 -1.204085 -1.568721 -0.096070 -0.119771 -0.381161 -0.475194 0.180177 1.367580 -0.315879 0.055396 0.450989 0.894767
0.090908 0.088237 -1.031781 -1.859996 -0.082322 -0.142009 -0.326617 -0.563427 0.126689 0.770492 0.442568 0.715097 0.463798 1.045439
0.127271 0.058823 -0.916909 -1.957098 -0.073157 -0.149423 -0.290253 -0.592841 0.140207 0.432943 -0.302360 -0.282153 0.461426 1.115505
0.163635 0.029414 -0.802036 -2.054184 -0.063992 -0.156835 -0.253890 -0.622250 0.166257 0.177854 0.468618 0.460007 0.463778 1.183396
0.199998 0.000000 -0.687164 -2.151286 -0.054827 -0.164249 -0.217526 -0.651664 0.199998 0.000000 -0.268619 -0.460007 0.470791 1.248625
0.236362 0.000000 -0.572292 -2.151286 -0.045661 -0.164249 -0.181163 -0.651664 0.236362 0.000000 0.504981 0.460007 0.455134 1.299643
0.272728 0.000000 -0.457411 -2.151286 -0.036495 -0.164249 -0.144796 -0.651664 0.272728 0.000000 -0.232253 -0.460007 0.441919 1.352154
0.309092 0.000000 -0.342538 -2.151286 -0.027330 -0.164249 -0.108433 -0.651664 0.309092 0.000000 0.541345 0.460007 0.431375 1.405913
0.399999 0.029414 -0.055362 -2.054184 -0.004417 -0.156835 -0.017525 -0.622250 0.401079 0.073403 -0.140265 -0.386604 0.388506 1.542640
0.454546 0.029414 0.116951 -2.054184 0.009331 -0.156835 0.037022 -0.622250 0.455497 0.064620 0.595762 0.451225 0.389872 -1.511370
0.527273 0.088237 0.346696 -1.859996 0.027662 -0.142009 0.109749 -0.563427 0.534605 0.165810 -0.061157 -0.285415 0.347095 -1.378417
0.563637 0.147060 0.461568 -1.665808 0.036827 -0.127183 0.146112 -0.504604 0.582506 0.255223 0.643663 0.540638 0.307408 -1.288946
0.581817 0.176470 0.519000 -1.568721 0.041409 -0.119771 0.164293 -0.475194 0.607991 0.294489 -0.035672 -0.246150 0.291718 -1.237923
0.618181 0.235293 0.633873 -1.374532 0.050575 -0.104945 0.200656 -0.416371 0.661446 0.363690 0.697118 0.609840 0.271056 -1.121719
0.636364 0.323530 0.691313 -1.083242 0.055158 -0.082705 0.218840 -0.328134 0.713885 0.470348 0.016767 -0.139491 0.238172 -0.982617
0.636364 0.382353 0.691313 -0.889054 0.055158 -0.067879 0.218840 -0.269311 0.742397 0.541037 0.725630 0.680529 0.221648 -0.888425
0.636364 0.441177 0.691313 -0.694865 0.055158 -0.053052 0.218840 -0.210487 0.774336 0.606200 0.048706 -0.074329 0.220114 -0.765947
0.636364 0.529409 0.691313 -0.403590 0.055158 -0.030814 0.218840 -0.122255 0.827788 0.693909 0.779083 0.768238 0.245782 -0.509460
0.618181 0.588233 0.633873 -0.209401 0.050575 -0.015988 0.200656 -0.063432 0.853326 0.760579 0.074243 -0.007659 0.263447 -0.306180
0.581817 0.676470 0.519000 0.081889 0.041409 0.006252 0.164293 0.024806 0.892257 0.860480 0.818014 0.868139 0.306667 0.149852
0.563637 0.735293 0.461568 0.276077 0.036827 0.021078 0.146112 0.083629 0.926468 0.916789 0.108454 0.048650 0.349751 0.519848
0.545454 0.764702 0.404128 0.373164 0.032244 0.028491 0.127929 0.113038 0.939303 0.951207 0.830849 0.902557 0.369998 0.723680
0.490910 0.823526 0.231824 0.567352 0.018496 0.043317 0.073385 0.171862 0.958742 1.033244 0.127894 0.130687 0.412580 1.167231
0.454546 0.852940 0.116951 0.664454 0.009331 0.050731 0.037022 0.201275 0.966498 1.081163 0.838604 0.950476 0.436986 1.388894
0.436363 0.882349 0.059511 0.761541 0.004748 0.058143 0.018839 0.230685 0.984354 1.111521 0.145749 0.161045 0.465206 1.489314
0.418183 0.911763 0.002079 0.858643 0.000166 0.065557 0.000658 0.260099 1.003089 1.140770 0.857340 0.979726 0.494239 1.568266
0.399999 0.911763 -0.055362 0.858643 -0.004417 0.065557 -0.017525 0.260099 0.995646 1.157371 0.138306 0.177645 0.494549 -1.503519
0.399999 0.941177 -0.055362 0.955744 -0.004417 0.072970 -0.017525 0.289513 1.022650 1.168926 0.884344 0.991281 0.523945 -1.510337
0.418183 0.941177 0.002079 0.955744 0.000166 0.072970 0.000658 0.289513 1.029898 1.152677 0.145554 0.161396 0.523653 1.568523
0.454546 0.941177 0.116951 0.955744 0.009331 0.072970 0.037022 0.289513 1.045192 1.120877 0.899637 0.959481 0.524959 1.443611
0.509090 0.941177 0.289255 0.955744 0.023079 0.072970 0.091566 0.289513 1.070040 1.074960 0.170403 0.115479 0.531597 1.264476
0.545454 0.970586 0.404128 1.052831 0.032244 0.080383 0.127929 0.318922 1.113354 1.058799 0.942951 0.943320 0.567665 1.189316
0.654545 0.970586 0.748745 1.052831 0.059740 0.080383 0.237020 0.318922 1.170669 0.977472 0.227718 0.034152 0.601711 0.931667
0.690908 0.970586 0.863617 1.052831 0.068905 0.080383 0.273384 0.318922 1.191382 0.952164 0.963664 0.918012 0.616941 0.862130
0.781818 1.000000 1.150802 1.149933 0.091819 0.087797 0.364294 0.348336 1.269346 0.907240 0.305682 -0.010772 0.687014 0.763009
0.872729 0.970586 1.437988 1.052831 0.114732 0.080383 0.455204 0.318922 1.305256 0.838436 0.999574 0.849208 0.716302 0.611137
0.909092 0.970586 1.552860 1.052831 0.123898 0.080383 0.491568 0.318922 1.329845 0.818102 0.330271 -0.031106 0.739943 0.575521
0.945456 0.941177 1.667732 0.955744 0.133063 0.072970 0.527931 0.289513 1.334054 0.783130 1.003784 0.814236 0.743588 0.501607
0.963636 0.941177 1.725164 0.955744 0.137645 0.072970 0.546112 0.289513 1.347000 0.773608 0.343216 -0.040628 0.756604 0.487463
1.000000 0.852940 1.840037 0.664454 0.146810 0.050731 0.582475 0.201275 1.314346 0.706198 0.971130 0.746827 0.727230 0.332706
0.981820 0.794116 1.782605 0.470266 0.142228 0.035904 0.564295 0.142452 1.262771 0.680097 0.291641 -0.066730 0.678417 0.247276
0.945456 0.705879 1.667732 0.178976 0.133063 0.013665 0.527931 0.054215 1.179895 0.641323 0.888254 0.708053 0.601548 0.102335
0.927273 0.676470 1.610292 0.081889 0.128480 0.006252 0.509748 0.024806 1.147801 0.630269 0.259547 -0.077784 0.571748 0.048624
0.909092 0.676470 1.552860 0.081889 0.123898 0.006252 0.491568 0.024806 1.133164 0.639724 0.873617 0.717509 0.555600 0.050419
0.872729 0.676470 1.437988 0.081889 0.114732 0.006252 0.455204 0.024806 1.104204 0.659385 0.230587 -0.058123 0.523702 0.054439
0.854546 0.764702 1.380547 0.373164 0.110149 0.028491 0.437021 0.113038 1.146742 0.729970 0.916155 0.788094 0.558140 0.253109
0.854546 0.794116 1.380547 0.470266 0.110149 0.035904 0.437021 0.142452 1.166563 0.748761 0.250407 -0.039333 0.576896 0.315101
0.836365 0.852940 1.323115 0.664454 0.105567 0.050731 0.418841 0.201275 1.194576 0.795209 0.944169 0.834542 0.604164 0.447970
0.854546 0.911763 1.380547 0.858643 0.110149 0.065557 0.437021 0.260099 1.249624 0.817781 0.305455 -0.016762 0.659742 0.536855
0.890909 0.941177 1.495420 0.955744 0.119315 0.072970 0.473385 0.289513 1.295968 0.812829 0.990513 0.829590 0.705907 0.548891
