0.036364 0.814818 -1.128685 0.359010 -0.106441 0.034600 -0.366233 0.119049 0.815629 1.526198 0.815629 1.526198 0.551410 -0.314290
0.054544 0.814818 -1.072656 0.359010 -0.101157 0.034600 -0.348053 0.119049 0.816642 1.503956 0.001013 -0.022242 0.539506 -0.329570
0.090908 0.814818 -0.960588 0.359010 -0.090588 0.034600 -0.311689 0.119049 0.819874 1.459688 0.818861 1.481930 0.516795 -0.364849
0.109091 0.814818 -0.904549 0.359010 -0.085303 0.034600 -0.293506 0.119049 0.822088 1.437704 0.003227 -0.044226 0.506036 -0.385334
0.109091 0.851852 -0.904549 0.470692 -0.085303 0.045364 -0.293506 0.156084 0.858809 1.443427 0.855582 1.487652 0.536634 -0.488755
0.127271 0.925926 -0.848519 0.694072 -0.080020 0.066892 -0.275326 0.230157 0.934632 1.434199 0.079050 -0.053453 0.591336 -0.696278
0.127271 0.962966 -0.848519 0.805770 -0.080020 0.077657 -0.275326 0.267197 0.971340 1.439392 0.892290 1.492845 0.624354 -0.770417
0.109091 1.000000 -0.904549 0.917452 -0.085303 0.088421 -0.293506 0.304231 1.005933 1.462135 0.113643 -0.030710 0.665610 -0.803339
0.090908 1.000000 -0.960588 0.917452 -0.090588 0.088421 -0.311689 0.304231 1.004124 1.480138 0.890480 1.510848 0.673825 -0.773290
0.072727 1.000000 -1.016617 0.917452 -0.095872 0.088421 -0.329870 0.304231 1.002641 1.498197 0.112161 -0.012651 0.682426 -0.744988
0.036364 0.925926 -1.128685 0.694072 -0.106441 0.066892 -0.366233 0.230157 0.926640 1.531544 0.814479 1.544195 0.638749 -0.561073
0.018180 0.888892 -1.184724 0.582390 -0.111725 0.056129 -0.384416 0.193123 0.889078 1.550346 0.074599 0.006152 0.619886 -0.465550
0.000000 0.777778 -1.240753 0.247312 -0.117009 0.023835 -0.402597 0.082010 0.777778 1.570796 0.703180 1.564645 0.550314 -0.200952
0.000000 0.666670 -1.240753 -0.087750 -0.117009 -0.008457 -0.402597 -0.029098 0.666670 1.570796 -0.036509 0.006152 0.481476 0.072151
0.000000 0.629631 -1.240753 -0.199449 -0.117009 -0.019222 -0.402597 -0.066138 0.629631 1.570796 0.666140 1.564645 0.462200 0.162824
0.018180 0.518523 -1.184724 -0.534510 -0.111725 -0.051514 -0.384416 -0.177246 0.518841 1.535749 -0.147299 -0.028896 0.401516 0.432028
0.036364 0.370369 -1.128685 -0.981287 -0.106441 -0.094573 -0.366233 -0.325399 0.372150 1.472928 0.519449 1.501824 0.367648 0.726427
0.072727 0.259261 -1.016617 -1.316349 -0.095872 -0.126865 -0.329870 -0.436507 0.269269 1.297308 -0.250180 -0.204515 0.359665 0.923656
0.090908 0.222222 -0.960588 -1.428047 -0.090588 -0.137630 -0.311689 -0.473547 0.240097 1.182482 0.490277 1.386998 0.360118 0.988678
0.127271 0.111114 -0.848519 -1.763109 -0.080020 -0.169922 -0.275326 -0.584655 0.168950 0.717722 -0.321327 -0.669276 0.400957 1.130682
0.163635 0.037040 -0.736451 -1.986489 -0.069451 -0.191451 -0.238962 -0.658729 0.167774 0.222605 0.489101 0.891880 0.436732 1.222798
0.199998 0.000000 -0.624383 -2.098188 -0.058882 -0.202216 -0.202598 -0.695769 0.199998 0.000000 -0.289103 -0.891880 0.450700 1.287445
0.254545 0.000000 -0.456277 -2.098188 -0.043029 -0.202216 -0.148052 -0.695769 0.254545 0.000000 0.543648 0.891880 0.428956 1.361135
0.327272 0.000000 -0.232141 -2.098188 -0.021892 -0.202216 -0.075324 -0.695769 0.327272 0.000000 -0.216376 -0.891880 0.409583 1.462956
0.381816 0.074074 -0.064043 -1.874808 -0.006040 -0.180687 -0.020780 -0.621695 0.388935 0.191624 0.605311 1.083504 0.329179 1.537383
0.399999 0.111114 -0.008005 -1.763109 -0.000755 -0.169922 -0.002597 -0.584655 0.415146 0.270953 -0.190166 -0.812551 0.291495 1.566354
0.454546 0.185187 0.160102 -1.539729 0.015098 -0.148393 0.051949 -0.510581 0.490822 0.386879 0.680988 1.199430 0.223530 -1.469400
0.472727 0.296295 0.216132 -1.204667 0.020382 -0.116101 0.070130 -0.399473 0.557908 0.559878 -0.123080 -0.639552 0.127351 -1.397011
0.490910 0.444449 0.272170 -0.757890 0.025667 -0.073043 0.088313 -0.251320 0.662214 0.735767 0.785294 1.375319 0.097728 -1.232878
0.490910 0.481483 0.272170 -0.646209 0.025667 -0.062279 0.088313 -0.214286 0.687618 0.775704 -0.097676 -0.599616 0.118415 -1.179879
0.472727 0.592597 0.216132 -0.311130 0.020382 -0.029986 0.070130 -0.103172 0.758051 0.897447 0.855727 1.497062 0.202529 -0.973800
0.454546 0.703705 0.160102 0.023931 0.015098 0.002306 0.051949 0.007936 0.837742 0.997285 -0.017984 -0.499777 0.305556 0.151588
0.418180 0.777778 0.048025 0.247312 0.004529 0.023835 0.015583 0.082010 0.883071 1.077477 0.901055 1.577254 0.375505 1.383019
0.399999 0.814818 -0.008005 0.359010 -0.000755 0.034600 -0.002597 0.119049 0.907705 1.114450 0.006650 -0.462804 0.412230 -1.548983
0.363636 0.851852 -0.120073 0.470692 -0.011323 0.045364 -0.038961 0.156084 0.926220 1.167337 0.919570 1.630141 0.450942 -1.326179
0.327272 0.888892 -0.232141 0.582390 -0.021892 0.056129 -0.075324 0.193123 0.947225 1.218018 0.027655 -0.412123 0.492094 -1.198911
0.309089 0.925926 -0.288179 0.694072 -0.027177 0.066892 -0.093508 0.230157 0.976153 1.248611 0.948498 1.660734 0.531618 -1.184891
0.327272 0.925926 -0.232141 0.694072 -0.021892 0.066892 -0.075324 0.230157 0.982062 1.231048 0.033564 -0.429686 0.528722 -1.254509
0.381816 0.962966 -0.064043 0.805770 -0.006040 0.077657 -0.020780 0.267197 1.035899 1.193311 1.002335 1.622997 0.560754 -1.493181
0.418180 0.962966 0.048025 0.805770 0.004529 0.077657 0.015583 0.267197 1.049846 1.161107 0.047512 -0.461890 0.560586 1.512542
0.527273 0.962966 0.384238 0.805770 0.036236 0.077657 0.124677 0.267197 1.097871 1.069835 1.050359 1.531725 0.574071 1.134216
0.636364 0.962966 0.720442 0.805770 0.067941 0.077657 0.233767 0.267197 1.154237 0.986840 0.103878 -0.544885 0.607174 0.852030
0.690908 1.000000 0.888540 0.917452 0.083794 0.088421 0.288311 0.304231 1.215465 0.966198 1.111587 1.511084 0.663336 0.812259
0.818182 1.000000 1.280783 0.917452 0.120784 0.088421 0.415585 0.304231 1.292061 0.885067 0.180474 -0.626017 0.727737 0.631917
0.909090 1.000000 1.560949 0.917452 0.147205 0.088421 0.506493 0.304231 1.351460 0.832982 1.170986 1.458999 0.783215 0.540906
0.945453 0.962966 1.673017 0.805770 0.157774 0.077657 0.542856 0.267197 1.349513 0.794574 0.178527 -0.664425 0.780197 0.457393
0.981817 0.925926 1.785085 0.694072 0.168342 0.066892 0.579220 0.230157 1.349557 0.756110 1.171029 1.420534 0.780621 0.378226
1.000000 0.888892 1.841123 0.582390 0.173627 0.056129 0.597403 0.193123 1.337957 0.726644 0.166928 -0.693890 0.770308 0.312667
1.000000 0.851852 1.841123 0.470692 0.173627 0.045364 0.597403 0.156084 1.313641 0.705568 1.146713 1.399459 0.747477 0.255557
0.945453 0.814818 1.673017 0.359010 0.157774 0.034600 0.542856 0.119049 1.248123 0.711321 0.101409 -0.688138 0.681630 0.215884
0.909090 0.777778 1.560949 0.247312 0.147205 0.023835 0.506493 0.082010 1.196404 0.707712 1.094995 1.395849 0.630314 0.160524
0.872726 0.814818 1.448881 0.359010 0.136637 0.034600 0.470129 0.119049 1.193976 0.751097 0.098981 -0.644753 0.625258 0.248013
0.854546 0.814818 1.392851 0.359010 0.131353 0.034600 0.451949 0.119049 1.180753 0.761605 1.081771 1.406357 0.611706 0.257563
0.854546 0.851852 1.392851 0.470692 0.131353 0.045364 0.451949 0.156084 1.206607 0.783820 0.124836 -0.622538 0.637251 0.332532
0.854546 0.925926 1.392851 0.694072 0.131353 0.066892 0.451949 0.230157 1.259995 0.825467 1.135159 1.448005 0.691470 0.471024
0.909090 1.000000 1.560949 0.917452 0.147205 0.088421 0.506493 0.304231 1.351460 0.832982 0.216301 -0.615023 0.783215 0.540906
