0.107143 0.500004 -1.144736 -0.314867 -0.111784 -0.036164 -0.328174 -0.106171 0.511355 1.359705 0.511355 1.359705 0.334489 0.312892
0.124998 0.500004 -1.082451 -0.314867 -0.105701 -0.036164 -0.310318 -0.106171 0.515392 1.325823 0.004037 -0.033882 0.316989 0.329651
0.142857 0.500004 -1.020157 -0.314867 -0.099618 -0.036164 -0.292460 -0.106171 0.520012 1.292500 0.515975 1.326382 0.299528 0.348232
0.160713 0.500004 -0.957873 -0.314867 -0.093536 -0.036164 -0.274604 -0.106171 0.525198 1.259804 0.009223 -0.066578 0.282120 0.368929
0.160713 0.555556 -0.957873 -0.150120 -0.093536 -0.017242 -0.274604 -0.050619 0.578334 1.289201 0.569111 1.355779 0.299774 0.182289
0.160713 0.611115 -0.957873 0.014652 -0.093536 0.001683 -0.274604 0.004941 0.631894 1.313637 0.062783 -0.042142 0.326056 -0.017989
0.124998 0.722226 -1.082451 0.344171 -0.105701 0.039530 -0.310318 0.116052 0.732964 1.399420 0.670180 1.441563 0.422628 -0.357873
0.089284 0.722226 -1.207029 0.344171 -0.117866 0.039530 -0.346032 0.116052 0.727724 1.447797 0.057544 0.006234 0.449506 -0.323590
0.053570 0.722226 -1.331608 0.344171 -0.130032 0.039530 -0.381746 0.116052 0.724210 1.496759 0.666667 1.490524 0.477543 -0.295124
0.017856 0.722226 -1.456186 0.344171 -0.142197 0.039530 -0.417461 0.116052 0.722447 1.546078 0.055781 0.055554 0.506548 -0.271148
0.000000 0.666667 -1.518470 0.179399 -0.148279 0.020605 -0.435316 0.060492 0.666667 1.570796 0.610886 1.515243 0.492974 -0.138076
0.000000 0.555556 -1.518470 -0.150120 -0.148279 -0.017242 -0.435316 -0.050619 0.555556 1.570796 -0.055331 0.055554 0.451617 0.115762
0.000000 0.444444 -1.518470 -0.479639 -0.148279 -0.055089 -0.435316 -0.161730 0.444444 1.570796 0.499775 1.515243 0.435412 0.355719
0.017856 0.333333 -1.456186 -0.809158 -0.142197 -0.092936 -0.417461 -0.272841 0.333811 1.517280 -0.165964 0.002038 0.429737 0.578884
0.053570 0.222222 -1.331608 -1.138677 -0.130032 -0.130783 -0.381746 -0.383953 0.228588 1.334245 0.394552 1.332207 0.437195 0.788279
0.142857 0.055560 -1.020157 -1.632942 -0.099618 -0.187552 -0.292460 -0.550615 0.153281 0.370918 -0.241271 -0.961290 0.479320 1.082540
0.196427 0.055560 -0.833295 -1.632942 -0.081371 -0.187552 -0.238890 -0.550615 0.204133 0.275652 0.445404 1.236941 0.448646 1.161445
0.249999 0.000000 -0.646423 -1.797714 -0.063123 -0.206477 -0.185317 -0.606175 0.249999 0.000000 -0.195405 -1.236941 0.473120 1.274104
0.321428 0.000000 -0.397266 -1.797714 -0.038793 -0.206477 -0.113889 -0.606175 0.321428 0.000000 0.516833 1.236941 0.449968 1.385080
0.374998 0.111111 -0.210404 -1.468195 -0.020546 -0.168630 -0.060319 -0.495064 0.391112 0.288057 -0.125720 -0.948884 0.329769 1.449554
0.410715 0.166671 -0.085816 -1.303424 -0.008380 -0.149705 -0.024602 -0.439504 0.443244 0.385502 0.568965 1.334387 0.269770 1.514878
0.428570 0.277782 -0.023532 -0.973905 -0.002298 -0.111858 -0.006746 -0.328393 0.510720 0.575080 -0.058244 -0.759306 0.157679 1.550256
0.428570 0.388893 -0.023532 -0.644386 -0.002298 -0.074011 -0.006746 -0.217282 0.578714 0.736899 0.636959 1.496205 0.046911 1.539759
0.428570 0.611115 -0.023532 0.014652 -0.002298 0.001683 -0.006746 0.004941 0.746414 0.959204 0.109456 -0.537002 0.175928 -0.632109
0.410715 0.666667 -0.085816 0.179399 -0.008380 0.020605 -0.024602 0.060492 0.783027 1.018643 0.673571 1.555645 0.232655 -1.184530
0.410715 0.777778 -0.085816 0.508918 -0.008380 0.058452 -0.024602 0.171603 0.879559 1.084952 0.205988 -0.470692 0.343344 -1.428402
0.410715 0.833338 -0.085816 0.673690 -0.008380 0.077377 -0.024602 0.227163 0.929052 1.112881 0.723064 1.583573 0.398781 -1.462916
0.410715 0.888889 -0.085816 0.838437 -0.008380 0.096299 -0.024602 0.282714 0.979188 1.137964 0.256125 -0.445610 0.454239 -1.483995
0.428570 0.888889 -0.023532 0.838437 -0.002298 0.096299 -0.006746 0.282714 0.986811 1.121537 0.730686 1.567147 0.453623 -1.546939
0.517857 0.944449 0.287918 1.003209 0.028115 0.115224 0.082541 0.338274 1.077107 1.069246 0.346421 -0.497901 0.515780 1.331467
0.571427 1.000000 0.474781 1.167955 0.046362 0.134146 0.136111 0.393825 1.151750 1.051651 0.805330 1.549552 0.580856 1.238036
0.642855 1.000000 0.723937 1.167955 0.070693 0.134146 0.207539 0.393825 1.188807 0.999460 0.383478 -0.550092 0.601615 1.085796
0.732142 1.000000 1.035388 1.167955 0.101106 0.134146 0.296826 0.393825 1.239368 0.938822 0.855890 1.488914 0.637944 0.924932
0.821426 1.000000 1.346828 1.167955 0.131518 0.134146 0.386110 0.393825 1.294118 0.883126 0.438228 -0.605788 0.684068 0.795290
0.946427 0.944449 1.782857 1.003209 0.174096 0.115224 0.511111 0.338274 1.337052 0.784352 0.898824 1.390140 0.721422 0.584654
0.982142 0.888889 1.907435 0.838437 0.186261 0.096299 0.546825 0.282714 1.324661 0.735599 0.425836 -0.654541 0.710455 0.477163
1.000000 0.777778 1.969729 0.508918 0.192344 0.058452 0.564684 0.171603 1.266862 0.661043 0.841025 1.315584 0.660415 0.295024
1.000000 0.722226 1.969729 0.344171 0.192344 0.039530 0.564684 0.116052 1.233536 0.625488 0.392511 -0.690096 0.633392 0.202694
0.982142 0.666667 1.907435 0.179399 0.186261 0.020605 0.546825 0.060492 1.187033 0.596348 0.794522 1.286444 0.593751 0.110176
0.928569 0.666667 1.720563 0.179399 0.168013 0.020605 0.493253 0.060492 1.143103 0.622672 0.348581 -0.663772 0.544813 0.122029
0.892855 0.666667 1.595985 0.179399 0.155848 0.020605 0.457538 0.060492 1.114286 0.641366 0.765705 1.305138 0.512703 0.131449
0.839285 0.666667 1.409122 0.179399 0.137601 0.020605 0.403968 0.060492 1.071841 0.671272 0.306136 -0.633865 0.465525 0.148640
0.821426 0.722226 1.346828 0.344171 0.131518 0.039530 0.386110 0.116052 1.093779 0.721223 0.787643 1.355089 0.481039 0.291976
0.821426 0.777778 1.346828 0.508918 0.131518 0.058452 0.386110 0.171603 1.131229 0.758111 0.343586 -0.596978 0.516101 0.418221
0.821426 0.833338 1.346828 0.673690 0.131518 0.077377 0.386110 0.227163 1.170125 0.792596 0.826539 1.389574 0.554528 0.531800
