0.145834 0.639998 -1.060466 0.051357 -0.104946 0.005613 -0.318262 0.017022 0.656403 1.346755 0.656403 1.346755 0.363637 -0.053435
0.166666 0.639998 -0.991054 0.051357 -0.098077 0.005613 -0.297430 0.017022 0.661343 1.316038 0.004940 -0.030717 0.345552 -0.057169
0.187501 0.599995 -0.921631 -0.069333 -0.091207 -0.007578 -0.276595 -0.022981 0.628610 1.267908 0.623670 1.298624 0.308178 0.082893
0.229168 0.599995 -0.782796 -0.069333 -0.077467 -0.007578 -0.234929 -0.022981 0.642271 1.205947 0.018601 -0.092677 0.271404 0.097509
0.250002 0.599995 -0.713373 -0.069333 -0.070597 -0.007578 -0.214094 -0.022981 0.649996 1.175999 0.631396 1.268676 0.253584 0.106929
0.270834 0.639998 -0.643960 0.051357 -0.063728 0.005613 -0.193262 0.017022 0.694945 1.170469 0.063549 -0.098207 0.261327 -0.087853
0.270834 0.719998 -0.643960 0.292719 -0.063728 0.031993 -0.193262 0.097022 0.769252 1.211009 0.705702 1.309217 0.320680 -0.465265
0.270834 0.799998 -0.643960 0.534081 -0.063728 0.058373 -0.193262 0.177022 0.844599 1.244364 0.138897 -0.064853 0.387531 -0.741568
0.250002 0.879997 -0.713373 0.775443 -0.070597 0.084753 -0.214094 0.257022 0.914820 1.293995 0.775924 1.358848 0.467771 -0.876267
0.208333 0.959997 -0.852219 1.016805 -0.084338 0.111132 -0.255763 0.337021 0.982343 1.357096 0.206419 -0.001752 0.557972 -0.921627
0.166666 0.959997 -0.991054 1.016805 -0.098077 0.111132 -0.297430 0.337021 0.974357 1.398899 0.767938 1.400650 0.578258 -0.847720
0.125000 0.959997 -1.129889 1.016805 -0.111817 0.111132 -0.339097 0.337021 0.968101 1.441316 0.200163 0.040666 0.600753 -0.782329
0.083333 0.919994 -1.268724 0.896115 -0.125556 0.097942 -0.380763 0.297019 0.923761 1.480463 0.723598 1.439797 0.593990 -0.662464
0.041667 0.799998 -1.407560 0.534081 -0.139296 0.058373 -0.422430 0.177022 0.801082 1.518760 0.077484 0.078963 0.539700 -0.396826
0.020835 0.679995 -1.476972 0.172029 -0.146165 0.018802 -0.443261 0.057019 0.680314 1.540166 0.602830 1.461203 0.493044 -0.127933
0.000000 0.559998 -1.546395 -0.190005 -0.153035 -0.020767 -0.464096 -0.062977 0.559998 1.570796 -0.042832 0.109594 0.473901 0.134875
0.000000 0.279996 -1.546395 -1.034781 -0.153035 -0.113097 -0.464096 -0.342980 0.279996 1.570796 0.322828 1.461203 0.499277 0.636441
0.020835 0.199996 -1.476972 -1.276143 -0.146165 -0.139477 -0.443261 -0.422979 0.201079 1.466995 -0.121749 0.005792 0.515974 0.761989
0.062501 0.080000 -1.338137 -1.638177 -0.132425 -0.179046 -0.401595 -0.542976 0.101520 0.907581 0.223270 0.901789 0.555705 0.933973
0.125000 0.039997 -1.129889 -1.758867 -0.111817 -0.192237 -0.339097 -0.582979 0.131243 0.309681 -0.092027 -0.592108 0.542998 1.043970
0.208333 0.000000 -0.852219 -1.879539 -0.084338 -0.205426 -0.255763 -0.622976 0.208333 0.000000 0.300360 0.592108 0.529906 1.181227
0.375002 0.000000 -0.296867 -1.879539 -0.029379 -0.205426 -0.089094 -0.622976 0.375002 0.000000 0.074642 -0.592108 0.472571 1.428746
0.437500 0.039997 -0.088619 -1.758867 -0.008770 -0.192237 -0.026596 -0.582979 0.439325 0.091168 0.364682 0.683276 0.424932 1.525207
0.479167 0.080000 0.050216 -1.638177 0.004970 -0.179046 0.015071 -0.542976 0.485799 0.165430 0.121117 -0.517846 0.384392 -1.543048
0.500002 0.199996 0.119639 -1.276143 0.011840 -0.139477 0.035905 -0.422979 0.538517 0.380499 0.417400 0.898345 0.266529 -1.486112
0.500002 0.319999 0.119639 -0.914091 0.011840 -0.099906 0.035905 -0.302977 0.593634 0.569310 0.176234 -0.329035 0.148503 -1.452838
0.520833 0.439996 0.189051 -0.552057 0.018709 -0.060337 0.056737 -0.182980 0.681809 0.701463 0.505575 1.030497 0.061644 -1.270124
0.520833 0.559998 0.189051 -0.190005 0.018709 -0.020767 0.056737 -0.062977 0.764765 0.821618 0.259190 -0.208879 0.111429 -0.837477
0.520833 0.719998 0.189051 0.292719 0.018709 0.031993 0.056737 0.097022 0.888630 0.944550 0.629441 1.153429 0.262116 1.041639
0.520833 0.799998 0.189051 0.534081 0.018709 0.058373 0.056737 0.177022 0.954601 0.993688 0.325160 -0.159741 0.340659 1.260632
0.562500 0.839994 0.327887 0.654753 0.032449 0.071562 0.098404 0.217019 1.010939 0.980733 0.685778 1.140474 0.388565 1.145090
0.604166 0.919994 0.466722 0.896115 0.046188 0.097942 0.140070 0.297019 1.100639 0.989721 0.414861 -0.150753 0.476931 1.130136
0.645833 0.959997 0.605557 1.016805 0.059927 0.111132 0.181737 0.337021 1.157020 0.978598 0.742159 1.129351 0.528153 1.076249
0.729166 1.000000 0.883228 1.137495 0.087406 0.124323 0.265070 0.377024 1.237612 0.940763 0.495453 -0.188588 0.597875 0.958021
0.791667 1.000000 1.091486 1.137495 0.108016 0.124323 0.327571 0.377024 1.275436 0.901157 0.779983 1.089745 0.628089 0.855470
0.916667 0.959997 1.507992 1.016805 0.149235 0.111132 0.452571 0.337021 1.327356 0.808483 0.547373 -0.281262 0.671370 0.640089
0.979168 0.919994 1.716250 0.896115 0.169844 0.097942 0.515072 0.297019 1.343562 0.754250 0.796190 1.035512 0.687853 0.523077
1.000000 0.879997 1.785663 0.775443 0.176714 0.084753 0.535904 0.257022 1.332064 0.721653 0.535874 -0.313859 0.678356 0.447198
1.000000 0.799998 1.785663 0.534081 0.176714 0.058373 0.535904 0.177022 1.280623 0.674739 0.744749 0.988598 0.632474 0.319040
1.000000 0.719998 1.785663 0.292719 0.176714 0.031993 0.535904 0.097022 1.232232 0.624022 0.487484 -0.364577 0.593868 0.179104
0.937502 0.599995 1.577415 -0.069333 0.156105 -0.007578 0.473406 -0.022981 1.113061 0.569309 0.625577 0.933885 0.492526 -0.048505
0.916667 0.599995 1.507992 -0.069333 0.149235 -0.007578 0.452571 -0.022981 1.095569 0.579560 0.469992 -0.354325 0.472535 -0.050734
0.875000 0.599995 1.369157 -0.069333 0.135495 -0.007578 0.410904 -0.022981 1.060952 0.601070 0.590960 0.955395 0.432794 -0.055868
0.854166 0.599995 1.299734 -0.069333 0.128625 -0.007578 0.390069 -0.022981 1.043836 0.612358 0.452876 -0.343037 0.413065 -0.058846
0.833334 0.679995 1.230321 0.172029 0.121756 0.018802 0.369238 0.057019 1.075564 0.684417 0.622688 1.027454 0.427725 0.153214
0.833334 0.719998 1.230321 0.292719 0.121756 0.031993 0.369238 0.097022 1.101291 0.712564 0.478603 -0.314890 0.449246 0.256955
0.854166 0.759995 1.299734 0.413391 0.128625 0.045182 0.390069 0.137019 1.143324 0.727124 0.664722 1.042014 0.489602 0.337804
