0.120000 0.649996 -1.071488 0.081899 -0.111606 0.009742 -0.307317 0.026827 0.660980 1.388236 0.660980 1.388236 0.379513 -0.087072
0.140001 0.600000 -1.001751 -0.070734 -0.104342 -0.008414 -0.287316 -0.023170 0.616117 1.341563 -0.044863 -0.046673 0.335216 0.080467
0.160000 0.600000 -0.932025 -0.070734 -0.097079 -0.008414 -0.267318 -0.023170 0.620967 1.310195 0.665830 1.356868 0.318242 0.086458
0.180001 0.600000 -0.862288 -0.070734 -0.089816 -0.008414 -0.247316 -0.023170 0.626419 1.279338 -0.039411 -0.077530 0.301637 0.093411
0.199999 0.649996 -0.792562 0.081899 -0.082553 0.009742 -0.227318 0.026827 0.680070 1.272297 0.719481 1.349827 0.318213 -0.117471
0.199999 0.700000 -0.792562 0.234554 -0.082553 0.027902 -0.227318 0.076830 0.728011 1.292497 0.008530 -0.057329 0.355006 -0.325933
0.199999 0.800000 -0.792562 0.539843 -0.082553 0.064218 -0.227318 0.176830 0.824621 1.325818 0.816091 1.383147 0.436539 -0.661120
0.180001 0.900000 -0.862288 0.845131 -0.089816 0.100534 -0.247316 0.276830 0.917824 1.373400 0.101732 -0.009748 0.533474 -0.841648
0.120000 1.000000 -1.071488 1.150419 -0.111606 0.136850 -0.307317 0.376830 1.007174 1.451368 0.905442 1.461115 0.649931 -0.886656
0.080000 1.000000 -1.210950 1.150419 -0.126132 0.136850 -0.347317 0.376830 1.003195 1.490967 0.097753 0.029851 0.669772 -0.826131
0.040000 1.000000 -1.350413 1.150419 -0.140659 0.136850 -0.387317 0.376830 1.000800 1.530818 0.903047 1.500967 0.691361 -0.771676
0.020001 0.849996 -1.420139 0.692475 -0.147921 0.082375 -0.407316 0.226827 0.850232 1.547269 -0.052815 0.046303 0.586995 -0.508111
0.000000 0.700000 -1.489876 0.234554 -0.155185 0.027902 -0.427317 0.076830 0.700000 1.570796 0.752815 1.524494 0.506908 -0.177897
0.000000 0.549996 -1.489876 -0.223390 -0.155185 -0.026574 -0.427317 -0.073173 0.549996 1.570796 -0.202819 0.046303 0.444578 0.169594
0.040000 0.349996 -1.350413 -0.833966 -0.140659 -0.099206 -0.387317 -0.273173 0.352275 1.457003 0.555093 1.410701 0.394960 0.614272
0.100001 0.200000 -1.141214 -1.291887 -0.118869 -0.153679 -0.327316 -0.423170 0.223607 1.107144 -0.331486 -0.303557 0.398508 0.912433
0.160000 0.100000 -0.932025 -1.597175 -0.097079 -0.189995 -0.267318 -0.523170 0.188679 0.558601 0.520165 0.862157 0.422605 1.098421
0.300001 0.000000 -0.443899 -1.902463 -0.046236 -0.226311 -0.127316 -0.623170 0.300001 0.000000 -0.220165 -0.862157 0.445880 1.369265
0.359999 0.000000 -0.234710 -1.902463 -0.024447 -0.226311 -0.067318 -0.623170 0.359999 0.000000 0.580164 0.862157 0.432587 1.463188
0.399999 0.049996 -0.095247 -1.749831 -0.009921 -0.208154 -0.027318 -0.573173 0.403111 0.124346 -0.177052 -0.737811 0.378308 1.523171
0.420000 0.200000 -0.025511 -1.291887 -0.002657 -0.153679 -0.007317 -0.423170 0.465188 0.444419 0.642241 1.182230 0.227435 1.553508
0.439999 0.300000 0.044216 -0.986599 0.004605 -0.117363 0.012682 -0.323170 0.532540 0.598420 -0.109701 -0.583810 0.127947 -1.531575
0.439999 0.449996 0.044216 -0.528678 0.004605 -0.062890 0.012682 -0.173173 0.629361 0.796631 0.739062 1.380441 0.025984 -1.497696
0.420000 0.600000 -0.025511 -0.070734 -0.002657 -0.008414 -0.007317 -0.023170 0.732393 0.960070 -0.006668 -0.420371 0.172838 1.264914
0.420000 0.700000 -0.025511 0.234554 -0.002657 0.027902 -0.007317 0.076830 0.816333 1.030377 0.823002 1.450747 0.272781 -1.475850
0.420000 0.800000 -0.025511 0.539843 -0.002657 0.064218 -0.007317 0.176830 0.903549 1.087349 0.080547 -0.363398 0.372755 -1.529442
0.439999 0.900000 0.044216 0.845131 0.004605 0.100534 0.012682 0.276830 1.001798 1.116078 0.921251 1.479477 0.472853 1.525018
0.500000 0.900000 0.253415 0.845131 0.026396 0.100534 0.072683 0.276830 1.029563 1.063698 0.108312 -0.415779 0.478238 1.314037
0.560001 0.900000 0.462615 0.845131 0.048186 0.100534 0.132684 0.276830 1.060001 1.014196 0.951689 1.429975 0.490952 1.123847
0.640001 0.949996 0.741541 0.997763 0.077239 0.118691 0.212684 0.326827 1.145467 0.977949 0.193778 -0.452026 0.564294 0.993891
0.739999 0.949996 1.090193 0.997763 0.113554 0.118691 0.312682 0.326827 1.204198 0.909023 1.010419 1.361050 0.609068 0.807512
0.840000 0.949996 1.438855 0.997763 0.149871 0.118691 0.412683 0.326827 1.268106 0.846771 0.257687 -0.514278 0.665959 0.669816
0.899999 0.900000 1.648044 0.845131 0.171660 0.100534 0.472682 0.276830 1.272791 0.785399 1.015104 1.299677 0.668474 0.529808
1.000000 0.749996 1.996707 0.387187 0.207976 0.046059 0.572683 0.126827 1.249998 0.643499 0.234893 -0.656179 0.657334 0.217943
1.000000 0.700000 1.996707 0.234554 0.207976 0.027902 0.572683 0.076830 1.220656 0.610726 0.985762 1.266904 0.634288 0.133363
1.000000 0.600000 1.996707 -0.070734 0.207976 -0.008414 0.572683 -0.023170 1.166190 0.540420 0.180428 -0.726485 0.598151 -0.040436
0.920000 0.500000 1.717781 -0.376022 0.178924 -0.044730 0.492683 -0.123170 1.047091 0.497822 0.866663 1.224307 0.498016 -0.244976
0.880000 0.500000 1.578318 -0.376022 0.164397 -0.044730 0.452683 -0.123170 1.012127 0.516695 0.145464 -0.707612 0.458481 -0.265657
0.840000 0.500000 1.438855 -0.376022 0.149871 -0.044730 0.412683 -0.123170 0.977548 0.536910 0.832085 1.244523 0.419035 -0.290043
0.840000 0.549996 1.438855 -0.223390 0.149871 -0.026574 0.412683 -0.073173 1.004040 0.579712 0.171955 -0.664811 0.430532 -0.175487
0.859999 0.649996 1.508581 0.081899 0.157133 0.009742 0.432682 0.026827 1.078004 0.647209 0.906049 1.312020 0.486621 0.061922
