0.133333 0.583333 -1.057014 -0.268169 -0.098169 -0.027140 -0.326543 -0.090277 0.598377 1.346086 0.598377 1.346086 0.349102 0.269726
0.133333 0.541664 -1.057014 -0.391950 -0.098169 -0.039667 -0.326543 -0.131947 0.557832 1.329440 -0.040545 -0.016646 0.336630 0.384012
0.133333 0.500000 -1.057014 -0.515711 -0.098169 -0.052193 -0.326543 -0.173610 0.517472 1.310195 0.558017 1.326840 0.328999 0.488655
0.149998 0.500000 -1.003069 -0.515711 -0.093159 -0.052193 -0.309878 -0.173610 0.522015 1.279343 -0.036002 -0.047498 0.312464 0.510683
0.183332 0.500000 -0.895170 -0.515711 -0.083138 -0.052193 -0.276544 -0.173610 0.532551 1.219355 0.568553 1.266852 0.279440 0.560600
0.199999 0.500000 -0.841216 -0.515711 -0.078127 -0.052193 -0.259876 -0.173610 0.538516 1.190291 -0.030037 -0.076561 0.262956 0.588960
0.233333 0.583333 -0.733317 -0.268169 -0.068106 -0.027140 -0.226543 -0.090277 0.628269 1.190291 0.658306 1.266852 0.257999 0.379211
0.233333 0.666667 -0.733317 -0.020627 -0.068106 -0.002088 -0.226543 -0.006944 0.706320 1.234122 0.048014 -0.032730 0.306732 0.030642
0.233333 0.708330 -0.733317 0.103135 -0.068106 0.010438 -0.226543 0.034720 0.745772 1.252579 0.697758 1.285309 0.336231 -0.152075
0.233333 0.791664 -0.733317 0.350678 -0.068106 0.035490 -0.226543 0.118053 0.825333 1.284175 0.127576 -0.001134 0.401752 -0.480390
0.233333 0.874997 -0.733317 0.598220 -0.068106 0.060543 -0.226543 0.201386 0.905574 1.310194 0.777998 1.311328 0.472914 -0.726679
0.183332 0.958336 -0.895170 0.845781 -0.083138 0.085597 -0.276544 0.284726 0.975715 1.381778 0.197717 0.070450 0.570035 -0.799974
0.149998 1.000000 -1.003069 0.969543 -0.093159 0.098123 -0.309878 0.326390 1.011187 1.421908 0.813470 1.351458 0.622702 -0.811344
0.100000 1.000000 -1.164914 0.969543 -0.108190 0.098123 -0.359876 0.326390 1.004988 1.471128 0.191517 0.119670 0.649034 -0.736641
0.066666 0.958336 -1.272813 0.845781 -0.118211 0.085597 -0.393209 0.284726 0.960653 1.501343 0.769135 1.381673 0.634883 -0.626723
0.033333 0.874997 -1.380712 0.598220 -0.128232 0.060543 -0.426543 0.201386 0.875632 1.532719 0.106496 0.151046 0.595201 -0.441109
0.016665 0.791664 -1.434666 0.350678 -0.133242 0.035490 -0.443211 0.118053 0.791839 1.549748 0.685343 1.398702 0.553641 -0.260315
0.000000 0.541664 -1.488611 -0.391950 -0.138253 -0.039667 -0.459876 -0.131947 0.541664 1.570796 -0.143679 0.172094 0.467092 0.279413
0.000000 0.416667 -1.488611 -0.763254 -0.138253 -0.077245 -0.459876 -0.256944 0.416667 1.570796 0.560346 1.398702 0.461901 0.509517
0.033333 0.291664 -1.380712 -1.134577 -0.128232 -0.114825 -0.426543 -0.381947 0.293562 1.457003 -0.266784 0.058301 0.458513 0.730295
0.066666 0.208330 -1.272813 -1.382119 -0.118211 -0.139877 -0.393209 -0.465280 0.218737 1.261090 0.485521 1.202788 0.466786 0.869153
0.166666 0.041664 -0.949115 -1.877204 -0.088148 -0.189982 -0.293210 -0.631947 0.171795 0.244961 -0.313726 -0.957827 0.510758 1.136379
0.233333 0.000000 -0.733317 -2.000965 -0.068106 -0.202508 -0.226543 -0.673610 0.233333 0.000000 0.547058 0.957827 0.512648 1.246368
0.283331 0.000000 -0.571472 -2.000965 -0.053075 -0.202508 -0.176545 -0.673610 0.283331 0.000000 -0.263727 -0.957827 0.492599 1.314474
0.350000 0.000000 -0.355665 -2.000965 -0.033032 -0.202508 -0.109876 -0.673610 0.350000 0.000000 0.613727 0.957827 0.472820 1.409106
0.399999 0.041664 -0.193821 -1.877204 -0.018001 -0.189982 -0.059877 -0.631947 0.402163 0.103785 -0.211565 -0.854042 0.422477 1.476328
0.433332 0.124997 -0.085921 -1.629661 -0.007980 -0.164930 -0.026544 -0.548614 0.451000 0.280832 0.662565 1.134874 0.335929 1.522451
0.483333 0.333333 0.075931 -1.010796 0.007052 -0.102298 0.023457 -0.340277 0.587131 0.603749 -0.075434 -0.531124 0.128698 -1.501969
0.499999 0.458330 0.129877 -0.639492 0.012062 -0.064720 0.040123 -0.215280 0.678281 0.741945 0.753715 1.273069 0.040153 -1.386535
0.499999 0.583333 0.129877 -0.268169 0.012062 -0.027140 0.040123 -0.090277 0.768295 0.862171 0.014579 -0.410898 0.129814 -1.152575
0.483333 0.666667 0.075931 -0.020627 0.007052 -0.002088 0.023457 -0.006944 0.823441 0.943488 0.808862 1.354386 0.208117 -0.287798
0.483333 0.750000 0.075931 0.226916 0.007052 0.022965 0.023457 0.076390 0.892251 0.998336 0.083389 -0.356050 0.291071 1.272859
0.466665 0.874997 0.021978 0.598220 0.002041 0.060543 0.006790 0.201386 0.991663 1.080839 0.908275 1.436888 0.415176 1.537095
0.466665 0.916667 0.021978 0.722000 0.002041 0.073070 0.006790 0.243056 1.028618 1.099903 0.120343 -0.336985 0.456841 1.542869
0.499999 0.958336 0.129877 0.845781 0.012062 0.085597 0.040123 0.284726 1.080929 1.089911 0.960586 1.426896 0.500073 1.430801
0.533332 0.958336 0.237776 0.845781 0.022083 0.085597 0.073456 0.284726 1.096746 1.062962 0.136160 -0.363934 0.503844 1.318313
0.583333 1.000000 0.399629 0.969543 0.037115 0.098123 0.123457 0.326390 1.157704 1.042722 1.021543 1.406656 0.554054 1.209178
0.633332 1.000000 0.561474 0.969543 0.052146 0.098123 0.173456 0.326390 1.183685 1.006228 0.162141 -0.400428 0.567293 1.082316
0.699998 1.000000 0.777272 0.969543 0.072188 0.098123 0.240122 0.326390 1.220655 0.960072 1.058513 1.360499 0.591095 0.936515
0.833331 1.000000 1.208869 0.969543 0.112272 0.098123 0.373455 0.326390 1.301707 0.876059 0.243193 -0.484440 0.656660 0.718248
0.883332 1.000000 1.370722 0.969543 0.127304 0.098123 0.423456 0.326390 1.334270 0.847267 1.091076 1.331707 0.686330 0.656665
0.966667 1.000000 1.640474 0.969543 0.152357 0.098123 0.506791 0.326390 1.390843 0.802346 0.299767 -0.529361 0.740656 0.572168
0.983332 0.958336 1.694420 0.845781 0.157367 0.085597 0.523456 0.284726 1.373081 0.772526 1.073314 1.301887 0.722820 0.498175
1.000000 0.916667 1.748373 0.722000 0.162378 0.073070 0.540124 0.243056 1.356568 0.741947 0.283254 -0.559939 0.707384 0.422854
1.000000 0.833333 1.748373 0.474458 0.162378 0.048017 0.540124 0.159723 1.301708 0.694738 1.018454 1.254678 0.656662 0.287521
1.000000 0.750000 1.748373 0.226916 0.162378 0.022965 0.540124 0.076390 1.250000 0.643501 0.231546 -0.611177 0.613112 0.140498
0.966667 0.708330 1.640474 0.103135 0.152357 0.010438 0.506791 0.034720 1.198406 0.632373 0.966860 1.243549 0.564417 0.068402
0.916666 0.666667 1.478621 -0.020627 0.137325 -0.002088 0.456790 -0.006944 1.133455 0.628797 0.166595 -0.614753 0.501417 -0.015200
0.900000 0.666667 1.424676 -0.020627 0.132315 -0.002088 0.440124 -0.006944 1.120020 0.637549 0.953425 1.252301 0.486284 -0.015776
0.883332 0.708330 1.370722 0.103135 0.127304 0.010438 0.423456 0.034720 1.132258 0.675889 0.178833 -0.576413 0.490963 0.081808
0.866667 0.791664 1.316777 0.350678 0.122294 0.035490 0.406791 0.118053 1.173815 0.740201 0.994982 1.316613 0.524940 0.282447
0.883332 0.916667 1.370722 0.722000 0.127304 0.073070 0.423456 0.243056 1.273010 0.803915 0.278027 -0.512698 0.622875 0.521069
0.900000 0.958336 1.424676 0.845781 0.132315 0.085597 0.440124 0.284726 1.314690 0.816779 1.036662 1.329478 0.664960 0.574208
0.900000 1.000000 1.424676 0.969543 0.132315 0.098123 0.440124 0.326390 1.345363 0.837981 0.308700 -0.491496 0.696738 0.638094
