0.120000 0.421051 -1.219353 -0.556248 -0.138459 -0.071490 -0.361143 -0.186467 0.437817 1.293157 0.437817 1.293157 0.366109 0.476622
0.140001 0.421051 -1.151821 -0.556248 -0.130791 -0.071490 -0.341142 -0.186467 0.443716 1.249792 0.005899 -0.043364 0.346394 0.500227
0.160000 0.421051 -1.084299 -0.556248 -0.123124 -0.071490 -0.321144 -0.186467 0.450426 1.207649 0.444527 1.251013 0.326717 0.526059
0.180001 0.526314 -1.016766 -0.242240 -0.115455 -0.031133 -0.301142 -0.081205 0.556243 1.241263 0.111716 -0.009750 0.304511 0.263390
0.180001 0.631576 -1.016766 0.071768 -0.115455 0.009224 -0.301142 0.024058 0.656726 1.293155 0.545010 1.302905 0.336626 -0.079721
0.180001 0.684212 -1.016766 0.228783 -0.115455 0.029404 -0.301142 0.076694 0.707493 1.313547 0.162483 0.010643 0.363213 -0.249374
0.100001 0.789475 -1.286875 0.542791 -0.146126 0.069760 -0.381142 0.181956 0.795783 1.444799 0.633300 1.434157 0.490242 -0.445403
0.060001 0.736839 -1.421929 0.385775 -0.161462 0.049581 -0.421142 0.129321 0.739278 1.489545 0.105978 0.055388 0.492687 -0.297932
0.020001 0.631576 -1.556984 0.071768 -0.176798 0.009224 -0.461142 0.024058 0.631893 1.539138 0.525915 1.483750 0.485059 -0.052124
0.000000 0.526314 -1.624516 -0.242240 -0.184466 -0.031133 -0.481143 -0.081205 0.526314 1.570796 0.000399 0.087047 0.483259 0.167198
0.020001 0.315788 -1.556984 -0.870255 -0.176798 -0.111847 -0.461142 -0.291730 0.316421 1.507543 0.316022 1.420496 0.489892 0.564064
0.100001 0.105263 -1.286875 -1.498271 -0.146126 -0.192560 -0.381142 -0.502255 0.145191 0.811026 -0.170831 -0.609470 0.535308 0.921649
0.220001 0.000000 -0.881712 -1.812279 -0.100120 -0.232917 -0.261142 -0.607518 0.220001 0.000000 0.390832 0.609470 0.547443 1.164824
0.279999 0.000000 -0.679136 -1.812279 -0.077117 -0.232917 -0.201144 -0.607518 0.279999 0.000000 -0.110833 -0.609470 0.521495 1.251065
0.420000 0.052635 -0.206441 -1.655263 -0.023442 -0.212737 -0.061143 -0.554883 0.423286 0.124672 0.534118 0.734143 0.432848 1.461049
0.500000 0.157898 0.063668 -1.341255 0.007230 -0.172380 0.018857 -0.449620 0.524339 0.305885 -0.009779 -0.428258 0.323795 -1.528881
0.520001 0.368424 0.131200 -0.713240 0.014898 -0.091667 0.038858 -0.239095 0.637289 0.616411 0.647068 1.044669 0.119229 -1.409682
0.520001 0.473686 0.131200 -0.399232 0.014898 -0.051310 0.038858 -0.133832 0.703406 0.738823 0.056338 -0.305846 0.039567 -1.288214
0.500000 0.684212 0.063668 0.228783 0.007230 0.029404 0.018857 0.076694 0.847435 0.939718 0.791097 1.245564 0.203942 1.329705
0.500000 0.842102 0.063668 0.699783 0.007230 0.089937 0.018857 0.234584 0.979355 1.034983 0.188258 -0.210581 0.361451 1.490584
0.500000 0.894737 0.063668 0.856799 0.007230 0.110117 0.018857 0.287219 1.024966 1.061204 0.836708 1.271785 0.414024 1.505237
0.520001 0.947365 0.131200 1.013791 0.014898 0.130294 0.038858 0.339846 1.080695 1.068804 0.243987 -0.202981 0.467838 1.456950
0.620000 1.000000 0.468831 1.170807 0.053236 0.150474 0.138857 0.392482 1.176605 1.015801 0.932618 1.218782 0.537116 1.230748
0.699999 1.000000 0.738940 1.170807 0.083908 0.150474 0.218856 0.392482 1.220655 0.960071 0.288037 -0.258711 0.563126 1.062120
0.859999 0.947365 1.279157 1.013791 0.145250 0.130294 0.378856 0.339846 1.279491 0.833699 0.991454 1.092411 0.600745 0.731174
0.979999 0.894737 1.684320 0.856799 0.191257 0.110117 0.498856 0.287219 1.327009 0.739950 0.335555 -0.352460 0.648010 0.522402
1.000000 0.736839 1.751852 0.385775 0.198925 0.049581 0.518857 0.129321 1.242148 0.635025 0.906593 0.987485 0.578440 0.244265
1.000000 0.684212 1.751852 0.228783 0.198925 0.029404 0.518857 0.076694 1.211671 0.600051 0.305077 -0.387434 0.557180 0.146750
0.939999 0.631576 1.549265 0.071768 0.175921 0.009224 0.458856 0.024058 1.132469 0.591611 0.827392 0.979045 0.482886 0.052383
0.880000 0.578949 1.346689 -0.085224 0.152918 -0.010953 0.398857 -0.028569 1.053367 0.581906 0.225975 -0.397138 0.410674 -0.071505
0.840000 0.578949 1.211635 -0.085224 0.137583 -0.010953 0.358857 -0.028569 1.020188 0.603458 0.794212 1.000596 0.371947 -0.079444
0.819999 0.789475 1.144103 0.542791 0.129914 0.069760 0.338856 0.181956 1.138274 0.766435 0.344062 -0.234161 0.458139 0.492786
0.819999 0.842102 1.144103 0.699783 0.129914 0.089937 0.338856 0.234584 1.175387 0.798696 0.831325 1.032857 0.495091 0.605527
0.819999 0.947365 1.144103 1.013791 0.129914 0.130294 0.338856 0.339846 1.252956 0.857339 0.421631 -0.175517 0.576356 0.786858
0.819999 1.000000 1.144103 1.170807 0.129914 0.150474 0.338856 0.392482 1.293212 0.883979 0.871581 1.059497 0.619706 0.858593
