0.203390 0.806452 -1.177397 0.527354 -0.093608 0.051541 -0.316738 0.174397 0.831704 1.323745 0.831704 1.323745 0.426972 -0.503307
0.220340 0.806452 -1.114388 0.527354 -0.088598 0.051541 -0.299787 0.174397 0.836011 1.304084 0.004307 -0.019661 0.414553 -0.526882
0.237288 0.806452 -1.051388 0.527354 -0.083590 0.051541 -0.282839 0.174397 0.840637 1.284635 0.836330 1.304296 0.402467 -0.552532
0.254238 0.806452 -0.988379 0.527354 -0.078580 0.051541 -0.265889 0.174397 0.845578 1.265403 0.009248 -0.038893 0.390741 -0.580513
0.271186 0.838708 -0.925380 0.624891 -0.073571 0.061074 -0.248941 0.206653 0.881460 1.258068 0.872213 1.296961 0.404308 -0.692843
0.271186 0.870968 -0.925380 0.722442 -0.073571 0.070608 -0.248941 0.238913 0.912210 1.268949 0.039997 -0.028012 0.430187 -0.764845
0.271186 0.903224 -0.925380 0.819979 -0.073571 0.080141 -0.248941 0.271169 0.943056 1.279117 0.903059 1.307130 0.456875 -0.828108
0.271186 0.935484 -0.925380 0.917530 -0.073571 0.089675 -0.248941 0.303429 0.973998 1.288642 0.070939 -0.018488 0.484245 -0.883724
0.271186 0.967740 -0.925380 1.015067 -0.073571 0.099207 -0.248941 0.335685 1.005018 1.297578 0.934079 1.316066 0.512180 -0.932698
0.254238 1.000000 -0.988379 1.112618 -0.078580 0.108742 -0.265889 0.367945 1.031813 1.321833 0.097734 0.005767 0.548612 -0.945042
0.220340 1.000000 -1.114388 1.112618 -0.088598 0.108742 -0.299787 0.367945 1.023987 1.353922 0.926254 1.348155 0.565818 -0.887119
0.169491 1.000000 -1.303406 1.112618 -0.103626 0.108742 -0.350636 0.367945 1.014262 1.402901 0.088008 0.054746 0.594326 -0.809481
0.135593 0.967740 -1.429415 1.015067 -0.113644 0.099207 -0.384534 0.335685 0.977193 1.431589 0.889184 1.376843 0.590105 -0.717676
0.067797 0.903224 -1.681432 0.819979 -0.133681 0.080141 -0.452331 0.271169 0.905764 1.495876 0.016580 0.119033 0.592761 -0.540046
0.050846 0.838708 -1.744441 0.624891 -0.138690 0.061074 -0.469281 0.206653 0.840247 1.510246 0.823667 1.391213 0.567202 -0.414808
0.016948 0.774192 -1.870450 0.429803 -0.148708 0.042007 -0.503179 0.142137 0.774377 1.548909 -0.049290 0.157695 0.563683 -0.275304
0.000000 0.677420 -1.933450 0.137178 -0.153717 0.013407 -0.520127 0.045365 0.677420 1.570796 0.726710 1.413101 0.543391 -0.086999
0.000000 0.612899 -1.933450 -0.057925 -0.153717 -0.005661 -0.520127 -0.019156 0.612899 1.570796 -0.113811 0.157695 0.528336 0.036812
0.000000 0.483867 -1.933450 -0.448100 -0.153717 -0.043795 -0.520127 -0.148188 0.483867 1.570796 0.597678 1.413101 0.521390 0.277553
0.016948 0.387096 -1.870450 -0.740725 -0.148708 -0.072395 -0.503179 -0.244959 0.387467 1.527042 -0.210212 0.113941 0.520468 0.453050
0.050846 0.290319 -1.744441 -1.033364 -0.138690 -0.100996 -0.469281 -0.341736 0.294738 1.397416 0.504950 1.283475 0.522529 0.629410
0.084744 0.193548 -1.618433 -1.325989 -0.128672 -0.129595 -0.435383 -0.438507 0.211287 1.158095 -0.293662 -0.125380 0.544254 0.788973
0.135593 0.129032 -1.429415 -1.521077 -0.113644 -0.148662 -0.384534 -0.503023 0.187176 0.760609 0.480838 0.885990 0.548472 0.918114
0.186439 0.064516 -1.240406 -1.716165 -0.098617 -0.167729 -0.333688 -0.567539 0.197286 0.333145 -0.283552 -0.552844 0.564738 1.039280
0.288137 0.000000 -0.862371 -1.911253 -0.068562 -0.186796 -0.231991 -0.632055 0.288137 0.000000 0.571688 0.552844 0.569519 1.219021
0.338983 0.000000 -0.673362 -1.911253 -0.053535 -0.186796 -0.181145 -0.632055 0.338983 0.000000 -0.232706 -0.552844 0.550768 1.291681
0.389831 0.032256 -0.484344 -1.813716 -0.038507 -0.177263 -0.130296 -0.599800 0.391163 0.082554 0.623869 0.635398 0.504971 1.356887
0.474576 0.193548 -0.169327 -1.325989 -0.013462 -0.129595 -0.045552 -0.438507 0.512526 0.387241 -0.111343 -0.248157 0.329741 1.467289
0.508474 0.258064 -0.043318 -1.130901 -0.003444 -0.110528 -0.011653 -0.373991 0.570213 0.469651 0.681556 0.717808 0.262322 1.539647
0.542372 0.322580 0.082690 -0.935813 0.006574 -0.091462 0.022245 -0.309475 0.631051 0.536556 -0.050505 -0.181252 0.198796 -1.499040
0.559323 0.419351 0.145700 -0.643188 0.011584 -0.062862 0.039195 -0.212704 0.699069 0.643340 0.749574 0.824592 0.108130 -1.388568
0.576270 0.483867 0.208699 -0.448100 0.016592 -0.043795 0.056143 -0.148188 0.752473 0.698456 0.002899 -0.126136 0.066834 -1.208641
0.576270 0.580644 0.208699 -0.155461 0.016592 -0.015194 0.056143 -0.051411 0.818068 0.789178 0.815169 0.915314 0.082549 -0.741431
0.593221 0.645160 0.271708 0.039627 0.021602 0.003873 0.073094 0.013105 0.876437 0.827315 0.061268 -0.088000 0.144830 0.177401
0.593221 0.677420 0.271708 0.137178 0.021602 0.013407 0.073094 0.045365 0.900449 0.851567 0.839181 0.939566 0.173447 0.555460
0.593221 0.741936 0.271708 0.332266 0.021602 0.032474 0.073094 0.109881 0.949937 0.896325 0.110756 -0.043241 0.233542 0.983805
0.576270 0.774192 0.208699 0.429803 0.016592 0.042007 0.056143 0.142137 0.965122 0.930920 0.854366 0.974161 0.260194 1.194612
0.610169 0.774192 0.334708 0.429803 0.026611 0.042007 0.090041 0.142137 0.985738 0.903331 0.131371 -0.070830 0.269548 1.006118
0.644067 0.774192 0.460717 0.429803 0.036629 0.042007 0.123940 0.142137 1.007072 0.876892 0.875701 0.947722 0.282683 0.853681
0.677965 0.774192 0.586725 0.429803 0.046647 0.042007 0.157838 0.142137 1.029082 0.851566 0.153381 -0.096156 0.299101 0.733103
0.728814 0.774192 0.775743 0.429803 0.061675 0.042007 0.208687 0.142137 1.063270 0.815580 0.909889 0.911736 0.328784 0.597929
0.813561 0.806452 1.090770 0.527354 0.086721 0.051541 0.293434 0.174397 1.145533 0.781010 0.235644 -0.130726 0.409982 0.536241
0.847459 0.806452 1.216779 0.527354 0.096739 0.051541 0.327332 0.174397 1.169851 0.760609 0.934207 0.891335 0.434889 0.489529
0.881357 0.806452 1.342788 0.527354 0.106757 0.051541 0.361230 0.174397 1.194636 0.741047 0.260429 -0.150288 0.460944 0.449782
0.898305 0.838708 1.405787 0.624891 0.111766 0.061074 0.378178 0.206653 1.228976 0.751101 0.968547 0.901390 0.494482 0.500108
0.915256 0.838708 1.468796 0.624891 0.116775 0.061074 0.395128 0.206653 1.241420 0.741783 0.272873 -0.159607 0.507563 0.481879
0.898305 0.838708 1.405787 0.624891 0.111766 0.061074 0.378178 0.206653 1.228976 0.751101 0.956103 0.910708 0.494482 0.500108
0.864407 0.838708 1.279778 0.624891 0.101748 0.061074 0.344280 0.206653 1.204421 0.770310 0.248318 -0.140398 0.469065 0.540600
0.847459 0.806452 1.216779 0.527354 0.096739 0.051541 0.327332 0.174397 1.169851 0.760609 0.921534 0.901007 0.434889 0.489529
0.813561 0.774192 1.090770 0.429803 0.086721 0.042007 0.293434 0.142137 1.123056 0.760608 0.201522 -0.140400 0.388139 0.451083
0.796610 0.709676 1.027761 0.234715 0.081711 0.022940 0.276483 0.077621 1.066878 0.727747 0.865356 0.868147 0.335219 0.273697
0.796610 0.677420 1.027761 0.137178 0.081711 0.013407 0.276483 0.045365 1.045699 0.704714 0.180343 -0.163434 0.318094 0.162630
0.796610 0.612899 1.027761 -0.057925 0.081711 -0.005661 0.276483 -0.019156 1.005104 0.655792 0.824761 0.819225 0.291633 -0.069173
0.796610 0.548383 1.027761 -0.253013 0.081711 -0.024728 0.276483 -0.083672 0.967116 0.602895 0.142355 -0.216330 0.277923 -0.293867
0.830509 0.419351 1.153770 -0.643188 0.091729 -0.062862 0.310381 -0.212704 0.930376 0.467586 0.788021 0.683916 0.326332 -0.600790
0.847459 0.387096 1.216779 -0.740725 0.096739 -0.072395 0.327332 -0.244959 0.931681 0.428471 0.143660 -0.255445 0.353332 -0.642445
0.915256 0.354835 1.468796 -0.838276 0.116775 -0.081929 0.395128 -0.277220 0.981632 0.369849 0.837972 0.625294 0.428308 -0.611795
0.949154 0.354835 1.594805 -0.838276 0.126794 -0.081929 0.429027 -0.277220 1.013312 0.357757 0.175340 -0.267538 0.459767 -0.573671
1.000000 0.419351 1.783813 -0.643188 0.141821 -0.062862 0.479873 -0.212704 1.084369 0.397077 0.909029 0.664614 0.490340 -0.417227
1.000000 0.548383 1.783813 -0.253013 0.141821 -0.024728 0.479873 -0.083672 1.140493 0.501601 0.231464 -0.163013 0.480704 -0.172627
1.000000 0.612899 1.783813 -0.057925 0.141821 -0.005661 0.479873 -0.019156 1.172879 0.549850 0.941415 0.712863 0.488758 -0.039897
0.966102 0.709676 1.657805 0.234715 0.131802 0.022940 0.445975 0.077621 1.198746 0.633557 0.257331 -0.079306 0.484584 0.172321
0.949154 0.709676 1.594805 0.234715 0.126794 0.022940 0.429027 0.077621 1.185130 0.642023 0.927799 0.721329 0.469034 0.178986
0.932203 0.741936 1.531796 0.332266 0.121784 0.032474 0.412076 0.109881 1.191416 0.672233 0.263618 -0.049097 0.467981 0.260589
