0.108694 0.421059 -1.182768 -0.401817 -0.077805 -0.029736 -0.355636 -0.135919 0.434862 1.318168 0.434862 1.318168 0.358259 0.365056
0.130434 0.473686 -1.110464 -0.246235 -0.073049 -0.018222 -0.333896 -0.083292 0.491316 1.302095 0.056454 -0.016073 0.334027 0.244466
0.152172 0.526322 -1.038170 -0.090630 -0.068293 -0.006707 -0.312158 -0.030657 0.547878 1.289348 0.491424 1.305421 0.318254 0.097895
0.152172 0.578949 -1.038170 0.064952 -0.068293 0.004807 -0.312158 0.021971 0.598614 1.313769 0.107190 0.008348 0.332536 -0.070267
0.152172 0.631584 -1.038170 0.220557 -0.068293 0.016322 -0.312158 0.074606 0.649658 1.334366 0.542468 1.326018 0.354142 -0.234600
0.152172 0.684212 -1.038170 0.376139 -0.068293 0.027836 -0.312158 0.127233 0.700929 1.351954 0.158461 0.025936 0.381826 -0.387035
0.152172 0.736847 -1.038170 0.531745 -0.068293 0.039351 -0.312158 0.179869 0.752396 1.367142 0.593935 1.341206 0.414377 -0.522743
0.152172 0.789475 -1.038170 0.687327 -0.068293 0.050865 -0.312158 0.232496 0.804006 1.380381 0.210072 0.039175 0.450735 -0.640166
0.130434 0.842110 -1.110464 0.842932 -0.073049 0.062380 -0.333896 0.285132 0.852151 1.417127 0.642080 1.377953 0.504186 -0.706785
0.108694 0.842110 -1.182768 0.842932 -0.077805 0.062380 -0.355636 0.285132 0.849096 1.442433 0.207016 0.064480 0.518840 -0.675807
0.086956 0.842110 -1.255062 0.842932 -0.082561 0.062380 -0.377374 0.285132 0.846588 1.467901 0.639572 1.403421 0.533974 -0.647055
0.065216 0.842110 -1.327367 0.842932 -0.087317 0.062380 -0.399114 0.285132 0.844631 1.493508 0.205060 0.090087 0.549554 -0.620332
0.043478 0.842110 -1.399661 0.842932 -0.092073 0.062380 -0.420852 0.285132 0.843232 1.519212 0.638172 1.429125 0.565539 -0.595472
0.043478 0.789475 -1.399661 0.687327 -0.092073 0.050865 -0.420852 0.232496 0.790671 1.515780 0.152499 0.086654 0.531823 -0.504716
0.021737 0.789475 -1.471966 0.687327 -0.096829 0.050865 -0.442593 0.232496 0.789774 1.543269 0.637275 1.456615 0.549188 -0.483686
0.021737 0.736847 -1.471966 0.531745 -0.096829 0.039351 -0.442593 0.179869 0.737168 1.541304 0.099893 0.084689 0.519763 -0.386010
0.021737 0.684212 -1.471966 0.376139 -0.096829 0.027836 -0.442593 0.127233 0.684557 1.539037 0.584664 1.454348 0.494203 -0.279925
0.000000 0.631584 -1.544260 0.220557 -0.101585 0.016322 -0.464330 0.074606 0.631584 1.570796 0.046920 0.116449 0.493535 -0.159313
0.000000 0.578949 -1.544260 0.064952 -0.101585 0.004807 -0.464330 0.021971 0.578949 1.570796 0.532029 1.454348 0.478268 -0.047282
0.000000 0.473686 -1.544260 -0.246235 -0.101585 -0.018222 -0.464330 -0.083292 0.473686 1.570796 -0.058342 0.116449 0.464424 0.177493
0.000000 0.421059 -1.544260 -0.401817 -0.101585 -0.029736 -0.464330 -0.135919 0.421059 1.570796 0.479401 1.454348 0.466342 0.284766
0.000000 0.368424 -1.544260 -0.557423 -0.101585 -0.041252 -0.464330 -0.188555 0.368424 1.570796 -0.110978 0.116449 0.474131 0.385736
0.000000 0.315796 -1.544260 -0.713005 -0.101585 -0.052765 -0.464330 -0.241182 0.315796 1.570796 0.426774 1.454348 0.487509 0.479062
0.000000 0.263161 -1.544260 -0.868610 -0.101585 -0.064281 -0.464330 -0.293817 0.263161 1.570796 -0.163613 0.116449 0.506035 0.564172
0.021737 0.210533 -1.471966 -1.024192 -0.096829 -0.075794 -0.442593 -0.346445 0.211653 1.467912 0.375266 1.351463 0.510197 0.664142
0.043478 0.157898 -1.399661 -1.179798 -0.092073 -0.087310 -0.420852 -0.399080 0.163775 1.302100 -0.211491 -0.049363 0.520593 0.758851
0.043478 0.105263 -1.399661 -1.335403 -0.092073 -0.098825 -0.420852 -0.451716 0.113889 1.179096 0.325380 1.228460 0.553214 0.820755
0.065216 0.105263 -1.327367 -1.335403 -0.087317 -0.098825 -0.399114 -0.451716 0.123828 1.016126 -0.201552 -0.212334 0.536863 0.847143
0.086956 0.105263 -1.255062 -1.335403 -0.082561 -0.098825 -0.377374 -0.451716 0.136534 0.880350 0.338086 1.092683 0.520903 0.874826
0.108694 0.052635 -1.182768 -1.490985 -0.077805 -0.110339 -0.355636 -0.504343 0.120768 0.450972 -0.217319 -0.641712 0.544031 0.956624
0.130434 0.052635 -1.110464 -1.490985 -0.073049 -0.110339 -0.333896 -0.504343 0.140654 0.383553 0.357973 1.025265 0.530074 0.986003
0.152172 0.000000 -1.038170 -1.646591 -0.068293 -0.121854 -0.312158 -0.556978 0.152172 0.000000 -0.205801 -1.025265 0.559504 1.059966
0.173912 0.000000 -0.965865 -1.646591 -0.063537 -0.121854 -0.290418 -0.556978 0.173912 0.000000 0.379714 1.025265 0.547672 1.090163
0.217391 0.000000 -0.821266 -1.646591 -0.054025 -0.121854 -0.246939 -0.556978 0.217391 0.000000 -0.162323 -1.025265 0.525910 1.153482
0.239131 0.000000 -0.748962 -1.646591 -0.049268 -0.121854 -0.225199 -0.556978 0.239131 0.000000 0.401454 1.025265 0.516059 1.186569
0.260869 0.000000 -0.676668 -1.646591 -0.044513 -0.121854 -0.203461 -0.556978 0.260869 0.000000 -0.140586 -1.025265 0.506951 1.220561
0.282609 0.052635 -0.604363 -1.490985 -0.039756 -0.110339 -0.181721 -0.504343 0.287469 0.184138 0.428055 1.209403 0.450017 1.224965
0.326088 0.052635 -0.459764 -1.490985 -0.030244 -0.110339 -0.138242 -0.504343 0.330308 0.160034 -0.097747 -1.049369 0.434285 1.303263
0.347825 0.052635 -0.387470 -1.490985 -0.025489 -0.110339 -0.116505 -0.504343 0.351785 0.150188 0.449531 1.199556 0.427862 1.343775
0.369566 0.105263 -0.315166 -1.335403 -0.020732 -0.098825 -0.094764 -0.451716 0.384264 0.277480 -0.065267 -0.922076 0.371362 1.364007
0.391303 0.157898 -0.242872 -1.179798 -0.015977 -0.087310 -0.073027 -0.399080 0.421960 0.383536 0.487227 1.305612 0.315013 1.389811
0.413044 0.157898 -0.170567 -1.179798 -0.011220 -0.087310 -0.051286 -0.399080 0.442196 0.365137 -0.045031 -0.940475 0.310694 1.442986
0.434781 0.210533 -0.098273 -1.024192 -0.006465 -0.075794 -0.029549 -0.346445 0.483072 0.450951 0.528104 1.391426 0.255511 1.485711
0.434781 0.263161 -0.098273 -0.868610 -0.006465 -0.064281 -0.029549 -0.293817 0.508221 0.544287 -0.019883 -0.847139 0.203328 1.470565
0.456522 0.315796 -0.025968 -0.713005 -0.001708 -0.052765 -0.007808 -0.241182 0.555103 0.605163 0.574986 1.452302 0.148739 1.538433
0.456522 0.368424 -0.025968 -0.557423 -0.001708 -0.041252 -0.007808 -0.188555 0.586641 0.679008 0.011655 -0.773294 0.096224 1.529410
0.456522 0.421059 -0.025968 -0.401817 -0.001708 -0.029736 -0.007808 -0.135919 0.621050 0.745010 0.609394 1.518304 0.043970 1.513413
0.456522 0.473686 -0.025968 -0.246235 -0.001708 -0.018222 -0.007808 -0.083292 0.657868 0.803848 0.048474 -0.714456 0.012186 1.477325
0.456522 0.526322 -0.025968 -0.090630 -0.001708 -0.006707 -0.007808 -0.030657 0.696726 0.856297 0.648252 1.570753 0.062481 1.321402
0.456522 0.578949 -0.025968 0.064952 -0.001708 0.004807 -0.007808 0.021971 0.737288 0.903085 0.089037 -0.667668 0.114885 -1.229329
0.434781 0.631584 -0.098273 0.220557 -0.006465 0.016322 -0.029549 0.074606 0.766768 0.967900 0.677731 1.635568 0.169845 -1.193687
0.413044 0.684212 -0.170567 0.376139 -0.011220 0.027836 -0.051286 0.127233 0.799219 1.027677 0.121487 -0.607891 0.225784 -1.187631
0.391303 0.736847 -0.242872 0.531745 -0.015977 0.039351 -0.073027 0.179869 0.834303 1.082618 0.712816 1.690509 0.282132 -1.185127
0.369566 0.736847 -0.315166 0.531745 -0.020732 0.039351 -0.094764 0.179869 0.824332 1.105910 0.111516 -0.584599 0.288524 -1.085898
0.369566 0.789475 -0.315166 0.687327 -0.020732 0.050865 -0.094764 0.232496 0.871693 1.132980 0.760177 1.717579 0.338673 -1.183759
0.347825 0.789475 -0.387470 0.687327 -0.025489 0.050865 -0.116505 0.232496 0.862701 1.155805 0.102523 -0.561774 0.345387 -1.106265
0.326088 0.842110 -0.459764 0.842932 -0.030244 0.062380 -0.138242 0.285132 0.903040 1.201350 0.800517 1.763123 0.402279 -1.119352
0.347825 0.842110 -0.387470 0.842932 -0.025489 0.062380 -0.116505 0.285132 0.911115 1.179099 0.110598 -0.584024 0.395337 -1.182897
0.369566 0.842110 -0.315166 0.842932 -0.020732 0.062380 -0.094764 0.285132 0.919635 1.157248 0.809036 1.741271 0.389484 -1.249928
0.391303 0.842110 -0.242872 0.842932 -0.015977 0.062380 -0.073027 0.285132 0.928583 1.135810 0.119547 -0.605461 0.384773 -1.320069
0.413044 0.842110 -0.170567 0.842932 -0.011220 0.062380 -0.051286 0.285132 0.937952 1.114788 0.818405 1.720249 0.381245 -1.392831
0.456522 0.842110 -0.025968 0.842932 -0.001708 0.062380 -0.007808 0.285132 0.957894 1.074026 0.139489 -0.646224 0.377861 -1.543419
0.478259 0.842110 0.046326 0.842932 0.003047 0.062380 0.013929 0.285132 0.968443 1.054292 0.828953 1.700515 0.378037 1.521983
0.521737 0.894737 0.190924 0.998514 0.012559 0.073894 0.057407 0.337759 1.035744 1.042883 0.206790 -0.657633 0.434219 1.402440
0.565216 0.894737 0.335523 0.998514 0.022071 0.073894 0.100886 0.337759 1.058312 1.007386 0.851522 1.665018 0.442073 1.280541
0.608694 0.894737 0.480122 0.998514 0.031584 0.073894 0.144364 0.337759 1.082157 0.973412 0.230635 -0.691607 0.453973 1.166881
0.652172 0.947373 0.624720 1.154120 0.041096 0.085410 0.187842 0.390394 1.150149 0.967898 0.919514 1.659505 0.518280 1.122335
0.695650 0.947373 0.769319 1.154120 0.050608 0.085410 0.231320 0.390394 1.175348 0.937423 0.255834 -0.722081 0.535574 1.035888
0.717391 0.947373 0.841624 1.154120 0.055364 0.085410 0.253061 0.390394 1.188345 0.922676 0.932511 1.644758 0.545316 0.995675
0.760869 0.947373 0.986223 1.154120 0.064876 0.085410 0.296539 0.390394 1.215087 0.894146 0.282576 -0.750611 0.566803 0.921187
0.782606 0.947373 1.058516 1.154120 0.069632 0.085410 0.318276 0.390394 1.228815 0.880354 0.946239 1.630965 0.578472 0.886815
0.804347 1.000000 1.130821 1.309702 0.074388 0.096923 0.340017 0.443022 1.283345 0.893410 0.337105 -0.737554 0.634471 0.916192
0.826084 1.000000 1.203115 1.309702 0.079144 0.096923 0.361754 0.443022 1.297079 0.880351 0.959974 1.617906 0.646381 0.886038
0.847825 1.000000 1.275420 1.309702 0.083900 0.096923 0.383495 0.443022 1.311033 0.867566 0.351059 -0.750340 0.658795 0.857295
0.847825 0.947373 1.275420 1.154120 0.083900 0.085410 0.383495 0.390394 1.271347 0.840794 0.920288 1.591133 0.616765 0.794313
0.847825 0.894737 1.275420 0.998514 0.083900 0.073894 0.383495 0.337759 1.232624 0.812313 0.312336 -0.778820 0.576471 0.722071
0.847825 0.842110 1.275420 0.842932 0.083900 0.062380 0.383495 0.285132 1.194971 0.782016 0.882635 1.560836 0.538318 0.639333
0.847825 0.789475 1.275420 0.687327 0.083900 0.050865 0.383495 0.232496 1.158481 0.749775 0.275846 -0.811061 0.502780 0.545007
0.847825 0.736847 1.275420 0.531745 0.083900 0.039351 0.383495 0.179869 1.123277 0.715480 0.847431 1.526542 0.470461 0.438562
0.847825 0.684212 1.275420 0.376139 0.083900 0.027836 0.383495 0.127233 1.089474 0.679007 0.242042 -0.847535 0.442059 0.320346
0.847825 0.631584 1.275420 0.220557 0.083900 0.016322 0.383495 0.074606 1.057216 0.640259 0.815174 1.487794 0.418381 0.192143
0.847825 0.578949 1.275420 0.064952 0.083900 0.004807 0.383495 0.021971 1.026640 0.599132 0.211466 -0.888662 0.400257 0.057228
0.847825 0.526322 1.275420 -0.090630 0.083900 -0.006707 0.383495 -0.030657 0.997909 0.555567 0.786443 1.444228 0.388473 -0.079771
0.847825 0.473686 1.275420 -0.246235 0.083900 -0.018222 0.383495 -0.083292 0.971178 0.509504 0.184735 -0.934724 0.383609 -0.213870
0.847825 0.421059 1.275420 -0.401817 0.083900 -0.029736 0.383495 -0.135919 0.946624 0.460951 0.761889 1.395676 0.385928 -0.340610
0.847825 0.368424 1.275420 -0.557423 0.083900 -0.041252 0.383495 -0.188555 0.924415 0.409933 0.162526 -0.985743 0.395305 -0.456965
0.869562 0.368424 1.347714 -0.557423 0.088656 -0.041252 0.405232 -0.188555 0.944391 0.400759 0.781866 1.386502 0.416427 -0.435505
0.869562 0.315796 1.347714 -0.713005 0.088656 -0.052765 0.405232 -0.241182 0.925130 0.348356 0.143265 -1.038146 0.431597 -0.536860
0.891303 0.315796 1.420019 -0.713005 0.093412 -0.052765 0.426973 -0.241182 0.945594 0.340508 0.802330 1.378654 0.452071 -0.514184
0.913044 0.315796 1.492323 -0.713005 0.098169 -0.052765 0.448714 -0.241182 0.966114 0.332992 0.163784 -1.045661 0.472659 -0.493193
0.934781 0.315796 1.564617 -0.713005 0.102924 -0.052765 0.470451 -0.241182 0.986683 0.325791 0.822898 1.371452 0.493342 -0.473725
0.956522 0.315796 1.636922 -0.713005 0.107681 -0.052765 0.492192 -0.241182 1.007304 0.318883 0.184405 -1.052569 0.514116 -0.455629
0.978259 0.368424 1.709216 -0.557423 0.112436 -0.041252 0.513929 -0.188555 1.045336 0.360183 0.860930 1.412752 0.522801 -0.351640
1.000000 0.421059 1.781521 -0.401817 0.117193 -0.029736 0.535670 -0.135919 1.085030 0.398528 0.224100 -1.014224 0.537415 -0.248493
1.000000 0.473686 1.781521 -0.246235 0.117193 -0.018222 0.535670 -0.083292 1.106516 0.442376 0.882417 1.456600 0.535752 -0.154256
1.000000 0.526322 1.781521 -0.090630 0.117193 -0.006707 0.535670 -0.030657 1.130051 0.484483 0.247634 -0.972117 0.539245 -0.057168
0.978259 0.631584 1.709216 0.220557 0.112436 0.016322 0.513929 0.074606 1.164427 0.573290 0.916793 1.545408 0.540460 0.144161
0.978259 0.684212 1.709216 0.376139 0.112436 0.027836 0.513929 0.127233 1.193791 0.610335 0.276998 -0.935073 0.558991 0.242690
0.956522 0.736847 1.636922 0.531745 0.107681 0.039351 0.492192 0.179869 1.207426 0.656392 0.930428 1.591465 0.562600 0.350367
0.934781 0.789475 1.564617 0.687327 0.102924 0.050865 0.470451 0.232496 1.223555 0.701325 0.293127 -0.890140 0.571877 0.458996
0.891303 0.842110 1.420019 0.842932 0.093412 0.062380 0.426973 0.285132 1.226202 0.757026 0.933075 1.647166 0.570108 0.588785
0.847825 0.842110 1.275420 0.842932 0.083900 0.062380 0.383495 0.285132 1.194971 0.782016 0.261896 -0.865150 0.538318 0.639333
0.782606 0.894737 1.058516 0.998514 0.069632 0.073894 0.318276 0.337759 1.188708 0.852149 0.926812 1.717299 0.535304 0.815087
