0.062501 0.360002 -1.402283 -0.697288 -0.110304 -0.064356 -0.420288 -0.245215 0.365387 1.398896 0.365387 1.398896 0.437857 0.528157
0.083333 0.360002 -1.332778 -0.697288 -0.104837 -0.064356 -0.399457 -0.245215 0.369521 1.343323 0.004134 -0.055573 0.417902 0.550557
0.104168 0.360002 -1.263263 -0.697288 -0.099369 -0.064356 -0.378622 -0.245215 0.374770 1.289135 0.370636 1.344708 0.398034 0.574722
0.125000 0.399999 -1.193759 -0.583554 -0.093902 -0.053859 -0.357790 -0.205218 0.419075 1.267911 0.048439 -0.076796 0.367244 0.520760
0.125000 0.440002 -1.193759 -0.469802 -0.093902 -0.043361 -0.357790 -0.165215 0.457413 1.294000 0.408974 1.370796 0.360339 0.432595
0.145834 0.520001 -1.124244 -0.242317 -0.088434 -0.022365 -0.336955 -0.085215 0.540064 1.297370 0.131091 -0.073426 0.339004 0.247705
0.166666 0.600001 -1.054739 -0.014831 -0.082966 -0.001369 -0.316124 -0.005216 0.622719 1.299851 0.491629 1.373277 0.337154 0.016497
0.166666 0.639998 -1.054739 0.098903 -0.082966 0.009128 -0.316124 0.034781 0.661343 1.316038 0.169715 -0.057239 0.353056 -0.109583
0.166666 0.719998 -1.054739 0.326389 -0.082966 0.030124 -0.316124 0.114781 0.739036 1.343321 0.569321 1.400560 0.395224 -0.348287
0.145834 0.760001 -1.124244 0.440140 -0.088434 0.040623 -0.336955 0.154784 0.773866 1.381214 0.204545 -0.019346 0.436331 -0.430611
0.145834 0.799998 -1.124244 0.553874 -0.088434 0.051120 -0.336955 0.194781 0.813181 1.390483 0.608636 1.409829 0.462774 -0.524132
0.125000 0.840000 -1.193759 0.667626 -0.093902 0.061619 -0.357790 0.234784 0.849250 1.423071 0.240614 0.013242 0.505582 -0.580725
0.104168 0.840000 -1.263263 0.667626 -0.099369 0.061619 -0.378622 0.234784 0.846435 1.447417 0.605821 1.434175 0.520532 -0.555068
0.083333 0.840000 -1.332778 0.667626 -0.104837 0.061619 -0.399457 0.234784 0.844124 1.471914 0.238303 0.037739 0.535878 -0.531369
0.062501 0.840000 -1.402283 0.667626 -0.110304 0.061619 -0.420288 0.234784 0.842323 1.496527 0.604020 1.458788 0.551581 -0.509441
0.020835 0.719998 -1.541302 0.326389 -0.121240 0.030124 -0.461955 0.114781 0.720299 1.541867 0.116280 0.083079 0.519298 -0.243536
0.000000 0.639998 -1.610817 0.098903 -0.126708 0.009128 -0.482790 0.034781 0.639998 1.570796 0.523719 1.487717 0.507740 -0.071918
0.000000 0.559998 -1.610817 -0.128583 -0.126708 -0.011868 -0.482790 -0.045219 0.559998 1.570796 0.036280 0.083079 0.488924 0.093389
0.000000 0.479999 -1.610817 -0.356068 -0.126708 -0.032863 -0.482790 -0.125218 0.479999 1.570796 0.443719 1.487717 0.482798 0.253772
0.000000 0.399999 -1.610817 -0.583554 -0.126708 -0.053859 -0.482790 -0.205218 0.399999 1.570796 -0.043720 0.083079 0.489837 0.401928
0.020835 0.280002 -1.541302 -0.924774 -0.121240 -0.085352 -0.461955 -0.325215 0.280776 1.496524 0.324496 1.413444 0.504505 0.613403
0.062501 0.200002 -1.402283 -1.152259 -0.110304 -0.106348 -0.420288 -0.405214 0.209541 1.267909 -0.114955 -0.145536 0.506568 0.767140
0.104168 0.120003 -1.263263 -1.379745 -0.099369 -0.127344 -0.378622 -0.485214 0.158907 0.855918 0.273863 1.001454 0.524375 0.908172
0.145834 0.080000 -1.124244 -1.493496 -0.088434 -0.137843 -0.336955 -0.525217 0.166336 0.501741 -0.107527 -0.499712 0.525146 1.000381
0.187501 0.040003 -0.985224 -1.607230 -0.077498 -0.148340 -0.295289 -0.565214 0.191721 0.210196 0.299248 0.709909 0.532218 1.089361
0.229168 0.000000 -0.846205 -1.720982 -0.066563 -0.158838 -0.253622 -0.605217 0.229168 0.000000 -0.070080 -0.709909 0.545353 1.173968
0.333332 0.000000 -0.498661 -1.720982 -0.039225 -0.158838 -0.149457 -0.605217 0.333332 0.000000 0.403412 0.709909 0.505394 1.328692
0.395834 0.040003 -0.290127 -1.607230 -0.022822 -0.148340 -0.086956 -0.565214 0.397850 0.100718 -0.005563 -0.609191 0.451244 1.418147
0.416665 0.080000 -0.220622 -1.493496 -0.017354 -0.137843 -0.066124 -0.525217 0.424276 0.189692 0.429838 0.798882 0.408182 1.445556
0.458332 0.120003 -0.081603 -1.379745 -0.006419 -0.127344 -0.024458 -0.485214 0.473781 0.256077 0.043943 -0.542806 0.363611 1.520433
0.479167 0.200002 -0.012088 -1.152259 -0.000951 -0.106348 -0.003623 -0.405214 0.519232 0.395413 0.475289 0.938218 0.282810 1.561856
0.479167 0.280002 -0.012088 -0.924774 -0.000951 -0.085352 -0.003623 -0.325215 0.554979 0.528834 0.079690 -0.409384 0.202820 1.559657
0.479167 0.479999 -0.012088 -0.356068 -0.000951 -0.032863 -0.003623 -0.125218 0.678233 0.786265 0.598542 1.195649 0.004573 1.541871
0.479167 0.559998 -0.012088 -0.128583 -0.000951 -0.011868 -0.003623 -0.045219 0.737020 0.863027 0.138478 -0.332622 0.077294 1.490846
0.479167 0.639998 -0.012088 0.098903 -0.000951 0.009128 -0.003623 0.034781 0.799499 0.928128 0.661021 1.260750 0.157250 -1.467007
0.458332 0.719998 -0.081603 0.326389 -0.006419 0.030124 -0.024458 0.114781 0.853502 1.003917 0.192481 -0.256833 0.238466 -1.360854
0.458332 0.760001 -0.081603 0.440140 -0.006419 0.040623 -0.024458 0.154784 0.887507 1.028124 0.695026 1.284957 0.278288 -1.414080
0.437500 0.840000 -0.151107 0.667626 -0.011886 0.061619 -0.045289 0.234784 0.947105 1.090621 0.252078 -0.194335 0.360070 -1.380238
0.437500 0.879997 -0.151107 0.781360 -0.011886 0.072116 -0.045289 0.274780 0.982752 1.109423 0.730674 1.303758 0.399781 -1.407444
0.437500 0.920000 -0.151107 0.895111 -0.011886 0.082615 -0.045289 0.314783 1.018728 1.126905 0.288054 -0.176854 0.439550 -1.427902
0.458332 0.920000 -0.081603 0.895111 -0.006419 0.082615 -0.024458 0.314783 1.027847 1.108600 0.739792 1.285454 0.437894 -1.493255
0.499998 0.959997 0.057417 1.008845 0.004516 0.093112 0.017209 0.354780 1.082401 1.090621 0.342609 -0.194833 0.477518 1.522329
0.541665 0.959997 0.196436 1.008845 0.015452 0.093112 0.058875 0.354780 1.102268 1.057089 0.759659 1.251922 0.480826 1.406346
0.604166 0.959997 0.404971 1.008845 0.031855 0.093112 0.121377 0.354780 1.134289 1.009081 0.374630 -0.242841 0.492401 1.241161
0.666668 0.959997 0.613505 1.008845 0.048259 0.093112 0.183878 0.354780 1.168777 0.963807 0.794148 1.206647 0.511408 1.092626
0.729166 0.959997 0.822029 1.008845 0.064661 0.093112 0.246376 0.354780 1.205520 0.921211 0.411372 -0.285436 0.537055 0.963807
0.812499 0.959997 1.100068 1.008845 0.086532 0.093112 0.329709 0.354780 1.257676 0.868422 0.846304 1.153858 0.580030 0.822009
0.854166 0.959997 1.239087 1.008845 0.097467 0.093112 0.371376 0.354780 1.284988 0.843668 0.438684 -0.310190 0.604687 0.762548
0.875000 0.959997 1.308602 1.008845 0.102935 0.093112 0.392211 0.354780 1.298930 0.831685 0.860247 1.141874 0.617702 0.735332
0.895832 0.959997 1.378107 1.008845 0.108402 0.093112 0.413042 0.354780 1.313054 0.819959 0.452807 -0.321915 0.631135 0.709664
0.916667 0.959997 1.447622 1.008845 0.113871 0.093112 0.433877 0.354780 1.327356 0.808483 0.874549 1.130398 0.644962 0.685439
0.937499 0.959997 1.517126 1.008845 0.119338 0.093112 0.454709 0.354780 1.341826 0.797255 0.467278 -0.333144 0.659156 0.662573
0.916667 0.879997 1.447622 0.781360 0.113871 0.072116 0.433877 0.274780 1.270698 0.764991 0.803420 1.098135 0.588238 0.564555
0.895832 0.840000 1.378107 0.667626 0.108402 0.061619 0.413042 0.234784 1.228054 0.753245 0.424633 -0.344890 0.546080 0.516879
0.854166 0.680001 1.239087 0.212654 0.097467 0.019627 0.371376 0.074784 1.091788 0.672358 0.667154 1.017248 0.420491 0.198713
0.854166 0.639998 1.239087 0.098903 0.097467 0.009128 0.371376 0.034781 1.067331 0.643032 0.400177 -0.374216 0.403280 0.093383
0.854166 0.559998 1.239087 -0.128583 0.097467 -0.011868 0.371376 -0.045219 1.021370 0.580308 0.621193 0.954524 0.379317 -0.121163
0.854166 0.520001 1.239087 -0.242317 0.097467 -0.022365 0.371376 -0.085215 1.000000 0.546853 0.378807 -0.407671 0.373236 -0.225554
0.854166 0.440002 1.239087 -0.469802 0.097467 -0.043361 0.371376 -0.165215 0.960833 0.475674 0.582026 0.883345 0.373833 -0.418582
0.916667 0.399999 1.447622 -0.583554 0.113871 -0.053859 0.433877 -0.205218 1.000139 0.411455 0.418113 -0.471890 0.441706 -0.441804
0.937499 0.360002 1.517126 -0.697288 0.119338 -0.064356 0.454709 -0.245215 1.004244 0.366640 0.586131 0.838530 0.470996 -0.494575
0.979165 0.360002 1.656146 -0.697288 0.130273 -0.064356 0.496375 -0.245215 1.043248 0.352322 0.457117 -0.486208 0.511337 -0.458845
1.000000 0.399999 1.725661 -0.583554 0.135741 -0.053859 0.517210 -0.205218 1.077033 0.380505 0.619916 0.866714 0.523795 -0.377726
1.000000 0.559998 1.725661 -0.128583 0.135741 -0.011868 0.517210 -0.045219 1.146123 0.510487 0.526207 -0.356227 0.522941 -0.087206
1.000000 0.639998 1.725661 0.098903 0.135741 0.009128 0.517210 0.034781 1.187265 0.569312 0.661057 0.925538 0.540575 0.067147
0.979165 0.799998 1.656146 0.553874 0.130273 0.051120 0.496375 0.194781 1.264421 0.685033 0.603364 -0.240505 0.589075 0.373943
0.958333 0.879997 1.586641 0.781360 0.124806 0.072116 0.475544 0.274780 1.301076 0.742811 0.697712 0.983317 0.619609 0.523954
0.937499 0.959997 1.517126 1.008845 0.119338 0.093112 0.454709 0.354780 1.341826 0.797255 0.644114 -0.186062 0.659156 0.662573
0.916667 1.000000 1.447622 1.122597 0.113871 0.103610 0.433877 0.394783 1.356569 0.828849 0.712454 1.014911 0.675097 0.738256
