0.019229 0.482757 -1.586139 -0.403490 -0.122108 -0.038754 -0.449198 -0.142564 0.483140 1.530985 0.483140 1.530985 0.449426 0.307320
0.057691 0.482757 -1.450330 -0.403490 -0.111652 -0.038754 -0.410736 -0.142564 0.486192 1.451858 0.003052 -0.079128 0.410986 0.334083
0.076923 0.482757 -1.382420 -0.403490 -0.106424 -0.038754 -0.391504 -0.142564 0.488847 1.412784 0.485795 1.491911 0.391766 0.349219
0.096152 0.482757 -1.314520 -0.403490 -0.101197 -0.038754 -0.372275 -0.142564 0.492240 1.374196 0.006444 -0.117715 0.372550 0.365725
0.115385 0.517243 -1.246610 -0.305888 -0.095969 -0.029380 -0.353043 -0.108079 0.529956 1.351314 0.523512 1.469029 0.356401 0.297076
0.153846 0.620688 -1.110801 -0.013113 -0.085514 -0.001259 -0.314581 -0.004633 0.639470 1.327829 0.115958 -0.141200 0.349492 0.014727
0.153846 0.655173 -1.110801 0.084488 -0.085514 0.008115 -0.314581 0.029852 0.672994 1.340157 0.557035 1.481357 0.365835 -0.094611
0.153846 0.689653 -1.110801 0.182075 -0.085514 0.017488 -0.314581 0.064332 0.706605 1.351312 0.149569 -0.130045 0.384581 -0.201719
0.153846 0.758619 -1.110801 0.377263 -0.085514 0.036235 -0.314581 0.133297 0.774061 1.370712 0.624492 1.500757 0.427986 -0.400794
0.153846 0.793104 -1.110801 0.474865 -0.085514 0.045609 -0.314581 0.167783 0.807888 1.379196 0.183396 -0.121561 0.452080 -0.489972
0.134614 0.827584 -1.178711 0.572452 -0.090742 0.054982 -0.333813 0.202263 0.838461 1.409550 0.655065 1.531110 0.490331 -0.544758
0.115385 0.827584 -1.246610 0.572452 -0.095969 0.054982 -0.353043 0.202263 0.835589 1.432266 0.180524 -0.098844 0.503620 -0.520265
0.096152 0.827584 -1.314520 0.572452 -0.101197 0.054982 -0.372275 0.202263 0.833151 1.455130 0.652627 1.553975 0.517283 -0.497697
0.076923 0.793104 -1.382420 0.474865 -0.106424 0.045609 -0.391504 0.167783 0.796826 1.474109 0.144199 -0.079866 0.508616 -0.404881
0.057691 0.758619 -1.450330 0.377263 -0.111652 0.036235 -0.410736 0.133297 0.760809 1.494895 0.616610 1.574761 0.502907 -0.313809
0.038462 0.689653 -1.518229 0.182075 -0.116880 0.017488 -0.429966 0.064332 0.690725 1.515085 0.074115 -0.059677 0.483541 -0.148520
0.019229 0.655173 -1.586139 0.084488 -0.122108 0.008115 -0.449198 0.029852 0.655455 1.541455 0.581341 1.601131 0.486470 -0.066359
0.000000 0.517243 -1.654039 -0.305888 -0.127335 -0.029380 -0.468427 -0.108079 0.517243 1.570796 -0.064098 -0.030335 0.470964 0.226759
0.000000 0.448277 -1.654039 -0.501077 -0.127335 -0.048127 -0.468427 -0.177044 0.448277 1.570796 0.512375 1.601131 0.468860 0.361358
0.000000 0.379312 -1.654039 -0.696265 -0.127335 -0.066874 -0.468427 -0.246009 0.379312 1.570796 -0.133063 -0.030335 0.476829 0.483589
0.019229 0.310347 -1.586139 -0.891453 -0.122108 -0.085621 -0.449198 -0.314975 0.310942 1.508915 0.444005 1.539250 0.476202 0.611527
0.038462 0.241381 -1.518229 -1.086641 -0.116880 -0.104368 -0.429966 -0.383940 0.244426 1.412785 -0.199579 -0.126464 0.486231 0.728909
0.076923 0.206896 -1.382420 -1.184243 -0.106424 -0.113743 -0.391504 -0.418425 0.220733 1.214838 0.420312 1.341302 0.470823 0.818625
0.153846 0.103451 -1.110801 -1.477018 -0.085514 -0.141863 -0.314581 -0.521871 0.185393 0.591981 -0.234919 -0.749321 0.481839 1.028324
0.192308 0.034485 -0.974991 -1.672206 -0.075059 -0.160610 -0.276119 -0.590836 0.195375 0.177438 0.430294 0.926758 0.514342 1.133619
0.269231 0.000000 -0.703372 -1.769808 -0.054149 -0.169984 -0.199196 -0.625321 0.269231 0.000000 -0.161063 -0.926758 0.509022 1.262409
0.326922 0.000000 -0.499663 -1.769808 -0.038466 -0.169984 -0.141506 -0.625321 0.326922 0.000000 0.487985 0.926758 0.489334 1.348252
0.365383 0.034485 -0.363853 -1.672206 -0.028011 -0.160610 -0.103044 -0.590836 0.367007 0.094102 -0.120978 -0.832656 0.446009 1.398129
0.423077 0.068965 -0.160134 -1.574620 -0.012328 -0.151237 -0.045350 -0.556356 0.428661 0.161588 0.549639 0.994244 0.402028 1.489463
0.461538 0.137931 -0.024324 -1.379431 -0.001873 -0.132490 -0.006889 -0.487391 0.481708 0.290401 -0.067931 -0.703842 0.330568 1.556663
0.500000 0.206896 0.111485 -1.184243 0.008583 -0.113743 0.031573 -0.418425 0.541115 0.392339 0.609046 1.096182 0.263430 -1.495483
0.519232 0.275861 0.179395 -0.989055 0.013811 -0.094995 0.050805 -0.349460 0.587964 0.488363 -0.021083 -0.607819 0.199155 -1.426426
0.519232 0.448277 0.179395 -0.501077 0.013811 -0.048127 0.050805 -0.177044 0.685970 0.712192 0.707052 1.320010 0.054655 -1.291343
0.519232 0.551723 0.179395 -0.208302 0.013811 -0.020007 0.050805 -0.073599 0.757628 0.815727 0.050575 -0.504284 0.097567 -0.966611
0.500000 0.620688 0.111485 -0.013113 0.008583 -0.001259 0.031573 -0.004633 0.797028 0.892676 0.746453 1.396959 0.155500 -0.145709
0.461538 0.724139 -0.024324 0.279676 -0.001873 0.026862 -0.006889 0.098817 0.858717 1.003357 0.112264 -0.393603 0.255804 -1.501197
0.442306 0.793104 -0.092234 0.474865 -0.007101 0.045609 -0.026121 0.167783 0.908102 1.062068 0.795837 1.455671 0.325726 -1.416353
0.423077 0.793104 -0.160134 0.474865 -0.012328 0.045609 -0.045350 0.167783 0.898893 1.080752 0.103055 -0.374918 0.327829 -1.306813
0.423077 0.827584 -0.160134 0.572452 -0.012328 0.054982 -0.045350 0.202263 0.929457 1.098214 0.826401 1.473132 0.362009 -1.350230
0.403845 0.862069 -0.228044 0.670053 -0.017556 0.064356 -0.064582 0.236748 0.951974 1.132698 0.125572 -0.340434 0.398905 -1.304486
0.423077 0.862069 -0.160134 0.670053 -0.012328 0.064356 -0.045350 0.236748 0.960290 1.114561 0.834718 1.454995 0.396246 -1.381534
0.461538 0.896549 -0.024324 0.767640 -0.001873 0.073729 -0.006889 0.271228 1.008374 1.095383 0.173656 -0.359611 0.428178 -1.545404
0.538462 0.896549 0.247295 0.767640 0.019038 0.073729 0.070034 0.271228 1.045821 1.029941 0.872165 1.389552 0.433813 1.318104
0.596155 0.931035 0.451014 0.865241 0.034721 0.083104 0.127728 0.305713 1.105544 1.001260 0.233379 -0.388292 0.479917 1.175037
0.673078 0.931035 0.722633 0.865241 0.055631 0.083104 0.204651 0.305713 1.148852 0.944842 0.915473 1.333135 0.505854 0.980889
0.730769 0.931035 0.926342 0.865241 0.071314 0.083104 0.262342 0.305713 1.183575 0.905331 0.268102 -0.427804 0.531817 0.861601
0.826925 0.965515 1.265871 0.962828 0.097452 0.092476 0.358497 0.340193 1.271229 0.862564 1.003127 1.290368 0.612875 0.759207
0.846154 0.965515 1.333771 0.962828 0.102679 0.092476 0.377727 0.340193 1.283820 0.851188 0.280694 -0.439180 0.624318 0.733165
0.884615 0.965515 1.469581 0.962828 0.113134 0.092476 0.416188 0.340193 1.309490 0.829097 1.028796 1.268277 0.648312 0.685263
0.903848 0.965515 1.537491 0.962828 0.118362 0.092476 0.435420 0.340193 1.322558 0.818375 0.293762 -0.449902 0.660823 0.663233
0.923077 0.965515 1.605390 0.962828 0.123590 0.092476 0.454650 0.340193 1.335773 0.807865 1.042011 1.257767 0.673649 0.642383
0.903848 0.931035 1.537491 0.865241 0.118362 0.083104 0.435420 0.305713 1.297600 0.800214 0.255589 -0.457554 0.635293 0.612141
0.903848 0.862069 1.537491 0.670053 0.118362 0.064356 0.435420 0.236748 1.249041 0.761744 0.993452 1.219298 0.586980 0.498011
0.865386 0.758619 1.401681 0.377263 0.107907 0.036235 0.396959 0.133297 1.150824 0.719749 0.157371 -0.499549 0.491719 0.323966
0.865386 0.689653 1.401681 0.182075 0.107907 0.017488 0.396959 0.064332 1.106578 0.672867 0.949207 1.172416 0.454442 0.160665
0.865386 0.655173 1.401681 0.084488 0.107907 0.008115 0.396959 0.029852 1.085424 0.648022 0.136217 -0.524394 0.438692 0.075060
0.865386 0.620688 1.401681 -0.013113 0.107907 -0.001259 0.396959 -0.004633 1.064963 0.622202 0.928746 1.146596 0.425158 -0.011671
0.884615 0.586208 1.469581 -0.110700 0.113134 -0.010632 0.416188 -0.039113 1.061218 0.585230 0.132472 -0.561365 0.432533 -0.093705
0.923077 0.517243 1.605390 -0.305888 0.123590 -0.029380 0.454650 -0.108079 1.058117 0.510752 0.925644 1.072117 0.457263 -0.233387
0.942309 0.517243 1.673300 -0.305888 0.128818 -0.029380 0.473882 -0.108079 1.074936 0.502006 0.149291 -0.570111 0.476390 -0.224235
0.980771 0.551723 1.809110 -0.208302 0.139273 -0.020007 0.512344 -0.073599 1.125304 0.512420 0.976013 1.082531 0.519070 -0.142675
1.000000 0.586208 1.877009 -0.110700 0.144500 -0.010632 0.531573 -0.039113 1.159155 0.530217 0.183142 -0.552314 0.544465 -0.073448
1.000000 0.724139 1.877009 0.279676 0.144500 0.026862 0.531573 0.098817 1.234657 0.626743 1.051515 1.179058 0.589880 0.183798
1.000000 0.793104 1.877009 0.474865 0.144500 0.045609 0.531573 0.167783 1.276328 0.670522 0.224814 -0.508536 0.622884 0.305738
0.961538 0.931035 1.741200 0.865241 0.134045 0.083104 0.493111 0.305713 1.338425 0.769282 1.113611 1.277818 0.676139 0.554973
0.961538 0.965515 1.741200 0.962828 0.134045 0.092476 0.493111 0.340193 1.362635 0.787462 0.249024 -0.490356 0.700182 0.603910
0.942309 1.000000 1.673300 1.060430 0.128818 0.101851 0.473882 0.374679 1.374026 0.815092 1.125002 1.305448 0.712133 0.669019
