0.035714 0.625003 -1.430935 -0.170639 -0.109893 -0.014539 -0.437616 -0.057899 0.626023 1.513716 0.626023 1.513716 0.463155 0.131541
0.053573 0.625003 -1.372541 -0.170639 -0.105408 -0.014539 -0.419758 -0.057899 0.627295 1.485290 0.001272 -0.028426 0.446320 0.137069
0.071428 0.625003 -1.314155 -0.170639 -0.100924 -0.014539 -0.401902 -0.057899 0.629071 1.457005 0.627799 1.485432 0.429569 0.143077
0.089287 0.625003 -1.255761 -0.170639 -0.096440 -0.014539 -0.384043 -0.057899 0.631349 1.428898 0.003549 -0.056533 0.412909 0.149634
0.107143 0.625003 -1.197376 -0.170639 -0.091956 -0.014539 -0.366188 -0.057899 0.634120 1.401019 0.630571 1.457553 0.396356 0.156814
0.125001 0.625003 -1.138981 -0.170639 -0.087471 -0.014539 -0.348329 -0.057899 0.637381 1.373400 0.006810 -0.084153 0.379918 0.164712
0.142857 0.666667 -1.080596 -0.047848 -0.082988 -0.004077 -0.330474 -0.016235 0.681801 1.359704 0.674991 1.443856 0.382873 0.049087
0.142857 0.708336 -1.080596 0.074961 -0.082988 0.006387 -0.330474 0.025435 0.722599 1.371787 0.047607 -0.072069 0.405513 -0.076813
0.160715 0.791670 -1.022202 0.320561 -0.078503 0.027314 -0.312615 0.108768 0.807818 1.370510 0.760211 1.442580 0.446171 -0.334829
0.160715 0.833333 -1.022202 0.443351 -0.078503 0.037776 -0.312615 0.150432 0.848689 1.380277 0.088479 -0.062303 0.476792 -0.448498
0.160715 0.916667 -1.022202 0.688951 -0.078503 0.058702 -0.312615 0.233765 0.930649 1.397235 0.842170 1.459537 0.542472 -0.642074
0.160715 0.958336 -1.022202 0.811760 -0.078503 0.069166 -0.312615 0.275435 0.971719 1.404640 0.129549 -0.054897 0.577026 -0.722255
0.142857 0.958336 -1.080596 0.811760 -0.082988 0.069166 -0.330474 0.275435 0.968926 1.422819 0.839377 1.477716 0.586893 -0.694810
0.125001 1.000000 -1.138981 0.934551 -0.087471 0.079629 -0.348329 0.317098 1.007782 1.446440 0.168406 -0.031275 0.631438 -0.738499
0.107143 1.000000 -1.197376 0.934551 -0.091956 0.079629 -0.366188 0.317098 1.005723 1.464061 0.837318 1.495336 0.641463 -0.713678
0.071428 1.000000 -1.314155 0.934551 -0.100924 0.079629 -0.401902 0.317098 1.002548 1.499489 0.165230 0.004153 0.662500 -0.667994
0.035714 0.958336 -1.430935 0.811760 -0.109893 0.069166 -0.437616 0.275435 0.959002 1.533547 0.793772 1.529394 0.653253 -0.561756
0.017858 0.916667 -1.489320 0.688951 -0.114377 0.058702 -0.455472 0.233765 0.916841 1.551317 0.123069 0.021923 0.635611 -0.474181
0.017858 0.833333 -1.489320 0.443351 -0.114377 0.037776 -0.455472 0.150432 0.833525 1.549369 0.710456 1.527446 0.580566 -0.318997
0.000000 0.791670 -1.547715 0.320561 -0.118861 0.027314 -0.473330 0.108768 0.791670 1.570796 0.081214 0.043350 0.570422 -0.225872
0.000000 0.625003 -1.547715 -0.170639 -0.118861 -0.014539 -0.473330 -0.057899 0.625003 1.570796 0.543789 1.527446 0.497037 0.121717
0.017858 0.541670 -1.489320 -0.416239 -0.114377 -0.035466 -0.455472 -0.141232 0.541964 1.537839 -0.001825 0.010393 0.460570 0.300677
0.017858 0.458336 -1.489320 -0.661838 -0.114377 -0.056392 -0.455472 -0.224565 0.458684 1.531852 0.460509 1.521460 0.455719 0.458063
0.035714 0.375003 -1.430935 -0.907438 -0.109893 -0.077319 -0.437616 -0.307899 0.376700 1.475846 -0.083809 -0.045614 0.448527 0.613126
0.071428 0.291664 -1.314155 -1.153056 -0.100924 -0.098247 -0.401902 -0.391238 0.300283 1.330623 0.384092 1.376238 0.441053 0.771954
0.089287 0.250000 -1.255761 -1.275847 -0.096440 -0.108709 -0.384043 -0.432902 0.265466 1.227768 -0.118626 -0.148469 0.444259 0.845133
0.160715 0.124997 -1.022202 -1.644256 -0.078503 -0.140100 -0.312615 -0.557905 0.203602 0.661028 0.322227 0.809497 0.468043 1.060051
0.196429 0.083333 -0.905422 -1.767047 -0.069535 -0.150562 -0.276901 -0.599568 0.213375 0.401227 -0.108852 -0.408270 0.478301 1.138145
0.232144 0.041664 -0.788642 -1.889856 -0.060566 -0.161026 -0.241187 -0.641238 0.235853 0.177582 0.344705 0.585853 0.494477 1.211038
0.267858 0.041664 -0.671863 -1.889856 -0.051598 -0.161026 -0.205473 -0.641238 0.271079 0.154307 -0.073626 -0.431546 0.478074 1.260703
0.303572 0.000000 -0.555083 -2.012646 -0.042629 -0.171488 -0.169758 -0.682902 0.303572 0.000000 0.377198 0.431546 0.502851 1.327151
0.339286 0.000000 -0.438303 -2.012646 -0.033661 -0.171488 -0.134044 -0.682902 0.339286 0.000000 -0.037912 -0.431546 0.491945 1.376974
0.410715 0.041664 -0.204744 -1.889856 -0.015724 -0.161026 -0.062616 -0.641238 0.412822 0.101096 0.450734 0.532641 0.436185 1.473457
0.446429 0.083333 -0.087964 -1.767047 -0.006755 -0.150562 -0.026902 -0.599568 0.454140 0.184543 0.003405 -0.348099 0.390924 1.525958
0.482143 0.166667 0.028816 -1.521447 0.002213 -0.129636 0.008813 -0.516235 0.510137 0.332820 0.506731 0.680919 0.306790 -1.553727
0.517857 0.208330 0.145595 -1.398656 0.011181 -0.119173 0.044527 -0.474572 0.558191 0.382481 0.051460 -0.298437 0.268715 -1.477245
0.553571 0.333333 0.262375 -1.030247 0.020150 -0.087783 0.080241 -0.349568 0.646183 0.541999 0.594723 0.840437 0.161362 -1.345162
0.571430 0.375003 0.320769 -0.907438 0.024634 -0.077319 0.098099 -0.307899 0.683491 0.580759 0.088768 -0.259678 0.138895 -1.262355
0.589285 0.458336 0.379155 -0.661838 0.029118 -0.056392 0.115955 -0.224565 0.746545 0.661047 0.657778 0.920724 0.116921 -1.094151
0.589285 0.625003 0.379155 -0.170639 0.029118 -0.014539 0.115955 -0.057899 0.859003 0.814804 0.201225 -0.105920 0.190919 -0.463103
0.589285 0.708336 0.379155 0.074961 0.029118 0.006387 0.115955 0.025435 0.921411 0.876888 0.720185 0.982808 0.262056 0.215929
0.571430 0.791670 0.320769 0.320561 0.024634 0.027314 0.098099 0.108768 0.976357 0.945587 0.256172 -0.037221 0.333112 0.836925
0.535713 0.875003 0.203981 0.566160 0.015665 0.048240 0.062383 0.192101 1.025972 1.021425 0.769801 1.058645 0.406488 1.256802
0.535713 0.916667 0.203981 0.688951 0.015665 0.058702 0.062383 0.233765 1.061728 1.041916 0.291927 -0.016730 0.447704 1.310013
0.517857 0.958336 0.145595 0.811760 0.011181 0.069166 0.044527 0.275435 1.089305 1.075376 0.797377 1.092106 0.487046 1.410523
0.517857 1.000000 0.145595 0.934551 0.011181 0.079629 0.044527 0.317098 1.126133 1.092965 0.328756 0.000860 0.528549 1.431289
0.499999 1.000000 0.087201 0.934551 0.006697 0.079629 0.026668 0.317098 1.118033 1.107150 0.789278 1.106290 0.527344 1.486893
0.517857 1.000000 0.145595 0.934551 0.011181 0.079629 0.044527 0.317098 1.126133 1.092965 0.336856 -0.013325 0.528549 1.431289
0.535713 1.000000 0.203981 0.934551 0.015665 0.079629 0.062383 0.317098 1.134455 1.078988 0.797599 1.092313 0.530351 1.376548
0.571430 1.000000 0.320769 0.934551 0.024634 0.079629 0.098099 0.317098 1.151752 1.051649 0.354152 -0.040664 0.535728 1.270769
0.607144 1.000000 0.437549 0.934551 0.033603 0.079629 0.133814 0.317098 1.169882 1.025140 0.815730 1.065804 0.543403 1.171474
0.642858 1.000000 0.554329 0.934551 0.042571 0.079629 0.169528 0.317098 1.188809 0.999458 0.373079 -0.066346 0.553282 1.079836
0.732142 0.958336 0.846274 0.811760 0.064992 0.069166 0.258812 0.275435 1.206002 0.918413 0.832923 0.984759 0.549740 0.816502
0.767856 0.958336 0.963053 0.811760 0.073961 0.069166 0.294526 0.275435 1.228012 0.895300 0.395089 -0.089458 0.567430 0.751915
0.803571 0.958336 1.079833 0.811760 0.082929 0.069166 0.330240 0.275435 1.250654 0.873013 0.855565 0.962472 0.586762 0.695157
0.839285 0.958336 1.196613 0.811760 0.091897 0.069166 0.365954 0.275435 1.273895 0.851529 0.418330 -0.110943 0.607580 0.645193
0.857143 0.958336 1.255007 0.811760 0.096382 0.069166 0.383813 0.275435 1.285731 0.841080 0.867401 0.952022 0.618501 0.622459
0.874999 0.958336 1.313393 0.811760 0.100866 0.069166 0.401669 0.275435 1.297703 0.830824 0.430302 -0.121199 0.629737 0.601082
0.874999 0.916667 1.313393 0.688951 0.100866 0.058702 0.401669 0.233765 1.267241 0.808650 0.836940 0.929849 0.598235 0.527067
0.857143 0.916667 1.255007 0.688951 0.096382 0.058702 0.383813 0.233765 1.254979 0.818942 0.418039 -0.110907 0.586395 0.547054
0.839285 0.833333 1.196613 0.443351 0.091897 0.037776 0.365954 0.150432 1.182727 0.781840 0.764688 0.892747 0.513347 0.390010
0.839285 0.791670 1.196613 0.320561 0.091897 0.027314 0.365954 0.108768 1.153750 0.756212 0.389062 -0.136535 0.485039 0.288902
0.821429 0.708336 1.138227 0.074961 0.087414 0.006387 0.348099 0.025435 1.084660 0.711604 0.695597 0.848139 0.420001 0.072938
0.821429 0.625003 1.138227 -0.170639 0.087414 -0.014539 0.348099 -0.057899 1.032170 0.650424 0.336573 -0.197716 0.379707 -0.164819
0.839285 0.625003 1.196613 -0.170639 0.091897 -0.014539 0.365954 -0.057899 1.046436 0.640091 0.709863 0.837807 0.396141 -0.156912
0.857143 0.583333 1.255007 -0.293448 0.096382 -0.025003 0.383813 -0.099568 1.036809 0.597556 0.326946 -0.240251 0.399266 -0.253824
0.892857 0.541670 1.371787 -0.416239 0.105350 -0.035466 0.419527 -0.141232 1.044318 0.545309 0.717372 0.785560 0.425057 -0.324729
0.928572 0.541670 1.488567 -0.416239 0.114319 -0.035466 0.455241 -0.141232 1.075012 0.528077 0.357640 -0.257483 0.460342 -0.300820
0.964286 0.541670 1.605346 -0.416239 0.123287 -0.035466 0.490955 -0.141232 1.106008 0.511806 0.748368 0.769289 0.495689 -0.280105
0.982142 0.625003 1.663732 -0.170639 0.127771 -0.014539 0.508811 -0.057899 1.164144 0.566732 0.415776 -0.202557 0.530936 -0.113305
1.000000 0.666667 1.722126 -0.047848 0.132256 -0.004077 0.526670 -0.016235 1.201850 0.588003 0.786075 0.790559 0.561035 -0.030816
1.000000 0.791670 1.722126 0.320561 0.132256 0.027314 0.526670 0.108768 1.275438 0.669641 0.489363 -0.120918 0.615403 0.203657
0.982142 0.833333 1.663732 0.443351 0.127771 0.037776 0.508811 0.150432 1.288040 0.703614 0.798677 0.824533 0.623291 0.287464
0.964286 0.875003 1.605346 0.566160 0.123287 0.048240 0.490955 0.192101 1.302105 0.736894 0.503428 -0.087638 0.634333 0.372967
0.910713 0.958336 1.430172 0.811760 0.109834 0.069166 0.437383 0.275435 1.322047 0.810873 0.818618 0.898511 0.653096 0.561996
0.874999 1.000000 1.313393 0.934551 0.100866 0.079629 0.401669 0.317098 1.328768 0.851967 0.510149 -0.046544 0.662358 0.668276
0.857143 1.000000 1.255007 0.934551 0.096382 0.079629 0.383813 0.317098 1.317078 0.862170 0.806929 0.908714 0.651685 0.690501
