0.250000 0.562497 -0.942301 0.126896 -0.059564 0.008561 -0.285594 0.041047 0.615551 1.152570 0.615551 1.152570 0.286858 -0.142747
0.250000 0.593750 -0.942301 0.223513 -0.059564 0.015079 -0.285594 0.072299 0.644235 1.172274 0.028684 0.019703 0.291455 -0.247944
0.250000 0.624997 -0.942301 0.320114 -0.059564 0.021596 -0.285594 0.103546 0.673143 1.190288 0.644459 1.170585 0.299260 -0.347825
0.250000 0.656249 -0.942301 0.416731 -0.059564 0.028114 -0.285594 0.134799 0.702256 1.206817 0.057797 0.036232 0.310035 -0.440993
0.250000 0.687497 -0.942301 0.513333 -0.059564 0.034631 -0.285594 0.166046 0.731541 1.222024 0.673744 1.185792 0.323478 -0.526636
0.250000 0.718749 -0.942301 0.609949 -0.059564 0.041149 -0.285594 0.197298 0.760986 1.236059 0.087242 0.050267 0.339278 -0.604549
0.250000 0.750001 -0.942301 0.706566 -0.059564 0.047667 -0.285594 0.228551 0.790571 1.249046 0.703328 1.198779 0.357119 -0.674902
0.200000 0.781249 -1.107273 0.803167 -0.069993 0.054184 -0.335594 0.259798 0.806442 1.320178 0.103114 0.121399 0.415896 -0.658775
0.174998 0.812501 -1.189766 0.899784 -0.075207 0.060702 -0.360595 0.291050 0.831133 1.358655 0.728019 1.237256 0.454650 -0.679078
0.150000 0.812501 -1.272246 0.899784 -0.080421 0.060702 -0.385594 0.291050 0.826231 1.388237 0.098212 0.150981 0.474721 -0.646573
0.124998 0.812501 -1.354738 0.899784 -0.085635 0.060702 -0.410595 0.291050 0.822060 1.418149 0.723848 1.267169 0.495244 -0.616640
0.100000 0.812501 -1.437218 0.899784 -0.090849 0.060702 -0.435594 0.291050 0.818632 1.448335 0.094784 0.181167 0.516158 -0.589042
0.100000 0.781249 -1.437218 0.803167 -0.090849 0.054184 -0.435594 0.259798 0.787623 1.443488 0.692839 1.262321 0.500088 -0.537785
0.074998 0.781249 -1.519710 0.803167 -0.096063 0.054184 -0.460595 0.259798 0.784840 1.475092 0.092001 0.212770 0.522010 -0.513565
0.050000 0.750001 -1.602190 0.706566 -0.101277 0.047667 -0.485594 0.228551 0.751666 1.504228 0.659665 1.291458 0.530822 -0.439903
0.050000 0.718749 -1.602190 0.609949 -0.101277 0.041149 -0.485594 0.197298 0.720486 1.501343 0.060821 0.209885 0.518987 -0.385928
0.024998 0.687497 -1.684683 0.513333 -0.106492 0.034631 -0.510595 0.166046 0.687951 1.534451 0.627130 1.324566 0.532712 -0.314414
0.024998 0.656249 -1.684683 0.416731 -0.106492 0.028114 -0.510595 0.134799 0.656725 1.532722 0.029596 0.208156 0.524658 -0.258114
0.000000 0.624997 -1.767163 0.320114 -0.111705 0.021596 -0.535594 0.103546 0.624997 1.570796 0.595401 1.362640 0.543004 -0.190974
0.000000 0.562497 -1.767163 0.126896 -0.111705 0.008561 -0.535594 0.041047 0.562497 1.570796 -0.032904 0.208156 0.536269 -0.076488
0.000000 0.499998 -1.767163 -0.066322 -0.111705 -0.004474 -0.535594 -0.021453 0.499998 1.570796 0.532902 1.362640 0.536775 0.040033
0.000000 0.468750 -1.767163 -0.162924 -0.111705 -0.010991 -0.535594 -0.052701 0.468750 1.570796 -0.064152 0.208156 0.539749 0.098081
0.000000 0.406250 -1.767163 -0.356142 -0.111705 -0.024027 -0.535594 -0.115200 0.406250 1.570796 0.470402 1.362640 0.550990 0.211861
0.000000 0.343751 -1.767163 -0.549361 -0.111705 -0.037062 -0.535594 -0.177700 0.343751 1.570796 -0.126651 0.208156 0.568915 0.320353
0.000000 0.281251 -1.767163 -0.742579 -0.111705 -0.050097 -0.535594 -0.240200 0.281251 1.570796 0.407902 1.362640 0.592917 0.421584
0.024998 0.249999 -1.684683 -0.839195 -0.106492 -0.056615 -0.510595 -0.271452 0.251246 1.471135 -0.156657 0.108494 0.585040 0.488636
0.024998 0.187499 -1.684683 -1.032414 -0.106492 -0.069650 -0.510595 -0.333952 0.189158 1.438254 0.345815 1.329760 0.617962 0.579212
0.074998 0.124999 -1.519710 -1.225632 -0.096063 -0.082685 -0.460595 -0.396451 0.145772 1.030386 -0.200043 -0.299374 0.617038 0.710694
0.100000 0.093752 -1.437218 -1.322234 -0.090849 -0.089202 -0.435594 -0.427699 0.137075 0.753161 0.337117 1.052535 0.620456 0.776253
0.124998 0.062500 -1.354738 -1.418850 -0.085635 -0.095720 -0.410595 -0.458951 0.139752 0.463652 -0.197365 -0.588884 0.626424 0.840951
0.150000 0.062500 -1.272246 -1.418850 -0.080421 -0.095720 -0.385594 -0.458951 0.162500 0.394789 0.359865 0.983673 0.610328 0.872041
0.200000 0.031252 -1.107273 -1.515452 -0.069993 -0.102237 -0.335594 -0.490198 0.202427 0.155008 -0.157438 -0.828665 0.605791 0.970476
0.224998 0.031252 -1.024793 -1.515452 -0.064779 -0.102237 -0.310595 -0.490198 0.227158 0.138017 0.384596 0.966682 0.592309 1.006028
0.250000 0.031252 -0.942301 -1.515452 -0.059564 -0.102237 -0.285594 -0.490198 0.251946 0.124364 -0.132650 -0.842319 0.579589 1.043263
0.300000 0.000000 -0.777329 -1.612069 -0.049136 -0.108756 -0.235594 -0.521451 0.300000 0.000000 0.432650 0.842319 0.585120 1.146443
0.324998 0.000000 -0.694849 -1.612069 -0.043923 -0.108756 -0.210595 -0.521451 0.324998 0.000000 -0.107652 -0.842319 0.575509 1.186963
0.350000 0.000000 -0.612356 -1.612069 -0.038708 -0.108756 -0.185594 -0.521451 0.350000 0.000000 0.457652 0.842319 0.566838 1.228859
0.374998 0.031252 -0.529876 -1.515452 -0.033494 -0.102237 -0.160595 -0.490198 0.376298 0.083148 -0.081354 -0.759171 0.529293 1.254203
0.425002 0.031252 -0.364891 -1.515452 -0.023065 -0.102237 -0.110592 -0.490198 0.426149 0.073402 0.507503 0.832573 0.516324 1.348905
0.450000 0.031252 -0.282412 -1.515452 -0.017852 -0.102237 -0.085594 -0.490198 0.451084 0.069338 -0.056419 -0.763235 0.511553 1.397929
0.475002 0.062500 -0.199919 -1.418850 -0.012637 -0.095720 -0.060592 -0.458951 0.479096 0.130826 0.535515 0.894061 0.476958 1.439533
0.525002 0.093752 -0.034947 -1.322234 -0.002209 -0.089202 -0.010592 -0.427699 0.533307 0.176712 -0.002208 -0.717350 0.441969 1.546037
0.525002 0.124999 -0.034947 -1.225632 -0.002209 -0.082685 -0.010592 -0.396451 0.539678 0.233741 0.541886 0.951091 0.410731 1.544086
0.550000 0.124999 0.047533 -1.225632 0.003005 -0.082685 0.014406 -0.396451 0.564026 0.223476 0.022140 -0.727615 0.410847 -1.534474
0.550000 0.156252 0.047533 -1.129016 0.003005 -0.076167 0.014406 -0.365199 0.571764 0.276801 0.549625 1.004416 0.379615 -1.531369
0.575002 0.187499 0.130026 -1.032414 0.008219 -0.069650 0.039408 -0.333952 0.604800 0.315212 0.055175 -0.689204 0.350318 -1.453334
0.600000 0.218751 0.212505 -0.935797 0.013433 -0.063132 0.064406 -0.302699 0.638633 0.349609 0.583458 1.038813 0.323322 -1.361149
0.600000 0.249999 0.212505 -0.839195 0.013433 -0.056615 0.064406 -0.271452 0.650000 0.394789 0.066542 -0.644024 0.292767 -1.337838
0.625002 0.312499 0.294998 -0.645977 0.018647 -0.043580 0.089408 -0.208952 0.698772 0.463645 0.632230 1.107668 0.240344 -1.166481
0.625002 0.343751 0.294998 -0.549361 0.018647 -0.037062 0.089408 -0.177700 0.713297 0.502843 0.081066 -0.604825 0.211654 -1.104638
0.625002 0.406250 0.294998 -0.356142 0.018647 -0.024027 0.089408 -0.115200 0.745431 0.576374 0.664364 1.181200 0.157237 -0.910792
0.625002 0.437498 0.294998 -0.259541 0.018647 -0.017509 0.089408 -0.083953 0.762910 0.610722 0.098546 -0.570477 0.132728 -0.753939
0.625002 0.468750 0.294998 -0.162924 0.018647 -0.010991 0.089408 -0.052701 0.781252 0.643500 0.682706 1.213977 0.111633 -0.532616
0.625002 0.499998 0.294998 -0.066322 0.018647 -0.004474 0.089408 -0.021453 0.800391 0.674737 0.117685 -0.539240 0.096234 -0.235493
0.625002 0.531250 0.294998 0.030294 0.018647 0.002044 0.089408 0.009799 0.820277 0.704492 0.702592 1.243732 0.089514 0.109165
0.625002 0.562497 0.294998 0.126896 0.018647 0.008561 0.089408 0.041047 0.840851 0.732811 0.138259 -0.510921 0.093368 0.430390
0.625002 0.624997 0.294998 0.320114 0.018647 0.021596 0.089408 0.103546 0.883883 0.785394 0.745624 1.296315 0.126439 0.858539
0.600000 0.656249 0.212505 0.416731 0.013433 0.028114 0.064406 0.134799 0.889192 0.830144 0.143569 -0.466172 0.136770 1.125068
0.600000 0.687497 0.212505 0.513333 0.013433 0.034631 0.064406 0.166046 0.912498 0.853253 0.768929 1.319424 0.164993 1.200779
0.575002 0.718749 0.130026 0.609949 0.008219 0.041149 0.039408 0.197298 0.920449 0.896053 0.151521 -0.423371 0.187347 1.373651
0.575002 0.750001 0.130026 0.706566 0.008219 0.047667 0.039408 0.228551 0.945055 0.916713 0.793534 1.340084 0.217999 1.400048
0.550000 0.781249 0.047533 0.803167 0.003005 0.054184 0.014406 0.259798 0.955432 0.957390 0.161897 -0.382694 0.246077 1.515401
0.525002 0.781249 -0.034947 0.803167 -0.002209 0.054184 -0.010592 0.259798 0.941263 0.979108 0.779366 1.361802 0.245883 -1.530050
0.500000 0.812501 -0.117439 0.899784 -0.007424 0.060702 -0.035594 0.291050 0.954022 1.019142 0.174656 -0.342660 0.279186 -1.449107
0.475002 0.843748 -0.199919 0.996386 -0.012637 0.067219 -0.060592 0.322298 0.968266 1.058053 0.793610 1.400713 0.314055 -1.384966
0.450000 0.843748 -0.282412 0.996386 -0.017852 0.067219 -0.085594 0.322298 0.956249 1.080838 0.162639 -0.319875 0.319821 -1.311215
0.425002 0.843748 -0.364891 0.996386 -0.023065 0.067219 -0.110592 0.322298 0.944742 1.104188 0.782103 1.424062 0.327399 -1.240250
0.400000 0.843748 -0.447384 0.996386 -0.028280 0.067219 -0.135594 0.322298 0.933762 1.128103 0.151659 -0.295959 0.336667 -1.172566
0.374998 0.843748 -0.529876 0.996386 -0.033494 0.067219 -0.160595 0.322298 0.923328 1.152573 0.771670 1.448532 0.347491 -1.108523
0.400000 0.843748 -0.447384 0.996386 -0.028280 0.067219 -0.135594 0.322298 0.933762 1.128103 0.162092 -0.320429 0.336667 -1.172566
0.425002 0.843748 -0.364891 0.996386 -0.023065 0.067219 -0.110592 0.322298 0.944742 1.104188 0.782650 1.424617 0.327399 -1.240250
0.450000 0.843748 -0.282412 0.996386 -0.017852 0.067219 -0.085594 0.322298 0.956249 1.080838 0.173599 -0.343779 0.319821 -1.311215
0.475002 0.843748 -0.199919 0.996386 -0.012637 0.067219 -0.060592 0.322298 0.968266 1.058053 0.794667 1.401831 0.314055 -1.384966
0.525002 0.843748 -0.034947 0.996386 -0.002209 0.067219 -0.010592 0.322298 0.993750 1.014195 0.199083 -0.387637 0.308337 -1.537945
0.575002 0.843748 0.130026 0.996386 0.008219 0.067219 0.039408 0.322298 1.021048 0.972605 0.821965 1.360242 0.310664 1.449127
0.600000 0.843748 0.212505 0.996386 0.013433 0.067219 0.064406 0.322298 1.035332 0.952651 0.213367 -0.407591 0.314814 1.373559
0.650000 0.843748 0.377478 0.996386 0.023861 0.067219 0.114406 0.322298 1.065087 0.914384 0.851721 1.321975 0.328707 1.229700
0.700000 0.843748 0.542450 0.996386 0.034289 0.067219 0.164406 0.322298 1.096317 0.878247 0.244596 -0.443728 0.349269 1.099096
0.750000 0.843748 0.707422 0.996386 0.044717 0.067219 0.214406 0.322298 1.128898 0.844153 0.884302 1.287881 0.375406 0.983780
0.775002 0.843748 0.789915 0.996386 0.049932 0.067219 0.239408 0.322298 1.145661 0.827842 0.261359 -0.460039 0.390225 0.931908
0.800000 0.843748 0.872395 0.996386 0.055145 0.067219 0.264406 0.322298 1.162717 0.812007 0.901358 1.272046 0.406042 0.883752
0.850000 0.843748 1.037367 0.996386 0.065574 0.067219 0.314406 0.322298 1.197669 0.781707 0.296311 -0.490339 0.440239 0.797792
0.875002 0.843748 1.119860 0.996386 0.070788 0.067219 0.339408 0.322298 1.215541 0.767216 0.919230 1.257556 0.458429 0.759546
0.925002 0.843748 1.284832 0.996386 0.081216 0.067219 0.389408 0.322298 1.252014 0.739492 0.332784 -0.518063 0.496587 0.691381
0.925002 0.812501 1.284832 0.899784 0.081216 0.060702 0.389408 0.291050 1.231173 0.720740 0.898388 1.238803 0.477825 0.641846
0.950000 0.781249 1.367312 0.803167 0.086430 0.054184 0.414406 0.259798 1.229979 0.688231 0.331591 -0.550572 0.481746 0.559976
0.975002 0.750001 1.449804 0.706566 0.091644 0.047667 0.439408 0.228551 1.230094 0.655695 0.898503 1.206267 0.488928 0.479624
0.975002 0.718749 1.449804 0.609949 0.091644 0.041149 0.439408 0.197298 1.211292 0.635244 0.312790 -0.571024 0.476052 0.422030
1.000000 0.624997 1.532284 0.320114 0.096858 0.021596 0.464406 0.103546 1.179246 0.558597 0.866456 1.129621 0.472934 0.219377
1.000000 0.562497 1.532284 0.126896 0.096858 0.008561 0.464406 0.041047 1.147346 0.512387 0.280890 -0.617233 0.465185 0.088156
1.000000 0.468750 1.532284 -0.162924 0.096858 -0.010991 0.464406 -0.052701 1.104412 0.438337 0.823523 1.055570 0.469192 -0.112996
1.000000 0.406250 1.532284 -0.356142 0.096858 -0.024027 0.464406 -0.115200 1.079370 0.385883 0.255847 -0.669687 0.482082 -0.243151
1.000000 0.312499 1.532284 -0.645977 0.096858 -0.043580 0.464406 -0.208952 1.047690 0.302884 0.791843 0.972570 0.515213 -0.422799
0.975002 0.249999 1.449804 -0.839195 0.091644 -0.056615 0.439408 -0.271452 1.006543 0.251001 0.214699 -0.721569 0.524065 -0.553381
0.975002 0.187499 1.449804 -1.032414 0.091644 -0.069650 0.439408 -0.333952 0.992867 0.189987 0.778167 0.911556 0.560580 -0.649872
0.975002 0.156252 1.449804 -1.129016 0.091644 -0.076167 0.439408 -0.365199 0.987443 0.158907 0.209275 -0.752650 0.580500 -0.693428
0.950000 0.124999 1.367312 -1.225632 0.086430 -0.082685 0.414406 -0.396451 0.958188 0.130827 0.748913 0.883477 0.583370 -0.763258
0.925002 0.093752 1.284832 -1.322234 0.081216 -0.089202 0.389408 -0.427699 0.929741 0.101008 0.180828 -0.782468 0.588951 -0.832225
0.900000 0.093752 1.202339 -1.322234 0.076002 -0.089202 0.364406 -0.427699 0.904870 0.103794 0.724042 0.886263 0.572727 -0.865133
0.875002 0.093752 1.119860 -1.322234 0.070788 -0.089202 0.339408 -0.427699 0.880010 0.106738 0.155968 -0.779525 0.557155 -0.899989
0.850000 0.124999 1.037367 -1.225632 0.065574 -0.082685 0.314406 -0.396451 0.859142 0.146012 0.703174 0.925537 0.517145 -0.900306
0.850000 0.156252 1.037367 -1.129016 0.065574 -0.076167 0.314406 -0.365199 0.864242 0.181796 0.161068 -0.743741 0.492698 -0.859998
0.850000 0.218751 1.037367 -0.935797 0.065574 -0.063132 0.314406 -0.302699 0.877697 0.251888 0.716629 0.995629 0.446364 -0.766430
0.850000 0.249999 1.037367 -0.839195 0.065574 -0.056615 0.314406 -0.271452 0.886002 0.286050 0.169373 -0.709579 0.424754 -0.712210
0.850000 0.281251 1.037367 -0.742579 0.065574 -0.050097 0.314406 -0.240200 0.895322 0.319544 0.725949 1.029123 0.404403 -0.652387
0.850000 0.343751 1.037367 -0.549361 0.065574 -0.037062 0.314406 -0.177700 0.916878 0.384305 0.190928 -0.644819 0.368314 -0.514432
0.850000 0.437498 1.037367 -0.259541 0.065574 -0.017509 0.314406 -0.083953 0.955983 0.475341 0.765055 1.120160 0.329354 -0.260932
0.850000 0.499998 1.037367 -0.066322 0.065574 -0.004474 0.314406 -0.021453 0.986153 0.531722 0.221098 -0.588438 0.316415 -0.068128
0.850000 0.562497 1.037367 0.126896 0.065574 0.008561 0.314406 0.041047 1.019266 0.584599 0.798168 1.173037 0.315555 0.129819
0.850000 0.656249 1.037367 0.416731 0.065574 0.028114 0.314406 0.134799 1.073854 0.657469 0.275686 -0.515568 0.336763 0.405034
0.875002 0.718749 1.119860 0.609949 0.070788 0.041149 0.339408 0.197298 1.132355 0.687669 0.856669 1.203237 0.385673 0.526557
0.875002 0.781249 1.119860 0.803167 0.070788 0.054184 0.339408 0.259798 1.173021 0.728853 0.316352 -0.474384 0.418980 0.653312
0.875002 0.843748 1.119860 0.996386 0.070788 0.067219 0.339408 0.322298 1.215541 0.767216 0.899189 1.241601 0.458429 0.759546
0.900000 0.843748 1.202339 0.996386 0.076002 0.067219 0.364406 0.322298 1.233658 0.753150 0.334469 -0.488450 0.477233 0.724155
0.900000 0.875001 1.202339 1.093002 0.076002 0.073738 0.364406 0.353550 1.255239 0.771315 0.920771 1.259765 0.497985 0.770278
0.900000 0.906248 1.202339 1.189604 0.076002 0.080255 0.364406 0.384797 1.277218 0.788857 0.356447 -0.470908 0.519785 0.812608
0.950000 0.968748 1.367312 1.382822 0.086430 0.093290 0.414406 0.447297 1.356824 0.795169 1.000377 1.266077 0.599462 0.823549
0.950000 1.000000 1.367312 1.479439 0.086430 0.099808 0.414406 0.478549 1.379311 0.811034 0.378934 -0.455043 0.622419 0.857107
