0.000000 0.458336 -1.448511 -0.501289 -0.115442 -0.044652 -0.438480 -0.169599 0.458336 1.570796 0.458336 1.570796 0.438929 0.369065
0.018866 0.416667 -1.386186 -0.624454 -0.110475 -0.055622 -0.419613 -0.211268 0.417094 1.525548 -0.041243 -0.045249 0.420180 0.466431
0.037736 0.416667 -1.323852 -0.624454 -0.105507 -0.055622 -0.400744 -0.211268 0.418372 1.480477 0.459615 1.525725 0.401337 0.485163
0.056602 0.416667 -1.261527 -0.624454 -0.100540 -0.055622 -0.381877 -0.211268 0.420494 1.435777 -0.039121 -0.089948 0.382500 0.505324
0.075472 0.416667 -1.199192 -0.624454 -0.095572 -0.055622 -0.363008 -0.211268 0.423447 1.391607 0.462568 1.481555 0.363663 0.527074
0.094338 0.416667 -1.136867 -0.624454 -0.090605 -0.055622 -0.344142 -0.211268 0.427213 1.348139 -0.035355 -0.133416 0.344832 0.550577
0.113207 0.416667 -1.074532 -0.624454 -0.085637 -0.055622 -0.325272 -0.211268 0.431772 1.305503 0.467127 1.438919 0.326003 0.576032
0.150943 0.458336 -0.949873 -0.501289 -0.075702 -0.044652 -0.287536 -0.169599 0.482552 1.252655 0.015425 -0.186265 0.288221 0.532910
0.150943 0.500000 -0.949873 -0.378143 -0.075702 -0.033682 -0.287536 -0.127935 0.522287 1.277610 0.506862 1.463874 0.294044 0.418634
0.169810 0.541670 -0.887548 -0.254978 -0.070735 -0.022712 -0.268670 -0.086265 0.567663 1.267007 0.060801 -0.196867 0.287805 0.310685
0.169810 0.583333 -0.887548 -0.131831 -0.070735 -0.011743 -0.268670 -0.044602 0.607547 1.287522 0.546746 1.484390 0.305231 0.164509
0.169810 0.666667 -0.887548 0.114480 -0.070735 0.010197 -0.268670 0.038732 0.687953 1.321385 0.141207 -0.163004 0.352495 -0.143174
0.150943 0.708336 -0.949873 0.237646 -0.075702 0.021168 -0.287536 0.080401 0.724241 1.360841 0.583033 1.523846 0.394335 -0.272658
0.132074 0.708336 -1.012207 0.237646 -0.080670 0.021168 -0.306406 0.080401 0.720544 1.386457 0.137511 -0.137389 0.408298 -0.256616
0.113207 0.708336 -1.074532 0.237646 -0.085637 0.021168 -0.325272 0.080401 0.717326 1.412315 0.579815 1.549704 0.422640 -0.242325
0.094338 0.708336 -1.136867 0.237646 -0.090605 0.021168 -0.344142 0.080401 0.714591 1.438393 0.134776 -0.111311 0.437328 -0.229512
0.075472 0.708336 -1.199192 0.237646 -0.095572 0.021168 -0.363008 0.080401 0.712346 1.464649 0.577570 1.575960 0.452325 -0.217968
0.056602 0.666667 -1.261527 0.114480 -0.100540 0.010197 -0.381877 0.038732 0.669065 1.486096 0.091495 -0.089864 0.444859 -0.101079
0.037736 0.666667 -1.323852 0.114480 -0.105507 0.010197 -0.400744 0.038732 0.667734 1.514253 0.576238 1.604117 0.461156 -0.096350
0.037736 0.625003 -1.323852 -0.008666 -0.105507 -0.000772 -0.400744 -0.002932 0.626141 1.510493 0.049903 -0.093625 0.442026 0.007316
0.018866 0.541670 -1.386186 -0.254978 -0.110475 -0.022712 -0.419613 -0.086265 0.541998 1.535980 0.492095 1.629605 0.432115 0.202758
0.018866 0.458336 -1.386186 -0.501289 -0.110475 -0.044652 -0.419613 -0.169599 0.458725 1.529657 -0.033371 -0.099948 0.420083 0.384103
0.018866 0.416667 -1.386186 -0.624454 -0.110475 -0.055622 -0.419613 -0.211268 0.417094 1.525548 0.450464 1.625496 0.420180 0.466431
0.018866 0.333333 -1.386186 -0.870766 -0.110475 -0.077562 -0.419613 -0.294602 0.333867 1.514257 -0.116597 -0.111239 0.432586 0.612120
0.037736 0.291664 -1.323852 -0.993931 -0.105507 -0.088533 -0.400744 -0.336272 0.294095 1.442130 0.410692 1.553369 0.426791 0.698143
0.094338 0.166667 -1.136867 -1.363389 -0.090605 -0.121442 -0.344142 -0.461268 0.191514 1.055731 -0.219178 -0.497638 0.438538 0.929811
0.132074 0.124997 -1.012207 -1.486554 -0.080670 -0.132413 -0.306406 -0.502938 0.181845 0.757876 0.401024 1.255514 0.438356 1.023617
0.169810 0.041664 -0.887548 -1.732865 -0.070735 -0.154352 -0.268670 -0.586272 0.174846 0.240601 -0.226178 -1.014912 0.479215 1.141087
0.226415 0.041664 -0.700553 -1.732865 -0.055832 -0.154352 -0.212065 -0.586272 0.230216 0.181978 0.456394 1.196891 0.449927 1.223721
0.264151 0.000000 -0.575894 -1.856012 -0.045897 -0.165322 -0.174329 -0.627935 0.264151 0.000000 -0.192243 -1.196891 0.471863 1.299993
0.358491 0.000000 -0.264240 -1.856012 -0.021059 -0.165322 -0.079988 -0.627935 0.358491 0.000000 0.550735 1.196891 0.445716 1.444096
0.415094 0.041664 -0.077255 -1.732865 -0.006157 -0.154352 -0.023386 -0.586272 0.417179 0.100036 -0.133555 -1.096854 0.397505 1.530928
0.452830 0.083333 0.047405 -1.609700 0.003778 -0.143382 0.014350 -0.544602 0.460434 0.181992 0.593989 1.278846 0.355436 -1.544453
0.528301 0.166667 0.296724 -1.363389 0.023648 -0.121442 0.089821 -0.461268 0.553967 0.305594 -0.040021 -0.973252 0.286269 -1.378476
0.547170 0.208330 0.359058 -1.240242 0.028616 -0.110473 0.108691 -0.419605 0.585489 0.363794 0.625510 1.337046 0.254524 -1.317336
0.566037 0.291664 0.421384 -0.993931 0.033583 -0.088533 0.127557 -0.336272 0.636762 0.475791 0.011252 -0.861255 0.194489 -1.208237
0.584906 0.416667 0.483718 -0.624454 0.038551 -0.055622 0.146427 -0.211268 0.718141 0.618976 0.706889 1.480231 0.148042 -0.964728
0.603773 0.500000 0.546043 -0.378143 0.043518 -0.033682 0.165293 -0.127935 0.783927 0.691657 0.077038 -0.788574 0.176370 -0.658678
0.603773 0.541670 0.546043 -0.254978 0.043518 -0.022712 0.165293 -0.086265 0.811140 0.731234 0.734102 1.519808 0.194859 -0.481008
0.566037 0.666667 0.421384 0.114480 0.033583 0.010197 0.127557 0.038732 0.874553 0.866851 0.140450 -0.652957 0.261420 0.294794
0.528301 0.708336 0.296724 0.237646 0.023648 0.021168 0.089821 0.080401 0.883653 0.929967 0.743203 1.582924 0.284413 0.730115
0.509435 0.750000 0.234399 0.360792 0.018681 0.032137 0.070955 0.122065 0.906655 0.974135 0.163453 -0.608789 0.319499 1.044249
0.490565 0.791670 0.172064 0.483957 0.013713 0.043108 0.052086 0.163735 0.931341 1.016047 0.767888 1.624835 0.357010 1.262809
0.471699 0.833333 0.109739 0.607104 0.008746 0.054077 0.033219 0.205398 0.957572 1.055723 0.189684 -0.569113 0.396249 1.410454
0.433963 0.875003 -0.014921 0.730269 -0.001189 0.065048 -0.004517 0.247068 0.976706 1.110389 0.787022 1.679502 0.436547 -1.552518
0.415094 0.875003 -0.077255 0.730269 -0.006157 0.065048 -0.023386 0.247068 0.968470 1.127845 0.181448 -0.551657 0.437149 -1.476424
0.415094 0.916667 -0.077255 0.853415 -0.006157 0.076017 -0.023386 0.288732 1.006271 1.145592 0.824823 1.697249 0.478759 -1.489977
0.433963 0.916667 -0.014921 0.853415 -0.001189 0.076017 -0.004517 0.288732 1.014200 1.128643 0.189377 -0.568606 0.478208 -1.555155
0.452830 0.916667 0.047405 0.853415 0.003778 0.076017 0.014350 0.288732 1.022415 1.111964 0.833038 1.680570 0.478402 1.521137
0.509435 0.916667 0.234399 0.853415 0.018681 0.076017 0.070955 0.288732 1.048714 1.063552 0.215676 -0.617018 0.483423 1.329824
0.603773 0.958336 0.546043 0.976580 0.043518 0.086987 0.165293 0.330401 1.132674 1.008594 0.916998 1.625612 0.545502 1.106925
0.641509 0.958336 0.670703 0.976580 0.053453 0.086987 0.203029 0.330401 1.153231 0.980905 0.236233 -0.644707 0.558097 1.019789
0.698114 0.958336 0.857697 0.976580 0.068356 0.086987 0.259634 0.330401 1.185652 0.941221 0.949419 1.585928 0.581086 0.904766
0.773585 1.000000 1.107016 1.099727 0.088226 0.097957 0.335106 0.372065 1.264292 0.912371 0.314873 -0.673558 0.653912 0.837614
0.811321 1.000000 1.231676 1.099727 0.098161 0.097957 0.372841 0.372065 1.287727 0.889190 0.972854 1.562748 0.674029 0.784356
0.849057 1.000000 1.356336 1.099727 0.108096 0.097957 0.410577 0.372065 1.311830 0.866850 0.338976 -0.695898 0.695614 0.736230
0.867926 1.000000 1.418670 1.099727 0.113064 0.097957 0.429446 0.372065 1.324121 0.855987 0.985145 1.551885 0.706915 0.713928
0.905662 1.000000 1.543330 1.099727 0.122999 0.097957 0.467182 0.372065 1.349157 0.834862 0.364011 -0.717023 0.730455 0.672543
0.924528 1.000000 1.605655 1.099727 0.127966 0.097957 0.486049 0.372065 1.361893 0.824594 0.997882 1.541616 0.742663 0.653341
0.943398 1.000000 1.667990 1.099727 0.132934 0.097957 0.504918 0.372065 1.374772 0.814515 0.376891 -0.727101 0.755147 0.635052
0.981134 0.958336 1.792649 0.976580 0.142869 0.086987 0.542654 0.330401 1.371507 0.773644 0.994616 1.500746 0.751481 0.546910
0.981134 0.916667 1.792649 0.853415 0.142869 0.076017 0.542654 0.288732 1.342721 0.751442 0.348105 -0.749304 0.723281 0.488976
1.000000 0.875003 1.854974 0.730269 0.147836 0.065048 0.561520 0.247068 1.328770 0.718832 0.980665 1.468135 0.711237 0.414506
0.981134 0.833333 1.792649 0.607104 0.142869 0.054077 0.542654 0.205398 1.287271 0.704121 0.306606 -0.764014 0.671106 0.361842
0.962264 0.791670 1.730315 0.483957 0.137901 0.043108 0.523785 0.163735 1.246071 0.688439 0.939465 1.452454 0.631738 0.302975
0.924528 0.791670 1.605655 0.483957 0.127966 0.043108 0.486049 0.163735 1.217166 0.708138 0.277701 -0.744316 0.600822 0.324929
0.905662 0.791670 1.543330 0.483957 0.122999 0.043108 0.467182 0.163735 1.202898 0.718339 0.925197 1.462655 0.585664 0.337096
0.886793 0.833333 1.480995 0.607104 0.118031 0.054077 0.448313 0.205398 1.216900 0.754329 0.291703 -0.708326 0.597406 0.429618
0.886793 0.916667 1.480995 0.853415 0.118031 0.076017 0.448313 0.288732 1.275413 0.801962 0.983711 1.510287 0.655475 0.572174
0.886793 0.958336 1.480995 0.976580 0.118031 0.086987 0.448313 0.330401 1.305684 0.824153 0.321973 -0.686134 0.686466 0.635122
0.924528 1.000000 1.605655 1.099727 0.127966 0.097957 0.486049 0.372065 1.361893 0.824594 1.039920 1.510728 0.742663 0.653341
