0.058823 0.718749 -1.585013 0.062585 -0.146361 0.006822 -0.455883 0.021249 0.721152 1.489137 0.721152 1.489137 0.499462 -0.046576
0.088235 0.687501 -1.482754 -0.029450 -0.136918 -0.003210 -0.426471 -0.009999 0.693140 1.443152 -0.028012 -0.045985 0.460148 0.023441
0.147058 0.687501 -1.278237 -0.029450 -0.118033 -0.003210 -0.367648 -0.009999 0.703054 1.360069 0.731065 1.406054 0.406230 0.027190
0.161765 0.687501 -1.227104 -0.029450 -0.113311 -0.003210 -0.352941 -0.009999 0.706276 1.339705 -0.024789 -0.066349 0.392970 0.028322
0.220589 0.781249 -1.022587 0.246668 -0.094426 0.026887 -0.294117 0.083748 0.811794 1.295606 0.836583 1.361954 0.396926 -0.277403
0.235294 0.843748 -0.971462 0.430752 -0.089705 0.046953 -0.279413 0.146248 0.875942 1.298839 0.039359 -0.063116 0.431671 -0.482202
0.235294 0.937500 -0.971462 0.706884 -0.089705 0.077052 -0.279413 0.240000 0.966576 1.324896 0.927217 1.388012 0.506780 -0.709664
0.205882 1.000000 -1.073720 0.890967 -0.099148 0.097117 -0.308824 0.302500 1.020974 1.367752 0.093757 -0.020260 0.575224 -0.775053
0.191177 1.000000 -1.124845 0.890967 -0.103869 0.097117 -0.323529 0.302500 1.018110 1.381898 0.924354 1.402159 0.583250 -0.751819
0.132354 1.000000 -1.329363 0.890967 -0.122754 0.097117 -0.382353 0.302500 1.008721 1.439207 0.084367 0.037049 0.617822 -0.669324
0.073530 0.906248 -1.533880 0.614835 -0.141639 0.067018 -0.441176 0.208748 0.909226 1.489837 0.824859 1.452788 0.589865 -0.441948
0.044119 0.843748 -1.636138 0.430752 -0.151082 0.046953 -0.470588 0.146248 0.844901 1.518555 0.020042 0.065767 0.574214 -0.301315
0.000000 0.718749 -1.789530 0.062585 -0.165246 0.006822 -0.514706 0.021249 0.718749 1.570796 0.698707 1.505029 0.553675 -0.041260
0.000000 0.531250 -1.789530 -0.489666 -0.165246 -0.053374 -0.514706 -0.166250 0.531250 1.570796 -0.167457 0.065767 0.514972 0.312422
0.029412 0.375003 -1.687271 -0.949867 -0.155803 -0.103537 -0.485295 -0.322497 0.376155 1.492526 0.543612 1.426759 0.505003 0.586528
0.058823 0.281251 -1.585013 -1.225999 -0.146361 -0.133636 -0.455883 -0.416249 0.287337 1.364619 -0.256275 -0.062139 0.512182 0.739985
0.161765 0.125004 -1.227104 -1.686201 -0.113311 -0.183799 -0.352941 -0.572496 0.204436 0.657902 0.460711 0.720042 0.525771 1.018337
0.308824 0.000000 -0.715811 -2.054382 -0.066098 -0.223932 -0.205882 -0.697500 0.308824 0.000000 -0.151887 -0.720042 0.554356 1.283775
0.397059 0.000000 -0.409036 -2.054382 -0.037771 -0.223932 -0.117647 -0.697500 0.397059 0.000000 0.548946 0.720042 0.527981 1.403699
0.441178 0.031252 -0.255644 -1.962333 -0.023606 -0.213898 -0.073529 -0.666248 0.442283 0.070720 -0.106663 -0.649322 0.489014 1.460879
0.514706 0.125004 -0.000002 -1.686201 -0.000000 -0.183799 -0.000000 -0.572496 0.529668 0.238252 0.636331 0.887574 0.389702 1.570795
0.544118 0.250004 0.102257 -1.318034 0.009442 -0.143668 0.029411 -0.447497 0.598804 0.430698 -0.037527 -0.456876 0.266332 -1.505167
0.558825 0.375003 0.153390 -0.949867 0.014164 -0.103537 0.044118 -0.322497 0.672987 0.591036 0.710515 1.047912 0.146504 -1.434839
0.544118 0.500002 0.102257 -0.581700 0.009442 -0.063406 0.029411 -0.197498 0.738963 0.743172 0.028448 -0.304740 0.032882 -1.422964
0.529413 0.531250 0.051131 -0.489666 0.004721 -0.053374 0.014706 -0.166250 0.750003 0.787130 0.721555 1.091870 0.022135 -1.482566
0.500001 0.656249 -0.051127 -0.121499 -0.004721 -0.013244 -0.014705 -0.041251 0.825024 0.919718 0.103469 -0.172152 0.142305 1.228359
0.485294 0.718749 -0.102260 0.062585 -0.009443 0.006822 -0.029412 0.021249 0.867243 0.976914 0.763774 1.149066 0.206152 -0.625631
0.485294 0.781249 -0.102260 0.246668 -0.009443 0.026887 -0.029412 0.083748 0.919706 1.014950 0.155933 -0.134116 0.268160 -1.233055
0.485294 0.812501 -0.102260 0.338717 -0.009443 0.036921 -0.029412 0.115001 0.946397 1.032376 0.790465 1.166492 0.299243 -1.320407
0.514706 0.843748 -0.000002 0.430752 -0.000000 0.046953 -0.000000 0.146248 0.988349 1.023040 0.197884 -0.143452 0.329042 -1.570793
0.558825 0.875001 0.153390 0.522800 0.014164 0.056986 0.044118 0.177500 1.038225 1.002437 0.840341 1.145889 0.362985 1.327180
0.588236 0.875001 0.255648 0.522800 0.023607 0.056986 0.073530 0.177500 1.054347 0.978925 0.214006 -0.166964 0.367721 1.178064
0.676471 0.937500 0.562424 0.706884 0.051934 0.077052 0.161765 0.240000 1.156080 0.945741 0.942073 1.112705 0.452684 0.977720
0.764706 0.968748 0.869200 0.798918 0.080262 0.087084 0.250000 0.271247 1.234199 0.902567 0.292126 -0.210138 0.518318 0.826138
0.852942 0.968748 1.175975 0.798918 0.108590 0.087084 0.338235 0.271247 1.290729 0.848884 0.998603 1.059021 0.566177 0.675928
0.882353 1.000000 1.278234 0.890967 0.118033 0.097117 0.367647 0.302500 1.333622 0.847817 0.335019 -0.211205 0.608830 0.688489
0.911765 1.000000 1.380492 0.890967 0.127475 0.097117 0.397059 0.302500 1.353261 0.831519 1.018242 1.042724 0.627029 0.651043
0.926472 1.000000 1.431625 0.890967 0.132197 0.097117 0.411766 0.302500 1.363213 0.823547 0.344971 -0.219177 0.636444 0.633598
0.941177 1.000000 1.482751 0.890967 0.136918 0.097117 0.426470 0.302500 1.373249 0.815692 1.028278 1.034869 0.646055 0.616947
0.955884 0.968748 1.533884 0.798918 0.141639 0.087084 0.441177 0.271247 1.360950 0.792082 0.332672 -0.242787 0.633081 0.551250
0.985295 0.906248 1.636142 0.614835 0.151082 0.067018 0.470589 0.208748 1.338691 0.743633 1.006019 0.986419 0.612176 0.417509
1.000000 0.812501 1.687268 0.338717 0.155803 0.036921 0.485294 0.115001 1.288471 0.682317 0.282452 -0.304102 0.569378 0.232679
1.000000 0.750001 1.687268 0.154633 0.155803 0.016855 0.485294 0.052501 1.250001 0.643502 0.967548 0.947604 0.539327 0.107765
1.000000 0.687501 1.687268 -0.029450 0.155803 -0.003210 0.485294 -0.009999 1.213531 0.602288 0.245983 -0.345316 0.515139 -0.020601
0.955884 0.625002 1.533884 -0.213533 0.141639 -0.023276 0.441177 -0.072499 1.142077 0.579075 0.896094 0.924391 0.454755 -0.162874
0.897060 0.625002 1.329367 -0.213533 0.122754 -0.023276 0.382354 -0.072499 1.093318 0.608523 0.197224 -0.315868 0.397944 -0.187387
0.867648 0.656249 1.227108 -0.121499 0.113312 -0.013244 0.352942 -0.041251 1.087877 0.647555 0.890654 0.963423 0.380266 -0.116350
0.852942 0.750001 1.175975 0.154633 0.108590 0.016855 0.338235 0.052501 1.135787 0.721267 0.245133 -0.242156 0.412028 0.153991
0.867648 0.843748 1.227108 0.430752 0.113312 0.046953 0.352942 0.146248 1.210258 0.771434 0.965125 1.013590 0.482532 0.392831
0.897060 0.875001 1.329367 0.522800 0.122754 0.056986 0.382354 0.177500 1.253133 0.772950 0.288008 -0.240640 0.525363 0.434625
