0.095889 0.481483 -1.378459 -0.524646 -0.119042 -0.051894 -0.398887 -0.173886 0.490938 1.374214 0.490938 1.374214 0.399108 0.411090
0.109589 0.481483 -1.331117 -0.524646 -0.114954 -0.051894 -0.385187 -0.173886 0.493797 1.347002 0.002859 -0.027212 0.385416 0.424044
0.136986 0.481483 -1.236438 -0.524646 -0.106777 -0.051894 -0.357790 -0.173886 0.500591 1.293611 0.497732 1.320824 0.358037 0.452385
0.164383 0.481483 -1.141760 -0.524646 -0.098601 -0.051894 -0.330393 -0.173886 0.508771 1.241794 0.011039 -0.079030 0.330660 0.484466
0.191781 0.555557 -1.047081 -0.301151 -0.090425 -0.029787 -0.302995 -0.099812 0.587727 1.238400 0.576688 1.317430 0.309032 0.318222
0.205480 0.592597 -0.999739 -0.189396 -0.086336 -0.018733 -0.289296 -0.062772 0.627210 1.237024 0.050522 -0.080407 0.305386 0.213671
0.232878 0.703705 -0.905060 0.145838 -0.078160 0.014425 -0.261899 0.048336 0.741237 1.251210 0.690715 1.331616 0.335025 -0.182506
0.246575 0.740744 -0.857724 0.257594 -0.074072 0.025479 -0.248201 0.085376 0.780706 1.249459 0.089991 -0.082158 0.349434 -0.331300
0.232878 0.888892 -0.905060 0.704584 -0.078160 0.069692 -0.261899 0.233523 0.918891 1.314569 0.828900 1.396726 0.473200 -0.728186
0.219178 0.925926 -0.952403 0.816323 -0.082248 0.080744 -0.275598 0.270557 0.951514 1.338363 0.122613 -0.058364 0.511708 -0.776169
0.178083 0.962966 -1.094417 0.928079 -0.094512 0.091798 -0.316693 0.307597 0.979294 1.387930 0.856681 1.446294 0.565240 -0.770829
0.150684 0.962966 -1.189102 0.928079 -0.102689 0.091798 -0.344092 0.307597 0.974684 1.415576 0.118003 -0.030718 0.581035 -0.729456
0.109589 0.962966 -1.331117 0.928079 -0.114954 0.091798 -0.385187 0.307597 0.969182 1.457480 0.851178 1.488198 0.606276 -0.673866
0.068492 0.962966 -1.473138 0.928079 -0.127218 0.091798 -0.426284 0.307597 0.965399 1.499790 0.114220 0.011591 0.633182 -0.625062
0.041095 0.888892 -1.567816 0.704584 -0.135395 0.069692 -0.453681 0.233523 0.889841 1.524598 0.775621 1.513006 0.600961 -0.475362
0.013698 0.814818 -1.662495 0.481089 -0.143571 0.047585 -0.481078 0.159449 0.814933 1.553987 0.039312 0.040981 0.577809 -0.320047
0.000000 0.666670 -1.709830 0.034099 -0.147659 0.003373 -0.494776 0.011302 0.666670 1.570796 0.627358 1.529815 0.523785 -0.022838
0.013698 0.555557 -1.662495 -0.301151 -0.143571 -0.029787 -0.481078 -0.099812 0.555726 1.546146 -0.071633 0.016330 0.484903 0.204573
0.041095 0.444443 -1.567816 -0.636402 -0.135395 -0.062948 -0.453681 -0.210926 0.446339 1.478595 0.517972 1.462264 0.456465 0.435192
0.095889 0.296295 -1.378459 -1.083392 -0.119042 -0.107160 -0.398887 -0.359073 0.311425 1.257807 -0.206546 -0.204458 0.445539 0.732919
0.150684 0.185187 -1.189102 -1.418626 -0.102689 -0.140319 -0.344092 -0.470181 0.238747 0.887768 0.445293 1.092226 0.462866 0.939026
0.219178 0.111114 -0.952403 -1.642120 -0.082248 -0.162425 -0.275598 -0.544255 0.245734 0.469197 -0.199559 -0.623029 0.472389 1.102060
0.287672 0.037040 -0.715703 -1.865615 -0.061807 -0.184531 -0.207104 -0.618329 0.290047 0.128052 0.489606 0.751081 0.502409 1.247599
0.356164 0.000000 -0.479011 -1.977371 -0.041367 -0.195585 -0.138612 -0.655369 0.356164 0.000000 -0.133442 -0.751081 0.513825 1.362366
0.410958 0.000000 -0.289654 -1.977371 -0.025014 -0.195585 -0.083818 -0.655369 0.410958 0.000000 0.544400 0.751081 0.501825 1.443593
0.520547 0.074074 0.089060 -1.753876 0.007691 -0.173479 0.025771 -0.581295 0.525791 0.141351 -0.018609 -0.609730 0.421491 -1.526491
0.561644 0.148148 0.231081 -1.530381 0.019956 -0.151373 0.066868 -0.507221 0.580855 0.257901 0.599464 0.867631 0.353019 -1.439720
0.589042 0.259261 0.325759 -1.195131 0.028132 -0.118213 0.094265 -0.396107 0.643573 0.414625 0.044109 -0.453006 0.253679 -1.337163
0.602741 0.370369 0.373102 -0.859897 0.032221 -0.085054 0.107965 -0.284999 0.707439 0.550995 0.663330 1.004001 0.164722 -1.208676
0.602741 0.481483 0.373102 -0.524646 0.032221 -0.051894 0.107965 -0.173886 0.771442 0.674022 0.108112 -0.329979 0.108780 -1.015153
0.589042 0.592597 0.325759 -0.189396 0.028132 -0.018733 0.094265 -0.062772 0.835548 0.788407 0.727436 1.118385 0.135849 -0.587478
0.575342 0.703705 0.278417 0.145838 0.024044 0.014425 0.080566 0.048336 0.908966 0.885421 0.181530 -0.232964 0.223924 0.540386
0.547945 0.777778 0.183738 0.369333 0.015867 0.036531 0.053169 0.122410 0.951411 0.957057 0.769881 1.190021 0.287954 1.161033
0.506850 0.925926 0.041724 0.816323 0.003603 0.080744 0.012074 0.270557 1.055574 1.069953 0.285693 -0.120067 0.431319 1.526200
0.493150 0.962966 -0.005619 0.928079 -0.000485 0.091798 -0.001626 0.307597 1.081897 1.097503 0.796204 1.217571 0.468193 -1.565511
0.479453 0.962966 -0.052954 0.928079 -0.004573 0.091798 -0.015323 0.307597 1.075722 1.108837 0.279518 -0.108734 0.468441 -1.521021
0.465753 1.000000 -0.100297 1.039818 -0.008662 0.102850 -0.029023 0.344631 1.103144 1.134920 0.823626 1.243653 0.506057 -1.486780
0.493150 1.000000 -0.005619 1.039818 -0.000485 0.102850 -0.001626 0.344631 1.114987 1.112644 0.291362 -0.131010 0.505227 -1.566079
0.547945 1.000000 0.183738 1.039818 0.015867 0.102850 0.053169 0.344631 1.140282 1.069532 0.848920 1.200542 0.508014 1.417726
0.589042 0.962966 0.325759 0.928079 0.028132 0.091798 0.094265 0.307597 1.128837 1.021822 0.279917 -0.178720 0.477585 1.273426
0.698630 0.925926 0.704473 0.816323 0.060837 0.080744 0.203854 0.270557 1.159924 0.924408 0.880007 1.103129 0.476914 0.925084
0.767125 0.925926 0.941173 0.816323 0.081278 0.080744 0.272349 0.270557 1.202422 0.878921 0.322415 -0.224208 0.509965 0.782099
0.821919 0.888892 1.130530 0.704584 0.097631 0.069692 0.327143 0.233523 1.210653 0.824525 0.888238 1.048733 0.512201 0.619945
0.904111 0.888892 1.414565 0.704584 0.122160 0.069692 0.409335 0.233523 1.267890 0.776911 0.379652 -0.271823 0.568227 0.518442
0.931508 0.888892 1.509243 0.704584 0.130336 0.069692 0.436732 0.233523 1.287570 0.761992 0.907917 1.033815 0.588270 0.491026
0.958905 0.888892 1.603922 0.704584 0.138513 0.069692 0.464129 0.233523 1.307527 0.747526 0.399610 -0.286289 0.608887 0.466159
0.986302 0.851852 1.698600 0.592828 0.146689 0.058638 0.491526 0.196484 1.303244 0.712384 0.903634 0.998673 0.607537 0.380284
1.000000 0.851852 1.745936 0.592828 0.150777 0.058638 0.505224 0.196484 1.313641 0.705568 0.410007 -0.293104 0.618672 0.370904
1.000000 0.814818 1.745936 0.481089 0.150777 0.047585 0.505224 0.159449 1.289934 0.683711 0.879926 0.976816 0.598062 0.305708
1.000000 0.703705 1.745936 0.145838 0.150777 0.014425 0.505224 0.048336 1.222784 0.613208 0.342857 -0.363608 0.546720 0.095382
0.986302 0.629631 1.698600 -0.077657 0.146689 -0.007681 0.491526 -0.025738 1.170140 0.568159 0.827283 0.931767 0.509690 -0.052316
0.958905 0.592597 1.603922 -0.189396 0.138513 -0.018733 0.464129 -0.062772 1.127240 0.553545 0.299957 -0.378223 0.474326 -0.134432
0.931508 0.555557 1.509243 -0.301151 0.130336 -0.029787 0.436732 -0.099812 1.084597 0.537773 0.784640 0.915995 0.440941 -0.224684
0.876713 0.518517 1.319886 -0.412907 0.113984 -0.040841 0.381937 -0.136852 1.018571 0.534096 0.233931 -0.381899 0.382675 -0.344058
0.863014 0.518517 1.272544 -0.412907 0.109895 -0.040841 0.368238 -0.136852 1.006803 0.541023 0.772872 0.922922 0.369002 -0.355821
0.835617 0.555557 1.177865 -0.301151 0.101719 -0.029787 0.340841 -0.099812 1.003443 0.586741 0.230571 -0.336181 0.346218 -0.284876
0.835617 0.629631 1.177865 -0.077657 0.101719 -0.007681 0.340841 -0.025738 1.046274 0.645732 0.815703 0.981913 0.366549 -0.075370
0.835617 0.777778 1.177865 0.369333 0.101719 0.036531 0.340841 0.122410 1.141575 0.749565 0.325872 -0.232348 0.443015 0.344795
0.863014 0.851852 1.272544 0.592828 0.109895 0.058638 0.368238 0.196484 1.212619 0.778890 0.886747 1.011238 0.512935 0.490148
