0.098592 0.562500 -1.167184 -0.252500 -0.106702 -0.024201 -0.349199 -0.079203 0.571075 1.397284 0.571075 1.397284 0.367557 0.223039
0.112678 0.562500 -1.120104 -0.252500 -0.102398 -0.024201 -0.335113 -0.079203 0.573675 1.373097 0.002600 -0.024187 0.354202 0.232088
0.126761 0.562500 -1.073031 -0.252500 -0.098094 -0.024201 -0.321030 -0.079203 0.576606 1.349146 0.574007 1.373332 0.340908 0.241884
0.140847 0.562500 -1.025950 -0.252500 -0.093790 -0.024201 -0.306944 -0.079203 0.579866 1.325447 0.005859 -0.047886 0.327678 0.252528
0.169016 0.562500 -0.931797 -0.252500 -0.085183 -0.024201 -0.278775 -0.079203 0.587344 1.278906 0.581485 1.326792 0.301453 0.276816
0.183099 0.625000 -0.884723 -0.053249 -0.080880 -0.005104 -0.264692 -0.016703 0.651268 1.285812 0.069784 -0.040980 0.318535 0.063019
0.197185 0.687500 -0.837643 0.146003 -0.076576 0.013994 -0.250606 0.045797 0.715219 1.291480 0.645435 1.332460 0.346791 -0.180751
0.197185 0.750000 -0.837643 0.345254 -0.076576 0.033091 -0.250606 0.108297 0.775488 1.313702 0.130053 -0.018758 0.392599 -0.407903
0.197185 0.781252 -0.837643 0.444887 -0.076576 0.042641 -0.250606 0.139550 0.805752 1.323564 0.675700 1.342323 0.417133 -0.508086
0.183099 0.812500 -0.884723 0.544506 -0.080880 0.052189 -0.264692 0.170797 0.832875 1.349146 0.157176 0.006823 0.450638 -0.573042
0.126761 0.843752 -1.073031 0.644139 -0.098094 0.061739 -0.321030 0.202050 0.853221 1.421676 0.696045 1.414853 0.509750 -0.561743
0.084509 0.812500 -1.214258 0.544506 -0.111005 0.052189 -0.363282 0.170797 0.816883 1.467158 0.120838 0.052305 0.514768 -0.439484
0.042254 0.750000 -1.355492 0.345254 -0.123916 0.033091 -0.405536 0.108297 0.751189 1.514517 0.630352 1.462212 0.505757 -0.260957
0.014086 0.687500 -1.449646 0.146003 -0.132524 0.013994 -0.433705 0.045797 0.687644 1.550311 0.057293 0.088100 0.495541 -0.105205
0.000000 0.593748 -1.496726 -0.152882 -0.136828 -0.014653 -0.447791 -0.047955 0.593748 1.570796 0.536455 1.482697 0.470978 0.106686
0.000000 0.500000 -1.496726 -0.451752 -0.136828 -0.043299 -0.447791 -0.141703 0.500000 1.570796 -0.036455 0.088100 0.450824 0.306478
0.000000 0.375000 -1.496726 -0.850255 -0.136828 -0.081494 -0.447791 -0.266703 0.375000 1.570796 0.411455 1.482697 0.453669 0.537176
0.042254 0.281248 -1.355492 -1.149140 -0.123916 -0.110141 -0.405536 -0.360455 0.284404 1.421672 -0.127051 -0.061024 0.438402 0.726613
0.084509 0.187500 -1.214258 -1.448010 -0.111005 -0.138787 -0.363282 -0.454203 0.205665 1.147349 0.332716 1.208373 0.446906 0.896163
0.140847 0.125000 -1.025950 -1.647261 -0.093790 -0.157885 -0.306944 -0.516703 0.188316 0.725860 -0.144400 -0.482513 0.445431 1.034768
0.253522 0.000000 -0.649336 -2.045764 -0.059361 -0.196080 -0.194268 -0.641703 0.253522 0.000000 0.397923 0.482513 0.488116 1.276829
0.323944 0.000000 -0.413955 -2.045764 -0.037843 -0.196080 -0.123847 -0.641703 0.323944 0.000000 -0.073979 -0.482513 0.464602 1.380143
0.394367 0.000000 -0.178567 -2.045764 -0.016324 -0.196080 -0.053424 -0.641703 0.394367 0.000000 0.468346 0.482513 0.450966 1.487735
0.450705 0.031248 0.009740 -1.946146 0.000890 -0.186532 0.002914 -0.610455 0.451787 0.069220 -0.016559 -0.413293 0.416553 -1.566023
0.507043 0.062500 0.198048 -1.846513 0.018105 -0.176982 0.059252 -0.579203 0.510880 0.122645 0.527439 0.535938 0.389820 -1.468852
0.549297 0.125000 0.339282 -1.647261 0.031016 -0.157885 0.101506 -0.516703 0.563340 0.223753 0.035901 -0.312185 0.338375 -1.376816
0.577466 0.312500 0.433435 -1.049507 0.039624 -0.100592 0.129675 -0.329203 0.656600 0.496029 0.620699 0.808214 0.187401 -1.195554
0.577466 0.406248 0.433435 -0.750637 0.039624 -0.071946 0.129675 -0.235455 0.706048 0.613071 0.085350 -0.195143 0.136167 -1.067383
0.563381 0.531248 0.386355 -0.352134 0.035320 -0.033751 0.115590 -0.110455 0.774352 0.756051 0.689003 0.951194 0.142569 -0.762687
0.535212 0.625000 0.292201 -0.053249 0.026712 -0.005104 0.087421 -0.016703 0.822847 0.862634 0.133844 -0.088560 0.197599 -0.188787
0.507043 0.718752 0.198048 0.245636 0.018105 0.023543 0.059252 0.077050 0.879601 0.956423 0.745757 1.044983 0.277364 0.915239
0.422536 0.843752 -0.084414 0.644139 -0.007717 0.061739 -0.025255 0.202050 0.943639 1.106523 0.197882 0.061540 0.396766 -1.446448
0.394367 0.906252 -0.178567 0.843390 -0.016324 0.080836 -0.053424 0.264550 0.988341 1.160350 0.790459 1.098810 0.461564 -1.371534
0.366198 0.937500 -0.272721 0.943009 -0.024932 0.090384 -0.081593 0.295797 1.006483 1.198410 0.216023 0.099600 0.496460 -1.301649
0.338029 0.968752 -0.366875 1.042642 -0.033539 0.099934 -0.109762 0.327050 1.026034 1.235073 0.810010 1.135473 0.532399 -1.246997
0.323944 1.000000 -0.413955 1.142260 -0.037843 0.109482 -0.123847 0.358297 1.051161 1.257520 0.241151 0.122047 0.565927 -1.237998
0.338029 1.000000 -0.366875 1.142260 -0.033539 0.109482 -0.109762 0.358297 1.055587 1.244825 0.814436 1.122778 0.563012 -1.273531
0.352113 1.000000 -0.319801 1.142260 -0.029236 0.109482 -0.095678 0.358297 1.060181 1.232241 0.245745 0.109463 0.560437 -1.309849
0.408450 1.000000 -0.131494 1.142260 -0.012021 0.109482 -0.039340 0.358297 1.080200 1.183026 0.834455 1.073564 0.553609 -1.461436
0.535212 1.000000 0.292201 1.142260 0.026712 0.109482 0.087421 0.358297 1.134218 1.079378 0.299763 0.005814 0.559086 1.331482
0.605635 1.000000 0.527589 1.142260 0.048231 0.109482 0.157844 0.358297 1.169100 1.026244 0.869336 1.020430 0.574325 1.155837
0.676056 0.968752 0.762970 1.042642 0.069749 0.099934 0.228265 0.327050 1.181327 0.961506 0.311991 -0.058923 0.568776 0.961445
0.802818 0.968752 1.186665 1.042642 0.108483 0.099934 0.355027 0.327050 1.258172 0.878791 0.946181 0.937715 0.630432 0.744404
0.859155 0.937500 1.374972 0.943009 0.125697 0.090384 0.411365 0.295797 1.271634 0.828976 0.325453 -0.108738 0.639559 0.623406
0.901410 0.937500 1.516206 0.943009 0.138609 0.090384 0.453619 0.295797 1.300556 0.805021 0.975103 0.913760 0.667522 0.577838
0.943662 0.906252 1.657433 0.843390 0.151519 0.080836 0.495871 0.264550 1.308355 0.765178 0.333252 -0.148581 0.675333 0.490091
0.971831 0.875000 1.751587 0.743757 0.160127 0.071287 0.524040 0.233297 1.307701 0.733015 0.974449 0.881596 0.676111 0.418846
1.000000 0.781252 1.845741 0.444887 0.168734 0.042641 0.552209 0.139550 1.268998 0.663204 0.294549 -0.218392 0.645083 0.247529
1.000000 0.718752 1.845741 0.245636 0.168734 0.023543 0.552209 0.077050 1.231505 0.623201 0.936956 0.841593 0.615106 0.138635
0.971831 0.656252 1.751587 0.046384 0.160127 0.004446 0.524040 0.014550 1.172656 0.593938 0.235700 -0.247655 0.563981 0.027757
0.915493 0.562500 1.563280 -0.252500 0.142912 -0.024201 0.467702 -0.079203 1.074492 0.550957 0.838793 0.798612 0.481564 -0.167753
0.873239 0.562500 1.422045 -0.252500 0.130001 -0.024201 0.425448 -0.079203 1.038726 0.572254 0.199934 -0.226358 0.440641 -0.184056
0.830986 0.531248 1.280818 -0.352134 0.117090 -0.033751 0.383196 -0.110455 0.986287 0.568815 0.786354 0.795172 0.392178 -0.280640
0.760563 0.531248 1.045431 -0.352134 0.095571 -0.033751 0.312772 -0.110455 0.927729 0.609714 0.141375 -0.185459 0.323715 -0.339477
0.732394 0.593748 0.951277 -0.152882 0.086964 -0.014653 0.284603 -0.047955 0.942835 0.681228 0.801460 0.866687 0.319848 -0.166930
0.732394 0.750000 0.951277 0.345254 0.086964 0.033091 0.284603 0.108297 1.048285 0.797274 0.246825 -0.069412 0.415126 0.363601
0.746480 0.843752 0.998357 0.644139 0.091268 0.061739 0.298689 0.202050 1.126566 0.846491 0.879741 0.915903 0.495984 0.594749
0.788732 1.000000 1.139584 1.142260 0.104179 0.109482 0.340941 0.358297 1.273616 0.902964 0.393876 -0.012939 0.648981 0.810214
