0.140351 0.499997 -1.040672 -0.453326 -0.094622 -0.043662 -0.317604 -0.146555 0.519322 1.297136 0.519322 1.297136 0.320375 0.432325
0.140351 0.461538 -1.040672 -0.572288 -0.094622 -0.055120 -0.317604 -0.185013 0.482407 1.275589 -0.036916 -0.021547 0.317624 0.527473
0.157893 0.461538 -0.983192 -0.572288 -0.089396 -0.055120 -0.300062 -0.185013 0.487799 1.241175 0.524715 1.262722 0.300083 0.552525
0.175438 0.461538 -0.925703 -0.572288 -0.084169 -0.055120 -0.282516 -0.185013 0.493757 1.207548 -0.030957 -0.055175 0.282539 0.579796
0.175438 0.538462 -0.925703 -0.334347 -0.084169 -0.032203 -0.282516 -0.108090 0.566321 1.255828 0.597278 1.311003 0.293763 0.365415
0.175438 0.615385 -0.925703 -0.096407 -0.084169 -0.009285 -0.282516 -0.031167 0.639904 1.293076 0.042626 -0.017926 0.323419 0.109875
0.175438 0.692308 -0.925703 0.141533 -0.084169 0.013632 -0.282516 0.045756 0.714191 1.322610 0.671565 1.340536 0.367065 -0.160564
0.175438 0.730766 -0.925703 0.260494 -0.084169 0.025090 -0.282516 0.084215 0.751530 1.335181 0.079965 -0.005356 0.392736 -0.289701
0.157893 0.807695 -0.983192 0.498453 -0.089396 0.048009 -0.300062 0.161143 0.822983 1.377745 0.743018 1.383100 0.460820 -0.492834
0.140351 0.846154 -1.040672 0.617414 -0.094622 0.059466 -0.317604 0.199602 0.857715 1.406424 0.114696 0.023324 0.501568 -0.561085
0.105263 0.884618 -1.155642 0.736393 -0.105076 0.070926 -0.352692 0.238067 0.890859 1.452361 0.776163 1.429037 0.553564 -0.593749
0.087718 0.884618 -1.213131 0.736393 -0.110303 0.070926 -0.370237 0.238067 0.888957 1.471960 0.112794 0.042923 0.564905 -0.571446
0.052630 0.884618 -1.328100 0.736393 -0.120756 0.070926 -0.405325 0.238067 0.886183 1.511372 0.773388 1.468448 0.588498 -0.531064
0.035088 0.807695 -1.385581 0.498453 -0.125983 0.048009 -0.422867 0.161143 0.808457 1.527382 0.035069 0.058934 0.548758 -0.364085
0.000000 0.653843 -1.500550 0.022554 -0.136436 0.002172 -0.457955 0.007291 0.653843 1.570796 0.618775 1.511863 0.498091 -0.015920
0.000000 0.538462 -1.500550 -0.334347 -0.136436 -0.032203 -0.457955 -0.108090 0.538462 1.570796 -0.080313 0.058934 0.464977 0.231786
0.000000 0.461538 -1.500550 -0.572288 -0.136436 -0.055120 -0.457955 -0.185013 0.461538 1.570796 0.541852 1.511863 0.457969 0.383949
0.017543 0.346151 -1.443070 -0.929207 -0.131210 -0.089497 -0.440412 -0.300401 0.346595 1.520161 -0.195256 0.008298 0.454382 0.598604
0.052630 0.269228 -1.328100 -1.167147 -0.120756 -0.112414 -0.405325 -0.377324 0.274324 1.377745 0.469580 1.369447 0.447108 0.749637
0.122806 0.192305 -1.098161 -1.405087 -0.099849 -0.135332 -0.335149 -0.454247 0.228172 1.002478 -0.241409 -0.366969 0.427662 0.935141
0.245614 0.076923 -0.695764 -1.761989 -0.063262 -0.169707 -0.212341 -0.569629 0.257378 0.303511 0.498786 0.670480 0.436204 1.213981
0.315789 0.000000 -0.465825 -1.999929 -0.042355 -0.192624 -0.142166 -0.646552 0.315789 0.000000 -0.182997 -0.670480 0.479514 1.354358
0.385964 0.000000 -0.235886 -1.999929 -0.021448 -0.192624 -0.071990 -0.646552 0.385964 0.000000 0.568962 0.670480 0.463579 1.459908
0.438597 0.000000 -0.063428 -1.999929 -0.005767 -0.192624 -0.019358 -0.646552 0.438597 0.000000 -0.130364 -0.670480 0.458364 1.540866
0.508773 0.000000 0.166511 -1.999929 0.015140 -0.192624 0.050818 -0.646552 0.508773 0.000000 0.639137 0.670480 0.460766 -1.492359
0.561403 0.038459 0.338961 -1.880968 0.030820 -0.181166 0.103448 -0.608093 0.562719 0.068398 -0.076418 -0.602082 0.432063 -1.402291
0.596490 0.115382 0.453931 -1.643028 0.041273 -0.158249 0.138536 -0.531170 0.607547 0.191074 0.683966 0.793157 0.369525 -1.315668
0.631578 0.346151 0.568900 -0.929207 0.051727 -0.089497 0.173623 -0.300401 0.720216 0.501363 0.036250 -0.291794 0.206507 -1.046731
0.614036 0.461538 0.511420 -0.572288 0.046500 -0.055120 0.156081 -0.185013 0.768152 0.644555 0.731902 0.936349 0.156122 -0.870018
0.561403 0.653843 0.338961 0.022554 0.030820 0.002172 0.103448 0.007291 0.861791 0.861319 0.129890 -0.075030 0.221526 0.070368
0.508773 0.730766 0.166511 0.260494 0.015140 0.025090 0.050818 0.084215 0.890432 0.962613 0.760542 1.037643 0.277504 1.027857
0.456140 0.807695 -0.005947 0.498453 -0.000541 0.048009 -0.001815 0.161143 0.927596 1.056705 0.167054 0.019062 0.349745 -1.559533
0.421052 0.884618 -0.120917 0.736393 -0.010994 0.070926 -0.036903 0.238067 0.979711 1.126557 0.812657 1.107494 0.428256 -1.417010
0.385964 0.923077 -0.235886 0.855354 -0.021448 0.082384 -0.071990 0.276525 1.000520 1.174761 0.187862 0.067266 0.470660 -1.316110
0.350877 0.961541 -0.350856 0.974333 -0.031901 0.093843 -0.107078 0.314990 1.023561 1.220900 0.835698 1.153634 0.514845 -1.243110
0.315789 1.000000 -0.465825 1.093294 -0.042355 0.105301 -0.142166 0.353448 1.048677 1.264918 0.212978 0.111284 0.560379 -1.188373
0.333332 1.000000 -0.408345 1.093294 -0.037128 0.105301 -0.124623 0.353448 1.054092 1.249047 0.841114 1.137763 0.556187 -1.231814
0.385964 1.000000 -0.235886 1.093294 -0.021448 0.105301 -0.071990 0.353448 1.071899 1.202448 0.230786 0.064684 0.546805 -1.369865
0.438597 1.000000 -0.063428 1.093294 -0.005767 0.105301 -0.019358 0.353448 1.091956 1.157465 0.861170 1.092781 0.542391 -1.516083
0.508773 1.000000 0.166511 1.093294 0.015140 0.105301 0.050818 0.353448 1.121985 1.100155 0.260815 0.007374 0.544422 1.427998
0.614036 0.961541 0.511420 0.974333 0.046500 0.093843 0.156081 0.314990 1.140878 1.002480 0.880063 0.995106 0.527220 1.110746
0.684211 0.961541 0.741359 0.974333 0.067407 0.093843 0.226256 0.314990 1.180130 0.952343 0.300067 -0.042763 0.552079 0.947896
0.736841 0.961541 0.913808 0.974333 0.083087 0.093843 0.278886 0.314990 1.211403 0.916937 0.911336 0.959700 0.575654 0.846116
0.807016 0.923077 1.143747 0.855354 0.103994 0.082384 0.349062 0.276525 1.226110 0.852381 0.314775 -0.107319 0.581535 0.669964
0.912279 0.884618 1.488656 0.736393 0.135355 0.070926 0.454325 0.238067 1.270749 0.770006 0.955975 0.877325 0.623260 0.482663
0.947367 0.846154 1.603625 0.617414 0.145808 0.059466 0.489412 0.199602 1.270229 0.729025 0.314254 -0.148299 0.624678 0.387247
0.982457 0.807695 1.718603 0.498453 0.156263 0.048009 0.524503 0.161143 1.271847 0.688082 0.957593 0.836382 0.630414 0.298077
1.000000 0.807695 1.776084 0.498453 0.161489 0.048009 0.542045 0.161143 1.285446 0.679416 0.327853 -0.156966 0.645082 0.288967
1.000000 0.730766 1.776084 0.260494 0.161489 0.025090 0.542045 0.084215 1.238555 0.631077 0.910702 0.788044 0.606827 0.154132
0.982457 0.692308 1.718603 0.141533 0.156263 0.013632 0.524503 0.045756 1.201879 0.613853 0.291177 -0.174191 0.574477 0.087016
0.947367 0.653843 1.603625 0.022554 0.145808 0.002172 0.489412 0.007291 1.151093 0.604097 0.859916 0.778288 0.527159 0.014897
0.894737 0.615385 1.431175 -0.096407 0.130128 -0.009285 0.436782 -0.031167 1.085934 0.602479 0.226018 -0.175809 0.464287 -0.071236
0.877192 0.615385 1.373686 -0.096407 0.124901 -0.009285 0.419237 -0.031167 1.071524 0.611758 0.845506 0.787567 0.447821 -0.074206
0.842104 0.615385 1.258717 -0.096407 0.114448 -0.009285 0.384149 -0.031167 1.042995 0.631080 0.197488 -0.156487 0.415156 -0.080956
0.807016 0.692308 1.143747 0.141533 0.103994 0.013632 0.349062 0.045756 1.063281 0.709040 0.865792 0.865527 0.420435 0.130339
0.807016 0.769231 1.143747 0.379474 0.103994 0.036549 0.349062 0.122679 1.114895 0.761431 0.249103 -0.104096 0.467693 0.337969
0.824562 0.923077 1.201236 0.855354 0.109221 0.082384 0.366607 0.276525 1.237729 0.841709 0.988626 0.945805 0.592232 0.646236
0.842104 1.000000 1.258717 1.093294 0.114448 0.105301 0.384149 0.353448 1.307341 0.870904 0.318715 -0.074901 0.664367 0.743799
