0.090908 0.500000 -1.217442 -0.500303 -0.114749 -0.049991 -0.376769 -0.164140 0.508197 1.390946 0.508197 1.390946 0.378153 0.410858
0.090908 0.545451 -1.217442 -0.361768 -0.114749 -0.036148 -0.376769 -0.118689 0.552974 1.405649 0.044777 0.014703 0.384712 0.305177
0.109091 0.590908 -1.158688 -0.223211 -0.109211 -0.022303 -0.358585 -0.073231 0.600894 1.388237 0.556117 1.373533 0.379170 0.201452
0.109091 0.681817 -1.158688 0.053881 -0.109211 0.005384 -0.358585 0.017677 0.690489 1.412141 0.134373 0.038608 0.417660 -0.049257
0.109091 0.818176 -1.158688 0.469508 -0.109211 0.046913 -0.358585 0.154036 0.825417 1.438244 0.691044 1.399636 0.501432 -0.405733
0.109091 0.863634 -1.158688 0.608065 -0.109211 0.060758 -0.358585 0.199494 0.870497 1.445146 0.179452 0.045510 0.534197 -0.507695
0.109091 0.909092 -1.158688 0.746621 -0.109211 0.074603 -0.358585 0.244952 0.915614 1.451368 0.736161 1.405858 0.568710 -0.599297
0.090908 0.954542 -1.217442 0.885157 -0.114749 0.088445 -0.376769 0.290403 0.958861 1.475846 0.222700 0.069988 0.615624 -0.656663
0.072727 0.954542 -1.276188 0.885157 -0.120286 0.088445 -0.394949 0.290403 0.957309 1.494753 0.734609 1.424765 0.626916 -0.634021
0.054544 0.909092 -1.334943 0.746621 -0.125824 0.074603 -0.413132 0.244952 0.910726 1.510870 0.176117 0.086105 0.604587 -0.535193
0.018180 0.818176 -1.452444 0.469508 -0.136899 0.046913 -0.449496 0.154036 0.818378 1.548579 0.642261 1.462474 0.569997 -0.330145
0.000000 0.727268 -1.511190 0.192416 -0.142436 0.019226 -0.467676 0.063128 0.727268 1.570796 0.085007 0.108322 0.534891 -0.134171
0.000000 0.454542 -1.511190 -0.638860 -0.142436 -0.063835 -0.467676 -0.209597 0.454542 1.570796 0.369535 1.462474 0.467861 0.421329
0.018180 0.363634 -1.452444 -0.915952 -0.136899 -0.091522 -0.449496 -0.300506 0.364088 1.520841 -0.005447 0.058367 0.461380 0.589298
0.054544 0.227275 -1.334943 -1.331580 -0.125824 -0.133052 -0.413132 -0.436865 0.233728 1.335259 0.239175 1.276892 0.477986 0.813312
0.109091 0.136366 -1.158688 -1.608672 -0.109211 -0.160739 -0.358585 -0.527774 0.174633 0.896065 -0.064543 -0.380827 0.488211 0.974009
0.163635 0.090908 -0.982441 -1.747228 -0.092599 -0.174584 -0.304041 -0.573231 0.187192 0.507100 0.251734 0.887927 0.484144 1.083126
0.309089 0.000000 -0.512438 -2.024320 -0.048299 -0.202271 -0.158587 -0.664140 0.309089 0.000000 0.057355 -0.887927 0.493833 1.336400
0.381816 0.000000 -0.277437 -2.024320 -0.026150 -0.202271 -0.085860 -0.664140 0.381816 0.000000 0.324462 0.887927 0.475492 1.442230
0.436363 0.045458 -0.101181 -1.885764 -0.009537 -0.188426 -0.031313 -0.618682 0.438724 0.103800 0.114263 -0.784127 0.423378 1.520227
0.490910 0.090908 0.075074 -1.747228 0.007076 -0.174584 0.023234 -0.573231 0.499256 0.183109 0.384993 0.967237 0.377483 -1.530287
0.545454 0.181817 0.251321 -1.470136 0.023688 -0.146897 0.077778 -0.482323 0.574958 0.321749 0.189965 -0.645488 0.296251 -1.410916
0.563637 0.363634 0.310076 -0.915952 0.029226 -0.091522 0.095961 -0.300506 0.670758 0.572963 0.480793 1.218450 0.141539 -1.261700
0.563637 0.454542 0.310076 -0.638860 0.029226 -0.063835 0.095961 -0.209597 0.724082 0.678659 0.243290 -0.539792 0.096855 -1.141447
0.509090 0.681817 0.133820 0.053881 0.012613 0.005384 0.041414 0.017677 0.850910 0.929432 0.607620 1.469223 0.218109 0.403429
0.472727 0.772725 0.016319 0.330973 0.001538 0.033071 0.005050 0.108586 0.905856 1.021771 0.298236 -0.447453 0.305091 1.524318
0.436363 0.863634 -0.101181 0.608065 -0.009537 0.060758 -0.031313 0.199494 0.967614 1.102946 0.669378 1.550399 0.397194 -1.415104
0.399999 0.909092 -0.218682 0.746621 -0.020612 0.074603 -0.067677 0.244952 0.993200 1.156290 0.323823 -0.394109 0.446573 -1.301235
0.381816 0.954542 -0.277437 0.885157 -0.026150 0.088445 -0.085860 0.290403 1.028073 1.190291 0.704251 1.584399 0.494379 -1.283328
0.345453 1.000000 -0.394937 1.023714 -0.037224 0.102290 -0.122223 0.335860 1.057988 1.238178 0.353737 -0.346221 0.546175 -1.221782
0.327272 1.000000 -0.453683 1.023714 -0.042762 0.102290 -0.140404 0.335860 1.052192 1.254511 0.698455 1.600732 0.550529 -1.174833
0.345453 1.000000 -0.394937 1.023714 -0.037224 0.102290 -0.122223 0.335860 1.057988 1.238178 0.359533 -0.362553 0.546175 -1.221782
0.399999 1.000000 -0.218682 1.023714 -0.020612 0.102290 -0.067677 0.335860 1.077033 1.190290 0.717500 1.552844 0.536609 -1.371956
0.454543 1.000000 -0.042435 1.023714 -0.004000 0.102290 -0.013133 0.335860 1.098458 1.144170 0.380958 -0.408673 0.532486 -1.531715
0.527273 1.000000 0.192575 1.023714 0.018151 0.102290 0.059597 0.335860 1.130494 1.085569 0.749536 1.494242 0.535650 1.395178
0.581817 0.954542 0.368822 0.885157 0.034763 0.088445 0.114141 0.290403 1.117883 1.023403 0.368347 -0.470840 0.500067 1.196300
0.709091 0.954542 0.780079 0.885157 0.073526 0.088445 0.241415 0.290403 1.189101 0.931881 0.820754 1.402720 0.543433 0.877252
0.763635 0.954542 0.956325 0.885157 0.090138 0.088445 0.295959 0.290403 1.222412 0.896054 0.401657 -0.506666 0.569764 0.775922
0.854546 0.954542 1.250081 0.885157 0.117825 0.088445 0.386870 0.290403 1.281171 0.840617 0.879514 1.347282 0.621857 0.643915
0.890909 0.954542 1.367582 0.885157 0.128900 0.088445 0.423233 0.290403 1.305707 0.819866 0.426193 -0.527417 0.645108 0.601372
0.927273 0.954542 1.485083 0.885157 0.139975 0.088445 0.459597 0.290403 1.330784 0.799888 0.904591 1.327305 0.669528 0.563520
0.981817 0.863634 1.661329 0.608065 0.156587 0.060758 0.514141 0.199494 1.307604 0.721445 0.403013 -0.605860 0.648940 0.370132
0.981817 0.818176 1.661329 0.469508 0.156587 0.046913 0.514141 0.154036 1.278036 0.694736 0.875023 1.300595 0.622247 0.291090
1.000000 0.727268 1.720084 0.192416 0.162125 0.019226 0.532324 0.063128 1.236494 0.628793 0.361471 -0.671802 0.592247 0.118038
0.981817 0.636359 1.661329 -0.084676 0.156587 -0.008461 0.514141 -0.027780 1.170007 0.575070 0.808537 1.246872 0.541105 -0.053980
0.963636 0.590908 1.602583 -0.223211 0.151050 -0.022303 0.495960 -0.073231 1.130384 0.550074 0.321847 -0.696798 0.511041 -0.146596
0.927273 0.545451 1.485083 -0.361768 0.139975 -0.036148 0.459597 -0.118689 1.075803 0.531721 0.753955 1.228519 0.466131 -0.252724
0.854546 0.454542 1.250081 -0.638860 0.117825 -0.063835 0.386870 -0.209597 0.967914 0.488849 0.213958 -0.739670 0.387092 -0.496509
0.818182 0.409092 1.132581 -0.777396 0.106750 -0.077678 0.350506 -0.255048 0.914756 0.463648 0.700797 1.203318 0.355368 -0.629048
0.763635 0.409092 0.956325 -0.777396 0.090138 -0.077678 0.295959 -0.255048 0.866311 0.491810 0.165514 -0.711507 0.301702 -0.711287
0.745455 0.500000 0.897579 -0.500303 0.084601 -0.049991 0.277779 -0.164140 0.897610 0.590811 0.732096 1.302319 0.279653 -0.533702
0.745455 0.590908 0.897579 -0.223211 0.084601 -0.022303 0.277779 -0.073231 0.951250 0.670263 0.219154 -0.632056 0.303887 -0.257767
0.763635 0.818176 0.956325 0.469508 0.090138 0.046913 0.295959 0.154036 1.119174 0.819865 0.900020 1.451921 0.458740 0.479886
0.799999 0.909092 1.073826 0.746621 0.101212 0.074603 0.332323 0.244952 1.210969 0.849142 0.310948 -0.602778 0.552527 0.635187
