0.121212 0.629631 -1.196504 -0.175542 -0.108228 -0.017267 -0.354332 -0.056530 0.641192 1.380610 0.641192 1.380610 0.386386 0.158207
0.136362 0.629631 -1.145345 -0.175542 -0.103601 -0.017267 -0.339182 -0.056530 0.644228 1.357515 0.003036 -0.023095 0.372541 0.165149
0.151515 0.629631 -1.094178 -0.175542 -0.098973 -0.017267 -0.324030 -0.056530 0.647604 1.334646 0.644569 1.357741 0.358800 0.172722
0.166665 0.629631 -1.043018 -0.175542 -0.094345 -0.017267 -0.308879 -0.056530 0.651316 1.312028 0.006747 -0.045713 0.345180 0.181014
0.181818 0.666670 -0.991851 -0.060523 -0.089717 -0.005953 -0.293727 -0.019491 0.691019 1.304546 0.684272 1.350259 0.350435 0.066259
0.181818 0.740744 -0.991851 0.169496 -0.089717 0.016672 -0.293727 0.054583 0.762732 1.330102 0.078460 -0.020157 0.395735 -0.183734
0.196968 0.814818 -0.940692 0.399515 -0.085089 0.039297 -0.278576 0.128657 0.838287 1.333614 0.759827 1.353771 0.438989 -0.432655
0.196968 0.851852 -0.940692 0.514516 -0.085089 0.050609 -0.278576 0.165691 0.874328 1.343566 0.114501 -0.010204 0.468201 -0.536572
0.181818 0.888892 -0.991851 0.629534 -0.089717 0.061923 -0.293727 0.202731 0.907296 1.369035 0.792796 1.379239 0.507081 -0.604121
0.166665 0.925926 -1.043018 0.744535 -0.094345 0.073235 -0.308879 0.239765 0.940806 1.392705 0.148010 0.013466 0.546123 -0.660086
0.106059 0.925926 -1.247671 0.744535 -0.112857 0.073235 -0.369485 0.239765 0.931981 1.456749 0.783970 1.443284 0.582549 -0.575613
0.075756 0.851852 -1.349998 0.514516 -0.122112 0.050609 -0.399788 0.165691 0.855214 1.482098 0.071244 0.038815 0.549034 -0.392899
0.045453 0.777778 -1.452325 0.284496 -0.131368 0.027984 -0.430091 0.091617 0.779105 1.512423 0.707861 1.473608 0.525665 -0.209882
0.015150 0.666670 -1.554651 -0.060523 -0.140624 -0.005953 -0.460394 -0.019491 0.666843 1.548075 -0.041019 0.074467 0.498490 0.042309
0.000000 0.555557 -1.605811 -0.405561 -0.145252 -0.039892 -0.475544 -0.130604 0.555557 1.570796 0.596576 1.496330 0.482229 0.268033
0.000000 0.444443 -1.605811 -0.750598 -0.145252 -0.073831 -0.475544 -0.241718 0.444443 1.570796 -0.152132 0.074467 0.476560 0.470263
0.015150 0.333335 -1.554651 -1.095618 -0.140624 -0.107768 -0.460394 -0.352826 0.333679 1.525377 0.485812 1.450910 0.481857 0.653887
0.060606 0.222222 -1.401157 -1.440655 -0.126740 -0.141707 -0.414938 -0.463939 0.230338 1.304544 -0.255474 -0.146366 0.486155 0.841094
0.196968 0.074074 -0.940692 -1.900693 -0.085089 -0.186958 -0.278576 -0.612087 0.210436 0.359709 0.465910 0.506075 0.488655 1.143689
0.272727 0.037040 -0.684872 -2.015694 -0.061949 -0.198269 -0.202818 -0.649121 0.275230 0.134987 -0.190680 -0.371088 0.483137 1.267957
0.348485 0.000000 -0.429051 -2.130712 -0.038809 -0.209583 -0.127059 -0.686161 0.348485 0.000000 0.539165 0.371088 0.492226 1.387696
0.409091 0.000000 -0.224398 -2.130712 -0.020298 -0.209583 -0.066453 -0.686161 0.409091 0.000000 -0.130074 -0.371088 0.480165 1.474250
0.469697 0.074074 -0.019745 -1.900693 -0.001786 -0.186958 -0.005847 -0.612087 0.475502 0.156417 0.605576 0.527505 0.401513 1.561244
0.515150 0.148148 0.133741 -1.670674 0.012097 -0.164332 0.039606 -0.538013 0.536029 0.280025 -0.069546 -0.247480 0.329784 -1.497314
0.575756 0.333335 0.338394 -1.095618 0.030609 -0.107768 0.100212 -0.352826 0.665288 0.524799 0.734834 0.772279 0.173971 -1.294058
0.575756 0.444443 0.338394 -0.750598 0.030609 -0.073831 0.100212 -0.241718 0.727341 0.657389 -0.007493 -0.114891 0.104927 -1.177782
0.560606 0.592597 0.287235 -0.290542 0.025981 -0.028579 0.085062 -0.093564 0.815751 0.813132 0.823244 0.928022 0.144695 -0.832964
0.545453 0.666670 0.236067 -0.060523 0.021353 -0.005953 0.069909 -0.019491 0.861376 0.885071 0.038132 -0.042952 0.203510 -0.271895
0.500000 0.777778 0.082581 0.284496 0.007470 0.027984 0.024456 0.091617 0.924629 0.999459 0.886497 1.042411 0.303222 1.309946
0.439394 0.888892 -0.122072 0.629534 -0.011042 0.061923 -0.036150 0.202731 0.991562 1.111706 0.105065 0.069295 0.414925 -1.394335
0.409091 0.925926 -0.224398 0.744535 -0.020298 0.073235 -0.066453 0.239765 1.012272 1.154767 0.907207 1.085472 0.455258 -1.300423
0.378788 0.962966 -0.326725 0.859553 -0.029553 0.084548 -0.096756 0.276805 1.034787 1.196031 0.127580 0.110559 0.496932 -1.234526
0.363636 1.000000 -0.377892 0.974554 -0.034182 0.095860 -0.111909 0.313839 1.064063 1.222026 0.936483 1.111467 0.536262 -1.228271
0.348485 1.000000 -0.429051 0.974554 -0.038809 0.095860 -0.127059 0.313839 1.058982 1.235472 0.122498 0.124004 0.539627 -1.186112
0.363636 1.000000 -0.377892 0.974554 -0.034182 0.095860 -0.111909 0.313839 1.064063 1.222026 0.941565 1.098022 0.536262 -1.228271
0.393938 1.000000 -0.275565 0.974554 -0.024926 0.095860 -0.081606 0.313839 1.074797 1.195526 0.133232 0.097505 0.530767 -1.316405
0.454544 1.000000 -0.070912 0.974554 -0.006414 0.095860 -0.021000 0.313839 1.098458 1.144170 0.965227 1.046665 0.524876 -1.503983
0.515150 1.000000 0.133741 0.974554 0.012097 0.095860 0.039606 0.313839 1.124891 1.095102 0.159664 0.048437 0.525949 1.445261
0.651515 1.000000 0.594214 0.974554 0.053749 0.095860 0.175970 0.313839 1.193512 0.993357 1.033848 0.944920 0.553190 1.059773
0.712121 1.000000 0.798867 0.974554 0.072261 0.095860 0.236576 0.313839 1.227647 0.951982 0.193799 0.007062 0.575345 0.924858
0.818182 1.000000 1.157014 0.974554 0.104656 0.095860 0.342638 0.313839 1.292061 0.885067 1.098263 0.878005 0.626462 0.741557
0.863636 1.000000 1.310500 0.974554 0.118540 0.095860 0.388091 0.313839 1.321312 0.858439 0.223050 -0.019566 0.652433 0.680007
0.909091 1.000000 1.463994 0.974554 0.132424 0.095860 0.433547 0.313839 1.351461 0.832981 1.128411 0.852547 0.680453 0.626579
0.939394 0.962966 1.566320 0.859553 0.141680 0.084548 0.463850 0.276805 1.345275 0.797788 0.216864 -0.054758 0.672857 0.538030
0.969697 0.888892 1.668647 0.629534 0.150935 0.061923 0.494153 0.202731 1.315462 0.741949 1.098599 0.796707 0.644238 0.389320
1.000000 0.740744 1.770974 0.169496 0.160191 0.016672 0.524456 0.054583 1.244469 0.637551 0.145870 -0.159156 0.587694 0.103703
1.000000 0.666670 1.770974 -0.060523 0.160191 -0.005953 0.524456 -0.019491 1.201852 0.588005 1.055983 0.747161 0.558196 -0.037146
0.984847 0.592597 1.719806 -0.290542 0.155563 -0.028579 0.509303 -0.093564 1.149389 0.541679 0.093406 -0.205483 0.522581 -0.181685
0.924241 0.518517 1.515153 -0.520579 0.137051 -0.051206 0.448697 -0.167644 1.059756 0.511264 0.966349 0.716746 0.450750 -0.357564
0.878788 0.481483 1.361667 -0.635580 0.123168 -0.062517 0.403244 -0.204678 1.002045 0.501225 0.035696 -0.215521 0.403288 -0.469692
0.818182 0.518517 1.157014 -0.520579 0.104656 -0.051206 0.342638 -0.167644 0.968650 0.564862 0.932954 0.780383 0.345322 -0.455030
0.787877 0.555557 1.054680 -0.405561 0.095400 -0.039892 0.312333 -0.130604 0.964051 0.614162 0.031097 -0.166221 0.322418 -0.396061
0.772727 0.629631 1.003520 -0.175542 0.090772 -0.017267 0.297182 -0.056530 0.996765 0.683711 0.965669 0.849932 0.334754 -0.187975
0.787877 0.777778 1.054680 0.284496 0.095400 0.027984 0.312333 0.091617 1.107109 0.778948 0.141440 -0.070984 0.434623 0.285329
0.818182 0.851852 1.157014 0.514516 0.104656 0.050609 0.342638 0.165691 1.181133 0.805557 1.039693 0.876540 0.508929 0.450422
0.863636 0.888892 1.310500 0.629534 0.118540 0.061923 0.388091 0.202731 1.239353 0.799809 0.199660 -0.076732 0.566984 0.481391
0.969697 0.925926 1.668647 0.744535 0.150935 0.073235 0.494153 0.239765 1.340765 0.762312 1.141105 0.839043 0.668604 0.451741
