0.031746 0.520001 -1.404492 -0.440747 -0.129176 -0.043459 -0.433107 -0.145713 0.520970 1.509822 0.520970 1.509822 0.436604 0.324541
0.063492 0.520001 -1.301545 -0.440747 -0.119707 -0.043459 -0.401361 -0.145713 0.523863 1.449298 0.002894 -0.060524 0.405132 0.348250
0.079366 0.559998 -1.250068 -0.319766 -0.114973 -0.031530 -0.385487 -0.105716 0.565594 1.430009 0.562701 1.490532 0.397055 0.267660
0.095238 0.600001 -1.198598 -0.198767 -0.110239 -0.019599 -0.369615 -0.065713 0.607513 1.413380 0.044812 -0.077152 0.393548 0.175949
0.126984 0.719998 -1.095652 0.164195 -0.100771 0.016190 -0.337869 0.054284 0.731110 1.396225 0.686298 1.473377 0.423385 -0.159303
0.126984 0.760001 -1.095652 0.285195 -0.100771 0.028121 -0.337869 0.094287 0.770536 1.405242 0.084238 -0.068135 0.448629 -0.272139
0.126984 0.799998 -1.095652 0.406176 -0.100771 0.040051 -0.337869 0.134283 0.810013 1.413380 0.725775 1.481515 0.475897 -0.378299
0.111112 0.879997 -1.147121 0.648157 -0.105505 0.063911 -0.353741 0.214283 0.886984 1.445197 0.161210 -0.036318 0.545415 -0.544646
0.095238 0.879997 -1.198598 0.648157 -0.110239 0.063911 -0.369615 0.214283 0.885136 1.462991 0.723926 1.499308 0.555842 -0.525395
0.063492 0.879997 -1.301545 0.648157 -0.119707 0.063911 -0.401361 0.214283 0.882285 1.498771 0.158358 -0.000537 0.577439 -0.490392
0.047620 0.840000 -1.353014 0.527176 -0.124441 0.051982 -0.417232 0.174286 0.841349 1.514166 0.682991 1.514704 0.561087 -0.395688
0.015874 0.760001 -1.455961 0.285195 -0.133910 0.028121 -0.448978 0.094287 0.760166 1.549912 0.077176 0.035209 0.537303 -0.206994
0.000000 0.680001 -1.507438 0.043214 -0.138644 0.004261 -0.464853 0.014287 0.680001 1.570796 0.602825 1.535588 0.512227 -0.030724
0.000000 0.559998 -1.507438 -0.319766 -0.138644 -0.031530 -0.464853 -0.105716 0.559998 1.570796 -0.042827 0.035209 0.474490 0.223615
0.000000 0.440002 -1.507438 -0.682728 -0.138644 -0.067320 -0.464853 -0.225713 0.440002 1.570796 0.482829 1.535588 0.465516 0.452027
0.047620 0.200002 -1.353014 -1.408670 -0.124441 -0.138900 -0.417232 -0.465712 0.205593 1.337051 -0.277235 -0.198537 0.494195 0.840250
0.095238 0.120003 -1.198598 -1.650651 -0.110239 -0.162761 -0.369615 -0.545712 0.153202 0.899951 0.430437 1.098488 0.505506 0.975463
0.158730 0.080000 -0.992705 -1.771650 -0.091302 -0.174692 -0.306123 -0.585714 0.177750 0.466843 -0.252687 -0.631645 0.491755 1.089194
0.238096 0.000000 -0.735335 -2.013631 -0.067631 -0.198552 -0.226757 -0.665714 0.238096 0.000000 0.490783 0.631645 0.517210 1.242500
0.317459 0.000000 -0.477972 -2.013631 -0.043961 -0.198552 -0.147393 -0.665714 0.317459 0.000000 -0.173324 -0.631645 0.487660 1.352905
0.396825 0.000000 -0.220601 -2.013631 -0.020289 -0.198552 -0.068027 -0.665714 0.396825 0.000000 0.570149 0.631645 0.469804 1.468963
0.460317 0.040003 -0.014708 -1.892632 -0.001353 -0.186621 -0.004536 -0.625711 0.462052 0.086685 -0.108097 -0.544960 0.424874 1.563548
0.523809 0.120003 0.191185 -1.650651 0.017584 -0.162761 0.058956 -0.545712 0.537379 0.225210 0.645476 0.770170 0.349853 -1.463178
0.555555 0.200002 0.294132 -1.408670 0.027052 -0.138900 0.090702 -0.465712 0.590459 0.345560 -0.055017 -0.424610 0.279951 -1.378444
0.571429 0.280002 0.345609 -1.166689 0.031787 -0.115040 0.106576 -0.385712 0.636343 0.455618 0.691360 0.880229 0.213373 -1.301212
0.587301 0.520001 0.397079 -0.440747 0.036521 -0.043459 0.122448 -0.145713 0.784426 0.724695 0.093066 -0.155534 0.134294 -0.871938
0.571429 0.600001 0.345609 -0.198767 0.031787 -0.019599 0.106576 -0.065713 0.828573 0.809784 0.735507 0.965318 0.172115 -0.552523
0.539683 0.719998 0.242662 0.164195 0.022318 0.016190 0.074830 0.054284 0.899808 0.927576 0.164301 -0.037742 0.265892 0.627584
0.507937 0.799998 0.139716 0.406176 0.012850 0.040051 0.043085 0.134283 0.947627 1.005093 0.783325 1.042835 0.337903 1.260325
0.476191 0.879997 0.036769 0.648157 0.003382 0.063911 0.011339 0.214283 1.000577 1.074790 0.217251 0.031955 0.415300 1.517932
0.444445 0.920000 -0.066177 0.769156 -0.006087 0.075842 -0.020407 0.254286 1.021730 1.120766 0.804479 1.088811 0.455605 -1.490715
0.412699 0.960003 -0.169124 0.890156 -0.015555 0.087773 -0.052153 0.294289 1.044953 1.164788 0.240474 0.075977 0.497890 -1.395400
0.380953 1.000000 -0.272071 1.011137 -0.025023 0.099702 -0.083899 0.334286 1.070105 1.206816 0.829631 1.130839 0.541684 -1.324895
0.365079 1.000000 -0.323548 1.011137 -0.029758 0.099702 -0.099773 0.334286 1.064558 1.220752 0.234927 0.089912 0.544369 -1.280746
0.396825 1.000000 -0.220601 1.011137 -0.020289 0.099702 -0.068027 0.334286 1.075858 1.193030 0.840931 1.103118 0.539454 -1.370037
0.444445 1.000000 -0.066177 1.011137 -0.006087 0.099702 -0.020407 0.334286 1.094318 1.152571 0.253387 0.049454 0.535536 -1.509824
0.507937 1.000000 0.139716 1.011137 0.012850 0.099702 0.043085 0.334286 1.121606 1.100819 0.868219 1.051366 0.536879 1.442618
0.571429 1.000000 0.345609 1.011137 0.031787 0.099702 0.106576 0.334286 1.151751 1.051650 0.283532 0.000284 0.545657 1.262166
0.634921 1.000000 0.551502 1.011137 0.050724 0.099702 0.170068 0.334286 1.184536 1.005095 0.901004 1.004811 0.561521 1.100173
0.698413 1.000000 0.757396 1.011137 0.069660 0.099702 0.233560 0.334286 1.219746 0.961137 0.318742 -0.043674 0.583895 0.960954
0.761904 1.000000 0.963289 1.011137 0.088597 0.099702 0.297052 0.334286 1.257179 0.919720 0.938436 0.963394 0.612064 0.844306
0.825396 0.960003 1.169182 0.890156 0.107534 0.087773 0.360544 0.294289 1.266051 0.860649 0.327614 -0.102745 0.612508 0.684563
0.936508 0.920000 1.529499 0.769156 0.140673 0.075842 0.471656 0.254286 1.312802 0.776506 0.985187 0.879251 0.655453 0.494463
0.968254 0.879997 1.632446 0.648157 0.150141 0.063911 0.503402 0.214283 1.308400 0.737683 0.323213 -0.141568 0.652502 0.402438
1.000000 0.840000 1.735393 0.527176 0.159610 0.051982 0.535147 0.174286 1.305987 0.698660 0.982773 0.840228 0.653543 0.314846
1.000000 0.799998 1.735393 0.406176 0.159610 0.040051 0.535147 0.134283 1.280623 0.674739 0.297850 -0.165489 0.631431 0.245852
1.000000 0.719998 1.735393 0.164195 0.159610 0.016190 0.535147 0.054284 1.232232 0.624022 0.934382 0.789511 0.592859 0.101091
0.968254 0.639998 1.632446 -0.077785 0.150141 -0.007670 0.503402 -0.025716 1.160652 0.584056 0.226270 -0.205454 0.533000 -0.051040
0.920634 0.600001 1.478022 -0.198767 0.135939 -0.019599 0.455781 -0.065713 1.098894 0.577588 0.872624 0.783042 0.475397 -0.143190
0.873016 0.559998 1.323606 -0.319766 0.121736 -0.031530 0.408164 -0.105716 1.037186 0.570343 0.164562 -0.212699 0.419107 -0.253435
0.809522 0.559998 1.117705 -0.319766 0.102799 -0.031530 0.344670 -0.105716 0.984339 0.605177 0.819778 0.817876 0.357561 -0.297607
0.777776 0.600001 1.014758 -0.198767 0.093331 -0.019599 0.312924 -0.065713 0.982312 0.657077 0.162535 -0.160799 0.340861 -0.206989
0.777776 0.760001 1.014758 0.285195 0.093331 0.028121 0.312924 0.094287 1.087445 0.773839 0.924910 0.934639 0.430155 0.292657
0.793650 0.840000 1.066236 0.527176 0.098065 0.051982 0.328798 0.174286 1.155630 0.813763 0.230720 -0.120876 0.498843 0.487414
0.825396 0.879997 1.169182 0.648157 0.107534 0.063911 0.360544 0.214283 1.206513 0.817404 0.975793 0.938280 0.549852 0.536242
0.904762 0.879997 1.426553 0.648157 0.131205 0.063911 0.439910 0.214283 1.262137 0.771523 0.286344 -0.166757 0.604868 0.453280
