0.090910 0.448277 -1.312705 -0.481315 -0.102888 -0.043981 -0.382596 -0.163546 0.457403 1.370711 0.457403 1.370711 0.383427 0.403956
0.109090 0.482757 -1.250327 -0.379840 -0.097999 -0.034708 -0.364416 -0.129066 0.494930 1.348555 0.037527 -0.022156 0.364533 0.340387
0.127274 0.517243 -1.187940 -0.278350 -0.093109 -0.025435 -0.346233 -0.094581 0.532671 1.329528 0.495144 1.351684 0.348984 0.266665
0.145454 0.551723 -1.125562 -0.176876 -0.088220 -0.016162 -0.328052 -0.060101 0.570574 1.313026 0.075430 -0.038658 0.337248 0.181195
0.163637 0.586208 -1.063175 -0.075386 -0.083330 -0.006888 -0.309869 -0.025615 0.608619 1.298581 0.533189 1.337239 0.329728 0.082477
0.181817 0.655173 -1.000798 0.127579 -0.078441 0.011658 -0.291689 0.043350 0.679934 1.300098 0.146745 -0.037141 0.343635 -0.147538
0.181817 0.724139 -1.000798 0.330544 -0.078441 0.030204 -0.291689 0.112315 0.746615 1.324801 0.599871 1.361941 0.384576 -0.367554
0.181817 0.758619 -1.000798 0.432019 -0.078441 0.039476 -0.291689 0.146795 0.780103 1.335564 0.180232 -0.026377 0.407887 -0.466253
0.181817 0.793104 -1.000798 0.533509 -0.078441 0.048750 -0.291689 0.181281 0.813678 1.345442 0.633446 1.371819 0.432695 -0.556069
0.163637 0.827589 -1.063175 0.634999 -0.083330 0.058024 -0.309869 0.215766 0.843612 1.375587 0.210166 0.003767 0.470525 -0.608247
0.145454 0.827589 -1.125562 0.634999 -0.088220 0.058024 -0.328052 0.215766 0.840274 1.396817 0.630108 1.393050 0.482694 -0.581782
0.127274 0.827589 -1.187940 0.634999 -0.093109 0.058024 -0.346233 0.215766 0.837319 1.418203 0.207211 0.025154 0.495229 -0.557291
0.109090 0.827589 -1.250327 0.634999 -0.097999 0.058024 -0.364416 0.215766 0.834748 1.439735 0.627538 1.414581 0.508108 -0.534581
0.090910 0.827589 -1.312705 0.634999 -0.102888 0.058024 -0.382596 0.215766 0.832567 1.461386 0.205030 0.046805 0.521301 -0.513492
0.072727 0.793104 -1.375092 0.533509 -0.107777 0.048750 -0.400779 0.181281 0.796432 1.479353 0.591402 1.432548 0.512608 -0.424782
0.036363 0.689653 -1.499857 0.229054 -0.117556 0.020930 -0.437143 0.077830 0.690611 1.518118 0.099210 0.085570 0.487661 -0.176197
0.018183 0.655173 -1.562234 0.127579 -0.122445 0.011658 -0.455323 0.043350 0.655426 1.543050 0.556216 1.457480 0.490227 -0.094921
0.000000 0.586208 -1.624621 -0.075386 -0.127335 -0.006888 -0.473506 -0.025615 0.586208 1.570796 0.029992 0.113316 0.486734 0.054044
0.000000 0.517243 -1.624621 -0.278350 -0.127335 -0.025435 -0.473506 -0.094581 0.517243 1.570796 0.487251 1.457480 0.475522 0.197151
0.000000 0.448277 -1.624621 -0.481315 -0.127335 -0.043981 -0.473506 -0.163546 0.448277 1.570796 -0.038973 0.113316 0.474178 0.332565
0.018183 0.379312 -1.562234 -0.684280 -0.122445 -0.062527 -0.455323 -0.232511 0.379748 1.522896 0.418721 1.409580 0.464964 0.472132
0.054547 0.241381 -1.437470 -1.090209 -0.112666 -0.099619 -0.418960 -0.370442 0.247468 1.348552 -0.171253 -0.061028 0.478967 0.724014
0.072727 0.172416 -1.375092 -1.293174 -0.107777 -0.118165 -0.400779 -0.439407 0.187127 1.171630 0.358380 1.232658 0.501278 0.831341
0.109090 0.137931 -1.250327 -1.394664 -0.097999 -0.127439 -0.364416 -0.473893 0.175857 0.901624 -0.182523 -0.331034 0.495388 0.915256
0.163637 0.103451 -1.063175 -1.496138 -0.083330 -0.136711 -0.309869 -0.508373 0.193595 0.563757 0.376119 0.894790 0.482659 1.023398
0.200001 0.068965 -0.938410 -1.597628 -0.073551 -0.145985 -0.273506 -0.542858 0.211557 0.332058 -0.164561 -0.562733 0.488322 1.104093
0.254544 0.034485 -0.751268 -1.699103 -0.058883 -0.155257 -0.218962 -0.577338 0.256870 0.134659 0.421431 0.697391 0.490595 1.208295
0.345454 0.000000 -0.439351 -1.800593 -0.034436 -0.164531 -0.128052 -0.611823 0.345454 0.000000 -0.075977 -0.697391 0.490515 1.364479
0.400001 0.000000 -0.252199 -1.800593 -0.019767 -0.164531 -0.073505 -0.611823 0.400001 0.000000 0.475978 0.697391 0.479178 1.451228
0.436365 0.034485 -0.127434 -1.699103 -0.009988 -0.155257 -0.037142 -0.577338 0.437725 0.078865 -0.038253 -0.618526 0.440589 1.506552
0.472728 0.068965 -0.002670 -1.597628 -0.000209 -0.145985 -0.000778 -0.542858 0.477732 0.144866 0.515985 0.763392 0.404542 1.569363
0.527272 0.172416 0.184473 -1.293174 0.014459 -0.118165 0.053766 -0.439407 0.554746 0.316036 0.038761 -0.447356 0.305853 -1.449042
0.545455 0.206896 0.246860 -1.191699 0.019348 -0.108893 0.071949 -0.404927 0.583376 0.362543 0.544615 0.809899 0.276148 -1.394948
0.545455 0.275861 0.246860 -0.988734 0.019348 -0.090347 0.071949 -0.335962 0.611245 0.468233 0.066631 -0.341666 0.210333 -1.359825
0.545455 0.344827 0.246860 -0.785770 0.019348 -0.071801 0.071949 -0.266997 0.645311 0.563747 0.578681 0.905413 0.147428 -1.307574
0.545455 0.413792 0.246860 -0.582805 0.019348 -0.053254 0.071949 -0.198031 0.684650 0.648994 0.105969 -0.256419 0.093501 -1.222304
0.527272 0.482757 0.184473 -0.379840 0.014459 -0.034708 0.053766 -0.129066 0.714892 0.741354 0.608923 0.997773 0.054556 -1.176082
0.509092 0.551723 0.122095 -0.176876 0.009570 -0.016162 0.035585 -0.060101 0.750714 0.825564 0.141791 -0.172209 0.085931 -1.036208
0.472728 0.620688 -0.002670 0.026089 -0.000209 0.002384 -0.000778 0.008865 0.780209 0.919900 0.638417 1.092110 0.147184 -1.483247
0.454545 0.655173 -0.065057 0.127579 -0.005099 0.011658 -0.018961 0.043350 0.797410 0.964258 0.158993 -0.127851 0.182654 -1.158472
0.454545 0.689653 -0.065057 0.229054 -0.005099 0.020930 -0.018961 0.077830 0.825974 0.988056 0.666981 1.115907 0.216977 -1.331828
0.436365 0.724139 -0.127434 0.330544 -0.009988 0.030204 -0.037142 0.112315 0.845453 1.028469 0.178472 -0.087439 0.253370 -1.251427
0.436365 0.758619 -0.127434 0.432019 -0.009988 0.039476 -0.037142 0.146795 0.875167 1.048805 0.696694 1.136243 0.287522 -1.322981
0.436365 0.793104 -0.127434 0.533509 -0.009988 0.048750 -0.037142 0.181281 0.905223 1.067801 0.208528 -0.068443 0.321749 -1.368709
0.454545 0.827589 -0.065057 0.634999 -0.005099 0.058024 -0.018961 0.215766 0.944201 1.068537 0.735672 1.136980 0.354590 -1.483143
0.527272 0.862069 0.184473 0.736473 0.014459 0.067296 0.053766 0.250246 1.010534 1.021865 0.274862 -0.115114 0.392265 1.359162
0.563635 0.896555 0.309238 0.837963 0.024238 0.076570 0.090129 0.284731 1.059007 1.009564 0.784145 1.124678 0.432543 1.264234
0.618182 0.931035 0.496389 0.939438 0.038906 0.085842 0.144676 0.319211 1.117575 0.984661 0.333430 -0.140017 0.479858 1.145260
0.709089 0.965520 0.808297 1.040928 0.063353 0.095116 0.235583 0.353697 1.197930 0.937346 0.864500 1.077363 0.545506 0.983214
0.745453 1.000000 0.933062 1.142403 0.073132 0.104388 0.271947 0.388177 1.247277 0.930212 0.382777 -0.147152 0.592580 0.959685
0.818180 1.000000 1.182591 1.142403 0.092689 0.104388 0.344674 0.388177 1.292060 0.885068 0.909282 1.032220 0.629282 0.844690
0.854543 1.000000 1.307356 1.142403 0.102468 0.104388 0.381037 0.388177 1.315387 0.863671 0.406105 -0.168549 0.649912 0.794680
0.890907 1.000000 1.432121 1.142403 0.112247 0.104388 0.417401 0.388177 1.339296 0.843028 0.933191 1.011577 0.671877 0.749137
0.945453 0.965520 1.619273 1.040928 0.126916 0.095116 0.471947 0.353697 1.351337 0.795898 0.418145 -0.215679 0.681771 0.643143
0.963637 0.896555 1.681660 0.837963 0.131806 0.076570 0.490130 0.284731 1.316209 0.749352 0.898063 0.965030 0.647455 0.526279
0.981817 0.793104 1.744037 0.533509 0.136695 0.048750 0.508311 0.181281 1.262132 0.679474 0.364069 -0.285556 0.600435 0.342572
0.981817 0.758619 1.744037 0.432019 0.136695 0.039476 0.508311 0.146795 1.240752 0.657852 0.876683 0.943408 0.582811 0.281142
0.981817 0.689653 1.744037 0.229054 0.136695 0.020930 0.508311 0.077830 1.199828 0.612352 0.323144 -0.331056 0.552358 0.151935
0.945453 0.620688 1.619273 0.026089 0.126916 0.002384 0.471947 0.008865 1.130989 0.580930 0.807845 0.911985 0.494365 0.018781
0.909090 0.586208 1.494508 -0.075386 0.117137 -0.006888 0.435584 -0.025615 1.081704 0.572732 0.273860 -0.339253 0.449928 -0.058739
0.890907 0.551723 1.432121 -0.176876 0.112247 -0.016162 0.417401 -0.060101 1.047909 0.554477 0.774049 0.893731 0.424666 -0.143005
0.872726 0.551723 1.369743 -0.176876 0.107358 -0.016162 0.399220 -0.060101 1.032497 0.563748 0.258448 -0.329983 0.406810 -0.149423
0.854543 0.586208 1.307356 -0.075386 0.102468 -0.006888 0.381037 -0.025615 1.036284 0.601261 0.777836 0.931244 0.397355 -0.067124
0.854543 0.620688 1.307356 0.026089 0.102468 0.002384 0.381037 0.008865 1.056171 0.628185 0.278335 -0.303059 0.408475 0.023261
0.872726 0.724139 1.369743 0.330544 0.107358 0.030204 0.399220 0.112315 1.134032 0.692616 0.855697 0.995674 0.471374 0.274248
0.927270 0.862069 1.556886 0.736473 0.122026 0.067296 0.453764 0.250246 1.266094 0.748976 0.410397 -0.246698 0.597397 0.503986
0.945453 0.896555 1.619273 0.837963 0.126916 0.076570 0.471947 0.284731 1.302955 0.758858 0.892558 1.005556 0.633801 0.542851
0.963637 0.965520 1.681660 1.040928 0.131806 0.095116 0.490130 0.353697 1.364120 0.786374 0.471562 -0.219182 0.694482 0.625101
0.981817 1.000000 1.744037 1.142403 0.136695 0.104388 0.508311 0.388177 1.401415 0.794573 0.929853 1.013755 0.731830 0.652187
1.000000 1.000000 1.806425 1.142403 0.141584 0.104388 0.526494 0.388177 1.414214 0.785398 0.484361 -0.228357 0.744575 0.635315
