0.096152 0.653843 -1.231227 0.160728 -0.084780 0.012953 -0.372009 0.056836 0.660875 1.424786 0.660875 1.424786 0.415775 -0.151608
0.115384 0.653843 -1.167575 0.160728 -0.080397 0.012953 -0.352777 0.056836 0.663946 1.396124 0.003071 -0.028662 0.398659 -0.159737
0.134614 0.653843 -1.103933 0.160728 -0.076015 0.012953 -0.333548 0.056836 0.667557 1.367753 0.664486 1.396415 0.381748 -0.168776
0.173075 0.615385 -0.976638 0.051969 -0.067250 0.004188 -0.295086 0.018377 0.639260 1.296632 -0.025226 -0.099783 0.329774 -0.062197
0.192307 0.615385 -0.912986 0.051969 -0.062867 0.004188 -0.275854 0.018377 0.644733 1.267912 0.669959 1.367696 0.312682 -0.066521
0.211536 0.653843 -0.849343 0.160728 -0.058485 0.012953 -0.256625 0.056836 0.687211 1.257897 0.017252 -0.109799 0.316756 -0.217956
0.230769 0.692308 -0.785691 0.269503 -0.054102 0.021719 -0.237393 0.095300 0.729756 1.249047 0.712504 1.358846 0.326492 -0.381752
0.249998 0.730766 -0.722049 0.378262 -0.049719 0.030483 -0.218163 0.133759 0.772346 1.241173 0.059842 -0.117672 0.341404 -0.550005
0.249998 0.769231 -0.722049 0.487037 -0.049719 0.039249 -0.218163 0.172223 0.808836 1.256567 0.748994 1.374239 0.371804 -0.668258
0.249998 0.807689 -0.722049 0.595796 -0.049719 0.048014 -0.218163 0.210682 0.845495 1.270627 0.096501 -0.103613 0.403577 -0.767954
0.230769 0.846154 -0.785691 0.704571 -0.054102 0.056780 -0.237393 0.249146 0.877058 1.304545 0.780557 1.408158 0.446356 -0.809551
0.211536 0.884612 -0.849343 0.813330 -0.058485 0.065545 -0.256625 0.287605 0.909553 1.336075 0.128996 -0.072082 0.489171 -0.842261
0.192307 0.923077 -0.912986 0.922106 -0.062867 0.074311 -0.275854 0.326069 0.942896 1.365402 0.813900 1.437484 0.532019 -0.868630
0.173075 0.923077 -0.976638 0.922106 -0.067250 0.074311 -0.295086 0.326069 0.939162 1.385450 0.125263 -0.052033 0.542240 -0.835237
0.153846 0.923077 -1.040280 0.922106 -0.071632 0.074311 -0.314316 0.326069 0.935810 1.405648 0.810547 1.457682 0.552940 -0.803750
0.134614 0.923077 -1.103933 0.922106 -0.076015 0.074311 -0.333548 0.326069 0.932841 1.425986 0.122294 -0.031696 0.564094 -0.774061
0.115384 0.923077 -1.167575 0.922106 -0.080397 0.074311 -0.352777 0.326069 0.930260 1.446442 0.807967 1.478138 0.575673 -0.746076
0.096152 0.923077 -1.231227 0.922106 -0.084780 0.074311 -0.372009 0.326069 0.928071 1.467006 0.120105 -0.011132 0.587656 -0.719684
0.076923 0.884612 -1.294870 0.813330 -0.089163 0.065545 -0.391238 0.287605 0.887951 1.484058 0.767846 1.495190 0.571401 -0.633906
0.057691 0.846154 -1.358522 0.704571 -0.093546 0.056780 -0.410471 0.249146 0.848118 1.502722 0.080272 0.007532 0.558000 -0.545534
0.038461 0.807689 -1.422164 0.595796 -0.097928 0.048014 -0.429700 0.210682 0.808605 1.523213 0.728332 1.515681 0.547651 -0.455858
0.019229 0.769231 -1.485816 0.487037 -0.102311 0.039249 -0.448932 0.172223 0.769471 1.545803 0.041139 0.030122 0.540539 -0.366314
0.019229 0.730766 -1.485816 0.378262 -0.102311 0.030483 -0.448932 0.133759 0.731019 1.544489 0.689881 1.514366 0.520097 -0.289574
0.000000 0.653843 -1.549459 0.160728 -0.106693 0.012953 -0.468161 0.056836 0.653843 1.570796 -0.036037 0.056430 0.503640 -0.120811
0.000000 0.615385 -1.549459 0.051969 -0.106693 0.004188 -0.468161 0.018377 0.615385 1.570796 0.651422 1.514366 0.490764 -0.039234
0.000000 0.576920 -1.549459 -0.056806 -0.106693 -0.004578 -0.468161 -0.020087 0.576920 1.570796 -0.074502 0.056430 0.480628 0.042881
0.000000 0.499997 -1.549459 -0.274340 -0.106693 -0.022109 -0.468161 -0.097010 0.499997 1.570796 0.574499 1.514366 0.469242 0.204324
0.000000 0.461538 -1.549459 -0.383099 -0.106693 -0.030873 -0.468161 -0.135469 0.461538 1.570796 -0.112961 0.056430 0.468208 0.281671
0.000000 0.384615 -1.549459 -0.600633 -0.106693 -0.048404 -0.468161 -0.212392 0.384615 1.570796 0.497576 1.514366 0.475557 0.425904
0.019229 0.346151 -1.485816 -0.709408 -0.102311 -0.057170 -0.448932 -0.250857 0.346685 1.515302 -0.150891 0.000936 0.465217 0.509563
0.019229 0.307692 -1.485816 -0.818167 -0.102311 -0.065935 -0.448932 -0.289315 0.308293 1.508382 0.459184 1.507447 0.476750 0.572465
0.057691 0.192305 -1.358522 -1.144476 -0.093546 -0.092231 -0.410471 -0.404703 0.200772 1.279343 -0.258412 -0.228104 0.494553 0.778323
0.076923 0.153846 -1.294870 -1.253235 -0.089163 -0.100996 -0.391238 -0.443161 0.172005 1.107150 0.430417 1.335254 0.501858 0.847546
0.096152 0.115382 -1.231227 -1.362010 -0.084780 -0.109762 -0.372009 -0.481626 0.150194 0.876055 -0.280223 -0.459199 0.512683 0.913111
0.134614 0.076923 -1.103933 -1.470769 -0.076015 -0.118527 -0.333548 -0.520084 0.155042 0.519152 0.435265 0.978351 0.514122 1.000538
0.153846 0.076923 -1.040280 -1.470769 -0.071632 -0.118527 -0.314316 -0.520084 0.172005 0.463649 -0.263260 -0.514702 0.501858 1.027181
0.192307 0.038459 -0.912986 -1.579544 -0.062867 -0.127293 -0.275854 -0.558549 0.196115 0.197382 0.459375 0.712084 0.510627 1.112060
0.249998 0.038459 -0.722049 -1.579544 -0.049719 -0.127293 -0.218163 -0.558549 0.252939 0.152639 -0.206437 -0.559445 0.481912 1.198429
0.288459 0.000000 -0.594754 -1.688303 -0.040954 -0.136057 -0.179702 -0.597008 0.288459 0.000000 0.494896 0.559445 0.501466 1.278418
0.307691 0.000000 -0.531102 -1.688303 -0.036571 -0.136057 -0.160470 -0.597008 0.307691 0.000000 -0.187204 -0.559445 0.494900 1.308212
0.346153 0.000000 -0.403807 -1.688303 -0.027806 -0.136057 -0.122008 -0.597008 0.346153 0.000000 0.533357 0.559445 0.483799 1.369206
0.403846 0.038459 -0.212861 -1.579544 -0.014657 -0.127293 -0.064315 -0.558549 0.405674 0.094945 -0.127684 -0.464500 0.434489 1.456155
0.423076 0.076923 -0.149218 -1.470769 -0.010275 -0.118527 -0.045086 -0.520084 0.430012 0.179854 0.557696 0.644354 0.393827 1.484324
0.461537 0.115382 -0.021924 -1.362010 -0.001510 -0.109762 -0.006624 -0.481626 0.475741 0.244973 -0.081955 -0.399381 0.352842 1.557044
0.480769 0.153846 0.041728 -1.253235 0.002873 -0.100996 0.012608 -0.443161 0.504785 0.309703 0.586740 0.709084 0.314568 -1.542354
0.499999 0.230769 0.105371 -1.035701 0.007256 -0.083465 0.031837 -0.366238 0.550684 0.432409 -0.036055 -0.276675 0.239517 -1.484084
0.499999 0.269228 0.105371 -0.926942 0.007256 -0.074701 0.031837 -0.327780 0.567875 0.493938 0.603931 0.770613 0.201465 -1.473970
0.499999 0.346151 0.105371 -0.709408 0.007256 -0.057170 0.031837 -0.250857 0.608127 0.605542 0.004197 -0.165071 0.126096 -1.444557
0.519231 0.384615 0.169023 -0.600633 0.011639 -0.048404 0.051069 -0.212392 0.646165 0.637549 0.641968 0.802620 0.097918 -1.334827
0.519231 0.423074 0.169023 -0.491874 0.011639 -0.039639 0.051069 -0.173934 0.669770 0.683706 0.027802 -0.118914 0.068125 -1.285208
0.519231 0.461538 0.169023 -0.383099 0.011639 -0.030873 0.051069 -0.135469 0.694707 0.726642 0.666905 0.845556 0.051497 -1.210289
0.499999 0.538462 0.105371 -0.165565 0.007256 -0.013343 0.031837 -0.058546 0.734806 0.822420 0.067900 -0.023136 0.077173 -1.072726
0.499999 0.576920 0.105371 -0.056806 0.007256 -0.004578 0.031837 -0.020087 0.763437 0.856705 0.695536 0.879841 0.113323 -0.562858
0.499999 0.653843 0.105371 0.160728 0.007256 0.012953 0.031837 0.056836 0.823110 0.917949 0.127573 0.038108 0.188392 1.060183
0.499999 0.730766 0.105371 0.378262 0.007256 0.030483 0.031837 0.133759 0.885448 0.970746 0.757875 0.932637 0.264528 1.337124
0.519231 0.807689 0.169023 0.595796 0.011639 0.048014 0.051069 0.210682 0.960189 0.999457 0.202314 0.066820 0.343347 1.332982
0.538460 0.846154 0.232666 0.704571 0.016021 0.056780 0.070299 0.249146 1.002953 1.004068 0.800639 0.937249 0.384474 1.295787
0.557692 0.923077 0.296318 0.922106 0.020404 0.074311 0.089531 0.326069 1.078467 1.027319 0.277828 0.090070 0.463642 1.302824
0.576921 0.961541 0.359960 1.030881 0.024786 0.083077 0.108760 0.364534 1.121339 1.030379 0.843510 0.940309 0.505225 1.280850
0.596154 0.961541 0.423612 1.030881 0.029169 0.083077 0.127992 0.364534 1.131354 1.015802 0.287843 0.075493 0.509712 1.233131
0.653844 1.000000 0.614549 1.139640 0.042317 0.091842 0.185683 0.402992 1.194785 0.991723 0.906942 0.916230 0.563321 1.139030
0.673076 1.000000 0.678201 1.139640 0.046700 0.091842 0.204915 0.402992 1.205418 0.978369 0.298475 0.062139 0.569950 1.100385
0.730767 1.000000 0.869139 1.139640 0.059848 0.091842 0.262606 0.402992 1.238556 0.939718 0.940080 0.877579 0.593139 0.993269
0.769229 1.000000 0.996433 1.139640 0.068613 0.091842 0.301067 0.402992 1.261631 0.915102 0.321550 0.037523 0.611142 0.929167
0.807690 1.000000 1.123728 1.139640 0.077378 0.091842 0.339529 0.402992 1.285443 0.891384 0.963892 0.853861 0.630977 0.870662
0.846151 1.000000 1.251022 1.139640 0.086144 0.091842 0.377990 0.402992 1.309951 0.868541 0.346059 0.014680 0.652479 0.817401
0.865384 1.000000 1.314674 1.139640 0.090527 0.091842 0.397222 0.402992 1.322456 0.857439 0.976397 0.842759 0.663806 0.792609
0.884613 1.000000 1.378317 1.139640 0.094909 0.091842 0.416452 0.402992 1.335118 0.846548 0.358721 0.003789 0.675488 0.768975
0.923074 0.961541 1.505612 1.030881 0.103674 0.083077 0.454913 0.364534 1.332902 0.805806 0.974181 0.802018 0.671096 0.675549
0.961536 0.923077 1.632906 0.922106 0.112439 0.074311 0.493374 0.326069 1.332900 0.764994 0.358719 -0.037024 0.671094 0.583997
0.980768 0.884612 1.696558 0.813330 0.116822 0.065545 0.512607 0.287605 1.320774 0.733896 0.962055 0.770920 0.660452 0.511298
0.980768 0.846154 1.696558 0.704571 0.116822 0.056780 0.512607 0.249146 1.295331 0.711848 0.333275 -0.059073 0.636902 0.452416
1.000000 0.769231 1.760210 0.487037 0.121205 0.039249 0.531839 0.172223 1.261632 0.655696 0.928357 0.714768 0.611143 0.313170
1.000000 0.730766 1.760210 0.378262 0.121205 0.030483 0.531839 0.133759 1.238555 0.631077 0.310199 -0.083691 0.593139 0.246392
1.000000 0.653843 1.760210 0.160728 0.121205 0.012953 0.531839 0.056836 1.194785 0.579072 0.884586 0.662763 0.563321 0.106462
1.000000 0.538462 1.760210 -0.165565 0.121205 -0.013343 0.531839 -0.058546 1.135756 0.493941 0.251169 -0.168822 0.536465 -0.109641
1.000000 0.499997 1.760210 -0.274340 0.121205 -0.022109 0.531839 -0.097010 1.118033 0.463645 0.866863 0.632467 0.532791 -0.180422
1.000000 0.461538 1.760210 -0.383099 0.121205 -0.030873 0.531839 -0.135469 1.101371 0.432408 0.234507 -0.200059 0.531880 -0.249414
1.000000 0.423074 1.760210 -0.491874 0.121205 -0.039639 0.531839 -0.173934 1.085814 0.400238 0.851306 0.600297 0.533746 -0.316078
0.961536 0.384615 1.632906 -0.600633 0.112439 -0.048404 0.493374 -0.212392 1.035606 0.380507 0.184300 -0.219790 0.500398 -0.406511
0.923074 0.384615 1.505612 -0.600633 0.103674 -0.048404 0.454913 -0.212392 0.999998 0.394792 0.815698 0.614582 0.462521 -0.436807
0.903845 0.384615 1.441969 -0.600633 0.099292 -0.048404 0.435684 -0.212392 0.982275 0.402322 0.166577 -0.212260 0.443622 -0.453591
0.884613 0.384615 1.378317 -0.600633 0.094909 -0.048404 0.416452 -0.212392 0.964608 0.410128 0.798031 0.622389 0.424749 -0.471619
0.865384 0.461538 1.314674 -0.383099 0.090527 -0.030873 0.397222 -0.135469 0.980768 0.489958 0.182738 -0.132431 0.397278 -0.328671
0.865384 0.538462 1.314674 -0.165565 0.090527 -0.013343 0.397222 -0.058546 1.019230 0.556600 0.836492 0.689031 0.403395 -0.146335
0.865384 0.576920 1.314674 -0.056806 0.090527 -0.004578 0.397222 -0.020087 1.040060 0.588001 0.203568 -0.101030 0.411842 -0.050527
0.903845 0.653843 1.441969 0.160728 0.099292 0.012953 0.435684 0.056836 1.115548 0.626260 0.911980 0.727290 0.473601 0.129719
0.942306 0.692308 1.569264 0.269503 0.108057 0.021719 0.474145 0.095300 1.169287 0.633634 0.257307 -0.093656 0.524457 0.198351
0.961536 0.692308 1.632906 0.269503 0.112439 0.021719 0.493374 0.095300 1.184838 0.624024 0.927531 0.717681 0.541904 0.190810
1.000000 0.692308 1.760210 0.269503 0.121205 0.021719 0.531839 0.095300 1.216261 0.605545 0.288730 -0.112136 0.577143 0.177308
