0.098038 0.538462 -1.336061 -0.388020 -0.108493 -0.035894 -0.390402 -0.129162 0.547314 1.390699 0.547314 1.390699 0.393593 0.319508
0.117647 0.538462 -1.268953 -0.388020 -0.103044 -0.035894 -0.370792 -0.129162 0.551164 1.355690 0.003850 -0.035010 0.374151 0.335196
0.156863 0.538462 -1.134746 -0.388020 -0.092146 -0.035894 -0.331577 -0.129162 0.560845 1.287325 0.556994 1.322335 0.335329 0.371456
0.176469 0.576920 -1.067648 -0.272485 -0.086697 -0.025207 -0.311970 -0.090703 0.603306 1.273953 0.046312 -0.048382 0.324275 0.282943
0.196078 0.615385 -1.000540 -0.156933 -0.081248 -0.014517 -0.292361 -0.052239 0.645868 1.262339 0.599556 1.310721 0.318732 0.176813
0.215684 0.692308 -0.933442 0.074155 -0.075799 0.006860 -0.272755 0.024684 0.725127 1.268782 0.125572 -0.041939 0.340525 -0.090254
0.215684 0.769231 -0.933442 0.305242 -0.075799 0.028237 -0.272755 0.101607 0.798897 1.297426 0.673325 1.339365 0.391458 -0.356597
0.215684 0.846154 -0.933442 0.536330 -0.075799 0.049614 -0.272755 0.178530 0.873210 1.321211 0.199885 -0.018154 0.449839 -0.579564
0.215684 0.884618 -0.933442 0.651883 -0.075799 0.060303 -0.272755 0.216995 0.910532 1.331646 0.710647 1.349800 0.480992 -0.672032
0.196078 0.923077 -1.000540 0.767418 -0.081248 0.070991 -0.292361 0.255453 0.943672 1.361489 0.233025 0.011690 0.523818 -0.718127
0.196078 0.961541 -1.000540 0.882970 -0.081248 0.081680 -0.292361 0.293918 0.981330 1.369634 0.748305 1.357944 0.556148 -0.788054
0.156863 0.961541 -1.134746 0.882970 -0.092146 0.081680 -0.331577 0.293918 0.974252 1.409084 0.225948 0.051140 0.577727 -0.725264
0.137253 0.961541 -1.201855 0.882970 -0.097595 0.081680 -0.351186 0.293918 0.971288 1.429011 0.745340 1.377871 0.589201 -0.696857
0.117647 0.961541 -1.268953 0.882970 -0.103044 0.081680 -0.370792 0.293918 0.968712 1.449049 0.223371 0.071178 0.601093 -0.670259
0.098038 0.923077 -1.336061 0.767418 -0.108493 0.070991 -0.390402 0.255453 0.928268 1.464986 0.704897 1.393807 0.584229 -0.579417
0.058822 0.884618 -1.470268 0.651883 -0.119392 0.060303 -0.429617 0.216995 0.886572 1.504400 0.181675 0.110592 0.584405 -0.467710
0.039216 0.807695 -1.537366 0.420795 -0.124840 0.038926 -0.449224 0.140072 0.808647 1.522282 0.626972 1.411689 0.551114 -0.302255
0.000000 0.653843 -1.671573 -0.041398 -0.135738 -0.003830 -0.488439 -0.013780 0.653843 1.570796 0.026871 0.159107 0.515685 0.028205
0.000000 0.538462 -1.671573 -0.388020 -0.135738 -0.035894 -0.488439 -0.129162 0.538462 1.570796 0.511590 1.411689 0.490994 0.258521
0.000000 0.461538 -1.671573 -0.619108 -0.135738 -0.057271 -0.488439 -0.206085 0.461538 1.570796 -0.050052 0.159107 0.489179 0.399264
0.019606 0.346151 -1.604475 -0.965748 -0.130290 -0.089338 -0.468833 -0.321473 0.346706 1.514216 0.396757 1.355109 0.489949 0.601055
0.039216 0.269228 -1.537366 -1.196836 -0.124840 -0.110715 -0.449224 -0.398396 0.272069 1.426154 -0.124689 0.071045 0.499855 0.725504
0.078431 0.192305 -1.403160 -1.427923 -0.113942 -0.132092 -0.410008 -0.475319 0.207684 1.183542 0.332372 1.112497 0.505769 0.859035
0.137253 0.115382 -1.201855 -1.659011 -0.097595 -0.153469 -0.351186 -0.552242 0.179308 0.699040 -0.153064 -0.413457 0.512351 1.004377
0.196078 0.076923 -1.000540 -1.774546 -0.081248 -0.164157 -0.292361 -0.590700 0.210627 0.373858 0.363691 0.787315 0.504798 1.111205
0.254900 0.038459 -0.799235 -1.890099 -0.064901 -0.174846 -0.233539 -0.629165 0.257785 0.149748 -0.105906 -0.637568 0.506974 1.215371
0.392156 0.000000 -0.329507 -2.005634 -0.026757 -0.185534 -0.096283 -0.667623 0.392156 0.000000 0.498063 0.637568 0.497839 1.427566
0.431372 0.000000 -0.195300 -2.005634 -0.015859 -0.185534 -0.057067 -0.667623 0.431372 0.000000 -0.066691 -0.637568 0.491762 1.485525
0.470588 0.038459 -0.061093 -1.890099 -0.004961 -0.174846 -0.017852 -0.629165 0.472156 0.081544 0.538847 0.719111 0.450335 1.542430
0.509803 0.115382 0.073113 -1.659011 0.005937 -0.153469 0.021364 -0.552242 0.522697 0.222576 -0.016150 -0.496535 0.373669 -1.532130
0.529410 0.192305 0.140211 -1.427923 0.011386 -0.132092 0.040970 -0.475319 0.563254 0.348424 0.579405 0.844959 0.298955 -1.484813
0.568625 0.346151 0.274418 -0.965748 0.022284 -0.089338 0.080186 -0.321473 0.665699 0.546829 0.086294 -0.298130 0.163327 -1.326351
0.568625 0.461538 0.274418 -0.619108 0.022284 -0.057271 0.080186 -0.206085 0.732361 0.681819 0.646066 0.979949 0.084578 -1.199729
0.568625 0.538462 0.274418 -0.388020 0.022284 -0.035894 0.080186 -0.129162 0.783119 0.758159 0.137052 -0.221790 0.094509 -1.015211
0.568625 0.615385 0.274418 -0.156933 0.022284 -0.014517 0.080186 -0.052239 0.837874 0.824870 0.700821 1.046660 0.150150 -0.577409
0.529410 0.692308 0.140211 0.074155 0.011386 0.006860 0.040970 0.024684 0.871530 0.917952 0.170708 -0.128709 0.207944 0.542249
0.509803 0.769231 0.073113 0.305242 0.005937 0.028237 0.021364 0.101607 0.922830 0.985514 0.752122 1.114223 0.281603 1.363555
0.490194 0.769231 0.006005 0.305242 0.000488 0.028237 0.001755 0.101607 0.912144 1.003435 0.160022 -0.110788 0.280797 1.553529
0.470588 0.807695 -0.061093 0.420795 -0.004961 0.038926 -0.017852 0.140072 0.934786 1.043247 0.774764 1.154035 0.319755 -1.444033
0.450978 0.846154 -0.128202 0.536330 -0.010410 0.049614 -0.037461 0.178530 0.958831 1.081119 0.184068 -0.072916 0.359671 -1.363967
0.450978 0.884618 -0.128202 0.651883 -0.010410 0.060303 -0.037461 0.216995 0.992941 1.099340 0.808873 1.172256 0.397946 -1.399846
0.490194 0.884618 0.006005 0.651883 0.000488 0.060303 0.001755 0.216995 1.011355 1.064788 0.202483 -0.107468 0.396183 1.562710
0.529410 0.884618 0.140211 0.651883 0.011386 0.060303 0.040970 0.216995 1.030934 1.031509 0.828451 1.138977 0.398292 1.384185
0.588234 0.884618 0.341526 0.651883 0.027733 0.060303 0.099795 0.216995 1.062341 0.983977 0.233890 -0.155000 0.408555 1.139743
0.666666 0.923077 0.609940 0.767418 0.049530 0.070991 0.178226 0.255453 1.138646 0.945312 0.904755 1.100312 0.469760 0.961625
0.725491 0.923077 0.811255 0.767418 0.065877 0.070991 0.237051 0.255453 1.174056 0.904683 0.269301 -0.195630 0.495079 0.822745
0.784313 0.961541 1.012560 0.882970 0.082224 0.081680 0.295873 0.293918 1.240850 0.886566 0.971549 1.082195 0.558002 0.782083
0.882353 0.961541 1.348081 0.882970 0.109470 0.081680 0.393914 0.293918 1.305032 0.828318 0.333483 -0.253877 0.615625 0.641031
0.901959 1.000000 1.415179 0.998505 0.114918 0.092368 0.413520 0.332377 1.346674 0.836900 1.013191 1.090777 0.657794 0.677038
0.921569 1.000000 1.482288 0.998505 0.120368 0.092368 0.433130 0.332377 1.359886 0.826192 0.346695 -0.264585 0.670295 0.654534
0.901959 1.000000 1.415179 0.998505 0.114918 0.092368 0.413520 0.332377 1.346674 0.836900 0.999979 1.101485 0.657794 0.677038
0.882353 0.961541 1.348081 0.882970 0.109470 0.081680 0.393914 0.293918 1.305032 0.828318 0.305053 -0.273167 0.615625 0.641031
0.862744 0.923077 1.280973 0.767418 0.104020 0.070991 0.374305 0.255453 1.263486 0.819170 0.958433 1.092337 0.573597 0.598867
0.843137 0.884618 1.213875 0.651883 0.098571 0.060303 0.354698 0.216995 1.222060 0.809402 0.263626 -0.282935 0.531760 0.549031
0.803922 0.769231 1.079668 0.305242 0.087673 0.028237 0.315483 0.101607 1.112657 0.763350 0.849031 1.046285 0.422342 0.311579
0.803922 0.730766 1.079668 0.189690 0.087673 0.017548 0.315483 0.063143 1.086421 0.737766 0.237390 -0.308518 0.397809 0.197537
0.803922 0.653843 1.079668 -0.041398 0.087673 -0.003830 0.315483 -0.013780 1.036244 0.682808 0.798854 0.991327 0.356213 -0.043652
0.843137 0.576920 1.213875 -0.272485 0.098571 -0.025207 0.354698 -0.090703 1.021625 0.600080 0.222771 -0.391247 0.365568 -0.250355
0.882353 0.576920 1.348081 -0.272485 0.109470 -0.025207 0.393914 -0.090703 1.054222 0.579072 0.831451 0.970319 0.403729 -0.226317
0.921569 0.576920 1.482288 -0.272485 0.120368 -0.025207 0.433130 -0.090703 1.087256 0.559332 0.255805 -0.410987 0.442075 -0.206431
0.980391 0.576920 1.683593 -0.272485 0.136714 -0.025207 0.491951 -0.090703 1.137542 0.531891 0.881737 0.942877 0.499845 -0.182327
0.980391 0.653843 1.683593 -0.041398 0.136714 -0.003830 0.491951 -0.013780 1.178421 0.588179 0.296684 -0.354698 0.519013 -0.028004
1.000000 0.692308 1.750701 0.074155 0.142164 0.006860 0.511561 0.024684 1.216261 0.605545 0.919577 0.960243 0.550688 0.048215
1.000000 0.807695 1.750701 0.420795 0.142164 0.038926 0.511561 0.140072 1.285446 0.679416 0.365869 -0.280828 0.603008 0.267262
0.980391 0.884618 1.683593 0.651883 0.136714 0.060303 0.491951 0.216995 1.320498 0.734091 0.954629 1.014919 0.631644 0.415420
0.960784 0.923077 1.616494 0.767418 0.131266 0.070991 0.472345 0.255453 1.332358 0.765385 0.377729 -0.249534 0.641888 0.495768
0.941175 0.961541 1.549386 0.882970 0.125816 0.081680 0.452736 0.293918 1.345501 0.796102 0.967772 1.045635 0.654825 0.575815
