0.122449 0.424241 -1.301760 -0.486384 -0.105411 -0.044494 -0.385354 -0.162658 0.441559 1.289803 0.441559 1.289803 0.394310 0.399411
0.142855 0.424241 -1.232824 -0.486384 -0.099829 -0.044494 -0.364947 -0.162658 0.447648 1.245991 0.006089 -0.043812 0.374392 0.419274
0.163265 0.424241 -1.163879 -0.486384 -0.094246 -0.044494 -0.344538 -0.162658 0.454573 1.203427 0.448484 1.247239 0.354526 0.441083
0.183672 0.424241 -1.094943 -0.486384 -0.088664 -0.044494 -0.324131 -0.162658 0.462294 1.162219 0.013810 -0.085021 0.334729 0.465108
0.204081 0.454547 -1.025998 -0.395764 -0.083081 -0.036204 -0.303721 -0.132352 0.498259 1.148793 0.484449 1.233814 0.308355 0.410957
0.244898 0.515153 -0.888117 -0.214539 -0.071916 -0.019626 -0.262905 -0.071746 0.570401 1.127031 0.085952 -0.106782 0.263008 0.266412
0.244898 0.545453 -0.888117 -0.123933 -0.071916 -0.011337 -0.262905 -0.041446 0.597908 1.148791 0.511956 1.255573 0.265587 0.156359
0.244898 0.606059 -0.888117 0.057293 -0.071916 0.005241 -0.262905 0.019160 0.653669 1.186776 0.141713 -0.068797 0.280666 -0.072750
0.244898 0.666670 -0.888117 0.238533 -0.071916 0.021821 -0.262905 0.079771 0.710228 1.218754 0.568515 1.287551 0.307177 -0.294591
0.244898 0.696970 -0.888117 0.329139 -0.071916 0.030109 -0.262905 0.110071 0.738744 1.232898 0.170229 -0.054654 0.323888 -0.396499
0.204081 0.727276 -1.025998 0.419758 -0.083081 0.038399 -0.303721 0.140377 0.755367 1.297221 0.585138 1.351875 0.374720 -0.432943
0.183672 0.727276 -1.094943 0.419758 -0.088664 0.038399 -0.324131 0.140377 0.750110 1.323421 0.164972 -0.028454 0.391445 -0.408699
0.142855 0.727276 -1.232824 0.419758 -0.099829 0.038399 -0.364947 0.140377 0.741173 1.376840 0.576201 1.405294 0.425858 -0.367203
0.122449 0.727276 -1.301760 0.419758 -0.105411 0.038399 -0.385354 0.140377 0.737512 1.403994 0.161311 -0.001300 0.443470 -0.349339
0.081633 0.696970 -1.439641 0.329139 -0.116576 0.030109 -0.426170 0.110071 0.701735 1.454203 0.540424 1.455503 0.466268 -0.252756
0.061223 0.666670 -1.508586 0.238533 -0.122159 0.021821 -0.446580 0.079771 0.669475 1.479219 0.129051 0.023717 0.473996 -0.176761
0.040816 0.606059 -1.577521 0.057293 -0.127741 0.005241 -0.466986 0.019160 0.607432 1.503551 0.478381 1.479834 0.477211 -0.041006
0.020407 0.575759 -1.646467 -0.033313 -0.133324 -0.003047 -0.487396 -0.011141 0.576120 1.535368 0.097739 0.055534 0.492111 0.022853
0.000000 0.424241 -1.715402 -0.486384 -0.138906 -0.044494 -0.507803 -0.162658 0.424241 1.570796 0.326502 1.515262 0.514632 0.309990
0.000000 0.333335 -1.715402 -0.758216 -0.138906 -0.069361 -0.507803 -0.253564 0.333335 1.570796 0.006832 0.055534 0.536938 0.463116
0.000000 0.272729 -1.715402 -0.939442 -0.138906 -0.085939 -0.507803 -0.314170 0.272729 1.570796 0.265897 1.515262 0.559574 0.554046
0.020407 0.181818 -1.646467 -1.211287 -0.133324 -0.110807 -0.487396 -0.405081 0.182959 1.459028 -0.082937 -0.056235 0.586363 0.693427
0.061223 0.121212 -1.508586 -1.392513 -0.122159 -0.127385 -0.446580 -0.465687 0.135796 1.103085 0.218733 1.159320 0.590666 0.806340
0.122449 0.060606 -1.301760 -1.573739 -0.105411 -0.143963 -0.385354 -0.526293 0.136626 0.459599 -0.082107 -0.699721 0.590324 0.938782
0.183672 0.030305 -1.094943 -1.664345 -0.088664 -0.152252 -0.324131 -0.556594 0.186155 0.163524 0.268262 0.863245 0.577118 1.043458
0.346940 0.000000 -0.543409 -1.754965 -0.044003 -0.160542 -0.160863 -0.586899 0.346940 0.000000 0.078678 -0.863245 0.532673 1.303277
0.408163 0.000000 -0.336593 -1.754965 -0.027256 -0.160542 -0.099640 -0.586899 0.408163 0.000000 0.329485 0.863245 0.517486 1.402626
0.469389 0.000000 -0.129766 -1.754965 -0.010508 -0.160542 -0.038414 -0.586899 0.469389 0.000000 0.139904 -0.863245 0.509254 1.505437
0.510205 0.030305 0.008114 -1.664345 0.000657 -0.152252 0.002402 -0.556594 0.511104 0.059328 0.371200 0.922573 0.477504 -1.566481
0.551021 0.060606 0.145995 -1.573739 0.011822 -0.143963 0.043218 -0.526293 0.554344 0.109548 0.183144 -0.813025 0.449280 -1.488862
0.571428 0.121212 0.214931 -1.392513 0.017404 -0.127385 0.063625 -0.465687 0.584142 0.209023 0.400998 1.022048 0.391792 -1.435011
0.591837 0.181818 0.283876 -1.211287 0.022987 -0.110807 0.084035 -0.405081 0.619136 0.298057 0.218138 -0.723991 0.336642 -1.366247
0.591837 0.272729 0.283876 -0.939442 0.022987 -0.085939 0.084035 -0.314170 0.651654 0.431813 0.433516 1.155804 0.249643 -1.309434
0.591837 0.363636 0.283876 -0.667610 0.022987 -0.061072 0.084035 -0.223264 0.694624 0.550954 0.261108 -0.604850 0.166871 -1.210806
0.571428 0.515153 0.214931 -0.214539 0.017404 -0.019626 0.063625 -0.071746 0.769358 0.733653 0.508250 1.338504 0.064048 -0.845321
0.530611 0.575759 0.077050 -0.033313 0.006239 -0.003047 0.022809 -0.011141 0.782973 0.826182 0.274723 -0.512322 0.071681 -0.454353
0.510205 0.636364 0.008114 0.147913 0.000657 0.013531 0.002402 0.049465 0.815640 0.894990 0.540917 1.407311 0.128584 1.522273
0.489795 0.696970 -0.060831 0.329139 -0.004926 0.030109 -0.018008 0.110071 0.851861 0.958228 0.310944 -0.449083 0.190023 -1.408634
0.489795 0.757576 -0.060831 0.510365 -0.004926 0.046687 -0.018008 0.170677 0.902120 0.996865 0.591177 1.445948 0.250422 -1.465679
0.469389 0.818182 -0.129766 0.691590 -0.010508 0.063266 -0.038414 0.231283 0.943264 1.049942 0.352088 -0.396006 0.312748 -1.406207
0.469389 0.848487 -0.129766 0.782210 -0.010508 0.071556 -0.038414 0.261588 0.969668 1.065495 0.617581 1.461501 0.342844 -1.424989
0.510205 0.878788 0.008114 0.872816 0.000657 0.079844 0.002402 0.291889 1.016158 1.044780 0.398578 -0.416721 0.370993 1.562567
0.551021 0.878788 0.145995 0.872816 0.011822 0.079844 0.043218 0.291889 1.037253 1.010743 0.638675 1.427464 0.373494 1.423800
0.612244 0.909093 0.352812 0.963436 0.028569 0.088134 0.104441 0.322194 1.096035 0.978101 0.457360 -0.449363 0.414659 1.257328
0.673470 0.939394 0.559638 1.054042 0.045317 0.096422 0.165667 0.352495 1.155865 0.948805 0.698504 1.398168 0.462295 1.131448
0.755102 0.969699 0.835400 1.144662 0.067647 0.104712 0.247300 0.382800 1.229023 0.909180 0.530518 -0.488988 0.523933 0.997218
0.795919 0.969699 0.973281 1.144662 0.078812 0.104712 0.288116 0.382800 1.254513 0.883507 0.723995 1.372495 0.544389 0.925599
0.816325 0.969699 1.042216 1.144662 0.084394 0.104712 0.308523 0.382800 1.267558 0.871063 0.543563 -0.501432 0.555459 0.892430
0.836735 1.000000 1.111162 1.235268 0.089977 0.113001 0.328932 0.413101 1.303889 0.874054 0.760325 1.375486 0.591992 0.898345
0.857142 1.000000 1.180097 1.235268 0.095559 0.113001 0.349339 0.413101 1.317077 0.862171 0.556752 -0.513315 0.603569 0.868833
0.877551 1.000000 1.249043 1.235268 0.101142 0.113001 0.369748 0.413101 1.330450 0.850523 0.773698 1.363838 0.615607 0.840719
0.897958 0.969699 1.317978 1.144662 0.106724 0.104712 0.390155 0.382800 1.321607 0.823792 0.547909 -0.540046 0.604623 0.775883
0.938774 0.878788 1.455859 0.872816 0.117889 0.079844 0.430971 0.291889 1.285910 0.752407 0.738001 1.292453 0.568653 0.595316
0.959184 0.818182 1.524805 0.691590 0.123472 0.063266 0.451381 0.231283 1.260736 0.706232 0.522735 -0.586221 0.547796 0.473510
0.959184 0.757576 1.524805 0.510365 0.123472 0.046687 0.451381 0.170677 1.222275 0.668499 0.699540 1.254720 0.515879 0.361505
0.959184 0.636364 1.524805 0.147913 0.123472 0.013531 0.451381 0.049465 1.151083 0.585768 0.451544 -0.668952 0.469332 0.109151
0.959184 0.575759 1.524805 -0.033313 0.123472 -0.003047 0.451381 -0.011141 1.118719 0.540610 0.667175 1.209561 0.456468 -0.024676
0.938774 0.545453 1.455859 -0.123933 0.117889 -0.011337 0.430971 -0.041446 1.085733 0.526352 0.418558 -0.683209 0.432613 -0.095874
0.918367 0.515153 1.386924 -0.214539 0.112307 -0.019626 0.410565 -0.071746 1.052987 0.511207 0.634429 1.194416 0.410631 -0.173004
0.877551 0.515153 1.249043 -0.214539 0.101142 -0.019626 0.369748 -0.071746 1.017585 0.530831 0.383156 -0.663585 0.369822 -0.191660
0.857142 0.545453 1.180097 -0.123933 0.095559 -0.011337 0.349339 -0.041446 1.015978 0.566729 0.632822 1.230313 0.351362 -0.118089
0.857142 0.606059 1.180097 0.057293 0.095559 0.005241 0.349339 0.019160 1.049762 0.615455 0.416940 -0.614858 0.362894 0.054792
0.877551 0.696970 1.249043 0.329139 0.101142 0.030109 0.369748 0.110071 1.120653 0.671208 0.703714 1.286066 0.415329 0.289338
0.897958 0.757576 1.317978 0.510365 0.106724 0.046687 0.390155 0.170677 1.174840 0.700805 0.471127 -0.585261 0.463258 0.412377
0.938774 0.848487 1.455859 0.782210 0.117889 0.071556 0.430971 0.261588 1.265396 0.734924 0.794270 1.320185 0.549365 0.545532
0.959184 0.878788 1.524805 0.872816 0.123472 0.079844 0.451381 0.291889 1.300885 0.741685 0.506616 -0.578500 0.584273 0.574022
1.000000 0.939394 1.662686 1.054042 0.134637 0.096422 0.492197 0.352495 1.372028 0.754158 0.865413 1.332659 0.654621 0.621493
1.000000 0.969699 1.662686 1.144662 0.134637 0.104712 0.492197 0.382800 1.392953 0.770016 0.527540 -0.562643 0.674986 0.661018
