0.130434 0.545455 -1.426000 -0.187272 -0.117850 -0.019953 -0.383541 -0.064936 0.560833 1.336074 0.560833 1.336074 0.384830 0.167717
0.152175 0.545455 -1.345168 -0.187272 -0.111170 -0.019953 -0.361800 -0.064936 0.566284 1.298727 0.005451 -0.037348 0.363167 0.177590
0.173912 0.545455 -1.264349 -0.187272 -0.104491 -0.019953 -0.340063 -0.064936 0.572509 1.262146 0.567058 1.299494 0.341516 0.188683
0.195653 0.545455 -1.183517 -0.187272 -0.097810 -0.019953 -0.318322 -0.064936 0.579483 1.226394 0.012426 -0.073100 0.319875 0.201235
0.217391 0.636364 -1.102698 0.074904 -0.091131 0.007981 -0.296584 0.025973 0.672471 1.241612 0.660045 1.314712 0.320845 -0.087350
0.217391 0.681822 -1.102698 0.206002 -0.091131 0.021948 -0.296584 0.071431 0.715639 1.262148 0.055594 -0.052564 0.340786 -0.236344
0.195653 0.727273 -1.183517 0.337080 -0.097810 0.035914 -0.318322 0.116882 0.753131 1.307995 0.697537 1.360559 0.383177 -0.351899
0.152175 0.772731 -1.345168 0.468178 -0.111170 0.049882 -0.361800 0.162340 0.787572 1.376353 0.090035 0.015794 0.444808 -0.421773
0.130434 0.818182 -1.426000 0.599257 -0.117850 0.063848 -0.383541 0.207791 0.828513 1.412707 0.738478 1.396913 0.489536 -0.496503
0.086956 0.818182 -1.587651 0.599257 -0.131210 0.063848 -0.427019 0.207791 0.822790 1.464914 0.084312 0.068001 0.524296 -0.452877
0.043478 0.772731 -1.749302 0.468178 -0.144569 0.049882 -0.470497 0.162340 0.773953 1.514590 0.689641 1.446589 0.536956 -0.332249
0.021741 0.727273 -1.830122 0.337080 -0.151248 0.035914 -0.492234 0.116882 0.727598 1.540912 0.037956 0.094323 0.536461 -0.233134
0.000000 0.636364 -1.910954 0.074904 -0.157929 0.007981 -0.513975 0.025973 0.636364 1.570796 0.598407 1.476474 0.528346 -0.050490
0.000000 0.545455 -1.910954 -0.187272 -0.157929 -0.019953 -0.513975 -0.064936 0.545455 1.570796 -0.052953 0.094323 0.514938 0.125675
0.000000 0.454545 -1.910954 -0.449449 -0.157929 -0.047886 -0.513975 -0.155845 0.454545 1.570796 0.507498 1.476474 0.517399 0.294405
0.043478 0.318185 -1.749302 -0.842703 -0.144569 -0.089786 -0.470497 -0.292206 0.321142 1.434993 -0.186356 -0.041480 0.509609 0.555759
0.086956 0.227276 -1.587651 -1.104880 -0.131210 -0.117719 -0.427019 -0.383115 0.243343 1.205378 0.429699 1.246858 0.514336 0.731257
0.152175 0.136367 -1.345168 -1.367056 -0.111170 -0.145653 -0.361800 -0.474024 0.204336 0.730667 -0.225363 -0.516191 0.522960 0.918867
0.217391 0.090909 -1.102698 -1.498154 -0.091131 -0.159621 -0.296584 -0.519482 0.235633 0.396083 0.460997 0.912274 0.516669 1.052031
0.282609 0.045458 -0.860215 -1.629233 -0.071091 -0.173586 -0.231366 -0.564933 0.286242 0.159485 -0.174755 -0.752789 0.522531 1.182088
0.413044 0.000000 -0.375261 -1.760331 -0.031013 -0.187554 -0.100931 -0.610391 0.413044 0.000000 0.587798 0.752789 0.523791 1.406924
0.478259 0.045458 -0.132791 -1.629233 -0.010974 -0.173586 -0.035716 -0.564933 0.480415 0.094764 -0.107384 -0.658025 0.469876 1.507659
0.500000 0.090909 -0.051959 -1.498154 -0.004294 -0.159621 -0.013975 -0.519482 0.508197 0.179853 0.615581 0.837878 0.423297 1.543901
0.521737 0.181818 0.028861 -1.235978 0.002385 -0.131687 0.007762 -0.428573 0.552510 0.335325 -0.063070 -0.502553 0.332248 -1.552686
0.543478 0.272727 0.109692 -0.973802 0.009065 -0.103754 0.029503 -0.337664 0.608070 0.465101 0.671140 0.967654 0.243045 -1.483643
0.543478 0.363636 0.109692 -0.711625 0.009065 -0.075820 0.029503 -0.246754 0.653911 0.589679 -0.017229 -0.377975 0.153206 -1.451797
0.521737 0.454545 0.028861 -0.449449 0.002385 -0.047886 0.007762 -0.155845 0.691969 0.716682 0.709198 1.094657 0.059934 -1.521029
0.500000 0.545455 -0.051959 -0.187272 -0.004294 -0.019953 -0.013975 -0.064936 0.739946 0.828849 0.030748 -0.265808 0.034442 1.358819
0.456522 0.681822 -0.213610 0.206002 -0.017654 0.021948 -0.057453 0.071431 0.820544 0.980792 0.789796 1.246600 0.177407 -0.893428
0.434781 0.727273 -0.294442 0.337080 -0.024334 0.035914 -0.079194 0.116882 0.847325 1.031978 0.057529 -0.214622 0.227525 -0.975294
0.413044 0.727273 -0.375261 0.337080 -0.031013 0.035914 -0.100931 0.116882 0.836380 1.054288 0.778850 1.268909 0.235973 -0.858499
0.413044 0.772731 -0.375261 0.468178 -0.031013 0.049882 -0.100931 0.162340 0.876195 1.079912 0.097345 -0.188998 0.277744 -1.014553
0.456522 0.818182 -0.213610 0.599257 -0.017654 0.063848 -0.057453 0.207791 0.936928 1.061854 0.839583 1.250851 0.309585 -1.301041
0.500000 0.818182 -0.051959 0.599257 -0.004294 0.063848 -0.013975 0.207791 0.958865 1.022247 0.119282 -0.228605 0.304528 -1.503642
0.565216 0.818182 0.190512 0.599257 0.015745 0.063848 0.051241 0.207791 0.994430 0.966259 0.875148 1.194863 0.308492 1.329023
0.652175 0.863640 0.513826 0.730355 0.042465 0.077816 0.138200 0.253249 1.082223 0.924009 0.207075 -0.270854 0.375985 1.071254
0.739131 0.909091 0.837129 0.861433 0.069184 0.091781 0.225156 0.298700 1.171649 0.888152 0.964574 1.159006 0.454766 0.924876
0.826088 0.954549 1.160431 0.992531 0.095903 0.105749 0.312113 0.344158 1.262372 0.857417 0.297798 -0.301589 0.539926 0.834189
0.891303 0.954549 1.402902 0.992531 0.115941 0.105749 0.377328 0.344158 1.305980 0.819649 1.008182 1.121238 0.580071 0.739456
0.934781 0.954549 1.564553 0.992531 0.129301 0.105749 0.420806 0.344158 1.336031 0.795861 0.327849 -0.325377 0.609248 0.685533
0.978259 1.000000 1.726204 1.123610 0.142660 0.119715 0.464284 0.389609 1.398925 0.796388 1.071076 1.121765 0.672146 0.698168
0.978259 0.954549 1.726204 0.992531 0.142660 0.105749 0.464284 0.344158 1.366805 0.773131 0.295729 -0.348633 0.640051 0.637888
1.000000 0.909091 1.807036 0.861433 0.149340 0.091781 0.486025 0.298700 1.351461 0.737815 1.055732 1.086448 0.626368 0.551069
1.000000 0.818182 1.807036 0.599257 0.149340 0.063848 0.486025 0.207791 1.292061 0.685730 0.236329 -0.400719 0.573378 0.404013
1.000000 0.727273 1.807036 0.337080 0.149340 0.035914 0.486025 0.116882 1.236497 0.628796 1.000168 1.029515 0.530769 0.236004
1.000000 0.636364 1.807036 0.074904 0.149340 0.007981 0.486025 0.025973 1.185310 0.566729 0.185141 -0.462786 0.501198 0.053388
0.978259 0.545455 1.726204 -0.187272 0.142660 -0.019953 0.464284 -0.064936 1.120050 0.508642 0.934909 0.971427 0.465350 -0.138962
0.956522 0.500003 1.645385 -0.318351 0.135981 -0.033919 0.442547 -0.110387 1.079323 0.481666 0.144414 -0.489761 0.442767 -0.244448
0.913044 0.500003 1.483733 -0.318351 0.122621 -0.033919 0.399069 -0.110387 1.040986 0.501016 0.896572 0.990777 0.399313 -0.269865
0.869566 0.500003 1.322082 -0.318351 0.109262 -0.033919 0.355591 -0.110387 1.003069 0.521837 0.106497 -0.468940 0.355865 -0.301002
0.826088 0.590913 1.160431 -0.056174 0.095903 -0.005985 0.312113 -0.019478 1.015676 0.620930 0.909179 1.089871 0.321455 -0.062327
0.826088 0.636364 1.160431 0.074904 0.095903 0.007981 0.312113 0.025973 1.042775 0.656389 0.133595 -0.433482 0.335251 0.083025
0.847825 0.727273 1.241251 0.337080 0.102582 0.035914 0.333850 0.116882 1.117020 0.709011 0.983424 1.142493 0.396171 0.336767
0.913044 0.818182 1.483733 0.599257 0.122621 0.063848 0.399069 0.207791 1.225998 0.730658 0.242574 -0.411834 0.501794 0.480062
0.934781 0.863640 1.564553 0.730355 0.129301 0.077816 0.420806 0.253249 1.272670 0.745861 1.030097 1.157695 0.547123 0.541756
0.956522 0.909091 1.645385 0.861433 0.135981 0.091781 0.442547 0.298700 1.319614 0.759980 0.289517 -0.397716 0.593266 0.593720
