0.156863 0.689653 -1.413703 0.046243 -0.132884 0.005065 -0.406163 0.015482 0.707268 1.347150 0.707268 1.347150 0.425445 -0.038099
0.176472 0.689653 -1.345450 0.046243 -0.126468 0.005065 -0.386554 0.015482 0.711874 1.320287 0.004606 -0.026863 0.406766 -0.040030
0.235294 0.689653 -1.140713 0.046243 -0.107224 0.005065 -0.327732 0.015482 0.728687 1.242003 0.724081 1.268867 0.351344 -0.047204
0.274509 0.689653 -1.004218 0.046243 -0.094394 0.005065 -0.288516 0.015482 0.742278 1.191981 0.018197 -0.076885 0.315081 -0.053609
0.294119 0.758619 -0.935965 0.252235 -0.087978 0.027629 -0.268907 0.084447 0.813639 1.200936 0.795442 1.277821 0.332517 -0.304286
0.313725 0.862069 -0.867723 0.561231 -0.081563 0.061474 -0.249301 0.187898 0.917380 1.221774 0.121939 -0.056047 0.389330 -0.645865
0.313725 0.896549 -0.867723 0.664219 -0.081563 0.072755 -0.249301 0.222378 0.949855 1.234188 0.827916 1.290235 0.416400 -0.728382
0.254903 0.965515 -1.072460 0.870211 -0.100808 0.095318 -0.308123 0.291343 0.998596 1.312678 0.170680 0.022443 0.506890 -0.757415
0.196078 1.000000 -1.277208 0.973215 -0.120054 0.106601 -0.366947 0.325829 1.019042 1.377175 0.848362 1.354732 0.570611 -0.726114
0.117647 1.000000 -1.550198 0.973215 -0.145714 0.106601 -0.445379 0.325829 1.006897 1.453688 0.158535 0.098956 0.623946 -0.631605
0.078431 0.965515 -1.686693 0.870211 -0.158544 0.095318 -0.484594 0.291343 0.968695 1.489742 0.810160 1.390786 0.629944 -0.541309
0.039216 0.862069 -1.823188 0.561231 -0.171374 0.061474 -0.523810 0.187898 0.862961 1.525338 0.052800 0.134552 0.603162 -0.344416
0.000000 0.689653 -1.959683 0.046243 -0.184204 0.005065 -0.563026 0.015482 0.689653 1.570796 0.636853 1.436244 0.577090 -0.027491
0.000000 0.586203 -1.959683 -0.262753 -0.184204 -0.028781 -0.563026 -0.087969 0.586203 1.570796 -0.050650 0.134552 0.563502 0.154990
0.058825 0.379307 -1.754935 -0.880729 -0.164959 -0.096471 -0.504201 -0.294865 0.383841 1.416937 0.434491 1.282385 0.536629 0.529180
0.137256 0.206896 -1.481945 -1.395702 -0.139299 -0.152878 -0.425769 -0.467275 0.248285 0.985054 -0.186207 -0.297331 0.555075 0.831842
0.254903 0.103445 -1.072460 -1.704697 -0.100808 -0.186724 -0.308123 -0.570726 0.275094 0.385516 0.461300 0.682846 0.553311 1.075757
0.372550 0.034480 -0.662975 -1.910690 -0.062318 -0.209287 -0.190476 -0.639691 0.374142 0.092289 -0.087158 -0.590558 0.561820 1.281394
0.431372 0.000000 -0.458238 -2.013678 -0.043073 -0.220568 -0.131654 -0.674171 0.431372 0.000000 0.518530 0.590558 0.578213 1.377941
0.529412 0.000000 -0.116995 -2.013678 -0.010997 -0.220568 -0.033613 -0.674171 0.529412 0.000000 0.010882 -0.590558 0.564028 1.520979
0.588234 0.103445 0.087743 -1.704697 0.008248 -0.186724 0.025209 -0.570726 0.597261 0.174078 0.586379 0.764635 0.460271 -1.526655
0.627450 0.172411 0.224238 -1.498705 0.021078 -0.164160 0.064424 -0.501761 0.650707 0.268162 0.064328 -0.496474 0.395892 -1.443098
0.647059 0.310341 0.292490 -1.086721 0.027493 -0.119034 0.084034 -0.363830 0.717633 0.447210 0.653305 0.943683 0.266291 -1.343807
0.647059 0.482757 0.292490 -0.571733 0.027493 -0.062625 0.084034 -0.191414 0.807304 0.640987 0.153999 -0.302696 0.116210 -1.157115
0.607844 0.655168 0.155995 -0.056761 0.014663 -0.006217 0.044818 -0.019003 0.893711 0.822850 0.739712 1.125546 0.102464 -0.401033
0.588234 0.724139 0.087743 0.149247 0.008248 0.016348 0.025209 0.049967 0.932950 0.888586 0.193239 -0.236960 0.163073 1.103549
0.568628 0.827584 0.019500 0.458227 0.001833 0.050192 0.005602 0.153413 1.004108 0.968785 0.810870 1.205745 0.264618 1.534294
0.549019 0.862069 -0.048753 0.561231 -0.004583 0.061474 -0.014007 0.187898 1.022049 1.003713 0.211180 -0.202032 0.299372 -1.496389
0.549019 0.896549 -0.048753 0.664219 -0.004583 0.072755 -0.014007 0.222378 1.051296 1.021332 0.840116 1.223364 0.333818 -1.507893
0.607844 0.931035 0.155995 0.767223 0.014663 0.084038 0.044818 0.256863 1.111890 0.992407 0.271774 -0.230957 0.370728 1.398053
0.666669 0.931035 0.360743 0.767223 0.033909 0.084038 0.103643 0.256863 1.145108 0.949379 0.873334 1.180335 0.382325 1.187281
0.725491 0.896549 0.565480 0.664219 0.053153 0.072755 0.162465 0.222378 1.153316 0.890469 0.279982 -0.289867 0.370989 0.939840
0.843137 0.896549 0.974965 0.664219 0.091644 0.072755 0.280112 0.222378 1.230724 0.816091 0.950742 1.105957 0.435547 0.671004
0.941178 0.896549 1.316208 0.664219 0.123720 0.072755 0.378152 0.222378 1.299853 0.761118 0.349111 -0.344839 0.504220 0.531597
0.960784 0.896549 1.384451 0.664219 0.130134 0.072755 0.397759 0.222378 1.314118 0.750827 0.965008 1.095666 0.519086 0.509786
0.980394 0.896549 1.452703 0.664219 0.136550 0.072755 0.417368 0.222378 1.328523 0.740757 0.363515 -0.354909 0.534260 0.489550
1.000000 0.862069 1.520946 0.561231 0.142964 0.061474 0.436974 0.187898 1.320289 0.711459 0.956774 1.066369 0.529503 0.406096
1.000000 0.827584 1.520946 0.458227 0.142964 0.050192 0.436974 0.153413 1.298035 0.691336 0.341261 -0.375033 0.510821 0.337636
1.000000 0.724139 1.520946 0.149247 0.142964 0.016348 0.436974 0.049967 1.234657 0.626743 0.893396 1.001776 0.465730 0.113854
0.980394 0.620688 1.452703 -0.159749 0.136550 -0.017498 0.417368 -0.053483 1.160356 0.564403 0.266960 -0.437373 0.421332 -0.127450
0.960784 0.551723 1.384451 -0.365741 0.130134 -0.040061 0.397759 -0.122449 1.107928 0.521264 0.840968 0.958637 0.397919 -0.298640
0.901962 0.551723 1.179713 -0.365741 0.110890 -0.040061 0.338937 -0.122449 1.057324 0.548972 0.216356 -0.409665 0.339125 -0.346682
0.862747 0.586203 1.043218 -0.262753 0.098059 -0.028781 0.299721 -0.087969 1.043056 0.596808 0.826700 1.006473 0.300616 -0.285485
0.862747 0.655168 1.043218 -0.056761 0.098059 -0.006217 0.299721 -0.019003 1.083318 0.649489 0.256618 -0.356985 0.313565 -0.063319
0.882353 0.758619 1.111460 0.252235 0.104474 0.027629 0.319328 0.084447 1.163636 0.710137 0.907019 1.067122 0.374469 0.258535
0.901962 0.793104 1.179713 0.355239 0.110890 0.038911 0.338937 0.118933 1.201062 0.721265 0.294044 -0.345857 0.409651 0.337475
0.960784 0.862069 1.384451 0.561231 0.130134 0.061474 0.397759 0.187898 1.290841 0.731297 0.996797 1.077154 0.497634 0.441318
0.960784 0.896549 1.384451 0.664219 0.130134 0.072755 0.397759 0.222378 1.314118 0.750827 0.317321 -0.326326 0.519086 0.509786
0.980394 0.896549 1.452703 0.664219 0.136550 0.072755 0.417368 0.222378 1.328523 0.740757 1.011201 1.067083 0.534260 0.489550
