0.063828 0.363636 -1.334759 -0.583996 -0.105929 -0.047762 -0.379979 -0.171328 0.369195 1.397039 0.369195 1.397039 0.388344 0.423593
0.085106 0.363636 -1.260015 -0.583996 -0.099997 -0.047762 -0.358701 -0.171328 0.373462 1.340892 0.004267 -0.056147 0.367551 0.445597
0.106381 0.363636 -1.185282 -0.583996 -0.094066 -0.047762 -0.337426 -0.171328 0.378877 1.286189 0.374610 1.342336 0.346819 0.469829
0.127659 0.363636 -1.110537 -0.583996 -0.088134 -0.047762 -0.316147 -0.171328 0.385393 1.233174 0.010783 -0.109162 0.326154 0.496622
0.148934 0.363636 -1.035804 -0.583996 -0.082203 -0.047762 -0.294872 -0.171328 0.392953 1.182067 0.382170 1.291229 0.305577 0.526350
0.191487 0.424241 -0.886327 -0.377412 -0.070340 -0.030867 -0.252319 -0.110722 0.465455 1.146808 0.083285 -0.144421 0.253077 0.413516
0.191487 0.484847 -0.886327 -0.170828 -0.070340 -0.013971 -0.252319 -0.050116 0.521291 1.194656 0.438006 1.339077 0.255635 0.196071
0.191487 0.515148 -0.886327 -0.067544 -0.070340 -0.005524 -0.252319 -0.019816 0.549586 1.214910 0.111580 -0.124167 0.262211 0.078373
0.191487 0.575754 -0.886327 0.139039 -0.070340 0.011371 -0.252319 0.040790 0.606762 1.249719 0.495182 1.373886 0.284737 -0.160275
0.191487 0.606059 -0.886327 0.242339 -0.070340 0.019820 -0.252319 0.071095 0.635590 1.264767 0.140408 -0.109119 0.299985 -0.274647
0.191487 0.636364 -0.886327 0.345638 -0.070340 0.028268 -0.252319 0.101401 0.664550 1.278506 0.524142 1.387625 0.317401 -0.382121
0.170212 0.666665 -0.961060 0.448922 -0.076271 0.036715 -0.273594 0.131701 0.688051 1.320818 0.163909 -0.066808 0.352873 -0.448637
0.148934 0.696970 -1.035804 0.552222 -0.082203 0.045163 -0.294872 0.162007 0.712706 1.360274 0.548796 1.427082 0.388641 -0.502392
0.127659 0.696970 -1.110537 0.552222 -0.088134 0.045163 -0.316147 0.162007 0.708565 1.389641 0.159769 -0.037441 0.405020 -0.473550
0.085106 0.666665 -1.260015 0.448922 -0.099997 0.036715 -0.358701 0.131701 0.672076 1.443823 0.512306 1.481265 0.422294 -0.351882
0.063828 0.636364 -1.334759 0.345638 -0.105929 0.028268 -0.379979 0.101401 0.639557 1.470830 0.127251 -0.010435 0.425984 -0.260782
0.042553 0.575754 -1.409492 0.139039 -0.111859 0.011371 -0.401254 0.040790 0.577324 1.497022 0.450073 1.507457 0.422392 -0.101309
0.021275 0.515148 -1.484236 -0.067544 -0.117791 -0.005524 -0.422532 -0.019816 0.515587 1.529521 0.065514 0.022064 0.428512 0.046863
0.000000 0.454542 -1.558969 -0.274128 -0.123722 -0.022420 -0.443807 -0.080422 0.454542 1.570796 0.389028 1.548732 0.443937 0.179263
0.000000 0.363636 -1.558969 -0.583996 -0.123722 -0.047762 -0.443807 -0.171328 0.363636 1.570796 -0.025393 0.022064 0.450990 0.368416
0.000000 0.303030 -1.558969 -0.790579 -0.123722 -0.064657 -0.443807 -0.231934 0.303030 1.570796 0.328422 1.548732 0.465599 0.481565
0.042553 0.212118 -1.409492 -1.100462 -0.111859 -0.090001 -0.401254 -0.322845 0.216345 1.372814 -0.112078 -0.175918 0.463340 0.677534
0.085106 0.151513 -1.260015 -1.307046 -0.099997 -0.106897 -0.358701 -0.383451 0.173779 1.059006 0.285857 1.234925 0.462712 0.818736
0.191487 0.030301 -0.886327 -1.720213 -0.070340 -0.140687 -0.252319 -0.504663 0.193870 0.156937 -0.091987 -1.077988 0.484409 1.107168
0.255319 0.000000 -0.662106 -1.823497 -0.052546 -0.149134 -0.188488 -0.534964 0.255319 0.000000 0.347305 1.077988 0.482175 1.232040
0.319147 0.000000 -0.437896 -1.823497 -0.034752 -0.149134 -0.124660 -0.534964 0.319147 0.000000 -0.028159 -1.077988 0.460982 1.341857
0.382978 0.000000 -0.213674 -1.823497 -0.016958 -0.149134 -0.060829 -0.534964 0.382978 0.000000 0.411137 1.077988 0.447956 1.457576
0.425531 0.000000 -0.064197 -1.823497 -0.005095 -0.149134 -0.018276 -0.534964 0.425531 0.000000 0.014395 -1.077988 0.444183 1.536647
0.468084 0.030301 0.085280 -1.720213 0.006768 -0.140687 0.024278 -0.504663 0.469064 0.064643 0.454670 1.142631 0.414218 -1.522727
0.489359 0.060606 0.160013 -1.616914 0.012699 -0.132239 0.045552 -0.474358 0.493098 0.123220 0.038428 -1.019411 0.385899 -1.475060
0.510637 0.090907 0.234757 -1.513630 0.018631 -0.123792 0.066831 -0.444057 0.518666 0.176180 0.480238 1.195591 0.359173 -1.421417
0.531912 0.151513 0.309490 -1.307046 0.024562 -0.106897 0.088106 -0.383451 0.553070 0.277496 0.072833 -0.918095 0.305284 -1.344946
0.531912 0.242424 0.309490 -0.997163 0.024562 -0.081553 0.088106 -0.292540 0.584551 0.427632 0.511719 1.345727 0.219813 -1.278262
0.510637 0.303030 0.234757 -0.790579 0.018631 -0.064657 0.066831 -0.231934 0.593782 0.535578 0.082064 -0.810150 0.155835 -1.290251
0.489359 0.363636 0.160013 -0.583996 0.012699 -0.047762 0.045552 -0.171328 0.609675 0.639061 0.527611 1.449211 0.092209 -1.310930
0.489359 0.393936 0.160013 -0.480712 0.012699 -0.039315 0.045552 -0.141028 0.628218 0.677785 0.100607 -0.771426 0.067543 -1.258371
0.468084 0.424241 0.085280 -0.377412 0.006768 -0.030867 0.024278 -0.110722 0.631731 0.736304 0.531123 1.507730 0.031180 -1.354947
0.425531 0.424241 -0.064197 -0.377412 -0.005095 -0.030867 -0.018276 -0.110722 0.600881 0.783880 0.069757 -0.723850 0.026773 1.407213
0.404253 0.393936 -0.138941 -0.480712 -0.011027 -0.039315 -0.039554 -0.141028 0.564452 0.772474 0.494695 1.496323 0.063652 1.297353
0.404253 0.363636 -0.138941 -0.583996 -0.011027 -0.047762 -0.039554 -0.171328 0.543738 0.732552 0.049044 -0.763771 0.089398 1.343906
0.404253 0.333330 -0.138941 -0.687295 -0.011027 -0.056210 -0.039554 -0.201633 0.523956 0.689537 0.474912 1.453308 0.117344 1.377089
0.404253 0.303030 -0.138941 -0.790579 -0.011027 -0.064657 -0.039554 -0.231934 0.505220 0.643247 0.030308 -0.810061 0.146228 1.401883
0.425531 0.303030 -0.064197 -0.790579 -0.005095 -0.064657 -0.018276 -0.231934 0.522402 0.618814 0.492094 1.428875 0.141959 1.492162
0.446806 0.303030 0.010536 -0.790579 0.000836 -0.064657 0.002999 -0.231934 0.539873 0.595953 0.047779 -0.832922 0.140809 -1.557865
0.489359 0.333330 0.160013 -0.687295 0.012699 -0.056210 0.045552 -0.201633 0.592099 0.597967 0.544320 1.430889 0.119499 -1.348609
0.510637 0.393936 0.234757 -0.480712 0.018631 -0.039315 0.066831 -0.141028 0.644931 0.657094 0.100611 -0.773795 0.083387 -1.128259
0.510637 0.545453 0.234757 0.035755 0.018631 0.002924 0.066831 0.010490 0.747175 0.818353 0.646564 1.592147 0.121648 0.155687
0.510637 0.606059 0.234757 0.242339 0.018631 0.019820 0.066831 0.071095 0.792501 0.870641 0.145938 -0.721506 0.175477 0.816309
0.510637 0.696970 0.234757 0.552222 0.018631 0.045163 0.066831 0.162007 0.864013 0.938490 0.718075 1.659996 0.261836 1.179545
0.489359 0.727271 0.160013 0.655506 0.012699 0.053610 0.045552 0.192307 0.876582 0.978511 0.158507 -0.681485 0.287101 1.338210
0.446806 0.787877 0.010536 0.862090 0.000836 0.070506 0.002999 0.252913 0.905752 1.054918 0.747245 1.736404 0.344083 1.558938
0.404253 0.848483 -0.138941 1.068673 -0.011027 0.087401 -0.039554 0.313519 0.939864 1.126172 0.192619 -0.610232 0.406605 -1.445299
0.382978 0.848483 -0.213674 1.068673 -0.016958 0.087401 -0.060829 0.313519 0.930911 1.146805 0.738292 1.757037 0.409222 -1.379158
0.361700 0.878788 -0.288418 1.171973 -0.022889 0.095850 -0.082107 0.343824 0.950313 1.180339 0.212021 -0.576698 0.442663 -1.336382
0.340425 0.878788 -0.363151 1.171973 -0.028820 0.095850 -0.103382 0.343824 0.942421 1.201216 0.730400 1.777914 0.447098 -1.278714
0.361700 0.878788 -0.288418 1.171973 -0.022889 0.095850 -0.082107 0.343824 0.950313 1.180339 0.219913 -0.597575 0.442663 -1.336382
0.382978 0.878788 -0.213674 1.171973 -0.016958 0.095850 -0.060829 0.343824 0.958614 1.159812 0.738701 1.757387 0.439214 -1.395690
0.425531 0.909089 -0.064197 1.275257 -0.005095 0.104297 -0.018276 0.374125 1.003753 1.133005 0.265052 -0.624382 0.465641 -1.521986
0.489359 0.909089 0.160013 1.275257 0.012699 0.104297 0.045552 0.374125 1.032432 1.076983 0.767380 1.701365 0.467507 1.449635
0.617022 0.969695 0.608456 1.481840 0.048288 0.121192 0.173215 0.434731 1.149358 1.004109 0.381978 -0.697256 0.553680 1.191634
0.659575 0.969695 0.757933 1.481840 0.060151 0.121192 0.215768 0.434731 1.172752 0.973491 0.790774 1.670747 0.568431 1.110092
0.702128 0.969695 0.907410 1.481840 0.072013 0.121192 0.258321 0.434731 1.197202 0.944097 0.406428 -0.726650 0.585908 1.034645
0.787234 1.000000 1.206365 1.585140 0.095739 0.129640 0.343428 0.465036 1.272689 0.903888 0.866261 1.630538 0.653677 0.934698
0.829788 1.000000 1.355842 1.585140 0.107602 0.129640 0.385981 0.465036 1.299441 0.878154 0.433180 -0.752384 0.677002 0.878028
0.893616 0.969695 1.580052 1.481840 0.125395 0.121192 0.449809 0.434731 1.318657 0.826206 0.885477 1.578589 0.692016 0.768354
0.936169 0.909089 1.729529 1.275257 0.137258 0.104297 0.492362 0.374125 1.304935 0.770724 0.419457 -0.807865 0.677427 0.649780
0.957447 0.878788 1.804274 1.171973 0.143190 0.095850 0.513640 0.343824 1.299605 0.742587 0.880148 1.550453 0.673079 0.589884
0.978722 0.757576 1.879007 0.758806 0.149121 0.062059 0.534915 0.222613 1.237666 0.658714 0.357519 -0.891739 0.620149 0.394363
0.978722 0.696970 1.879007 0.552222 0.149121 0.045163 0.534915 0.162007 1.201526 0.618816 0.844007 1.510555 0.591799 0.294083
0.978722 0.606059 1.879007 0.242339 0.149121 0.019820 0.534915 0.071095 1.151175 0.554443 0.307168 -0.956111 0.558981 0.132135
0.957447 0.575754 1.804274 0.139039 0.143190 0.011371 0.513640 0.040790 1.117227 0.541406 0.810059 1.497518 0.530317 0.079248
0.936169 0.545453 1.729529 0.035755 0.137258 0.002924 0.492362 0.010490 1.083481 0.527560 0.273422 -0.969958 0.502745 0.021301
0.851062 0.545453 1.430575 0.035755 0.113533 0.002924 0.407256 0.010490 1.010854 0.569958 0.737433 1.539915 0.419749 0.025751
0.829788 0.575754 1.355842 0.139039 0.107602 0.011371 0.385981 0.040790 1.009970 0.606591 0.272537 -0.933324 0.407911 0.105289
0.829788 0.666665 1.355842 0.448922 0.107602 0.036715 0.385981 0.131701 1.064420 0.676821 0.791882 1.610145 0.445698 0.328825
0.893616 0.787877 1.580052 0.862090 0.125395 0.070506 0.449809 0.252913 1.191343 0.722597 0.399461 -0.887548 0.566315 0.512214
0.936169 0.818182 1.729529 0.965389 0.137258 0.078954 0.492362 0.283219 1.243316 0.718246 0.843855 1.605793 0.618528 0.522003
1.000000 0.848483 1.953751 1.068673 0.155053 0.087401 0.556193 0.313519 1.311458 0.703613 0.467604 -0.902181 0.687833 0.513291
