0.175438 0.500000 -1.058922 -0.341612 -0.100800 -0.031463 -0.306716 -0.095735 0.529885 1.233341 0.529885 1.233341 0.307235 0.302547
0.175438 0.473682 -1.058922 -0.435522 -0.100800 -0.040112 -0.306716 -0.122053 0.505127 1.216091 -0.024758 -0.017251 0.306833 0.378724
0.210528 0.473682 -0.937774 -0.435522 -0.089268 -0.040112 -0.271626 -0.122053 0.518360 1.152567 0.543118 1.169818 0.271758 0.422306
0.228071 0.473682 -0.877210 -0.435522 -0.083503 -0.040112 -0.254083 -0.122053 0.525729 1.122071 -0.017389 -0.047747 0.254225 0.447816
0.280703 0.473682 -0.695498 -0.435522 -0.066205 -0.040112 -0.201451 -0.122053 0.550608 1.035837 0.567997 1.083585 0.201629 0.544723
0.298246 0.526318 -0.634934 -0.247703 -0.060440 -0.022813 -0.183908 -0.069417 0.604947 1.055249 0.036950 -0.028336 0.189137 0.360922
0.298246 0.605263 -0.634934 0.033998 -0.060440 0.003131 -0.183908 0.009528 0.674754 1.112962 0.637805 1.141298 0.221310 -0.051761
0.280703 0.684212 -0.695498 0.315714 -0.066205 0.029077 -0.201451 0.088477 0.739554 1.181478 0.101749 0.040180 0.285324 -0.413835
0.210528 0.736843 -0.937774 0.503519 -0.089268 0.046374 -0.271626 0.141108 0.766329 1.292495 0.664579 1.252314 0.372354 -0.479122
0.157895 0.736843 -1.119486 0.503519 -0.106565 0.046374 -0.324259 0.141108 0.753571 1.359702 0.088991 0.107388 0.412323 -0.410455
0.070175 0.684212 -1.422336 0.315714 -0.135394 0.029077 -0.411979 0.088477 0.687801 1.468590 0.598810 1.361202 0.458862 -0.211548
0.035088 0.631580 -1.543474 0.127908 -0.146925 0.011780 -0.447066 0.035846 0.632554 1.515298 0.033744 0.154096 0.471377 -0.080008
0.000000 0.447369 -1.664612 -0.529418 -0.158457 -0.048760 -0.482154 -0.148366 0.447369 1.570796 0.413624 1.416700 0.483407 0.298520
0.017545 0.263157 -1.604039 -1.186744 -0.152691 -0.109300 -0.464609 -0.332578 0.263741 1.504223 -0.149883 0.087523 0.513635 0.621267
0.105263 0.131580 -1.301198 -1.656250 -0.123863 -0.152541 -0.376891 -0.464154 0.168504 0.896063 0.318387 0.808540 0.514732 0.888784
0.157895 0.078949 -1.119486 -1.844056 -0.106565 -0.169838 -0.324259 -0.516786 0.176533 0.463654 -0.141854 -0.344886 0.517414 1.010435
0.280703 0.000000 -0.695498 -2.125771 -0.066205 -0.195784 -0.201451 -0.595735 0.280703 0.000000 0.422557 0.344886 0.522546 1.244713
0.385966 0.000000 -0.332084 -2.125771 -0.031612 -0.195784 -0.096188 -0.595735 0.385966 0.000000 -0.036591 -0.344886 0.491655 1.410717
0.421054 0.026318 -0.210946 -2.031861 -0.020080 -0.187135 -0.061100 -0.569417 0.421875 0.062423 0.458467 0.407309 0.459913 1.463902
0.473684 0.105263 -0.029243 -1.750160 -0.002784 -0.161190 -0.008470 -0.490472 0.485239 0.218668 0.026772 -0.188641 0.376986 1.553528
0.508771 0.236843 0.091895 -1.280640 0.008748 -0.117947 0.026617 -0.358892 0.561198 0.435685 0.534426 0.624326 0.246751 -1.496767
0.508771 0.289475 0.091895 -1.092834 0.008748 -0.100650 0.026617 -0.306260 0.585358 0.517289 0.050932 -0.107036 0.194509 -1.484103
0.491229 0.394737 0.031330 -0.717223 0.002982 -0.066057 0.009075 -0.200998 0.630177 0.676915 0.579245 0.783951 0.087886 -1.525678
0.456141 0.473682 -0.089808 -0.435522 -0.008549 -0.040112 -0.026013 -0.122053 0.657601 0.804261 0.078356 0.020310 0.027357 1.360811
0.421054 0.473682 -0.210946 -0.435522 -0.020080 -0.040112 -0.061100 -0.122053 0.633767 0.844151 0.555411 0.823841 0.061685 1.106663
0.368421 0.447369 -0.392658 -0.529418 -0.037378 -0.048760 -0.113733 -0.148366 0.579545 0.881872 0.024134 0.058031 0.118934 0.916775
0.350878 0.421051 -0.453222 -0.623328 -0.043143 -0.057409 -0.131275 -0.174684 0.548087 0.876054 0.523953 0.818023 0.144799 0.926334
0.350878 0.342106 -0.453222 -0.905029 -0.043143 -0.083353 -0.131275 -0.253629 0.490053 0.772740 -0.033900 -0.045283 0.191955 1.093177
0.368421 0.289475 -0.392658 -1.092834 -0.037378 -0.100650 -0.113733 -0.306260 0.468540 0.665971 0.502440 0.711254 0.223742 1.215220
0.385966 0.289475 -0.332084 -1.092834 -0.031612 -0.100650 -0.096188 -0.306260 0.482458 0.643501 -0.019982 -0.067753 0.215354 1.266480
0.438596 0.342106 -0.150381 -0.905029 -0.014315 -0.083353 -0.043558 -0.253629 0.556240 0.662428 0.576222 0.730181 0.146665 1.400717
0.473684 0.500000 -0.029243 -0.341612 -0.002784 -0.031463 -0.008470 -0.095735 0.688750 0.812419 0.112528 0.082239 0.019754 1.482550
0.491229 0.578949 0.031330 -0.059897 0.002982 -0.005517 0.009075 -0.016786 0.759268 0.867183 0.646740 0.784945 0.097220 -1.075180
0.491229 0.710525 0.031330 0.409609 0.002982 0.037725 0.009075 0.114791 0.863801 0.965893 0.217061 0.180948 0.228552 1.491905
0.491229 0.815788 0.031330 0.785220 0.002982 0.072319 0.009075 0.220053 0.952269 1.028796 0.735208 0.847848 0.333758 1.529580
0.473684 0.894737 -0.029243 1.066935 -0.002784 0.098265 -0.008470 0.299002 1.012389 1.083898 0.277181 0.236050 0.412670 -1.542475
0.438596 0.921051 -0.150381 1.160831 -0.014315 0.106913 -0.043558 0.325316 1.020148 1.126377 0.742967 0.890327 0.441053 -1.437694
0.403508 0.947369 -0.271519 1.254741 -0.025846 0.115562 -0.078645 0.351634 1.029722 1.168142 0.286754 0.277815 0.471815 -1.350760
0.403508 0.973682 -0.271519 1.348636 -0.025846 0.124210 -0.078645 0.377947 1.053981 1.177925 0.767227 0.900110 0.497780 -1.365638
0.421054 0.973682 -0.210946 1.348636 -0.020080 0.124210 -0.061100 0.377947 1.060822 1.162646 0.293595 0.262536 0.495311 -1.410519
0.456141 0.973682 -0.089808 1.348636 -0.008549 0.124210 -0.026013 0.377947 1.075231 1.132689 0.781636 0.870154 0.492216 -1.502078
0.543859 0.973682 0.213033 1.348636 0.020279 0.124210 0.061705 0.377947 1.115276 1.061406 0.333640 0.191252 0.495386 1.408961
0.631579 0.973682 0.515883 1.348636 0.049108 0.124210 0.149425 0.377947 1.160582 0.995371 0.826942 0.804118 0.513739 1.194297
0.701754 1.000000 0.758159 1.442546 0.072170 0.132859 0.219600 0.404265 1.221662 0.958894 0.394721 0.154776 0.562485 1.073182
0.754387 1.000000 0.939871 1.442546 0.089468 0.132859 0.272233 0.404265 1.252637 0.924493 0.857917 0.769718 0.585043 0.978145
0.824562 1.000000 1.182147 1.442546 0.112530 0.132859 0.342408 0.404265 1.296111 0.881257 0.438194 0.111539 0.620812 0.868053
0.877192 0.973682 1.363850 1.348636 0.129827 0.124210 0.395038 0.377947 1.310543 0.837483 0.872349 0.725944 0.630599 0.763292
0.929825 0.921051 1.545561 1.160831 0.147124 0.106913 0.447671 0.325316 1.308782 0.780658 0.436432 0.054714 0.626929 0.628412
0.964912 0.868420 1.666699 0.973026 0.158655 0.089616 0.482758 0.272685 1.298156 0.732814 0.861723 0.678101 0.618269 0.514171
0.982455 0.763157 1.727264 0.597415 0.164421 0.055022 0.500301 0.167422 1.244036 0.660425 0.382313 -0.017676 0.573815 0.322928
0.964912 0.684212 1.666699 0.315714 0.158655 0.029077 0.482758 0.088477 1.182879 0.616802 0.800566 0.634478 0.523338 0.181262
0.929825 0.631580 1.545561 0.127908 0.147124 0.011780 0.447671 0.035846 1.124041 0.596661 0.323475 -0.037817 0.471951 0.079901
0.894737 0.631580 1.424423 0.127908 0.135593 0.011780 0.412583 0.035846 1.095193 0.614664 0.771718 0.652480 0.438809 0.086663
0.842105 0.684212 1.242712 0.315714 0.118295 0.029077 0.359951 0.088477 1.085028 0.682318 0.313310 0.029837 0.412785 0.241025
0.842105 0.710525 1.242712 0.409609 0.118295 0.037725 0.359951 0.114791 1.101811 0.700854 0.788501 0.671017 0.426284 0.308711
0.894737 0.789475 1.424423 0.691324 0.135593 0.063671 0.412583 0.193740 1.193241 0.722980 0.404740 0.051963 0.514462 0.439014
0.929825 0.789475 1.545561 0.691324 0.147124 0.063671 0.447671 0.193740 1.219772 0.703946 0.815032 0.651984 0.543006 0.408436
1.000000 0.815788 1.787838 0.785220 0.170187 0.072319 0.517846 0.220053 1.290547 0.684294 0.475515 0.032310 0.616017 0.401820
