0.044444 0.600002 -1.250388 0.060563 -0.107037 0.004763 -0.379556 0.016890 0.601646 1.496858 0.601646 1.496858 0.418377 -0.044471
0.088889 0.600002 -1.103973 0.060563 -0.094503 0.004763 -0.335112 0.016890 0.606551 1.423719 0.004905 -0.073139 0.378519 -0.050360
0.111113 0.566666 -1.030760 -0.058966 -0.088236 -0.004638 -0.312888 -0.016445 0.577457 1.377172 0.572552 1.450311 0.343878 0.052511
0.155557 0.566666 -0.884345 -0.058966 -0.075702 -0.004638 -0.268444 -0.016445 0.587630 1.302883 0.015077 -0.147427 0.303999 0.061185
0.177777 0.566666 -0.811143 -0.058966 -0.069436 -0.004638 -0.246223 -0.016445 0.593899 1.266796 0.578821 1.414223 0.284569 0.066691
0.200001 0.600002 -0.737930 0.060563 -0.063169 0.004763 -0.223999 0.016890 0.632458 1.249045 0.053637 -0.165178 0.284872 -0.075262
0.222222 0.633333 -0.664728 0.180073 -0.056903 0.014163 -0.201779 0.050221 0.671188 1.233340 0.617551 1.398519 0.290748 -0.243936
0.222222 0.666668 -0.664728 0.299602 -0.056903 0.023563 -0.201779 0.083557 0.702730 1.249047 0.085179 -0.149472 0.315598 -0.392603
0.222222 0.699999 -0.664728 0.419112 -0.056903 0.032963 -0.201779 0.116887 0.734426 1.263399 0.649247 1.412870 0.341891 -0.525049
0.222222 0.733335 -0.664728 0.538641 -0.056903 0.042364 -0.201779 0.150223 0.766265 1.276563 0.117018 -0.136308 0.369327 -0.639968
0.222222 0.800001 -0.664728 0.777680 -0.056903 0.061164 -0.201779 0.216889 0.830292 1.299850 0.713273 1.436158 0.426721 -0.821475
0.222222 0.833332 -0.664728 0.897190 -0.056903 0.070563 -0.201779 0.250220 0.862452 1.310194 0.149179 -0.125964 0.456362 -0.892162
0.222222 0.866667 -0.664728 1.016719 -0.056903 0.079964 -0.201779 0.283556 0.894704 1.319794 0.745525 1.445758 0.486486 -0.952327
0.155557 0.899998 -0.884345 1.136229 -0.075702 0.089363 -0.268444 0.316886 0.913342 1.399646 0.167818 -0.046113 0.546476 -0.867972
0.133333 0.899998 -0.957558 1.136229 -0.081970 0.089363 -0.290667 0.316886 0.909821 1.423718 0.742003 1.469830 0.557729 -0.828526
0.088889 0.899998 -1.103973 1.136229 -0.094503 0.089363 -0.335112 0.316886 0.904377 1.472350 0.162374 0.002520 0.582128 -0.757452
0.066668 0.866667 -1.177175 1.016719 -0.100769 0.079964 -0.357332 0.283556 0.869228 1.494023 0.706854 1.491503 0.568894 -0.670787
0.044444 0.800001 -1.250388 0.777680 -0.107037 0.061164 -0.379556 0.216889 0.801235 1.515298 0.094381 0.023795 0.534265 -0.519147
0.022224 0.766665 -1.323590 0.658151 -0.113303 0.051763 -0.401777 0.183554 0.766987 1.541817 0.672607 1.518022 0.528056 -0.428540
0.022224 0.633333 -1.323590 0.180073 -0.113303 0.014163 -0.401777 0.050221 0.633722 1.535720 -0.038884 0.017699 0.453039 -0.124353
0.000000 0.466669 -1.396803 -0.417516 -0.119570 -0.032837 -0.424001 -0.116442 0.466669 1.570796 0.505554 1.553098 0.426142 0.268020
0.000000 0.433334 -1.396803 -0.537044 -0.119570 -0.042238 -0.424001 -0.149778 0.433334 1.570796 -0.072220 0.017699 0.424103 0.339567
0.022224 0.300001 -1.323590 -1.015122 -0.113303 -0.079839 -0.401777 -0.283111 0.300823 1.496852 0.373043 1.479154 0.420476 0.613838
0.022224 0.199999 -1.323590 -1.373690 -0.113303 -0.108040 -0.401777 -0.383113 0.201230 1.460130 -0.171813 -0.019023 0.460001 0.761623
0.066668 0.100002 -1.177175 -1.732240 -0.100769 -0.136239 -0.357332 -0.483110 0.120188 0.982792 0.292001 1.001815 0.482350 0.933952
0.111113 0.066666 -1.030760 -1.851768 -0.088236 -0.145640 -0.312888 -0.516445 0.129578 0.540411 -0.162423 -0.461404 0.474960 1.026087
0.200001 0.033336 -0.737930 -1.971279 -0.063169 -0.155039 -0.223999 -0.549776 0.202760 0.165159 0.365183 0.626563 0.450327 1.183895
0.244446 0.000000 -0.591515 -2.090807 -0.050635 -0.164440 -0.179555 -0.583112 0.244446 0.000000 -0.120738 -0.626563 0.460452 1.272085
0.311111 0.000000 -0.371898 -2.090807 -0.031835 -0.164440 -0.112890 -0.583112 0.311111 0.000000 0.431848 0.626563 0.438772 1.379563
0.399999 0.000000 -0.079068 -2.090807 -0.006768 -0.164440 -0.024001 -0.583112 0.399999 0.000000 -0.031849 -0.626563 0.424679 1.529659
0.488888 0.000000 0.213762 -2.090807 0.018299 -0.164440 0.064888 -0.583112 0.488888 0.000000 0.520737 0.626563 0.428937 -1.459974
0.511112 0.033336 0.286975 -1.971279 0.024566 -0.155039 0.087111 -0.549776 0.512198 0.065130 -0.008539 -0.561433 0.400259 -1.413654
0.600001 0.100002 0.579805 -1.732240 0.049633 -0.136239 0.176000 -0.483110 0.608277 0.165152 0.616816 0.726585 0.368715 -1.221433
0.622225 0.199999 0.653018 -1.373690 0.055900 -0.108040 0.198224 -0.383113 0.653577 0.310996 0.036761 -0.415589 0.299114 -1.093323
0.644445 0.233335 0.726220 -1.254161 0.062166 -0.098639 0.220445 -0.349777 0.685386 0.347388 0.648626 0.762977 0.291461 -1.008435
0.644445 0.333337 0.726220 -0.895594 0.062166 -0.070438 0.220445 -0.249775 0.725550 0.477349 0.076924 -0.285628 0.238360 -0.847693
0.644445 0.366667 0.726220 -0.776083 0.062166 -0.061038 0.220445 -0.216444 0.741454 0.517288 0.664530 0.802915 0.227778 -0.776242
0.644445 0.466669 0.726220 -0.417516 0.062166 -0.032837 0.220445 -0.116442 0.795669 0.626745 0.131139 -0.176170 0.224536 -0.485964
0.622225 0.466669 0.653018 -0.417516 0.055900 -0.032837 0.198224 -0.116442 0.777781 0.643502 0.646642 0.819672 0.202764 -0.531124
0.577777 0.533336 0.506592 -0.178477 0.043366 -0.014037 0.153776 -0.049776 0.786303 0.745423 0.139662 -0.074250 0.188683 -0.313047
0.533332 0.533336 0.360177 -0.178477 0.030832 -0.014037 0.109332 -0.049776 0.754248 0.785401 0.614587 0.859651 0.154621 -0.427230
0.466668 0.533336 0.140560 -0.178477 0.012032 -0.014037 0.042667 -0.049776 0.708679 0.851968 0.094092 -0.007683 0.117365 -0.862147
0.444444 0.533336 0.067347 -0.178477 0.005765 -0.014037 0.020443 -0.049776 0.694246 0.876061 0.600154 0.883745 0.111230 -1.181096
0.399999 0.466669 -0.079068 -0.417516 -0.006768 -0.032837 -0.024001 -0.116442 0.614638 0.862174 0.014484 -0.021571 0.048956 1.367522
0.399999 0.333337 -0.079068 -0.895594 -0.006768 -0.070438 -0.024001 -0.249775 0.520685 0.694744 0.506201 0.716315 0.093787 1.474999
0.399999 0.300001 -0.079068 -1.015122 -0.006768 -0.079839 -0.024001 -0.283111 0.500000 0.643504 -0.006201 -0.072811 0.126301 1.486222
0.422223 0.199999 -0.005855 -1.373690 -0.000501 -0.108040 -0.001777 -0.383113 0.467196 0.442371 0.473397 0.515183 0.224009 1.566157
0.444444 0.199999 0.067347 -1.373690 0.005765 -0.108040 0.020443 -0.383113 0.487370 0.422853 0.013974 -0.092330 0.224932 -1.517486
0.555556 0.300001 0.433390 -1.015122 0.037099 -0.079839 0.131556 -0.283111 0.631382 0.495134 0.617408 0.587464 0.180784 -1.135802
0.622225 0.400003 0.653018 -0.656555 0.055900 -0.051637 0.198224 -0.183109 0.739707 0.571339 0.122298 -0.016125 0.199671 -0.745780
0.622225 0.466669 0.653018 -0.417516 0.055900 -0.032837 0.198224 -0.116442 0.777781 0.643502 0.655483 0.659627 0.202764 -0.531124
0.622225 0.633333 0.653018 0.180073 0.055900 0.014163 0.198224 0.050221 0.887848 0.794245 0.232365 0.134618 0.288293 0.248134
0.600001 0.800001 0.579805 0.777680 0.049633 0.061164 0.176000 0.216889 1.000001 0.927295 0.767637 0.792677 0.415153 0.889098
0.533332 0.833332 0.360177 0.897190 0.030832 0.070563 0.109332 0.250220 0.989386 1.001483 0.221750 0.208806 0.423681 1.158854
0.488888 0.933334 0.213762 1.255758 0.018299 0.098764 0.064888 0.350222 1.053624 1.088284 0.831874 0.879478 0.513450 1.387598
0.399999 0.933334 -0.079068 1.255758 -0.006768 0.098764 -0.024001 0.350222 1.015436 1.165905 0.183562 0.286427 0.509898 -1.502372
0.377779 0.933334 -0.152270 1.255758 -0.013035 0.098764 -0.046222 0.350222 1.006891 1.186191 0.823328 0.899764 0.511426 -1.439576
0.355555 0.933334 -0.225483 1.255758 -0.019302 0.098764 -0.068446 0.350222 0.998765 1.206818 0.175437 0.307054 0.513912 -1.377794
0.377779 0.899998 -0.152270 1.136229 -0.013035 0.089363 -0.046222 0.316886 0.976070 1.173376 0.800634 0.866322 0.478236 -1.425956
0.422223 0.899998 -0.005855 1.136229 -0.000501 0.089363 -0.001777 0.316886 0.994117 1.132142 0.193483 0.265820 0.476001 -1.565188
0.444444 0.899998 0.067347 1.136229 0.005765 0.089363 0.020443 0.316886 1.003756 1.112099 0.810273 0.846279 0.476436 1.506373
0.555556 0.899998 0.433390 1.136229 0.037099 0.089363 0.131556 0.316886 1.057657 1.017763 0.247384 0.171484 0.493843 1.177297
0.644445 0.933334 0.726220 1.255758 0.062166 0.098764 0.220445 0.350222 1.134205 0.966491 0.886821 0.795006 0.554992 1.009009
0.777778 1.000000 1.165465 1.494797 0.099767 0.117565 0.353778 0.416888 1.266862 0.909753 0.380041 0.114746 0.675969 0.867107
0.888891 1.000000 1.531508 1.494797 0.131101 0.117565 0.464890 0.416888 1.337956 0.844153 0.957915 0.729406 0.740202 0.731014
0.977779 1.000000 1.824338 1.494797 0.156168 0.117565 0.553779 0.416888 1.398590 0.796633 0.440675 0.067226 0.799029 0.645295
1.000000 0.899998 1.897540 1.136229 0.162435 0.089363 0.575999 0.316886 1.345361 0.732814 0.904686 0.665588 0.747228 0.502959
1.000000 0.766665 1.897540 0.658151 0.162435 0.051763 0.575999 0.183554 1.260070 0.654082 0.355383 -0.011506 0.670220 0.308496
0.911111 0.633333 1.604710 0.180073 0.137368 0.014163 0.487111 0.050221 1.109610 0.607444 0.754227 0.618950 0.530186 0.102737
0.844446 0.633333 1.385093 0.180073 0.118568 0.014163 0.420446 0.050221 1.055557 0.643499 0.301330 0.024550 0.469675 0.118884
0.822223 0.633333 1.311880 0.180073 0.112300 0.014163 0.398222 0.050221 1.037863 0.656348 0.736533 0.631798 0.449890 0.125451
0.777778 0.800001 1.165465 0.777680 0.099767 0.061164 0.353778 0.216889 1.115769 0.799482 0.379236 0.167684 0.516270 0.549972
0.777778 0.866667 1.165465 1.016719 0.099767 0.079964 0.353778 0.283556 1.164496 0.839400 0.785260 0.671716 0.566668 0.675660
0.800002 0.933334 1.238678 1.255758 0.106034 0.098764 0.376001 0.350222 1.229274 0.862169 0.444014 0.190453 0.633086 0.749915
0.844446 0.933334 1.385093 1.255758 0.118568 0.098764 0.420446 0.350222 1.258651 0.835356 0.814637 0.644902 0.660451 0.694529
