0.037736 0.474998 -1.505255 -0.379263 -0.097566 -0.026076 -0.410586 -0.109736 0.476495 1.491519 0.476495 1.491519 0.411452 0.261163
0.056605 0.474998 -1.436078 -0.379263 -0.093083 -0.026076 -0.391717 -0.109736 0.478359 1.452187 0.001864 -0.039332 0.392624 0.273141
0.075471 0.474998 -1.366912 -0.379263 -0.088599 -0.026076 -0.372850 -0.109736 0.480956 1.413226 0.479092 1.452558 0.373803 0.286235
0.094341 0.474998 -1.297735 -0.379263 -0.084116 -0.026076 -0.353981 -0.109736 0.484276 1.374735 0.005184 -0.077823 0.354985 0.300611
0.113207 0.500000 -1.228568 -0.292853 -0.079632 -0.020135 -0.335115 -0.084734 0.512656 1.348136 0.507472 1.425959 0.339076 0.247661
0.132076 0.524998 -1.159391 -0.206456 -0.075149 -0.014195 -0.316245 -0.059736 0.541357 1.324336 0.033885 -0.101623 0.325408 0.186693
0.150943 0.574998 -1.090225 -0.033650 -0.070665 -0.002314 -0.297379 -0.009736 0.594480 1.314079 0.560595 1.415702 0.323235 0.032729
0.150943 0.600000 -1.090225 0.052760 -0.070665 0.003628 -0.297379 0.015266 0.618695 1.324339 0.058100 -0.091362 0.333827 -0.051289
0.132076 0.625002 -1.159391 0.139169 -0.075149 0.009569 -0.316245 0.040267 0.638805 1.362539 0.580705 1.453901 0.362253 -0.126648
0.113207 0.650000 -1.228568 0.225566 -0.079632 0.015509 -0.335115 0.065266 0.659785 1.398361 0.079080 -0.055540 0.391121 -0.192348
0.094341 0.650000 -1.297735 0.225566 -0.084116 0.015509 -0.353981 0.065266 0.656811 1.426663 0.577730 1.482203 0.407402 -0.182328
0.075471 0.650000 -1.366912 0.225566 -0.088599 0.015509 -0.372850 0.065266 0.654367 1.455204 0.076636 -0.026999 0.423900 -0.173289
0.075471 0.675002 -1.366912 0.311976 -0.088599 0.021450 -0.372850 0.090267 0.679208 1.459450 0.602572 1.486449 0.436350 -0.237531
0.056605 0.675002 -1.436078 0.311976 -0.093083 0.021450 -0.391717 0.090267 0.677371 1.487133 0.074800 0.000684 0.452577 -0.226487
0.037736 0.650000 -1.505255 0.225566 -0.097566 0.015509 -0.410586 0.065266 0.651094 1.512807 0.576295 1.512122 0.457444 -0.157638
0.037736 0.625002 -1.505255 0.139169 -0.097566 0.009569 -0.410586 0.040267 0.626140 1.510493 0.049845 -0.001630 0.446986 -0.097760
0.018869 0.600000 -1.574421 0.052760 -0.102050 0.003628 -0.429452 0.015266 0.600297 1.539358 0.550452 1.540987 0.455451 -0.035532
0.018869 0.574998 -1.574421 -0.033650 -0.102050 -0.002314 -0.429452 -0.009736 0.575308 1.537992 0.024856 -0.002996 0.447746 0.022668
0.000000 0.524998 -1.643598 -0.206456 -0.106533 -0.014195 -0.448322 -0.059736 0.524998 1.570796 0.500142 1.573792 0.454831 0.132464
0.000000 0.500000 -1.643598 -0.292853 -0.106533 -0.020135 -0.448322 -0.084734 0.500000 1.570796 -0.000142 -0.002996 0.451290 0.186800
0.000000 0.450000 -1.643598 -0.465659 -0.106533 -0.032017 -0.448322 -0.134734 0.450000 1.570796 0.450142 1.573792 0.448325 0.291944
0.000000 0.424998 -1.643598 -0.552069 -0.106533 -0.037958 -0.448322 -0.159736 0.424998 1.570796 -0.025144 -0.002996 0.448928 0.342275
0.000000 0.374998 -1.643598 -0.724876 -0.106533 -0.049839 -0.448322 -0.209736 0.374998 1.570796 0.400142 1.573792 0.454278 0.437578
0.037736 0.274998 -1.505255 -1.070488 -0.097566 -0.073602 -0.410586 -0.309736 0.277575 1.434426 -0.122567 -0.139365 0.445670 0.646296
0.056605 0.224998 -1.436078 -1.243295 -0.093083 -0.085483 -0.391717 -0.359736 0.232009 1.324331 0.354576 1.463697 0.450905 0.742866
0.075471 0.174998 -1.366912 -1.416101 -0.088599 -0.097365 -0.372850 -0.409736 0.190579 1.163627 -0.163997 -0.300070 0.462302 0.832497
0.094341 0.124998 -1.297735 -1.588907 -0.084116 -0.109246 -0.353981 -0.459736 0.156604 0.924271 0.320601 1.224340 0.479417 0.914640
0.132076 0.100000 -1.159391 -1.675304 -0.075149 -0.115186 -0.316245 -0.484734 0.165663 0.648054 -0.154938 -0.576287 0.470467 0.992729
0.150943 0.050000 -1.090225 -1.848110 -0.070665 -0.127068 -0.297379 -0.534734 0.159009 0.319876 0.313947 0.896162 0.497086 1.063263
0.169812 0.024998 -1.021048 -1.934520 -0.066181 -0.133009 -0.278510 -0.559736 0.171642 0.146161 -0.142305 -0.750002 0.506725 1.109092
0.226414 0.000000 -0.813538 -2.020917 -0.052731 -0.138949 -0.221907 -0.584734 0.226414 0.000000 0.368719 0.750002 0.500235 1.208085
0.264150 0.000000 -0.675195 -2.020917 -0.043764 -0.138949 -0.184172 -0.584734 0.264150 0.000000 -0.104569 -0.750002 0.484677 1.265666
0.301886 0.000000 -0.536851 -2.020917 -0.034797 -0.138949 -0.146436 -0.584734 0.301886 0.000000 0.406454 0.750002 0.471631 1.325411
0.320755 0.000000 -0.467675 -2.020917 -0.030313 -0.138949 -0.127567 -0.584734 0.320755 0.000000 -0.085700 -0.750002 0.466118 1.356000
0.358490 0.000000 -0.329331 -2.020917 -0.021346 -0.138949 -0.089831 -0.584734 0.358490 0.000000 0.444190 0.750002 0.457233 1.418361
0.396226 0.024998 -0.190988 -1.934520 -0.012379 -0.133009 -0.052095 -0.559736 0.397014 0.063007 -0.047176 -0.686995 0.426517 1.477992
0.433962 0.050000 -0.052644 -1.848110 -0.003412 -0.127068 -0.014360 -0.534734 0.436833 0.114712 0.484009 0.801706 0.398580 1.543949
0.452831 0.074998 0.016532 -1.761714 0.001072 -0.121127 0.004510 -0.509736 0.459000 0.164131 -0.025009 -0.637576 0.373351 -1.561950
0.471698 0.124998 0.085699 -1.588907 0.005555 -0.109246 0.023376 -0.459736 0.487979 0.259042 0.512988 0.896618 0.324167 -1.519994
0.490567 0.174998 0.154876 -1.416101 0.010039 -0.097365 0.042245 -0.409736 0.520846 0.342655 0.007858 -0.553963 0.276569 -1.468056
0.509433 0.224998 0.224042 -1.243295 0.014522 -0.085483 0.061112 -0.359736 0.556908 0.415900 0.549050 0.969863 0.231534 -1.402524
0.528302 0.324998 0.293219 -0.897682 0.019006 -0.061720 0.079981 -0.259736 0.620264 0.551502 0.071214 -0.418361 0.146989 -1.272079
0.547169 0.374998 0.362386 -0.724876 0.023489 -0.049839 0.098847 -0.209736 0.663338 0.600821 0.592124 1.019182 0.123074 -1.130377
0.547169 0.400000 0.362386 -0.638466 0.023489 -0.043898 0.098847 -0.184734 0.677786 0.631253 0.085662 -0.387929 0.110026 -1.079482
0.547169 0.474998 0.362386 -0.379263 0.023489 -0.026076 0.098847 -0.109736 0.724581 0.714909 0.638919 1.102838 0.102384 -0.837555
0.547169 0.500000 0.362386 -0.292853 0.023489 -0.020135 0.098847 -0.084734 0.741211 0.740384 0.102292 -0.362454 0.111541 -0.708674
0.528302 0.550000 0.293219 -0.120047 0.019006 -0.008254 0.079981 -0.034734 0.762629 0.805517 0.660337 1.167971 0.129366 -0.409708
0.509433 0.600000 0.224042 0.052760 0.014522 0.003628 0.061112 0.015266 0.787097 0.866851 0.126760 -0.301120 0.163527 0.244788
0.490567 0.625002 0.154876 0.139169 0.010039 0.009569 0.042245 0.040267 0.794533 0.905328 0.667773 1.206448 0.181661 0.761433
0.471698 0.650000 0.085699 0.225566 0.005555 0.015509 0.023376 0.065266 0.803118 0.943037 0.135345 -0.263411 0.203029 1.226865
0.452831 0.675002 0.016532 0.311976 0.001072 0.021450 0.004510 0.090267 0.812824 0.979897 0.677479 1.243308 0.226725 1.520880
0.433962 0.675002 -0.052644 0.311976 -0.003412 0.021450 -0.014360 0.090267 0.802465 0.999425 0.124986 -0.243883 0.227135 -1.413038
0.396226 0.675002 -0.190988 0.311976 -0.012379 0.021450 -0.052095 0.090267 0.782702 1.039990 0.657716 1.283873 0.232590 -1.047368
0.377360 0.675002 -0.260154 0.311976 -0.016862 0.021450 -0.070962 0.090267 0.773323 1.061032 0.115606 -0.222842 0.237528 -0.904571
0.358490 0.675002 -0.329331 0.311976 -0.021346 0.021450 -0.089831 0.090267 0.764292 1.082583 0.648686 1.305425 0.243831 -0.787821
0.358490 0.650000 -0.329331 0.225566 -0.021346 0.015509 -0.089831 0.065266 0.742304 1.066784 0.093618 -0.238641 0.220780 -0.628314
0.339621 0.625002 -0.398508 0.139169 -0.025830 0.009569 -0.108700 0.040267 0.711316 1.073040 0.617698 1.311681 0.207441 -0.354771
0.339621 0.600000 -0.398508 0.052760 -0.025830 0.003628 -0.108700 0.015266 0.689451 1.055725 0.071753 -0.255956 0.186607 -0.139524
0.358490 0.600000 -0.329331 0.052760 -0.021346 0.003628 -0.089831 0.015266 0.698939 1.032229 0.627186 1.288184 0.176284 -0.168328
0.358490 0.574998 -0.329331 -0.033650 -0.021346 -0.002314 -0.089831 -0.009736 0.677597 1.013303 0.050412 -0.274882 0.155295 0.107964
0.377360 0.574998 -0.260154 -0.033650 -0.016862 -0.002314 -0.070962 -0.009736 0.687767 0.990019 0.637355 1.264901 0.145198 0.136354
0.377360 0.550000 -0.260154 -0.120047 -0.016862 -0.008254 -0.070962 -0.034734 0.667009 0.969454 0.029653 -0.295447 0.123992 0.455197
0.396226 0.524998 -0.190988 -0.206456 -0.012379 -0.014195 -0.052095 -0.059736 0.657737 0.924282 0.628084 1.219728 0.092700 0.853617
0.415095 0.500000 -0.121811 -0.292853 -0.007895 -0.020135 -0.033226 -0.084734 0.649849 0.877916 0.021766 -0.341813 0.061438 1.197101
0.452831 0.474998 0.016532 -0.379263 0.001072 -0.026076 0.004510 -0.109736 0.656262 0.809285 0.634496 1.151098 0.027055 -1.529725
0.471698 0.474998 0.085699 -0.379263 0.005555 -0.026076 0.023376 -0.109736 0.669419 0.788885 0.034923 -0.362213 0.035469 -1.360914
0.509433 0.474998 0.224042 -0.379263 0.014522 -0.026076 0.061112 -0.109736 0.696524 0.750433 0.661601 1.112646 0.066680 -1.062675
0.528302 0.474998 0.293219 -0.379263 0.019006 -0.026076 0.079981 -0.109736 0.710441 0.732319 0.048841 -0.380327 0.084312 -0.940972
0.566038 0.474998 0.431562 -0.379263 0.027973 -0.026076 0.117717 -0.109736 0.738933 0.698169 0.690093 1.078495 0.120701 -0.750327
0.584905 0.500000 0.500729 -0.292853 0.032456 -0.020135 0.136583 -0.084734 0.769489 0.707297 0.079396 -0.371198 0.146033 -0.555276
0.603774 0.524998 0.569906 -0.206456 0.036940 -0.014195 0.155452 -0.059736 0.800104 0.715722 0.720707 1.086920 0.173334 -0.366877
0.603774 0.550000 0.569906 -0.120047 0.036940 -0.008254 0.155452 -0.034734 0.816727 0.738825 0.096020 -0.348095 0.185752 -0.219830
0.622640 0.574998 0.639072 -0.033650 0.041423 -0.002314 0.174319 -0.009736 0.847528 0.745639 0.751509 1.093734 0.215485 -0.055796
0.622640 0.600000 0.639072 0.052760 0.041423 0.003628 0.174319 0.015266 0.864685 0.766883 0.113177 -0.326852 0.231070 0.087350
0.622640 0.625002 0.639072 0.139169 0.041423 0.009569 0.174319 0.040267 0.882218 0.787291 0.769041 1.114143 0.248199 0.227017
0.622640 0.650000 0.639072 0.225566 0.041423 0.015509 0.174319 0.065266 0.900100 0.806893 0.131060 -0.307249 0.266573 0.358248
0.622640 0.675002 0.639072 0.311976 0.041423 0.021450 0.174319 0.090267 0.918318 0.825728 0.787259 1.132977 0.285956 0.477810
0.622640 0.700000 0.639072 0.398372 0.041423 0.027390 0.174319 0.115266 0.936846 0.843820 0.149588 -0.289157 0.306152 0.584232
0.584905 0.725002 0.500729 0.484782 0.032456 0.033331 0.136583 0.140267 0.931526 0.891945 0.781939 1.181102 0.308556 0.798706
0.547169 0.775002 0.362386 0.657588 0.023489 0.045213 0.098847 0.190267 0.948695 0.956040 0.166756 -0.225062 0.341308 1.091657
0.509433 0.800000 0.224042 0.743985 0.014522 0.051153 0.061112 0.215266 0.948431 1.003763 0.781675 1.228825 0.356949 1.294185
0.471698 0.825002 0.085699 0.830395 0.005555 0.057094 0.023376 0.240267 0.950330 1.051405 0.168654 -0.177419 0.377405 1.473810
0.452831 0.850000 0.016532 0.916791 0.001072 0.063034 0.004510 0.265266 0.963097 1.081299 0.794443 1.258718 0.401704 1.553798
0.433962 0.875002 -0.052644 1.003201 -0.003412 0.068975 -0.014360 0.290267 0.976704 1.110390 0.182262 -0.148329 0.426922 -1.521366
0.433962 0.900000 -0.052644 1.089598 -0.003412 0.074916 -0.014360 0.315266 0.999161 1.121506 0.816899 1.269835 0.451907 -1.525280
0.452831 0.900000 0.016532 1.089598 0.001072 0.074916 0.004510 0.315266 1.007500 1.104635 0.190600 -0.165200 0.451701 1.556493
0.471698 0.925002 0.085699 1.176008 0.005555 0.080857 0.023376 0.340267 1.038329 1.099227 0.847729 1.264426 0.477253 1.502205
0.490567 0.925002 0.154876 1.176008 0.010039 0.080857 0.042245 0.340267 1.047036 1.083171 0.199307 -0.181255 0.478549 1.447275
0.509433 0.925002 0.224042 1.176008 0.014522 0.080857 0.061112 0.340267 1.056007 1.067387 0.856700 1.248642 0.480582 1.393092
0.566038 0.950000 0.431562 1.262404 0.027973 0.086797 0.117717 0.365266 1.105848 1.033449 0.249148 -0.215193 0.515304 1.259030
0.622640 0.975002 0.639072 1.348814 0.041423 0.092738 0.174319 0.390267 1.156853 1.002474 0.907705 1.217667 0.554778 1.150719
0.698112 0.975002 0.915759 1.348814 0.059357 0.092738 0.249790 0.390267 1.199162 0.949406 0.291456 -0.268261 0.582913 1.001449
0.754717 1.000000 1.123279 1.435211 0.072808 0.098678 0.306395 0.415266 1.252836 0.924283 0.961379 1.192545 0.631052 0.935130
0.811319 1.000000 1.330789 1.435211 0.086258 0.098678 0.362997 0.415266 1.287726 0.889192 0.326347 -0.303353 0.660391 0.852458
0.849054 1.000000 1.469132 1.435211 0.095225 0.098678 0.400733 0.415266 1.311828 0.866851 0.985482 1.170205 0.681862 0.803206
0.886790 1.000000 1.607476 1.435211 0.104192 0.098678 0.438469 0.415266 1.336562 0.845328 0.351080 -0.324877 0.704701 0.758227
0.924526 0.975002 1.745819 1.348814 0.113159 0.092738 0.476204 0.390267 1.343643 0.811965 0.992563 1.136842 0.710044 0.686541
0.962264 0.950000 1.884173 1.262404 0.122127 0.086797 0.513943 0.365266 1.352203 0.778985 0.359640 -0.357857 0.718205 0.617879
0.981131 0.950000 1.953339 1.262404 0.126610 0.086797 0.532809 0.365266 1.365693 0.769279 1.006053 1.127136 0.731824 0.600960
1.000000 0.900000 2.022516 1.089598 0.131094 0.074916 0.551678 0.315266 1.345362 0.732815 0.339309 -0.394321 0.712995 0.519174
1.000000 0.875002 2.022516 1.003201 0.131094 0.068975 0.551678 0.290267 1.328769 0.718831 0.989460 1.113152 0.697428 0.484351
1.000000 0.850000 2.022516 0.916791 0.131094 0.063034 0.551678 0.265266 1.312440 0.704494 0.322980 -0.408658 0.682418 0.448197
0.981131 0.825002 1.953339 0.830395 0.126610 0.057094 0.532809 0.240267 1.281891 0.699169 0.958911 1.107827 0.652513 0.423639
0.962264 0.800000 1.884173 0.743985 0.122127 0.051153 0.513943 0.215266 1.251380 0.693580 0.292469 -0.414247 0.622748 0.396651
0.924526 0.775002 1.745819 0.657588 0.113159 0.045213 0.476204 0.190267 1.206390 0.697644 0.913921 1.111891 0.577486 0.380118
0.886790 0.775002 1.607476 0.657588 0.104192 0.045213 0.438469 0.190267 1.177720 0.718230 0.263800 -0.393662 0.546786 0.409415
0.886790 0.750000 1.607476 0.571179 0.104192 0.039272 0.438469 0.165266 1.161420 0.702020 0.897621 1.095682 0.532226 0.360449
0.849054 0.775002 1.469132 0.657588 0.095225 0.045213 0.400733 0.190267 1.149574 0.739832 0.251954 -0.355849 0.517017 0.443284
0.830188 0.800000 1.399966 0.743985 0.090742 0.051153 0.381866 0.215266 1.152915 0.766882 0.900961 1.122731 0.519134 0.513315
0.830188 0.825002 1.399966 0.830395 0.090742 0.057094 0.381866 0.240267 1.170402 0.782265 0.269441 -0.340466 0.536386 0.561608
0.849054 0.850000 1.469132 0.916791 0.095225 0.063034 0.400733 0.265266 1.201413 0.785955 0.931972 1.126421 0.567391 0.584731
0.849054 0.900000 1.469132 1.089598 0.095225 0.074916 0.400733 0.315266 1.237293 0.814517 0.305321 -0.311904 0.603821 0.666592
0.867924 0.925002 1.538309 1.176008 0.099709 0.080857 0.419602 0.340267 1.268432 0.817223 0.963111 1.129126 0.635051 0.681369
