0.000000 0.375003 -1.925694 -0.368570 -0.151726 -0.034856 -0.465607 -0.106963 0.375003 1.570796 0.375003 1.570796 0.474341 0.225811
0.021741 0.375003 -1.835777 -0.368570 -0.144641 -0.034856 -0.443866 -0.106963 0.375633 1.512886 0.000630 -0.057910 0.453019 0.236473
0.043478 0.333333 -1.745874 -0.512154 -0.137558 -0.048435 -0.422129 -0.148633 0.336157 1.441094 0.335527 1.499004 0.442368 0.338548
0.065219 0.333333 -1.655957 -0.512154 -0.130473 -0.048435 -0.400388 -0.148633 0.339654 1.377581 0.004126 -0.121423 0.421672 0.355455
0.086956 0.333333 -1.566054 -0.512154 -0.123390 -0.048435 -0.378651 -0.148633 0.344489 1.315615 0.340362 1.437038 0.401089 0.374054
0.130434 0.375003 -1.386233 -0.368570 -0.109222 -0.034856 -0.335173 -0.106963 0.397040 1.236063 0.056677 -0.200975 0.347203 0.308913
0.152175 0.375003 -1.296317 -0.368570 -0.102137 -0.034856 -0.313432 -0.106963 0.404703 1.185303 0.348026 1.386278 0.326265 0.328872
0.152175 0.416667 -1.296317 -0.225008 -0.102137 -0.021279 -0.313432 -0.065300 0.443586 1.220627 0.095560 -0.165651 0.317230 0.205400
0.152175 0.500000 -1.296317 0.062139 -0.102137 0.005876 -0.313432 0.018033 0.522644 1.275353 0.427084 1.441004 0.315313 -0.057472
0.130434 0.541670 -1.386233 0.205722 -0.109222 0.019455 -0.335173 0.059703 0.557153 1.334495 0.130068 -0.106509 0.343695 -0.176278
0.108697 0.541670 -1.476137 0.205722 -0.116305 0.019455 -0.356910 0.059703 0.552468 1.372757 0.422400 1.479266 0.364925 -0.165743
0.086956 0.541670 -1.566054 0.205722 -0.123390 0.019455 -0.378651 0.059703 0.548605 1.411621 0.126205 -0.067645 0.386215 -0.156386
0.043478 0.500000 -1.745874 0.062139 -0.137558 0.005876 -0.422129 0.018033 0.501887 1.484058 0.375682 1.551703 0.423528 -0.042694
0.021741 0.416667 -1.835777 -0.225008 -0.144641 -0.021279 -0.443866 -0.065300 0.417233 1.518666 0.041552 -0.033037 0.446556 0.146068
0.021741 0.291670 -1.835777 -0.655716 -0.144641 -0.062011 -0.443866 -0.190297 0.292479 1.496395 0.250927 1.529433 0.476730 0.405022
0.021741 0.250000 -1.835777 -0.799300 -0.144641 -0.075590 -0.443866 -0.231967 0.250944 1.484052 0.000016 -0.045381 0.493461 0.481567
0.065219 0.125003 -1.655957 -1.230008 -0.130473 -0.116323 -0.400388 -0.356963 0.140994 1.089910 0.140977 1.135291 0.525663 0.728123
0.152175 0.083333 -1.296317 -1.373592 -0.102137 -0.129901 -0.313432 -0.398633 0.173498 0.501010 0.032521 -0.634281 0.494341 0.904486
0.195653 0.041670 -1.116496 -1.517154 -0.087969 -0.143478 -0.269954 -0.440297 0.200041 0.209843 0.167520 0.844124 0.502591 1.020787
0.282609 0.000000 -0.756856 -1.660738 -0.059633 -0.157057 -0.182998 -0.481967 0.282609 0.000000 0.115089 -0.844124 0.500278 1.207921
0.326088 0.000000 -0.577036 -1.660738 -0.045465 -0.157057 -0.139520 -0.481967 0.326088 0.000000 0.210998 0.844124 0.486061 1.289019
0.413044 0.000000 -0.217395 -1.660738 -0.017129 -0.157057 -0.052563 -0.481967 0.413044 0.000000 0.202045 -0.844124 0.468565 1.462166
0.500000 0.041670 0.142245 -1.517154 0.011208 -0.143478 0.034393 -0.440297 0.501733 0.083147 0.299688 0.927271 0.425330 -1.492842
0.565219 0.083333 0.411982 -1.373592 0.032460 -0.129901 0.099612 -0.398633 0.571329 0.146381 0.271641 -0.780890 0.395039 -1.325928
0.608697 0.208336 0.591802 -0.942862 0.046628 -0.089167 0.143090 -0.273630 0.643363 0.329769 0.371722 1.110659 0.294386 -1.088972
0.652175 0.375003 0.771623 -0.368570 0.060796 -0.034856 0.186568 -0.106963 0.752303 0.521837 0.380581 -0.588822 0.207405 -0.520572
0.673912 0.458336 0.861526 -0.081424 0.067880 -0.007700 0.208305 -0.023630 0.815003 0.597254 0.434423 1.186075 0.208432 -0.112957
0.673912 0.541670 0.861526 0.205722 0.067880 0.019455 0.208305 0.059703 0.864618 0.677035 0.430195 -0.509041 0.221758 0.279131
0.652175 0.625003 0.771623 0.492869 0.060796 0.046611 0.186568 0.143037 0.903306 0.764126 0.473110 1.273167 0.245387 0.654086
0.652175 0.666667 0.771623 0.636431 0.060796 0.060188 0.186568 0.184700 0.932618 0.796386 0.459508 -0.476781 0.274286 0.780367
0.586956 0.666667 0.501885 0.636431 0.039544 0.060188 0.121349 0.184700 0.888235 0.848897 0.428728 1.325678 0.234842 0.989511
0.543478 0.583333 0.322065 0.349285 0.025376 0.033032 0.077871 0.101367 0.797274 0.820753 0.368547 -0.504925 0.141150 0.915741
0.521741 0.583333 0.232162 0.349285 0.018292 0.033032 0.056134 0.101367 0.782618 0.841077 0.414071 1.346001 0.130424 1.065065
0.500000 0.500000 0.142245 0.062139 0.011208 0.005876 0.034393 0.018033 0.707107 0.785398 0.293035 -0.560603 0.048639 0.482924
0.500000 0.416667 0.142245 -0.225008 0.011208 -0.021279 0.034393 -0.065300 0.650854 0.694738 0.357819 1.255342 0.059817 -1.086024
0.500000 0.375003 0.142245 -0.368570 0.011208 -0.034856 0.034393 -0.106963 0.625002 0.643505 0.267183 -0.611836 0.096912 -1.259698
0.500000 0.333333 0.142245 -0.512154 0.011208 -0.048435 0.034393 -0.148633 0.600925 0.588003 0.333742 1.199839 0.136672 -1.343404
0.543478 0.291670 0.322065 -0.655716 0.025376 -0.062011 0.077871 -0.190297 0.616798 0.492553 0.283056 -0.707285 0.190573 -1.182377
0.565219 0.291670 0.411982 -0.655716 0.032460 -0.062011 0.099612 -0.190297 0.636037 0.476389 0.352982 1.183675 0.200441 -1.088562
0.565219 0.333333 0.411982 -0.512154 0.032460 -0.048435 0.099612 -0.148633 0.656189 0.532843 0.303207 -0.650832 0.165586 -0.980362
0.565219 0.375003 0.411982 -0.368570 0.032460 -0.034856 0.099612 -0.106963 0.678306 0.585783 0.375099 1.236615 0.134654 -0.820972
0.565219 0.458336 0.411982 -0.081424 0.032460 -0.007700 0.099612 -0.023630 0.727698 0.681353 0.352599 -0.555262 0.099877 -0.232917
0.565219 0.541670 0.411982 0.205722 0.032460 0.019455 0.099612 0.059703 0.782866 0.764126 0.430267 1.319389 0.125332 0.539948
0.543478 0.583333 0.322065 0.349285 0.025376 0.033032 0.077871 0.101367 0.797274 0.820753 0.367007 -0.498635 0.141150 0.915741
0.500000 0.625003 0.142245 0.492869 0.011208 0.046611 0.034393 0.143037 0.800393 0.896058 0.433386 1.394693 0.163064 1.334827
0.456522 0.625003 -0.037575 0.492869 -0.002961 0.046611 -0.009085 0.143037 0.773977 0.939937 0.340592 -0.454756 0.159655 -1.507365
0.434781 0.666667 -0.127492 0.636431 -0.010045 0.060188 -0.030826 0.184700 0.795914 0.992896 0.455322 1.447652 0.203409 -1.405424
0.413044 0.666667 -0.217395 0.636431 -0.017129 0.060188 -0.052563 0.184700 0.784251 1.016114 0.328929 -0.431537 0.207817 -1.293539
0.391303 0.666667 -0.307312 0.636431 -0.024213 0.060188 -0.074304 0.184700 0.773022 1.040024 0.444093 1.471562 0.214350 -1.188313
0.391303 0.708336 -0.307312 0.780015 -0.024213 0.073766 -0.074304 0.226370 0.809233 1.066093 0.365141 -0.405469 0.253848 -1.253635
0.413044 0.708336 -0.217395 0.780015 -0.017129 0.073766 -0.052563 0.226370 0.819967 1.042883 0.454826 1.448351 0.248356 -1.342639
0.434781 0.791670 -0.127492 1.067161 -0.010045 0.100922 -0.030826 0.309703 0.903203 1.068571 0.448377 -0.379780 0.327517 -1.471589
0.478263 0.833333 0.052342 1.210723 0.004124 0.114499 0.012656 0.351367 0.960822 1.049778 0.512446 1.429558 0.367944 1.534794
0.565219 0.916667 0.411982 1.497869 0.032460 0.141654 0.099612 0.434700 1.076917 1.018259 0.564471 -0.411299 0.461928 1.345535
0.673912 1.000000 0.861526 1.785015 0.067880 0.168810 0.208305 0.518033 1.205885 0.977794 0.641413 1.389093 0.573556 1.188474
0.782609 1.000000 1.311083 1.785015 0.103301 0.168810 0.317002 0.518033 1.269834 0.906750 0.628420 -0.482344 0.621342 1.021648
0.869566 0.958336 1.670724 1.641453 0.131637 0.155233 0.403959 0.476370 1.294045 0.833924 0.665625 1.316268 0.637154 0.867468
0.913044 0.916667 1.850544 1.497869 0.145805 0.141654 0.447437 0.434700 1.293803 0.787378 0.628178 -0.528890 0.635338 0.770961
0.978259 0.750000 2.120267 0.923577 0.167056 0.087343 0.512652 0.268033 1.232676 0.654083 0.604498 1.182973 0.586252 0.481750
1.000000 0.666667 2.210184 0.636431 0.174141 0.060188 0.534393 0.184700 1.201850 0.588003 0.597352 -0.594971 0.570965 0.332773
0.978259 0.583333 2.120267 0.349285 0.167056 0.033032 0.512652 0.101367 1.138977 0.537692 0.541625 1.132663 0.525996 0.195212
0.934781 0.500000 1.940447 0.062139 0.152888 0.005876 0.469174 0.018033 1.060102 0.491164 0.518477 -0.641499 0.470433 0.038418
0.891303 0.458336 1.760627 -0.081424 0.138720 -0.007700 0.425696 -0.023630 1.002244 0.474968 0.483767 1.116467 0.425758 -0.055453
0.847825 0.458336 1.580807 -0.081424 0.124552 -0.007700 0.382218 -0.023630 0.963784 0.495600 0.480016 -0.620867 0.382287 -0.061745
0.869566 0.541670 1.670724 0.205722 0.131637 0.019455 0.403959 0.059703 1.024476 0.557102 0.544459 1.177970 0.411057 0.146733
0.869566 0.583333 1.670724 0.349285 0.131637 0.033032 0.403959 0.101367 1.047102 0.590881 0.502643 -0.587088 0.420764 0.245857
0.891303 0.583333 1.760627 0.349285 0.138720 0.033032 0.425696 0.101367 1.065222 0.579513 0.562580 1.166601 0.441675 0.233767
