0.123456 0.396825 -1.150793 -0.493660 -0.067236 -0.027210 -0.345204 -0.139703 0.415586 1.269178 0.415586 1.269178 0.352600 0.384549
0.135803 0.396825 -1.109634 -0.493660 -0.064831 -0.027210 -0.332858 -0.139703 0.419419 1.241066 0.003833 -0.028112 0.340521 0.397380
0.148148 0.396825 -1.068481 -0.493660 -0.062426 -0.027210 -0.320513 -0.139703 0.423578 1.213488 0.419744 1.241600 0.328465 0.411044
0.160494 0.396825 -1.027322 -0.493660 -0.060022 -0.027210 -0.308167 -0.139703 0.428052 1.186463 0.008308 -0.055137 0.316428 0.425625
0.172839 0.396825 -0.986169 -0.493660 -0.057617 -0.027210 -0.295822 -0.139703 0.432832 1.160020 0.424524 1.215157 0.304419 0.441206
0.197530 0.396825 -0.903856 -0.493660 -0.052808 -0.027210 -0.271131 -0.139703 0.443270 1.108929 0.018746 -0.106228 0.280485 0.475782
0.222222 0.380953 -0.821544 -0.549745 -0.047999 -0.030301 -0.246439 -0.155575 0.441031 1.042724 0.422284 1.148953 0.261581 0.563110
0.234568 0.380953 -0.780385 -0.549745 -0.045594 -0.030301 -0.234093 -0.155575 0.447379 1.018884 0.025094 -0.130069 0.249984 0.586561
0.259259 0.396825 -0.698072 -0.493660 -0.040785 -0.027210 -0.209401 -0.139703 0.474010 0.992081 0.448916 1.122150 0.221380 0.588340
0.271604 0.396825 -0.656919 -0.493660 -0.038381 -0.027210 -0.197057 -0.139703 0.480873 0.970588 0.031957 -0.151562 0.209742 0.616707
0.271604 0.412699 -0.656919 -0.437567 -0.038381 -0.024118 -0.197057 -0.123829 0.494054 0.988737 0.462097 1.140298 0.204849 0.561035
0.283951 0.428571 -0.615760 -0.381482 -0.035976 -0.021027 -0.184710 -0.107957 0.514102 0.985648 0.052005 -0.154651 0.189011 0.528921
0.283951 0.444445 -0.615760 -0.325388 -0.035976 -0.017935 -0.184710 -0.092083 0.527408 1.002272 0.475403 1.156923 0.186291 0.462469
0.283951 0.476191 -0.615760 -0.213209 -0.035976 -0.011752 -0.184710 -0.060337 0.554424 1.033105 0.079021 -0.123818 0.184863 0.315731
0.283951 0.492063 -0.615760 -0.157124 -0.035976 -0.008661 -0.184710 -0.044465 0.568114 1.047414 0.489093 1.171232 0.186187 0.236236
0.283951 0.507937 -0.615760 -0.101031 -0.035976 -0.005569 -0.184710 -0.028591 0.581918 1.061049 0.092824 -0.110183 0.188840 0.153571
0.283951 0.523809 -0.615760 -0.044946 -0.035976 -0.002477 -0.184710 -0.012719 0.595822 1.074047 0.502997 1.184231 0.192767 0.068753
0.271604 0.523809 -0.656919 -0.044946 -0.038381 -0.002477 -0.197057 -0.012719 0.590038 1.092445 0.087040 -0.091786 0.204628 0.064458
0.259259 0.539683 -0.698072 0.011148 -0.040785 0.000614 -0.209401 0.003155 0.598726 1.122958 0.511686 1.214744 0.221118 -0.015064
0.234568 0.539683 -0.780385 0.011148 -0.045594 0.000614 -0.234093 0.003155 0.588456 1.160788 0.076770 -0.053956 0.244629 -0.013476
0.222222 0.555555 -0.821544 0.067233 -0.047999 0.003706 -0.246439 0.019027 0.598351 1.190290 0.521581 1.244246 0.261310 -0.077053
0.209877 0.555555 -0.862697 0.067233 -0.050403 0.003706 -0.258784 0.019027 0.593877 1.209592 0.072295 -0.034654 0.272983 -0.073391
0.185186 0.555555 -0.945009 0.067233 -0.055213 0.003706 -0.283475 0.019027 0.585606 1.249045 0.513311 1.283699 0.296494 -0.067018
0.160494 0.555555 -1.027322 0.067233 -0.060022 0.003706 -0.308167 0.019027 0.578273 1.289563 0.064962 0.005864 0.320183 -0.061663
0.148148 0.539683 -1.068481 0.011148 -0.062426 0.000614 -0.320513 0.003155 0.559648 1.302887 0.494686 1.297023 0.328288 -0.009842
0.123456 0.523809 -1.150793 -0.044946 -0.067236 -0.002477 -0.345204 -0.012719 0.538161 1.339331 0.043475 0.042308 0.349582 0.036829
0.111112 0.523809 -1.191946 -0.044946 -0.069640 -0.002477 -0.357549 -0.012719 0.535464 1.361772 0.491989 1.319464 0.361777 0.035559
0.098765 0.507937 -1.233106 -0.101031 -0.072045 -0.005569 -0.369896 -0.028591 0.517450 1.378749 0.025462 0.059285 0.371975 0.077142
0.074074 0.492063 -1.315418 -0.157124 -0.076854 -0.008661 -0.394587 -0.044465 0.497607 1.421381 0.472146 1.362096 0.395280 0.112215
0.061729 0.460317 -1.356571 -0.269303 -0.079258 -0.014844 -0.406932 -0.076211 0.464438 1.437490 -0.007708 0.075394 0.407017 0.185138
0.049383 0.444445 -1.397730 -0.325388 -0.081663 -0.017935 -0.419278 -0.092083 0.447180 1.460140 0.454888 1.384745 0.419977 0.216190
0.037038 0.428571 -1.438883 -0.381482 -0.084067 -0.021027 -0.431623 -0.107957 0.430169 1.484589 -0.024720 0.099843 0.433481 0.245091
0.024691 0.396825 -1.480043 -0.493660 -0.086472 -0.027210 -0.443970 -0.139703 0.397593 1.508654 0.422312 1.408811 0.449744 0.304859
0.012345 0.380953 -1.521202 -0.549745 -0.088877 -0.030301 -0.456316 -0.155575 0.381153 1.538403 -0.041159 0.129592 0.464669 0.328578
0.012345 0.365079 -1.521202 -0.605839 -0.088877 -0.033393 -0.456316 -0.171449 0.365288 1.536995 0.406447 1.407404 0.467925 0.359405
0.000000 0.333333 -1.562355 -0.718017 -0.091281 -0.039576 -0.468661 -0.203195 0.333333 1.570796 -0.073114 0.163393 0.487808 0.409103
0.000000 0.317462 -1.562355 -0.774102 -0.091281 -0.042668 -0.468661 -0.219067 0.317462 1.570796 0.390575 1.407404 0.492447 0.437255
0.000000 0.285716 -1.562355 -0.886281 -0.091281 -0.048851 -0.468661 -0.250813 0.285716 1.570796 -0.104860 0.163393 0.503102 0.491385
0.000000 0.269841 -1.562355 -0.942374 -0.091281 -0.051943 -0.468661 -0.266687 0.269841 1.570796 0.374701 1.407404 0.509089 0.517344
0.012345 0.238096 -1.521202 -1.054553 -0.088877 -0.058126 -0.456316 -0.298433 0.238415 1.518995 -0.136286 0.111591 0.511258 0.579185
0.024691 0.222221 -1.480043 -1.110646 -0.086472 -0.061218 -0.443970 -0.314307 0.223589 1.460139 0.359875 1.348548 0.507781 0.616040
0.037038 0.206350 -1.438883 -1.166732 -0.084067 -0.064309 -0.431623 -0.330179 0.209647 1.393197 -0.150227 0.044649 0.505080 0.653013
0.049383 0.174604 -1.397730 -1.278910 -0.081663 -0.070492 -0.419278 -0.361925 0.181453 1.295168 0.331680 1.250519 0.512117 0.712112
0.061729 0.158730 -1.356571 -1.335004 -0.079258 -0.073584 -0.406932 -0.377799 0.170310 1.199900 -0.161370 -0.050620 0.511518 0.748290
0.111112 0.111112 -1.191946 -1.503267 -0.069640 -0.082858 -0.357549 -0.425416 0.157136 0.785399 0.318506 0.836019 0.505651 0.871862
0.135803 0.095238 -1.109634 -1.559361 -0.064831 -0.085950 -0.332858 -0.441291 0.165869 0.611593 -0.152636 -0.224425 0.500239 0.924560
0.160494 0.063492 -1.027322 -1.671539 -0.060022 -0.092133 -0.308167 -0.473036 0.172597 0.376709 0.325233 0.601134 0.509047 0.993392
0.185186 0.047620 -0.945009 -1.727624 -0.055213 -0.095225 -0.283475 -0.488908 0.191210 0.251695 -0.134023 -0.349440 0.507576 1.045353
0.209877 0.031746 -0.862697 -1.783718 -0.050403 -0.098317 -0.258784 -0.504782 0.212264 0.150122 0.346287 0.499561 0.507803 1.097069
0.246913 0.015874 -0.739232 -1.839803 -0.043190 -0.101408 -0.221748 -0.520654 0.247423 0.064202 -0.098864 -0.435359 0.504171 1.168161
0.271604 0.015874 -0.656919 -1.839803 -0.038381 -0.101408 -0.197057 -0.520654 0.272068 0.058380 0.370932 0.493739 0.493809 1.208979
0.296295 0.000000 -0.574607 -1.895896 -0.033572 -0.104500 -0.172365 -0.536528 0.296295 0.000000 -0.074636 -0.493739 0.499352 1.259950
0.320987 0.000000 -0.492295 -1.895896 -0.028762 -0.104500 -0.147674 -0.536528 0.320987 0.000000 0.395623 0.493739 0.491376 1.302207
0.345678 0.000000 -0.409983 -1.895896 -0.023953 -0.104500 -0.122983 -0.536528 0.345678 0.000000 -0.049945 -0.493739 0.484528 1.345469
0.395061 0.000000 -0.245358 -1.895896 -0.014335 -0.104500 -0.073600 -0.536528 0.395061 0.000000 0.445006 0.493739 0.474405 1.434469
0.419754 0.000000 -0.163039 -1.895896 -0.009526 -0.104500 -0.048907 -0.536528 0.419754 0.000000 -0.025252 -0.493739 0.471206 1.479893
0.444445 0.000000 -0.080727 -1.895896 -0.004717 -0.104500 -0.024216 -0.536528 0.444445 0.000000 0.469697 0.493739 0.469286 1.525693
0.469136 0.015874 0.001585 -1.839803 0.000093 -0.101408 0.000476 -0.520654 0.469405 0.033824 -0.000292 -0.459915 0.452787 -1.569883
0.481481 0.031746 0.042738 -1.783718 0.002497 -0.098317 0.012820 -0.504782 0.482526 0.065839 0.482819 0.525753 0.437103 -1.545404
0.506172 0.047620 0.125051 -1.727624 0.007306 -0.095225 0.037512 -0.488908 0.508407 0.093803 0.025589 -0.431951 0.422708 -1.494221
0.543210 0.079366 0.248522 -1.615446 0.014520 -0.089042 0.074549 -0.457162 0.548978 0.145079 0.523389 0.577030 0.396369 -1.409149
0.555555 0.095238 0.289675 -1.559361 0.016924 -0.085950 0.086894 -0.441291 0.563659 0.169778 0.040270 -0.407252 0.383400 -1.376375
0.567902 0.111112 0.330835 -1.503267 0.019329 -0.082858 0.099241 -0.425416 0.578669 0.193213 0.538399 0.600464 0.371066 -1.341616
0.592593 0.142858 0.413147 -1.391089 0.024138 -0.076675 0.123932 -0.393670 0.609569 0.236559 0.071170 -0.363906 0.348578 -1.265807
0.604938 0.174604 0.454300 -1.278910 0.026543 -0.070492 0.136277 -0.361925 0.629632 0.280994 0.558461 0.644900 0.324100 -1.210682
0.617284 0.190476 0.495459 -1.222825 0.028947 -0.067401 0.148623 -0.346053 0.646004 0.299301 0.087542 -0.345599 0.315398 -1.165136
0.629629 0.222221 0.536612 -1.110646 0.031352 -0.061218 0.160968 -0.314307 0.667694 0.339292 0.580151 0.684891 0.294352 -1.097487
0.629629 0.238096 0.536612 -1.054553 0.031352 -0.058126 0.160968 -0.298433 0.673143 0.361531 0.092992 -0.323360 0.281196 -1.076145
0.641975 0.285716 0.577771 -0.886281 0.033757 -0.048851 0.173315 -0.250813 0.702685 0.418736 0.609693 0.742095 0.252006 -0.966128
0.641975 0.317462 0.577771 -0.774102 0.033757 -0.042668 0.173315 -0.219067 0.716180 0.459244 0.106488 -0.282851 0.229998 -0.901475
0.641975 0.365079 0.577771 -0.605839 0.033757 -0.033393 0.173315 -0.171449 0.738522 0.517072 0.632035 0.799924 0.201909 -0.779987
0.641975 0.380953 0.577771 -0.549745 0.033757 -0.030301 0.173315 -0.155575 0.746497 0.535558 0.114462 -0.264365 0.194243 -0.731512
0.641975 0.396825 0.577771 -0.493660 0.033757 -0.027210 0.173315 -0.139703 0.754720 0.553645 0.640258 0.818010 0.187612 -0.678429
0.629629 0.428571 0.536612 -0.381482 0.031352 -0.021027 0.160968 -0.107957 0.761647 0.597636 0.121389 -0.220374 0.165885 -0.590772
0.617284 0.460317 0.495459 -0.269303 0.028947 -0.014844 0.148623 -0.076211 0.770020 0.640752 0.648632 0.861126 0.148857 -0.473820
0.604938 0.476191 0.454300 -0.213209 0.026543 -0.011752 0.136277 -0.060337 0.769875 0.666871 0.121243 -0.194255 0.136485 -0.416812
0.592593 0.492063 0.413147 -0.157124 0.024138 -0.008661 0.123932 -0.044465 0.770255 0.692979 0.649011 0.887233 0.126122 -0.344482
0.567902 0.523809 0.330835 -0.044946 0.019329 -0.002477 0.099241 -0.012719 0.772585 0.745031 0.123574 -0.142202 0.113534 -0.127472
0.543210 0.539683 0.248522 0.011148 0.014520 0.000614 0.074549 0.003155 0.765725 0.782141 0.642151 0.924343 0.102965 0.042292
0.518519 0.555555 0.166210 0.067233 0.009711 0.003706 0.049858 0.019027 0.759936 0.819866 0.117785 -0.104477 0.100182 0.364556
0.506172 0.555555 0.125051 0.067233 0.007306 0.003706 0.037512 0.019027 0.751566 0.831876 0.633781 0.936353 0.094645 0.469405
0.481481 0.555555 0.042738 0.067233 0.002497 0.003706 0.012820 0.019027 0.735163 0.856705 0.101382 -0.079647 0.087835 0.977865
0.456790 0.555555 -0.039574 0.067233 -0.002312 0.003706 -0.011871 0.019027 0.719234 0.882651 0.617852 0.962298 0.087701 -1.012973
0.444445 0.555555 -0.080727 0.067233 -0.004717 0.003706 -0.024216 0.019027 0.711458 0.896054 0.093606 -0.066244 0.090205 -0.665965
0.419754 0.523809 -0.163039 -0.044946 -0.009526 -0.002477 -0.048907 -0.012719 0.671244 0.895233 0.577639 0.961478 0.073710 0.254437
0.407407 0.507937 -0.204199 -0.101031 -0.011930 -0.005569 -0.061254 -0.028591 0.651138 0.894787 0.073499 -0.066690 0.072764 0.436710
0.407407 0.492063 -0.204199 -0.157124 -0.011930 -0.008661 -0.061254 -0.044465 0.638832 0.879239 0.565333 0.945929 0.065572 0.627912
0.407407 0.460317 -0.204199 -0.269303 -0.011930 -0.014844 -0.061254 -0.076211 0.614713 0.846298 0.049381 -0.099631 0.061819 0.893782
0.407407 0.428571 -0.204199 -0.381482 -0.011930 -0.021027 -0.061254 -0.107957 0.591315 0.810709 0.541935 0.910340 0.073207 1.054701
0.419754 0.412699 -0.163039 -0.437567 -0.009526 -0.024118 -0.048907 -0.123829 0.588654 0.776924 0.046720 -0.133416 0.074321 1.194645
0.456790 0.396825 -0.039574 -0.493660 -0.002312 -0.027210 -0.011871 -0.139703 0.605084 0.715266 0.558365 0.848682 0.072810 1.486027
0.481481 0.396825 0.042738 -0.493660 0.002497 -0.027210 0.012820 -0.139703 0.623934 0.689310 0.065570 -0.159372 0.072971 -1.479285
0.493828 0.396825 0.083898 -0.493660 0.004902 -0.027210 0.025167 -0.139703 0.633511 0.676914 0.567941 0.836286 0.076117 -1.392563
0.506172 0.396825 0.125051 -0.493660 0.007306 -0.027210 0.037512 -0.139703 0.643180 0.664891 0.075239 -0.171395 0.081040 -1.308475
0.543210 0.412699 0.248522 -0.437567 0.014520 -0.024118 0.074549 -0.123829 0.682201 0.649707 0.606962 0.821102 0.093216 -1.028882
0.580246 0.444445 0.371988 -0.325388 0.021734 -0.017935 0.111585 -0.092083 0.730902 0.653637 0.123940 -0.167464 0.114183 -0.689934
0.592593 0.460317 0.413147 -0.269303 0.024138 -0.014844 0.123932 -0.076211 0.750372 0.660424 0.626432 0.827888 0.124213 -0.551335
0.604938 0.476191 0.454300 -0.213209 0.026543 -0.011752 0.136277 -0.060337 0.769875 0.666871 0.143443 -0.161017 0.136485 -0.416812
0.604938 0.523809 0.454300 -0.044946 0.026543 -0.002477 0.136277 -0.012719 0.800203 0.713647 0.656760 0.874664 0.147012 -0.093066
0.617284 0.571429 0.495459 0.123326 0.028947 0.006798 0.148623 0.034901 0.841172 0.746842 0.184412 -0.127822 0.180694 0.230647
0.617284 0.603175 0.495459 0.235505 0.028947 0.012981 0.148623 0.066647 0.863052 0.773838 0.678641 0.901660 0.200457 0.421544
0.617284 0.666667 0.495459 0.459862 0.028947 0.025347 0.148623 0.130138 0.908562 0.823841 0.229921 -0.077819 0.247579 0.719184
0.604938 0.698413 0.454300 0.572041 0.026543 0.031530 0.136277 0.161884 0.923975 0.856995 0.694054 0.934814 0.267128 0.871073
0.592593 0.761904 0.413147 0.796398 0.024138 0.043897 0.123932 0.225376 0.965228 0.909753 0.271174 -0.025061 0.318357 1.068038
0.580246 0.809524 0.371988 0.964670 0.021734 0.053172 0.111585 0.272996 0.996000 0.948901 0.724826 0.973962 0.358663 1.182775
0.555555 0.857142 0.289675 1.132933 0.016924 0.062446 0.086894 0.320614 1.021437 0.995724 0.296611 0.021762 0.398081 1.306130
0.518519 0.904762 0.166210 1.301206 0.009711 0.071721 0.049858 0.368234 1.042812 1.050391 0.746201 1.028629 0.438942 1.436217
0.506172 0.920634 0.125051 1.357291 0.007306 0.074812 0.037512 0.384106 1.050608 1.068100 0.304407 0.039471 0.453527 1.473446
0.456790 0.952380 -0.039574 1.469469 -0.002312 0.080995 -0.011871 0.415852 1.056260 1.123577 0.751852 1.084106 0.483865 -1.542258
0.407407 0.968254 -0.204199 1.525563 -0.011930 0.084087 -0.061254 0.431726 1.050474 1.172518 0.298622 0.088412 0.503334 -1.429856
0.382716 0.968254 -0.286511 1.525563 -0.016740 0.084087 -0.085945 0.431726 1.041147 1.194379 0.742525 1.105967 0.506932 -1.374292
0.345678 0.968254 -0.409983 1.525563 -0.023953 0.084087 -0.122983 0.431726 1.028110 1.227889 0.285585 0.121921 0.514508 -1.293284
0.320987 0.968254 -0.492295 1.525563 -0.028762 0.084087 -0.147674 0.431726 1.020073 1.250687 0.734488 1.128766 0.520962 -1.241217
0.308642 0.968254 -0.533448 1.525563 -0.031167 0.084087 -0.160019 0.431726 1.016256 1.262217 0.281768 0.133452 0.524595 -1.215846
0.296295 0.952380 -0.574607 1.469469 -0.033572 0.080995 -0.172365 0.415852 0.997406 1.269178 0.715638 1.135726 0.513511 -1.177863
0.308642 0.936508 -0.533448 1.413384 -0.031167 0.077904 -0.160019 0.399980 0.986057 1.252439 0.270418 0.116713 0.494456 -1.190232
0.320987 0.920634 -0.492295 1.357291 -0.028762 0.074812 -0.147674 0.384106 0.974987 1.235317 0.704569 1.118604 0.475486 -1.203756
0.345678 0.904762 -0.409983 1.301206 -0.023953 0.071721 -0.122983 0.368234 0.968549 1.205846 0.263981 0.087242 0.453111 -1.248464
0.395061 0.904762 -0.245358 1.301206 -0.014335 0.071721 -0.073600 0.368234 0.987253 1.159103 0.723272 1.071861 0.442269 -1.373522
0.456790 0.904762 -0.039574 1.301206 -0.002312 0.071721 -0.011871 0.368234 1.013534 1.103258 0.290263 0.031397 0.436263 -1.538570
0.518519 0.920634 0.166210 1.357291 0.009711 0.074812 0.049858 0.384106 1.056612 1.057861 0.766349 1.026463 0.454715 1.441715
0.592593 0.936508 0.413147 1.413384 0.024138 0.077904 0.123932 0.399980 1.108248 1.006630 0.341899 -0.019833 0.483984 1.270332
0.654320 0.952380 0.618925 1.469469 0.036161 0.080995 0.185659 0.415852 1.155492 0.968824 0.813594 0.988657 0.518125 1.150894
0.703703 0.952380 0.783549 1.469469 0.045779 0.080995 0.235042 0.415852 1.184156 0.934445 0.370562 -0.054212 0.537800 1.056354
0.765432 0.952380 0.989333 1.469469 0.057802 0.080995 0.296771 0.415852 1.221848 0.893801 0.851286 0.948013 0.567501 0.950970
0.802470 0.952380 1.112805 1.469469 0.065016 0.080995 0.333809 0.415852 1.245386 0.870618 0.394099 -0.077395 0.587718 0.894404
0.814814 0.952380 1.153958 1.469469 0.067420 0.080995 0.346154 0.415852 1.253375 0.863086 0.859276 0.940481 0.594816 0.876611
0.864197 0.968254 1.318582 1.525563 0.077039 0.084087 0.395536 0.431726 1.297826 0.842123 0.438550 -0.098358 0.637214 0.829117
0.888888 0.968254 1.400895 1.525563 0.081848 0.084087 0.420227 0.431726 1.314397 0.828108 0.875847 0.926465 0.652828 0.798894
0.901235 0.968254 1.442054 1.525563 0.084253 0.084087 0.432574 0.431726 1.322777 0.821232 0.446931 -0.105234 0.660843 0.784417
0.913580 0.968254 1.483207 1.525563 0.086657 0.084087 0.444919 0.431726 1.331219 0.814444 0.884288 0.919678 0.668989 0.770350
0.925926 0.968254 1.524366 1.525563 0.089062 0.084087 0.457265 0.431726 1.339722 0.807741 0.455434 -0.111937 0.677263 0.756677
0.913580 0.968254 1.483207 1.525563 0.086657 0.084087 0.444919 0.431726 1.331219 0.814444 0.875785 0.926381 0.668989 0.770350
0.901235 0.968254 1.442054 1.525563 0.084253 0.084087 0.432574 0.431726 1.322777 0.821232 0.446993 -0.105149 0.660843 0.784417
0.864197 0.952380 1.318582 1.469469 0.077039 0.080995 0.395536 0.415852 1.286026 0.833904 0.839034 0.939052 0.624846 0.810431
0.839506 0.936508 1.236270 1.413384 0.072230 0.077904 0.370845 0.399980 1.257703 0.839962 0.418669 -0.099090 0.596998 0.823177
0.814814 0.904762 1.153958 1.301206 0.067420 0.071721 0.346154 0.368234 1.217587 0.837659 0.798917 0.936749 0.556783 0.816296
0.790123 0.825396 1.071645 1.020755 0.062611 0.056263 0.321462 0.288868 1.142617 0.807229 0.343700 -0.129520 0.480206 0.732044
0.790123 0.761904 1.071645 0.796398 0.062611 0.043897 0.321462 0.225376 1.097631 0.767218 0.753931 0.896739 0.435120 0.611462
0.790123 0.714284 1.071645 0.628126 0.062611 0.034622 0.321462 0.177756 1.065128 0.735030 0.311197 -0.161709 0.404560 0.505114
0.802470 0.682538 1.112805 0.515947 0.065016 0.028438 0.333809 0.146010 1.053478 0.704812 0.742281 0.866521 0.396449 0.412332
0.827161 0.650793 1.195117 0.403768 0.069825 0.022255 0.358500 0.114264 1.052486 0.666627 0.310204 -0.199894 0.402112 0.308549
0.851852 0.634921 1.277429 0.347683 0.074634 0.019164 0.383191 0.098392 1.062439 0.640513 0.752235 0.840407 0.417706 0.251341
0.888888 0.634921 1.400895 0.347683 0.081848 0.019164 0.420227 0.098392 1.092358 0.620250 0.340124 -0.220157 0.451922 0.229998
0.913580 0.634921 1.483207 0.347683 0.086657 0.019164 0.444919 0.098392 1.112543 0.607350 0.772419 0.827507 0.474968 0.217644
0.950617 0.666667 1.606679 0.459862 0.093871 0.025347 0.481957 0.130138 1.161085 0.611597 0.388665 -0.215910 0.521046 0.263731
0.975309 0.698413 1.688991 0.572041 0.098680 0.031530 0.506648 0.161884 1.199586 0.621446 0.810921 0.837355 0.556307 0.309268
1.000000 0.777779 1.771303 0.852491 0.103489 0.046988 0.531339 0.241250 1.266862 0.661044 0.455941 -0.176312 0.614715 0.426210
1.000000 0.809524 1.771303 0.964670 0.103489 0.053172 0.531339 0.272996 1.286596 0.680522 0.830655 0.856833 0.631276 0.474618
1.000000 0.873016 1.771303 1.189027 0.103489 0.065538 0.531339 0.336488 1.327463 0.717705 0.496808 -0.139128 0.667701 0.564533
1.000000 0.904762 1.771303 1.301206 0.103489 0.071721 0.531339 0.368234 1.348553 0.735440 0.851745 0.874568 0.687391 0.606033
0.987653 0.952380 1.730144 1.469469 0.101084 0.080995 0.518993 0.415852 1.372037 0.767218 0.520292 -0.107350 0.709463 0.675513
0.962962 0.968254 1.647832 1.525563 0.096275 0.084087 0.494301 0.431726 1.365581 0.788138 0.845289 0.895488 0.702800 0.717927
0.938271 0.984126 1.565519 1.581648 0.091466 0.087179 0.469610 0.447598 1.359726 0.809247 0.514438 -0.086241 0.697308 0.761403
0.901235 1.000000 1.442054 1.637741 0.084253 0.090270 0.432574 0.463472 1.346189 0.837299 0.831751 0.923541 0.685158 0.819867
0.876544 1.000000 1.359742 1.637741 0.079443 0.090270 0.407883 0.463472 1.329785 0.851093 0.498034 -0.072448 0.669843 0.849108
