0.137256 0.538462 -0.907812 0.187600 -0.072663 0.012203 -0.308565 0.051822 0.555681 1.321208 0.555681 1.321208 0.322172 -0.166392
0.156863 0.538462 -0.850130 0.187600 -0.068046 0.012203 -0.288958 0.051822 0.560845 1.287326 0.005165 -0.033882 0.303446 -0.177454
0.176472 0.564101 -0.792438 0.280416 -0.063429 0.018241 -0.269349 0.077461 0.591061 1.267604 0.585896 1.301486 0.294175 -0.280029
0.196078 0.615387 -0.734755 0.466075 -0.058811 0.030318 -0.249743 0.128747 0.645870 1.262341 0.059974 -0.039146 0.301868 -0.475984
0.196078 0.641026 -0.734755 0.558891 -0.058811 0.036356 -0.249743 0.154386 0.670344 1.273952 0.610370 1.313098 0.316980 -0.553680
0.215687 0.692308 -0.677064 0.744536 -0.054194 0.048432 -0.230133 0.205668 0.725129 1.268779 0.114759 -0.044319 0.337220 -0.729317
0.215687 0.717951 -0.677064 0.837366 -0.054194 0.054471 -0.230133 0.231311 0.749650 1.278954 0.634891 1.323273 0.356393 -0.787949
0.215687 0.769233 -0.677064 1.023012 -0.054194 0.066547 -0.230133 0.282593 0.798900 1.297423 0.164008 -0.025849 0.396934 -0.887358
0.196078 0.794872 -0.734755 1.115828 -0.058811 0.072585 -0.249743 0.308232 0.818699 1.328946 0.654691 1.354795 0.429195 -0.889840
0.176472 0.794872 -0.792438 1.115828 -0.063429 0.072585 -0.269349 0.308232 0.814226 1.352327 0.159535 -0.002468 0.440892 -0.852617
0.156863 0.820515 -0.850130 1.208657 -0.068046 0.078624 -0.288958 0.333875 0.835375 1.381900 0.675839 1.384368 0.473173 -0.857390
0.137256 0.820515 -0.907812 1.208657 -0.072663 0.078624 -0.308565 0.333875 0.831916 1.405050 0.156077 0.020682 0.485395 -0.824774
0.117647 0.820515 -0.965504 1.208657 -0.077281 0.078624 -0.328174 0.333875 0.828906 1.428385 0.672830 1.407703 0.498090 -0.794008
0.078431 0.794872 -1.080878 1.115828 -0.086516 0.072585 -0.367390 0.308232 0.798732 1.472443 0.125903 0.064740 0.506766 -0.698060
0.058825 0.743590 -1.138561 0.930182 -0.091133 0.060509 -0.386996 0.256950 0.745913 1.491851 0.620011 1.427111 0.488295 -0.586126
0.019609 0.666669 -1.253935 0.651721 -0.100368 0.042395 -0.426212 0.180029 0.666958 1.541391 0.046947 0.114280 0.480032 -0.399660
0.000000 0.538462 -1.311627 0.187600 -0.104986 0.012203 -0.445821 0.051822 0.538462 1.570796 0.491516 1.456517 0.455345 -0.115720
0.000000 0.435899 -1.311627 -0.183691 -0.104986 -0.011949 -0.445821 -0.050742 0.435899 1.570796 -0.055617 0.114280 0.445931 0.113329
0.000000 0.384617 -1.311627 -0.369337 -0.104986 -0.024025 -0.445821 -0.102024 0.384617 1.570796 0.440234 1.456517 0.450002 0.224971
0.019609 0.307692 -1.253935 -0.647812 -0.100368 -0.042140 -0.426212 -0.178949 0.308316 1.507152 -0.131918 0.050635 0.448036 0.397508
0.039216 0.230771 -1.196253 -0.926273 -0.095751 -0.060254 -0.406605 -0.255870 0.234079 1.402471 0.365997 1.351836 0.459972 0.561674
0.078431 0.179489 -1.080878 -1.111919 -0.086516 -0.072331 -0.367390 -0.307152 0.195877 1.158831 -0.170120 -0.193005 0.453771 0.696333
0.098041 0.128207 -1.023187 -1.297564 -0.081898 -0.084407 -0.347780 -0.358434 0.161397 0.917949 0.331517 1.110954 0.470988 0.800482
0.137256 0.102564 -0.907812 -1.390394 -0.072663 -0.090446 -0.308565 -0.384077 0.171344 0.641735 -0.160173 -0.469219 0.461560 0.893990
0.156863 0.076925 -0.850130 -1.483210 -0.068046 -0.096483 -0.288958 -0.409716 0.174709 0.455936 0.334883 0.925155 0.468595 0.956545
0.176472 0.051282 -0.792438 -1.576039 -0.063429 -0.102522 -0.269349 -0.435359 0.183772 0.282807 -0.151111 -0.642348 0.477713 1.016752
0.196078 0.025643 -0.734755 -1.668855 -0.058811 -0.108560 -0.249743 -0.460998 0.197748 0.130041 0.348858 0.772389 0.488795 1.074314
0.215687 0.025643 -0.677064 -1.668855 -0.054194 -0.108560 -0.230133 -0.460998 0.217206 0.118334 -0.131652 -0.654055 0.479073 1.107783
0.235294 0.025643 -0.619381 -1.668855 -0.049577 -0.108560 -0.210527 -0.460998 0.236687 0.108554 0.368339 0.762609 0.469969 1.142404
0.254903 0.025643 -0.561689 -1.668855 -0.044959 -0.108560 -0.190918 -0.460998 0.256190 0.100261 -0.112149 -0.662348 0.461518 1.178160
0.274509 0.000000 -0.504007 -1.761685 -0.040342 -0.114598 -0.171311 -0.486641 0.274509 0.000000 0.386659 0.662348 0.477602 1.232315
0.294119 0.000000 -0.446315 -1.761685 -0.035724 -0.114598 -0.151702 -0.486641 0.294119 0.000000 -0.092540 -0.662348 0.470924 1.268610
0.313725 0.000000 -0.388632 -1.761685 -0.031107 -0.114598 -0.132096 -0.486641 0.313725 0.000000 0.406265 0.662348 0.464979 1.305739
0.333334 0.000000 -0.330941 -1.761685 -0.026489 -0.114598 -0.112486 -0.486641 0.333334 0.000000 -0.072931 -0.662348 0.459793 1.343637
0.352941 0.000000 -0.273258 -1.761685 -0.021872 -0.114598 -0.092880 -0.486641 0.352941 0.000000 0.425871 0.662348 0.455393 1.382205
0.392156 0.000000 -0.157884 -1.761685 -0.012637 -0.114598 -0.053665 -0.486641 0.392156 0.000000 -0.033715 -0.662348 0.449039 1.460965
0.411766 0.000000 -0.100192 -1.761685 -0.008020 -0.114598 -0.034055 -0.486641 0.411766 0.000000 0.445481 0.662348 0.447120 1.500930
0.431372 0.025643 -0.042509 -1.668855 -0.003403 -0.108560 -0.014449 -0.460998 0.432133 0.059375 -0.013347 -0.602973 0.420426 1.539464
0.450981 0.025643 0.015182 -1.668855 0.001215 -0.108560 0.005160 -0.460998 0.451710 0.056799 0.465057 0.659772 0.420210 -1.559603
0.470588 0.051282 0.072865 -1.576039 0.005832 -0.102522 0.024767 -0.435359 0.473373 0.108546 0.008317 -0.551226 0.395315 -1.513969
0.509803 0.051282 0.188239 -1.576039 0.015067 -0.102522 0.063982 -0.435359 0.512376 0.100254 0.504059 0.651480 0.399693 -1.424876
0.529412 0.076925 0.245931 -1.483210 0.019685 -0.096483 0.083592 -0.409716 0.534972 0.144293 0.030913 -0.507188 0.378248 -1.369535
0.549019 0.102564 0.303614 -1.390394 0.024302 -0.090446 0.103198 -0.384077 0.558517 0.184684 0.527604 0.691872 0.358434 -1.308305
0.549019 0.179489 0.303614 -1.111919 0.024302 -0.072331 0.103198 -0.307152 0.577614 0.315973 0.050010 -0.375899 0.285627 -1.246662
0.549019 0.230771 0.303614 -0.926273 0.024302 -0.060254 0.103198 -0.255870 0.595547 0.397911 0.545538 0.773810 0.238530 -1.187429
0.549019 0.282053 0.303614 -0.740628 0.024302 -0.048178 0.103198 -0.204588 0.617232 0.474579 0.071694 -0.299231 0.193571 -1.103620
0.529412 0.307692 0.245931 -0.647812 0.019685 -0.042140 0.083592 -0.178949 0.612333 0.526477 0.540639 0.825708 0.161453 -1.133792
0.509803 0.358974 0.188239 -0.462166 0.015067 -0.030064 0.063982 -0.127667 0.623507 0.613500 0.082869 -0.212208 0.107871 -1.106216
0.490197 0.384617 0.130556 -0.369337 0.010450 -0.024025 0.044376 -0.102024 0.623075 0.665290 0.540207 0.877498 0.075599 -1.160523
0.431372 0.410256 -0.042509 -0.276521 -0.003403 -0.017988 -0.014449 -0.076385 0.595308 0.760314 0.055101 -0.117185 0.038388 1.383846
0.411766 0.410256 -0.100192 -0.276521 -0.008020 -0.017988 -0.034055 -0.076385 0.581258 0.783561 0.526157 0.900746 0.049241 1.151410
0.392156 0.410256 -0.157884 -0.276521 -0.012637 -0.017988 -0.053665 -0.076385 0.567535 0.807951 0.041379 -0.092796 0.064380 0.958359
0.392156 0.384617 -0.157884 -0.369337 -0.012637 -0.024025 -0.053665 -0.102024 0.549287 0.775692 0.507909 0.868488 0.081399 1.086567
0.372550 0.333335 -0.215566 -0.554982 -0.017254 -0.036102 -0.073271 -0.153306 0.499905 0.729900 -0.008003 -0.138587 0.134245 1.124953
0.372550 0.282053 -0.215566 -0.740628 -0.017254 -0.048178 -0.073271 -0.204588 0.467276 0.648021 0.475280 0.786609 0.179412 1.226889
0.392156 0.256410 -0.157884 -0.833457 -0.012637 -0.054217 -0.053665 -0.230231 0.468543 0.579074 -0.006737 -0.207534 0.196867 1.341795
0.411766 0.230771 -0.100192 -0.926273 -0.008020 -0.060254 -0.034055 -0.255870 0.472023 0.510825 0.478760 0.718359 0.217730 1.438478
0.431372 0.205128 -0.042509 -1.019103 -0.003403 -0.066293 -0.014449 -0.281513 0.477660 0.443876 -0.001100 -0.274483 0.241126 1.519515
0.509803 0.153846 0.188239 -1.204748 0.015067 -0.078369 0.063982 -0.332795 0.532511 0.293084 0.533611 0.567568 0.298903 -1.380856
0.549019 0.153846 0.303614 -1.204748 0.024302 -0.078369 0.103198 -0.332795 0.570167 0.273212 0.036556 -0.294355 0.309676 -1.270104
0.568628 0.153846 0.361305 -1.204748 0.028920 -0.078369 0.122807 -0.332795 0.589073 0.264230 0.552516 0.558585 0.316751 -1.217280
0.627453 0.230771 0.534371 -0.926273 0.042772 -0.060254 0.181632 -0.255870 0.668545 0.352434 0.116029 -0.206151 0.281490 -0.953482
0.647059 0.282053 0.592054 -0.740628 0.047389 -0.048178 0.201239 -0.204588 0.705861 0.411066 0.589832 0.617217 0.259455 -0.793651
0.666669 0.461538 0.649745 -0.090875 0.052007 -0.005911 0.220848 -0.025103 0.810842 0.605542 0.221009 -0.011675 0.221406 -0.113181
0.666669 0.564101 0.649745 0.280416 0.052007 0.018241 0.220848 0.077461 0.873303 0.702255 0.652293 0.713929 0.250528 0.337337
0.647059 0.641026 0.592054 0.558891 0.047389 0.036356 0.201239 0.154386 0.910824 0.780714 0.258531 0.066785 0.280361 0.654405
0.627453 0.717951 0.534371 0.837366 0.042772 0.054471 0.181632 0.231311 0.953494 0.852562 0.694964 0.785777 0.327178 0.905126
0.568628 0.846154 0.361305 1.301473 0.028920 0.084661 0.122807 0.359514 1.019468 0.979100 0.324504 0.193324 0.418746 1.241631
0.549019 0.871797 0.303614 1.394303 0.024302 0.090700 0.103198 0.385156 1.030268 1.008785 0.705763 0.815461 0.438299 1.309008
0.470588 0.923079 0.072865 1.579948 0.005832 0.102776 0.024767 0.436438 1.036112 1.099338 0.330348 0.283877 0.477900 1.514110
0.450981 0.948718 0.015182 1.672764 0.001215 0.108814 0.005160 0.462077 1.050452 1.127056 0.720104 0.843179 0.502924 1.559629
0.411766 0.974361 -0.100192 1.765594 -0.008020 0.114852 -0.034055 0.487720 1.057795 1.170960 0.337691 0.327781 0.529636 -1.501084
0.392156 0.974361 -0.157884 1.765594 -0.012637 0.114852 -0.053665 0.487720 1.050317 1.188158 0.712626 0.860377 0.531258 -1.461206
0.411766 0.974361 -0.100192 1.765594 -0.008020 0.114852 -0.034055 0.487720 1.057795 1.170960 0.345169 0.310583 0.529636 -1.501084
0.450981 0.974361 0.015182 1.765594 0.001215 0.114852 0.005160 0.487720 1.073668 1.137309 0.728499 0.826726 0.528565 1.560216
0.529412 0.974361 0.245931 1.765594 0.019685 0.114852 0.083592 0.487720 1.108899 1.073078 0.380400 0.246352 0.535110 1.401053
0.588234 0.974361 0.418988 1.765594 0.033537 0.114852 0.142414 0.487720 1.138156 1.027651 0.757756 0.781299 0.547390 1.286696
0.647059 0.974361 0.592054 1.765594 0.047389 0.114852 0.201239 0.487720 1.169643 0.984583 0.411887 0.203283 0.565554 1.179466
0.686275 1.000000 0.707428 1.858410 0.056624 0.120890 0.240454 0.513359 1.212837 0.969341 0.800950 0.766058 0.604097 1.132752
0.803922 1.000000 1.053551 1.858410 0.084329 0.120890 0.358101 0.513359 1.283078 0.893669 0.482128 0.127611 0.659811 0.961707
0.843137 0.974361 1.168925 1.765594 0.093563 0.114852 0.397317 0.487720 1.288511 0.857473 0.806382 0.729863 0.661223 0.887192
0.921569 0.923079 1.399674 1.579948 0.112033 0.102776 0.475748 0.436438 1.304363 0.786217 0.497981 0.056354 0.673878 0.742331
0.960784 0.897436 1.515048 1.487119 0.121268 0.096737 0.514964 0.410796 1.314724 0.751321 0.816743 0.694966 0.684941 0.673348
1.000000 0.794872 1.630423 1.115828 0.130503 0.072585 0.554179 0.308232 1.277428 0.671606 0.460685 -0.023360 0.654944 0.507587
1.000000 0.743590 1.630423 0.930182 0.130503 0.060509 0.554179 0.256950 1.246165 0.639386 0.785480 0.662746 0.629111 0.434154
1.000000 0.641026 1.630423 0.558891 0.130503 0.036356 0.554179 0.154386 1.187819 0.570041 0.402340 -0.092705 0.587554 0.271696
1.000000 0.615387 1.630423 0.466075 0.130503 0.030318 0.554179 0.128747 1.174181 0.551657 0.771841 0.644362 0.579541 0.228270
0.941178 0.564101 1.457366 0.280416 0.116651 0.018241 0.495357 0.077461 1.097281 0.539946 0.325440 -0.104416 0.509283 0.155118
0.901962 0.615387 1.341991 0.466075 0.107416 0.030318 0.456142 0.128747 1.091896 0.598731 0.766456 0.703147 0.486639 0.275095
0.862747 0.641026 1.226617 0.558891 0.098181 0.036356 0.416926 0.154386 1.074824 0.639010 0.308368 -0.064137 0.460361 0.354640
0.862747 0.692308 1.226617 0.744536 0.098181 0.048432 0.416926 0.205668 1.106175 0.676231 0.797807 0.740368 0.484338 0.458270
0.843137 0.769233 1.168925 1.023012 0.093563 0.066547 0.397317 0.282593 1.141315 0.739594 0.343508 -0.000773 0.512305 0.618238
0.843137 0.871797 1.168925 1.394303 0.093563 0.090700 0.397317 0.385156 1.212811 0.802108 0.869303 0.802882 0.582509 0.769859
0.862747 0.897436 1.226617 1.487119 0.098181 0.096737 0.416926 0.410796 1.244879 0.805103 0.375576 0.002222 0.614641 0.777992
0.882353 0.948718 1.284300 1.672764 0.102798 0.108814 0.436532 0.462077 1.295613 0.821626 0.920037 0.819405 0.665933 0.813818
