0.112902 0.634145 -1.328967 0.012704 -0.120915 0.001183 -0.373926 0.003658 0.644117 1.394605 0.644117 1.394605 0.401899 -0.009783
0.129032 0.634145 -1.271639 0.012704 -0.115699 0.001183 -0.357795 0.003658 0.647139 1.370063 0.003022 -0.024542 0.386937 -0.010224
0.161290 0.634145 -1.156991 0.012704 -0.105268 0.001183 -0.325538 0.003658 0.654335 1.321735 0.651313 1.346277 0.357319 -0.011237
0.177418 0.658537 -1.099672 0.097408 -0.100053 0.009071 -0.309410 0.028050 0.682018 1.307633 0.030705 -0.038644 0.353862 -0.090410
0.193548 0.756098 -1.042343 0.436201 -0.094837 0.040618 -0.293280 0.125611 0.780477 1.320195 0.749773 1.358839 0.398145 -0.404661
0.177418 0.780486 -1.099672 0.520892 -0.100053 0.048505 -0.309410 0.150000 0.800397 1.347278 0.050625 -0.011561 0.426579 -0.451408
0.145160 0.804878 -1.214320 0.605597 -0.110484 0.056392 -0.341668 0.174392 0.817863 1.392365 0.767239 1.403926 0.466790 -0.471943
0.096774 0.804878 -1.386287 0.605597 -0.126130 0.056392 -0.390053 0.174392 0.810675 1.451136 0.043437 0.047211 0.503287 -0.420437
0.032258 0.731706 -1.615583 0.351496 -0.146992 0.032731 -0.454569 0.101219 0.732417 1.526739 0.688980 1.479528 0.516332 -0.219096
0.000000 0.560976 -1.730231 -0.241384 -0.157423 -0.022477 -0.486827 -0.069510 0.560976 1.570796 -0.128004 0.091268 0.492442 0.141824
0.000000 0.463412 -1.730231 -0.580189 -0.157423 -0.054026 -0.486827 -0.167075 0.463412 1.570796 0.591416 1.479528 0.487390 0.330596
0.048386 0.268290 -1.558263 -1.257773 -0.141777 -0.117122 -0.438442 -0.362197 0.272619 1.392366 -0.318797 -0.087162 0.489887 0.690454
0.080644 0.195122 -1.443615 -1.511861 -0.131346 -0.140782 -0.406184 -0.435365 0.211130 1.178877 0.529927 1.266040 0.500077 0.820060
0.161290 0.073169 -1.156991 -1.935358 -0.105268 -0.180218 -0.325538 -0.557318 0.177110 0.425883 -0.352816 -0.840157 0.526392 1.042139
0.274194 0.024388 -0.755719 -2.104754 -0.068758 -0.195992 -0.212633 -0.606099 0.275277 0.088712 0.628093 0.928869 0.508982 1.233388
0.338710 0.000000 -0.526423 -2.189446 -0.047896 -0.203878 -0.148117 -0.630487 0.338710 0.000000 -0.289383 -0.928869 0.508861 1.340055
0.435484 0.048780 -0.182479 -2.020049 -0.016603 -0.188104 -0.051343 -0.581706 0.438208 0.111549 0.727590 1.040418 0.441046 1.482761
0.467742 0.097561 -0.067831 -1.850653 -0.006172 -0.172330 -0.019085 -0.532926 0.477808 0.205630 -0.249782 -0.834788 0.389734 1.534999
0.516128 0.243902 0.104136 -1.342465 0.009475 -0.125008 0.029300 -0.386585 0.570856 0.441457 0.820638 1.276245 0.244686 -1.495148
0.516128 0.414632 0.104136 -0.749585 0.009475 -0.069800 0.029300 -0.215855 0.662048 0.676781 -0.158590 -0.599464 0.077915 -1.435880
0.500000 0.487804 0.046817 -0.495484 0.004260 -0.046139 0.013173 -0.142683 0.698536 0.773052 0.857126 1.372516 0.013209 -1.478737
0.451612 0.585365 -0.125160 -0.156692 -0.011388 -0.014591 -0.035216 -0.045122 0.739327 0.913674 -0.117799 -0.458843 0.104641 0.908089
0.387096 0.658537 -0.354456 0.097408 -0.032250 0.009071 -0.099732 0.028050 0.763881 1.039387 0.881680 1.498230 0.198571 -0.274175
0.354838 0.658537 -0.469104 0.097408 -0.042681 0.009071 -0.131990 0.028050 0.748052 1.076571 -0.133628 -0.421658 0.216577 -0.209404
0.338710 0.634145 -0.526423 0.012704 -0.047896 0.001183 -0.148117 0.003658 0.718933 1.080226 0.852561 1.501885 0.208905 -0.024694
0.322580 0.585365 -0.583752 -0.156692 -0.053112 -0.014591 -0.164248 -0.045122 0.668363 1.067128 -0.184198 -0.434756 0.191538 0.268106
0.338710 0.463412 -0.526423 -0.580189 -0.047896 -0.054026 -0.148117 -0.167075 0.573999 0.939628 0.758197 1.374385 0.149957 0.845472
0.370968 0.365851 -0.411775 -0.918981 -0.037465 -0.085574 -0.115859 -0.264636 0.521022 0.778454 -0.237175 -0.595931 0.167507 1.158128
0.403226 0.317071 -0.297127 -1.088377 -0.027034 -0.101348 -0.083601 -0.313416 0.512957 0.666353 0.750132 1.262284 0.189226 1.310123
0.483870 0.268290 -0.010512 -1.257773 -0.000956 -0.117122 -0.002958 -0.362197 0.553272 0.506267 -0.196860 -0.756017 0.218557 1.562631
0.532258 0.268290 0.161464 -1.257773 0.014691 -0.117122 0.045431 -0.362197 0.596052 0.466891 0.792912 1.222908 0.223209 -1.446017
0.612902 0.317071 0.448080 -1.088377 0.040768 -0.101348 0.126074 -0.313416 0.690060 0.477413 -0.102853 -0.745495 0.211452 -1.188344
0.661290 0.439024 0.620056 -0.664880 0.056415 -0.061913 0.174462 -0.191463 0.793754 0.586078 0.896607 1.331572 0.180893 -0.831824
0.677418 0.585365 0.677376 -0.156692 0.061630 -0.014591 0.190590 -0.045122 0.895291 0.712630 -0.001316 -0.618942 0.214556 -0.232469
0.661290 0.731706 0.620056 0.351496 0.056415 0.032731 0.174462 0.101219 0.986255 0.835905 0.987570 1.454848 0.300670 0.525716
0.629032 0.780486 0.505408 0.520892 0.045984 0.048505 0.142205 0.150000 1.002417 0.892439 0.014847 -0.562409 0.326279 0.812068
0.548386 0.878047 0.218784 0.859685 0.019906 0.080053 0.061558 0.247560 1.035226 1.012520 1.020379 1.574929 0.396033 1.327079
0.467742 0.902439 -0.067831 0.944389 -0.006172 0.087940 -0.019085 0.271952 1.016454 1.092609 -0.003925 -0.482319 0.416050 -1.500732
0.451612 0.926828 -0.125160 1.029081 -0.011388 0.095826 -0.035216 0.296341 1.031001 1.117388 1.034926 1.599707 0.441407 -1.452516
0.403226 0.926828 -0.297127 1.029081 -0.027034 0.095826 -0.083601 0.296341 1.010743 1.160435 -0.024183 -0.439271 0.447872 -1.295830
0.387096 0.926828 -0.354456 1.029081 -0.032250 0.095826 -0.099732 0.296341 1.004417 1.175162 1.028600 1.614433 0.451161 -1.246159
0.403226 0.926828 -0.297127 1.029081 -0.027034 0.095826 -0.083601 0.296341 1.010743 1.160435 -0.017857 -0.453998 0.447872 -1.295830
0.419354 0.926828 -0.239808 1.029081 -0.021819 0.095826 -0.067474 0.296341 1.017284 1.145897 1.035141 1.599895 0.445144 -1.346924
0.500000 0.951220 0.046817 1.113785 0.004260 0.103714 0.013173 0.320733 1.074625 1.086847 0.039483 -0.513048 0.464579 1.529749
0.596774 0.975608 0.390760 1.198477 0.035553 0.111600 0.109947 0.345121 1.143656 1.021822 1.104173 1.534871 0.500994 1.262388
0.693548 1.000000 0.734704 1.283181 0.066846 0.119488 0.206720 0.369513 1.216967 0.964414 0.112794 -0.570457 0.553244 1.060734
0.774194 1.000000 1.021328 1.283181 0.092925 0.119488 0.287367 0.369513 1.264665 0.911990 1.151871 1.482447 0.588154 0.909808
0.822580 1.000000 1.193296 1.283181 0.108571 0.119488 0.335752 0.369513 1.294850 0.882438 0.142980 -0.600009 0.613250 0.833231
0.919354 0.951220 1.537240 1.113785 0.139864 0.103714 0.432526 0.320733 1.322887 0.802432 1.179907 1.402441 0.634617 0.638060
0.951612 0.926828 1.651888 1.029081 0.150295 0.095826 0.464784 0.296341 1.328373 0.772205 0.148466 -0.630236 0.640019 0.567600
0.983870 0.853659 1.766536 0.774993 0.160727 0.072166 0.497042 0.223172 1.302587 0.714654 1.154121 1.344890 0.617751 0.422022
1.000000 0.756098 1.823864 0.436201 0.165942 0.040618 0.513173 0.125611 1.253668 0.647392 0.099547 -0.697498 0.579528 0.240054
0.983870 0.682926 1.766536 0.182100 0.160727 0.016957 0.497042 0.052439 1.197659 0.606770 1.098112 1.304268 0.534327 0.105113
0.951612 0.658537 1.651888 0.097408 0.150295 0.009071 0.464784 0.028050 1.157254 0.605352 0.059142 -0.698916 0.495488 0.060278
0.903226 0.658537 1.479920 0.097408 0.134649 0.009071 0.416399 0.028050 1.117805 0.629987 1.058664 1.328902 0.450413 0.067263
0.887096 0.682926 1.422592 0.182100 0.129433 0.016957 0.400268 0.052439 1.119521 0.656081 0.060857 -0.672821 0.445723 0.130267
0.838710 0.731706 1.250624 0.351496 0.113787 0.032731 0.351883 0.101219 1.113027 0.717366 1.052170 1.390187 0.428704 0.280089
0.838710 0.804878 1.250624 0.605597 0.113787 0.056392 0.351883 0.174392 1.162439 0.764817 0.110269 -0.625370 0.474318 0.460118
0.838710 0.878047 1.250624 0.859685 0.113787 0.080053 0.351883 0.247560 1.214249 0.808308 1.103980 1.433678 0.526188 0.613092
0.854838 0.926828 1.307944 1.029081 0.119002 0.095826 0.368010 0.296341 1.260856 0.825782 0.156875 -0.607896 0.573613 0.677935
