0.043478 0.500000 -1.184926 0.094934 -0.078282 0.006358 -0.339435 0.027568 0.501887 1.484058 0.501887 1.484058 0.359062 -0.081039
0.065216 0.500000 -1.109044 0.094934 -0.073268 0.006358 -0.317697 0.027568 0.504235 1.441097 0.002348 -0.042961 0.338587 -0.086557
0.086956 0.500000 -1.033149 0.094934 -0.068254 0.006358 -0.295957 0.027568 0.507505 1.398606 0.505157 1.441567 0.318276 -0.092880
0.108694 0.500000 -0.957267 0.094934 -0.063241 0.006358 -0.274219 0.027568 0.511678 1.356739 0.006521 -0.084827 0.298170 -0.100195
0.130434 0.500000 -0.881373 0.094934 -0.058227 0.006358 -0.252479 0.027568 0.516733 1.315615 0.510212 1.400442 0.278307 -0.108758
0.130434 0.523811 -0.881373 0.176932 -0.058227 0.011849 -0.252479 0.051379 0.539807 1.326749 0.029595 -0.073693 0.289133 -0.200757
0.152172 0.547619 -0.805490 0.258917 -0.053214 0.017340 -0.230741 0.075187 0.568368 1.299756 0.538774 1.373448 0.283495 -0.314999
0.152172 0.571430 -0.805490 0.340915 -0.053214 0.022831 -0.230741 0.098998 0.591345 1.310536 0.052571 -0.062912 0.297960 -0.405290
0.173912 0.595238 -0.729596 0.422900 -0.048200 0.028322 -0.209000 0.122806 0.620124 1.286536 0.567553 1.349447 0.297931 -0.531241
0.173912 0.619049 -0.729596 0.504898 -0.048200 0.033813 -0.209000 0.146617 0.643014 1.296921 0.075462 -0.052527 0.315343 -0.611741
0.152172 0.642857 -0.805490 0.586883 -0.053214 0.039304 -0.230741 0.170424 0.660622 1.338363 0.585160 1.390889 0.347581 -0.636162
0.130434 0.642857 -0.881373 0.586883 -0.058227 0.039304 -0.252479 0.170424 0.655956 1.370616 0.070796 -0.020274 0.362376 -0.593753
0.108694 0.642857 -0.957267 0.586883 -0.063241 0.039304 -0.274219 0.170424 0.651981 1.403301 0.581185 1.423575 0.377845 -0.556071
0.086956 0.619049 -1.033149 0.504898 -0.068254 0.033813 -0.295957 0.146617 0.625126 1.431242 0.043941 0.007667 0.378617 -0.459960
0.065216 0.595238 -1.109044 0.422900 -0.073268 0.028322 -0.317697 0.122806 0.598800 1.461669 0.554859 1.454002 0.382117 -0.368857
0.043478 0.571430 -1.184926 0.340915 -0.078282 0.022831 -0.339435 0.098998 0.573082 1.494856 0.018223 0.040854 0.388271 -0.283784
0.021737 0.523811 -1.260821 0.176932 -0.083295 0.011849 -0.361176 0.051379 0.524262 1.529322 0.506039 1.488468 0.387686 -0.141307
0.021737 0.500000 -1.260821 0.094934 -0.083295 0.006358 -0.361176 0.027568 0.500472 1.527349 -0.005567 0.038881 0.379680 -0.076180
0.000000 0.428573 -1.336703 -0.151034 -0.088309 -0.010115 -0.382913 -0.043859 0.428573 1.570796 0.434140 1.531915 0.385626 0.114043
0.000000 0.404762 -1.336703 -0.233032 -0.088309 -0.015606 -0.382913 -0.067670 0.404762 1.570796 -0.029378 0.038881 0.383536 0.174918
0.000000 0.380955 -1.336703 -0.315017 -0.088309 -0.021097 -0.382913 -0.091478 0.380955 1.570796 0.410332 1.531915 0.382918 0.234504
0.000000 0.357143 -1.336703 -0.397015 -0.088309 -0.026588 -0.382913 -0.115289 0.357143 1.570796 -0.053189 0.038881 0.383779 0.292451
0.000000 0.333336 -1.336703 -0.479000 -0.088309 -0.032079 -0.382913 -0.139096 0.333336 1.570796 0.386525 1.531915 0.386109 0.348437
0.000000 0.285717 -1.336703 -0.642983 -0.088309 -0.043061 -0.382913 -0.186715 0.285717 1.570796 -0.100808 0.038881 0.395056 0.453693
0.000000 0.261906 -1.336703 -0.724981 -0.088309 -0.048552 -0.382913 -0.210527 0.261906 1.570796 0.362713 1.531915 0.401578 0.502692
0.000000 0.238098 -1.336703 -0.806966 -0.088309 -0.054043 -0.382913 -0.234334 0.238098 1.570796 -0.124616 0.038881 0.409382 0.549180
0.000000 0.214287 -1.336703 -0.888964 -0.088309 -0.059534 -0.382913 -0.258145 0.214287 1.570796 0.338902 1.531915 0.418398 0.593174
0.021737 0.190479 -1.260821 -0.970949 -0.083295 -0.065025 -0.361176 -0.281953 0.191715 1.457168 -0.147187 -0.074747 0.409241 0.662833
0.021737 0.166668 -1.260821 -1.052947 -0.083295 -0.070516 -0.361176 -0.305764 0.168079 1.441105 0.315266 1.515852 0.420963 0.702506
0.043478 0.166668 -1.184926 -1.052947 -0.078282 -0.070516 -0.339435 -0.305764 0.172246 1.315616 -0.143021 -0.200235 0.402465 0.733259
0.043478 0.142860 -1.184926 -1.134932 -0.078282 -0.076007 -0.339435 -0.329572 0.149330 1.275362 0.292351 1.475598 0.415742 0.770657
0.086956 0.095241 -1.033149 -1.298915 -0.068254 -0.086989 -0.295957 -0.377191 0.128966 0.830840 -0.163384 -0.644758 0.412729 0.905495
0.108694 0.071430 -0.957267 -1.380913 -0.063241 -0.092480 -0.274219 -0.401002 0.130064 0.581399 0.293448 1.226156 0.414991 0.971002
0.130434 0.071430 -0.881373 -1.380913 -0.058227 -0.092480 -0.252479 -0.401002 0.148712 0.501024 -0.144736 -0.725132 0.400958 1.008882
0.130434 0.047619 -0.881373 -1.462910 -0.058227 -0.097972 -0.252479 -0.424813 0.138855 0.350045 0.283590 1.075177 0.419723 1.034558
0.152172 0.047619 -0.805490 -1.462910 -0.053214 -0.097972 -0.230741 -0.424813 0.159448 0.303275 -0.124142 -0.771902 0.407018 1.073220
0.173912 0.023811 -0.729596 -1.544895 -0.048200 -0.103462 -0.209000 -0.448621 0.175535 0.136069 0.299677 0.907971 0.415494 1.134821
0.195650 0.023811 -0.653713 -1.544895 -0.043187 -0.103462 -0.187263 -0.448621 0.197094 0.121108 -0.102583 -0.786863 0.404996 1.175364
0.217391 0.023811 -0.577819 -1.544895 -0.038173 -0.103462 -0.165522 -0.448621 0.218691 0.109097 0.321274 0.895960 0.395413 1.217333
0.217391 0.000000 -0.577819 -1.626893 -0.038173 -0.108954 -0.165522 -0.472432 0.217391 0.000000 -0.103884 -0.895960 0.417157 1.233799
0.239128 0.000000 -0.501936 -1.626893 -0.033160 -0.108954 -0.143785 -0.472432 0.239128 0.000000 0.343012 0.895960 0.409019 1.275353
0.282609 0.000000 -0.350148 -1.626893 -0.023132 -0.108954 -0.100304 -0.472432 0.282609 0.000000 -0.060402 -0.895960 0.395832 1.361590
0.326088 0.000000 -0.198371 -1.626893 -0.013105 -0.108954 -0.056825 -0.472432 0.326088 0.000000 0.386490 0.895960 0.387107 1.451089
0.369566 0.023811 -0.046594 -1.544895 -0.003078 -0.103462 -0.013347 -0.448621 0.370332 0.064341 -0.016158 -0.831619 0.359350 1.541053
0.413044 0.047619 0.105183 -1.462910 0.006949 -0.097972 0.030131 -0.424813 0.415780 0.114781 0.431937 0.946400 0.336645 -1.499988
0.434781 0.071430 0.181066 -1.380913 0.011962 -0.092480 0.051868 -0.401002 0.440610 0.162835 0.008672 -0.783565 0.315772 -1.442164
0.456522 0.095241 0.256960 -1.298915 0.016976 -0.086989 0.073609 -0.377191 0.466351 0.205674 0.457679 0.989239 0.296940 -1.378068
0.478259 0.119049 0.332843 -1.216930 0.021989 -0.081498 0.095346 -0.353383 0.492854 0.243963 0.035175 -0.745275 0.280562 -1.307262
0.521737 0.166668 0.484620 -1.052947 0.032016 -0.070516 0.138824 -0.305764 0.547712 0.309202 0.512537 1.054477 0.256971 -1.144601
0.521737 0.190479 0.484620 -0.970949 0.032016 -0.065025 0.138824 -0.281953 0.555421 0.350051 0.042884 -0.704426 0.237283 -1.113274
0.543478 0.214287 0.560514 -0.888964 0.037030 -0.059534 0.160565 -0.258145 0.584198 0.375572 0.541314 1.079999 0.232843 -1.014361
0.543478 0.238098 0.560514 -0.806966 0.037030 -0.054043 0.160565 -0.234334 0.593346 0.412914 0.052032 -0.667084 0.216223 -0.970074
0.543478 0.285717 0.560514 -0.642983 0.037030 -0.043061 0.160565 -0.186715 0.614005 0.484011 0.561974 1.151095 0.187692 -0.860556
0.543478 0.309524 0.560514 -0.560998 0.037030 -0.037570 0.160565 -0.162908 0.625439 0.517710 0.063465 -0.633385 0.176542 -0.792640
0.521737 0.333336 0.484620 -0.479000 0.032016 -0.032079 0.138824 -0.139096 0.619131 0.568529 0.555665 1.201914 0.147411 -0.786377
0.478259 0.380955 0.332843 -0.315017 0.021989 -0.021097 0.095346 -0.091478 0.611440 0.672630 0.055774 -0.529284 0.095366 -0.764693
0.456522 0.380955 0.256960 -0.315017 0.016976 -0.021097 0.073609 -0.091478 0.594591 0.695410 0.538817 1.224694 0.073635 -0.893217
0.434781 0.404762 0.181066 -0.233032 0.011962 -0.015606 0.051868 -0.067670 0.594026 0.749657 0.055209 -0.475037 0.056282 -0.916826
0.391303 0.404762 0.029289 -0.233032 0.001935 -0.015606 0.008390 -0.067670 0.562984 0.802304 0.507774 1.277340 0.023405 -1.447440
0.369566 0.404762 -0.046594 -0.233032 -0.003078 -0.015606 -0.013347 -0.067670 0.548098 0.830821 0.040324 -0.446519 0.025604 1.376055
0.326088 0.404762 -0.198371 -0.233032 -0.013105 -0.015606 -0.056825 -0.067670 0.519775 0.892633 0.479451 1.339153 0.060881 0.872287
0.304347 0.380955 -0.274265 -0.315017 -0.018119 -0.021097 -0.078566 -0.091478 0.487600 0.896723 0.008149 -0.442430 0.078591 0.861183
0.282609 0.380955 -0.350148 -0.315017 -0.023132 -0.021097 -0.100304 -0.091478 0.474336 0.932535 0.466187 1.374964 0.100323 0.739410
0.260869 0.357143 -0.426042 -0.397015 -0.028146 -0.026588 -0.122044 -0.115289 0.442271 0.939937 -0.023916 -0.435027 0.124735 0.756942
0.260869 0.333336 -0.426042 -0.479000 -0.028146 -0.032079 -0.122044 -0.139096 0.423279 0.906755 0.447195 1.341782 0.131730 0.850605
0.260869 0.309524 -0.426042 -0.560998 -0.028146 -0.037570 -0.122044 -0.162908 0.404794 0.870494 -0.042401 -0.471288 0.142410 0.927832
0.304347 0.285717 -0.274265 -0.642983 -0.018119 -0.043061 -0.078566 -0.186715 0.417446 0.753836 0.459847 1.225124 0.124979 1.172505
0.326088 0.285717 -0.198371 -0.642983 -0.013105 -0.043061 -0.056825 -0.186715 0.433552 0.719507 -0.026295 -0.505616 0.112589 1.275360
0.347825 0.285717 -0.122488 -0.642983 -0.008092 -0.043061 -0.035088 -0.186715 0.450129 0.687677 0.476425 1.193294 0.103336 1.385040
0.391303 0.285717 0.029289 -0.642983 0.001935 -0.043061 0.008390 -0.186715 0.484512 0.630687 0.008088 -0.562607 0.097558 -1.525891
0.434781 0.285717 0.181066 -0.642983 0.011962 -0.043061 0.051868 -0.186715 0.520258 0.581386 0.512171 1.143992 0.110170 -1.299835
0.478259 0.309524 0.332843 -0.560998 0.021989 -0.037570 0.095346 -0.162908 0.569682 0.574397 0.057511 -0.569595 0.120320 -1.041272
0.521737 0.333336 0.484620 -0.479000 0.032016 -0.032079 0.138824 -0.139096 0.619131 0.568529 0.561619 1.138125 0.147411 -0.786377
0.543478 0.380955 0.560514 -0.315017 0.037030 -0.021097 0.160565 -0.091478 0.663698 0.611368 0.102079 -0.526757 0.160577 -0.517859
0.565216 0.404762 0.636397 -0.233032 0.042043 -0.015606 0.182303 -0.067670 0.695199 0.621463 0.593120 1.148220 0.183607 -0.355431
0.565216 0.452381 0.636397 -0.069049 0.042043 -0.004624 0.182303 -0.020051 0.723959 0.674966 0.130839 -0.473254 0.195090 -0.109547
0.565216 0.500000 0.636397 0.094934 0.042043 0.006358 0.182303 0.027568 0.754631 0.724252 0.623792 1.197506 0.216665 0.150083
0.565216 0.523811 0.636397 0.176932 0.042043 0.011849 0.182303 0.051379 0.770615 0.747397 0.146822 -0.450109 0.230405 0.274708
0.565216 0.595238 0.636397 0.422900 0.042043 0.028322 0.182303 0.122806 0.820839 0.811264 0.674016 1.261372 0.279850 0.592812
0.565216 0.619049 0.636397 0.504898 0.042043 0.033813 0.182303 0.146617 0.838266 0.830824 0.164250 -0.430548 0.298319 0.677327
0.521737 0.666668 0.484620 0.668881 0.032016 0.044795 0.138824 0.194236 0.846555 0.906753 0.682306 1.337301 0.315894 0.950258
0.500000 0.690476 0.408737 0.750866 0.027003 0.050286 0.117087 0.218043 0.852500 0.944053 0.170195 -0.393248 0.329096 1.077997
0.456522 0.738094 0.256960 0.914849 0.016976 0.061268 0.073609 0.265662 0.867868 1.016875 0.697674 1.410122 0.362729 1.300500
0.391303 0.761906 0.029289 0.996846 0.001935 0.066759 0.008390 0.289473 0.856515 1.096340 0.158841 -0.313782 0.379086 1.541820
0.369566 0.761906 -0.046594 0.996846 -0.003078 0.066759 -0.013347 0.289473 0.846805 1.119177 0.687964 1.432959 0.379228 -1.524720
0.326088 0.761906 -0.198371 0.996846 -0.013105 0.066759 -0.056825 0.289473 0.828754 1.166396 0.140790 -0.266562 0.383229 -1.376955
0.304347 0.761906 -0.274265 0.996846 -0.018119 0.066759 -0.078566 0.289473 0.820443 1.190760 0.679653 1.457322 0.387050 -1.305770
0.282609 0.761906 -0.350148 0.996846 -0.023132 0.066759 -0.100304 0.289473 0.812630 1.215604 0.132977 -0.241719 0.392041 -1.237240
0.282609 0.785713 -0.350148 1.078832 -0.023132 0.072250 -0.100304 0.313281 0.834993 1.225519 0.702016 1.467238 0.415101 -1.260938
0.304347 0.785713 -0.274265 1.078832 -0.018119 0.072250 -0.078566 0.313281 0.842599 1.201242 0.140583 -0.265997 0.410391 -1.325079
0.347825 0.809524 -0.122488 1.160829 -0.008092 0.077741 -0.035088 0.337092 0.881086 1.164980 0.740503 1.430977 0.428052 -1.467080
0.369566 0.809524 -0.046594 1.160829 -0.003078 0.077741 -0.013347 0.337092 0.889893 1.142532 0.149390 -0.288445 0.426820 -1.531222
0.456522 0.833336 0.256960 1.242827 0.016976 0.083233 0.073609 0.360904 0.950190 1.069625 0.800800 1.358070 0.456398 1.369599
0.521737 0.880955 0.484620 1.406810 0.032016 0.094215 0.138824 0.408522 1.023861 1.036102 0.223061 -0.321968 0.517028 1.243218
0.565216 0.880955 0.636397 1.406810 0.042043 0.094215 0.182303 0.408522 1.046685 1.000353 0.823624 1.322321 0.530358 1.151066
0.652172 0.928573 0.939950 1.570793 0.062097 0.105197 0.269259 0.456141 1.134714 0.958503 0.311090 -0.363818 0.608478 1.037542
0.717391 0.952381 1.167621 1.652778 0.077138 0.110687 0.334478 0.479949 1.192342 0.925212 0.881252 1.289030 0.660431 0.962152
0.804347 0.976192 1.471175 1.734776 0.097192 0.116179 0.421434 0.503760 1.264882 0.881613 0.383630 -0.407416 0.727727 0.874147
0.891303 1.000000 1.774729 1.816761 0.117247 0.121669 0.508390 0.527568 1.339560 0.842807 0.955930 1.250223 0.799535 0.803908
0.934781 1.000000 1.926506 1.816761 0.127274 0.121669 0.551868 0.527568 1.368874 0.819094 0.412944 -0.431129 0.827862 0.762890
0.956522 0.976192 2.002400 1.734776 0.132287 0.116179 0.573609 0.503760 1.366706 0.795575 0.953763 1.226705 0.825232 0.720656
1.000000 0.928573 2.154177 1.570793 0.142315 0.105197 0.617087 0.456141 1.364642 0.748379 0.410880 -0.478326 0.823737 0.636543
1.000000 0.880955 2.154177 1.406810 0.142315 0.094215 0.617087 0.408522 1.332697 0.722193 0.921817 1.200518 0.792996 0.584777
1.000000 0.785713 2.154177 1.078832 0.142315 0.072250 0.617087 0.313281 1.271749 0.665969 0.349932 -0.534550 0.736916 0.469771
0.978259 0.714287 2.078283 0.832863 0.137301 0.055777 0.595346 0.241855 1.211279 0.630683 0.861347 1.165232 0.681356 0.385876
0.956522 0.690476 2.002400 0.750866 0.132287 0.050286 0.573609 0.218043 1.179699 0.625247 0.318352 -0.539985 0.650862 0.363257
0.934781 0.666668 1.926506 0.668881 0.127274 0.044795 0.551868 0.194236 1.148156 0.619517 0.829804 1.159502 0.620544 0.338420
0.891303 0.666668 1.774729 0.668881 0.117247 0.044795 0.508390 0.194236 1.113044 0.642201 0.283240 -0.517302 0.582218 0.364946
0.869562 0.714287 1.698835 0.832863 0.112233 0.055777 0.486649 0.241855 1.125320 0.687674 0.842079 1.204975 0.588758 0.461228
0.847825 0.761906 1.622952 0.996846 0.107219 0.066759 0.464912 0.289473 1.139872 0.732074 0.297792 -0.472902 0.599815 0.556901
0.847825 0.833336 1.622952 1.242827 0.107219 0.083233 0.464912 0.360904 1.188804 0.776780 0.891012 1.249681 0.647321 0.660111
0.869562 0.904762 1.698835 1.488795 0.112233 0.099705 0.486649 0.432330 1.254884 0.805234 0.363872 -0.444447 0.713551 0.726359
0.891303 0.952381 1.774729 1.652778 0.117247 0.110687 0.508390 0.479949 1.304397 0.818514 0.940525 1.262962 0.763384 0.756629
0.913040 0.976192 1.850612 1.734776 0.122260 0.116179 0.530128 0.503760 1.336635 0.818813 0.396111 -0.444149 0.795623 0.759901
