0.109091 0.500000 -1.094342 -0.352493 -0.090857 -0.027900 -0.331995 -0.101948 0.511762 1.355981 0.511762 1.355981 0.337182 0.297937
0.145454 0.500000 -0.974479 -0.352493 -0.080905 -0.027900 -0.295632 -0.101948 0.520727 1.287701 0.008965 -0.068280 0.301445 0.332078
0.163635 0.500000 -0.914551 -0.352493 -0.075930 -0.027900 -0.277451 -0.101948 0.526095 1.254513 0.517130 1.322793 0.283637 0.352131
0.181818 0.500000 -0.854615 -0.352493 -0.070954 -0.027900 -0.259268 -0.101948 0.532032 1.222026 0.014901 -0.100768 0.265878 0.374644
0.181818 0.524998 -0.854615 -0.266060 -0.070954 -0.021059 -0.259268 -0.076950 0.555590 1.237403 0.540689 1.338170 0.272509 0.288516
0.200001 0.574998 -0.794678 -0.093182 -0.065978 -0.007375 -0.241085 -0.026950 0.608788 1.236057 0.068099 -0.102114 0.275780 0.111325
0.200001 0.600000 -0.794678 -0.006736 -0.065978 -0.000533 -0.241085 -0.001948 0.632456 1.249044 0.564357 1.351158 0.288748 0.008081
0.200001 0.650000 -0.794678 0.166142 -0.065978 0.013150 -0.241085 0.048052 0.680074 1.272296 0.115717 -0.078862 0.319009 -0.196736
0.200001 0.675002 -0.794678 0.252588 -0.065978 0.019993 -0.241085 0.073054 0.704009 1.282740 0.588291 1.361602 0.335915 -0.294225
0.181818 0.700000 -0.854615 0.339020 -0.070954 0.026834 -0.259268 0.098052 0.723227 1.316672 0.134936 -0.044930 0.366410 -0.361561
0.163635 0.700000 -0.914551 0.339020 -0.075930 0.026834 -0.277451 0.098052 0.718872 1.341156 0.583936 1.386086 0.379494 -0.339702
0.127271 0.700000 -1.034415 0.339020 -0.085882 0.026834 -0.313815 0.098052 0.711476 1.390945 0.127540 0.004859 0.406837 -0.302840
0.109091 0.675002 -1.094342 0.252588 -0.090857 0.019993 -0.331995 0.073054 0.683760 1.410566 0.556220 1.405707 0.406125 -0.216592
0.072727 0.625002 -1.214206 0.079709 -0.100809 0.006309 -0.368359 0.023054 0.629219 1.454954 0.072999 0.049247 0.411720 -0.062503
0.036364 0.500000 -1.334070 -0.352493 -0.110760 -0.027900 -0.404723 -0.101948 0.501321 1.498197 0.428322 1.448950 0.408988 0.246763
0.018180 0.424998 -1.394006 -0.611816 -0.115736 -0.048426 -0.422906 -0.176950 0.425387 1.528045 -0.002935 0.079095 0.423212 0.396280
0.000000 0.350000 -1.453934 -0.871127 -0.120712 -0.068951 -0.441086 -0.251948 0.350000 1.570796 0.352935 1.491702 0.450393 0.518974
0.000000 0.274998 -1.453934 -1.130451 -0.120712 -0.089476 -0.441086 -0.326950 0.274998 1.570796 -0.077937 0.079095 0.471320 0.637870
0.000000 0.200000 -1.453934 -1.389762 -0.120712 -0.110001 -0.441086 -0.401948 0.200000 1.570796 0.277937 1.491702 0.502672 0.739006
0.018180 0.150000 -1.394006 -1.562640 -0.115736 -0.123684 -0.422906 -0.451948 0.151098 1.450182 -0.126839 -0.041520 0.513401 0.818583
0.054544 0.100000 -1.274143 -1.735518 -0.105785 -0.137368 -0.386542 -0.501948 0.113908 1.071461 0.240747 1.112981 0.515514 0.914565
0.090908 0.050000 -1.154279 -1.908396 -0.095833 -0.151051 -0.350179 -0.551948 0.103751 0.502850 -0.136997 -0.610131 0.524951 1.005437
0.127271 0.024998 -1.034415 -1.994842 -0.085882 -0.157894 -0.313815 -0.576950 0.129703 0.193947 0.266699 0.804078 0.521161 1.072633
0.254545 0.000000 -0.614887 -2.081275 -0.051051 -0.164735 -0.186541 -0.601948 0.254545 0.000000 -0.012154 -0.804078 0.478910 1.270286
0.309092 0.000000 -0.435087 -2.081275 -0.036123 -0.164735 -0.131994 -0.601948 0.309092 0.000000 0.321246 0.804078 0.460412 1.354934
0.363636 0.000000 -0.255296 -2.081275 -0.021196 -0.164735 -0.077450 -0.601948 0.363636 0.000000 0.042390 -0.804078 0.447834 1.442833
0.399999 0.024998 -0.135432 -1.994842 -0.011244 -0.157894 -0.041087 -0.576950 0.400780 0.062414 0.358390 0.866492 0.418112 1.499703
0.436363 0.050000 -0.015569 -1.908396 -0.001293 -0.151051 -0.004723 -0.551948 0.439218 0.114086 0.080828 -0.752406 0.391115 1.562239
0.472727 0.100000 0.104295 -1.735518 0.008659 -0.137368 0.031640 -0.501948 0.483188 0.208465 0.402360 0.960871 0.342551 -1.507844
0.490910 0.150000 0.164232 -1.562640 0.013635 -0.123684 0.049824 -0.451948 0.513315 0.296545 0.110955 -0.664326 0.295319 -1.460998
0.509090 0.274998 0.224159 -1.130451 0.018611 -0.089476 0.068004 -0.326950 0.578616 0.495269 0.467661 1.159595 0.179471 -1.365725
0.509090 0.350000 0.224159 -0.871127 0.018611 -0.068951 0.068004 -0.251948 0.617797 0.602288 0.150136 -0.557307 0.113672 -1.307166
0.509090 0.424998 0.224159 -0.611816 0.018611 -0.048426 0.068004 -0.176950 0.663171 0.695614 0.513035 1.252922 0.069881 -1.203887
0.509090 0.500000 0.224159 -0.352493 0.018611 -0.027900 0.068004 -0.101948 0.713563 0.776390 0.200528 -0.476532 0.089974 -0.982532
0.490910 0.550000 0.164232 -0.179614 0.013635 -0.014217 0.049824 -0.051948 0.737219 0.842105 0.536691 1.318637 0.119769 -0.806271
0.454546 0.574998 0.044368 -0.093182 0.003684 -0.007375 0.013460 -0.026950 0.732963 0.901864 0.196272 -0.416773 0.134587 -1.107595
0.436363 0.600000 -0.015569 -0.006736 -0.001293 -0.000533 -0.004723 -0.001948 0.741898 0.942001 0.545626 1.358773 0.158984 0.391229
0.381819 0.625002 -0.195360 0.079709 -0.016220 0.006309 -0.059267 0.023054 0.732402 1.022394 0.186776 -0.336379 0.193229 -0.370969
0.363636 0.600000 -0.255296 -0.006736 -0.021196 -0.000533 -0.077450 -0.001948 0.701592 1.025933 0.514816 1.362312 0.176783 0.025150
0.345455 0.574998 -0.315223 -0.093182 -0.026171 -0.007375 -0.095631 -0.026950 0.670792 1.029793 0.155977 -0.332519 0.164553 0.274691
0.327272 0.524998 -0.375160 -0.266060 -0.031147 -0.021059 -0.113814 -0.076950 0.618652 1.013364 0.462675 1.345883 0.141403 0.594508
0.327272 0.500000 -0.375160 -0.352493 -0.031147 -0.027900 -0.113814 -0.101948 0.597584 0.991233 0.134909 -0.354650 0.128158 0.730459
0.381819 0.450000 -0.195360 -0.525371 -0.016220 -0.041584 -0.059267 -0.151948 0.590157 0.867181 0.455248 1.221832 0.059934 1.198899
0.418183 0.450000 -0.075496 -0.525371 -0.006268 -0.041584 -0.022904 -0.151948 0.614310 0.822030 0.159062 -0.399801 0.024577 1.421190
0.454546 0.450000 0.044368 -0.525371 0.003684 -0.041584 0.013460 -0.151948 0.639619 0.780372 0.480557 1.180174 0.016144 -1.482444
0.509090 0.524998 0.224159 -0.266060 0.018611 -0.021059 0.068004 -0.076950 0.731297 0.800780 0.250740 -0.379393 0.108008 -0.847037
0.527273 0.550000 0.284095 -0.179614 0.023587 -0.014217 0.086187 -0.051948 0.761917 0.806491 0.511177 1.185885 0.138890 -0.542430
0.545454 0.625002 0.344023 0.079709 0.028562 0.006309 0.104368 0.023054 0.829546 0.853257 0.318370 -0.332628 0.211465 0.217398
0.545454 0.675002 0.344023 0.252588 0.028562 0.019993 0.104368 0.073054 0.867841 0.891149 0.549471 1.223777 0.256143 0.610702
0.545454 0.775002 0.344023 0.598344 0.028562 0.047359 0.104368 0.173054 0.947707 0.957518 0.398236 -0.266259 0.349846 1.028105
0.527273 0.825002 0.284095 0.771222 0.023587 0.061043 0.086187 0.223054 0.979104 1.002109 0.580869 1.268368 0.393471 1.202072
0.490910 0.850000 0.164232 0.857655 0.013635 0.067884 0.049824 0.248052 0.981576 1.047055 0.400708 -0.221314 0.411938 1.372574
0.472727 0.900000 0.104295 1.030533 0.008659 0.081568 0.031640 0.298052 1.016597 1.087152 0.615890 1.308466 0.460003 1.465035
0.399999 0.925002 -0.135432 1.116979 -0.011244 0.088410 -0.041087 0.323054 1.007784 1.162648 0.391894 -0.145817 0.485657 -1.444293
0.363636 0.925002 -0.255296 1.116979 -0.021196 0.088410 -0.077450 0.323054 0.993911 1.196236 0.602017 1.342053 0.490074 -1.335493
0.327272 0.950000 -0.375160 1.203411 -0.031147 0.095251 -0.113814 0.348052 1.004792 1.239032 0.402775 -0.103021 0.521485 -1.254754
0.363636 0.975002 -0.255296 1.289857 -0.021196 0.102093 -0.077450 0.373054 1.040605 1.213816 0.637830 1.316837 0.539504 -1.366093
0.399999 0.975002 -0.135432 1.289857 -0.011244 0.102093 -0.041087 0.373054 1.053863 1.181481 0.416033 -0.135356 0.535494 -1.461102
0.527273 0.975002 0.284095 1.289857 0.023587 0.102093 0.086187 0.373054 1.108443 1.075050 0.692410 1.210406 0.540827 1.343748
0.581817 0.975002 0.463886 1.289857 0.038514 0.102093 0.140731 0.373054 1.135403 1.032781 0.442993 -0.177625 0.552152 1.210062
0.709091 1.000000 0.883414 1.376289 0.073345 0.108935 0.268005 0.398052 1.225892 0.953995 0.782899 1.131620 0.619848 0.978221
0.763638 1.000000 1.063214 1.376289 0.088273 0.108935 0.322552 0.398052 1.258230 0.918624 0.475332 -0.212996 0.645310 0.889790
0.818182 1.000000 1.243005 1.376289 0.103200 0.108935 0.377096 0.398052 1.292061 0.885067 0.816730 1.098062 0.674230 0.812426
0.854546 1.000000 1.362869 1.376289 0.113151 0.108935 0.413460 0.398052 1.315389 0.863669 0.498659 -0.234393 0.695222 0.766414
0.909092 1.000000 1.542669 1.376289 0.128079 0.108935 0.468006 0.398052 1.351462 0.832980 0.852802 1.067374 0.728982 0.704800
0.963636 0.975002 1.722460 1.289857 0.143006 0.102093 0.522550 0.373054 1.370848 0.791261 0.518045 -0.276113 0.747077 0.620000
1.000000 0.950000 1.842324 1.203411 0.152958 0.095251 0.558914 0.348052 1.379311 0.759763 0.861266 1.035876 0.755895 0.556964
1.000000 0.900000 1.842324 1.030533 0.152958 0.081568 0.558914 0.298052 1.345362 0.732815 0.484096 -0.303061 0.723178 0.489908
0.963636 0.850000 1.722460 0.857655 0.143006 0.067884 0.522550 0.248052 1.284949 0.722823 0.800853 1.025884 0.663528 0.443199
0.945456 0.825002 1.662533 0.771222 0.138031 0.061043 0.504370 0.223054 1.254797 0.717467 0.453944 -0.308417 0.633861 0.416384
0.909092 0.800000 1.542669 0.684777 0.128079 0.054201 0.468006 0.198052 1.210970 0.721654 0.757026 1.030071 0.589787 0.400330
0.872729 0.800000 1.422806 0.684777 0.118127 0.054201 0.431643 0.198052 1.183915 0.741946 0.426889 -0.288124 0.561368 0.430175
0.854546 0.825002 1.362869 0.771222 0.113151 0.061043 0.413460 0.223054 1.187803 0.767810 0.760914 1.055934 0.564216 0.494732
0.854546 0.875002 1.362869 0.944100 0.113151 0.074726 0.413460 0.273054 1.223060 0.797225 0.462146 -0.258709 0.599359 0.583660
0.854546 0.900000 1.362869 1.030533 0.113151 0.081568 0.413460 0.298052 1.241067 0.811299 0.778921 1.070008 0.617698 0.624598
0.909092 0.975002 1.542669 1.289857 0.128079 0.102093 0.468006 0.373054 1.333071 0.820366 0.554149 -0.249642 0.709997 0.672978
0.927273 0.975002 1.602597 1.289857 0.133054 0.102093 0.486187 0.373054 1.345535 0.810483 0.791385 1.060125 0.722110 0.654485
