0.087718 0.363636 -0.933302 -0.625301 -0.083415 -0.048824 -0.308480 -0.180557 0.374066 1.334094 0.374066 1.334094 0.310194 0.529549
0.087718 0.333335 -0.933302 -0.730238 -0.083415 -0.057017 -0.308480 -0.210858 0.344683 1.313478 -0.029383 -0.020616 0.314820 0.599592
0.105263 0.333335 -0.880219 -0.730238 -0.078670 -0.057017 -0.290935 -0.210858 0.349560 1.264919 0.378943 1.285535 0.297649 0.627150
0.140351 0.303030 -0.774062 -0.835190 -0.069182 -0.065212 -0.255847 -0.241163 0.333954 1.137054 -0.044989 -0.148481 0.272283 0.755862
0.157893 0.333335 -0.720987 -0.730238 -0.064439 -0.057017 -0.238305 -0.210858 0.368839 1.128428 0.413828 1.276909 0.246457 0.724367
0.157893 0.363636 -0.720987 -0.625301 -0.064439 -0.048824 -0.238305 -0.180557 0.396435 1.161153 -0.017393 -0.115756 0.240519 0.648394
0.157893 0.393941 -0.720987 -0.520349 -0.064439 -0.040629 -0.238305 -0.150252 0.424405 1.189597 0.441798 1.305352 0.238315 0.562547
0.157893 0.454547 -0.720987 -0.310460 -0.064439 -0.024241 -0.238305 -0.089646 0.481189 1.236472 0.039391 -0.068881 0.245344 0.359806
0.140351 0.484847 -0.774062 -0.205523 -0.069182 -0.016047 -0.255847 -0.059345 0.504753 1.289024 0.465361 1.357905 0.270770 0.227925
0.122806 0.515153 -0.827144 -0.100571 -0.073927 -0.007853 -0.273392 -0.029040 0.529588 1.336777 0.064227 -0.021128 0.298150 0.105824
0.087718 0.515153 -0.933302 -0.100571 -0.083415 -0.007853 -0.308480 -0.029040 0.522567 1.402138 0.458341 1.423266 0.330621 0.093862
0.070175 0.515153 -0.986376 -0.100571 -0.088158 -0.007853 -0.326023 -0.029040 0.519910 1.435407 0.061570 0.012141 0.347046 0.088839
0.035088 0.515153 -1.092533 -0.100571 -0.097646 -0.007853 -0.361110 -0.029040 0.516346 1.502790 0.454776 1.490649 0.380198 0.080246
0.017543 0.484847 -1.145616 -0.205523 -0.102390 -0.016047 -0.378655 -0.059345 0.485165 1.534631 0.030388 0.043982 0.388894 0.155462
0.000000 0.424241 -1.198691 -0.415412 -0.107134 -0.032435 -0.396198 -0.119951 0.424241 1.570796 0.393853 1.526815 0.397189 0.293983
0.000000 0.333335 -1.198691 -0.730238 -0.107134 -0.057017 -0.396198 -0.210858 0.333335 1.570796 -0.060518 0.043982 0.401154 0.489077
0.000000 0.272729 -1.198691 -0.940127 -0.107134 -0.073405 -0.396198 -0.271464 0.272729 1.570796 0.333247 1.526815 0.414991 0.600705
0.035088 0.181818 -1.092533 -1.254969 -0.097646 -0.097988 -0.361110 -0.362375 0.185172 1.380157 -0.148075 -0.146658 0.419952 0.787146
0.122806 0.060606 -0.827144 -1.674747 -0.073927 -0.130764 -0.273392 -0.483587 0.136946 0.458443 0.285021 0.605101 0.432857 1.056250
0.175438 0.030305 -0.667905 -1.779683 -0.059694 -0.138958 -0.220760 -0.513887 0.178037 0.171052 -0.106985 -0.434049 0.427332 1.165046
0.228069 0.000000 -0.508673 -1.884636 -0.045463 -0.147152 -0.168129 -0.544193 0.228069 0.000000 0.335053 0.434049 0.430396 1.271147
0.298244 0.000000 -0.296358 -1.884636 -0.026487 -0.147152 -0.097954 -0.544193 0.298244 0.000000 -0.036809 -0.434049 0.408127 1.392704
0.350877 0.000000 -0.137119 -1.884636 -0.012255 -0.147152 -0.045321 -0.544193 0.350877 0.000000 0.387686 0.434049 0.398782 1.487706
0.385964 0.000000 -0.030962 -1.884636 -0.002767 -0.147152 -0.010234 -0.544193 0.385964 0.000000 -0.001722 -0.434049 0.396330 1.551993
0.421052 0.030305 0.075196 -1.779683 0.006721 -0.138958 0.024854 -0.513887 0.422141 0.071851 0.423863 0.505900 0.366736 -1.522469
0.456140 0.060606 0.181353 -1.674747 0.016209 -0.130764 0.059942 -0.483587 0.460148 0.132093 0.036286 -0.373806 0.340903 -1.447473
0.456140 0.121212 0.181353 -1.464858 0.016209 -0.114376 0.059942 -0.422981 0.471970 0.259731 0.435685 0.633538 0.281443 -1.430021
0.456140 0.242424 0.181353 -1.045080 0.016209 -0.081600 0.059942 -0.301769 0.516559 0.488504 0.080874 -0.145034 0.165044 -1.374714
0.438595 0.303030 0.128270 -0.835190 0.011464 -0.065212 0.042397 -0.241163 0.533097 0.604600 0.452223 0.749633 0.102361 -1.396774
0.421052 0.333335 0.075196 -0.730238 0.006721 -0.057017 0.024854 -0.210858 0.537026 0.669642 0.084803 -0.079992 0.067598 -1.453466
0.403507 0.363636 0.022113 -0.625301 0.001976 -0.048824 0.007309 -0.180557 0.543184 0.733471 0.458380 0.813463 0.033373 -1.530338
0.385964 0.393941 -0.030962 -0.520349 -0.002767 -0.040629 -0.010234 -0.150252 0.551505 0.795625 0.093125 -0.017837 0.010480 1.502792
0.333332 0.393941 -0.190201 -0.520349 -0.016999 -0.040629 -0.062866 -0.150252 0.516042 0.868544 0.422917 0.886381 0.062907 1.174523
0.315789 0.363636 -0.243276 -0.625301 -0.021743 -0.048824 -0.080409 -0.180557 0.481616 0.855704 0.058698 -0.030677 0.086752 1.151826
0.315789 0.333335 -0.243276 -0.730238 -0.021743 -0.057017 -0.080409 -0.210858 0.459168 0.812422 0.400469 0.843099 0.102065 1.206477
0.315789 0.303030 -0.243276 -0.835190 -0.021743 -0.065212 -0.080409 -0.241163 0.437664 0.764782 0.037195 -0.078317 0.123069 1.248966
0.333332 0.272729 -0.190201 -0.940127 -0.016999 -0.073405 -0.062866 -0.271464 0.430687 0.685735 0.393492 0.764052 0.138552 1.343225
0.368419 0.272729 -0.084044 -0.940127 -0.007512 -0.073405 -0.027779 -0.271464 0.458382 0.637243 0.064890 -0.126808 0.126555 1.468822
0.385964 0.272729 -0.030962 -0.940127 -0.002767 -0.073405 -0.010234 -0.271464 0.472599 0.615153 0.407709 0.741961 0.123892 1.533116
0.403507 0.303030 0.022113 -0.835190 0.001976 -0.065212 0.007309 -0.241163 0.504623 0.644134 0.096914 -0.097827 0.093455 -1.540499
0.421052 0.363636 0.075196 -0.625301 0.006721 -0.048824 0.024854 -0.180557 0.556341 0.712357 0.459427 0.810184 0.040964 -1.434004
0.438595 0.424241 0.128270 -0.415412 0.011464 -0.032435 0.042397 -0.119951 0.610202 0.768765 0.150775 -0.041419 0.050832 -1.231052
0.438595 0.575759 0.128270 0.109318 0.011464 0.008536 0.042397 0.031566 0.723784 0.919806 0.573009 0.961225 0.184498 0.639997
0.421052 0.666670 0.075196 0.424160 0.006721 0.033118 0.024854 0.122477 0.788501 1.007483 0.215491 0.046258 0.271611 1.370586
0.385964 0.818182 -0.030962 0.948875 -0.002767 0.074088 -0.010234 0.273990 0.904649 1.130016 0.689158 1.083759 0.422108 -1.533463
0.368419 0.878788 -0.084044 1.158764 -0.007512 0.090476 -0.027779 0.334596 0.952891 1.173818 0.263733 0.090060 0.483389 -1.487964
0.333332 0.909093 -0.190201 1.263716 -0.016999 0.098671 -0.062866 0.364901 0.968277 1.219354 0.704544 1.129294 0.516734 -1.400188
0.315789 0.969699 -0.243276 1.473606 -0.021743 0.115059 -0.080409 0.425507 1.019823 1.255971 0.315279 0.126676 0.579111 -1.384027
0.280701 0.969699 -0.349433 1.473606 -0.031231 0.115059 -0.115497 0.425507 1.009510 1.289025 0.694231 1.162349 0.585016 -1.305749
0.210526 1.000000 -0.561747 1.578542 -0.050207 0.123253 -0.185672 0.455807 1.021920 1.363300 0.327690 0.200951 0.631705 -1.183972
0.192981 1.000000 -0.614830 1.578542 -0.054951 0.123253 -0.203217 0.455807 1.018451 1.380159 0.690761 1.179208 0.637082 -1.151407
0.210526 1.000000 -0.561747 1.578542 -0.050207 0.123253 -0.185672 0.455807 1.021920 1.363300 0.331159 0.184093 0.631705 -1.183972
0.245614 1.000000 -0.455590 1.578542 -0.040719 0.123253 -0.150584 0.455807 1.029721 1.329950 0.698562 1.145858 0.622296 -1.251717
0.298244 1.000000 -0.296358 1.578542 -0.026487 0.123253 -0.097954 0.455807 1.043527 1.280951 0.344965 0.135094 0.611696 -1.359114
0.350877 1.000000 -0.137119 1.578542 -0.012255 0.123253 -0.045321 0.455807 1.059771 1.233341 0.714806 1.098247 0.605501 -1.471691
0.421052 1.000000 0.075196 1.578542 0.006721 0.123253 0.024854 0.455807 1.085028 1.172274 0.370222 0.074028 0.604313 1.516323
0.578948 1.000000 0.552907 1.578542 0.049416 0.123253 0.182750 0.455807 1.155500 1.046000 0.785278 0.971973 0.630852 1.189483
0.666666 1.000000 0.818296 1.578542 0.073136 0.123253 0.270468 0.455807 1.201850 0.982794 0.416572 0.010822 0.661611 1.035257
0.807016 1.000000 1.242925 1.578542 0.111087 0.123253 0.410819 0.455807 1.285020 0.891792 0.868448 0.880970 0.730307 0.837264
0.877192 1.000000 1.455239 1.578542 0.130063 0.123253 0.480994 0.455807 1.330213 0.850726 0.461765 -0.030244 0.771966 0.758519
0.947367 1.000000 1.667553 1.578542 0.149039 0.123253 0.551169 0.455807 1.377499 0.812419 0.915735 0.842663 0.817536 0.690979
0.982455 0.969699 1.773711 1.473606 0.158527 0.115059 0.586257 0.425507 1.380411 0.778864 0.464676 -0.063799 0.820122 0.627834
1.000000 0.909093 1.826793 1.263716 0.163271 0.098671 0.603802 0.364901 1.351462 0.737816 0.886786 0.801615 0.792236 0.543603
1.000000 0.878788 1.826793 1.158764 0.163271 0.090476 0.603802 0.334596 1.331266 0.720971 0.444479 -0.080644 0.772962 0.506022
0.982455 0.787882 1.773711 0.843938 0.158527 0.065895 0.586257 0.243689 1.259355 0.675930 0.814876 0.756574 0.705063 0.393941
0.964912 0.757576 1.720636 0.738986 0.153783 0.057700 0.568714 0.213384 1.226775 0.665604 0.411900 -0.090969 0.673818 0.358949
0.929825 0.727276 1.614479 0.634049 0.144295 0.049507 0.533627 0.183083 1.180468 0.663770 0.768568 0.754740 0.627989 0.330507
0.859649 0.727276 1.402165 0.634049 0.125319 0.049507 0.463451 0.183083 1.126023 0.702176 0.357455 -0.052564 0.569561 0.376225
0.842104 0.727276 1.349082 0.634049 0.120575 0.049507 0.445906 0.183083 1.112686 0.712360 0.755231 0.764924 0.555378 0.389599
0.807016 0.818182 1.242925 0.948875 0.111087 0.074088 0.410819 0.273990 1.149216 0.792268 0.393985 0.027344 0.588933 0.588189
0.807016 0.848487 1.242925 1.053827 0.111087 0.082283 0.410819 0.304295 1.170985 0.810443 0.777000 0.783099 0.611014 0.637525
0.807016 0.878788 1.242925 1.158764 0.111087 0.090476 0.410819 0.334596 1.193124 0.827947 0.416124 0.044847 0.633771 0.683496
