0.027027 0.309524 -1.324943 -0.804480 -0.105366 -0.060097 -0.413514 -0.235853 0.310702 1.483700 0.310702 1.483700 0.433773 0.518343
0.027027 0.285713 -1.324943 -0.885699 -0.105366 -0.066164 -0.413514 -0.259665 0.286989 1.476482 -0.023714 -0.007217 0.441549 0.560715
0.054056 0.285713 -1.238339 -0.885699 -0.098479 -0.066164 -0.386485 -0.259665 0.290782 1.383810 0.314495 1.391028 0.416344 0.591591
0.081083 0.285713 -1.151742 -0.885699 -0.091592 -0.066164 -0.359458 -0.259665 0.296996 1.294276 -0.017500 -0.096752 0.391384 0.625587
0.094595 0.285713 -1.108447 -0.885699 -0.088149 -0.066164 -0.345946 -0.259665 0.300966 1.251071 0.318465 1.347823 0.379012 0.643881
0.121622 0.285713 -1.021850 -0.885699 -0.081263 -0.066164 -0.318919 -0.259665 0.310522 1.168351 -0.007943 -0.179472 0.354515 0.683342
0.148649 0.333332 -0.935252 -0.723274 -0.074376 -0.054031 -0.291892 -0.212046 0.364975 1.151316 0.372918 1.330789 0.310957 0.628260
0.148649 0.357143 -0.935252 -0.642055 -0.074376 -0.047963 -0.291892 -0.188234 0.386844 1.176389 0.013925 -0.154400 0.303572 0.572766
0.148649 0.404762 -0.935252 -0.479631 -0.074376 -0.035830 -0.291892 -0.140616 0.431195 1.218837 0.417270 1.373237 0.294076 0.448932
0.135137 0.452381 -0.978548 -0.317206 -0.077819 -0.023696 -0.305404 -0.092997 0.472134 1.280512 0.054864 -0.092726 0.305634 0.295583
0.121622 0.476189 -1.021850 -0.235999 -0.081263 -0.017630 -0.318919 -0.069189 0.491475 1.320735 0.436611 1.413460 0.320905 0.213638
0.094595 0.500000 -1.108447 -0.154781 -0.088149 -0.011563 -0.345946 -0.045378 0.508870 1.383816 0.072259 -0.029645 0.351018 0.130426
0.081083 0.500000 -1.151742 -0.154781 -0.091592 -0.011563 -0.359458 -0.045378 0.506532 1.410030 0.434273 1.439675 0.364342 0.125575
0.054056 0.500000 -1.238339 -0.154781 -0.098479 -0.011563 -0.386485 -0.045378 0.502914 1.463103 0.068641 0.023428 0.391032 0.116877
0.027027 0.452381 -1.324943 -0.317206 -0.105366 -0.023696 -0.413514 -0.092997 0.453188 1.511124 0.384547 1.487696 0.413683 0.221213
0.013514 0.428570 -1.368238 -0.398424 -0.108809 -0.029763 -0.427026 -0.116808 0.428783 1.539273 0.044236 0.051577 0.427194 0.267007
0.000000 0.357143 -1.411540 -0.642055 -0.112253 -0.047963 -0.440541 -0.188234 0.357143 1.570796 0.312907 1.519219 0.448365 0.403801
0.000000 0.261906 -1.411540 -0.966905 -0.112253 -0.072231 -0.440541 -0.283472 0.261906 1.570796 -0.051002 0.051577 0.475381 0.571767
0.013514 0.190476 -1.368238 -1.210549 -0.108809 -0.090432 -0.427026 -0.354902 0.190954 1.499964 0.241956 1.448386 0.494858 0.693420
0.040541 0.142857 -1.281641 -1.372973 -0.101923 -0.102565 -0.399999 -0.402521 0.148498 1.294276 -0.093458 -0.154110 0.498613 0.788541
0.081083 0.095238 -1.151742 -1.535398 -0.091592 -0.114699 -0.359458 -0.450140 0.125079 0.865506 0.218537 1.019617 0.498442 0.896942
0.135137 0.047619 -0.978548 -1.697823 -0.077819 -0.126832 -0.305404 -0.497759 0.143281 0.338790 -0.075256 -0.680827 0.497654 1.020467
0.189190 0.023811 -0.805353 -1.779030 -0.064046 -0.132899 -0.251350 -0.521567 0.190683 0.125200 0.265939 0.806027 0.486663 1.121722
0.243244 0.000000 -0.632159 -1.860248 -0.050272 -0.138966 -0.197296 -0.545378 0.243244 0.000000 -0.022694 -0.806027 0.482703 1.223683
0.297298 0.000000 -0.458965 -1.860248 -0.036499 -0.138966 -0.143243 -0.545378 0.297298 0.000000 0.319993 0.806027 0.463244 1.313949
0.351352 0.000000 -0.285771 -1.860248 -0.022726 -0.138966 -0.089189 -0.545378 0.351352 0.000000 0.031359 -0.806027 0.449478 1.408695
0.445945 0.000000 0.017316 -1.860248 0.001377 -0.138966 0.005404 -0.545378 0.445945 0.000000 0.414586 0.806027 0.440574 -1.560887
0.486487 0.023811 0.147215 -1.779030 0.011707 -0.132899 0.045946 -0.521567 0.487069 0.048906 0.072483 -0.757121 0.419255 -1.482931
0.513513 0.047619 0.233812 -1.697823 0.018594 -0.126832 0.072973 -0.497759 0.515717 0.092467 0.443233 0.849588 0.399641 -1.425231
0.540540 0.095238 0.320409 -1.535398 0.025481 -0.114699 0.100000 -0.450140 0.548866 0.174400 0.105633 -0.675188 0.359491 -1.352194
0.554055 0.166668 0.363711 -1.291755 0.028924 -0.096498 0.113514 -0.378710 0.578580 0.292204 0.472947 0.967392 0.296466 -1.279579
0.554055 0.238094 0.363711 -1.048124 0.028924 -0.078298 0.113514 -0.307283 0.603047 0.405871 0.130100 -0.561521 0.232099 -1.216934
0.554055 0.309524 0.363711 -0.804480 0.028924 -0.060097 0.113514 -0.235853 0.634651 0.509462 0.504552 1.070984 0.173351 -1.122228
0.540540 0.452381 0.320409 -0.317206 0.025481 -0.023696 0.100000 -0.092997 0.704864 0.696843 0.200312 -0.374141 0.100698 -0.749129
0.527028 0.500000 0.277114 -0.154781 0.022038 -0.011563 0.086487 -0.045378 0.726470 0.759088 0.526158 1.133229 0.104954 -0.483194
0.472974 0.619045 0.103920 0.251275 0.008264 0.018771 0.032433 0.073668 0.779052 0.918371 0.252894 -0.214857 0.181427 1.156067
0.432433 0.642857 -0.025979 0.332494 -0.002066 0.024838 -0.008108 0.097479 0.774766 0.978647 0.521872 1.193504 0.202478 -1.487810
0.405406 0.642857 -0.112576 0.332494 -0.008953 0.024838 -0.035135 0.097479 0.760012 1.008157 0.238140 -0.185346 0.205344 -1.224854
0.378379 0.642857 -0.199173 0.332494 -0.015839 0.024838 -0.062162 0.097479 0.745946 1.038809 0.507806 1.224155 0.211650 -1.003119
0.364864 0.619045 -0.242475 0.251275 -0.019283 0.018771 -0.075676 0.073668 0.718570 1.038209 0.210764 -0.185947 0.193884 -0.771948
0.337837 0.571427 -0.329072 0.088850 -0.026169 0.006637 -0.102703 0.026049 0.663824 1.036859 0.453060 1.222806 0.166370 -0.248393
0.337837 0.523808 -0.329072 -0.073574 -0.026169 -0.005496 -0.102703 -0.021570 0.623305 0.997969 0.170245 -0.224837 0.132217 0.207015
0.337837 0.452381 -0.329072 -0.317206 -0.026169 -0.023696 -0.102703 -0.092997 0.564609 0.929347 0.394364 1.154185 0.103384 0.735839
0.351352 0.404762 -0.285771 -0.479631 -0.022726 -0.035830 -0.089189 -0.140616 0.535986 0.855919 0.141622 -0.298266 0.096098 1.005556
0.364864 0.380951 -0.242475 -0.560849 -0.019283 -0.041897 -0.075676 -0.164427 0.527494 0.806964 0.385872 1.105230 0.096322 1.139457
0.418918 0.333332 -0.069281 -0.723274 -0.005510 -0.054031 -0.021623 -0.212046 0.535353 0.672112 0.149481 -0.433118 0.109367 1.469176
0.445945 0.333332 0.017316 -0.723274 0.001377 -0.054031 0.005404 -0.212046 0.556756 0.641882 0.407275 1.075000 0.107345 -1.545315
0.472974 0.333332 0.103920 -0.723274 0.008264 -0.054031 0.032433 -0.212046 0.578632 0.613912 0.171357 -0.461088 0.112007 -1.419018
0.513513 0.357143 0.233812 -0.642055 0.018594 -0.047963 0.072973 -0.188234 0.625498 0.607693 0.454141 1.068781 0.110816 -1.200965
0.513513 0.404762 0.233812 -0.479631 0.018594 -0.035830 0.072973 -0.140616 0.653857 0.667517 0.199716 -0.401263 0.081272 -1.092103
0.527028 0.452381 0.277114 -0.317206 0.022038 -0.023696 0.086487 -0.092997 0.694555 0.709329 0.494840 1.110592 0.087294 -0.821650
0.513513 0.571427 0.233812 0.088850 0.018594 0.006637 0.072973 0.026049 0.768261 0.838727 0.273421 -0.271866 0.149854 0.342866
0.513513 0.619045 0.233812 0.251275 0.018594 0.018771 0.072973 0.073668 0.804309 0.878310 0.530888 1.150175 0.192844 0.790137
0.486487 0.690476 0.147215 0.494919 0.011707 0.036972 0.045946 0.145098 0.844645 0.957012 0.313757 -0.193164 0.254123 1.264131
0.459460 0.785713 0.060618 0.819768 0.004821 0.061239 0.018919 0.240335 0.910191 1.041652 0.596434 1.234816 0.345691 1.492240
0.432433 0.809524 -0.025979 0.900987 -0.002066 0.067306 -0.008108 0.264147 0.917784 1.080179 0.321350 -0.154637 0.369073 -1.540111
0.405406 0.857143 -0.112576 1.063412 -0.008953 0.079440 -0.035135 0.311766 0.948182 1.129003 0.626832 1.283640 0.418082 -1.458573
0.364864 0.904762 -0.242475 1.225837 -0.019283 0.091574 -0.075676 0.359384 0.975562 1.187473 0.348730 -0.096167 0.470349 -1.363256
0.351352 0.904762 -0.285771 1.225837 -0.022726 0.091574 -0.089189 0.359384 0.970589 1.200385 0.621859 1.296552 0.472712 -1.327540
0.337837 0.928570 -0.329072 1.307043 -0.026169 0.097640 -0.102703 0.383192 0.988118 1.221858 0.366258 -0.074694 0.498719 -1.308931
0.351352 0.928570 -0.285771 1.307043 -0.022726 0.097640 -0.089189 0.383192 0.992819 1.209066 0.626561 1.283760 0.496112 -1.342116
0.364864 0.952381 -0.242475 1.388262 -0.019283 0.103707 -0.075676 0.407003 1.019880 1.204937 0.393319 -0.078823 0.517405 -1.386960
0.405406 0.952381 -0.112576 1.388262 -0.008953 0.103707 -0.035135 0.407003 1.035077 1.168353 0.641757 1.247176 0.513045 -1.484684
0.432433 0.952381 -0.025979 1.388262 -0.002066 0.103707 -0.008108 0.407003 1.045958 1.144576 0.404201 -0.102600 0.511905 -1.550878
0.527028 0.952381 0.277114 1.388262 0.022038 0.103707 0.086487 0.407003 1.088480 1.065362 0.684279 1.167963 0.519096 1.361413
0.581082 0.976189 0.450308 1.469468 0.035811 0.109774 0.140541 0.430811 1.136046 1.033873 0.451767 -0.134090 0.553778 1.255457
0.689189 0.976189 0.796697 1.469468 0.063357 0.109774 0.248649 0.430811 1.194959 0.956055 0.743192 1.090145 0.590546 1.047337
0.743243 1.000000 0.969891 1.550687 0.077131 0.115841 0.302702 0.454622 1.245958 0.931634 0.502766 -0.158511 0.636100 0.983371
0.837836 1.000000 1.272978 1.550687 0.101234 0.115841 0.397296 0.454622 1.304596 0.873406 0.801830 1.031918 0.686177 0.852588
0.878378 1.000000 1.402877 1.550687 0.111564 0.115841 0.437837 0.454622 1.330995 0.850056 0.529165 -0.181861 0.710420 0.804204
0.905405 1.000000 1.489474 1.550687 0.118451 0.115841 0.464864 0.454622 1.348984 0.835003 0.819819 1.016864 0.727388 0.774260
0.959459 0.976189 1.662668 1.469468 0.132224 0.109774 0.518918 0.430811 1.368761 0.794041 0.548941 -0.222823 0.745784 0.692892
0.972973 0.952381 1.705970 1.388262 0.135667 0.103707 0.532432 0.407003 1.361509 0.774703 0.812567 0.997527 0.738556 0.652668
1.000000 0.904762 1.792567 1.225837 0.142554 0.091574 0.559459 0.359384 1.348553 0.735440 0.535985 -0.262087 0.726977 0.570999
1.000000 0.833332 1.792567 0.982193 0.142554 0.073373 0.559459 0.287954 1.301708 0.694738 0.765722 0.956824 0.683579 0.475339
0.986486 0.809524 1.749266 0.900987 0.139110 0.067306 0.545945 0.264147 1.276121 0.687185 0.510398 -0.269639 0.658942 0.450631
0.945946 0.761906 1.619373 0.738562 0.128781 0.055173 0.505405 0.216528 1.214625 0.678051 0.704227 0.947690 0.598924 0.404767
0.905405 0.714287 1.489474 0.576137 0.118451 0.043039 0.464864 0.168909 1.153240 0.667945 0.449014 -0.279746 0.539477 0.348519
0.878378 0.714287 1.402877 0.576137 0.111564 0.043039 0.437837 0.168909 1.132145 0.682731 0.683132 0.962477 0.516370 0.368188
0.851351 0.738094 1.316280 0.657344 0.104677 0.049105 0.410810 0.192717 1.126757 0.714263 0.443625 -0.248214 0.507251 0.438634
0.851351 0.761906 1.316280 0.738562 0.104677 0.055173 0.410810 0.216528 1.142497 0.730011 0.698871 0.978225 0.521575 0.485072
0.837836 0.833332 1.272978 0.982193 0.101234 0.073373 0.397296 0.287954 1.181699 0.782703 0.482828 -0.195522 0.558685 0.627168
0.851351 0.904762 1.316280 1.225837 0.104677 0.091574 0.410810 0.359384 1.242334 0.815803 0.759506 1.011325 0.619892 0.718727
0.851351 0.928570 1.316280 1.307043 0.104677 0.097640 0.410810 0.383192 1.259778 0.828754 0.500272 -0.182571 0.637916 0.750629
0.851351 0.952381 1.316280 1.388262 0.104677 0.103707 0.410810 0.407003 1.277430 0.841351 0.777158 1.023922 0.656312 0.780743
