0.031746 0.387096 -1.209338 -0.448125 -0.121288 -0.044681 -0.362278 -0.133459 0.388395 1.488969 0.388395 1.488969 0.362344 0.352961
0.079364 0.387096 -1.050383 -0.448125 -0.105346 -0.044681 -0.314660 -0.133459 0.395148 1.368575 0.006752 -0.120394 0.314736 0.401139
0.095238 0.387096 -0.997392 -0.448125 -0.100031 -0.044681 -0.298786 -0.133459 0.398640 1.329556 0.391887 1.449949 0.298866 0.420082
0.111110 0.387096 -0.944410 -0.448125 -0.094717 -0.044681 -0.282914 -0.133459 0.402726 1.291277 0.010839 -0.158673 0.282999 0.440776
0.142856 0.451612 -0.838437 -0.231494 -0.084089 -0.023082 -0.251168 -0.068943 0.473668 1.264431 0.462828 1.423104 0.257685 0.267891
0.126984 0.516128 -0.891419 -0.014864 -0.089403 -0.001482 -0.267040 -0.004427 0.531519 1.329556 0.068691 -0.093548 0.293632 0.016576
0.079364 0.548383 -1.050383 0.093443 -0.105346 0.009317 -0.314660 0.027829 0.554096 1.427071 0.485405 1.520619 0.350482 -0.088211
0.063492 0.548383 -1.103365 0.093443 -0.110659 0.009317 -0.330532 0.027829 0.552047 1.455529 0.066641 -0.065090 0.364799 -0.083996
0.015872 0.516128 -1.262329 -0.014864 -0.126602 -0.001482 -0.378152 -0.004427 0.516372 1.540054 0.449731 1.605144 0.397377 0.011706
0.000000 0.451612 -1.315311 -0.231494 -0.131916 -0.023082 -0.394024 -0.068943 0.451612 1.570796 0.001881 -0.034348 0.398210 0.173218
0.000000 0.322580 -1.315311 -0.664755 -0.131916 -0.066280 -0.394024 -0.197975 0.322580 1.570796 0.320699 1.605144 0.400448 0.465601
0.047618 0.129032 -1.156356 -1.314645 -0.115974 -0.131079 -0.346406 -0.391523 0.137538 1.217262 -0.183161 -0.387882 0.436139 0.846462
0.095238 0.064516 -0.997392 -1.531275 -0.100031 -0.152678 -0.298786 -0.456039 0.115033 0.595409 0.298194 0.983291 0.444801 0.990791
0.158730 0.032256 -0.785446 -1.639598 -0.078774 -0.163479 -0.235294 -0.488299 0.161974 0.200480 -0.136219 -0.782811 0.431555 1.121763
0.269840 0.000000 -0.414545 -1.747905 -0.041576 -0.174278 -0.124184 -0.520555 0.269840 0.000000 0.406059 0.782811 0.413130 1.336613
0.349206 0.000000 -0.149608 -1.747905 -0.015005 -0.174278 -0.044818 -0.520555 0.349206 0.000000 -0.056853 -0.782811 0.396564 1.484912
0.380952 0.032256 -0.043635 -1.639598 -0.004376 -0.163479 -0.013072 -0.488299 0.382315 0.084469 0.439168 0.867281 0.362004 1.544033
0.412698 0.161287 0.062338 -1.206338 0.006252 -0.120280 0.018674 -0.359267 0.443095 0.372561 0.003927 -0.494719 0.233484 -1.518864
0.412698 0.290319 0.062338 -0.773078 0.006252 -0.077081 0.018674 -0.230235 0.504584 0.613049 0.500657 1.107769 0.105372 -1.489864
0.365078 0.387096 -0.096626 -0.448125 -0.009691 -0.044681 -0.028946 -0.133459 0.532095 0.814662 0.031438 -0.293106 0.029763 1.357214
0.333332 0.419351 -0.202599 -0.339818 -0.020319 -0.033882 -0.060692 -0.101203 0.535692 0.899188 0.504254 1.192295 0.065765 1.030595
0.285714 0.451612 -0.361554 -0.231494 -0.036261 -0.023082 -0.108310 -0.068943 0.534402 1.006712 0.030148 -0.185583 0.122668 0.566850
0.253968 0.451612 -0.467527 -0.231494 -0.046890 -0.023082 -0.140056 -0.068943 0.518124 1.058514 0.487976 1.244097 0.151433 0.457431
0.238094 0.387096 -0.520518 -0.448125 -0.052204 -0.044681 -0.155930 -0.133459 0.454458 1.019364 -0.033519 -0.224732 0.156084 0.707903
0.253968 0.322580 -0.467527 -0.664755 -0.046890 -0.066280 -0.140056 -0.197975 0.410558 0.903846 0.444076 1.128578 0.157225 0.955093
0.269840 0.290319 -0.414545 -0.773078 -0.041576 -0.077081 -0.124184 -0.230235 0.396357 0.821942 -0.047719 -0.306636 0.161791 1.076144
0.317460 0.258064 -0.255581 -0.881385 -0.025633 -0.087880 -0.076564 -0.262491 0.409118 0.682559 0.456837 0.989194 0.156035 1.286988
0.380952 0.258064 -0.043635 -0.881385 -0.004376 -0.087880 -0.013072 -0.262491 0.460132 0.595409 0.003294 -0.393785 0.136587 1.521039
0.444444 0.290319 0.168310 -0.773078 0.016880 -0.077081 0.050420 -0.230235 0.530863 0.578635 0.527569 0.972420 0.115312 -1.355205
0.460318 0.322580 0.221301 -0.664755 0.022195 -0.066280 0.066294 -0.197975 0.562095 0.611247 0.034526 -0.361174 0.097464 -1.247670
0.476190 0.387096 0.274283 -0.448125 0.027509 -0.044681 0.082166 -0.133459 0.613677 0.682559 0.579151 1.043732 0.082458 -1.018936
0.476190 0.516128 0.274283 -0.014864 0.027509 -0.001482 0.082166 -0.004427 0.702243 0.825624 0.123091 -0.218109 0.147176 -0.053825
0.444444 0.677415 0.168310 0.526703 0.016880 0.052516 0.050420 0.156861 0.810199 0.990153 0.687107 1.208262 0.287842 1.259794
0.380952 0.806447 -0.043635 0.959963 -0.004376 0.095715 -0.013072 0.285893 0.891898 1.129485 0.204790 -0.078777 0.412631 -1.525106
0.333332 0.903224 -0.202599 1.284916 -0.020319 0.128115 -0.060692 0.382669 0.962768 1.217255 0.757978 1.296032 0.512804 -1.413505
0.317460 0.935479 -0.255581 1.393223 -0.025633 0.138913 -0.076564 0.414925 0.987878 1.243636 0.229899 -0.052396 0.546842 -1.388324
0.301586 0.967740 -0.308572 1.501546 -0.030947 0.149714 -0.092438 0.447185 1.013644 1.268696 0.783744 1.321092 0.581115 -1.366957
0.301586 1.000000 -0.308572 1.609869 -0.030947 0.160514 -0.092438 0.479445 1.044487 1.277885 0.260743 -0.043207 0.612986 -1.380332
0.365078 1.000000 -0.096626 1.609869 -0.009691 0.160514 -0.028946 0.479445 1.064557 1.220753 0.803814 1.263960 0.606667 -1.510496
0.428572 1.000000 0.115328 1.609869 0.011567 0.160514 0.034548 0.479445 1.087968 1.165904 0.284154 -0.098056 0.606960 1.498861
0.666666 0.967740 0.910121 1.501546 0.091278 0.149714 0.272642 0.447185 1.175144 0.967566 0.890990 1.065621 0.635204 1.023286
0.825396 0.935479 1.439986 1.393223 0.144420 0.138913 0.431372 0.414925 1.247557 0.847833 0.356567 -0.217788 0.692283 0.765966
0.888888 0.935479 1.651932 1.393223 0.165677 0.138913 0.494864 0.414925 1.290443 0.810931 0.933876 1.028719 0.733529 0.697757
0.984128 0.870963 1.969859 1.176593 0.197562 0.117314 0.590105 0.350409 1.314186 0.724471 0.380311 -0.304248 0.758745 0.535854
1.000000 0.774192 2.022842 0.851656 0.202876 0.084916 0.605976 0.253637 1.264663 0.658805 0.884353 0.963053 0.715357 0.396403
1.000000 0.677415 2.022842 0.526703 0.202876 0.052516 0.605976 0.156861 1.207846 0.595407 0.323493 -0.367646 0.668968 0.253296
0.952382 0.645160 1.863886 0.418396 0.186934 0.041717 0.558359 0.124605 1.150332 0.595408 0.826838 0.963054 0.612237 0.219565
0.888888 0.645160 1.651932 0.418396 0.165677 0.041717 0.494864 0.124605 1.098341 0.627836 0.271502 -0.335218 0.554941 0.246669
0.873016 0.677415 1.598950 0.526703 0.160363 0.052516 0.478992 0.156861 1.105011 0.659902 0.833508 0.995120 0.556547 0.316474
0.857142 0.806447 1.545959 0.959963 0.155048 0.095715 0.463118 0.285893 1.176881 0.754935 0.343373 -0.240186 0.620138 0.553058
0.857142 0.967740 1.545959 1.501546 0.155048 0.149714 0.463118 0.447185 1.292754 0.845930 0.949381 1.086115 0.737312 0.767897
