0.131147 0.533331 -1.158889 -0.294496 -0.096814 -0.025173 -0.321404 -0.083570 0.549219 1.329678 0.549219 1.329678 0.331400 0.254383
0.147542 0.533331 -1.099775 -0.294496 -0.091876 -0.025173 -0.305010 -0.083570 0.553363 1.300904 0.004144 -0.028774 0.315525 0.267429
0.163934 0.533331 -1.040670 -0.294496 -0.086938 -0.025173 -0.288618 -0.083570 0.557957 1.272585 0.553813 1.301359 0.299709 0.281845
0.180328 0.533331 -0.981555 -0.294496 -0.082000 -0.025173 -0.272223 -0.083570 0.562992 1.244746 0.009179 -0.056613 0.283955 0.297859
0.180328 0.566666 -0.981555 -0.177023 -0.082000 -0.015132 -0.272223 -0.050234 0.594667 1.262703 0.585488 1.319316 0.295174 0.182481
0.196721 0.599997 -0.922450 -0.059568 -0.077062 -0.005092 -0.255831 -0.016904 0.631423 1.253971 0.045935 -0.065344 0.295279 0.065978
0.196721 0.633333 -0.922450 0.057905 -0.077062 0.004950 -0.255831 0.016432 0.663181 1.269633 0.617246 1.334977 0.313259 -0.064141
0.196721 0.666668 -0.922450 0.175378 -0.077062 0.014991 -0.255831 0.049768 0.695087 1.283859 0.077841 -0.051118 0.333610 -0.192133
0.180328 0.666668 -0.981555 0.175378 -0.082000 0.014991 -0.272223 0.049768 0.690627 1.306626 0.612786 1.357744 0.346340 -0.180822
0.131147 0.699999 -1.158889 0.292833 -0.096814 0.025031 -0.321404 0.083098 0.712178 1.385590 0.099393 0.027847 0.405624 -0.253007
0.081968 0.666668 -1.336214 0.175378 -0.111628 0.014991 -0.370583 0.049768 0.671689 1.448458 0.572296 1.420612 0.427993 -0.133497
0.049181 0.633333 -1.454433 0.057905 -0.121504 0.004950 -0.403370 0.016432 0.635239 1.493297 0.062943 0.072685 0.442029 -0.040714
0.016395 0.599997 -1.572652 -0.059568 -0.131380 -0.005092 -0.436157 -0.016904 0.600221 1.543479 0.537277 1.470793 0.460405 0.038737
0.000000 0.500000 -1.631767 -0.411951 -0.136319 -0.035213 -0.452551 -0.116901 0.500000 1.570796 -0.037277 0.100003 0.455032 0.252789
0.000000 0.399998 -1.631767 -0.764353 -0.136319 -0.065336 -0.452551 -0.216903 0.399998 1.570796 0.437275 1.470793 0.455593 0.446942
0.016395 0.300001 -1.572652 -1.116736 -0.131380 -0.095458 -0.436157 -0.316900 0.300449 1.516202 -0.136827 0.045409 0.462065 0.628339
0.049181 0.199999 -1.454433 -1.469137 -0.121504 -0.125580 -0.403370 -0.416902 0.205957 1.329673 0.342784 1.284264 0.475910 0.801893
0.098360 0.133333 -1.277108 -1.704066 -0.106691 -0.145662 -0.354191 -0.483568 0.165687 0.935210 -0.177097 -0.349054 0.476814 0.938620
0.245902 0.033336 -0.745117 -2.056449 -0.062248 -0.175783 -0.206649 -0.583565 0.248151 0.134744 0.425248 0.483797 0.467382 1.230460
0.327870 0.000000 -0.449564 -2.173922 -0.037557 -0.185825 -0.124681 -0.616901 0.327870 0.000000 -0.097378 -0.483797 0.469413 1.371374
0.409836 0.033336 -0.154020 -2.056449 -0.012867 -0.175783 -0.042716 -0.583565 0.411189 0.081160 0.508567 0.564958 0.421386 1.497729
0.475409 0.066666 0.082419 -1.938994 0.006885 -0.165743 0.022858 -0.550234 0.480061 0.139321 -0.028506 -0.425637 0.386561 -1.529278
0.540983 0.133333 0.318858 -1.704066 0.026638 -0.145662 0.088431 -0.483568 0.557171 0.241648 0.585678 0.667285 0.331241 -1.389922
0.606556 0.266665 0.555297 -1.234209 0.046390 -0.105499 0.154005 -0.350235 0.662587 0.414204 0.076909 -0.253081 0.241394 -1.156525
0.622951 0.333332 0.614411 -0.999281 0.051328 -0.085418 0.170400 -0.283569 0.706525 0.491320 0.629616 0.744401 0.207965 -1.029708
0.622951 0.366667 0.614411 -0.881808 0.051328 -0.075376 0.170400 -0.250233 0.722851 0.531993 0.093234 -0.212408 0.190820 -0.972962
0.606556 0.433334 0.555297 -0.646880 0.046390 -0.055295 0.154005 -0.183567 0.745445 0.620336 0.652211 0.832744 0.155199 -0.872748
0.590164 0.500000 0.496191 -0.411951 0.041452 -0.035213 0.137613 -0.116901 0.773495 0.702879 0.121283 -0.129865 0.145563 -0.704198
0.524591 0.566666 0.259753 -0.177023 0.021700 -0.015132 0.072039 -0.050234 0.772209 0.823936 0.650925 0.953801 0.134951 -0.608925
0.491804 0.566666 0.141533 -0.177023 0.011824 -0.015132 0.039253 -0.050234 0.750321 0.856008 0.099396 -0.097793 0.120677 -0.907508
0.459017 0.599997 0.023314 -0.059568 0.001948 -0.005092 0.006466 -0.016904 0.755442 0.917744 0.656046 1.015537 0.147587 -1.205462
0.426230 0.599997 -0.094906 -0.059568 -0.007928 -0.005092 -0.026321 -0.016904 0.735981 0.953133 0.079935 -0.062404 0.149777 0.570885
0.393444 0.566666 -0.213125 -0.177023 -0.017805 -0.015132 -0.059108 -0.050234 0.689861 0.963898 0.609926 1.026302 0.128514 0.704424
0.377049 0.466664 -0.272239 -0.529424 -0.022743 -0.045255 -0.075502 -0.150236 0.599951 0.891217 -0.009975 -0.135085 0.076810 1.105105
0.377049 0.399998 -0.272239 -0.764353 -0.022743 -0.065336 -0.075502 -0.216903 0.549695 0.814923 0.559670 0.950008 0.091992 1.235821
0.393444 0.333332 -0.213125 -0.999281 -0.017805 -0.085418 -0.059108 -0.283569 0.515663 0.702875 -0.044007 -0.247133 0.133068 1.365297
0.426230 0.300001 -0.094906 -1.116736 -0.007928 -0.095458 -0.026321 -0.316900 0.521223 0.613303 0.565230 0.860436 0.154804 1.487929
0.475409 0.300001 0.082419 -1.116736 0.006885 -0.095458 0.022858 -0.316900 0.562152 0.562929 -0.003078 -0.297507 0.154253 -1.498791
0.540983 0.366667 0.318858 -0.881808 0.026638 -0.075376 0.088431 -0.250233 0.653535 0.595657 0.656612 0.893164 0.123273 -1.231099
0.573770 0.399998 0.437077 -0.764353 0.036514 -0.065336 0.121218 -0.216903 0.699435 0.608804 0.042823 -0.284360 0.132120 -1.061177
0.590164 0.466664 0.496191 -0.529424 0.041452 -0.045255 0.137613 -0.150236 0.752376 0.669067 0.709553 0.953427 0.138335 -0.829225
0.590164 0.599997 0.496191 -0.059568 0.041452 -0.005092 0.137613 -0.016904 0.841600 0.793660 0.132047 -0.159767 0.201687 -0.122224
0.540983 0.666668 0.318858 0.175378 0.026638 0.014991 0.088431 0.049768 0.858551 0.889099 0.726504 1.048866 0.231660 0.512603
0.491804 0.733335 0.141533 0.410306 0.011824 0.035073 0.039253 0.116434 0.882978 0.980048 0.156475 -0.068818 0.283514 1.245639
0.442623 0.800001 -0.035800 0.645234 -0.002991 0.055154 -0.009929 0.183100 0.914285 1.065440 0.757810 1.134259 0.347591 -1.516623
0.327870 0.866667 -0.449564 0.880163 -0.037557 0.075235 -0.124681 0.249767 0.926613 1.209126 0.168803 0.074867 0.432478 -1.107796
0.278689 0.899998 -0.626897 0.997618 -0.052371 0.085275 -0.173863 0.283097 0.942159 1.270506 0.773356 1.195639 0.480038 -1.020041
0.196721 0.899998 -0.922450 0.997618 -0.077062 0.085275 -0.255831 0.283097 0.921247 1.355602 0.147890 0.159963 0.515420 -0.835949
0.180328 0.899998 -0.981555 0.997618 -0.082000 0.085275 -0.272223 0.283097 0.917886 1.373049 0.769996 1.213086 0.523750 -0.804978
0.196721 0.899998 -0.922450 0.997618 -0.077062 0.085275 -0.255831 0.283097 0.921247 1.355602 0.151251 0.142516 0.515420 -0.835949
0.245902 0.933334 -0.745117 1.115091 -0.062248 0.095317 -0.206649 0.316433 0.965184 1.313184 0.813933 1.170668 0.523312 -0.992274
0.295081 0.933334 -0.567792 1.115091 -0.047434 0.095317 -0.157470 0.316433 0.978869 1.264582 0.164936 0.093914 0.505914 -1.109036
0.360657 0.966664 -0.331344 1.232546 -0.027681 0.105357 -0.091894 0.349764 1.031753 1.213698 0.866816 1.119784 0.522261 -1.313870
0.508196 1.000000 0.200638 1.350019 0.016761 0.115398 0.055645 0.383099 1.121723 1.100613 0.254907 -0.019170 0.550269 1.426556
0.573770 1.000000 0.437077 1.350019 0.036514 0.115398 0.121218 0.383099 1.152914 1.049887 0.898007 1.069057 0.560708 1.264349
0.655738 1.000000 0.732630 1.350019 0.061204 0.115398 0.203186 0.383099 1.195823 0.990398 0.297816 -0.078659 0.583939 1.083145
0.819672 1.000000 1.323727 1.350019 0.110585 0.115398 0.367120 0.383099 1.293005 0.884175 0.995189 0.962834 0.659149 0.806694
0.885245 1.000000 1.560166 1.350019 0.130337 0.115398 0.432694 0.383099 1.335537 0.846193 0.340348 -0.116641 0.697799 0.724680
0.934426 0.966664 1.737499 1.232546 0.145152 0.105357 0.481875 0.349764 1.344467 0.802354 1.004120 0.918995 0.704639 0.627858
0.983605 0.899998 1.914824 0.997618 0.159966 0.085275 0.531054 0.283097 1.333220 0.741040 0.329100 -0.177955 0.694426 0.489764
1.000000 0.866667 1.973938 0.880163 0.164904 0.075235 0.547449 0.249767 1.323296 0.714091 0.994196 0.892046 0.686434 0.428029
0.967213 0.800001 1.855719 0.645234 0.155028 0.055154 0.514662 0.183100 1.255190 0.691060 0.260995 -0.200986 0.620965 0.341804
0.934426 0.766665 1.737499 0.527761 0.145152 0.045113 0.481875 0.149765 1.208689 0.687096 0.947694 0.888082 0.575214 0.301331
0.852458 0.733335 1.441946 0.410306 0.120461 0.035073 0.399907 0.116434 1.124484 0.710420 0.176790 -0.177663 0.488636 0.283320
0.770490 0.733335 1.146393 0.410306 0.095771 0.035073 0.317939 0.116434 1.063689 0.760696 0.886899 0.938359 0.424175 0.351046
0.754098 0.766665 1.087288 0.527761 0.090833 0.045113 0.301547 0.149765 1.075379 0.793662 0.188480 -0.144697 0.435428 0.460968
0.754098 0.866667 1.087288 0.880163 0.090833 0.075235 0.301547 0.249767 1.148815 0.854741 0.960335 0.999438 0.512272 0.691751
0.786885 0.933334 1.205508 1.115091 0.100709 0.095317 0.334333 0.316433 1.220778 0.870327 0.260443 -0.129111 0.585603 0.757898
0.852458 0.966664 1.441946 1.232546 0.120461 0.105357 0.399907 0.349764 1.288846 0.848097 1.028403 0.977207 0.651335 0.718610
0.901640 0.966664 1.619280 1.232546 0.135276 0.105357 0.449088 0.349764 1.321890 0.820188 0.293487 -0.157019 0.682636 0.661699
0.934426 0.933334 1.737499 1.115091 0.145152 0.095317 0.481875 0.316433 1.320706 0.784813 1.027219 0.941832 0.680702 0.581050
