0.249999 0.666667 -0.825355 0.279777 -0.054783 0.017074 -0.239776 0.074731 0.712000 1.212027 0.712000 1.212027 0.297965 -0.302127
0.267858 0.666667 -0.763883 0.279777 -0.050703 0.017074 -0.221917 0.074731 0.718465 1.188751 0.006465 -0.023276 0.283792 -0.324822
0.267858 0.700003 -0.763883 0.404580 -0.050703 0.024691 -0.221917 0.108066 0.749501 1.205333 0.743036 1.228609 0.305684 -0.453167
0.267858 0.733333 -0.763883 0.529364 -0.050703 0.032306 -0.221917 0.141397 0.780721 1.220592 0.037686 -0.008018 0.329496 -0.567297
0.232144 0.766669 -0.886818 0.654168 -0.058863 0.039922 -0.257632 0.174733 0.801044 1.276777 0.763359 1.284795 0.378212 -0.595964
0.214285 0.766669 -0.948291 0.654168 -0.062943 0.039922 -0.275490 0.174733 0.796053 1.298250 0.032694 0.013455 0.390596 -0.565233
0.196429 0.766669 -1.009754 0.654168 -0.067023 0.039922 -0.293346 0.174733 0.791433 1.319980 0.758739 1.306525 0.403388 -0.537219
0.178571 0.766669 -1.071226 0.654168 -0.071103 0.039922 -0.311204 0.174733 0.787191 1.341958 0.028451 0.035433 0.416555 -0.511610
0.142857 0.766669 -1.194161 0.654168 -0.079263 0.039922 -0.346918 0.174733 0.779865 1.386575 0.751414 1.351142 0.443872 -0.466581
0.125001 0.766669 -1.255624 0.654168 -0.083342 0.039922 -0.364774 0.174733 0.776793 1.409174 0.025379 0.058033 0.457963 -0.446721
0.107143 0.733333 -1.317096 0.529364 -0.087423 0.032306 -0.382633 0.141397 0.741119 1.425719 0.715740 1.367687 0.453573 -0.353973
0.089287 0.733333 -1.378559 0.529364 -0.091502 0.032306 -0.400488 0.141397 0.738749 1.449638 0.023009 0.081951 0.468734 -0.339400
0.071428 0.700003 -1.440032 0.404580 -0.095583 0.024691 -0.418347 0.108066 0.703637 1.469108 0.680628 1.387157 0.468198 -0.252792
0.053573 0.666667 -1.501495 0.279777 -0.099662 0.017074 -0.436202 0.074731 0.668816 1.490610 -0.011813 0.103453 0.470705 -0.169674
0.035714 0.666667 -1.562967 0.279777 -0.103742 0.017074 -0.454061 0.074731 0.667623 1.517276 0.679435 1.413823 0.487301 -0.163120
0.035714 0.633336 -1.562967 0.154993 -0.103742 0.009459 -0.454061 0.041400 0.634342 1.514465 -0.045093 0.100642 0.476215 -0.090925
0.017856 0.600000 -1.624439 0.030190 -0.107823 0.001842 -0.471919 0.008064 0.600266 1.541046 0.645359 1.440404 0.484621 -0.017086
0.000000 0.533333 -1.685902 -0.219398 -0.111902 -0.013389 -0.489775 -0.058603 0.533333 1.570796 -0.112026 0.130393 0.491708 0.119086
0.000000 0.500003 -1.685902 -0.344182 -0.111902 -0.021005 -0.489775 -0.091934 0.500003 1.570796 0.612028 1.440404 0.489882 0.185547
0.000000 0.466667 -1.685902 -0.468985 -0.111902 -0.028621 -0.489775 -0.125269 0.466667 1.570796 -0.145361 0.130393 0.490320 0.250401
0.000000 0.433336 -1.685902 -0.593769 -0.111902 -0.036236 -0.489775 -0.158600 0.433336 1.570796 0.578697 1.440404 0.493016 0.313167
0.017856 0.366664 -1.624439 -0.843375 -0.107823 -0.051469 -0.471919 -0.225272 0.367099 1.522137 -0.211599 0.081733 0.487713 0.445366
0.017856 0.333333 -1.624439 -0.968160 -0.107823 -0.059085 -0.471919 -0.258603 0.333811 1.517280 0.545410 1.435547 0.497174 0.501292
0.035714 0.299997 -1.562967 -1.092963 -0.103742 -0.066701 -0.454061 -0.291939 0.302116 1.452306 -0.243294 0.016759 0.492125 0.571403
0.053573 0.233331 -1.501495 -1.342550 -0.099662 -0.081933 -0.436202 -0.358605 0.239402 1.345108 0.482696 1.328350 0.506000 0.688076
0.071428 0.200000 -1.440032 -1.467334 -0.095583 -0.089548 -0.418347 -0.391936 0.212372 1.227773 -0.270324 -0.100576 0.508904 0.752815
0.107143 0.166664 -1.317096 -1.592138 -0.087423 -0.097165 -0.382633 -0.425272 0.198132 0.999453 0.468456 1.100030 0.500808 0.838127
0.125001 0.133333 -1.255624 -1.716922 -0.083342 -0.104780 -0.364774 -0.458603 0.182765 0.817641 -0.285691 -0.282389 0.510011 0.898865
0.160715 0.066667 -1.132689 -1.966509 -0.075183 -0.120012 -0.329060 -0.525269 0.173994 0.393210 0.459685 0.675599 0.536005 1.011148
0.178571 0.066667 -1.071226 -1.966509 -0.071103 -0.120012 -0.311204 -0.525269 0.190610 0.357310 -0.269075 -0.318289 0.525232 1.035935
0.214285 0.033331 -0.948291 -2.091312 -0.062943 -0.127628 -0.275490 -0.558605 0.216862 0.154308 0.485937 0.472597 0.533138 1.112624
0.267858 0.000000 -0.763883 -2.216097 -0.050703 -0.135244 -0.221917 -0.591936 0.267858 0.000000 -0.218079 -0.472597 0.537705 1.212113
0.303572 0.000000 -0.640948 -2.216097 -0.042543 -0.135244 -0.186203 -0.591936 0.303572 0.000000 0.521651 0.472597 0.523976 1.266030
0.321428 0.000000 -0.579485 -2.216097 -0.038463 -0.135244 -0.168347 -0.591936 0.321428 0.000000 -0.200224 -0.472597 0.517900 1.293711
0.375000 0.000000 -0.395077 -2.216097 -0.026223 -0.135244 -0.114775 -0.591936 0.375000 0.000000 0.575224 0.472597 0.503044 1.379276
0.410715 0.033331 -0.272142 -2.091312 -0.018064 -0.127628 -0.079061 -0.558605 0.412065 0.080976 -0.163159 -0.391621 0.463241 1.430198
0.428570 0.033331 -0.210679 -2.091312 -0.013984 -0.127628 -0.061205 -0.558605 0.429864 0.077616 0.593024 0.469237 0.460529 1.461664
0.446429 0.066667 -0.149207 -1.966509 -0.009904 -0.120012 -0.043346 -0.525269 0.451379 0.148238 -0.141645 -0.320999 0.425323 1.488461
0.464284 0.099997 -0.087744 -1.841725 -0.005824 -0.112397 -0.025491 -0.491939 0.474931 0.212139 0.616576 0.533138 0.390610 1.519026
0.482143 0.099997 -0.026271 -1.841725 -0.001744 -0.112397 -0.007632 -0.491939 0.492404 0.204503 -0.124172 -0.328635 0.389852 1.555283
0.499999 0.133333 0.035192 -1.716922 0.002336 -0.104780 0.010224 -0.458603 0.517471 0.260603 0.641643 0.589238 0.356588 -1.548507
0.535713 0.200000 0.158127 -1.467334 0.010496 -0.089548 0.045938 -0.391936 0.571829 0.357310 -0.069814 -0.231929 0.293394 -1.454121
0.553571 0.200000 0.219599 -1.467334 0.014576 -0.089548 0.063796 -0.391936 0.588593 0.346697 0.658407 0.578626 0.296715 -1.409439
0.571427 0.233331 0.281062 -1.342550 0.018656 -0.081933 0.081652 -0.358605 0.617229 0.387667 -0.041178 -0.190960 0.269130 -1.346920
0.589285 0.299997 0.342534 -1.092963 0.022736 -0.066701 0.099510 -0.291939 0.661253 0.470891 0.702431 0.661850 0.214285 -1.242287
0.607144 0.333333 0.404007 -0.968160 0.026816 -0.059085 0.117369 -0.258603 0.692629 0.502089 -0.009802 -0.159761 0.195575 -1.144739
0.625000 0.366664 0.465470 -0.843375 0.030896 -0.051469 0.135225 -0.225272 0.724615 0.530555 0.734417 0.690316 0.182872 -1.030176
0.625000 0.400000 0.465470 -0.718572 0.030896 -0.043853 0.135225 -0.191936 0.742041 0.569313 0.007624 -0.121002 0.162312 -0.957037
0.625000 0.433336 0.465470 -0.593769 0.030896 -0.036236 0.135225 -0.158600 0.760529 0.606241 0.752905 0.727243 0.146530 -0.864787
0.625000 0.466667 0.465470 -0.468985 0.030896 -0.028621 0.135225 -0.125269 0.780002 0.641365 0.027096 -0.085879 0.137185 -0.747200
0.625000 0.500003 0.465470 -0.344182 0.030896 -0.021005 0.135225 -0.091934 0.800392 0.674744 0.773296 0.760622 0.135611 -0.597080
0.625000 0.533333 0.465470 -0.219398 0.030896 -0.013389 0.135225 -0.058603 0.821626 0.706426 0.048330 -0.054196 0.142067 -0.408942
0.625000 0.566669 0.465470 -0.094595 0.030896 -0.005773 0.135225 -0.025267 0.843646 0.736489 0.795316 0.790684 0.155558 -0.184721
0.625000 0.600000 0.465470 0.030190 0.030896 0.001842 0.135225 0.008064 0.866386 0.764993 0.071070 -0.025691 0.174457 0.059563
0.607144 0.633336 0.404007 0.154993 0.026816 0.009459 0.117369 0.041400 0.877347 0.806509 0.806277 0.832201 0.185432 0.339107
0.589285 0.633336 0.342534 0.154993 0.022736 0.009459 0.099510 0.041400 0.865085 0.821412 0.058808 -0.010789 0.174677 0.394252
0.571427 0.633336 0.281062 0.154993 0.018656 0.009459 0.081652 0.041400 0.853020 0.836740 0.794212 0.847528 0.165157 0.469254
0.553571 0.633336 0.219599 0.154993 0.014576 0.009459 0.063796 0.041400 0.841163 0.852501 0.046951 0.004973 0.157098 0.575628
0.535713 0.666667 0.158127 0.279777 0.010496 0.017074 0.045938 0.074731 0.855238 0.893883 0.808288 0.888910 0.182759 1.019630
0.517857 0.666667 0.096664 0.279777 0.006416 0.017074 0.028082 0.074731 0.844168 0.910372 0.035881 0.021461 0.179107 1.211345
0.499999 0.666667 0.035192 0.279777 0.002336 0.017074 0.010224 0.074731 0.833333 0.927297 0.797452 0.905835 0.177187 1.434835
0.482143 0.633336 -0.026271 0.154993 -0.001744 0.009459 -0.007632 0.041400 0.795975 0.920118 -0.001477 0.014283 0.143764 -1.388490
0.464284 0.633336 -0.087744 0.154993 -0.005824 0.009459 -0.025491 0.041400 0.785286 0.938214 0.786763 0.923931 0.145806 -1.018899
0.446429 0.633336 -0.149207 0.154993 -0.009904 0.009459 -0.043346 0.041400 0.774863 0.956800 -0.011900 0.032869 0.149962 -0.762432
0.446429 0.600000 -0.149207 0.030190 -0.009904 0.001842 -0.043346 0.008064 0.747863 0.931115 0.759762 0.898247 0.118442 -0.183932
0.428570 0.600000 -0.210679 0.030190 -0.013984 0.001842 -0.061205 0.008064 0.737341 0.950548 -0.022421 0.052301 0.126078 -0.130998
0.428570 0.566669 -0.210679 -0.094595 -0.013984 -0.005773 -0.061205 -0.025267 0.710483 0.923277 0.732904 0.870976 0.098279 0.391514
0.428570 0.533333 -0.210679 -0.219398 -0.013984 -0.013389 -0.061205 -0.058603 0.684191 0.893883 -0.048713 0.022907 0.075122 0.763683
0.446429 0.500003 -0.149207 -0.344182 -0.009904 -0.021005 -0.043346 -0.091934 0.670299 0.841944 0.719013 0.819037 0.044537 1.130210
0.446429 0.466667 -0.149207 -0.468985 -0.009904 -0.028621 -0.043346 -0.125269 0.645815 0.807559 -0.073198 -0.011478 0.049121 1.237667
0.464284 0.466667 -0.087744 -0.468985 -0.005824 -0.028621 -0.025491 -0.125269 0.658284 0.787957 0.731482 0.799435 0.034406 1.370051
0.482143 0.433336 -0.026271 -0.593769 -0.001744 -0.036236 -0.007632 -0.158600 0.648261 0.732135 -0.083222 -0.067300 0.056953 1.522711
0.499999 0.433336 0.035192 -0.593769 0.002336 -0.036236 0.010224 -0.158600 0.661648 0.714095 0.744870 0.781395 0.057358 -1.506424
0.517857 0.433336 0.096664 -0.593769 0.006416 -0.036236 0.028082 -0.158600 0.675245 0.696773 -0.069625 -0.084622 0.063040 -1.395551
0.535713 0.400000 0.158127 -0.718572 0.010496 -0.043853 0.045938 -0.191936 0.668572 0.641366 0.738197 0.725988 0.100846 -1.335877
0.553571 0.400000 0.219599 -0.718572 0.014576 -0.043853 0.063796 -0.191936 0.682965 0.625721 -0.055232 -0.100267 0.110134 -1.249902
0.571427 0.400000 0.281062 -0.718572 0.018656 -0.043853 0.081652 -0.191936 0.697516 0.610727 0.752748 0.710994 0.121353 -1.168577
0.589285 0.400000 0.342534 -0.718572 0.022736 -0.043853 0.099510 -0.191936 0.712220 0.596348 -0.040528 -0.114647 0.134022 -1.092493
0.607144 0.433336 0.404007 -0.593769 0.026816 -0.036236 0.117369 -0.158600 0.745925 0.619880 0.786453 0.734527 0.130234 -0.933707
0.625000 0.466667 0.465470 -0.468985 0.030896 -0.028621 0.135225 -0.125269 0.780002 0.641365 -0.006451 -0.093162 0.137185 -0.747200
0.642858 0.466667 0.526942 -0.468985 0.034976 -0.028621 0.153083 -0.125269 0.794383 0.627914 0.800834 0.721077 0.154817 -0.685807
0.642858 0.500003 0.526942 -0.344182 0.034976 -0.021005 0.153083 -0.091934 0.814413 0.661045 0.013579 -0.060032 0.153424 -0.540822
0.660714 0.533333 0.588405 -0.219398 0.039056 -0.013389 0.170939 -0.058603 0.849110 0.679120 0.835530 0.739152 0.176401 -0.330272
0.660714 0.566669 0.588405 -0.094595 0.039056 -0.005773 0.170939 -0.025267 0.870435 0.708925 0.034904 -0.030227 0.187437 -0.146750
0.678572 0.600000 0.649877 0.030190 0.043136 0.001842 0.188797 0.008064 0.905793 0.724022 0.870888 0.754249 0.218618 0.042686
0.678572 0.633336 0.649877 0.154993 0.043136 0.009459 0.188797 0.041400 0.928210 0.750930 0.057322 -0.003318 0.237179 0.215865
0.678572 0.666667 0.649877 0.279777 0.043136 0.017074 0.188797 0.074731 0.951265 0.776548 0.893943 0.779867 0.258718 0.376902
0.678572 0.700003 0.649877 0.404580 0.043136 0.024691 0.188797 0.108066 0.974917 0.800942 0.080975 0.021075 0.282560 0.519874
0.660714 0.733333 0.588405 0.529364 0.039056 0.032306 0.170939 0.141397 0.987077 0.837444 0.906102 0.816368 0.297558 0.691096
0.660714 0.766669 0.588405 0.654168 0.039056 0.039922 0.170939 0.174733 1.012089 0.859493 0.105987 0.043125 0.325408 0.796374
0.642858 0.800000 0.526942 0.778952 0.034976 0.047538 0.153083 0.208064 1.026288 0.893881 0.920301 0.850756 0.345939 0.936478
0.642858 0.833336 0.526942 0.903755 0.034976 0.055154 0.153083 0.241400 1.052480 0.913722 0.132180 0.062966 0.376123 1.005646
0.625000 0.866667 0.465470 1.028539 0.030896 0.062770 0.135225 0.274731 1.068520 0.946014 0.936341 0.883048 0.400416 1.113402
0.625000 0.900003 0.465470 1.153342 0.030896 0.070386 0.135225 0.308066 1.095732 0.963810 0.159392 0.080762 0.431940 1.157173
0.607144 0.933333 0.404007 1.278127 0.026816 0.078001 0.117369 0.341397 1.113434 0.994062 0.954042 0.913300 0.458824 1.239665
0.589285 0.933333 0.342534 1.278127 0.022736 0.078001 0.099510 0.341397 1.103797 1.007624 0.149755 0.094325 0.454584 1.287174
0.571427 0.966669 0.281062 1.402930 0.018656 0.085618 0.081652 0.374733 1.122933 1.036925 0.973178 0.942600 0.483834 1.356256
0.553571 0.966669 0.219599 1.402930 0.014576 0.085618 0.063796 0.374733 1.113953 1.050724 0.140775 0.108124 0.481142 1.402169
0.535713 1.000000 0.158127 1.527714 0.010496 0.093233 0.045938 0.408064 1.134455 1.078988 0.993680 0.970865 0.512289 1.458693
0.499999 1.000000 0.035192 1.527714 0.002336 0.093233 0.010224 0.408064 1.118033 1.107150 0.124353 0.136285 0.510327 1.545748
0.482143 1.000000 -0.026271 1.527714 -0.001744 0.093233 -0.007632 0.408064 1.110163 1.121536 0.985810 0.985251 0.510282 -1.552095
0.464284 1.000000 -0.087744 1.527714 -0.005824 0.093233 -0.025491 0.408064 1.102524 1.136127 0.116715 0.150876 0.510861 -1.508410
0.482143 1.000000 -0.026271 1.527714 -0.001744 0.093233 -0.007632 0.408064 1.110163 1.121536 0.993448 0.970660 0.510282 -1.552095
0.535713 0.966669 0.158127 1.402930 0.010496 0.085618 0.045938 0.374733 1.105187 1.064746 0.111738 0.094086 0.479102 1.448817
0.571427 0.966669 0.281062 1.402930 0.018656 0.085618 0.081652 0.374733 1.122933 1.036925 1.011194 0.942838 0.483834 1.356256
0.607144 0.966669 0.404007 1.402930 0.026816 0.085618 0.117369 0.374733 1.141522 1.009986 0.130328 0.067148 0.491125 1.267268
0.696428 1.000000 0.711340 1.527714 0.047215 0.093233 0.206653 0.408064 1.218611 0.962472 1.088283 0.895323 0.550486 1.102024
0.767856 1.000000 0.957211 1.527714 0.063535 0.093233 0.278081 0.408064 1.260795 0.915965 0.172512 0.020641 0.581084 0.972618
0.803571 1.000000 1.080146 1.527714 0.071695 0.093233 0.313796 0.408064 1.282858 0.893882 1.110346 0.873241 0.598997 0.915254
0.857143 1.000000 1.264554 1.527714 0.083935 0.093233 0.367368 0.408064 1.317078 0.862170 0.206732 -0.011071 0.628720 0.837831
0.910713 1.000000 1.448952 1.527714 0.096175 0.093233 0.420938 0.408064 1.352553 0.832094 1.145821 0.843165 0.661452 0.769870
0.946427 1.000000 1.571887 1.527714 0.104334 0.093233 0.456652 0.408064 1.376853 0.812915 0.231032 -0.030250 0.684734 0.729267
0.982142 1.000000 1.694822 1.527714 0.112494 0.093233 0.492366 0.408064 1.401643 0.794408 1.170610 0.824657 0.709052 0.692046
0.982142 0.966669 1.694822 1.402930 0.112494 0.085618 0.492366 0.374733 1.378061 0.777459 0.207450 -0.047198 0.685458 0.650558
1.000000 0.966669 1.756295 1.402930 0.116575 0.085618 0.510225 0.374733 1.390845 0.768452 1.183395 0.815650 0.698396 0.633473
1.000000 0.933333 1.756295 1.278127 0.116575 0.078001 0.510225 0.341397 1.367886 0.750929 0.184491 -0.064721 0.676072 0.589693
1.000000 0.900003 1.756295 1.153342 0.116575 0.070386 0.510225 0.308066 1.345364 0.732816 1.160873 0.797538 0.654688 0.543198
0.982142 0.866667 1.694822 1.028539 0.112494 0.062770 0.492366 0.274731 1.309852 0.723020 0.148979 -0.074518 0.620058 0.508949
0.964286 0.800000 1.633359 0.778952 0.108415 0.047538 0.474511 0.208064 1.252935 0.692548 1.103956 0.767066 0.566921 0.413233
0.946427 0.800000 1.571887 0.778952 0.104334 0.047538 0.456652 0.208064 1.239244 0.701750 0.135288 -0.065316 0.552061 0.427525
0.910713 0.800000 1.448952 0.778952 0.096175 0.047538 0.420938 0.208064 1.212187 0.720771 1.076900 0.786087 0.522904 0.459066
0.874999 0.800000 1.326017 0.778952 0.088015 0.047538 0.385224 0.208064 1.185590 0.740653 0.108690 -0.045435 0.494608 0.495220
0.857143 0.866667 1.264554 1.028539 0.083935 0.062770 0.367368 0.274731 1.218936 0.790923 1.110246 0.836357 0.526314 0.642114
0.839285 0.933333 1.203081 1.278127 0.079855 0.078001 0.349510 0.341397 1.255193 0.838405 0.144947 0.002047 0.564713 0.773657
