0.059998 0.423077 -1.348791 -0.495062 -0.099899 -0.037131 -0.392309 -0.145815 0.427310 1.429922 0.427310 1.429922 0.393396 0.355861
0.099998 0.423077 -1.211268 -0.495062 -0.089713 -0.037131 -0.352309 -0.145815 0.434735 1.338697 0.007424 -0.091225 0.353519 0.392419
0.139998 0.423077 -1.073745 -0.495062 -0.079528 -0.037131 -0.312309 -0.145815 0.445639 1.251234 0.438215 1.342458 0.313674 0.436814
0.180001 0.500000 -0.936211 -0.233900 -0.069341 -0.017543 -0.272306 -0.068893 0.531414 1.225239 0.093199 -0.117219 0.276451 0.247798
0.180001 0.576923 -0.936211 0.027263 -0.069341 0.002045 -0.272306 0.008030 0.604351 1.268365 0.511152 1.385585 0.299466 -0.029480
0.180001 0.615387 -0.936211 0.157854 -0.069341 0.011839 -0.272306 0.046494 0.641172 1.286234 0.130020 -0.099351 0.317404 -0.169112
0.160000 0.653845 -1.004978 0.288425 -0.074434 0.021633 -0.292307 0.084953 0.673137 1.330807 0.543117 1.430158 0.355051 -0.282836
0.139998 0.653845 -1.073745 0.288425 -0.079528 0.021633 -0.312309 0.084953 0.668665 1.359866 0.125548 -0.070292 0.371691 -0.265589
0.120000 0.653845 -1.142501 0.288425 -0.084620 0.021633 -0.332307 0.084953 0.664766 1.389287 0.539218 1.459579 0.388646 -0.250284
0.099998 0.653845 -1.211268 0.288425 -0.089713 0.021633 -0.352309 0.084953 0.661448 1.419034 0.122230 -0.040545 0.405881 -0.236614
0.080000 0.653845 -1.280024 0.288425 -0.094806 0.021633 -0.372307 0.084953 0.658721 1.449049 0.536491 1.489594 0.423356 -0.224338
0.040000 0.615387 -1.417547 0.157854 -0.104991 0.011839 -0.412307 0.046494 0.616685 1.505888 0.080194 0.016294 0.443387 -0.112292
0.019998 0.538464 -1.486314 -0.103309 -0.110085 -0.007748 -0.432308 -0.030428 0.538835 1.533674 0.458641 1.517379 0.440810 0.070270
0.000000 0.538464 -1.555070 -0.103309 -0.115177 -0.007748 -0.452307 -0.030428 0.538464 1.570796 0.079823 0.053417 0.460440 0.067173
0.000000 0.461536 -1.555070 -0.364491 -0.115177 -0.027338 -0.452307 -0.107357 0.461536 1.570796 0.381713 1.517379 0.452401 0.233042
0.000000 0.384613 -1.555070 -0.625653 -0.115177 -0.046926 -0.452307 -0.184280 0.384613 1.570796 0.002900 0.053417 0.457345 0.386888
0.000000 0.269232 -1.555070 -1.017387 -0.115177 -0.076307 -0.452307 -0.299661 0.269232 1.570796 0.266332 1.517379 0.487953 0.585124
0.019998 0.269232 -1.486314 -1.017387 -0.110085 -0.076307 -0.432308 -0.299661 0.269974 1.496653 0.003642 -0.020726 0.469475 0.606123
0.059998 0.192309 -1.348791 -1.278549 -0.099899 -0.095895 -0.392309 -0.376583 0.201452 1.268378 0.197810 1.289104 0.470643 0.764949
0.099998 0.115387 -1.211268 -1.539711 -0.089713 -0.115482 -0.352309 -0.453506 0.152688 0.856724 -0.045121 -0.432380 0.487480 0.910328
0.120000 0.076923 -1.142501 -1.670302 -0.084620 -0.125277 -0.332307 -0.491970 0.142538 0.570039 0.187659 1.002419 0.501340 0.976729
0.180001 0.038464 -0.936211 -1.800874 -0.069341 -0.135070 -0.272306 -0.530428 0.184065 0.210523 -0.003594 -0.791896 0.495395 1.096510
0.239999 0.000000 -0.729932 -1.931465 -0.054063 -0.144865 -0.212308 -0.568893 0.239999 0.000000 0.243593 0.791896 0.499656 1.213609
0.279999 0.000000 -0.592409 -1.931465 -0.043877 -0.144865 -0.172308 -0.568893 0.279999 0.000000 0.036406 -0.791896 0.484016 1.276697
0.359999 0.000000 -0.317363 -1.931465 -0.023506 -0.144865 -0.092308 -0.568893 0.359999 0.000000 0.323593 0.791896 0.461630 1.409939
0.420000 0.000000 -0.111073 -1.931465 -0.008227 -0.144865 -0.032307 -0.568893 0.420000 0.000000 0.096407 -0.791896 0.453459 1.514069
0.460000 0.000000 0.026450 -1.931465 0.001959 -0.144865 0.007693 -0.568893 0.460000 0.000000 0.363593 0.791896 0.452372 -1.557274
0.559998 0.000000 0.370252 -1.931465 0.027423 -0.144865 0.107691 -0.568893 0.559998 0.000000 0.196405 -0.791896 0.464951 -1.383710
0.599998 0.038464 0.507775 -1.800874 0.037609 -0.135070 0.147691 -0.530428 0.601230 0.064020 0.404825 0.855916 0.439407 -1.299237
0.620000 0.076923 0.576542 -1.670302 0.042702 -0.125277 0.167693 -0.491970 0.624753 0.123438 0.219929 -0.732478 0.411138 -1.242287
0.639998 0.115387 0.645298 -1.539711 0.047794 -0.115482 0.187691 -0.453506 0.650317 0.178376 0.430388 0.910854 0.385672 -1.178393
0.660000 0.192309 0.714065 -1.278549 0.052888 -0.095895 0.207693 -0.376583 0.687446 0.283528 0.257058 -0.627326 0.332769 -1.066788
0.660000 0.230768 0.714065 -1.147978 0.052888 -0.086101 0.207693 -0.338125 0.699180 0.336362 0.442122 0.963688 0.303670 -1.019966
0.679998 0.307691 0.782821 -0.886815 0.057980 -0.066514 0.227691 -0.261202 0.746372 0.424921 0.304250 -0.538767 0.269735 -0.853836
0.679998 0.423077 0.782821 -0.495062 0.057980 -0.037131 0.227691 -0.145815 0.800869 0.556565 0.496620 1.095332 0.229560 -0.569603
0.660000 0.461536 0.714065 -0.364491 0.052888 -0.027338 0.207693 -0.107357 0.805366 0.610254 0.308747 -0.485078 0.207898 -0.477078
0.660000 0.500000 0.714065 -0.233900 0.052888 -0.017543 0.207693 -0.068893 0.828009 0.648332 0.519263 1.133410 0.213098 -0.320284
0.620000 0.538464 0.576542 -0.103309 0.042702 -0.007748 0.167693 -0.030428 0.821184 0.715132 0.301921 -0.418278 0.188531 -0.179501
0.599998 0.615387 0.507775 0.157854 0.037609 0.011839 0.147691 0.046494 0.859476 0.798059 0.557555 1.216338 0.220018 0.304985
0.540000 0.615387 0.301496 0.157854 0.022330 0.011839 0.087693 0.046494 0.818719 0.850554 0.261164 -0.365783 0.185162 0.487509
0.500000 0.653845 0.163973 0.288425 0.012145 0.021633 0.047693 0.084953 0.823112 0.917949 0.561948 1.283733 0.207105 1.059237
0.479999 0.653845 0.095206 0.288425 0.007052 0.021633 0.027692 0.084953 0.811118 0.937538 0.249170 -0.346194 0.203432 1.255691
0.420000 0.653845 -0.111073 0.288425 -0.008227 0.021633 -0.032307 0.084953 0.777119 0.999815 0.527949 1.346009 0.204111 -1.207395
0.399999 0.653845 -0.179840 0.288425 -0.013320 0.021633 -0.052308 0.084953 0.766494 1.021772 0.238545 -0.324237 0.208216 -1.018889
0.399999 0.576923 -0.179840 0.027263 -0.013320 0.002045 -0.052308 0.008030 0.702025 0.964560 0.463480 1.288797 0.135149 -0.152324
0.399999 0.538464 -0.179840 -0.103309 -0.013320 -0.007748 -0.052308 -0.030428 0.670778 0.931886 0.207298 -0.356910 0.100793 0.526866
0.399999 0.461536 -0.179840 -0.364491 -0.013320 -0.027338 -0.052308 -0.107357 0.610749 0.856704 0.403451 1.213615 0.053116 1.117412
0.439999 0.384613 -0.042317 -0.625653 -0.003134 -0.046926 -0.012308 -0.184280 0.584402 0.718333 0.180951 -0.495281 0.068804 1.504104
0.479999 0.346155 0.095206 -0.756224 0.007052 -0.056719 0.027692 -0.222738 0.591795 0.624785 0.410844 1.120067 0.109705 -1.447107
0.519998 0.346155 0.232729 -0.756224 0.017237 -0.056719 0.067692 -0.222738 0.624677 0.587322 0.213833 -0.532745 0.125898 -1.275759
0.540000 0.384613 0.301496 -0.625653 0.022330 -0.046926 0.087693 -0.184280 0.662968 0.618898 0.449135 1.151643 0.110781 -1.126639
0.559998 0.461536 0.370252 -0.364491 0.027423 -0.027338 0.107691 -0.107357 0.725681 0.689308 0.276546 -0.462334 0.108086 -0.783843
0.580000 0.538464 0.439019 -0.103309 0.032516 -0.007748 0.127693 -0.030428 0.791419 0.748279 0.514873 1.210613 0.154041 -0.233931
0.580000 0.576923 0.439019 0.027263 0.032516 0.002045 0.127693 0.008030 0.818071 0.782738 0.303198 -0.427875 0.178422 0.062802
0.559998 0.692309 0.370252 0.419016 0.027423 0.031427 0.107691 0.123417 0.890444 0.890662 0.587246 1.318537 0.263056 0.853337
0.559998 0.730768 0.370252 0.549588 0.027423 0.041221 0.107691 0.161875 0.920663 0.916935 0.333417 -0.401601 0.298560 0.983758
0.519998 0.807691 0.232729 0.810750 0.017237 0.060808 0.067692 0.238798 0.960605 0.998786 0.627189 1.400387 0.361773 1.294575
0.479999 0.884613 0.095206 1.071912 0.007052 0.080396 0.027692 0.315720 1.006449 1.073646 0.379260 -0.326741 0.433192 1.483311
0.439999 0.923077 -0.042317 1.202503 -0.003134 0.090191 -0.012308 0.354185 1.022580 1.125990 0.643320 1.452732 0.470931 -1.536059
0.359999 0.923077 -0.317363 1.202503 -0.023506 0.090191 -0.092308 0.354185 0.990793 1.198941 0.347473 -0.253790 0.479735 -1.315847
0.279999 0.923077 -0.592409 1.202503 -0.043877 0.090191 -0.172308 0.354185 0.964609 1.276285 0.617137 1.530075 0.501313 -1.118014
0.220001 0.923077 -0.798688 1.202503 -0.059155 0.090191 -0.232306 0.354185 0.948932 1.336827 0.331796 -0.193248 0.524968 -0.990292
0.139998 0.923077 -1.073745 1.202503 -0.079528 0.090191 -0.312309 0.354185 0.933633 1.420279 0.601838 1.613527 0.564944 -0.848146
0.099998 0.923077 -1.211268 1.202503 -0.089713 0.090191 -0.352309 0.354185 0.928478 1.462886 0.326640 -0.150641 0.588002 -0.788053
0.080000 0.923077 -1.280024 1.202503 -0.094806 0.090191 -0.372307 0.354185 0.926538 1.484346 0.599897 1.634987 0.600198 -0.760458
0.099998 0.884613 -1.211268 1.071912 -0.089713 0.080396 -0.352309 0.315720 0.890247 1.458232 0.290350 -0.176755 0.557683 -0.730682
0.120000 0.884613 -1.142501 1.071912 -0.084620 0.080396 -0.332307 0.315720 0.892715 1.435967 0.602365 1.612722 0.545268 -0.759808
0.220001 0.884613 -0.798688 1.071912 -0.059155 0.080396 -0.232306 0.315720 0.911560 1.327044 0.309194 -0.285678 0.490770 -0.936448
0.319999 0.884613 -0.454886 1.071912 -0.033691 0.080396 -0.132308 0.315720 0.940712 1.223702 0.631518 1.509380 0.452100 -1.173962
0.420000 0.884613 -0.111073 1.071912 -0.008227 0.080396 -0.032307 0.315720 0.979255 1.127524 0.347737 -0.381856 0.433512 -1.468824
0.519998 0.923077 0.232729 1.202503 0.017237 0.090191 0.067692 0.354185 1.059467 1.057776 0.711730 1.439632 0.475612 1.381954
0.599998 0.923077 0.507775 1.202503 0.037609 0.090191 0.147691 0.354185 1.100940 0.994423 0.389210 -0.445209 0.493394 1.175730
0.699999 0.923077 0.851588 1.202503 0.063073 0.090191 0.247692 0.354185 1.158478 0.921984 0.769267 1.367193 0.531955 0.960519
0.779999 0.923077 1.126634 1.202503 0.083445 0.090191 0.327692 0.354185 1.208499 0.869213 0.439232 -0.497980 0.573591 0.824231
0.880000 0.923077 1.470447 1.202503 0.108909 0.090191 0.427693 0.354185 1.275332 0.809284 0.836100 1.307264 0.636040 0.691658
0.920000 0.923077 1.607970 1.202503 0.119095 0.090191 0.467693 0.354185 1.303254 0.787068 0.467154 -0.520196 0.663598 0.648158
0.960000 0.923077 1.745493 1.202503 0.129281 0.090191 0.507693 0.354185 1.331793 0.765793 0.864639 1.285989 0.692371 0.609137
0.979999 0.884613 1.814249 1.071912 0.134373 0.080396 0.527692 0.315720 1.320204 0.734287 0.455565 -0.551702 0.682164 0.539172
1.000000 0.807691 1.883016 0.810750 0.139467 0.060808 0.547693 0.238798 1.285443 0.679413 0.829878 1.231115 0.652890 0.411156
0.979999 0.692309 1.814249 0.419016 0.134373 0.031427 0.527692 0.123417 1.199871 0.615035 0.369992 -0.616080 0.579707 0.229751
0.960000 0.615387 1.745493 0.157854 0.129281 0.011839 0.507693 0.046494 1.140308 0.570042 0.770315 1.186123 0.533242 0.091325
0.920000 0.576923 1.607970 0.027263 0.119095 0.002045 0.467693 0.008030 1.085928 0.560101 0.315613 -0.626022 0.484010 0.017168
0.840000 0.538464 1.332924 -0.103309 0.098724 -0.007748 0.387694 -0.030428 0.997770 0.570042 0.682157 1.196064 0.397152 -0.078325
0.800001 0.538464 1.195401 -0.103309 0.088538 -0.007748 0.347694 -0.030428 0.964336 0.592429 0.282180 -0.603635 0.358209 -0.087293
0.779999 0.576923 1.126634 0.027263 0.083445 0.002045 0.327692 0.008030 0.970174 0.636841 0.687995 1.240476 0.350587 0.024500
0.759998 0.653845 1.057867 0.288425 0.078352 0.021633 0.307691 0.084953 1.002552 0.710458 0.314557 -0.530018 0.367820 0.269386
0.779999 0.692309 1.126634 0.419016 0.083445 0.031427 0.327692 0.123417 1.042924 0.725909 0.728367 1.255927 0.406182 0.360194
0.819999 0.807691 1.264157 0.810750 0.093631 0.060808 0.367692 0.238798 1.150983 0.777836 0.422616 -0.478091 0.511366 0.575989
0.859999 0.884613 1.401680 1.071912 0.103816 0.080396 0.407692 0.315720 1.233750 0.799506 0.811134 1.277597 0.594223 0.658941
0.880000 0.961536 1.470447 1.333075 0.108909 0.099984 0.427693 0.392643 1.303438 0.829645 0.492305 -0.447952 0.665008 0.742697
0.899999 1.000000 1.539203 1.463666 0.114002 0.109779 0.447692 0.431107 1.345362 0.837982 0.853057 1.285934 0.707387 0.766529
