0.271186 0.823529 -0.681842 0.844165 -0.080638 0.081273 -0.228815 0.230615 0.867031 1.252683 0.867031 1.252683 0.396266 -0.789317
0.237288 0.882353 -0.782855 1.059489 -0.092585 0.102003 -0.262713 0.289439 0.913702 1.308086 0.046672 0.055403 0.463909 -0.833763
0.169491 0.911767 -0.984881 1.167159 -0.116477 0.112369 -0.330509 0.318853 0.927387 1.387001 0.880715 1.331598 0.528004 -0.767449
0.084747 0.882353 -1.237410 1.059489 -0.146343 0.102003 -0.415254 0.289439 0.886413 1.475044 0.005698 0.143446 0.564472 -0.608721
0.033898 0.823529 -1.388933 0.844165 -0.164263 0.081273 -0.466102 0.230615 0.824227 1.529657 0.818529 1.386212 0.567382 -0.459458
0.000000 0.705882 -1.489946 0.413519 -0.176209 0.039812 -0.500001 0.112968 0.705882 1.570796 -0.112646 0.184585 0.540729 -0.222205
0.000000 0.558821 -1.489946 -0.124798 -0.176209 -0.012015 -0.500001 -0.034093 0.558821 1.570796 0.671468 1.386212 0.503449 0.068081
0.016950 0.352941 -1.439436 -0.878421 -0.170236 -0.084571 -0.483050 -0.239973 0.353348 1.522807 -0.318120 0.136595 0.504940 0.461074
0.067797 0.205880 -1.287920 -1.416737 -0.152317 -0.136398 -0.432204 -0.387034 0.216756 1.252679 0.534875 1.116084 0.522788 0.730318
0.169491 0.088233 -0.984881 -1.847384 -0.116477 -0.177859 -0.330509 -0.504681 0.191082 0.479972 -0.343793 -0.636112 0.528005 0.990993
0.338983 0.029410 -0.479816 -2.062707 -0.056746 -0.198589 -0.161018 -0.563505 0.340256 0.086542 0.684049 0.722653 0.497376 1.292469
0.440677 0.000000 -0.176777 -2.170361 -0.020907 -0.208954 -0.059323 -0.592914 0.440677 0.000000 -0.243372 -0.722653 0.503508 1.471075
0.525424 0.029410 0.075760 -2.062707 0.008960 -0.198589 0.025424 -0.563505 0.526247 0.055915 0.769618 0.778568 0.471277 -1.525710
0.576273 0.117647 0.227283 -1.739714 0.026880 -0.167493 0.076272 -0.475267 0.588159 0.201384 -0.181459 -0.577183 0.389887 -1.411670
0.576273 0.235294 0.227283 -1.309068 0.026880 -0.126032 0.076272 -0.357620 0.622458 0.387644 0.803917 0.964827 0.275476 -1.360667
0.559323 0.411765 0.176773 -0.663098 0.020906 -0.063840 0.059322 -0.181150 0.694544 0.634600 -0.109373 -0.330227 0.106323 -1.254328
0.508476 0.529412 0.025257 -0.232451 0.002987 -0.022379 0.008476 -0.063503 0.734047 0.805566 0.843420 1.135793 0.030608 -1.438108
0.457628 0.558821 -0.126266 -0.124798 -0.014933 -0.012015 -0.042373 -0.034093 0.722291 0.884627 -0.121129 -0.251166 0.072494 0.677538
0.389831 0.529412 -0.328292 -0.232451 -0.038826 -0.022379 -0.110169 -0.063503 0.657454 0.936090 0.778582 1.187256 0.114028 0.522893
0.355933 0.441174 -0.429305 -0.555444 -0.050772 -0.053476 -0.144068 -0.151740 0.566854 0.891932 -0.211729 -0.295325 0.155615 0.811330
0.372881 0.294118 -0.378803 -1.093744 -0.044799 -0.105301 -0.127120 -0.298797 0.474916 0.667856 0.686645 0.963181 0.241965 1.168554
0.423730 0.176471 -0.227279 -1.524391 -0.026879 -0.146762 -0.076271 -0.416444 0.459008 0.394623 -0.227636 -0.568558 0.332399 1.389655
0.508476 0.117647 0.025257 -1.739714 0.002987 -0.167493 0.008476 -0.475267 0.521909 0.227371 0.749546 0.795928 0.382448 -1.552964
0.576273 0.147057 0.227283 -1.632061 0.026880 -0.157128 0.076272 -0.445858 0.594740 0.249853 -0.154805 -0.546075 0.361091 -1.401368
0.627119 0.205880 0.378799 -1.416737 0.044799 -0.136398 0.127118 -0.387034 0.660049 0.317209 0.814854 0.863284 0.320415 -1.253454
0.661017 0.352941 0.479812 -0.878421 0.056745 -0.084571 0.161017 -0.239973 0.749341 0.490427 -0.065514 -0.372858 0.218066 -0.979815
0.661017 0.499998 0.479812 -0.340121 0.056745 -0.032745 0.161017 -0.092917 0.828819 0.647589 0.894333 1.020446 0.161017 -0.523382
0.661017 0.676473 0.479812 0.305865 0.056745 0.029447 0.161017 0.083558 0.945812 0.796953 0.051478 -0.223493 0.238891 0.478686
0.627119 0.794120 0.378799 0.736512 0.044799 0.070908 0.127118 0.201205 1.011882 0.902365 0.960403 1.125859 0.320414 1.007333
0.593221 0.882353 0.277786 1.059489 0.032852 0.102003 0.093220 0.289439 1.063230 0.978892 0.102826 -0.146966 0.393552 1.259214
0.542375 0.941176 0.126270 1.274812 0.014933 0.122734 0.042374 0.348262 1.086270 1.048006 0.983444 1.194972 0.443206 1.449718
0.525424 0.970590 0.075760 1.382482 0.008960 0.133100 0.025424 0.377676 1.103683 1.074622 0.120239 -0.120350 0.471276 1.503582
0.508476 0.970590 0.025257 1.382482 0.002987 0.133100 0.008476 0.377676 1.095716 1.088225 0.975477 1.208575 0.470666 1.548358
0.508476 1.000000 0.025257 1.490135 0.002987 0.143464 0.008476 0.407086 1.121850 1.100391 0.146373 -0.108184 0.500071 1.549979
0.576273 1.000000 0.227283 1.490135 0.026880 0.143464 0.076272 0.407086 1.154162 1.048006 1.007789 1.156190 0.505783 1.385582
0.694916 1.000000 0.580825 1.490135 0.068692 0.143464 0.194915 0.407086 1.217747 0.963491 0.209958 -0.192699 0.536648 1.124247
0.830509 0.970590 0.984877 1.382482 0.116477 0.133100 0.330508 0.377676 1.277416 0.863018 1.067458 1.055717 0.575057 0.851904
0.949154 0.941176 1.338426 1.274812 0.158290 0.122734 0.449153 0.348262 1.336677 0.781178 0.269220 -0.274539 0.629583 0.659544
1.000000 0.911767 1.489942 1.167159 0.176209 0.112369 0.499999 0.318853 1.353262 0.739278 1.084043 1.013817 0.647727 0.567684
1.000000 0.823529 1.489942 0.844165 0.176209 0.081273 0.499999 0.230615 1.295454 0.688924 0.211411 -0.324893 0.595542 0.432154
0.898305 0.764706 1.186903 0.628842 0.140370 0.060542 0.398305 0.171791 1.179715 0.705235 0.968304 1.030127 0.478242 0.407200
0.830509 0.764706 0.984877 0.628842 0.116477 0.060542 0.330508 0.171791 1.128946 0.744171 0.160643 -0.285956 0.423444 0.479346
0.813561 0.852943 0.934374 0.951835 0.110504 0.091639 0.313560 0.260029 1.178725 0.809026 1.018083 1.094981 0.472111 0.692341
0.830509 0.911767 0.984877 1.167159 0.116477 0.112369 0.330508 0.318853 1.233314 0.832004 0.215231 -0.262978 0.528003 0.767451
