0.000000 0.270270 -1.422279 -0.834591 -0.105223 -0.064054 -0.439990 -0.267840 0.270270 1.570796 0.270270 1.570796 0.471589 0.546822
0.022726 0.270270 -1.348818 -0.834591 -0.099788 -0.064054 -0.417264 -0.267840 0.271223 1.486909 0.000954 -0.083887 0.450460 0.570657
0.045455 0.270270 -1.275346 -0.834591 -0.094352 -0.064054 -0.394535 -0.267840 0.274065 1.404173 0.273112 1.488061 0.429492 0.596407
0.068180 0.270270 -1.201885 -0.834591 -0.088918 -0.064054 -0.371810 -0.267840 0.278737 1.323685 0.005625 -0.164376 0.408714 0.624266
0.090909 0.270270 -1.128413 -0.834591 -0.083482 -0.064054 -0.349081 -0.267840 0.285149 1.246320 0.279524 1.410696 0.388153 0.654464
0.113635 0.324324 -1.054952 -0.666159 -0.078047 -0.051127 -0.326355 -0.213786 0.343655 1.233788 0.064131 -0.176908 0.346246 0.579932
0.136364 0.378378 -0.981480 -0.497727 -0.072612 -0.038200 -0.303626 -0.159732 0.402200 1.224895 0.338069 1.401803 0.309815 0.484295
0.136364 0.432432 -0.981480 -0.329294 -0.072612 -0.025273 -0.303626 -0.105678 0.453423 1.265325 0.115354 -0.136478 0.303720 0.334940
0.136364 0.459456 -0.981480 -0.245084 -0.072612 -0.018810 -0.303626 -0.078653 0.479265 1.282284 0.363912 1.418762 0.304250 0.253475
0.136364 0.513510 -0.981480 -0.076652 -0.072612 -0.005883 -0.303626 -0.024599 0.531308 1.311235 0.167396 -0.107527 0.312401 0.080842
0.113635 0.540539 -1.054952 0.007571 -0.078047 0.000581 -0.326355 0.002430 0.552355 1.363589 0.384959 1.471116 0.341494 -0.007444
0.090909 0.540539 -1.128413 0.007571 -0.083482 0.000581 -0.349081 0.002430 0.548131 1.404173 0.163172 -0.066943 0.363274 -0.006960
0.090909 0.567564 -1.128413 0.091780 -0.083482 0.007044 -0.349081 0.029455 0.574799 1.411971 0.411627 1.478914 0.371662 -0.084178
0.068180 0.567564 -1.201885 0.091780 -0.088918 0.007044 -0.371810 0.029455 0.571645 1.451242 0.160018 -0.027672 0.393088 -0.079054
0.045455 0.540539 -1.275346 0.007571 -0.094352 0.000581 -0.394535 0.002430 0.542447 1.486903 0.382429 1.514575 0.407147 -0.006158
0.022726 0.486485 -1.348818 -0.160862 -0.099788 -0.012346 -0.417264 -0.051624 0.487016 1.524117 0.104587 0.009541 0.419847 0.123095
0.000000 0.432432 -1.422279 -0.329294 -0.105223 -0.025273 -0.439990 -0.105678 0.432432 1.570796 0.327845 1.561255 0.440055 0.235718
0.000000 0.378378 -1.422279 -0.497727 -0.105223 -0.038200 -0.439990 -0.159732 0.378378 1.570796 0.050533 0.009541 0.444283 0.348241
0.000000 0.324324 -1.422279 -0.666159 -0.105223 -0.051127 -0.439990 -0.213786 0.324324 1.570796 0.273791 1.561255 0.454939 0.452295
0.000000 0.270270 -1.422279 -0.834591 -0.105223 -0.064054 -0.439990 -0.267840 0.270270 1.570796 -0.003521 0.009541 0.471589 0.546822
0.022726 0.162162 -1.348818 -1.171456 -0.099788 -0.089907 -0.417264 -0.375948 0.163746 1.431562 0.167268 1.422020 0.501296 0.733358
0.068180 0.108108 -1.201885 -1.339888 -0.088918 -0.102834 -0.371810 -0.430002 0.127812 1.008132 -0.039456 -0.413888 0.498386 0.857847
0.090909 0.081079 -1.128413 -1.424111 -0.083482 -0.109298 -0.349081 -0.457031 0.121812 0.728304 0.161268 1.142192 0.500674 0.918521
0.136364 0.027025 -0.981480 -1.592543 -0.072612 -0.122225 -0.303626 -0.511085 0.139016 0.195648 -0.022252 -0.946545 0.512571 1.034740
0.204544 0.027025 -0.761086 -1.592543 -0.056307 -0.122225 -0.235446 -0.511085 0.206321 0.131362 0.228574 1.077907 0.475368 1.139097
0.249998 0.000000 -0.614153 -1.676753 -0.045436 -0.128688 -0.189992 -0.538110 0.249998 0.000000 0.021425 -1.077907 0.479258 1.231387
0.295453 0.000000 -0.467220 -1.676753 -0.034566 -0.128688 -0.144537 -0.538110 0.295453 0.000000 0.274028 1.077907 0.463122 1.308388
0.363636 0.000000 -0.246815 -1.676753 -0.018260 -0.128688 -0.076354 -0.538110 0.363636 0.000000 0.089608 -1.077907 0.446566 1.429845
0.409091 0.000000 -0.099882 -1.676753 -0.007389 -0.128688 -0.030899 -0.538110 0.409091 0.000000 0.319483 1.077907 0.441074 1.513438
0.477274 0.027025 0.120523 -1.592543 0.008917 -0.122225 0.037284 -0.511085 0.478039 0.056563 0.158556 -1.021344 0.414645 -1.497974
0.522729 0.054054 0.267456 -1.508321 0.019787 -0.115761 0.082739 -0.484056 0.525516 0.103041 0.366960 1.124385 0.394705 -1.401504
0.568184 0.135133 0.414389 -1.255679 0.030657 -0.096371 0.128194 -0.402977 0.584032 0.233495 0.217072 -0.890890 0.330714 -1.262803
0.568184 0.189187 0.414389 -1.087246 0.030657 -0.083444 0.128194 -0.348923 0.598852 0.321421 0.381781 1.212311 0.281666 -1.218707
0.568184 0.243241 0.414389 -0.918814 0.030657 -0.070517 0.128194 -0.294869 0.618060 0.404495 0.236280 -0.807816 0.234827 -1.160699
0.568184 0.297295 0.414389 -0.750381 0.030657 -0.057591 0.128194 -0.240815 0.641262 0.482064 0.404982 1.289880 0.191822 -1.081619
0.545455 0.324324 0.340917 -0.666159 0.025222 -0.051127 0.105465 -0.213786 0.634592 0.536435 0.229610 -0.753445 0.156529 -1.112509
0.477274 0.378378 0.120523 -0.497727 0.008917 -0.038200 0.037284 -0.159732 0.609065 0.670328 0.379456 1.423773 0.072015 -1.341484
0.454545 0.378378 0.047051 -0.497727 0.003481 -0.038200 0.014555 -0.159732 0.591423 0.694205 0.211967 -0.729568 0.063308 -1.479923
0.409091 0.378378 -0.099882 -0.497727 -0.007389 -0.038200 -0.030899 -0.159732 0.557248 0.746415 0.345280 1.475983 0.068926 1.379714
0.386365 0.351349 -0.173343 -0.581949 -0.012824 -0.044664 -0.053625 -0.186761 0.522230 0.737967 0.176950 -0.738016 0.103600 1.291189
0.386365 0.324324 -0.173343 -0.666159 -0.012824 -0.051127 -0.053625 -0.213786 0.504444 0.698321 0.327495 1.436337 0.127492 1.325034
0.409091 0.324324 -0.099882 -0.666159 -0.007389 -0.051127 -0.030899 -0.213786 0.522055 0.670330 0.194560 -0.766007 0.119722 1.427258
0.431820 0.297295 -0.026410 -0.750381 -0.001954 -0.057591 -0.008170 -0.240815 0.524264 0.602945 0.329704 1.368952 0.142929 1.536883
0.454545 0.297295 0.047051 -0.750381 0.003481 -0.057591 0.014555 -0.240815 0.543135 0.579216 0.213431 -0.789736 0.143436 -1.510427
0.477274 0.324324 0.120523 -0.666159 0.008917 -0.051127 0.037284 -0.213786 0.577041 0.596857 0.363610 1.386593 0.121527 -1.398132
0.500000 0.351349 0.193984 -0.581949 0.014351 -0.044664 0.060010 -0.186761 0.611102 0.612534 0.247492 -0.774060 0.107044 -1.259897
0.522729 0.405403 0.267456 -0.413517 0.019787 -0.031737 0.082739 -0.132707 0.661511 0.659654 0.414019 1.433713 0.089677 -1.013298
0.522729 0.486485 0.267456 -0.160862 0.019787 -0.012346 0.082739 -0.051624 0.714082 0.749501 0.300064 -0.684212 0.094908 -0.557838
0.522729 0.594593 0.267456 0.176003 0.019787 0.013508 0.082739 0.056484 0.791699 0.849628 0.491635 1.533840 0.175351 0.599001
0.500000 0.648647 0.193984 0.344435 0.014351 0.026435 0.060010 0.110537 0.818989 0.914094 0.327354 -0.619747 0.217115 1.073426
0.500000 0.702701 0.193984 0.512868 0.014351 0.039362 0.060010 0.164591 0.862432 0.952367 0.535078 1.572114 0.269478 1.221174
0.454545 0.810809 0.047051 0.849732 0.003481 0.065216 0.014555 0.272699 0.929528 1.059846 0.394450 -0.512268 0.371105 1.517471
0.431820 0.837838 -0.026410 0.933955 -0.001954 0.071680 -0.008170 0.299728 0.942572 1.094907 0.548121 1.607175 0.397932 -1.543545
0.386365 0.864863 -0.173343 1.018165 -0.012824 0.078142 -0.053625 0.326753 0.947241 1.150660 0.399120 -0.456515 0.428244 -1.408133
0.340907 0.918917 -0.320287 1.186597 -0.023695 0.091069 -0.099083 0.380807 0.980115 1.215547 0.580995 1.672062 0.489069 -1.316249
0.295453 0.918917 -0.467220 1.186597 -0.034566 0.091069 -0.144537 0.380807 0.965247 1.259713 0.384251 -0.412349 0.500262 -1.208039
0.272727 0.918917 -0.540681 1.186597 -0.040001 0.091069 -0.167263 0.380807 0.958535 1.282285 0.574283 1.694635 0.507295 -1.156933
0.227273 0.918917 -0.687614 1.186597 -0.050871 0.091069 -0.212717 0.380807 0.946605 1.328335 0.372322 -0.366299 0.524042 -1.061378
0.204544 0.918917 -0.761086 1.186597 -0.056307 0.091069 -0.235446 0.380807 0.941407 1.351775 0.569085 1.718074 0.533672 -1.017043
0.181818 0.918917 -0.834547 1.186597 -0.061741 0.091069 -0.258172 0.380807 0.936732 1.375458 0.367647 -0.342616 0.544081 -0.975016
0.181818 0.891892 -0.834547 1.102387 -0.061741 0.084606 -0.258172 0.353782 0.910236 1.369695 0.542589 1.712311 0.520450 -0.940383
0.204544 0.891892 -0.761086 1.102387 -0.056307 0.084606 -0.235446 0.353782 0.915046 1.345358 0.372457 -0.366954 0.509559 -0.983594
0.227273 0.891892 -0.687614 1.102387 -0.050871 0.084606 -0.212717 0.353782 0.920394 1.321286 0.547936 1.688239 0.499464 -1.029446
0.318182 0.891892 -0.393748 1.102387 -0.029130 0.084606 -0.121808 0.353782 0.946948 1.228122 0.399012 -0.460118 0.468031 -1.239206
0.386365 0.891892 -0.173343 1.102387 -0.012824 0.084606 -0.053625 0.353782 0.971982 1.162003 0.572970 1.622120 0.455073 -1.420366
0.454545 0.918917 0.047051 1.186597 0.003481 0.091069 0.014555 0.380807 1.025193 1.111435 0.452222 -0.510685 0.479148 1.532592
0.613638 0.918917 0.561322 1.186597 0.041528 0.091069 0.173648 0.380807 1.104971 0.982021 0.652748 1.492706 0.509436 1.142964
0.681818 0.945946 0.781716 1.270820 0.057833 0.097533 0.241828 0.407836 1.166057 0.946260 0.513309 -0.546446 0.560778 1.035574
0.818182 0.972971 1.222515 1.355029 0.090444 0.103996 0.378192 0.434861 1.271257 0.871603 0.757948 1.418048 0.653527 0.854985
0.863636 0.972971 1.369448 1.355029 0.101314 0.103996 0.423646 0.434861 1.300977 0.844859 0.543029 -0.573190 0.680841 0.798460
0.909091 0.972971 1.516381 1.355029 0.112185 0.103996 0.469101 0.434861 1.331585 0.819327 0.788556 1.392516 0.710017 0.747539
0.954545 0.972971 1.663313 1.355029 0.123055 0.103996 0.514555 0.434861 1.363022 0.794957 0.574466 -0.597559 0.740835 0.701654
0.931820 0.945946 1.589853 1.270820 0.117620 0.097533 0.491830 0.407836 1.327819 0.792921 0.753353 1.390480 0.705612 0.692307
0.909091 0.891892 1.516381 1.102387 0.112185 0.084606 0.469101 0.353782 1.273545 0.775849 0.520193 -0.614631 0.651361 0.646165
0.886365 0.837838 1.442920 0.933955 0.106750 0.071680 0.446375 0.299728 1.219679 0.757261 0.699486 1.371892 0.597942 0.591322
0.886365 0.783784 1.442920 0.765523 0.106750 0.058753 0.446375 0.245674 1.183200 0.724055 0.483714 -0.647837 0.563423 0.503132
0.863636 0.648647 1.369448 0.344435 0.101314 0.026435 0.423646 0.110537 1.080098 0.644183 0.596384 1.292020 0.472244 0.255229
0.863636 0.621618 1.369448 0.260213 0.101314 0.019971 0.423646 0.083508 1.064085 0.623871 0.467701 -0.668149 0.460939 0.194623
0.863636 0.567564 1.369448 0.091780 0.101314 0.007044 0.423646 0.029455 1.033439 0.581406 0.565738 1.249555 0.442438 0.069414
0.909091 0.513510 1.516381 -0.076652 0.112185 -0.005883 0.469101 -0.024599 1.044097 0.514182 0.478359 -0.735374 0.474827 -0.052392
0.954545 0.513510 1.663313 -0.076652 0.123055 -0.005883 0.514555 -0.024599 1.083905 0.493555 0.605546 1.228929 0.519781 -0.047771
0.977274 0.567564 1.736785 0.091780 0.128491 0.007044 0.537284 0.029455 1.130130 0.526154 0.524584 -0.702775 0.552223 0.054766
1.000000 0.621618 1.810246 0.260213 0.133925 0.019971 0.560010 0.083508 1.177459 0.556164 0.652875 1.258938 0.588728 0.148029
1.000000 0.675676 1.810246 0.428658 0.133925 0.032899 0.560010 0.137566 1.206871 0.594214 0.553997 -0.664724 0.607585 0.240880
1.000000 0.783784 1.810246 0.765523 0.133925 0.058753 0.560010 0.245674 1.270558 0.664775 0.716561 1.329499 0.657119 0.413414
0.977274 0.837838 1.736785 0.933955 0.128491 0.071680 0.537284 0.299728 1.287260 0.708729 0.570699 -0.620770 0.668549 0.508856
0.954545 0.918917 1.663313 1.186597 0.123055 0.091069 0.514555 0.380807 1.324978 0.766383 0.754279 1.387153 0.702950 0.637116
0.931820 0.972971 1.589853 1.355029 0.117620 0.103996 0.491830 0.434861 1.347205 0.806999 0.592926 -0.580154 0.725235 0.724000
0.909091 1.000000 1.516381 1.439252 0.112185 0.110460 0.469101 0.461890 1.351461 0.832981 0.758535 1.413135 0.730525 0.777653
