0.074074 0.230767 -1.180050 -0.855386 -0.087605 -0.066163 -0.356482 -0.269232 0.242364 1.260196 0.242364 1.260196 0.408651 0.646851
0.074074 0.205128 -1.180050 -0.936844 -0.087605 -0.072464 -0.356482 -0.294871 0.218093 1.224258 -0.024271 -0.035938 0.421779 0.691089
0.092594 0.205128 -1.118744 -0.936844 -0.083054 -0.072464 -0.337962 -0.294871 0.225058 1.146783 0.249329 1.182720 0.406247 0.717410
0.111111 0.205128 -1.057448 -0.936844 -0.078503 -0.072464 -0.319445 -0.294871 0.233287 1.074374 -0.016042 -0.108347 0.390977 0.745417
0.129631 0.205128 -0.996143 -0.936844 -0.073952 -0.072464 -0.300926 -0.294871 0.242655 1.007214 0.258697 1.115561 0.375998 0.775237
0.148148 0.205128 -0.934846 -0.936844 -0.069402 -0.072464 -0.282408 -0.294871 0.253032 0.945312 -0.005665 -0.170249 0.361348 0.806983
0.166668 0.256410 -0.873541 -0.773915 -0.064850 -0.059862 -0.263889 -0.243589 0.305817 0.994418 0.311482 1.164667 0.316171 0.745419
0.166668 0.282049 -0.873541 -0.692456 -0.064850 -0.053561 -0.263889 -0.217950 0.327612 1.037082 0.016130 -0.127585 0.302806 0.690346
0.166668 0.307692 -0.873541 -0.610985 -0.064850 -0.047259 -0.263889 -0.192307 0.349932 1.074370 0.333802 1.201955 0.291089 0.629758
0.166668 0.358974 -0.873541 -0.448056 -0.064850 -0.034657 -0.263889 -0.141025 0.395778 1.136123 0.061976 -0.065832 0.273425 0.490797
0.148148 0.384613 -0.934846 -0.366597 -0.069402 -0.028356 -0.282408 -0.115386 0.412159 1.203125 0.350182 1.268957 0.286121 0.387880
0.129631 0.410256 -0.996143 -0.285126 -0.073952 -0.022054 -0.300926 -0.089743 0.430249 1.264748 0.080066 -0.004209 0.301610 0.289827
0.111111 0.410256 -1.057448 -0.285126 -0.078503 -0.022054 -0.319445 -0.089743 0.425036 1.306308 0.344970 1.310517 0.320090 0.273875
0.074074 0.410256 -1.180050 -0.285126 -0.087605 -0.022054 -0.356482 -0.089743 0.416889 1.392165 0.071920 0.081649 0.357060 0.246622
0.055557 0.410256 -1.241346 -0.285126 -0.092156 -0.022054 -0.374999 -0.089743 0.414000 1.436195 0.342081 1.354546 0.375549 0.234898
0.037037 0.410256 -1.302652 -0.285126 -0.096707 -0.022054 -0.393519 -0.089743 0.411924 1.480763 0.069843 0.126216 0.394043 0.224219
0.018520 0.384613 -1.363948 -0.366597 -0.101257 -0.028356 -0.412036 -0.115386 0.385058 1.522682 0.315215 1.396465 0.414590 0.273045
0.000000 0.333331 -1.425254 -0.529527 -0.105809 -0.040959 -0.430556 -0.166668 0.333331 1.570796 0.018116 0.174331 0.441397 0.369336
0.000000 0.256410 -1.425254 -0.773915 -0.105809 -0.059862 -0.430556 -0.243589 0.256410 1.570796 0.238294 1.396465 0.464441 0.514858
0.000000 0.205128 -1.425254 -0.936844 -0.105809 -0.072464 -0.430556 -0.294871 0.205128 1.570796 -0.033166 0.174331 0.486001 0.600493
0.000000 0.179485 -1.425254 -1.018315 -0.105809 -0.078766 -0.430556 -0.320514 0.179485 1.570796 0.212651 1.396465 0.498413 0.639919
0.037037 0.102564 -1.302652 -1.262703 -0.096707 -0.097669 -0.393519 -0.397435 0.109046 1.224258 -0.103605 -0.172208 0.512285 0.790349
0.074074 0.051282 -1.180050 -1.425633 -0.087605 -0.110272 -0.356482 -0.448717 0.090093 0.605545 0.193698 0.777753 0.520508 0.899450
0.129631 0.025639 -0.996143 -1.507104 -0.073952 -0.116573 -0.300926 -0.474360 0.132142 0.195265 -0.061556 -0.582487 0.504494 1.005479
0.185185 0.025639 -0.812244 -1.507104 -0.060300 -0.116573 -0.245372 -0.474360 0.186951 0.137577 0.248507 0.720064 0.473461 1.093429
0.240741 0.000000 -0.628337 -1.588562 -0.046647 -0.122874 -0.189815 -0.499999 0.240741 0.000000 -0.007766 -0.720064 0.470540 1.207972
0.370372 0.000000 -0.199225 -1.588562 -0.014790 -0.122874 -0.060184 -0.499999 0.370372 0.000000 0.378138 0.720064 0.434742 1.451004
0.425926 0.025639 -0.015327 -1.507104 -0.001138 -0.116573 -0.004630 -0.474360 0.426697 0.060123 0.048559 -0.659941 0.404944 1.561036
0.462963 0.051282 0.107275 -1.425633 0.007964 -0.110272 0.032407 -0.448717 0.465795 0.110319 0.417235 0.770260 0.380656 -1.498700
0.500000 0.076921 0.229877 -1.344174 0.017066 -0.103971 0.069444 -0.423078 0.505882 0.152645 0.088647 -0.617615 0.360389 -1.408108
0.518520 0.128203 0.291183 -1.181245 0.021617 -0.091368 0.087964 -0.371796 0.534134 0.242387 0.445487 0.860001 0.314889 -1.338477
0.537037 0.179485 0.352479 -1.018315 0.026167 -0.078766 0.106481 -0.320514 0.566236 0.322542 0.120749 -0.537459 0.272718 -1.250049
0.537037 0.205128 0.352479 -0.936844 0.026167 -0.072464 0.106481 -0.294871 0.574879 0.364861 0.454130 0.902320 0.249311 -1.224259
0.537037 0.256410 0.352479 -0.773915 0.026167 -0.059862 0.106481 -0.243589 0.595109 0.445448 0.140979 -0.456872 0.204120 -1.158695
0.518520 0.307692 0.291183 -0.610985 0.021617 -0.047259 0.087964 -0.192307 0.602940 0.535555 0.461961 0.992427 0.151107 -1.141796
0.481483 0.333331 0.168581 -0.529527 0.012515 -0.040959 0.050927 -0.166668 0.585607 0.605540 0.123645 -0.386888 0.109756 -1.274249
0.444446 0.358974 0.045979 -0.448056 0.003413 -0.034657 0.013890 -0.141025 0.571309 0.679411 0.447664 1.066299 0.072918 -1.472622
0.370372 0.384613 -0.199225 -0.366597 -0.014790 -0.028356 -0.060184 -0.115386 0.533950 0.804258 0.086286 -0.262041 0.075716 1.090028
0.351852 0.384613 -0.260531 -0.366597 -0.019341 -0.028356 -0.078704 -0.115386 0.521274 0.829852 0.434988 1.091893 0.091132 0.972191
0.333335 0.384613 -0.321827 -0.366597 -0.023892 -0.028356 -0.097221 -0.115386 0.508959 0.856699 0.073971 -0.235194 0.107530 0.870632
0.314815 0.358974 -0.383133 -0.448056 -0.028443 -0.034657 -0.115741 -0.141025 0.477463 0.850842 0.403492 1.086035 0.136088 0.883554
0.314815 0.333331 -0.383133 -0.529527 -0.028443 -0.040959 -0.115741 -0.166668 0.458495 0.813957 0.055003 -0.272078 0.151158 0.963812
0.333335 0.307692 -0.321827 -0.610985 -0.023892 -0.047259 -0.097221 -0.192307 0.453637 0.745416 0.398634 1.017494 0.156677 1.102718
0.351852 0.307692 -0.260531 -0.610985 -0.019341 -0.047259 -0.078704 -0.192307 0.467412 0.718542 0.068779 -0.298952 0.145911 1.182332
0.370372 0.307692 -0.199225 -0.610985 -0.014790 -0.047259 -0.060184 -0.192307 0.481508 0.693220 0.412729 0.992172 0.136813 1.267494
0.407409 0.307692 -0.076623 -0.610985 -0.005688 -0.047259 -0.023147 -0.192307 0.510545 0.646846 0.097816 -0.345326 0.125026 1.451007
0.425926 0.333331 -0.015327 -0.529527 -0.001138 -0.040959 -0.004630 -0.166668 0.540853 0.664042 0.443038 1.009368 0.097336 1.543023
0.462963 0.358974 0.107275 -0.448056 0.007964 -0.034657 0.032407 -0.141025 0.585830 0.659549 0.142793 -0.349819 0.078577 -1.344923
0.481483 0.410256 0.168581 -0.285126 0.012515 -0.022054 0.050927 -0.089743 0.632563 0.705693 0.489770 1.055511 0.054824 -1.054639
0.500000 0.512820 0.229877 0.040733 0.017066 0.003151 0.069444 0.012821 0.716229 0.798055 0.226459 -0.257457 0.107655 0.182562
0.500000 0.564101 0.229877 0.203662 0.017066 0.015753 0.069444 0.064102 0.753797 0.845565 0.527339 1.103022 0.150522 0.745424
0.481483 0.615383 0.168581 0.366592 0.012515 0.028356 0.050927 0.115384 0.781359 0.906873 0.254021 -0.196149 0.191715 1.155146
0.462963 0.666665 0.107275 0.529521 0.007964 0.040958 0.032407 0.166666 0.811651 0.963808 0.557630 1.159957 0.238323 1.378751
0.388889 0.769229 -0.137929 0.855380 -0.010240 0.066163 -0.041667 0.269230 0.861945 1.102713 0.304314 -0.057244 0.341227 -1.417251
0.351852 0.794872 -0.260531 0.936851 -0.019341 0.072465 -0.078704 0.294873 0.869265 1.154069 0.564951 1.211313 0.372720 -1.309969
0.314815 0.820511 -0.383133 1.018309 -0.028443 0.078765 -0.115741 0.320512 0.878833 1.204436 0.313882 -0.006877 0.406769 -1.224256
0.259259 0.846154 -0.567040 1.099780 -0.042096 0.085067 -0.171298 0.346155 0.884981 1.273482 0.571099 1.280359 0.449516 -1.111271
0.222222 0.846154 -0.689642 1.099780 -0.051198 0.085067 -0.208335 0.346155 0.874848 1.313971 0.303749 0.033612 0.464892 -1.029015
0.203705 0.846154 -0.750939 1.099780 -0.055749 0.085067 -0.226852 0.346155 0.870329 1.334550 0.566580 1.300939 0.473480 -0.990672
0.166668 0.846154 -0.873541 1.099780 -0.064850 0.085067 -0.263889 0.346155 0.862412 1.376315 0.295833 0.075377 0.492300 -0.919443
0.166668 0.820511 -0.873541 1.018309 -0.064850 0.078765 -0.263889 0.320512 0.837267 1.370396 0.541435 1.295020 0.470853 -0.881988
0.203705 0.794872 -0.750939 0.936851 -0.055749 0.072465 -0.226852 0.294873 0.820559 1.319922 0.279124 0.024902 0.429171 -0.915045
0.240741 0.794872 -0.628337 0.936851 -0.046647 0.072465 -0.189815 0.294873 0.830529 1.276710 0.551405 1.251808 0.410799 -0.998851
0.314815 0.820511 -0.383133 1.018309 -0.028443 0.078765 -0.115741 0.320512 0.878833 1.204436 0.327428 -0.047372 0.406769 -1.224256
0.388889 0.820511 -0.137929 1.018309 -0.010240 0.078765 -0.041667 0.320512 0.908005 1.128197 0.580577 1.175569 0.392175 -1.441520
0.462963 0.846154 0.107275 1.099780 0.007964 0.085067 0.032407 0.346155 0.964527 1.070153 0.383950 -0.105416 0.416859 1.477449
0.629631 0.897436 0.658989 1.262710 0.048922 0.097670 0.199074 0.397437 1.096278 0.959005 0.712329 1.064421 0.507550 1.106433
0.703705 0.897436 0.904193 1.262710 0.067126 0.097670 0.273148 0.397437 1.140435 0.905809 0.428106 -0.158612 0.540913 0.968662
0.814815 0.923075 1.271998 1.344168 0.094431 0.103970 0.384259 0.423076 1.231256 0.847612 0.803150 1.006224 0.624684 0.833442
0.870372 0.923075 1.455906 1.344168 0.108084 0.103970 0.439816 0.423076 1.268706 0.814776 0.465556 -0.191448 0.660313 0.766001
0.925926 0.948718 1.639804 1.425639 0.121737 0.110272 0.495370 0.448719 1.325672 0.797556 0.860115 0.989003 0.716856 0.736025
0.944446 0.948718 1.701110 1.425639 0.126288 0.110272 0.513890 0.448719 1.338673 0.787655 0.478557 -0.201349 0.729777 0.717799
0.907409 0.923075 1.578508 1.344168 0.117186 0.103970 0.476853 0.423076 1.294395 0.793956 0.815838 0.995305 0.685539 0.725713
0.907409 0.871793 1.578508 1.181239 0.117186 0.091368 0.476853 0.371794 1.258338 0.765383 0.442500 -0.229922 0.649676 0.662229
0.888889 0.846154 1.517202 1.099780 0.112635 0.085067 0.458333 0.346155 1.227233 0.760773 0.784733 0.990695 0.618701 0.646852
0.870372 0.794872 1.455906 0.936851 0.108084 0.072465 0.439816 0.294873 1.178715 0.740091 0.393982 -0.250604 0.571108 0.590615
0.870372 0.717947 1.455906 0.692451 0.108084 0.053561 0.439816 0.217948 1.128271 0.689725 0.734289 0.940329 0.525387 0.460077
0.870372 0.666665 1.455906 0.529521 0.108084 0.040958 0.439816 0.166666 1.096353 0.653634 0.362064 -0.286695 0.499185 0.362226
0.907409 0.615383 1.578508 0.366592 0.117186 0.028356 0.476853 0.115384 1.096398 0.595929 0.734334 0.882624 0.511419 0.237408
0.944446 0.615383 1.701110 0.366592 0.126288 0.028356 0.513890 0.115384 1.127242 0.577486 0.392909 -0.305138 0.546117 0.220868
0.981483 0.615383 1.823712 0.366592 0.135390 0.028356 0.550927 0.115384 1.158450 0.560032 0.765541 0.865169 0.581104 0.206453
0.981483 0.666665 1.823712 0.529521 0.135390 0.040958 0.550927 0.166666 1.186487 0.596659 0.420946 -0.268511 0.599389 0.293767
1.000000 0.769229 1.885008 0.855380 0.139940 0.066163 0.569444 0.269230 1.261631 0.655695 0.840685 0.924205 0.662545 0.441648
1.000000 0.871793 1.885008 1.181239 0.139940 0.091368 0.569444 0.371794 1.326659 0.717011 0.485973 -0.207194 0.720386 0.578417
0.981483 0.923075 1.823712 1.344168 0.135390 0.103970 0.550927 0.423076 1.347359 0.754740 0.861386 0.961935 0.738982 0.654881
0.962963 0.974357 1.762406 1.507098 0.130838 0.116573 0.532407 0.474358 1.369916 0.791279 0.508530 -0.170655 0.761036 0.727803
0.962963 1.000000 1.762406 1.588569 0.130838 0.122875 0.532407 0.500001 1.388272 0.804264 0.879741 0.974919 0.779566 0.754020
0.944446 1.000000 1.701110 1.588569 0.126288 0.122875 0.513890 0.500001 1.375492 0.813961 0.495751 -0.160958 0.767039 0.771701
