0.060001 0.342859 -1.359402 -0.594093 -0.101538 -0.048870 -0.386584 -0.186061 0.348070 1.397548 0.348070 1.397548 0.400258 0.448571
0.060001 0.314286 -1.359402 -0.685329 -0.101538 -0.056375 -0.386584 -0.214634 0.319962 1.382153 -0.028108 -0.015395 0.408596 0.506831
0.080000 0.314286 -1.289079 -0.685329 -0.096286 -0.056375 -0.366586 -0.214634 0.324308 1.321545 0.352416 1.336940 0.389729 0.529685
0.100001 0.314286 -1.218745 -0.685329 -0.091032 -0.056375 -0.346584 -0.214634 0.329812 1.262740 -0.022604 -0.074200 0.370977 0.554478
0.120000 0.314286 -1.148422 -0.685329 -0.085779 -0.056375 -0.326586 -0.214634 0.336416 1.206063 0.359019 1.280262 0.352366 0.581424
0.140001 0.314286 -1.078088 -0.685329 -0.080526 -0.056375 -0.306585 -0.214634 0.344058 1.151726 -0.014961 -0.128536 0.333912 0.610780
0.160000 0.342859 -1.007764 -0.594093 -0.075273 -0.048870 -0.286586 -0.186061 0.378355 1.134173 0.393316 1.262709 0.304780 0.575834
0.160000 0.371428 -1.007764 -0.502872 -0.075273 -0.041366 -0.286586 -0.157492 0.404424 1.164050 0.011108 -0.098659 0.296277 0.502493
0.180001 0.457144 -0.937430 -0.229180 -0.070020 -0.018852 -0.266585 -0.071776 0.491306 1.195689 0.480198 1.294347 0.266794 0.263005
0.180001 0.485713 -0.937430 -0.137959 -0.070020 -0.011348 -0.266585 -0.043207 0.517994 1.215897 0.037796 -0.078451 0.269441 0.160677
0.160000 0.542856 -1.007764 0.044498 -0.075273 0.003660 -0.286586 0.013936 0.565944 1.284175 0.528147 1.362626 0.302324 -0.048589
0.160000 0.571429 -1.007764 0.135733 -0.075273 0.011165 -0.286586 0.042509 0.593406 1.297789 0.065259 -0.064837 0.312598 -0.147256
0.140001 0.599998 -1.078088 0.226954 -0.080526 0.018669 -0.306585 0.071078 0.616115 1.341562 0.550856 1.406399 0.342826 -0.227815
0.120000 0.599998 -1.148422 0.226954 -0.085779 0.018669 -0.326586 0.071078 0.611881 1.373401 0.061024 -0.032999 0.360824 -0.214299
0.060001 0.571429 -1.359402 0.135733 -0.101538 0.011165 -0.386584 0.042509 0.574571 1.466177 0.513546 1.499176 0.406243 -0.109521
0.040000 0.542856 -1.429736 0.044498 -0.106792 0.003660 -0.406586 0.013936 0.544327 1.497245 0.030781 -0.001931 0.417828 -0.034262
0.020001 0.514287 -1.500060 -0.046724 -0.112044 -0.003843 -0.426584 -0.014633 0.514675 1.531924 0.483895 1.533855 0.431923 0.034290
0.000000 0.457144 -1.570394 -0.229180 -0.117298 -0.018852 -0.446586 -0.071776 0.457144 1.570796 -0.026750 0.036941 0.446710 0.159358
0.000000 0.400002 -1.570394 -0.411637 -0.117298 -0.033861 -0.446586 -0.128918 0.400002 1.570796 0.426752 1.533855 0.449009 0.281035
0.000000 0.285717 -1.570394 -0.776550 -0.117298 -0.063878 -0.446586 -0.243203 0.285717 1.570796 -0.141035 0.036941 0.474676 0.498675
0.000000 0.228574 -1.570394 -0.959007 -0.117298 -0.078887 -0.446586 -0.300346 0.228574 1.570796 0.369610 1.533855 0.496959 0.592056
0.020001 0.171432 -1.500060 -1.141463 -0.112044 -0.093896 -0.426584 -0.357488 0.172595 1.454649 -0.197015 -0.079207 0.507626 0.697501
0.060001 0.114289 -1.359402 -1.323920 -0.101538 -0.108905 -0.386584 -0.414631 0.129082 1.087353 0.326097 1.166560 0.509773 0.820388
0.100001 0.057147 -1.218745 -1.506376 -0.091032 -0.123913 -0.346584 -0.471773 0.115178 0.519171 -0.210919 -0.647389 0.521329 0.937197
0.140001 0.028573 -1.078088 -1.597611 -0.080526 -0.131418 -0.306585 -0.500346 0.142887 0.201329 0.353806 0.848718 0.518390 1.021058
0.279999 0.000000 -0.585792 -1.688847 -0.043755 -0.138923 -0.166587 -0.528920 0.279999 0.000000 -0.073807 -0.848718 0.476644 1.265675
0.340000 0.000000 -0.374801 -1.688847 -0.027995 -0.138923 -0.106585 -0.528920 0.340000 0.000000 0.413807 0.848718 0.459129 1.371945
0.420000 0.000000 -0.093486 -1.688847 -0.006983 -0.138923 -0.026585 -0.528920 0.420000 0.000000 0.006193 -0.848718 0.447376 1.520575
0.480002 0.000000 0.117505 -1.688847 0.008777 -0.138923 0.033416 -0.528920 0.480002 0.000000 0.473809 0.848718 0.447834 -1.507703
0.520001 0.028573 0.258162 -1.597611 0.019283 -0.131418 0.073416 -0.500346 0.520786 0.054893 0.046977 -0.793825 0.424410 -1.425106
0.600001 0.114289 0.539477 -1.323920 0.040295 -0.108905 0.153416 -0.414631 0.610789 0.188227 0.563812 0.982052 0.366002 -1.216412
0.600001 0.171432 0.539477 -1.141463 0.040295 -0.093896 0.153416 -0.357488 0.624011 0.278304 0.060199 -0.703748 0.315033 -1.165417
0.620000 0.228574 0.609800 -0.959007 0.045548 -0.078887 0.173414 -0.300346 0.660792 0.353208 0.600592 1.056956 0.278570 -1.047174
0.600001 0.257143 0.539477 -0.867785 0.040295 -0.071383 0.153416 -0.271777 0.652782 0.404892 0.052189 -0.652064 0.243772 -1.056895
0.580000 0.314286 0.469143 -0.685329 0.035042 -0.056375 0.133414 -0.214634 0.659678 0.496582 0.607489 1.148646 0.187890 -1.014654
0.560001 0.342859 0.398820 -0.594093 0.029789 -0.048870 0.113416 -0.186061 0.656623 0.549376 0.049134 -0.599270 0.153695 -1.023375
0.500000 0.400002 0.187828 -0.411637 0.014030 -0.033861 0.053414 -0.128918 0.640314 0.674743 0.591179 1.274013 0.070874 -1.178000
0.460000 0.400002 0.047171 -0.411637 0.003523 -0.033861 0.013414 -0.128918 0.609591 0.715746 0.018412 -0.558267 0.048477 -1.467116
0.400002 0.400002 -0.163810 -0.411637 -0.012235 -0.033861 -0.046584 -0.128918 0.565688 0.785398 0.547276 1.343665 0.065880 1.224051
0.380000 0.400002 -0.234144 -0.411637 -0.017489 -0.033861 -0.066585 -0.128918 0.551726 0.811035 0.004450 -0.532630 0.081263 1.094041
0.380000 0.371428 -0.234144 -0.502872 -0.017489 -0.041366 -0.066585 -0.157492 0.531375 0.773991 0.526925 1.306621 0.100410 1.170802
0.400002 0.371428 -0.163810 -0.502872 -0.012235 -0.041366 -0.046584 -0.157492 0.545858 0.748375 0.018933 -0.558245 0.088423 1.283210
0.440002 0.371428 -0.023152 -0.502872 -0.001729 -0.041366 -0.006584 -0.157492 0.575813 0.701089 0.556880 1.259335 0.075445 1.529015
0.480002 0.400002 0.117505 -0.411637 0.008777 -0.033861 0.033416 -0.128918 0.624822 0.694739 0.067942 -0.564596 0.057330 -1.317176
0.520001 0.400002 0.258162 -0.411637 0.019283 -0.033861 0.073416 -0.128918 0.656051 0.655696 0.588109 1.220292 0.086948 -1.053124
0.560001 0.485713 0.398820 -0.137959 0.029789 -0.011348 0.113416 -0.043207 0.741295 0.714477 0.153187 -0.505815 0.119975 -0.363984
0.580000 0.542856 0.469143 0.044498 0.035042 0.003660 0.133414 0.013936 0.794413 0.752330 0.641226 1.258146 0.164521 0.104079
0.580000 0.599998 0.469143 0.226954 0.035042 0.018669 0.133414 0.071078 0.834504 0.802344 0.193278 -0.455801 0.203309 0.489515
0.580000 0.685714 0.469143 0.500646 0.035042 0.041183 0.133414 0.156794 0.898111 0.868726 0.704833 1.324527 0.273828 0.865788
0.540000 0.771426 0.328486 0.774324 0.024536 0.063695 0.093414 0.242506 0.941646 0.960069 0.236813 -0.364459 0.338005 1.203110
0.520001 0.799999 0.258162 0.865559 0.019283 0.071200 0.073416 0.271079 0.954149 0.994419 0.717336 1.358878 0.360958 1.306313
0.480002 0.828568 0.117505 0.956780 0.008777 0.078704 0.033416 0.299648 0.957563 1.045726 0.240227 -0.313152 0.383441 1.459738
0.380000 0.857142 -0.234144 1.048015 -0.017489 0.086209 -0.066585 0.328222 0.937599 1.153499 0.697372 1.466652 0.415920 -1.370646
0.340000 0.857142 -0.374801 1.048015 -0.027995 0.086209 -0.106585 0.328222 0.922113 1.193166 0.224741 -0.273486 0.424166 -1.256804
0.300001 0.857142 -0.515458 1.048015 -0.038501 0.086209 -0.146585 0.328222 0.908126 1.234120 0.683385 1.507606 0.435940 -1.150770
0.260001 0.828568 -0.656116 0.956780 -0.049007 0.078704 -0.186585 0.299648 0.868404 1.266732 0.185019 -0.240874 0.425117 -1.013867
0.239999 0.828568 -0.726450 0.956780 -0.054261 0.078704 -0.206586 0.299648 0.862627 1.288857 0.677607 1.529731 0.434268 -0.967200
0.220001 0.828568 -0.796773 0.956780 -0.059514 0.078704 -0.226585 0.299648 0.857278 1.311265 0.179671 -0.218466 0.444130 -0.923359
0.239999 0.799999 -0.726450 0.865559 -0.054261 0.071200 -0.206586 0.271079 0.835223 1.279340 0.655553 1.497806 0.409364 -0.919603
0.260001 0.799999 -0.656116 0.865559 -0.049007 0.071200 -0.186585 0.271079 0.841189 1.256563 0.185636 -0.241243 0.399644 -0.967963
0.380000 0.828568 -0.234144 0.956780 -0.017489 0.078704 -0.066585 0.299648 0.911551 1.140795 0.725915 1.382037 0.387743 -1.352138
0.480002 0.885711 0.117505 1.139237 0.008777 0.093713 0.033416 0.356791 1.007415 1.074163 0.281500 -0.307875 0.440395 1.477412
0.640001 0.914284 0.680134 1.230472 0.050801 0.101218 0.193415 0.385364 1.116027 0.960069 0.834527 1.267943 0.506114 1.105628
0.720001 0.942858 0.961449 1.321707 0.071814 0.108723 0.273415 0.413938 1.186331 0.918625 0.351804 -0.349319 0.566605 0.987059
0.819999 0.942858 1.313087 1.321707 0.098079 0.108723 0.373413 0.413938 1.249551 0.854978 0.897747 1.204297 0.621066 0.836822
0.859999 0.942858 1.453745 1.321707 0.108585 0.108723 0.413413 0.413938 1.276158 0.831325 0.378410 -0.372972 0.645907 0.786032
0.899999 0.971427 1.594402 1.412929 0.119091 0.116227 0.453413 0.442507 1.324261 0.823547 0.945851 1.196519 0.693571 0.773225
0.899999 0.942858 1.594402 1.321707 0.119091 0.108723 0.453413 0.413938 1.303449 0.808651 0.357598 -0.387868 0.672212 0.739917
0.899999 0.914284 1.594402 1.230472 0.119091 0.101218 0.453413 0.385364 1.282932 0.793272 0.925334 1.181140 0.651403 0.704447
0.880000 0.885711 1.524079 1.139237 0.113838 0.093713 0.433415 0.356791 1.248553 0.788632 0.323219 -0.392508 0.616992 0.688733
0.859999 0.771426 1.453745 0.774324 0.108585 0.063695 0.413413 0.242506 1.155290 0.731159 0.832071 1.123668 0.525768 0.530504
0.859999 0.742857 1.453745 0.683102 0.108585 0.056192 0.413413 0.213937 1.136413 0.712444 0.304341 -0.411223 0.508613 0.477541
0.859999 0.685714 1.453745 0.500646 0.108585 0.041183 0.413413 0.156794 1.099910 0.673119 0.795569 1.084342 0.477591 0.362507
0.880000 0.599998 1.524079 0.226954 0.113838 0.018669 0.433415 0.071078 1.065081 0.598417 0.269513 -0.485925 0.459765 0.162549
0.899999 0.571429 1.594402 0.135733 0.119091 0.011165 0.453413 0.042509 1.066081 0.565703 0.796568 1.051627 0.470286 0.093481
0.960000 0.571429 1.805393 0.135733 0.134851 0.011165 0.513414 0.042509 1.117198 0.536911 0.320630 -0.514716 0.528375 0.082609
0.979999 0.571429 1.875717 0.135733 0.140103 0.011165 0.533413 0.042509 1.134429 0.527894 0.813799 1.042610 0.547828 0.079525
1.000000 0.628572 1.946051 0.318189 0.145357 0.026174 0.553414 0.099652 1.181145 0.561164 0.367346 -0.481447 0.582569 0.178158
1.000000 0.685714 1.946051 0.500646 0.145357 0.041183 0.553414 0.156794 1.212520 0.601074 0.845174 1.082520 0.602868 0.276086
1.000000 0.828568 1.946051 0.956780 0.145357 0.078704 0.553414 0.299648 1.298663 0.691919 0.453489 -0.390601 0.672442 0.496258
0.979999 0.942858 1.875717 1.321707 0.140103 0.108723 0.533413 0.413938 1.359918 0.766085 0.906429 1.156686 0.728571 0.659945
0.960000 1.000000 1.805393 1.504164 0.134851 0.123731 0.513414 0.471080 1.386218 0.805803 0.479789 -0.350882 0.754892 0.742424
