0.074998 0.200000 -1.217485 -1.045758 -0.089889 -0.080411 -0.373878 -0.334456 0.213599 1.212034 0.213599 1.212034 0.449137 0.729801
0.100000 0.200000 -1.136070 -1.045758 -0.083878 -0.080411 -0.348876 -0.334456 0.223607 1.107149 0.010007 -0.104885 0.428549 0.764299
0.124998 0.200000 -1.054667 -1.045758 -0.077868 -0.080411 -0.323878 -0.334456 0.235849 1.012204 0.225841 1.117089 0.408456 0.801465
0.124998 0.233331 -1.054667 -0.941541 -0.077868 -0.072398 -0.323878 -0.301126 0.264703 1.078989 0.038862 -0.038100 0.389046 0.749010
0.124998 0.266667 -1.054667 -0.837309 -0.077868 -0.064383 -0.323878 -0.267790 0.294509 1.132466 0.255647 1.170566 0.371615 0.690883
0.124998 0.333333 -1.054667 -0.628860 -0.077868 -0.048355 -0.323878 -0.201123 0.355999 1.212031 0.100352 0.041465 0.343871 0.555706
0.124998 0.366664 -1.054667 -0.524643 -0.077868 -0.040341 -0.323878 -0.167792 0.387385 1.242246 0.287033 1.200781 0.334150 0.478001
0.124998 0.400000 -1.054667 -0.420410 -0.077868 -0.032327 -0.323878 -0.134456 0.419076 1.267916 0.132043 0.067135 0.327545 0.393494
0.100000 0.466667 -1.136070 -0.211961 -0.083878 -0.016298 -0.348876 -0.067790 0.477261 1.359703 0.345217 1.292568 0.349330 0.191917
0.074998 0.466667 -1.217485 -0.211961 -0.089889 -0.016298 -0.373878 -0.067790 0.472655 1.411449 0.127437 0.118881 0.374301 0.179366
0.050000 0.466667 -1.298888 -0.211961 -0.095899 -0.016298 -0.398876 -0.067790 0.469338 1.464061 0.341900 1.345180 0.399273 0.168343
0.024998 0.466667 -1.380304 -0.211961 -0.101910 -0.016298 -0.423878 -0.067790 0.467336 1.517280 0.125435 0.172100 0.424251 0.158585
0.000000 0.466667 -1.461707 -0.211961 -0.107920 -0.016298 -0.448876 -0.067790 0.466667 1.570796 0.341231 1.398696 0.449229 0.149888
0.000000 0.433331 -1.461707 -0.316194 -0.107920 -0.024313 -0.448876 -0.101126 0.433331 1.570796 0.092100 0.172100 0.449146 0.221587
0.000000 0.366664 -1.461707 -0.524643 -0.107920 -0.040341 -0.448876 -0.167792 0.366664 1.570796 0.274565 1.398696 0.456343 0.357723
0.000000 0.333333 -1.461707 -0.628860 -0.107920 -0.048355 -0.448876 -0.201123 0.333333 1.570796 0.058769 0.172100 0.463509 0.421239
0.000000 0.266667 -1.461707 -0.837309 -0.107920 -0.064383 -0.448876 -0.267790 0.266667 1.570796 0.207898 1.398696 0.484449 0.537900
0.000000 0.233331 -1.461707 -0.941541 -0.107920 -0.072398 -0.448876 -0.301126 0.233331 1.570796 0.025433 0.172100 0.497946 0.590888
0.024998 0.166664 -1.380304 -1.149991 -0.101910 -0.088426 -0.423878 -0.367792 0.168528 1.421915 0.143096 1.249815 0.509231 0.714671
0.100000 0.066667 -1.136070 -1.462657 -0.083878 -0.112468 -0.348876 -0.467790 0.120185 0.588003 -0.022911 -0.661812 0.517493 0.929990
0.124998 0.033331 -1.054667 -1.566889 -0.077868 -0.120482 -0.323878 -0.501126 0.129366 0.260587 0.152276 0.922400 0.526854 0.997025
0.200000 0.033331 -0.810433 -1.566889 -0.059836 -0.120482 -0.248876 -0.501126 0.202758 0.165136 0.050482 -0.757263 0.484373 1.109845
0.250000 0.000000 -0.647615 -1.671106 -0.047815 -0.128496 -0.198876 -0.534456 0.250000 0.000000 0.199518 0.757263 0.490960 1.214562
0.324998 0.000000 -0.403393 -1.671106 -0.029783 -0.128496 -0.123878 -0.534456 0.324998 0.000000 0.125480 -0.757263 0.465656 1.343035
0.400000 0.000000 -0.159160 -1.671106 -0.011751 -0.128496 -0.048876 -0.534456 0.400000 0.000000 0.274520 0.757263 0.451530 1.479599
0.475002 0.000000 0.085074 -1.671106 0.006281 -0.128496 0.026125 -0.534456 0.475002 0.000000 0.200482 -0.757263 0.449636 -1.521953
0.525002 0.033331 0.247893 -1.566889 0.018302 -0.120482 0.076125 -0.501126 0.526059 0.063402 0.325577 0.820665 0.422461 -1.420040
0.575002 0.066667 0.410711 -1.462657 0.030324 -0.112468 0.126125 -0.467790 0.578854 0.115426 0.253277 -0.705239 0.402482 -1.307439
0.625002 0.166664 0.573529 -1.149991 0.042345 -0.088426 0.176125 -0.367792 0.646842 0.260598 0.393565 0.965837 0.332662 -1.124193
0.625002 0.200000 0.573529 -1.045758 0.042345 -0.080411 0.176125 -0.334456 0.656222 0.309702 0.262657 -0.656135 0.304893 -1.086094
0.625002 0.266667 0.573529 -0.837309 0.042345 -0.064383 0.176125 -0.267790 0.679513 0.403280 0.416856 1.059415 0.253418 -0.989027
0.625002 0.299997 0.573529 -0.733092 0.042345 -0.056369 0.176125 -0.234459 0.693272 0.447516 0.276416 -0.611900 0.230619 -0.926528
0.600000 0.366664 0.492114 -0.524643 0.036334 -0.040341 0.151124 -0.167792 0.703166 0.548546 0.426750 1.160446 0.172038 -0.837617
0.575002 0.400000 0.410711 -0.420410 0.030324 -0.032327 0.126125 -0.134456 0.700448 0.607800 0.273697 -0.552646 0.135265 -0.817358
0.550000 0.400000 0.329296 -0.420410 0.024313 -0.032327 0.101124 -0.134456 0.680074 0.628796 0.406376 1.181442 0.112316 -0.925958
0.475002 0.433331 0.085074 -0.316194 0.006281 -0.024313 0.026125 -0.101126 0.642964 0.739554 0.236588 -0.441888 0.030401 -1.317977
0.450000 0.433331 0.003659 -0.316194 0.000270 -0.024313 0.001124 -0.101126 0.624720 0.766530 0.388133 1.208418 0.015586 -1.559686
0.424998 0.400000 -0.077757 -0.420410 -0.005741 -0.032327 -0.023878 -0.134456 0.583630 0.755107 0.195497 -0.453311 0.054397 1.395037
0.400000 0.400000 -0.159160 -0.420410 -0.011751 -0.032327 -0.048876 -0.134456 0.565685 0.785398 0.370189 1.238709 0.069122 1.222136
0.374998 0.366664 -0.240575 -0.524643 -0.017762 -0.040341 -0.073878 -0.167792 0.524468 0.774162 0.154279 -0.464547 0.110530 1.156041
0.374998 0.333333 -0.240575 -0.628860 -0.017762 -0.048355 -0.073878 -0.201123 0.501732 0.726645 0.347453 1.191192 0.137143 1.218768
0.400000 0.333333 -0.159160 -0.628860 -0.011751 -0.048355 -0.048876 -0.201123 0.520683 0.694738 0.173230 -0.496454 0.125456 1.332400
0.424998 0.333333 -0.077757 -0.628860 -0.005741 -0.048355 -0.023878 -0.201123 0.540125 0.665105 0.366894 1.161559 0.117985 1.452625
0.450000 0.333333 0.003659 -0.628860 0.000270 -0.048355 0.001124 -0.201123 0.560010 0.637549 0.193116 -0.524010 0.115549 -1.565210
0.475002 0.400000 0.085074 -0.420410 0.006281 -0.032327 0.026125 -0.134456 0.620989 0.699891 0.427873 1.223901 0.055421 -1.378883
0.500000 0.433331 0.166477 -0.316194 0.012291 -0.024313 0.051124 -0.101126 0.661646 0.714088 0.233773 -0.509813 0.053435 -1.102722
0.500000 0.499997 0.166477 -0.107744 0.012291 -0.008285 0.051124 -0.034459 0.707105 0.785396 0.473332 1.295209 0.072298 -0.593085
0.500000 0.633331 0.166477 0.309154 0.012291 0.023772 0.051124 0.098874 0.806913 0.902505 0.333581 -0.392704 0.191408 1.093597
0.475002 0.699997 0.085074 0.517604 0.006281 0.039800 0.026125 0.165541 0.845945 0.974594 0.512364 1.367297 0.252476 1.414269
0.424998 0.833331 -0.077757 0.934502 -0.005741 0.071856 -0.023878 0.298874 0.935448 1.099181 0.423084 -0.268116 0.385195 -1.491072
0.400000 0.866667 -0.159160 1.038735 -0.011751 0.079871 -0.048876 0.332210 0.954521 1.138389 0.531437 1.406505 0.420640 -1.424719
0.350000 0.900003 -0.321978 1.142967 -0.023772 0.087886 -0.098876 0.365546 0.965663 1.199906 0.434225 -0.206599 0.461835 -1.306628
0.324998 0.900003 -0.403393 1.142967 -0.029783 0.087886 -0.123878 0.365546 0.956885 1.224260 0.522659 1.430859 0.467825 -1.244057
0.274998 0.933333 -0.566212 1.247184 -0.041804 0.095899 -0.173878 0.398877 0.973003 1.284263 0.450344 -0.146595 0.514716 -1.159713
0.250000 0.933333 -0.647615 1.247184 -0.047815 0.095899 -0.198876 0.398877 0.966236 1.309083 0.515892 1.455678 0.523689 -1.108277
0.200000 0.900003 -0.810433 1.142967 -0.059836 0.087886 -0.248876 0.365546 0.921957 1.352128 0.406065 -0.103550 0.515223 -0.973049
0.150000 0.866667 -0.973252 1.038735 -0.071857 0.079871 -0.298876 0.332210 0.879552 1.399417 0.473486 1.502968 0.513688 -0.838169
0.124998 0.866667 -1.054667 1.038735 -0.077868 0.079871 -0.323878 0.332210 0.875634 1.427556 0.402148 -0.075412 0.528626 -0.798097
0.100000 0.866667 -1.136070 1.038735 -0.083878 0.079871 -0.348876 0.332210 0.872417 1.455920 0.470269 1.531332 0.544301 -0.760933
0.100000 0.833331 -1.136070 0.934502 -0.083878 0.071856 -0.348876 0.298874 0.839309 1.451367 0.369041 -0.079965 0.519153 -0.708358
0.150000 0.833331 -0.973252 0.934502 -0.071857 0.071856 -0.298876 0.298874 0.846723 1.392703 0.477683 1.472668 0.486962 -0.785395
0.200000 0.866667 -0.810433 1.038735 -0.059836 0.079871 -0.248876 0.332210 0.889444 1.343997 0.411762 -0.128670 0.486300 -0.927837
0.274998 0.866667 -0.566212 1.038735 -0.041804 0.079871 -0.173878 0.332210 0.909250 1.263539 0.497488 1.392210 0.452529 -1.088606
0.350000 0.866667 -0.321978 1.038735 -0.023772 0.079871 -0.098876 0.332210 0.934672 1.186979 0.437184 -0.205231 0.429331 -1.281513
0.500000 0.900003 0.166477 1.142967 0.012291 0.087886 0.051124 0.365546 1.029565 1.063699 0.592382 1.268930 0.454014 1.431842
0.575002 0.900003 0.410711 1.142967 0.030324 0.087886 0.126125 0.365546 1.068004 1.002272 0.475622 -0.266658 0.468425 1.238553
0.650000 0.900003 0.654932 1.142967 0.048355 0.087886 0.201124 0.365546 1.110182 0.945313 0.634560 1.211971 0.493929 1.067799
0.775002 0.933333 1.061985 1.247184 0.078408 0.095899 0.326125 0.398877 1.213153 0.877816 0.578592 -0.334155 0.584000 0.885410
0.825002 0.933333 1.224803 1.247184 0.090429 0.095899 0.376125 0.398877 1.245688 0.846931 0.667096 1.181086 0.613326 0.814746
0.900000 0.966669 1.469025 1.351417 0.108461 0.103914 0.451124 0.432213 1.320776 0.821099 0.653680 -0.359987 0.686747 0.763993
0.925002 0.966669 1.550440 1.351417 0.114472 0.103914 0.476125 0.432213 1.337938 0.807421 0.684258 1.167408 0.703424 0.737092
0.975002 1.000000 1.713258 1.455633 0.126493 0.111928 0.526125 0.465544 1.396649 0.798055 0.712391 -0.369354 0.761935 0.724383
0.950000 0.966669 1.631843 1.351417 0.120482 0.103914 0.501124 0.432213 1.355341 0.794095 0.642950 1.163449 0.720579 0.711699
0.925002 0.933333 1.550440 1.247184 0.114472 0.095899 0.476125 0.398877 1.314055 0.789881 0.671105 -0.373567 0.679260 0.697343
0.900000 0.900003 1.469025 1.142967 0.108461 0.087886 0.451124 0.365546 1.272794 0.785400 0.601689 1.158967 0.637987 0.680991
0.875002 0.833331 1.387621 0.934502 0.102451 0.071856 0.426125 0.298874 1.208333 0.761010 0.606644 -0.397957 0.573923 0.611649
0.825002 0.733333 1.224803 0.621836 0.090429 0.047815 0.376125 0.198877 1.103814 0.726641 0.497170 1.124598 0.471578 0.486383
0.800000 0.666667 1.143388 0.413387 0.084418 0.031786 0.351124 0.132210 1.041367 0.694738 0.544196 -0.429859 0.413183 0.360115
0.800000 0.566664 1.143388 0.100705 0.084418 0.007743 0.351124 0.032208 0.980361 0.616295 0.436165 1.046154 0.370354 0.091472
0.825002 0.533333 1.224803 -0.003512 0.090429 -0.000270 0.376125 -0.001123 0.982381 0.573885 0.546216 -0.472269 0.385491 -0.002986
0.850000 0.499997 1.306206 -0.107744 0.096440 -0.008285 0.401124 -0.034459 0.986153 0.531722 0.439937 1.003991 0.404368 -0.085696
0.900000 0.466667 1.469025 -0.211961 0.108461 -0.016298 0.451124 -0.067790 1.013794 0.478352 0.573857 -0.525639 0.451474 -0.149153
0.950000 0.466667 1.631843 -0.211961 0.120482 -0.016298 0.501124 -0.067790 1.058432 0.456605 0.484575 0.982244 0.501439 -0.134459
1.000000 0.533333 1.794661 -0.003512 0.132503 -0.000270 0.551124 -0.001123 1.133333 0.489957 0.648758 -0.492287 0.557557 -0.002038
1.000000 0.600000 1.794661 0.204938 0.132503 0.015758 0.551124 0.065544 1.166190 0.540420 0.517432 1.032707 0.571468 0.118371
1.000000 0.766664 1.794661 0.726053 0.132503 0.055828 0.551124 0.232208 1.260069 0.654081 0.742637 -0.378625 0.636181 0.398762
1.000000 0.833331 1.794661 0.934502 0.132503 0.071856 0.551124 0.298874 1.301707 0.694737 0.559070 1.073362 0.671969 0.496912
0.975002 0.933333 1.713258 1.247184 0.126493 0.095899 0.526125 0.398877 1.349718 0.763567 0.790649 -0.309796 0.715197 0.648691
0.950000 1.000000 1.631843 1.455633 0.120482 0.111928 0.501124 0.465544 1.379311 0.811034 0.588663 1.120829 0.744891 0.748608
