0.041667 0.259261 -1.332647 -1.014938 -0.111590 -0.086562 -0.410211 -0.318206 0.262588 1.411446 0.262588 1.411446 0.453182 0.659755
0.062498 0.259261 -1.264971 -1.014938 -0.105923 -0.086562 -0.389379 -0.318206 0.266688 1.334246 0.004100 -0.077200 0.434416 0.685149
0.083333 0.296301 -1.197285 -0.896798 -0.100256 -0.076486 -0.368544 -0.281166 0.307797 1.296633 0.303697 1.373833 0.400036 0.651713
0.104165 0.333335 -1.129609 -0.778675 -0.094589 -0.066412 -0.347713 -0.244132 0.349232 1.267917 0.045535 -0.105916 0.367364 0.612140
0.125000 0.370375 -1.061923 -0.660534 -0.088921 -0.056336 -0.326878 -0.207092 0.390900 1.245304 0.345365 1.351220 0.336885 0.564722
0.145832 0.481483 -0.994247 -0.306148 -0.083254 -0.026111 -0.306046 -0.095984 0.503083 1.276699 0.157718 -0.074521 0.307475 0.303912
0.145832 0.518523 -0.994247 -0.188008 -0.083254 -0.016035 -0.306046 -0.058945 0.538640 1.296634 0.380921 1.371155 0.313218 0.190271
0.145832 0.555557 -0.994247 -0.069885 -0.083254 -0.005960 -0.306046 -0.021911 0.574378 1.314091 0.193457 -0.057063 0.323131 0.071471
0.145832 0.592597 -0.994247 0.048255 -0.083254 0.004116 -0.306046 0.015129 0.610277 1.329502 0.416820 1.386565 0.336847 -0.049394
0.125000 0.592597 -1.061923 0.048255 -0.088921 0.004116 -0.326878 0.015129 0.605637 1.362908 0.188817 -0.023657 0.355880 -0.046251
0.104165 0.592597 -1.129609 0.048255 -0.094589 0.004116 -0.347713 0.015129 0.601682 1.396796 0.412865 1.420454 0.375108 -0.043483
0.041667 0.555557 -1.332647 -0.069885 -0.111590 -0.005960 -0.410211 -0.021911 0.557117 1.495937 0.144252 0.075483 0.423110 0.053362
0.020832 0.518523 -1.400333 -0.188008 -0.117258 -0.016035 -0.431046 -0.058945 0.518941 1.530643 0.374689 1.455160 0.436168 0.135905
0.000000 0.481483 -1.468009 -0.306148 -0.122925 -0.026111 -0.451878 -0.095984 0.481483 1.570796 0.106794 0.115637 0.452846 0.209302
0.000000 0.370375 -1.468009 -0.660534 -0.122925 -0.056336 -0.451878 -0.207092 0.370375 1.570796 0.263581 1.455160 0.459169 0.429729
0.000000 0.296301 -1.468009 -0.896798 -0.122925 -0.076486 -0.451878 -0.281166 0.296301 1.570796 0.032720 0.115637 0.477910 0.556596
0.041667 0.222227 -1.332647 -1.133061 -0.111590 -0.096636 -0.410211 -0.355240 0.226100 1.385452 0.193379 1.269816 0.470120 0.713706
0.062498 0.148153 -1.264971 -1.369324 -0.105923 -0.116787 -0.389379 -0.429314 0.160796 1.171597 -0.032583 -0.098219 0.493827 0.834138
0.104165 0.111114 -1.129609 -1.487465 -0.094589 -0.126863 -0.347713 -0.466354 0.152304 0.817664 0.184887 0.915882 0.486851 0.930118
0.229165 0.000000 -0.723523 -1.841869 -0.060585 -0.157089 -0.222713 -0.577467 0.229165 0.000000 0.044278 -0.915882 0.503780 1.202703
0.291667 0.000000 -0.520475 -1.841869 -0.043582 -0.157089 -0.160211 -0.577467 0.291667 0.000000 0.247389 0.915882 0.479438 1.300166
0.333333 0.000000 -0.385113 -1.841869 -0.032248 -0.157089 -0.118544 -0.577467 0.333333 0.000000 0.085944 -0.915882 0.467168 1.368326
0.395832 0.000000 -0.182076 -1.841869 -0.015246 -0.157089 -0.056046 -0.577467 0.395832 0.000000 0.309887 0.915882 0.455340 1.474045
0.437498 0.037040 -0.046714 -1.723728 -0.003912 -0.147013 -0.014379 -0.540428 0.439064 0.084461 0.129176 -0.831421 0.415087 1.544195
0.500000 0.111114 0.156334 -1.487465 0.013091 -0.126863 0.048122 -0.466354 0.512197 0.218674 0.383021 1.050095 0.344145 -1.467972
0.520835 0.185187 0.224020 -1.251202 0.018759 -0.106712 0.068957 -0.392280 0.552778 0.341618 0.169757 -0.708477 0.275461 -1.396788
0.520835 0.222227 0.224020 -1.133061 0.018759 -0.096636 0.068957 -0.355240 0.566263 0.403288 0.396507 1.111765 0.239780 -1.379066
0.500000 0.333335 0.156334 -0.778675 0.013091 -0.066412 0.048122 -0.244132 0.600926 0.588005 0.204420 -0.523760 0.127938 -1.376175
0.479165 0.370375 0.088648 -0.660534 0.007423 -0.056336 0.027287 -0.207092 0.605621 0.658034 0.401201 1.181793 0.085949 -1.439787
0.437498 0.407409 -0.046714 -0.542412 -0.003912 -0.046261 -0.014379 -0.170058 0.597819 0.749801 0.196617 -0.431993 0.046736 1.486442
0.395832 0.444449 -0.182076 -0.424271 -0.015246 -0.036185 -0.056046 -0.133019 0.595162 0.843192 0.398544 1.275185 0.056536 1.172031
0.375000 0.444449 -0.249751 -0.424271 -0.020913 -0.036185 -0.076878 -0.133019 0.581515 0.869947 0.182971 -0.405238 0.077236 1.046750
0.354165 0.444449 -0.317437 -0.424271 -0.026581 -0.036185 -0.097713 -0.133019 0.568302 0.897971 0.385332 1.303209 0.097995 0.937238
0.375000 0.444449 -0.249751 -0.424271 -0.020913 -0.036185 -0.076878 -0.133019 0.581515 0.869947 0.196183 -0.433262 0.077236 1.046750
0.395832 0.444449 -0.182076 -0.424271 -0.015246 -0.036185 -0.056046 -0.133019 0.595162 0.843192 0.398979 1.276454 0.056536 1.172031
0.437498 0.444449 -0.046714 -0.424271 -0.003912 -0.036185 -0.014379 -0.133019 0.623650 0.793279 0.224672 -0.483175 0.016185 1.463115
0.458333 0.481483 0.020972 -0.306148 0.001756 -0.026111 0.006456 -0.095984 0.664752 0.810025 0.440080 1.293200 0.030301 -1.503640
0.479165 0.555557 0.088648 -0.069885 0.007423 -0.005960 0.027287 -0.021911 0.733650 0.859093 0.293570 -0.434108 0.107210 -0.676541
0.500000 0.592597 0.156334 0.048255 0.013091 0.004116 0.048122 0.015129 0.775352 0.869945 0.481782 1.304053 0.148720 0.304605
0.500000 0.666670 0.156334 0.284519 0.013091 0.024266 0.048122 0.089203 0.833336 0.927298 0.351554 -0.376755 0.220117 1.076074
0.479165 0.777778 0.088648 0.638905 0.007423 0.054491 0.027287 0.200311 0.913531 1.018645 0.561977 1.395400 0.327041 1.435404
0.458333 0.851852 0.020972 0.875168 0.001756 0.074641 0.006456 0.274385 0.967327 1.077179 0.405350 -0.318221 0.400027 1.547273
0.416667 0.888892 -0.114389 0.993308 -0.009578 0.084717 -0.035211 0.311425 0.981703 1.132461 0.576352 1.450682 0.438431 -1.458210
0.333333 0.962966 -0.385113 1.229572 -0.032248 0.104868 -0.118544 0.385498 1.019026 1.237553 0.442674 -0.213129 0.524656 -1.272465
0.312498 0.962966 -0.452799 1.229572 -0.037916 0.104868 -0.139379 0.385498 1.012402 1.257002 0.569728 1.470130 0.529753 -1.223864
0.270832 0.962966 -0.588161 1.229572 -0.049250 0.104868 -0.181046 0.385498 1.000326 1.296631 0.430598 -0.173499 0.542207 -1.131729
0.250000 0.962966 -0.655837 1.229572 -0.054917 0.104868 -0.201878 0.385498 0.994889 1.316789 0.564290 1.490289 0.549514 -1.088385
0.270832 0.962966 -0.588161 1.229572 -0.049250 0.104868 -0.181046 0.385498 1.000326 1.296631 0.436036 -0.193657 0.542207 -1.131729
0.291667 0.962966 -0.520475 1.229572 -0.043582 0.104868 -0.160211 0.385498 1.006167 1.276696 0.570131 1.470353 0.535611 -1.176919
0.416667 0.962966 -0.114389 1.229572 -0.009578 0.104868 -0.035211 0.385498 1.049245 1.162429 0.479113 -0.307924 0.512300 -1.479710
0.520835 0.962966 0.224020 1.229572 0.018759 0.104868 0.068957 0.385498 1.094793 1.074993 0.615680 1.382917 0.515719 1.393790
0.604168 0.962966 0.494744 1.229572 0.041428 0.104868 0.152291 0.385498 1.136804 1.010470 0.521124 -0.372447 0.533295 1.194566
0.750000 0.962966 0.968506 1.229572 0.081099 0.104868 0.298122 0.385498 1.220575 0.909089 0.699451 1.281536 0.591682 0.912523
0.812502 0.962966 1.171554 1.229572 0.098101 0.104868 0.360624 0.385498 1.259945 0.869942 0.560494 -0.411594 0.625508 0.818724
0.854168 0.962966 1.306916 1.229572 0.109436 0.104868 0.402291 0.385498 1.287209 0.845200 0.726715 1.256794 0.650422 0.764086
0.895835 1.000000 1.442278 1.347694 0.120770 0.114942 0.443957 0.422533 1.342580 0.840287 0.615865 -0.416507 0.705362 0.760677
0.916667 0.962966 1.509954 1.229572 0.126437 0.104868 0.464789 0.385498 1.329504 0.810025 0.713639 1.226532 0.690826 0.692416
0.895835 0.962966 1.442278 1.229572 0.120770 0.104868 0.443957 0.385498 1.315228 0.821498 0.601588 -0.405034 0.676985 0.715036
0.875000 0.925926 1.374592 1.111431 0.115103 0.094792 0.423122 0.348459 1.273956 0.813668 0.672368 1.218702 0.635417 0.688932
0.833333 0.814818 1.239230 0.757045 0.103768 0.064567 0.381456 0.237351 1.165493 0.774165 0.493125 -0.444538 0.526530 0.556600
0.833333 0.777778 1.239230 0.638905 0.103768 0.054491 0.381456 0.200311 1.139905 0.750929 0.646780 1.195467 0.501717 0.483543
0.833333 0.666670 1.239230 0.284519 0.103768 0.024266 0.381456 0.089203 1.067190 0.674744 0.420409 -0.520724 0.437772 0.229721
0.854168 0.629631 1.306916 0.166378 0.109436 0.014190 0.402291 0.052163 1.061149 0.635212 0.640740 1.155935 0.439811 0.128946
0.916667 0.555557 1.509954 -0.069885 0.126437 -0.005960 0.464789 -0.021911 1.071877 0.544865 0.431137 -0.611070 0.476212 -0.047106
0.979168 0.555557 1.713002 -0.069885 0.143440 -0.005960 0.527291 -0.021911 1.125795 0.516086 0.694657 1.127156 0.537387 -0.041529
0.979168 0.592597 1.713002 0.048255 0.143440 0.004116 0.527291 0.015129 1.144527 0.544237 0.449869 -0.582919 0.545745 0.028684
1.000000 0.629631 1.780677 0.166378 0.149106 0.014190 0.548122 0.052163 1.181708 0.561922 0.731839 1.144841 0.576224 0.094881
1.000000 0.777778 1.780677 0.638905 0.149106 0.054491 0.548122 0.200311 1.266862 0.661044 0.535023 -0.483798 0.637691 0.350371
0.958333 0.925926 1.645316 1.111431 0.137772 0.094792 0.506456 0.348459 1.332570 0.768201 0.797547 1.251999 0.693700 0.602650
0.937502 0.962966 1.577640 1.229572 0.132105 0.104868 0.485624 0.385498 1.343954 0.798796 0.546407 -0.453202 0.705012 0.670962
0.916667 1.000000 1.509954 1.347694 0.126437 0.114942 0.464789 0.422533 1.356568 0.828849 0.810161 1.282051 0.718656 0.737812
