0.065574 0.529412 -1.695066 -0.404469 -0.130571 -0.032775 -0.451326 -0.113291 0.533457 1.447563 0.533457 1.447563 0.451499 0.245936
0.081966 0.529412 -1.633501 -0.404469 -0.125828 -0.032775 -0.434933 -0.113291 0.535719 1.417191 0.002262 -0.030371 0.435113 0.254816
0.098361 0.529412 -1.571926 -0.404469 -0.121085 -0.032775 -0.418539 -0.113291 0.538472 1.387099 0.536210 1.417470 0.418726 0.264347
0.114753 0.529412 -1.510362 -0.404469 -0.116343 -0.032775 -0.402147 -0.113291 0.541706 1.357343 0.005496 -0.060127 0.402341 0.274598
0.131147 0.558826 -1.448787 -0.299456 -0.111600 -0.024266 -0.385752 -0.083877 0.574009 1.340284 0.568512 1.400411 0.388024 0.214104
0.147540 0.617649 -1.387222 -0.089444 -0.106858 -0.007248 -0.369360 -0.025053 0.635026 1.336318 0.066514 -0.064093 0.382854 0.067724
0.147540 0.676473 -1.387222 0.120567 -0.106858 0.009770 -0.369360 0.033771 0.692375 1.356058 0.625861 1.420151 0.402356 -0.091176
0.147540 0.705882 -1.387222 0.225565 -0.106858 0.018278 -0.369360 0.063180 0.721136 1.364748 0.095275 -0.055403 0.414899 -0.169413
0.131147 0.705882 -1.448787 0.225565 -0.111600 0.018278 -0.385752 0.063180 0.717962 1.387099 0.622687 1.442501 0.429557 -0.162343
0.098361 0.705882 -1.571926 0.225565 -0.121085 0.018278 -0.418539 0.063180 0.712702 1.432344 0.090016 -0.010158 0.459227 -0.149823
0.065574 0.676473 -1.695066 0.120567 -0.130571 0.009770 -0.451326 0.033771 0.679644 1.474164 0.589628 1.484321 0.478705 -0.074686
0.016392 0.588235 -1.879779 -0.194458 -0.144799 -0.015758 -0.500507 -0.054467 0.588464 1.542937 -0.001164 0.058616 0.505565 0.108397
0.000000 0.500002 -1.941344 -0.509467 -0.149541 -0.041284 -0.516899 -0.142700 0.500002 1.570796 0.501167 1.512181 0.517175 0.269360
0.000000 0.441179 -1.941344 -0.719479 -0.149541 -0.058302 -0.516899 -0.201524 0.441179 1.570796 -0.059988 0.058616 0.522416 0.371743
0.016392 0.323527 -1.879779 -1.139517 -0.144799 -0.092339 -0.500507 -0.319175 0.323942 1.520173 0.383930 1.461557 0.536563 0.567682
0.065574 0.205880 -1.695066 -1.559540 -0.130571 -0.126375 -0.451326 -0.436822 0.216071 1.262451 -0.167859 -0.199106 0.548113 0.769070
0.131147 0.088233 -1.448787 -1.979563 -0.111600 -0.160411 -0.385752 -0.554469 0.158066 0.592222 0.325925 0.791328 0.576680 0.962953
0.213113 0.029410 -1.140944 -2.189575 -0.087887 -0.177429 -0.303786 -0.613293 0.215133 0.137133 -0.110792 -0.654194 0.574397 1.110887
0.311474 0.000000 -0.771527 -2.294573 -0.059431 -0.185937 -0.205426 -0.642702 0.311474 0.000000 0.422266 0.654194 0.556224 1.261431
0.360655 0.000000 -0.586813 -2.294573 -0.045202 -0.185937 -0.156244 -0.642702 0.360655 0.000000 -0.061610 -0.654194 0.539997 1.332318
0.442624 0.058824 -0.278961 -2.084561 -0.021488 -0.168919 -0.074276 -0.583879 0.446515 0.132123 0.508126 0.786317 0.464059 1.444265
0.524590 0.117647 0.028882 -1.874550 0.002225 -0.151901 0.007690 -0.525055 0.537620 0.220615 0.029494 -0.565703 0.399326 -1.556151
0.557376 0.205880 0.152021 -1.559540 0.011710 -0.126375 0.040477 -0.436822 0.594184 0.353829 0.564690 0.919532 0.313642 -1.478398
0.590163 0.294118 0.275161 -1.244515 0.021196 -0.100847 0.073264 -0.348585 0.659392 0.462340 0.094702 -0.457192 0.234519 -1.363636
0.606558 0.382355 0.336735 -0.929490 0.025939 -0.075320 0.089659 -0.260347 0.717013 0.562451 0.622312 1.019642 0.161681 -1.239136
0.606558 0.441179 0.336735 -0.719479 0.025939 -0.058302 0.089659 -0.201524 0.750034 0.628846 0.127722 -0.390797 0.117355 -1.152189
0.606558 0.529412 0.336735 -0.404469 0.025939 -0.032775 0.089659 -0.113291 0.805102 0.717590 0.677380 1.108387 0.090527 -0.901319
0.606558 0.588235 0.336735 -0.194458 0.025939 -0.015758 0.089659 -0.054467 0.844946 0.770064 0.167566 -0.338323 0.114575 -0.545912
0.590163 0.617649 0.275161 -0.089444 0.021196 -0.007248 0.073264 -0.025053 0.854274 0.808151 0.686707 1.146474 0.124572 -0.329491
0.557376 0.647059 0.152021 0.015554 0.011710 0.001260 0.040477 0.004357 0.854022 0.859721 0.167315 -0.286753 0.136308 0.107217
0.540984 0.647059 0.090457 0.015554 0.006968 0.001260 0.024085 0.004357 0.843415 0.874447 0.676100 1.161200 0.132369 0.178948
0.491803 0.647059 -0.094257 0.015554 -0.007261 0.001260 -0.025097 0.004357 0.812745 0.920889 0.136645 -0.240311 0.132557 -0.171877
0.475410 0.647059 -0.155822 0.015554 -0.012003 0.001260 -0.041489 0.004357 0.802932 0.937143 0.666287 1.177454 0.136612 -0.104621
0.459016 0.647059 -0.217396 0.015554 -0.016746 0.001260 -0.057884 0.004357 0.793335 0.953797 0.127048 -0.223657 0.142450 -0.075122
0.442624 0.617649 -0.278961 -0.089444 -0.021488 -0.007248 -0.074276 -0.025053 0.759873 0.948999 0.632825 1.172656 0.125170 0.325314
0.426229 0.617649 -0.340535 -0.089444 -0.026231 -0.007248 -0.090670 -0.025053 0.750441 0.966757 0.117616 -0.205898 0.135542 0.269582
0.409837 0.558826 -0.402100 -0.299456 -0.030974 -0.024266 -0.107063 -0.083877 0.693002 0.938011 0.575386 1.143909 0.114979 0.664558
0.409837 0.529412 -0.402100 -0.404469 -0.030974 -0.032775 -0.107063 -0.113291 0.669510 0.912026 0.094123 -0.231883 0.107791 0.813654
0.426229 0.500002 -0.340535 -0.509467 -0.026231 -0.041284 -0.090670 -0.142700 0.657019 0.864879 0.562895 1.096762 0.092231 1.004760
0.442624 0.470588 -0.278961 -0.614481 -0.021488 -0.049793 -0.074276 -0.172114 0.646041 0.816011 0.083146 -0.280752 0.087531 1.163391
0.475410 0.441179 -0.155822 -0.719479 -0.012003 -0.058302 -0.041489 -0.201524 0.648578 0.748069 0.565433 1.028820 0.086342 1.367757
0.524590 0.441179 0.028882 -0.719479 0.002225 -0.058302 0.007690 -0.201524 0.685444 0.699245 0.120011 -0.329576 0.076110 -1.532655
0.557376 0.441179 0.152021 -0.719479 0.011710 -0.058302 0.040477 -0.201524 0.710850 0.669553 0.590839 0.999129 0.085860 -1.372579
0.590163 0.441179 0.275161 -0.719479 0.021196 -0.058302 0.073264 -0.201524 0.736839 0.641934 0.146000 -0.357195 0.105362 -1.222102
0.606558 0.470588 0.336735 -0.614481 0.025939 -0.049793 0.089659 -0.172114 0.767702 0.659831 0.621701 1.017026 0.100913 -1.090549
0.639345 0.500002 0.459874 -0.509467 0.035424 -0.041284 0.122445 -0.142700 0.811643 0.663702 0.189941 -0.353324 0.123606 -0.861641
0.639345 0.529412 0.459874 -0.404469 0.035424 -0.032775 0.122445 -0.113291 0.830083 0.691614 0.640142 1.044938 0.123083 -0.746583
0.655737 0.588235 0.521439 -0.194458 0.040166 -0.015758 0.138838 -0.054467 0.880915 0.731188 0.240773 -0.313750 0.156092 -0.373857
0.655737 0.617649 0.521439 -0.089444 0.040166 -0.007248 0.138838 -0.025053 0.900823 0.755497 0.660050 1.069246 0.171541 -0.178527
0.655737 0.676473 0.521439 0.120567 0.040166 0.009770 0.138838 0.033771 0.942129 0.800962 0.282079 -0.268285 0.211517 0.238604
0.639345 0.735296 0.459874 0.330579 0.035424 0.026788 0.122445 0.092594 0.974383 0.855086 0.692304 1.123371 0.250380 0.647462
0.622950 0.764706 0.398300 0.435577 0.030681 0.035296 0.106051 0.122004 0.986327 0.887200 0.294023 -0.236171 0.269546 0.855237
0.622950 0.794120 0.398300 0.540590 0.030681 0.043806 0.106051 0.151418 1.009303 0.905607 0.715280 1.141778 0.296813 0.959812
0.606558 0.852943 0.336735 0.750602 0.025939 0.060824 0.089659 0.210241 1.046625 0.952636 0.331346 -0.189142 0.347799 1.167693
0.590163 0.852943 0.275161 0.750602 0.021196 0.060824 0.073264 0.210241 1.037210 0.965518 0.705865 1.154660 0.343938 1.235480
0.573771 0.882353 0.213596 0.855600 0.016453 0.069332 0.056872 0.239651 1.052502 0.994229 0.346637 -0.160431 0.369852 1.337796
0.540984 0.911767 0.090457 0.960613 0.006968 0.077842 0.024085 0.269065 1.060181 1.035291 0.713543 1.195723 0.395601 1.481521
0.524590 0.911767 0.028882 0.960613 0.002225 0.077842 0.007690 0.269065 1.051909 1.048695 0.338366 -0.147027 0.394942 1.542223
0.508197 0.911767 -0.032683 0.960613 -0.002518 0.077842 -0.008702 0.269065 1.043831 1.062308 0.705465 1.209335 0.394963 -1.538466
0.491803 0.911767 -0.094257 0.960613 -0.007261 0.077842 -0.025097 0.269065 1.035948 1.076131 0.330483 -0.133203 0.395664 -1.477792
0.508197 0.911767 -0.032683 0.960613 -0.002518 0.077842 -0.008702 0.269065 1.043831 1.062308 0.713348 1.195511 0.394963 -1.538466
0.524590 0.911767 0.028882 0.960613 0.002225 0.077842 0.007690 0.269065 1.051909 1.048695 0.338561 -0.146815 0.394942 1.542223
0.573771 0.941176 0.213596 1.065611 0.016453 0.086350 0.056872 0.298474 1.102282 1.023325 0.763721 1.170140 0.428072 1.382512
0.639345 0.941176 0.459874 1.065611 0.035424 0.086350 0.122445 0.298474 1.137794 0.974096 0.374073 -0.196044 0.441593 1.181496
0.704918 0.970590 0.706152 1.170625 0.054395 0.094860 0.188019 0.327888 1.199565 0.942651 0.825492 1.138695 0.491108 1.050147
0.770492 0.970590 0.952430 1.170625 0.073366 0.094860 0.253593 0.327888 1.239235 0.899824 0.413743 -0.238871 0.519755 0.912479
0.819671 1.000000 1.137135 1.275623 0.087593 0.103368 0.302772 0.357298 1.293005 0.884175 0.879262 1.123047 0.570138 0.867817
0.868853 1.000000 1.321848 1.275623 0.101822 0.103368 0.351953 0.357298 1.324728 0.855459 0.445467 -0.267588 0.597710 0.792933
0.901639 1.000000 1.444987 1.275623 0.111307 0.103368 0.384740 0.357298 1.346460 0.837076 0.900993 1.104664 0.617585 0.748433
0.934426 1.000000 1.568126 1.275623 0.120793 0.103368 0.417527 0.357298 1.368632 0.819283 0.467639 -0.285381 0.638526 0.707821
0.950821 1.000000 1.629700 1.275623 0.125536 0.103368 0.433922 0.357298 1.379877 0.810602 0.912238 1.095983 0.649364 0.688856
0.967213 1.000000 1.691265 1.275623 0.130278 0.103368 0.450314 0.357298 1.391223 0.802063 0.478984 -0.293920 0.660431 0.670729
0.983608 0.941176 1.752840 1.065611 0.135021 0.086350 0.466708 0.298474 1.361359 0.763357 0.882374 1.057277 0.630736 0.568980
1.000000 0.911767 1.814404 0.960613 0.139763 0.077842 0.483101 0.269065 1.353262 0.739278 0.470888 -0.317999 0.623944 0.508166
0.983608 0.882353 1.752840 0.855600 0.135021 0.069332 0.466708 0.239651 1.321375 0.731187 0.850487 1.049186 0.592767 0.474382
0.950821 0.823529 1.629700 0.645588 0.125536 0.052314 0.433922 0.180827 1.257880 0.713781 0.407393 -0.335405 0.531328 0.394843
0.918034 0.823529 1.506561 0.645588 0.116050 0.052314 0.401135 0.180827 1.233283 0.731187 0.825890 1.066592 0.504907 0.423510
0.901639 0.823529 1.444987 0.645588 0.111307 0.052314 0.384740 0.180827 1.221128 0.740152 0.395238 -0.326439 0.491983 0.439359
0.885247 0.882353 1.383422 0.855600 0.106565 0.069332 0.368348 0.239651 1.249884 0.783761 0.854646 1.110200 0.518880 0.576804
0.885247 0.941176 1.383422 1.065611 0.106565 0.086350 0.368348 0.298474 1.292082 0.816011 0.437436 -0.294189 0.561864 0.680993
0.918034 1.000000 1.506561 1.275623 0.116050 0.103368 0.401135 0.357298 1.357493 0.828106 0.920056 1.122296 0.627929 0.727663
