0.089284 0.333332 -1.254646 -0.689202 -0.091952 -0.055108 -0.344062 -0.206202 0.345082 1.309086 0.345082 1.309086 0.358304 0.539916
0.107143 0.333332 -1.189524 -0.689202 -0.087179 -0.055108 -0.326204 -0.206202 0.350128 1.259797 0.005046 -0.049289 0.341192 0.563707
0.124998 0.333332 -1.124412 -0.689202 -0.082407 -0.055108 -0.308348 -0.206202 0.355998 1.212028 0.350952 1.261317 0.324163 0.589430
0.142857 0.333332 -1.059290 -0.689202 -0.077634 -0.055108 -0.290490 -0.206202 0.362654 1.165904 0.011702 -0.095413 0.307225 0.617301
0.142857 0.366667 -1.059290 -0.577782 -0.077634 -0.046199 -0.290490 -0.172866 0.393514 1.199280 0.381812 1.294693 0.298044 0.536798
0.160713 0.433334 -0.994178 -0.354959 -0.072862 -0.028382 -0.272634 -0.106200 0.462176 1.215647 0.080364 -0.079046 0.272634 0.371450
0.160713 0.500000 -0.994178 -0.132135 -0.072862 -0.010565 -0.272634 -0.039533 0.525194 1.259801 0.444830 1.338847 0.280664 0.144002
0.142857 0.533331 -1.059290 -0.020732 -0.077634 -0.001658 -0.290490 -0.006203 0.552132 1.309082 0.107302 -0.029765 0.307215 0.021350
0.124998 0.566666 -1.124412 0.090688 -0.082407 0.007251 -0.308348 0.027133 0.580289 1.353688 0.472987 1.383453 0.335936 -0.087768
0.107143 0.566666 -1.189524 0.090688 -0.087179 0.007251 -0.326204 0.027133 0.576706 1.383927 0.103720 0.000474 0.352396 -0.082987
0.089284 0.566666 -1.254646 0.090688 -0.091952 0.007251 -0.344062 0.027133 0.573657 1.414521 0.469937 1.414047 0.368989 -0.078697
0.053570 0.566666 -1.384880 0.090688 -0.101496 0.007251 -0.379777 0.027133 0.569193 1.476541 0.099256 0.062495 0.402498 -0.071323
0.035714 0.533331 -1.449992 -0.020732 -0.106268 -0.001658 -0.397632 -0.006203 0.534525 1.503932 0.435270 1.441437 0.410010 0.015598
0.017856 0.500000 -1.515114 -0.132135 -0.111041 -0.010565 -0.415491 -0.039533 0.500319 1.535100 0.065049 0.093663 0.420803 0.094863
0.000000 0.466664 -1.580226 -0.243555 -0.115813 -0.019474 -0.433347 -0.072869 0.466664 1.570796 0.401615 1.477133 0.434625 0.166596
0.000000 0.399998 -1.580226 -0.466379 -0.115813 -0.037291 -0.433347 -0.139535 0.399998 1.570796 -0.001617 0.093663 0.434628 0.311512
0.017856 0.333332 -1.515114 -0.689202 -0.111041 -0.055108 -0.415491 -0.206202 0.333810 1.517280 0.335427 1.423617 0.427359 0.460671
0.035714 0.266665 -1.449992 -0.912026 -0.106268 -0.072925 -0.397632 -0.272868 0.269046 1.437660 -0.066380 0.014043 0.431154 0.601426
0.071428 0.199999 -1.319758 -1.134849 -0.096724 -0.090741 -0.361918 -0.339534 0.212371 1.227772 0.278752 1.213729 0.430623 0.753498
0.124998 0.133333 -1.124412 -1.357673 -0.082407 -0.108558 -0.308348 -0.406201 0.182763 0.817649 -0.095989 -0.396080 0.430217 0.921495
0.178571 0.100002 -0.929056 -1.469076 -0.068089 -0.117466 -0.254776 -0.439531 0.204666 0.510498 0.300655 0.906578 0.419558 1.045472
0.249999 0.066666 -0.668588 -1.580496 -0.049000 -0.126375 -0.183347 -0.472867 0.258736 0.260602 -0.041919 -0.645976 0.409964 1.200908
0.357142 0.000000 -0.277885 -1.803319 -0.020366 -0.144192 -0.076205 -0.539533 0.357142 0.000000 0.399061 0.645976 0.439996 1.430483
0.410715 0.000000 -0.082529 -1.803319 -0.006048 -0.144192 -0.022632 -0.539533 0.410715 0.000000 0.011653 -0.645976 0.433937 1.528873
0.499999 0.033336 0.243051 -1.691899 0.017813 -0.135283 0.066652 -0.506198 0.501109 0.066573 0.489455 0.712549 0.405526 -1.439877
0.517857 0.066666 0.308173 -1.580496 0.022586 -0.126375 0.084511 -0.472867 0.522131 0.128031 0.032675 -0.584518 0.376293 -1.393944
0.553571 0.133333 0.438407 -1.357673 0.032130 -0.108558 0.120225 -0.406201 0.569402 0.236357 0.536727 0.820875 0.323206 -1.283038
0.553571 0.166668 0.438407 -1.246253 0.032130 -0.099649 0.120225 -0.372865 0.578117 0.292446 0.041390 -0.528429 0.292526 -1.258886
0.553571 0.233335 0.438407 -1.023429 0.032130 -0.081832 0.120225 -0.306199 0.600738 0.398909 0.559348 0.927339 0.233364 -1.196654
0.553571 0.266665 0.438407 -0.912026 0.032130 -0.072925 0.120225 -0.272868 0.614452 0.448915 0.055105 -0.478423 0.205515 -1.155790
0.535713 0.333332 0.373285 -0.689202 0.027358 -0.055108 0.102366 -0.206202 0.630950 0.556598 0.575846 1.035021 0.143115 -1.110003
0.517857 0.366667 0.308173 -0.577782 0.022586 -0.046199 0.084511 -0.172866 0.634524 0.616106 0.058678 -0.418915 0.107648 -1.116085
0.482143 0.433334 0.177939 -0.354959 0.013041 -0.028382 0.048796 -0.106200 0.648259 0.732133 0.589581 1.151048 0.048796 -1.140089
0.464284 0.433334 0.112817 -0.354959 0.008268 -0.028382 0.030938 -0.106200 0.635089 0.750931 0.045508 -0.400117 0.030938 -1.287324
0.428570 0.466664 -0.017417 -0.243555 -0.001276 -0.019474 -0.004776 -0.072869 0.633599 0.827925 0.588091 1.228042 0.033658 1.505344
0.392856 0.466664 -0.147651 -0.243555 -0.010821 -0.019474 -0.040490 -0.072869 0.610009 0.871059 0.021919 -0.356982 0.052436 1.063618
0.375000 0.466664 -0.212763 -0.243555 -0.015593 -0.019474 -0.058346 -0.072869 0.598666 0.893879 0.576747 1.250861 0.067189 0.895630
0.339286 0.466664 -0.342997 -0.243555 -0.025138 -0.019474 -0.094060 -0.072869 0.576967 0.942149 0.000219 -0.308712 0.099787 0.659126
0.321428 0.399998 -0.408119 -0.466379 -0.029911 -0.037291 -0.111919 -0.139535 0.513141 0.893880 0.512922 1.202592 0.116782 0.894787
0.321428 0.366667 -0.408119 -0.577782 -0.029911 -0.046199 -0.111919 -0.172866 0.487607 0.851050 -0.025315 -0.351542 0.130276 0.996229
0.339286 0.333332 -0.342997 -0.689202 -0.025138 -0.055108 -0.094060 -0.206202 0.475631 0.776546 0.500946 1.128088 0.137297 1.142834
0.357142 0.333332 -0.277885 -0.689202 -0.020366 -0.055108 -0.076205 -0.206202 0.488529 0.750928 -0.012417 -0.377160 0.125738 1.216800
0.392856 0.333332 -0.147651 -0.689202 -0.010821 -0.055108 -0.040490 -0.206202 0.515214 0.703613 0.527632 1.080773 0.107900 1.376900
0.428570 0.333332 -0.017417 -0.689202 -0.001276 -0.055108 -0.004776 -0.206202 0.542939 0.661042 0.015307 -0.419731 0.100129 1.547637
0.446429 0.333332 0.047705 -0.689202 0.003496 -0.055108 0.013082 -0.206202 0.557143 0.641362 0.541836 1.061093 0.100867 -1.507438
0.464284 0.333332 0.112817 -0.689202 0.008268 -0.055108 0.030938 -0.206202 0.571551 0.622670 0.029714 -0.438423 0.104691 -1.421870
0.482143 0.366667 0.177939 -0.577782 0.013041 -0.046199 0.048796 -0.172866 0.605728 0.650184 0.576014 1.088607 0.082627 -1.295676
0.499999 0.466664 0.243051 -0.243555 0.017813 -0.019474 0.066652 -0.072869 0.683940 0.750928 0.107926 -0.337679 0.074516 -0.829929
0.499999 0.533331 0.243051 -0.020732 0.017813 -0.001658 0.066652 -0.006203 0.731054 0.817644 0.623128 1.155323 0.120164 -0.092795
0.499999 0.599997 0.243051 0.202091 0.017813 0.016159 0.066652 0.060464 0.781022 0.876057 0.157894 -0.279266 0.179485 0.736752
0.482143 0.666663 0.177939 0.424915 0.013041 0.033976 0.048796 0.127130 0.822740 0.944657 0.664847 1.223923 0.238365 1.204306
0.464284 0.733330 0.112817 0.647738 0.008268 0.051793 0.030938 0.193796 0.867947 1.006380 0.203101 -0.217543 0.301574 1.412491
0.375000 0.866662 -0.212763 1.093385 -0.015593 0.087426 -0.058346 0.327129 0.944314 1.162426 0.741213 1.379969 0.437226 -1.394294
0.339286 0.933329 -0.342997 1.316209 -0.025138 0.105243 -0.094060 0.393795 0.993085 1.222126 0.251872 -0.157843 0.508753 -1.336333
0.303572 0.966664 -0.473231 1.427629 -0.034683 0.114152 -0.129775 0.427131 1.013211 1.266508 0.761339 1.424352 0.548880 -1.275831
0.267858 0.966664 -0.603466 1.427629 -0.044227 0.114152 -0.165489 0.427131 1.003089 1.300484 0.241750 -0.123868 0.558403 -1.201162
0.196427 1.000000 -0.863944 1.539049 -0.063317 0.123061 -0.236920 0.460467 1.019109 1.376839 0.777359 1.500707 0.614188 -1.095599
0.178571 1.000000 -0.929056 1.539049 -0.068089 0.123061 -0.254776 0.460467 1.015819 1.394088 0.238459 -0.106619 0.621294 -1.065424
0.142857 1.000000 -1.059290 1.539049 -0.077634 0.123061 -0.290490 0.460467 1.010152 1.428900 0.771693 1.535519 0.636773 -1.007994
0.124998 1.000000 -1.124412 1.539049 -0.082407 0.123061 -0.308348 0.460467 1.007782 1.446443 0.236089 -0.089076 0.645116 -0.980736
0.124998 0.966664 -1.124412 1.427629 -0.082407 0.114152 -0.308348 0.427131 0.974713 1.442201 0.738623 1.531277 0.616041 -0.945519
0.160713 0.966664 -0.994178 1.427629 -0.072862 0.114152 -0.272634 0.427131 0.979933 1.406048 0.241309 -0.125229 0.598963 -1.002696
0.285714 0.933329 -0.538353 1.316209 -0.039455 0.105243 -0.147633 0.393795 0.976081 1.273731 0.734772 1.398960 0.521323 -1.212115
0.357142 0.899998 -0.277885 1.204805 -0.020366 0.096335 -0.076205 0.360465 0.968270 1.193030 0.233498 -0.205930 0.472833 -1.362457
0.446429 0.866662 0.047705 1.093385 0.003496 0.087426 0.013082 0.327129 0.974886 1.095132 0.741388 1.301062 0.433513 1.530827
0.517857 0.866662 0.308173 1.093385 0.022586 0.087426 0.084511 0.327129 1.009594 1.032195 0.268206 -0.268867 0.441480 1.317984
0.589285 0.866662 0.568641 1.093385 0.041675 0.087426 0.155939 0.327129 1.048027 0.973655 0.779821 1.242522 0.460521 1.125970
0.714284 0.866662 1.024456 1.093385 0.075081 0.087426 0.280937 0.327129 1.123078 0.881486 0.343257 -0.361037 0.516419 0.861217
0.767856 0.833332 1.219812 0.981982 0.089399 0.078518 0.334510 0.293798 1.133157 0.826267 0.789900 1.187304 0.521426 0.720693
0.821429 0.833332 1.415168 0.981982 0.103716 0.078518 0.388082 0.293798 1.170123 0.792591 0.380223 -0.394713 0.557311 0.647998
0.857143 0.833332 1.545402 0.981982 0.113261 0.078518 0.423797 0.293798 1.195465 0.771313 0.815242 1.166026 0.582745 0.606183
0.928572 0.799996 1.805870 0.870562 0.132350 0.069609 0.495225 0.260463 1.225659 0.711152 0.410417 -0.454874 0.616182 0.484190
0.964286 0.766665 1.936104 0.759158 0.141895 0.060702 0.530939 0.227132 1.231918 0.671722 0.821502 1.126596 0.626895 0.404234
1.000000 0.733330 2.066338 0.647738 0.151440 0.051793 0.566653 0.193796 1.240069 0.632746 0.418568 -0.493849 0.641160 0.329531
1.000000 0.699999 2.066338 0.536335 0.151440 0.042885 0.566653 0.160466 1.220655 0.610725 0.802087 1.104575 0.626258 0.275956
1.000000 0.633333 2.066338 0.313511 0.151440 0.025068 0.566653 0.093799 1.183685 0.564569 0.381598 -0.540006 0.600908 0.164044
1.000000 0.599997 2.066338 0.202091 0.151440 0.016159 0.566653 0.060464 1.166189 0.540417 0.784591 1.080423 0.590651 0.106301
0.982142 0.566666 2.001216 0.090688 0.146667 0.007251 0.548795 0.027133 1.133893 0.523314 0.349302 -0.557109 0.564757 0.049401
0.946427 0.533331 1.870982 -0.020732 0.137122 -0.001658 0.513081 -0.006203 1.086355 0.513164 0.737053 1.070273 0.522732 -0.012089
0.892857 0.500000 1.675636 -0.132135 0.122805 -0.010565 0.459511 -0.039533 1.023325 0.510488 0.286272 -0.559785 0.464320 -0.085822
0.874999 0.500000 1.610514 -0.132135 0.118033 -0.010565 0.441652 -0.039533 1.007781 0.519147 0.721509 1.078932 0.446654 -0.089275
0.839285 0.566666 1.480280 0.090688 0.108488 0.007251 0.405938 0.027133 1.012675 0.593872 0.291165 -0.485060 0.427270 0.066741
0.839285 0.633333 1.480280 0.313511 0.108488 0.025068 0.405938 0.093799 1.051432 0.646445 0.760267 1.131505 0.452527 0.227082
0.857143 0.766665 1.545402 0.759158 0.113261 0.060702 0.423797 0.227132 1.149987 0.729736 0.389721 -0.401769 0.539171 0.491989
0.910713 0.833332 1.740748 0.981982 0.127577 0.078518 0.477367 0.293798 1.234439 0.741058 0.844719 1.142827 0.622790 0.551707
0.946427 0.899998 1.870982 1.204805 0.137122 0.096335 0.513081 0.360465 1.306033 0.760258 0.461314 -0.382569 0.693553 0.612435
