0.083334 0.447369 -1.303077 -0.471292 -0.107627 -0.039082 -0.374099 -0.135846 0.455064 1.386630 0.455064 1.386630 0.374234 0.348323
0.083334 0.421051 -1.303077 -0.562596 -0.107627 -0.046654 -0.374099 -0.162164 0.429219 1.375402 -0.025846 -0.011229 0.375864 0.409030
0.133333 0.368420 -1.128919 -0.745190 -0.093243 -0.061796 -0.324100 -0.214795 0.391804 1.223555 0.417650 1.234784 0.336101 0.585281
0.166666 0.368420 -1.012812 -0.745190 -0.083653 -0.061796 -0.290767 -0.214795 0.404364 1.145964 -0.013285 -0.088820 0.304087 0.636242
0.199999 0.394737 -0.896704 -0.653886 -0.074063 -0.054224 -0.257433 -0.188477 0.442512 1.101831 0.455798 1.190651 0.264958 0.631972
0.216667 0.421051 -0.838645 -0.562596 -0.069268 -0.046654 -0.240766 -0.162164 0.473528 1.095547 0.017730 -0.095104 0.243499 0.592741
0.233333 0.473682 -0.780596 -0.380001 -0.064473 -0.031512 -0.224100 -0.109532 0.528033 1.113092 0.510303 1.208196 0.224689 0.454619
0.233333 0.526318 -0.780596 -0.197393 -0.064473 -0.016369 -0.224100 -0.056897 0.575721 1.153502 0.065417 -0.054693 0.234448 0.248637
0.233333 0.578949 -0.780596 -0.014798 -0.064473 -0.001227 -0.224100 -0.004266 0.624200 1.187682 0.558783 1.242375 0.254926 0.019032
0.216667 0.605263 -0.838645 0.076492 -0.069268 0.006343 -0.240766 0.022048 0.642875 1.227037 0.084092 -0.015338 0.282527 -0.091321
0.199999 0.657894 -0.896704 0.259086 -0.074063 0.021485 -0.257433 0.074680 0.687622 1.275674 0.603531 1.291013 0.326277 -0.282343
0.166666 0.657894 -1.012812 0.259086 -0.083653 0.021485 -0.290767 0.074680 0.678677 1.322683 0.075146 0.031670 0.353171 -0.251403
0.150001 0.684212 -1.070861 0.350391 -0.088447 0.029057 -0.307432 0.100997 0.700461 1.354979 0.625315 1.323309 0.382025 -0.317411
0.116668 0.657894 -1.186969 0.259086 -0.098037 0.021485 -0.340765 0.074680 0.668159 1.395286 0.042844 0.071977 0.395355 -0.215742
0.083334 0.631580 -1.303077 0.167796 -0.107627 0.013915 -0.374099 0.048366 0.637054 1.439608 0.594211 1.367631 0.412646 -0.128573
0.050001 0.578949 -1.419185 -0.014798 -0.117217 -0.001227 -0.407432 -0.004266 0.581104 1.484645 -0.013107 0.117014 0.425167 0.010469
0.016668 0.526318 -1.535293 -0.197393 -0.126807 -0.016369 -0.440765 -0.056897 0.526582 1.539138 0.539688 1.422124 0.446115 0.128377
0.000000 0.342106 -1.593351 -0.836481 -0.131602 -0.069366 -0.457433 -0.241109 0.342106 1.570796 -0.197582 0.148672 0.471747 0.485085
0.033333 0.236843 -1.477243 -1.201670 -0.122012 -0.099650 -0.424100 -0.346371 0.239177 1.430975 0.436760 1.282303 0.478038 0.684854
0.083334 0.157894 -1.303077 -1.475568 -0.107627 -0.122363 -0.374099 -0.425320 0.178536 1.085167 -0.258223 -0.197135 0.479242 0.849385
0.150001 0.105263 -1.070861 -1.658163 -0.088447 -0.137505 -0.307432 -0.477952 0.183250 0.611898 0.441473 0.809033 0.467481 0.999196
0.216667 0.052631 -0.838645 -1.840757 -0.069268 -0.152647 -0.240766 -0.530583 0.222968 0.238298 -0.218505 -0.570735 0.470991 1.144807
0.300002 0.000000 -0.548371 -2.023352 -0.045292 -0.167789 -0.157431 -0.583215 0.300002 0.000000 0.518507 0.570735 0.483766 1.307143
0.383334 0.000000 -0.258106 -2.023352 -0.021318 -0.167789 -0.074099 -0.583215 0.383334 0.000000 -0.135173 -0.570735 0.463396 1.444420
0.450000 0.000000 -0.025890 -2.023352 -0.002138 -0.167789 -0.007433 -0.583215 0.450000 0.000000 0.585173 0.570735 0.457493 1.558052
0.516667 0.052631 0.206325 -1.840757 0.017041 -0.152647 0.059234 -0.530583 0.519340 0.101517 -0.065833 -0.469218 0.409112 -1.459618
0.616666 0.157894 0.554649 -1.475568 0.045811 -0.122363 0.159233 -0.425320 0.636559 0.250660 0.702392 0.719878 0.339233 -1.212565
0.633334 0.210525 0.612707 -1.292974 0.050606 -0.107222 0.175901 -0.372689 0.667408 0.320918 -0.034985 -0.398960 0.303158 -1.129816
0.650000 0.289475 0.670757 -1.019075 0.055401 -0.084508 0.192567 -0.293740 0.711544 0.418977 0.746529 0.817937 0.255523 -0.990517
0.650000 0.368420 0.670757 -0.745190 0.055401 -0.061796 0.192567 -0.214795 0.747150 0.515650 0.000621 -0.302287 0.212145 -0.839911
0.650000 0.421051 0.670757 -0.562596 0.055401 -0.046654 0.192567 -0.162164 0.774457 0.574807 0.773836 0.877094 0.195973 -0.699900
0.566668 0.526318 0.380492 -0.197393 0.031427 -0.016369 0.109235 -0.056897 0.773384 0.748498 -0.000452 -0.128596 0.129141 -0.480202
0.533335 0.552631 0.264384 -0.106103 0.021837 -0.008799 0.075902 -0.030583 0.768015 0.803166 0.768467 0.931762 0.121753 -0.383032
0.483333 0.578949 0.090218 -0.014798 0.007451 -0.001227 0.025900 -0.004266 0.754184 0.875166 -0.014283 -0.056596 0.124246 -0.163224
0.450000 0.552631 -0.025890 -0.106103 -0.002138 -0.008799 -0.007433 -0.030583 0.712672 0.887405 0.726955 0.944001 0.095488 1.332383
0.400002 0.473682 -0.200048 -0.380001 -0.016523 -0.031512 -0.057431 -0.109532 0.619981 0.869533 -0.106975 -0.074468 0.059686 1.087872
0.400002 0.447369 -0.200048 -0.471292 -0.016523 -0.039082 -0.057431 -0.135846 0.600117 0.841239 0.707091 0.915707 0.058307 1.170817
0.400002 0.394737 -0.200048 -0.653886 -0.016523 -0.054224 -0.057431 -0.188477 0.561978 0.778774 -0.145114 -0.136933 0.085024 1.275022
0.416667 0.368420 -0.141998 -0.745190 -0.011728 -0.061796 -0.040766 -0.214795 0.556187 0.724021 0.701301 0.860954 0.097904 1.383237
0.450000 0.342106 -0.025890 -0.836481 -0.002138 -0.069366 -0.007433 -0.241109 0.565276 0.650019 -0.136025 -0.210934 0.115566 1.539978
0.483333 0.342106 0.090218 -0.836481 0.007451 -0.069366 0.025900 -0.241109 0.592155 0.615945 0.728180 0.826879 0.118200 -1.463784
0.550000 0.394737 0.322433 -0.653886 0.026631 -0.054224 0.092567 -0.188477 0.676991 0.622509 -0.051189 -0.204370 0.111801 -1.114270
0.566668 0.447369 0.380492 -0.471292 0.031427 -0.039082 0.109235 -0.135846 0.721977 0.668289 0.773166 0.872659 0.109697 -0.893555
0.583333 0.500000 0.438541 -0.288697 0.036221 -0.023941 0.125900 -0.083215 0.768295 0.708626 -0.004871 -0.164032 0.132902 -0.584039
0.583333 0.631580 0.438541 0.167796 0.036221 0.013915 0.125900 0.048366 0.859751 0.825090 0.864622 0.989122 0.214891 0.366777
0.566668 0.710525 0.380492 0.441681 0.031427 0.036627 0.109235 0.127311 0.908823 0.897561 0.044201 -0.091561 0.275659 0.861667
0.533335 0.763157 0.264384 0.624276 0.021837 0.051769 0.075902 0.179942 0.931050 0.960841 0.886849 1.052401 0.315005 1.171630
0.500001 0.815788 0.148276 0.806870 0.012247 0.066911 0.042568 0.232574 0.956824 1.020941 0.069975 -0.031460 0.360875 1.389768
0.416667 0.894737 -0.141998 1.080769 -0.011728 0.089624 -0.040766 0.311523 0.986999 1.134975 0.917024 1.166434 0.439200 -1.440675
0.366668 0.921051 -0.316156 1.172059 -0.026113 0.097195 -0.090765 0.337836 0.991353 1.191931 0.074329 0.025497 0.472419 -1.308330
0.300002 0.947369 -0.548371 1.263363 -0.045292 0.104766 -0.157431 0.364154 0.993735 1.264118 0.919405 1.238622 0.514608 -1.162742
0.266666 0.973682 -0.664488 1.354654 -0.054883 0.112336 -0.190767 0.390468 1.009539 1.303478 0.090133 0.064856 0.550368 -1.116343
0.233333 0.973682 -0.780596 1.354654 -0.064473 0.112336 -0.224100 0.390468 1.001250 1.335592 0.911117 1.270737 0.562792 -1.049768
0.216667 1.000000 -0.838645 1.445958 -0.069268 0.119908 -0.240766 0.416785 1.023203 1.357427 0.112086 0.086690 0.593588 -1.046956
0.233333 1.000000 -0.780596 1.445958 -0.064473 0.119908 -0.224100 0.416785 1.026861 1.341565 0.914775 1.254874 0.587026 -1.077455
0.283334 1.000000 -0.606430 1.445958 -0.050088 0.119908 -0.174099 0.416785 1.039364 1.294699 0.124589 0.039824 0.569815 -1.175109
0.350000 1.000000 -0.374214 1.445958 -0.030908 0.119908 -0.107433 0.416785 1.059481 1.234121 0.934892 1.194297 0.553101 -1.318523
0.533335 1.000000 0.264384 1.445958 0.021837 0.119908 0.075902 0.416785 1.133334 1.080838 0.198442 -0.113459 0.547850 1.390659
0.700001 0.973682 0.844923 1.354654 0.069786 0.112336 0.242568 0.390468 1.199191 0.947484 1.000749 1.060943 0.570397 1.014917
0.766667 0.973682 1.077139 1.354654 0.088966 0.112336 0.309234 0.390468 1.239288 0.903792 0.238540 -0.157151 0.601780 0.900978
0.833334 0.973682 1.309355 1.354654 0.108146 0.112336 0.375901 0.390468 1.281602 0.862911 1.043062 1.020062 0.638604 0.804404
0.916668 0.973682 1.599629 1.354654 0.132121 0.112336 0.459235 0.390468 1.337287 0.815550 0.294226 -0.204512 0.690949 0.704643
0.950001 0.947369 1.715737 1.263363 0.141710 0.104766 0.492568 0.364154 1.341644 0.784011 1.047419 0.988523 0.694738 0.636616
1.000000 0.894737 1.889894 1.080769 0.156095 0.089624 0.542567 0.311523 1.341848 0.729900 0.294429 -0.258623 0.696860 0.521206
1.000000 0.868420 1.889894 0.989465 0.156095 0.082053 0.542567 0.285205 1.324444 0.715091 1.030015 0.973714 0.680653 0.483963
1.000000 0.815788 1.889894 0.806870 0.156095 0.066911 0.542567 0.232574 1.290547 0.684294 0.260531 -0.289420 0.650229 0.404962
0.983335 0.710525 1.831845 0.441681 0.151300 0.036627 0.525902 0.127311 1.213175 0.625712 0.952644 0.915132 0.583634 0.237512
0.966667 0.657894 1.773786 0.259086 0.146505 0.021485 0.509234 0.074680 1.169303 0.597573 0.216659 -0.317559 0.547269 0.145613
0.916668 0.631580 1.599629 0.167796 0.132121 0.013915 0.459235 0.048366 1.113182 0.603302 0.896523 0.920861 0.491146 0.104931
0.883335 0.631580 1.483521 0.167796 0.122531 0.013915 0.425902 0.048366 1.085898 0.620719 0.189375 -0.300142 0.460130 0.113077
0.833334 0.657894 1.309355 0.259086 0.108146 0.021485 0.375901 0.074680 1.061730 0.668289 0.872355 0.968430 0.426012 0.196115
0.833334 0.763157 1.309355 0.624276 0.108146 0.051769 0.375901 0.179942 1.129979 0.741469 0.257625 -0.226961 0.484529 0.446460
0.833334 0.842106 1.309355 0.898174 0.108146 0.074482 0.375901 0.258891 1.184731 0.790634 0.927106 1.017595 0.537843 0.603117
0.850002 0.894737 1.367413 1.080769 0.112941 0.089624 0.392569 0.311523 1.234122 0.811033 0.307016 -0.206562 0.587661 0.670795
