0.044116 0.571429 -1.346115 -0.142453 -0.126805 -0.013264 -0.406187 -0.042489 0.573129 1.493745 0.573129 1.493745 0.423862 0.104225
0.044116 0.535717 -1.346115 -0.262183 -0.126805 -0.024413 -0.406187 -0.078200 0.537530 1.488631 -0.035599 -0.005114 0.415070 0.190196
0.073528 0.535717 -1.248644 -0.262183 -0.117623 -0.024413 -0.376775 -0.078200 0.540739 1.434397 0.576338 1.439511 0.386336 0.204646
0.147058 0.500000 -1.004963 -0.381932 -0.094668 -0.035563 -0.303245 -0.113917 0.521178 1.284745 -0.055160 -0.154765 0.307290 0.359350
0.176470 0.535717 -0.907491 -0.262183 -0.085486 -0.024413 -0.273833 -0.078200 0.564034 1.252581 0.619194 1.407347 0.286845 0.278172
0.205882 0.642857 -0.810020 0.097027 -0.076304 0.009035 -0.244422 0.028940 0.675020 1.260857 0.055826 -0.146490 0.311157 -0.117853
0.205882 0.750003 -0.810020 0.456255 -0.076304 0.042484 -0.244422 0.136085 0.777748 1.302887 0.721921 1.449377 0.386732 -0.508022
0.176470 0.785714 -0.907491 0.575986 -0.085486 0.053632 -0.273833 0.171797 0.805288 1.349864 0.083366 -0.099513 0.432995 -0.560307
0.161763 0.821431 -0.956231 0.695735 -0.090077 0.064782 -0.288540 0.207514 0.837208 1.376356 0.753841 1.475869 0.470097 -0.623486
0.102940 0.821431 -1.151173 0.695735 -0.108441 0.064782 -0.347364 0.207514 0.827856 1.446129 0.074015 -0.029740 0.508328 -0.538503
0.044116 0.785714 -1.346115 0.575986 -0.126805 0.053632 -0.406187 0.171797 0.786952 1.514707 0.712937 1.544447 0.526772 -0.400133
0.029412 0.714286 -1.394847 0.336506 -0.131395 0.031333 -0.420892 0.100368 0.714891 1.529643 0.001954 -0.014804 0.496826 -0.234094
0.000000 0.571429 -1.492319 -0.142453 -0.140577 -0.013264 -0.450304 -0.042489 0.571429 1.570796 0.569474 1.585600 0.466310 0.094077
0.014705 0.392860 -1.443587 -0.741142 -0.135987 -0.069010 -0.435599 -0.221057 0.393135 1.533384 -0.176339 -0.052217 0.439370 0.469613
0.058823 0.285714 -1.297376 -1.100371 -0.122213 -0.102459 -0.391480 -0.328203 0.291707 1.367752 0.468046 1.419968 0.424672 0.697700
0.205882 0.107146 -0.810020 -1.699061 -0.076304 -0.158206 -0.244422 -0.506772 0.232094 0.479852 -0.235952 -0.940116 0.421307 1.121400
0.279410 0.035712 -0.566346 -1.938558 -0.053350 -0.180506 -0.170894 -0.578206 0.281683 0.127121 0.517635 1.067238 0.448432 1.283419
0.411764 0.000000 -0.127722 -2.058289 -0.012031 -0.191655 -0.038540 -0.613917 0.411764 0.000000 -0.105872 -1.067238 0.451950 1.508102
0.514706 0.035712 0.213431 -1.938558 0.020105 -0.180506 0.064402 -0.578206 0.515943 0.069272 0.621815 1.136509 0.419564 -1.459871
0.573529 0.142857 0.408373 -1.579330 0.038469 -0.147057 0.123226 -0.471060 0.591053 0.244117 -0.030762 -0.892393 0.331222 -1.314938
0.588234 0.214286 0.457105 -1.339850 0.043060 -0.124758 0.137930 -0.399632 0.626049 0.349345 0.656811 1.241738 0.273366 -1.238454
0.573529 0.321431 0.408373 -0.980622 0.038469 -0.091309 0.123226 -0.292486 0.657460 0.510827 0.000649 -0.730911 0.178305 -1.172060
0.544118 0.357143 0.310902 -0.860891 0.029287 -0.080161 0.093814 -0.256774 0.650857 0.580841 0.650208 1.311752 0.132212 -1.220508
0.485294 0.464288 0.115960 -0.501663 0.010923 -0.046712 0.034991 -0.149629 0.671621 0.763281 0.021413 -0.548471 0.037682 -1.341076
0.411764 0.464288 -0.127722 -0.501663 -0.012031 -0.046712 -0.038540 -0.149629 0.620575 0.845283 0.599162 1.393754 0.040999 1.318706
0.382352 0.464288 -0.225193 -0.501663 -0.021213 -0.046712 -0.067952 -0.149629 0.601462 0.881876 0.002300 -0.511878 0.069376 1.144510
0.323529 0.357143 -0.420136 -0.860891 -0.039577 -0.080161 -0.126775 -0.256774 0.481894 0.834742 0.479594 1.346620 0.157324 1.112185
0.323529 0.321431 -0.420136 -0.980622 -0.039577 -0.091309 -0.126775 -0.292486 0.456058 0.782146 -0.023536 -0.564474 0.180776 1.161799
0.382352 0.250003 -0.225193 -1.220102 -0.021213 -0.113608 -0.067952 -0.363915 0.456831 0.579080 0.480367 1.143554 0.211513 1.386198
0.470587 0.214286 0.067220 -1.339850 0.006332 -0.124758 0.020284 -0.399632 0.517079 0.427301 0.036712 -0.716253 0.236888 -1.520084
0.514706 0.214286 0.213431 -1.339850 0.020105 -0.124758 0.064402 -0.399632 0.557531 0.394501 0.520818 1.110754 0.244647 -1.411016
0.573529 0.321431 0.408373 -0.980622 0.038469 -0.091309 0.123226 -0.292486 0.657460 0.510827 0.136642 -0.599928 0.178305 -1.172060
0.588234 0.392860 0.457105 -0.741142 0.043060 -0.069010 0.137930 -0.221057 0.707360 0.588831 0.570718 1.188758 0.149414 -1.012947
0.602941 0.535717 0.505844 -0.262183 0.047651 -0.024413 0.152637 -0.078200 0.806555 0.726429 0.235837 -0.462330 0.174910 -0.473461
0.544118 0.714286 0.310902 0.336506 0.029287 0.031333 0.093814 0.100368 0.897924 0.919808 0.662088 1.382138 0.280156 0.819139
0.514706 0.785714 0.213431 0.575986 0.020105 0.053632 0.064402 0.171797 0.939292 0.990858 0.277204 -0.391280 0.341538 1.212136
0.382352 0.964288 -0.225193 1.174694 -0.021213 0.109380 -0.067952 0.350371 1.037326 1.193300 0.760122 1.584580 0.518457 -1.379233
0.338236 0.964288 -0.371396 1.174694 -0.034986 0.109380 -0.112068 0.350371 1.021888 1.233443 0.261766 -0.351137 0.526060 -1.261225
0.279410 1.000000 -0.566346 1.294425 -0.053350 0.120528 -0.170894 0.386083 1.038301 1.298335 0.776535 1.649472 0.575648 -1.154084
0.235294 1.000000 -0.712549 1.294425 -0.067122 0.120528 -0.215010 0.386083 1.027309 1.339706 0.250773 -0.309766 0.590250 -1.062670
0.220587 1.000000 -0.761288 1.294425 -0.071714 0.120528 -0.229717 0.386083 1.024040 1.353687 0.773267 1.663452 0.595765 -1.034066
0.249998 1.000000 -0.663817 1.294425 -0.062532 0.120528 -0.200305 0.386083 1.030776 1.325819 0.257509 -0.337633 0.585054 -1.092211
0.382352 1.000000 -0.225193 1.294425 -0.021213 0.120528 -0.067952 0.386083 1.070604 1.205596 0.813095 1.543229 0.553880 -1.396578
0.455882 1.000000 0.018488 1.294425 0.001742 0.120528 0.005579 0.386083 1.099013 1.143061 0.285918 -0.400168 0.549725 1.556347
0.617646 1.000000 0.554576 1.294425 0.052241 0.120528 0.167342 0.386083 1.175366 1.017503 0.889449 1.417670 0.574604 1.161802
0.764704 1.000000 1.041932 1.294425 0.098151 0.120528 0.314401 0.386083 1.258877 0.917951 0.369429 -0.499720 0.633257 0.887376
0.867646 1.000000 1.383085 1.294425 0.130287 0.120528 0.417343 0.386083 1.323937 0.856146 0.954509 1.355866 0.690175 0.746509
0.897058 1.000000 1.480556 1.294425 0.139469 0.120528 0.446754 0.386083 1.343396 0.839609 0.388887 -0.516257 0.708347 0.712677
0.955881 0.964288 1.675499 1.174694 0.157833 0.109380 0.505578 0.350371 1.357778 0.789776 0.968891 1.306034 0.720964 0.606020
0.985293 0.928571 1.772970 1.054945 0.167015 0.098230 0.534989 0.314654 1.353901 0.755770 0.385010 -0.550264 0.717603 0.531661
1.000000 0.857143 1.821709 0.815466 0.171606 0.075931 0.549696 0.243226 1.317078 0.708626 0.932068 1.258890 0.683874 0.416576
0.985293 0.750003 1.772970 0.456255 0.167015 0.042484 0.534989 0.136085 1.238268 0.650629 0.306200 -0.608261 0.613215 0.249088
0.941177 0.678574 1.626767 0.216776 0.153242 0.020185 0.490873 0.064657 1.160291 0.624671 0.854092 1.232933 0.541354 0.130964
0.882353 0.642857 1.431824 0.097027 0.134879 0.009035 0.432050 0.028940 1.091702 0.629645 0.237610 -0.603287 0.473016 0.066883
0.852942 0.607146 1.334353 -0.022704 0.125697 -0.002114 0.402638 -0.006772 1.046965 0.618619 0.809355 1.221906 0.432107 -0.016817
0.838235 0.642857 1.285614 0.097027 0.121105 0.009035 0.387931 0.028940 1.056363 0.654241 0.247008 -0.567665 0.433090 0.074463
0.838235 0.750003 1.285614 0.456255 0.121105 0.042484 0.387931 0.136085 1.124785 0.729902 0.877777 1.297567 0.490214 0.337385
0.852942 0.892860 1.334353 0.935214 0.125697 0.087081 0.402638 0.278943 1.234791 0.808260 0.357014 -0.489307 0.598309 0.605869
