0.111111 0.341465 -1.228399 -0.757788 -0.101312 -0.059596 -0.361468 -0.212631 0.359088 1.256208 0.359088 1.256208 0.384512 0.531731
0.125001 0.341465 -1.181196 -0.757788 -0.097419 -0.059596 -0.347578 -0.212631 0.363626 1.219877 0.004538 -0.036332 0.371485 0.549016
0.138890 0.341465 -1.133994 -0.757788 -0.093525 -0.059596 -0.333688 -0.212631 0.368631 1.184486 0.364093 1.220818 0.358522 0.567336
0.152778 0.341465 -1.086798 -0.757788 -0.089633 -0.059596 -0.319800 -0.212631 0.374085 1.150090 0.009992 -0.070727 0.345634 0.586770
0.180556 0.341465 -0.992399 -0.757788 -0.081848 -0.059596 -0.292022 -0.212631 0.386263 1.084400 0.376271 1.155127 0.320106 0.629359
0.194446 0.365853 -0.945196 -0.670871 -0.077955 -0.052760 -0.278132 -0.188243 0.414316 1.082279 0.038045 -0.072848 0.297906 0.594992
0.208334 0.414634 -0.898000 -0.497026 -0.074062 -0.039088 -0.264245 -0.139463 0.464030 1.105189 0.425985 1.178038 0.270523 0.485623
0.208334 0.439026 -0.898000 -0.410096 -0.074062 -0.032252 -0.264245 -0.115071 0.485949 1.127727 0.059964 -0.050311 0.266366 0.410706
0.208334 0.487806 -0.898000 -0.236250 -0.074062 -0.018580 -0.264245 -0.066291 0.530431 1.167163 0.470467 1.217474 0.264683 0.245796
0.194446 0.560974 -0.945196 0.024512 -0.077955 0.001928 -0.278132 0.006878 0.593718 1.237135 0.123251 0.019661 0.291842 -0.024724
0.166668 0.585366 -1.039595 0.111441 -0.085740 0.008764 -0.305910 0.031270 0.608631 1.293412 0.485380 1.273751 0.326040 -0.101865
0.138890 0.585366 -1.133994 0.111441 -0.093525 0.008764 -0.333688 0.031270 0.601618 1.337833 0.116238 0.064082 0.352234 -0.093437
0.111111 0.585366 -1.228399 0.111441 -0.101312 0.008764 -0.361468 0.031270 0.595818 1.383214 0.479581 1.319132 0.378655 -0.086293
0.055555 0.560974 -1.417197 0.024512 -0.116883 0.001928 -0.417023 0.006878 0.563719 1.472085 0.084138 0.152953 0.426289 -0.016491
0.027778 0.512194 -1.511595 -0.149334 -0.124668 -0.011744 -0.444801 -0.041902 0.512947 1.516617 0.428809 1.363664 0.446561 0.093928
0.013890 0.463414 -1.558791 -0.323180 -0.128560 -0.025416 -0.458688 -0.090683 0.463622 1.540832 0.034813 0.177168 0.458780 0.195183
0.000000 0.414634 -1.605994 -0.497026 -0.132453 -0.039088 -0.472578 -0.139463 0.414634 1.570796 0.379820 1.393628 0.476117 0.286965
0.013890 0.268293 -1.558791 -1.018563 -0.128560 -0.080105 -0.458688 -0.285803 0.268652 1.519071 -0.111168 0.125443 0.502123 0.557224
0.041668 0.195125 -1.464393 -1.279325 -0.120775 -0.100612 -0.430911 -0.358972 0.199524 1.360413 0.310692 1.234970 0.512508 0.694573
0.083333 0.121952 -1.322798 -1.540100 -0.109097 -0.121121 -0.389245 -0.432144 0.147705 0.971350 -0.162987 -0.263620 0.523880 0.837578
0.138890 0.073172 -1.133994 -1.713946 -0.093525 -0.134793 -0.333688 -0.480924 0.156986 0.484884 0.319973 0.748503 0.520454 0.964212
0.277779 0.024392 -0.662000 -1.887792 -0.054598 -0.148465 -0.194800 -0.529705 0.278848 0.087586 -0.041126 -0.660917 0.488690 1.218396
0.347222 0.000000 -0.426007 -1.974721 -0.035135 -0.155301 -0.125356 -0.554096 0.347222 0.000000 0.388348 0.660917 0.488922 1.348306
0.416667 0.000000 -0.190007 -1.974721 -0.015671 -0.155301 -0.055911 -0.554096 0.416667 0.000000 0.028319 -0.660917 0.475874 1.470232
0.527778 0.073172 0.187588 -1.713946 0.015471 -0.134793 0.055199 -0.480924 0.532826 0.137764 0.504506 0.798681 0.403202 -1.456519
0.569445 0.121952 0.329190 -1.540100 0.027150 -0.121121 0.096867 -0.432144 0.582357 0.210973 0.077851 -0.587708 0.363760 -1.350287
0.597223 0.170733 0.423588 -1.366255 0.034935 -0.107449 0.124645 -0.383364 0.621148 0.278451 0.543297 0.866158 0.326569 -1.256443
0.611111 0.243905 0.470784 -1.105479 0.038828 -0.086940 0.138532 -0.310192 0.657986 0.379745 0.114689 -0.486413 0.267363 -1.150771
0.611111 0.341465 0.470784 -0.757788 0.038828 -0.059596 0.138532 -0.212631 0.700039 0.509545 0.585350 0.995958 0.190740 -0.993357
0.597223 0.390245 0.423588 -0.583942 0.034935 -0.045924 0.124645 -0.163851 0.713419 0.578785 0.128069 -0.417173 0.149382 -0.920470
0.541665 0.439026 0.234784 -0.410096 0.019364 -0.032252 0.069087 -0.115071 0.697241 0.681117 0.569172 1.098290 0.076804 -1.030091
0.513888 0.439026 0.140385 -0.410096 0.011578 -0.032252 0.041310 -0.115071 0.675888 0.706998 0.106716 -0.391292 0.053219 -1.226133
0.486110 0.439026 0.045986 -0.410096 0.003793 -0.032252 0.013532 -0.115071 0.655016 0.734547 0.548301 1.125840 0.036179 -1.453738
0.458332 0.439026 -0.048412 -0.410096 -0.003993 -0.032252 -0.014246 -0.115071 0.634675 0.763886 0.086374 -0.361953 0.036452 1.447623
0.388889 0.414634 -0.284405 -0.497026 -0.023456 -0.039088 -0.083689 -0.139463 0.568468 0.817427 0.482094 1.179380 0.101791 1.030318
0.374999 0.390245 -0.331608 -0.583942 -0.027349 -0.045924 -0.097579 -0.163851 0.541217 0.805319 0.059123 -0.374062 0.127673 1.033668
0.374999 0.317073 -0.331608 -0.844717 -0.027349 -0.066432 -0.097579 -0.237023 0.491081 0.701893 0.431957 1.075955 0.183585 1.180258
0.374999 0.292685 -0.331608 -0.931634 -0.027349 -0.073268 -0.097579 -0.261411 0.475699 0.662734 0.043741 -0.413221 0.204654 1.213538
0.402777 0.268293 -0.237210 -1.018563 -0.019564 -0.080105 -0.069801 -0.285803 0.483953 0.587616 0.440212 1.000837 0.215881 1.331258
0.458332 0.268293 -0.048412 -1.018563 -0.003993 -0.080105 -0.014246 -0.285803 0.531084 0.529591 0.090872 -0.471246 0.204781 1.520993
0.486110 0.268293 0.045986 -1.018563 0.003793 -0.080105 0.013532 -0.285803 0.555233 0.504315 0.464362 0.975561 0.204733 -1.523485
0.541665 0.341465 0.234784 -0.757788 0.019364 -0.059596 0.069087 -0.212631 0.640312 0.562472 0.175951 -0.413088 0.148201 -1.256641
0.569445 0.390245 0.329190 -0.583942 0.027150 -0.045924 0.096867 -0.163851 0.690333 0.600797 0.514382 1.013886 0.127129 -1.036880
0.597223 0.439026 0.423588 -0.410096 0.034935 -0.032252 0.124645 -0.115071 0.741228 0.633904 0.226846 -0.379981 0.129082 -0.745481
0.625001 0.536586 0.517987 -0.062405 0.042721 -0.004908 0.152422 -0.017510 0.823742 0.709429 0.596896 1.089411 0.165317 -0.114379
0.625001 0.658535 0.517987 0.372203 0.042721 0.029272 0.152422 0.104438 0.907906 0.811519 0.311011 -0.277892 0.240442 0.600717
0.611111 0.707315 0.470784 0.546049 0.038828 0.042944 0.138532 0.153219 0.934746 0.858238 0.623736 1.136130 0.272567 0.835694
0.583333 0.756095 0.376385 0.719895 0.031042 0.056616 0.110755 0.201999 0.954965 0.913672 0.331229 -0.222458 0.304382 1.069264
0.513888 0.853659 0.140385 1.067600 0.011578 0.083961 0.041310 0.299563 0.996401 1.028921 0.665172 1.251379 0.383314 1.433761
0.472222 0.902440 -0.001209 1.241446 -0.000100 0.097633 -0.000356 0.348343 1.018524 1.088704 0.353352 -0.162675 0.429861 -1.569775
0.430555 0.926828 -0.142811 1.328362 -0.011778 0.104469 -0.042023 0.372731 1.021953 1.135911 0.668601 1.298586 0.456189 -1.458526
0.361112 0.975608 -0.378804 1.502208 -0.031242 0.118141 -0.111467 0.421512 1.040295 1.216293 0.371694 -0.082293 0.515232 -1.312269
0.319444 0.975608 -0.520406 1.502208 -0.042920 0.118141 -0.153134 0.421512 1.026575 1.254367 0.654881 1.336660 0.525822 -1.222325
0.305556 1.000000 -0.567602 1.589137 -0.046813 0.124977 -0.167022 0.445904 1.045641 1.274250 0.390760 -0.062411 0.553236 -1.212403
0.319444 1.000000 -0.520406 1.589137 -0.042920 0.124977 -0.153134 0.445904 1.049783 1.261598 0.659023 1.324008 0.549203 -1.239992
0.347222 1.000000 -0.426007 1.589137 -0.035135 0.124977 -0.125356 0.445904 1.058566 1.236599 0.399543 -0.087410 0.542114 -1.296741
0.402777 1.000000 -0.237210 1.589137 -0.019564 0.124977 -0.069801 0.445904 1.078067 1.187898 0.678524 1.275308 0.532021 -1.415518
0.458332 1.000000 -0.048412 1.589137 -0.003993 0.124977 -0.014246 0.445904 1.100031 1.141035 0.421507 -0.134273 0.527614 -1.538859
0.569445 0.975608 0.329190 1.502208 0.027150 0.118141 0.096867 0.421512 1.129637 1.042462 0.708130 1.176735 0.512272 1.344910
0.638888 0.975608 0.565183 1.502208 0.046613 0.118141 0.166310 0.421512 1.166186 0.991011 0.458056 -0.185724 0.529809 1.194992
0.749999 0.951220 0.942777 1.415291 0.077755 0.111305 0.277421 0.397123 1.211329 0.903132 0.753273 1.088855 0.553227 0.961027
0.819444 0.926828 1.178778 1.328362 0.097219 0.104469 0.346866 0.372731 1.237133 0.846814 0.483860 -0.242041 0.571541 0.821327
0.847222 0.926828 1.273176 1.328362 0.105005 0.104469 0.374644 0.372731 1.255705 0.830241 0.771844 1.072282 0.588813 0.782840
0.874999 0.902440 1.367575 1.241446 0.112790 0.097633 0.402421 0.348343 1.256989 0.800835 0.485145 -0.271447 0.588832 0.713492
0.874999 0.878048 1.367575 1.154516 0.112790 0.090797 0.402421 0.323951 1.239593 0.787137 0.754449 1.058584 0.571269 0.677785
0.847222 0.804875 1.273176 0.893741 0.105005 0.070288 0.374644 0.250779 1.168593 0.759772 0.414144 -0.298812 0.500779 0.589879
0.833332 0.756095 1.225973 0.719895 0.101111 0.056616 0.360754 0.201999 1.125221 0.736842 0.711077 1.035654 0.458830 0.510439
0.819444 0.658535 1.178778 0.372203 0.097219 0.029272 0.346866 0.104438 1.051264 0.676954 0.340187 -0.358700 0.393568 0.292458
0.819444 0.585366 1.178778 0.111441 0.097219 0.008764 0.346866 0.031270 1.007046 0.620289 0.666859 0.978989 0.364743 0.089907
0.833332 0.560974 1.225973 0.024512 0.101111 0.001928 0.360754 0.006878 1.004557 0.592492 0.337698 -0.386498 0.371426 0.019063
0.888887 0.536586 1.414771 -0.062405 0.116682 -0.004908 0.416309 -0.017510 1.038290 0.543107 0.700592 0.929604 0.421201 -0.042036
0.944443 0.560974 1.603568 0.024512 0.132253 0.001928 0.471864 0.006878 1.098483 0.535977 0.397891 -0.393627 0.480073 0.014575
0.972222 0.609755 1.697974 0.198358 0.140039 0.015600 0.499644 0.055658 1.147614 0.560163 0.749723 0.953790 0.518133 0.110938
1.000000 0.731707 1.792373 0.632979 0.147825 0.049780 0.527422 0.177610 1.239111 0.631690 0.489388 -0.322100 0.587641 0.324824
0.972222 0.853659 1.697974 1.067600 0.140039 0.083961 0.499644 0.299563 1.293812 0.720555 0.804424 1.042654 0.628384 0.540090
0.902777 0.951220 1.461974 1.415291 0.120575 0.111305 0.430199 0.397123 1.311421 0.811521 0.506997 -0.231133 0.643560 0.745440
0.861110 0.951220 1.320372 1.415291 0.108897 0.111305 0.388531 0.397123 1.283093 0.835078 0.776097 1.066211 0.616486 0.796334
0.777777 0.975608 1.037176 1.502208 0.085541 0.118141 0.305198 0.421512 1.247697 0.897751 0.471600 -0.168460 0.588375 0.944107
