0.105263 0.363636 -1.068011 -0.744270 -0.093054 -0.057276 -0.335438 -0.206466 0.378565 1.289024 0.378565 1.289024 0.344177 0.551747
0.105263 0.333335 -1.068011 -0.853499 -0.093054 -0.065682 -0.335438 -0.236767 0.349560 1.264919 -0.029004 -0.024105 0.352202 0.614637
0.122806 0.333335 -1.012157 -0.853499 -0.088188 -0.065682 -0.317896 -0.236767 0.355237 1.217811 0.384241 1.241916 0.335537 0.640161
0.157893 0.333335 -0.900441 -0.853499 -0.078454 -0.065682 -0.282808 -0.236767 0.368839 1.128428 -0.015402 -0.113489 0.302503 0.697015
0.175438 0.333335 -0.844578 -0.853499 -0.073587 -0.065682 -0.265263 -0.236767 0.376684 1.086321 0.392086 1.199810 0.286168 0.728697
0.192981 0.363636 -0.788724 -0.744270 -0.068720 -0.057276 -0.247721 -0.206466 0.411670 1.082892 0.019584 -0.116917 0.259431 0.694815
0.210526 0.393941 -0.732862 -0.635026 -0.063853 -0.048869 -0.230175 -0.176161 0.446666 1.080001 0.427082 1.196918 0.234877 0.653242
0.245614 0.454547 -0.621145 -0.416553 -0.054119 -0.032056 -0.195088 -0.115555 0.516661 1.075393 0.089580 -0.121525 0.195578 0.534756
0.245614 0.515153 -0.621145 -0.198081 -0.054119 -0.015243 -0.195088 -0.054949 0.570709 1.125898 0.481129 1.247423 0.208811 0.274550
0.228069 0.545453 -0.677008 -0.088853 -0.058987 -0.006838 -0.212633 -0.024648 0.591214 1.174762 0.110085 -0.072661 0.237035 0.115405
0.210526 0.575759 -0.732862 0.020392 -0.063853 0.001569 -0.230175 0.005657 0.613041 1.220248 0.502955 1.292909 0.266873 -0.024571
0.175438 0.575759 -0.844578 0.020392 -0.073587 0.001569 -0.265263 0.005657 0.601894 1.275026 0.098939 -0.017883 0.297666 -0.021322
0.140351 0.575759 -0.956295 0.020392 -0.083320 0.001569 -0.300351 0.005657 0.592618 1.331693 0.493679 1.349576 0.329319 -0.018832
0.105263 0.545453 -1.068011 -0.088853 -0.093054 -0.006838 -0.335438 -0.024648 0.555517 1.380157 0.061838 0.030581 0.351414 0.073349
0.052630 0.484847 -1.235591 -0.307325 -0.107655 -0.023650 -0.388071 -0.085254 0.487696 1.462670 0.425857 1.432089 0.390574 0.216252
0.000000 0.363636 -1.403161 -0.744270 -0.122255 -0.057276 -0.440701 -0.206466 0.363636 1.570796 -0.062222 0.138708 0.447389 0.438127
0.000000 0.303030 -1.403161 -0.962743 -0.122255 -0.074089 -0.440701 -0.267072 0.303030 1.570796 0.365252 1.432089 0.461705 0.544831
0.000000 0.212123 -1.403161 -1.290444 -0.122255 -0.099307 -0.440701 -0.357979 0.212123 1.570796 -0.153129 0.138708 0.496453 0.682192
0.035088 0.151517 -1.291445 -1.508916 -0.112521 -0.116120 -0.405614 -0.418585 0.155527 1.343232 0.308655 1.204524 0.498147 0.801134
0.087718 0.090911 -1.123874 -1.727389 -0.097921 -0.132932 -0.352984 -0.479191 0.126330 0.803273 -0.182325 -0.401251 0.496941 0.935911
0.175438 0.030305 -0.844578 -1.945862 -0.073587 -0.149745 -0.265263 -0.539796 0.178037 0.171052 0.360362 0.572303 0.488661 1.114042
0.263156 0.030305 -0.565291 -1.945862 -0.049253 -0.149745 -0.177545 -0.539796 0.264895 0.114656 -0.095466 -0.457648 0.447155 1.253031
0.350877 0.000000 -0.285995 -2.055106 -0.024918 -0.158152 -0.089825 -0.570102 0.350877 0.000000 0.446343 0.457648 0.449762 1.414522
0.508773 0.060606 0.216734 -1.836633 0.018884 -0.141339 0.068071 -0.509496 0.512370 0.118563 0.066026 -0.339085 0.386143 -1.437978
0.561403 0.090911 0.384304 -1.727389 0.033484 -0.132932 0.120701 -0.479191 0.568716 0.160542 0.502690 0.499627 0.370030 -1.324043
0.596490 0.151517 0.496021 -1.508916 0.043217 -0.116120 0.155789 -0.418585 0.615433 0.248753 0.112744 -0.250874 0.328478 -1.214500
0.614036 0.212123 0.551883 -1.290444 0.048085 -0.099307 0.173334 -0.357979 0.649643 0.332622 0.536899 0.583496 0.286867 -1.119866
0.631578 0.242424 0.607737 -1.181216 0.052951 -0.090901 0.190877 -0.327678 0.676506 0.366496 0.139607 -0.216999 0.275223 -1.043334
0.631578 0.303030 0.607737 -0.962743 0.052951 -0.074089 0.190877 -0.267072 0.700513 0.447355 0.560906 0.664355 0.235345 -0.950272
0.561403 0.393941 0.384304 -0.635026 0.033484 -0.048869 0.120701 -0.176161 0.685830 0.611871 0.124924 -0.052483 0.129443 -0.970088
0.508773 0.424241 0.216734 -0.525798 0.018884 -0.040463 0.068071 -0.145860 0.662443 0.695045 0.537519 0.747528 0.070033 -1.134152
0.473685 0.454547 0.105017 -0.416553 0.009150 -0.032056 0.032983 -0.115555 0.656498 0.764783 0.118980 0.017255 0.035772 -1.292754
0.421052 0.454547 -0.062562 -0.416553 -0.005451 -0.032056 -0.019649 -0.115555 0.619595 0.823633 0.500615 0.806378 0.024037 1.402364
0.368422 0.424241 -0.230133 -0.525798 -0.020051 -0.040463 -0.072280 -0.145860 0.561886 0.855702 0.061271 0.049325 0.074130 1.110723
0.350877 0.393941 -0.285995 -0.635026 -0.024918 -0.048869 -0.089825 -0.176161 0.527545 0.843152 0.466275 0.793827 0.101267 1.099259
0.350877 0.363636 -0.285995 -0.744270 -0.024918 -0.057276 -0.089825 -0.206466 0.505317 0.803253 0.039042 0.009425 0.118354 1.160438
0.368422 0.303030 -0.230133 -0.962743 -0.020051 -0.074089 -0.072280 -0.267072 0.477034 0.688315 0.437992 0.678889 0.155492 1.306491
0.456140 0.272729 0.049155 -1.071971 0.004283 -0.082494 0.015438 -0.297373 0.531455 0.538879 0.093463 -0.140011 0.168680 -1.518927
0.491227 0.272729 0.160871 -1.071971 0.014016 -0.082494 0.050526 -0.297373 0.561859 0.506826 0.468396 0.646837 0.175407 -1.402496
0.526315 0.272729 0.272588 -1.071971 0.023750 -0.082494 0.085614 -0.297373 0.592780 0.478090 0.124385 -0.168747 0.188532 -1.290477
0.561403 0.333335 0.384304 -0.853499 0.033484 -0.065682 0.120701 -0.236767 0.652905 0.535814 0.528520 0.704560 0.161544 -1.099347
0.578948 0.393941 0.440167 -0.635026 0.038351 -0.048869 0.138247 -0.176161 0.700264 0.597479 0.171744 -0.107081 0.145941 -0.905409
0.596490 0.484847 0.496021 -0.307325 0.043217 -0.023650 0.155789 -0.085254 0.768686 0.682517 0.596942 0.789599 0.161923 -0.500723
0.596490 0.636364 0.496021 0.238864 0.043217 0.018382 0.155789 0.066263 0.872216 0.817730 0.275274 0.028131 0.250108 0.402156
0.578948 0.696970 0.440167 0.457337 0.038351 0.035195 0.138247 0.126869 0.906062 0.877636 0.630788 0.849505 0.291180 0.742508
0.491227 0.818182 0.160871 0.894282 0.014016 0.068820 0.050526 0.248081 0.954320 1.030091 0.323532 0.180586 0.380847 1.369877
0.456140 0.878788 0.049155 1.112755 0.004283 0.085633 0.015438 0.308686 0.990117 1.092021 0.666585 0.911434 0.438359 1.520825
0.368422 0.939394 -0.230133 1.331227 -0.020051 0.102445 -0.072280 0.369292 1.009057 1.197040 0.342472 0.285606 0.503903 -1.377515
0.333334 0.969699 -0.341849 1.440472 -0.029785 0.110852 -0.107367 0.399598 1.025392 1.239700 0.682920 0.954095 0.539784 -1.308307
0.298244 0.969699 -0.453574 1.440472 -0.039519 0.110852 -0.142458 0.399598 1.014528 1.272415 0.331607 0.318321 0.547844 -1.228340
0.263156 1.000000 -0.565291 1.549700 -0.049253 0.119258 -0.177545 0.429898 1.034046 1.313474 0.702439 0.995154 0.586803 -1.179139
0.228069 1.000000 -0.677008 1.549700 -0.058987 0.119258 -0.212633 0.429898 1.025678 1.346563 0.323239 0.351410 0.598354 -1.111468
0.175438 1.000000 -0.844578 1.549700 -0.073587 0.119258 -0.265263 0.429898 1.015273 1.397125 0.692033 1.045716 0.619015 -1.017944
0.157893 1.000000 -0.900441 1.549700 -0.078454 0.119258 -0.282808 0.429898 1.012388 1.414196 0.320355 0.368480 0.626734 -0.988923
0.210526 1.000000 -0.732862 1.549700 -0.063853 0.119258 -0.230175 0.429898 1.021920 1.363300 0.701565 0.994820 0.604810 -1.079217
0.280701 1.000000 -0.509428 1.549700 -0.044386 0.119258 -0.160000 0.429898 1.038650 1.297137 0.337084 0.302317 0.581734 -1.214499
0.368422 1.000000 -0.230133 1.549700 -0.020051 0.119258 -0.072280 0.429898 1.065709 1.217805 0.728624 0.915488 0.563950 -1.404223
0.456140 1.000000 0.049155 1.549700 0.004283 0.119258 0.015438 0.429898 1.099119 1.142848 0.370495 0.227360 0.559512 1.534900
0.631578 0.969699 0.607737 1.440472 0.052951 0.110852 0.190877 0.399598 1.157241 0.993498 0.786746 0.766138 0.562381 1.125170
0.719299 0.969699 0.887033 1.440472 0.077286 0.110852 0.278597 0.399598 1.207355 0.932580 0.420609 0.166442 0.597876 0.961956
0.842104 1.000000 1.278037 1.549700 0.111353 0.119258 0.401403 0.429898 1.307341 0.870904 0.886731 0.704462 0.688432 0.819663
0.894737 1.000000 1.445616 1.549700 0.125954 0.119258 0.454036 0.429898 1.341847 0.840897 0.455116 0.136434 0.720391 0.758098
0.947370 1.000000 1.613195 1.549700 0.140555 0.119258 0.506668 0.429898 1.377501 0.812418 0.922385 0.675983 0.754671 0.703611
0.982457 0.969699 1.724912 1.440472 0.150289 0.110852 0.541756 0.399598 1.380413 0.778863 0.458028 0.102879 0.757191 0.635516
1.000000 0.939394 1.780766 1.331227 0.155155 0.102445 0.559299 0.369292 1.372028 0.754158 0.914000 0.651279 0.749339 0.583566
0.982457 0.818182 1.724912 0.894282 0.150289 0.068820 0.541756 0.248081 1.278532 0.694418 0.364532 0.043139 0.660296 0.429420
0.947370 0.757576 1.613195 0.675810 0.140555 0.052007 0.506668 0.187475 1.213026 0.674535 0.848494 0.631396 0.597597 0.354393
0.859649 0.666665 1.333900 0.348093 0.116220 0.026788 0.418948 0.096563 1.087860 0.659628 0.239366 0.028232 0.476001 0.226534
0.807016 0.666665 1.166320 0.348093 0.101620 0.026788 0.366315 0.096563 1.046765 0.690446 0.807399 0.662214 0.430403 0.257744
0.771929 0.666665 1.054604 0.348093 0.091886 0.026788 0.331227 0.096563 1.019959 0.712357 0.212560 0.050143 0.400963 0.283670
0.736841 0.727276 0.942887 0.566582 0.082152 0.043602 0.296140 0.157174 1.035309 0.778865 0.822749 0.728722 0.412096 0.487938
0.736841 0.787882 0.942887 0.785054 0.082152 0.060414 0.296140 0.217780 1.078746 0.818861 0.255996 0.090139 0.456325 0.634089
0.771929 0.878788 1.054604 1.112755 0.091886 0.085633 0.331227 0.308686 1.169676 0.850043 0.913680 0.759904 0.549210 0.750188
0.789474 0.909093 1.110466 1.221999 0.096753 0.094040 0.348773 0.338992 1.204043 0.855706 0.290363 0.095802 0.583981 0.771178
0.824562 0.909093 1.222183 1.221999 0.106487 0.094040 0.383860 0.338992 1.227336 0.834119 0.936972 0.738317 0.605590 0.723406
