0.072727 0.321430 -1.281791 -0.786109 -0.104896 -0.066665 -0.356414 -0.226514 0.329555 1.348281 0.329555 1.348281 0.372334 0.566140
0.090910 0.321430 -1.216398 -0.786109 -0.099545 -0.066665 -0.338231 -0.226514 0.334038 1.295164 0.004484 -0.053117 0.354968 0.590101
0.109091 0.357141 -1.151014 -0.662173 -0.094194 -0.056155 -0.320051 -0.190803 0.373431 1.274342 0.368947 1.327459 0.328050 0.537594
0.109091 0.392858 -1.151014 -0.538220 -0.094194 -0.045643 -0.320051 -0.155086 0.407723 1.299935 0.038776 -0.027524 0.322101 0.451224
0.127274 0.428569 -1.085621 -0.414284 -0.088843 -0.035133 -0.301867 -0.119374 0.447068 1.282118 0.408292 1.309642 0.301868 0.376580
0.127274 0.464286 -1.085621 -0.290331 -0.088843 -0.024621 -0.301867 -0.083658 0.481415 1.303241 0.073122 -0.006401 0.303906 0.270348
0.127274 0.535714 -1.085621 -0.042441 -0.088843 -0.003599 -0.301867 -0.012229 0.550625 1.337543 0.477503 1.343943 0.320128 0.040490
0.127274 0.571425 -1.085621 0.081494 -0.088843 0.006911 -0.301867 0.023482 0.585428 1.351643 0.107925 0.007700 0.333720 -0.077633
0.109091 0.571425 -1.151014 0.081494 -0.094194 0.006911 -0.320051 0.023482 0.581746 1.382156 0.473821 1.374457 0.350253 -0.073239
0.090910 0.571425 -1.216398 0.081494 -0.099545 0.006911 -0.338231 0.023482 0.578612 1.413025 0.104791 0.038568 0.366940 -0.069315
0.072727 0.571425 -1.281791 0.081494 -0.104896 0.006911 -0.356414 0.023482 0.576035 1.444204 0.471244 1.405636 0.383765 -0.065789
0.036364 0.535714 -1.412567 -0.042441 -0.115599 -0.003599 -0.392778 -0.012229 0.536947 1.503022 0.065703 0.097386 0.406979 0.031125
0.000000 0.392858 -1.543343 -0.538220 -0.126301 -0.045643 -0.429141 -0.155086 0.392858 1.570796 0.327155 1.473411 0.430673 0.346782
0.000000 0.321430 -1.543343 -0.786109 -0.126301 -0.066665 -0.429141 -0.226514 0.321430 1.570796 -0.005725 0.097386 0.442452 0.485663
0.018183 0.214285 -1.477950 -1.157951 -0.120949 -0.098199 -0.410958 -0.333659 0.215055 1.486144 0.220780 1.388758 0.463735 0.681958
0.054547 0.142856 -1.347174 -1.405840 -0.110247 -0.119221 -0.374595 -0.405087 0.152916 1.206052 -0.067864 -0.182706 0.471466 0.824487
0.109091 0.071428 -1.151014 -1.653729 -0.094194 -0.140243 -0.320051 -0.476515 0.130395 0.579714 0.198258 0.762420 0.479991 0.979353
0.181818 0.035717 -0.889462 -1.777665 -0.072790 -0.150754 -0.247323 -0.512227 0.185293 0.193973 -0.012966 -0.568447 0.464706 1.120971
0.254545 0.000000 -0.627910 -1.901618 -0.051386 -0.161266 -0.174596 -0.547943 0.254545 0.000000 0.267511 0.568447 0.463299 1.262328
0.327272 0.000000 -0.366357 -1.901618 -0.029981 -0.161266 -0.101869 -0.547943 0.327272 0.000000 0.059762 -0.568447 0.441066 1.386983
0.472727 0.071428 0.156748 -1.653729 0.012828 -0.140243 0.043585 -0.476515 0.478093 0.149964 0.418331 0.718411 0.360359 -1.479584
0.527273 0.142856 0.352917 -1.405840 0.028881 -0.119221 0.098132 -0.405087 0.546283 0.264582 0.127952 -0.453829 0.302637 -1.333126
0.563637 0.214285 0.483693 -1.157951 0.039583 -0.098199 0.134496 -0.333659 0.602996 0.363306 0.475044 0.817135 0.253481 -1.187626
0.581820 0.321430 0.549086 -0.786109 0.044935 -0.066665 0.152679 -0.226514 0.664704 0.504726 0.189660 -0.312409 0.186849 -0.977709
0.581820 0.357141 0.549086 -0.662173 0.044935 -0.056155 0.152679 -0.190803 0.682689 0.550529 0.493029 0.862938 0.168804 -0.895938
0.581820 0.428569 0.549086 -0.414284 0.044935 -0.035133 0.152679 -0.119374 0.722624 0.634870 0.229595 -0.228068 0.152680 -0.663585
0.527273 0.535714 0.352917 -0.042441 0.028881 -0.003599 0.098132 -0.012229 0.751669 0.793339 0.522074 1.021406 0.144871 -0.123982
0.490910 0.535714 0.222141 -0.042441 0.018179 -0.003599 0.061768 -0.012229 0.726624 0.829013 0.204550 -0.192394 0.123179 -0.195459
0.436363 0.535714 0.025972 -0.042441 0.002125 -0.003599 0.007222 -0.012229 0.690943 0.887249 0.486393 1.079643 0.106817 -1.037378
0.418183 0.499997 -0.039412 -0.166395 -0.003225 -0.014111 -0.010959 -0.047946 0.651824 0.874269 0.165430 -0.205374 0.071698 1.346092
0.381819 0.464286 -0.170188 -0.290331 -0.013927 -0.024621 -0.047322 -0.083658 0.601122 0.882558 0.435691 1.087932 0.058945 1.056004
0.345455 0.357141 -0.300964 -0.662173 -0.024630 -0.056155 -0.083686 -0.190803 0.496879 0.802028 0.061188 -0.285904 0.110397 1.157463
0.345455 0.321430 -0.300964 -0.786109 -0.024630 -0.066665 -0.083686 -0.226514 0.471865 0.749387 0.410677 1.035290 0.136401 1.216899
0.345455 0.250001 -0.300964 -1.033998 -0.024630 -0.087687 -0.083686 -0.297942 0.426427 0.626447 0.015751 -0.408844 0.197723 1.296972
0.381819 0.214285 -0.170188 -1.157951 -0.013927 -0.098199 -0.047322 -0.333659 0.437840 0.511417 0.422089 0.920260 0.220007 1.429907
0.454546 0.214285 0.091365 -1.157951 0.007477 -0.098199 0.025405 -0.333659 0.502524 0.440528 0.080435 -0.479733 0.216354 -1.494803
0.509093 0.214285 0.287534 -1.157951 0.023531 -0.098199 0.079952 -0.333659 0.552353 0.398405 0.471918 0.878138 0.229250 -1.335610
0.545457 0.285713 0.418310 -0.910062 0.034233 -0.077177 0.116315 -0.262231 0.615755 0.482510 0.143837 -0.395628 0.184665 -1.153310
0.600001 0.392858 0.614470 -0.538220 0.050286 -0.045643 0.170859 -0.155086 0.717174 0.579716 0.573336 0.975344 0.174669 -0.737043
0.618184 0.464286 0.679863 -0.290331 0.055637 -0.024621 0.189042 -0.083658 0.773119 0.644172 0.199782 -0.331172 0.192281 -0.416627
0.618184 0.571425 0.679863 0.081494 0.055637 0.006911 0.189042 0.023482 0.841830 0.746113 0.642048 1.077285 0.236605 0.123583
0.581820 0.642854 0.549086 0.329383 0.044935 0.027933 0.152679 0.094910 0.867050 0.835194 0.225002 -0.242092 0.262648 0.556175
0.563637 0.714282 0.483693 0.577272 0.039583 0.048955 0.134496 0.166338 0.909882 0.902740 0.684880 1.144831 0.315268 0.890854
0.472727 0.857138 0.156748 1.073050 0.012828 0.090999 0.043585 0.309195 0.978855 1.066789 0.293975 -0.078042 0.430210 1.430755
0.436363 0.928566 0.025972 1.320939 0.002125 0.112021 0.007222 0.380623 1.025987 1.131491 0.732012 1.209533 0.499477 1.551825
0.345455 1.000000 -0.300964 1.568846 -0.024630 0.133045 -0.083686 0.452057 1.057988 1.238176 0.325977 0.028642 0.576960 -1.387746
0.290909 1.000000 -0.497133 1.568846 -0.040683 0.133045 -0.138233 0.452057 1.041455 1.287701 0.715478 1.259059 0.587357 -1.274039
0.254545 1.000000 -0.627910 1.568846 -0.051386 0.133045 -0.174596 0.452057 1.031888 1.321545 0.316410 0.062486 0.596962 -1.202220
0.218182 1.000000 -0.758686 1.568846 -0.062088 0.133045 -0.210960 0.452057 1.023525 1.355981 0.707115 1.293495 0.608592 -1.134169
0.181818 0.928566 -0.889462 1.320939 -0.072790 0.112021 -0.247323 0.380623 0.946199 1.377438 0.239085 0.083942 0.557310 -0.994572
0.163638 0.928566 -0.954845 1.320939 -0.078141 0.112021 -0.265504 0.380623 0.942875 1.396361 0.703790 1.312419 0.565613 -0.961716
0.163638 0.892855 -0.954845 1.197004 -0.078141 0.101511 -0.265504 0.344912 0.907726 1.389534 0.203936 0.077115 0.534343 -0.914760
0.181818 0.857138 -0.889462 1.073050 -0.072790 0.090999 -0.247323 0.309195 0.876210 1.361773 0.672274 1.284658 0.494318 -0.896119
0.218182 0.857138 -0.758686 1.073050 -0.062088 0.090999 -0.210960 0.309195 0.884471 1.321543 0.212197 0.036885 0.477164 -0.972057
0.272728 0.857138 -0.562517 1.073050 -0.046034 0.090999 -0.156413 0.309195 0.899481 1.262741 0.687284 1.225856 0.455682 -1.102462
0.345455 0.857138 -0.300964 1.073050 -0.024630 0.090999 -0.083686 0.309195 0.924135 1.187678 0.236851 -0.038178 0.436102 -1.306472
0.545457 0.857138 0.418310 1.073050 0.034233 0.090999 0.116315 0.309195 1.015977 1.004063 0.779126 1.042241 0.443521 1.210985
0.636364 0.857138 0.745246 1.073050 0.060988 0.090999 0.207223 0.309195 1.067542 0.932158 0.288416 -0.110083 0.475523 0.980351
0.727274 0.857138 1.072191 1.073050 0.087744 0.090999 0.298133 0.309195 1.124106 0.867179 0.835690 0.977261 0.521598 0.803610
0.872729 0.857138 1.595296 1.073050 0.130552 0.090999 0.443587 0.309195 1.223250 0.776386 0.387561 -0.200876 0.616402 0.608731
0.909092 0.857138 1.726072 1.073050 0.141255 0.090999 0.479951 0.309195 1.249454 0.755991 0.861893 0.956867 0.643066 0.572302
0.963636 0.857138 1.922232 1.073050 0.157308 0.090999 0.534495 0.309195 1.289683 0.726974 0.427789 -0.229893 0.684738 0.524446
1.000000 0.785710 2.053008 0.825161 0.168010 0.069977 0.570859 0.237767 1.271747 0.665967 0.843958 0.895859 0.673068 0.394655
1.000000 0.678570 2.053008 0.453337 0.168010 0.038445 0.570859 0.130627 1.208494 0.596198 0.364536 -0.299661 0.622972 0.224953
0.963636 0.642854 1.922232 0.329383 0.157308 0.027933 0.534495 0.094910 1.158385 0.588311 0.793849 0.887972 0.575637 0.175738
0.872729 0.571425 1.595296 0.081494 0.130552 0.006911 0.443587 0.023482 1.043160 0.579712 0.249311 -0.308260 0.465848 0.052887
0.818182 0.535714 1.399127 -0.042441 0.114499 -0.003599 0.389041 -0.012229 0.977963 0.579715 0.728652 0.887975 0.403374 -0.031424
0.745455 0.535714 1.137574 -0.042441 0.093094 -0.003599 0.316314 -0.012229 0.917983 0.623127 0.189331 -0.264848 0.333784 -0.038643
0.727274 0.571425 1.072191 0.081494 0.087744 0.006911 0.298133 0.023482 0.924908 0.665965 0.735577 0.930813 0.330345 0.078601
0.763638 0.678570 1.202967 0.453337 0.098446 0.038445 0.334497 0.130627 1.021568 0.726482 0.285991 -0.204331 0.417256 0.372306
0.800002 0.749999 1.333744 0.701226 0.109148 0.059467 0.370860 0.202055 1.096586 0.753149 0.810595 0.957480 0.490394 0.498864
0.890909 0.785710 1.660679 0.825161 0.135903 0.069977 0.461768 0.237767 1.187880 0.722735 0.377285 -0.234745 0.583413 0.475500
0.927273 0.785710 1.791456 0.825161 0.146605 0.069977 0.498131 0.237767 1.215391 0.702944 0.838106 0.937689 0.612598 0.445337
