0.153846 0.428569 -1.348478 -0.334621 -0.082623 -0.022303 -0.370023 -0.099885 0.455346 1.226148 0.455346 1.226148 0.382098 0.263658
0.179485 0.428569 -1.255041 -0.334621 -0.076898 -0.022303 -0.344384 -0.099885 0.464636 1.174189 0.009290 -0.051959 0.357326 0.282294
0.205128 0.428569 -1.161590 -0.334621 -0.071172 -0.022303 -0.318741 -0.099885 0.475130 1.124387 0.465841 1.176346 0.332682 0.303680
0.230767 0.428569 -1.068154 -0.334621 -0.065447 -0.022303 -0.293102 -0.099885 0.486749 1.076857 0.020908 -0.099489 0.308205 0.328443
0.230767 0.464286 -1.068154 -0.214967 -0.065447 -0.014328 -0.293102 -0.064168 0.518473 1.109523 0.497565 1.209012 0.299096 0.215527
0.256410 0.499997 -0.974703 -0.095332 -0.059721 -0.006354 -0.267459 -0.028457 0.561910 1.096944 0.064345 -0.112068 0.268522 0.105998
0.256410 0.535714 -0.974703 0.024322 -0.059721 0.001621 -0.267459 0.007260 0.593915 1.124389 0.529570 1.236457 0.267721 -0.027138
0.256410 0.571425 -0.974703 0.143957 -0.059721 0.009595 -0.267459 0.042972 0.626317 1.149008 0.096747 -0.087450 0.271654 -0.159305
0.256410 0.607142 -0.974703 0.263611 -0.059721 0.017570 -0.267459 0.078688 0.659066 1.171196 0.562319 1.258646 0.280123 -0.286134
0.230767 0.607142 -1.068154 0.263611 -0.065447 0.017570 -0.293102 0.078688 0.649519 1.207573 0.087200 -0.051072 0.304702 -0.262283
0.205128 0.642854 -1.161590 0.383247 -0.071172 0.025544 -0.318741 0.114400 0.674788 1.261920 0.587587 1.312992 0.340225 -0.344592
0.179485 0.642854 -1.255041 0.383247 -0.076898 0.025544 -0.344384 0.114400 0.667440 1.298529 0.079852 -0.014462 0.364359 -0.320718
0.153846 0.642854 -1.348478 0.383247 -0.082623 0.025544 -0.370023 0.114400 0.661006 1.335897 0.581154 1.350360 0.388683 -0.299848
0.128203 0.642854 -1.441929 0.383247 -0.088348 0.025544 -0.395665 0.114400 0.655513 1.373951 0.074359 0.023591 0.413169 -0.281457
0.102564 0.642854 -1.535365 0.383247 -0.094073 0.025544 -0.421305 0.114400 0.650984 1.412585 0.576625 1.388994 0.437784 -0.265144
0.076921 0.607142 -1.628816 0.263611 -0.099799 0.017570 -0.446947 0.078688 0.611996 1.444774 0.035370 0.055781 0.454639 -0.174271
0.051282 0.607142 -1.722253 0.263611 -0.105524 0.017570 -0.472586 0.078688 0.609304 1.486532 0.573934 1.430751 0.479867 -0.164992
0.051282 0.571425 -1.722253 0.143957 -0.105524 0.009595 -0.472586 0.042972 0.573722 1.481292 -0.000212 0.050541 0.474973 -0.090679
0.025639 0.499997 -1.815703 -0.095332 -0.111250 -0.006354 -0.498229 -0.028457 0.500654 1.519563 0.500866 1.469022 0.498801 0.057054
0.025639 0.464286 -1.815703 -0.214967 -0.111250 -0.014328 -0.498229 -0.064168 0.464993 1.515630 -0.035873 0.046608 0.501779 0.128087
0.000000 0.428569 -1.909140 -0.334621 -0.116975 -0.022303 -0.523868 -0.099885 0.428569 1.570796 0.464442 1.524188 0.532466 0.188406
0.000000 0.392858 -1.909140 -0.454256 -0.116975 -0.030277 -0.523868 -0.135596 0.392858 1.570796 -0.071584 0.046608 0.540002 0.253278
0.000000 0.357141 -1.909140 -0.573910 -0.116975 -0.038253 -0.523868 -0.171313 0.357141 1.570796 0.428725 1.524188 0.549760 0.316054
0.000000 0.321430 -1.909140 -0.693546 -0.116975 -0.046227 -0.523868 -0.207024 0.321430 1.570796 -0.107296 0.046608 0.561622 0.376348
0.000000 0.285713 -1.909140 -0.813199 -0.116975 -0.054202 -0.523868 -0.242741 0.285713 1.570796 0.393008 1.524188 0.575462 0.433911
0.025639 0.250001 -1.815703 -0.932835 -0.111250 -0.062176 -0.498229 -0.278453 0.251313 1.468598 -0.141696 -0.055590 0.568538 0.509639
0.025639 0.214285 -1.815703 -1.052488 -0.111250 -0.070151 -0.498229 -0.314169 0.215813 1.451713 0.357509 1.507303 0.586579 0.562596
0.051282 0.178573 -1.722253 -1.172124 -0.105524 -0.078125 -0.472586 -0.349881 0.185791 1.291146 -0.171718 -0.216158 0.585292 0.637298
0.076921 0.178573 -1.628816 -1.172124 -0.099799 -0.078125 -0.446947 -0.349881 0.194436 1.164063 0.366154 1.380220 0.564793 0.664179
0.102564 0.142856 -1.535365 -1.291777 -0.094073 -0.086100 -0.421305 -0.385598 0.175862 0.948124 -0.190292 -0.432096 0.568038 0.741175
0.128203 0.107145 -1.441929 -1.411413 -0.088348 -0.094074 -0.395665 -0.421309 0.167081 0.696160 0.357373 1.128256 0.574639 0.816776
0.153846 0.107145 -1.348478 -1.411413 -0.082623 -0.094074 -0.370023 -0.421309 0.187480 0.608335 -0.169893 -0.519921 0.557293 0.850118
0.205128 0.071428 -1.161590 -1.531067 -0.071172 -0.102050 -0.318741 -0.457026 0.217208 0.335082 0.387102 0.855003 0.553442 0.961801
0.230767 0.035717 -1.068154 -1.650702 -0.065447 -0.110024 -0.293102 -0.492737 0.233515 0.153556 -0.153587 -0.701447 0.569386 1.034177
0.282049 0.035717 -0.881266 -1.650702 -0.053996 -0.110024 -0.241820 -0.492737 0.284301 0.125963 0.437888 0.827410 0.544765 1.114562
0.307692 0.035717 -0.787815 -1.650702 -0.048270 -0.110024 -0.216177 -0.492737 0.309758 0.115563 -0.128131 -0.711848 0.533877 1.157357
0.333335 0.000000 -0.694365 -1.770356 -0.042544 -0.117999 -0.190534 -0.528454 0.333335 0.000000 0.461465 0.711848 0.557442 1.224754
0.384617 0.000000 -0.507477 -1.770356 -0.031094 -0.117999 -0.139252 -0.528454 0.384617 0.000000 -0.076849 -0.711848 0.542060 1.313145
0.410256 0.000000 -0.414041 -1.770356 -0.025369 -0.117999 -0.113613 -0.528454 0.410256 0.000000 0.487104 0.711848 0.536047 1.359029
0.461538 0.035717 -0.227153 -1.650702 -0.013918 -0.110024 -0.062331 -0.492737 0.462918 0.077233 -0.024187 -0.634615 0.492115 1.444965
0.487180 0.035717 -0.133702 -1.650702 -0.008192 -0.110024 -0.036688 -0.492737 0.488488 0.073182 0.512675 0.707797 0.489528 1.496476
0.512820 0.071428 -0.040266 -1.531067 -0.002467 -0.102050 -0.011049 -0.457026 0.517770 0.138395 0.005095 -0.569402 0.452575 1.546625
0.538462 0.071428 0.053185 -1.531067 0.003259 -0.102050 0.014594 -0.457026 0.543179 0.131882 0.538084 0.701285 0.452676 -1.538875
0.538462 0.107145 0.053185 -1.411413 0.003259 -0.094074 0.014594 -0.421309 0.549019 0.196418 0.010935 -0.504867 0.416979 -1.536171
0.589744 0.142856 0.240073 -1.291777 0.014709 -0.086100 0.065876 -0.385598 0.606800 0.237657 0.595865 0.742524 0.386665 -1.401589
0.615383 0.178573 0.333509 -1.172124 0.020434 -0.078125 0.091515 -0.349881 0.640769 0.282425 0.044904 -0.460098 0.357217 -1.314967
0.641026 0.178573 0.426960 -1.172124 0.026160 -0.078125 0.117158 -0.349881 0.665435 0.271686 0.620530 0.731784 0.364630 -1.247681
0.641026 0.214285 0.426960 -1.052488 0.026160 -0.070151 0.117158 -0.314169 0.675894 0.322606 0.055363 -0.409179 0.331011 -1.213856
0.666665 0.250001 0.520397 -0.932835 0.031885 -0.062176 0.142797 -0.278453 0.712000 0.358773 0.656636 0.767952 0.308859 -1.096943
0.666665 0.285713 0.520397 -0.813199 0.031885 -0.054202 0.142797 -0.242741 0.725310 0.404891 0.068674 -0.363061 0.277685 -1.039048
0.666665 0.321430 0.520397 -0.693546 0.031885 -0.046227 0.142797 -0.207024 0.740108 0.449262 0.671434 0.812323 0.247735 -0.966977
0.666665 0.357141 0.520397 -0.573910 0.031885 -0.038253 0.142797 -0.171313 0.756302 0.491808 0.084868 -0.320515 0.219520 -0.875934
0.666665 0.392858 0.520397 -0.454256 0.031885 -0.030277 0.142797 -0.135596 0.773809 0.532506 0.688941 0.853021 0.193791 -0.759539
0.666665 0.428569 0.520397 -0.334621 0.031885 -0.022303 0.142797 -0.099885 0.792537 0.571336 0.103596 -0.281685 0.171677 -0.610383
0.666665 0.464286 0.520397 -0.214967 0.031885 -0.014328 0.142797 -0.064168 0.812406 0.608326 0.708811 0.890011 0.154729 -0.422326
0.641026 0.464286 0.426960 -0.214967 0.026160 -0.014328 0.117158 -0.064168 0.791502 0.626840 0.082692 -0.263172 0.131438 -0.501080
0.641026 0.499997 0.426960 -0.095332 0.026160 -0.006354 0.117158 -0.028457 0.812965 0.662423 0.730273 0.925595 0.119565 -0.238277
0.615383 0.499997 0.333509 -0.095332 0.020434 -0.006354 0.091515 -0.028457 0.792902 0.682315 0.062629 -0.243280 0.094577 -0.301473
0.589744 0.499997 0.240073 -0.095332 0.014709 -0.006354 0.065876 -0.028457 0.773173 0.703227 0.710544 0.946507 0.070068 -0.407762
0.564101 0.499997 0.146622 -0.095332 0.008984 -0.006354 0.040233 -0.028457 0.753796 0.725228 0.043252 -0.221279 0.046782 -0.615606
0.538462 0.499997 0.053185 -0.095332 0.003259 -0.006354 0.014594 -0.028457 0.734805 0.748375 0.691553 0.969654 0.027979 -1.096922
0.512820 0.499997 -0.040266 -0.095332 -0.002467 -0.006354 -0.011049 -0.028457 0.716227 0.772739 0.024674 -0.196915 0.026304 1.200441
0.487180 0.499997 -0.133702 -0.095332 -0.008192 -0.006354 -0.036688 -0.028457 0.698099 0.798381 0.673425 0.995295 0.043770 0.659710
0.487180 0.464286 -0.133702 -0.214967 -0.008192 -0.014328 -0.036688 -0.064168 0.672983 0.761340 -0.000442 -0.233955 0.069972 1.051410
0.487180 0.428569 -0.133702 -0.334621 -0.008192 -0.022303 -0.036688 -0.099885 0.648858 0.721482 0.649300 0.955437 0.102117 1.218791
0.512820 0.392858 -0.040266 -0.454256 -0.002467 -0.030277 -0.011049 -0.135596 0.646004 0.653709 -0.003296 -0.301727 0.131476 1.489492
0.538462 0.392858 0.053185 -0.454256 0.003259 -0.030277 0.014594 -0.135596 0.666543 0.630311 0.669839 0.932039 0.131821 -1.463581
0.564101 0.392858 0.146622 -0.454256 0.008984 -0.030277 0.040233 -0.135596 0.687421 0.608327 0.017582 -0.323712 0.137049 -1.282359
0.589744 0.428569 0.240073 -0.334621 0.014709 -0.022303 0.065876 -0.099885 0.729020 0.628424 0.711437 0.952136 0.115852 -0.987758
0.615383 0.464286 0.333509 -0.214967 0.020434 -0.014328 0.091515 -0.064168 0.770881 0.646353 0.059444 -0.305782 0.109202 -0.611514
0.615383 0.499997 0.333509 -0.095332 0.020434 -0.006354 0.091515 -0.028457 0.792902 0.682315 0.733458 0.988097 0.094577 -0.301473
0.615383 0.535714 0.333509 0.024322 0.020434 0.001621 0.091515 0.007260 0.815896 0.716297 0.082438 -0.271801 0.092278 0.079167
0.615383 0.571425 0.333509 0.143957 0.020434 0.009595 0.091515 0.042972 0.839776 0.748376 0.757338 1.020177 0.103134 0.438998
0.615383 0.607142 0.333509 0.263611 0.020434 0.017570 0.091515 0.078688 0.864476 0.778657 0.107138 -0.241520 0.123732 0.710179
0.589744 0.642854 0.240073 0.383247 0.014709 0.025544 0.065876 0.114400 0.872387 0.828459 0.765250 1.069979 0.136004 1.048331
0.564101 0.714282 0.146622 0.622536 0.008984 0.041494 0.040233 0.185828 0.910170 0.902339 0.144920 -0.167640 0.194618 1.357580
0.564101 0.749999 0.146622 0.742189 0.008984 0.049469 0.040233 0.221545 0.938461 0.925929 0.793540 1.093569 0.229681 1.391152
0.512820 0.785710 -0.040266 0.861825 -0.002467 0.057443 -0.011049 0.257256 0.938256 0.992537 0.144715 -0.101031 0.262075 -1.527874
0.512820 0.821427 -0.040266 0.981478 -0.002467 0.065418 -0.011049 0.292973 0.968362 1.012698 0.823647 1.113729 0.297763 -1.533101
0.461538 0.857138 -0.227153 1.101114 -0.013918 0.073392 -0.062331 0.328684 0.973500 1.076854 0.149853 -0.036876 0.339049 -1.383384
0.435899 0.857138 -0.320590 1.101114 -0.019643 0.073392 -0.087970 0.328684 0.961610 1.100331 0.811757 1.137207 0.344685 -1.309283
0.435899 0.892855 -0.320590 1.220768 -0.019643 0.081367 -0.087970 0.364401 0.993578 1.116627 0.181822 -0.020580 0.379328 -1.333919
0.410256 0.892855 -0.414041 1.220768 -0.025369 0.081367 -0.113613 0.364401 0.982598 1.140081 0.800777 1.160661 0.386082 -1.268568
0.461538 0.892855 -0.227153 1.220768 -0.013918 0.081367 -0.062331 0.364401 1.005091 1.093702 0.204314 -0.066959 0.374214 -1.401386
0.512820 0.892855 -0.040266 1.220768 -0.002467 0.081367 -0.011049 0.364401 1.029647 1.049444 0.825334 1.116403 0.369152 -1.540485
0.538462 0.892855 0.053185 1.220768 0.003259 0.081367 0.014594 0.364401 1.042656 1.028116 0.217322 -0.088287 0.369275 1.530768
0.564101 0.928572 0.146622 1.340421 0.008984 0.089343 0.040233 0.400118 1.086488 1.024885 0.869166 1.113172 0.406698 1.470580
0.615383 0.964283 0.333509 1.460057 0.020434 0.097317 0.091515 0.435829 1.143914 1.002777 0.274748 -0.110395 0.449822 1.363824
0.666665 0.964283 0.520397 1.460057 0.031885 0.097317 0.142797 0.435829 1.172299 0.965894 0.897551 1.076288 0.462986 1.254175
0.692308 0.964283 0.613847 1.460057 0.037611 0.097317 0.168440 0.435829 1.187069 0.948124 0.289518 -0.128164 0.471526 1.201998
0.743590 0.964283 0.800735 1.460057 0.049062 0.097317 0.219722 0.435829 1.217690 0.913907 0.928172 1.042071 0.492182 1.103837
0.769229 1.000000 0.894172 1.579710 0.054787 0.105292 0.245361 0.471546 1.261631 0.915102 0.333460 -0.126970 0.535633 1.091015
0.794872 1.000000 0.987622 1.579710 0.060513 0.105292 0.271004 0.471546 1.277428 0.899190 0.943968 1.026160 0.547854 1.049178
0.846154 1.000000 1.174510 1.579710 0.071963 0.105292 0.322286 0.471546 1.309953 0.868539 0.365985 -0.157620 0.574952 0.971253
0.871793 0.964283 1.267946 1.460057 0.077688 0.097317 0.347925 0.435829 1.299948 0.835729 0.933963 0.993350 0.561264 0.897090
0.897436 0.964283 1.361397 1.460057 0.083414 0.097317 0.373568 0.435829 1.317283 0.821289 0.383319 -0.172061 0.577510 0.862170
0.923075 0.928572 1.454834 1.340421 0.089139 0.089343 0.399207 0.400118 1.309318 0.788367 0.925998 0.960428 0.568464 0.786538
0.948718 0.892855 1.548285 1.220768 0.094865 0.081367 0.424850 0.364401 1.302788 0.755073 0.376789 -0.205354 0.562715 0.708958
0.948718 0.857138 1.548285 1.101114 0.094865 0.073392 0.424850 0.328684 1.278574 0.734729 0.901785 0.940083 0.539968 0.658465
0.974357 0.785710 1.641721 0.861825 0.100590 0.057443 0.450489 0.257256 1.251684 0.678624 0.349899 -0.261459 0.521058 0.518868
0.974357 0.749999 1.641721 0.742189 0.100590 0.049469 0.450489 0.221545 1.229581 0.656014 0.879682 0.917473 0.504058 0.457056
0.974357 0.714282 1.641721 0.622536 0.100590 0.041494 0.450489 0.185828 1.208127 0.632584 0.328445 -0.284889 0.489078 0.391238
0.974357 0.678570 1.641721 0.502900 0.100590 0.033520 0.450489 0.150116 1.187362 0.608325 0.858918 0.893214 0.476312 0.321658
0.974357 0.607142 1.641721 0.263611 0.100590 0.017570 0.450489 0.078688 1.148039 0.557247 0.289121 -0.335967 0.458121 0.172929
0.974357 0.571425 1.641721 0.143957 0.100590 0.009595 0.450489 0.042972 1.129557 0.530407 0.840436 0.866374 0.452992 0.095101
0.974357 0.535714 1.641721 0.024322 0.100590 0.001621 0.450489 0.007260 1.111918 0.502700 0.271482 -0.363675 0.450644 0.016115
0.948718 0.499997 1.548285 -0.095332 0.094865 -0.006354 0.424850 -0.028457 1.072410 0.485032 0.800928 0.848707 0.425520 -0.066881
0.923075 0.499997 1.454834 -0.095332 0.089139 -0.006354 0.399207 -0.028457 1.049793 0.496421 0.248865 -0.352286 0.399920 -0.071163
0.871793 0.464286 1.267946 -0.214967 0.077688 -0.014328 0.347925 -0.064168 0.987717 0.489358 0.738852 0.841644 0.352990 -0.182381
0.846154 0.499997 1.174510 -0.095332 0.071963 -0.006354 0.322286 -0.028457 0.982840 0.533706 0.243988 -0.307939 0.323169 -0.088068
0.820511 0.535714 1.081059 0.024322 0.066238 0.001621 0.296643 0.007260 0.979912 0.578413 0.735925 0.886352 0.296879 0.024469
0.794872 0.571425 0.987622 0.143957 0.060513 0.009595 0.271004 0.042972 0.978953 0.623291 0.243028 -0.263060 0.275145 0.157255
0.794872 0.607142 0.987622 0.263611 0.060513 0.017570 0.271004 0.078688 1.000222 0.652290 0.757193 0.915350 0.283509 0.282588
0.794872 0.642854 0.987622 0.383247 0.060513 0.025544 0.271004 0.114400 1.022293 0.680054 0.265099 -0.235296 0.295974 0.399440
0.794872 0.678570 0.987622 0.502900 0.060513 0.033520 0.271004 0.150116 1.045122 0.706630 0.780022 0.941925 0.312051 0.505854
0.794872 0.714282 0.987622 0.622536 0.060513 0.041494 0.271004 0.185828 1.068654 0.732048 0.288631 -0.209877 0.331210 0.601066
0.820511 0.749999 1.081059 0.742189 0.066238 0.049469 0.296643 0.221545 1.111637 0.740530 0.823006 0.950408 0.373004 0.641476
0.871793 0.785710 1.267946 0.861825 0.077688 0.057443 0.347925 0.257256 1.173611 0.733509 0.350605 -0.216899 0.435445 0.636683
0.897436 0.785710 1.361397 0.861825 0.083414 0.057443 0.373568 0.257256 1.192783 0.719116 0.842178 0.936015 0.456195 0.603065
0.923075 0.821427 1.454834 0.981478 0.089139 0.065418 0.399207 0.292973 1.235641 0.727196 0.393464 -0.208818 0.497903 0.633109
0.948718 0.821427 1.548285 0.981478 0.094865 0.065418 0.424850 0.292973 1.254914 0.713612 0.861450 0.922430 0.518689 0.603706
0.974357 0.821427 1.641721 0.981478 0.100590 0.065418 0.450489 0.292973 1.274407 0.700442 0.412957 -0.221988 0.539890 0.576617
1.000000 0.785710 1.735172 0.861825 0.106316 0.057443 0.476132 0.257256 1.271747 0.665967 0.858790 0.887954 0.543380 0.495369
