-70.582287 -174.403828 -113.291797 1 1
-55.504032 -72.463422 -100.030693 1 1
-78.937379 -113.845563 -144.322460 1 1
-69.615698 -148.816517 -113.866605 1 1
-58.572318 -130.437056 -103.438566 1 1
-137.961004 -289.194392 -192.053048 1 1
-77.245960 -121.613678 -115.466366 1 1
-67.062571 -162.609480 -115.859561 1 1
-44.661203 -77.067852 -69.223724 1 1
-82.882132 -224.482802 -143.681132 1 1
-126.812486 -173.834368 -203.358007 1 1
-70.029877 -87.207918 -127.146639 1 1
-54.119429 -106.763557 -93.593866 1 1
-128.786800 -140.974025 -231.263382 1 1
-74.585296 -172.182159 -127.670328 1 1
-80.299650 -208.686413 -135.163231 1 1
-61.857727 -87.908098 -112.122316 1 1
-69.708703 -172.410637 -112.341830 1 1
-53.821177 -105.418656 -90.109008 1 1
-63.008396 -92.675243 -110.836621 1 1
-181.648757 -325.017765 -311.659039 1 1
-66.263764 -158.542453 -110.338982 1 1
-102.583119 -195.092836 -200.446213 1 1
-55.543760 -75.691983 -104.118867 1 1
-56.019226 -156.652616 -94.849723 1 1
-138.735802 -199.364700 -225.424342 1 1
-70.849970 -106.879759 -118.627682 1 1
-68.825883 -137.053191 -119.669518 1 1
-44.768761 -70.871255 -64.921535 1 1
-101.884069 -133.089645 -188.348111 1 1
-209.460482 -73.880205 -83.011684 2 2
-219.648698 -55.821824 -69.067567 2 2
-201.090108 -62.186600 -72.285428 2 2
-417.074851 -121.364394 -148.669699 2 2
-140.936022 -45.904555 -62.910955 2 2
-215.447292 -58.154654 -89.058621 2 2
-255.400700 -86.542798 -96.248310 2 2
-232.661787 -61.259718 -73.516874 2 2
-179.180608 -45.585006 -67.635269 2 2
-319.493597 -86.509960 -114.764365 2 2
-270.169108 -72.438666 -80.402114 2 2
-254.735294 -68.748592 -85.936972 2 2
-248.457972 -60.343328 -72.769330 2 2
-288.273249 -69.676913 -85.131489 2 2
-187.633353 -52.890683 -61.498245 2 2
-254.946312 -75.111755 -87.399259 2 2
-433.466652 -122.786312 -162.149177 2 2
-217.232521 -62.476212 -84.943799 2 2
-200.577258 -61.965647 -78.214808 2 2
-257.669473 -72.655281 -89.061564 2 2
-135.893782 -42.866271 -48.572945 2 2
-279.622079 -83.979748 -91.714341 2 2
-217.670976 -76.082337 -95.956290 2 2
-374.224745 -109.404839 -130.136343 2 2
-245.024296 -87.919484 -66.710627 3 2
-283.941995 -79.961040 -88.270963 2 2
-198.232900 -57.781298 -80.346143 2 2
-239.648810 -64.502095 -75.211567 2 2
-163.797300 -44.923233 -50.921142 2 2
-267.005955 -85.743350 -102.171450 2 2
-219.326848 -133.745343 -72.070095 3 3
-235.565774 -133.675592 -68.117887 3 3
-211.373249 -106.440327 -77.418996 3 3
-346.751534 -203.208209 -146.214700 3 3
-100.928671 -120.742286 -49.720987 3 3
-191.323660 -188.968438 -73.849314 3 3
-312.327636 -159.331904 -87.864156 3 3
-190.957653 -112.188449 -64.609750 3 3
-149.737945 -127.707301 -58.802354 3 3
-142.529609 -194.871898 -131.203792 3 3
-234.563600 -127.300487 -104.613062 3 3
-265.476554 -143.750057 -99.159418 3 3
-222.153560 -178.252950 -82.174940 3 3
-153.406459 -148.734483 -86.610195 3 3
-274.021284 -133.140348 -96.264098 3 3
-120.369136 -64.221176 -65.381158 2 3
-323.832085 -144.162296 -108.652797 3 3
-201.966752 -184.658179 -78.570591 3 3
-197.396406 -192.948287 -78.099090 3 3
-263.684070 -147.362807 -79.929851 3 3
-155.585546 -101.806192 -58.807077 3 3
-183.091389 -297.494319 -125.255219 3 3
-195.437353 -106.377216 -66.890765 3 3
-387.245923 -199.904260 -124.091168 3 3
-269.325658 -100.033721 -82.325337 3 3
-233.714951 -248.155287 -112.632430 3 3
-154.454292 -129.734172 -57.704886 3 3
-204.379196 -195.674838 -81.751740 3 3
-109.616481 -131.963386 -48.213687 3 3
-229.705659 -143.660430 -82.818354 3 3
