-55.676362 -185.199688 -103.272541 1 1
-44.479926 -83.762252 -86.281592 1 1
-63.590909 -130.299601 -125.503728 1 1
-60.805682 -161.335292 -117.215116 1 1
-48.521446 -148.812951 -93.930220 1 1
-120.564493 -280.513436 -173.298676 1 1
-53.259676 -123.269023 -97.934881 1 1
-54.857661 -169.558100 -111.112601 1 1
-36.038725 -83.547730 -61.981171 1 1
-71.164075 -235.983088 -122.047438 1 1
-84.681782 -193.181674 -179.499599 1 1
-50.987203 -108.510889 -110.890129 1 1
-45.134747 -122.660862 -87.047445 1 1
-93.996771 -184.754824 -199.493447 1 1
-59.637682 -183.745948 -132.051586 1 1
-61.942880 -227.183477 -124.952849 1 1
-48.610038 -96.694268 -93.260295 1 1
-53.564047 -180.563435 -100.559062 1 1
-43.178692 -116.601294 -80.120981 1 1
-49.381812 -99.380579 -90.737594 1 1
-146.519170 -347.948557 -319.026878 1 1
-51.523604 -175.132342 -99.076220 1 1
-84.610617 -203.858476 -196.386240 1 1
-45.135550 -88.352936 -88.472978 1 1
-44.461138 -165.035456 -83.064072 1 1
-98.662506 -234.602491 -210.417760 1 1
-53.568896 -120.850488 -106.794861 1 1
-60.563208 -152.747117 -120.472535 1 1
-33.620809 -68.537717 -54.949577 1 1
-77.406974 -155.593248 -161.929790 1 1
-197.978396 -56.175772 -67.223385 2 2
-205.393175 -37.887161 -51.903333 2 2
-185.498256 -46.144265 -56.649587 2 2
-380.878615 -102.429528 -116.493415 2 2
-142.726368 -33.173241 -52.074132 2 2
-203.145188 -54.597637 -72.674886 2 2
-248.438991 -66.681453 -76.923819 2 2
-221.213447 -47.261797 -56.245371 2 2
-169.554029 -41.278781 -54.589619 2 2
-295.772646 -76.113766 -93.557560 2 2
-256.864444 -51.989865 -60.559986 2 2
-240.771248 -53.516157 -68.602134 2 2
-236.517488 -42.688492 -55.039935 2 2
-270.046481 -52.306614 -64.115865 2 2
-176.134088 -36.290035 -47.333136 2 2
-235.066548 -62.509576 -72.325027 2 2
-402.147222 -103.679278 -126.667016 2 2
-209.484234 -52.410416 -67.941030 2 2
-184.785931 -49.357569 -63.526125 2 2
-246.320103 -57.613078 -70.725099 2 2
-128.595254 -32.659743 -38.707665 2 2
-265.245140 -56.016573 -70.940154 2 2
-208.373790 -65.318082 -79.972482 2 2
-364.739192 -75.783057 -100.229678 2 2
-235.159300 -72.061855 -49.609422 3 2
-264.567368 -62.923828 -71.494695 2 2
-188.993502 -52.737549 -66.535323 2 2
-224.862931 -47.502910 -57.600351 2 2
-156.242174 -31.418492 -39.621392 2 2
-244.664167 -63.801897 -79.606328 2 2
-288.595048 -114.754964 -63.451468 3 3
-305.874252 -112.602848 -56.656931 3 3
-281.954715 -88.221966 -70.266202 3 3
-401.471089 -178.985639 -135.295048 3 3
-154.851327 -111.219123 -47.009425 3 3
-272.164102 -171.309829 -63.353018 3 3
-378.682024 -129.535321 -70.437012 3 3
-243.705735 -95.767673 -57.323516 3 3
-189.040851 -117.711742 -51.522024 3 3
-280.027918 -165.837534 -100.686364 3 3
-277.668001 -116.911785 -98.010498 3 3
-310.496689 -131.890658 -84.882735 3 3
-280.910003 -159.763263 -73.135592 3 3
-142.044276 -139.148843 -74.961843 3 3
-335.950496 -112.499127 -87.564471 3 3
-114.031941 -55.653090 -61.739549 2 3
-309.479247 -115.678331 -93.741025 3 3
-239.209747 -167.748545 -67.728537 3 3
-283.411757 -178.498422 -67.952331 3 3
-372.403406 -122.682924 -68.171152 3 3
-190.511787 -88.320985 -53.059229 3 3
-297.379875 -282.610956 -116.351241 3 3
-248.011139 -89.735503 -59.066971 3 3
-501.494307 -159.985329 -105.251746 3 3
-282.940395 -79.510185 -79.739698 2 3
-326.653116 -228.987597 -96.884058 3 3
-168.106191 -121.859147 -49.265037 3 3
-306.422078 -176.567177 -71.912602 3 3
-132.568538 -121.558864 -42.525288 3 3
-314.319928 -118.158610 -72.788008 3 3
