-134.922579 -278.634396 -268.241756 1 1
-100.776635 -161.317370 -199.679190 1 1
-154.421254 -252.333649 -256.928358 1 1
-132.453941 -264.103016 -250.161464 1 1
-108.221838 -211.391443 -184.264660 1 1
-212.404554 -416.005758 -398.776534 1 1
-133.417176 -220.690819 -217.730756 1 1
-120.792603 -248.411047 -211.198797 1 1
-71.439296 -131.983589 -150.144082 1 1
-166.109831 -328.388897 -320.171663 1 1
-215.164365 -324.894301 -431.376065 1 1
-121.545247 -212.334831 -235.213923 1 1
-95.838569 -166.549843 -187.525283 1 1
-238.112320 -346.021861 -439.796469 1 1
-130.842336 -282.840306 -276.240091 1 1
-153.231790 -325.621032 -296.813325 1 1
-122.410083 -240.341890 -218.501284 1 1
-120.173117 -262.090806 -223.313151 1 1
-96.452645 -186.827916 -202.843051 1 1
-116.467272 -213.879564 -188.233411 1 1
-252.802315 -482.930666 -528.426252 1 1
-114.361937 -243.055983 -245.109832 1 1
-150.872539 -298.245691 -304.295143 1 1
-113.007768 -204.573825 -197.223413 1 1
-100.349233 -235.134196 -213.607463 1 1
-214.964430 -430.466276 -431.347769 1 1
-116.329767 -223.063855 -240.371117 1 1
-123.666144 -262.633822 -215.245618 1 1
-80.648469 -121.980383 -123.458361 1 1
-196.805299 -313.759534 -353.575423 1 1
-261.544712 -102.430224 -114.245800 2 2
-236.750364 -86.893953 -96.267625 2 2
-247.070017 -96.803190 -108.655199 2 2
-518.088903 -205.174096 -220.515028 2 2
-167.957486 -64.351991 -82.270568 2 2
-253.115502 -83.276052 -96.432144 2 2
-310.047102 -129.213398 -155.418843 2 2
-272.536397 -93.700713 -104.067623 2 2
-207.819288 -72.459060 -86.364790 2 2
-380.781941 -141.021612 -144.078644 2 2
-315.043628 -107.885846 -120.556043 2 2
-295.963108 -99.659395 -106.102240 2 2
-288.648578 -85.447544 -95.595982 2 2
-337.059288 -106.340821 -126.591160 2 2
-222.315611 -80.845408 -90.069813 2 2
-312.250699 -116.543917 -123.912489 2 2
-523.367267 -190.731882 -203.925243 2 2
-258.338619 -94.036742 -118.973352 2 2
-246.643695 -100.284893 -108.870773 2 2
-301.046775 -100.802497 -108.948739 2 2
-164.799503 -63.497550 -80.217521 2 2
-338.128042 -128.811529 -148.576633 2 2
-278.973275 -114.322345 -116.109432 2 2
-454.294971 -164.866545 -231.913591 2 2
-284.333165 -124.703749 -119.467067 3 2
-336.722235 -121.517303 -131.012416 2 2
-247.038602 -97.474050 -96.061208 3 2
-284.222056 -100.066397 -110.854184 2 2
-191.826216 -63.699066 -73.084075 2 2
-332.874081 -134.830846 -156.090448 2 2
-378.852452 -204.371138 -117.518235 3 3
-374.326935 -174.436484 -102.925504 3 3
-328.767199 -166.074809 -112.107734 3 3
-558.530387 -333.448580 -228.768609 3 3
-202.946390 -133.763614 -79.239963 3 3
-326.340363 -190.570108 -122.155859 3 3
-447.275010 -193.535276 -139.679087 3 3
-301.317062 -169.819516 -104.804415 3 3
-195.297534 -128.384907 -79.659315 3 3
-407.876470 -303.170678 -231.922060 3 3
-336.294882 -174.532642 -149.197613 3 3
-378.761140 -210.859512 -128.947736 3 3
-346.951071 -213.758249 -126.250437 3 3
-219.241055 -148.457426 -144.238470 3 3
-395.742734 -184.378740 -132.756589 3 3
-205.832020 -117.817310 -94.070449 3 3
-434.105576 -210.394108 -172.690973 3 3
-316.484022 -183.923974 -121.300134 3 3
-351.136590 -214.116806 -124.340646 3 3
-449.343003 -229.808670 -141.249371 3 3
-251.719825 -125.640853 -83.251133 3 3
-401.014134 -296.737103 -203.209478 3 3
-321.782644 -175.646499 -110.725269 3 3
-627.699897 -270.985603 -180.641982 3 3
-332.397965 -143.130342 -120.100209 3 3
-435.550031 -243.357188 -183.712151 3 3
-237.101354 -170.488522 -93.314498 3 3
-371.042662 -233.446833 -131.335527 3 3
-163.456682 -134.621723 -81.009839 3 3
-411.658746 -227.148233 -142.240581 3 3
