0.000000 0.718749 -1.193030 0.407653 -0.104789 0.032535 -0.403995 0.125433 0.718749 1.570796 0.718749 1.570796 0.512135 -0.301045
0.000000 0.750001 -1.193030 0.509222 -0.104789 0.040641 -0.403995 0.156685 0.750001 1.570796 0.031252 0.000000 0.531914 -0.369980
0.000000 0.781249 -1.193030 0.610775 -0.104789 0.048746 -0.403995 0.187933 0.781249 1.570796 0.749996 1.570796 0.552750 -0.435411
0.017543 0.812501 -1.141226 0.712343 -0.100238 0.056852 -0.386453 0.219185 0.812690 1.549209 0.062694 -0.021587 0.562337 -0.515931
0.035088 0.875001 -1.089413 0.915465 -0.095688 0.073064 -0.368908 0.281685 0.875704 1.530718 0.813010 1.552305 0.598280 -0.652126
0.052630 0.906248 -1.037609 1.017018 -0.091137 0.081169 -0.351365 0.312932 0.907775 1.512787 0.094765 -0.039518 0.612956 -0.727608
0.070175 0.968748 -0.985797 1.220139 -0.086586 0.097380 -0.333820 0.375432 0.971286 1.498483 0.876521 1.538002 0.656034 -0.844001
0.105263 1.000000 -0.882180 1.321708 -0.077485 0.105486 -0.298732 0.406684 1.005525 1.465920 0.129004 -0.072082 0.666680 -0.937253
0.140351 1.000000 -0.778563 1.321708 -0.068384 0.105486 -0.263645 0.406684 1.009801 1.431356 0.880797 1.503439 0.651713 -0.995632
0.157893 1.000000 -0.726759 1.321708 -0.063834 0.105486 -0.246102 0.406684 1.012388 1.414196 0.131591 -0.089243 0.644816 -1.026604
0.175438 0.968748 -0.674947 1.220139 -0.059283 0.097380 -0.228557 0.375432 0.984505 1.391640 0.852914 1.480883 0.609248 -1.023943
0.175438 0.937500 -0.674947 1.118586 -0.059283 0.089275 -0.228557 0.344185 0.953774 1.385802 0.100860 -0.095081 0.580401 -0.984605
0.192981 0.875001 -0.623142 0.915465 -0.054733 0.073064 -0.211014 0.281685 0.896029 1.353722 0.795169 1.448803 0.516113 -0.927862
0.192981 0.812501 -0.623142 0.712343 -0.054733 0.056852 -0.211014 0.219185 0.835104 1.337603 0.039935 -0.111200 0.459787 -0.804389
0.192981 0.750001 -0.623142 0.509222 -0.054733 0.040641 -0.211014 0.156685 0.774431 1.318952 0.734496 1.430152 0.405274 -0.638706
0.175438 0.718749 -0.674947 0.407653 -0.059283 0.032535 -0.228557 0.125433 0.739850 1.331389 0.005355 -0.098763 0.388983 -0.501925
0.175438 0.687501 -0.674947 0.306100 -0.059283 0.024430 -0.228557 0.094186 0.709533 1.320946 0.704178 1.419709 0.364162 -0.390884
0.140351 0.593750 -0.778563 0.001410 -0.068384 0.000113 -0.263645 0.000434 0.610112 1.338677 -0.094066 -0.081032 0.324831 -0.001645
0.122806 0.499998 -0.830376 -0.303280 -0.072935 -0.024205 -0.281190 -0.093318 0.514858 1.329952 0.608924 1.410984 0.297126 0.320432
0.105263 0.406250 -0.882180 -0.607955 -0.077485 -0.048521 -0.298732 -0.187065 0.419666 1.317263 -0.189258 -0.093721 0.298741 0.559460
0.087718 0.312499 -0.933992 -0.912645 -0.082036 -0.072839 -0.316277 -0.280817 0.324576 1.297140 0.513834 1.390861 0.329246 0.726080
0.087718 0.249999 -0.933992 -1.115767 -0.082036 -0.089050 -0.316277 -0.343317 0.264941 1.233344 -0.248893 -0.157517 0.351776 0.826369
0.087718 0.156252 -0.933992 -1.420441 -0.082036 -0.113366 -0.316277 -0.437064 0.179190 1.059252 0.428083 1.216768 0.401757 0.944380
0.105263 0.093752 -0.882180 -1.623563 -0.077485 -0.129577 -0.298732 -0.499564 0.140960 0.727622 -0.287123 -0.489146 0.430688 1.031859
0.122806 0.031252 -0.830376 -1.826685 -0.072935 -0.145788 -0.281190 -0.562064 0.126720 0.249196 0.413842 0.738342 0.466910 1.106924
0.140351 0.000000 -0.778563 -1.928253 -0.068384 -0.153895 -0.263645 -0.593316 0.140351 0.000000 -0.273492 -0.738342 0.482411 1.152644
0.192981 0.000000 -0.623142 -1.928253 -0.054733 -0.153895 -0.211014 -0.593316 0.192981 0.000000 0.466473 0.738342 0.455784 1.229095
0.245614 0.031252 -0.467713 -1.826685 -0.041081 -0.145788 -0.158382 -0.562064 0.247594 0.126561 -0.218879 -0.611781 0.404996 1.296132
0.263156 0.093752 -0.415909 -1.623563 -0.036531 -0.129577 -0.140839 -0.499564 0.279358 0.342240 0.498236 0.954021 0.340715 1.296004
0.280701 0.124999 -0.364097 -1.522010 -0.031980 -0.121472 -0.123294 -0.468316 0.307275 0.418948 -0.190961 -0.535073 0.305025 1.313367
0.298244 0.187499 -0.312292 -1.318888 -0.027430 -0.105261 -0.105751 -0.405817 0.352286 0.561239 0.543247 1.096313 0.240944 1.315877
0.298244 0.249999 -0.312292 -1.115767 -0.027430 -0.089050 -0.105751 -0.343317 0.389164 0.697625 -0.154082 -0.398688 0.186811 1.271990
0.298244 0.281251 -0.312292 -1.014198 -0.027430 -0.080944 -0.105751 -0.312065 0.409941 0.756083 0.564023 1.154771 0.162017 1.244065
0.298244 0.312499 -0.312292 -0.912645 -0.027430 -0.072839 -0.105751 -0.280817 0.431978 0.808734 -0.132046 -0.346037 0.139839 1.210637
0.298244 0.281251 -0.312292 -1.014198 -0.027430 -0.080944 -0.105751 -0.312065 0.409941 0.756083 0.541986 1.102120 0.162017 1.244065
0.315789 0.218751 -0.260480 -1.217320 -0.022879 -0.097155 -0.088206 -0.374564 0.384155 0.605819 -0.157832 -0.496301 0.205172 1.339520
0.315789 0.156252 -0.260480 -1.420441 -0.022879 -0.113366 -0.088206 -0.437064 0.352331 0.459477 0.510163 0.955778 0.262978 1.371656
0.333332 0.124999 -0.208676 -1.522010 -0.018329 -0.121472 -0.070664 -0.468316 0.355998 0.358771 -0.154165 -0.597007 0.287806 1.421037
0.350877 0.062500 -0.156863 -1.725131 -0.013778 -0.137683 -0.053119 -0.530816 0.356400 0.176276 0.510564 0.773283 0.345602 1.471059
0.403507 0.062500 -0.001442 -1.725131 -0.000127 -0.137683 -0.000488 -0.530816 0.408319 0.153670 -0.102246 -0.619613 0.341496 1.569876
0.421052 0.062500 0.050370 -1.725131 0.004424 -0.137683 0.017057 -0.530816 0.425665 0.147361 0.527911 0.766974 0.341921 -1.538674
0.473682 0.124999 0.205791 -1.522010 0.018075 -0.121472 0.069687 -0.468316 0.489898 0.258007 -0.038013 -0.508967 0.287567 -1.423077
0.508773 0.218751 0.309416 -1.217320 0.027177 -0.097155 0.104777 -0.374564 0.553807 0.406063 0.591820 0.915030 0.212823 -1.298037
0.526315 0.312499 0.361220 -0.912645 0.031727 -0.072839 0.122320 -0.280817 0.612097 0.535810 0.020277 -0.379220 0.152754 -1.159994
0.526315 0.406250 0.361220 -0.607955 0.031727 -0.048521 0.122320 -0.187065 0.664866 0.657356 0.644589 1.036576 0.122341 -0.991693
0.526315 0.531250 0.361220 -0.201712 0.031727 -0.016099 0.122320 -0.062066 0.747819 0.790064 0.103230 -0.246512 0.176510 -0.469555
0.526315 0.593750 0.361220 0.001410 0.031727 0.000113 0.122320 0.000434 0.793439 0.845531 0.690209 1.092043 0.225763 0.003546
0.491227 0.718749 0.257603 0.407653 0.022626 0.032535 0.087232 0.125433 0.870577 0.971266 0.180368 -0.120778 0.326618 0.963133
0.473682 0.750001 0.205791 0.509222 0.018075 0.040641 0.069687 0.156685 0.887061 1.007483 0.706693 1.128260 0.352954 1.152311
0.456140 0.812501 0.153987 0.712343 0.013525 0.056852 0.052144 0.219185 0.931784 1.059241 0.225091 -0.069019 0.411820 1.337236
0.438595 0.843748 0.102175 0.813896 0.008974 0.064957 0.034599 0.250433 0.950935 1.091421 0.725843 1.160440 0.441112 1.433507
0.438595 0.875001 0.102175 0.915465 0.008974 0.073064 0.034599 0.281685 0.978770 1.106149 0.252927 -0.054291 0.472274 1.448579
0.421052 0.906248 0.050370 1.017018 0.004424 0.081169 0.017057 0.312932 0.999285 1.135859 0.746358 1.190151 0.502542 1.516344
0.438595 0.906248 0.102175 1.017018 0.008974 0.081169 0.034599 0.312932 1.006802 1.120057 0.260444 -0.070094 0.503443 1.460679
0.473682 0.906248 0.205791 1.017018 0.018075 0.081169 0.069687 0.312932 1.022575 1.089166 0.762131 1.159260 0.507064 1.351681
0.543860 0.906248 0.413032 1.017018 0.036278 0.081169 0.139865 0.312932 1.056915 1.030286 0.294784 -0.128973 0.521364 1.150482
0.614036 0.906248 0.620266 1.017018 0.054480 0.081169 0.210040 0.312932 1.094680 0.975291 0.799896 1.104265 0.544403 0.979661
0.701753 0.937500 0.879304 1.118586 0.077233 0.089275 0.297758 0.344185 1.171053 0.928232 0.371156 -0.176032 0.610973 0.857594
0.771929 0.937500 1.086537 1.118586 0.095435 0.089275 0.367934 0.344185 1.214406 0.881955 0.843249 1.057987 0.648076 0.752061
0.842104 0.937500 1.293770 1.118586 0.113637 0.089275 0.438109 0.344185 1.260177 0.838952 0.416928 -0.219035 0.690338 0.665907
0.894737 0.937500 1.449199 1.118586 0.127289 0.089275 0.490742 0.344185 1.295940 0.808733 0.879012 1.027768 0.724883 0.611635
0.947367 0.937500 1.604620 1.118586 0.140940 0.089275 0.543372 0.344185 1.332821 0.780163 0.453808 -0.247605 0.761499 0.564634
0.982455 0.906248 1.708237 1.017018 0.150041 0.081169 0.578460 0.312932 1.336601 0.745071 0.882793 0.992676 0.766077 0.495888
1.000000 0.843748 1.760049 0.813896 0.154592 0.064957 0.596005 0.250433 1.308400 0.700853 0.425607 -0.291823 0.740678 0.397786
1.000000 0.812501 1.760049 0.712343 0.154592 0.056852 0.596005 0.219185 1.288471 0.682317 0.862864 0.974140 0.722564 0.352406
0.964912 0.718749 1.656433 0.407653 0.145491 0.032535 0.560917 0.125433 1.203186 0.640220 0.340322 -0.333920 0.643193 0.220002
0.947367 0.718749 1.604620 0.407653 0.140940 0.032535 0.543372 0.125433 1.189161 0.649034 0.848839 0.982954 0.627951 0.226868
0.929825 0.750001 1.552816 0.509222 0.136390 0.040641 0.525829 0.156685 1.194603 0.678755 0.345763 -0.304198 0.629457 0.289600
0.929825 0.781249 1.552816 0.610775 0.136390 0.048746 0.525829 0.187933 1.214464 0.698783 0.868701 1.002982 0.647160 0.343254
0.929825 0.843748 1.552816 0.813896 0.136390 0.064957 0.525829 0.250433 1.255582 0.736904 0.386881 -0.266078 0.685477 0.444478
0.947367 0.875001 1.604620 0.915465 0.140940 0.073064 0.543372 0.281685 1.289624 0.745709 0.902743 1.011787 0.719096 0.478260
0.947367 0.906248 1.604620 1.017018 0.140940 0.081169 0.543372 0.312932 1.311026 0.763219 0.408283 -0.248568 0.739940 0.522517
