0.150001 0.500000 -0.955821 -0.024770 -0.089327 -0.002245 -0.310833 -0.007812 0.522016 1.279338 0.522016 1.279338 0.313291 0.025128
0.100000 0.500000 -1.109576 -0.024770 -0.103697 -0.002245 -0.360834 -0.007812 0.509902 1.373401 -0.012114 0.094063 0.362953 0.021647
0.066666 0.562500 -1.212077 0.173397 -0.113276 0.015716 -0.394167 0.054688 0.566437 1.452828 0.578550 1.358765 0.407067 -0.137862
0.033333 0.593748 -1.314577 0.272473 -0.122855 0.024696 -0.427500 0.085935 0.594683 1.514715 0.016132 0.155950 0.447686 -0.198374
0.016668 0.656248 -1.365824 0.470640 -0.127645 0.042657 -0.444166 0.148435 0.656459 1.545403 0.640327 1.389453 0.485252 -0.322520
0.000000 0.718752 -1.417078 0.668822 -0.132435 0.060620 -0.460834 0.210940 0.718752 1.570796 0.078425 0.181343 0.528100 -0.429268
0.000000 0.781252 -1.417078 0.866989 -0.132435 0.078581 -0.460834 0.273440 0.781252 1.570796 0.702827 1.389453 0.561281 -0.535522
0.033333 0.843752 -1.314577 1.065156 -0.122855 0.096543 -0.427500 0.335940 0.844411 1.531311 0.141583 0.141858 0.573919 -0.666037
0.116668 0.906252 -1.058322 1.263323 -0.098907 0.114504 -0.344166 0.398440 0.913731 1.442764 0.772148 1.300907 0.562893 -0.858354
0.133333 0.843752 -1.007075 1.065156 -0.094117 0.096543 -0.327501 0.335940 0.854222 1.414068 0.082074 0.113162 0.503868 -0.798118
0.133333 0.718752 -1.007075 0.668822 -0.094117 0.060620 -0.327501 0.210940 0.731015 1.387375 0.648940 1.274213 0.416868 -0.572210
0.116668 0.468748 -1.058322 -0.123861 -0.098907 -0.011226 -0.344166 -0.039065 0.483048 1.326861 -0.165892 0.052647 0.344257 0.113022
0.116668 0.343748 -1.058322 -0.520195 -0.098907 -0.047149 -0.344166 -0.164065 0.363007 1.243597 0.528899 1.190949 0.363537 0.444836
0.116668 0.250000 -1.058322 -0.817439 -0.098907 -0.074090 -0.344166 -0.257812 0.275883 1.134166 -0.253016 -0.056783 0.403610 0.642920
0.116668 0.156248 -1.058322 -1.114697 -0.098907 -0.101033 -0.344166 -0.351565 0.194999 0.929421 0.448015 0.986204 0.459590 0.796032
0.150001 0.093748 -0.955821 -1.312864 -0.089327 -0.118994 -0.310833 -0.414065 0.176887 0.558585 -0.271128 -0.427619 0.481009 0.926856
0.166666 0.031248 -0.904574 -1.511031 -0.084538 -0.136956 -0.294167 -0.476565 0.169570 0.185335 0.440698 0.612953 0.520652 1.017777
0.216667 0.000000 -0.750819 -1.610107 -0.070169 -0.145935 -0.244166 -0.507812 0.216667 0.000000 -0.224031 -0.612953 0.521522 1.122610
0.250001 0.000000 -0.648318 -1.610107 -0.060589 -0.145935 -0.210833 -0.507812 0.250001 0.000000 0.474032 0.612953 0.506772 1.177273
0.299999 0.062500 -0.494571 -1.411940 -0.046221 -0.127974 -0.160834 -0.445312 0.306441 0.205396 -0.167591 -0.407558 0.429578 1.224203
0.316667 0.093748 -0.443317 -1.312864 -0.041431 -0.118994 -0.144167 -0.414065 0.330252 0.287824 0.497844 0.695382 0.394381 1.235749
0.333332 0.156248 -0.392070 -1.114697 -0.036641 -0.101033 -0.127501 -0.351565 0.368136 0.438332 -0.129708 -0.257050 0.330196 1.222881
0.333332 0.218748 -0.392070 -0.916530 -0.036641 -0.083072 -0.127501 -0.289065 0.398699 0.580753 0.528407 0.837803 0.273610 1.155383
0.350000 0.281248 -0.340816 -0.718363 -0.031851 -0.065110 -0.110833 -0.226565 0.448999 0.676910 -0.079408 -0.160892 0.211034 1.115833
0.350000 0.312500 -0.340816 -0.619272 -0.031851 -0.056129 -0.110833 -0.195312 0.469208 0.728854 0.548616 0.889747 0.185167 1.054642
0.350000 0.281248 -0.340816 -0.718363 -0.031851 -0.065110 -0.110833 -0.226565 0.448999 0.676910 -0.099617 -0.212836 0.211034 1.115833
0.350000 0.250000 -0.340816 -0.817439 -0.031851 -0.074090 -0.110833 -0.257812 0.430117 0.620249 0.529733 0.833085 0.238191 1.164783
0.366666 0.187500 -0.289569 -1.015606 -0.027062 -0.092052 -0.094168 -0.320312 0.411825 0.472698 -0.117908 -0.360387 0.289100 1.284864
0.416667 0.093748 -0.135814 -1.312864 -0.012693 -0.118994 -0.044167 -0.414065 0.427083 0.221309 0.544991 0.581696 0.369734 1.464532
0.466668 0.062500 0.017941 -1.411940 0.001677 -0.127974 0.005834 -0.445312 0.470835 0.133136 -0.074156 -0.448560 0.398376 -1.557695
0.516667 0.031248 0.171688 -1.511031 0.016045 -0.136956 0.055833 -0.476565 0.517611 0.060406 0.591767 0.508966 0.433199 -1.454171
0.600001 0.093748 0.427944 -1.312864 0.039994 -0.118994 0.139167 -0.414065 0.607281 0.154993 0.015514 -0.353973 0.392581 -1.246557
0.633334 0.156248 0.530445 -1.114697 0.049573 -0.101033 0.172501 -0.351565 0.652323 0.241876 0.636810 0.595850 0.350042 -1.114644
0.633334 0.250000 0.530445 -0.817439 0.049573 -0.074090 0.172501 -0.257812 0.680891 0.375960 0.044081 -0.219889 0.272410 -0.981115
0.633334 0.375000 0.530445 -0.421104 0.049573 -0.038168 0.172501 -0.132812 0.736028 0.534594 0.691947 0.754483 0.192676 -0.656131
0.600001 0.500000 0.427944 -0.024770 0.039994 -0.002245 0.139167 -0.007812 0.781026 0.694737 0.089079 -0.059745 0.144574 -0.056077
0.516667 0.718752 0.171688 0.668822 0.016045 0.060620 0.055833 0.210940 0.885183 0.947539 0.796104 1.007284 0.263893 1.312044
0.466668 0.781252 0.017941 0.866989 0.001677 0.078581 0.005834 0.273440 0.910019 1.032340 0.113914 0.025056 0.320472 1.549463
0.433335 0.843752 -0.084560 1.065156 -0.007903 0.096543 -0.027499 0.335940 0.948524 1.096343 0.834609 1.071288 0.383905 -1.489122
0.399999 0.937500 -0.187069 1.362399 -0.017483 0.123484 -0.060835 0.429688 1.019267 1.167516 0.184658 0.096228 0.480533 -1.430152
0.399999 0.968752 -0.187069 1.461490 -0.017483 0.132465 -0.060835 0.460940 1.048084 1.179218 0.863426 1.082990 0.511549 -1.439575
0.433335 0.968752 -0.084560 1.461490 -0.007903 0.132465 -0.027499 0.460940 1.061254 1.150180 0.197828 0.067190 0.508663 -1.511209
0.550000 1.000000 0.274189 1.560566 0.025625 0.141445 0.089166 0.492188 1.141271 1.067953 0.943443 1.000763 0.546490 1.391577
0.600001 1.000000 0.427944 1.560566 0.039994 0.141445 0.139167 0.492188 1.166191 1.030376 0.222748 0.029613 0.556837 1.295237
0.666668 1.000000 0.632945 1.560566 0.059153 0.141445 0.205834 0.492188 1.201851 0.982793 0.979103 0.953180 0.577120 1.174698
0.783333 1.000000 0.991694 1.560566 0.092680 0.141445 0.322499 0.492188 1.270279 0.906301 0.291176 -0.046879 0.628256 0.990749
0.833334 1.000000 1.145449 1.560566 0.107049 0.141445 0.372500 0.492188 1.301709 0.876058 1.010532 0.922937 0.655329 0.922941
0.883332 0.968752 1.299197 1.461490 0.121418 0.132465 0.422499 0.460940 1.311014 0.831486 0.300481 -0.091450 0.660671 0.828884
0.950001 0.875000 1.504206 1.164232 0.140577 0.105523 0.489168 0.367188 1.291560 0.744325 0.991079 0.835775 0.640951 0.643909
0.983335 0.781252 1.606707 0.866989 0.150157 0.078581 0.522501 0.273440 1.255907 0.671374 0.264828 -0.164401 0.612924 0.482136
1.000000 0.625000 1.657953 0.371564 0.154946 0.033677 0.539166 0.117188 1.179248 0.558599 0.914419 0.723000 0.563605 0.214021
1.000000 0.531248 1.657953 0.074306 0.154946 0.006735 0.539166 0.023435 1.132353 0.488332 0.217934 -0.234668 0.543745 0.043439
0.950001 0.406248 1.504206 -0.322028 0.140577 -0.029188 0.489168 -0.101565 1.033218 0.404095 0.815284 0.638763 0.492204 -0.204719
0.900000 0.375000 1.350451 -0.421104 0.126208 -0.038168 0.439167 -0.132812 0.975000 0.394791 0.159716 -0.243972 0.447476 -0.293675
0.866667 0.375000 1.247950 -0.421104 0.116629 -0.038168 0.405833 -0.132812 0.944318 0.408368 0.784602 0.652340 0.414811 -0.316273
0.833334 0.375000 1.145449 -0.421104 0.107049 -0.038168 0.372500 -0.132812 0.913822 0.422854 0.129220 -0.229486 0.382261 -0.342492
0.833334 0.500000 1.145449 -0.024770 0.107049 -0.002245 0.372500 -0.007812 0.971826 0.540419 0.842606 0.769906 0.374553 -0.020970
0.849999 0.593748 1.196696 0.272473 0.111839 0.024696 0.389165 0.085935 1.036839 0.609737 0.194233 -0.160169 0.411237 0.217332
0.950001 0.718752 1.504206 0.668822 0.140577 0.060620 0.489168 0.210940 1.191263 0.647699 0.997030 0.807868 0.552998 0.407129
0.983335 0.750000 1.606707 0.767898 0.150157 0.069600 0.522501 0.242188 1.236708 0.651587 0.239678 -0.156281 0.597180 0.434037
