0.097561 0.624997 -0.959214 0.308198 -0.117925 0.033639 -0.338255 0.096489 0.632566 1.415948 0.632566 1.415948 0.387564 -0.277876
0.048780 0.624997 -1.097545 0.308198 -0.134931 0.033639 -0.387035 0.096489 0.626898 1.492905 -0.005668 0.076957 0.430797 -0.244323
0.024392 0.833333 -1.166705 0.973647 -0.143433 0.106271 -0.411424 0.304826 0.833690 1.541534 0.839358 1.464577 0.572092 -0.637655
0.073172 0.958330 -1.028374 1.372901 -0.126427 0.149848 -0.362643 0.429823 0.961120 1.494590 0.121761 0.030013 0.636028 -0.869969
0.146341 0.958330 -0.820884 1.372901 -0.100919 0.149848 -0.289474 0.429823 0.969439 1.419263 0.847678 1.389249 0.597342 -0.978096
0.170733 0.750000 -0.751714 0.707471 -0.092415 0.077218 -0.265082 0.221493 0.769188 1.346966 -0.078490 -0.042283 0.411072 -0.696052
0.121953 0.583333 -0.890044 0.175120 -0.109421 0.019114 -0.313863 0.054826 0.595945 1.364703 0.674435 1.406986 0.346802 -0.172936
0.048780 0.416667 -1.097545 -0.357232 -0.134931 -0.038991 -0.387035 -0.111841 0.419512 1.454254 -0.254923 0.047268 0.387509 0.281305
0.000000 0.250000 -1.235875 -0.889583 -0.151937 -0.097095 -0.435816 -0.278507 0.250000 1.570796 0.504923 1.523528 0.473775 0.568638
0.000000 0.083333 -1.235875 -1.421935 -0.151937 -0.155200 -0.435816 -0.445174 0.083333 1.570796 -0.421589 0.047268 0.560517 0.796021
0.097561 0.000000 -0.959214 -1.688111 -0.117925 -0.184252 -0.338255 -0.528507 0.097561 0.000000 0.519150 -0.047268 0.551681 1.001470
0.243902 0.041664 -0.544224 -1.555033 -0.066906 -0.169727 -0.191914 -0.486844 0.247435 0.169188 -0.271715 0.216456 0.438391 1.195300
0.292682 0.166667 -0.405893 -1.155759 -0.049900 -0.126148 -0.143133 -0.361841 0.336810 0.517650 0.608525 0.301194 0.304841 1.194115
0.292682 0.291664 -0.405893 -0.756505 -0.049900 -0.082570 -0.143133 -0.236844 0.413196 0.783655 -0.195329 0.482461 0.203143 1.027195
0.292682 0.333333 -0.405893 -0.623408 -0.049900 -0.068043 -0.143133 -0.195174 0.443592 0.850243 0.638921 0.367783 0.176039 0.938029
0.292682 0.291664 -0.405893 -0.756505 -0.049900 -0.082570 -0.143133 -0.236844 0.413196 0.783655 -0.225726 0.415872 0.203143 1.027195
0.292682 0.208330 -0.405893 -1.022681 -0.049900 -0.111622 -0.143133 -0.320177 0.359255 0.618599 0.584981 0.202727 0.268769 1.150404
0.341463 0.083333 -0.267563 -1.421935 -0.032894 -0.155200 -0.094353 -0.445174 0.351484 0.239369 -0.233497 0.036642 0.364892 1.361941
0.414635 0.041664 -0.060063 -1.555033 -0.007384 -0.169727 -0.021180 -0.486844 0.416723 0.100146 0.650220 0.063504 0.394721 1.527318
0.512196 0.000000 0.216598 -1.688111 0.026628 -0.184252 0.076380 -0.528507 0.512196 0.000000 -0.138024 -0.063504 0.442458 -1.427269
0.585368 0.041664 0.424098 -1.555033 0.052138 -0.169727 0.149553 -0.486844 0.586849 0.071055 0.724873 0.134559 0.421571 -1.272758
0.609757 0.291664 0.493258 -0.756505 0.060641 -0.082570 0.173941 -0.236844 0.675922 0.446160 -0.048951 0.311601 0.225910 -0.937346
0.585368 0.583333 0.424098 0.175120 0.052138 0.019114 0.149553 0.054826 0.826398 0.783657 0.875349 0.472056 0.210066 0.351385
0.536584 0.791664 0.285758 0.840549 0.035131 0.091743 0.100769 0.263156 0.956375 0.975130 0.081026 0.503074 0.369841 1.205097
0.463416 0.916667 0.078268 1.239823 0.009622 0.135323 0.027600 0.388159 1.027147 1.102723 0.946121 0.599649 0.481643 1.499811
0.414635 1.000000 -0.060063 1.505999 -0.007384 0.164375 -0.021180 0.471493 1.082554 1.177737 0.136432 0.578088 0.564582 -1.525905
0.439024 1.000000 0.009097 1.505999 0.001118 0.164375 0.003208 0.471493 1.092127 1.157108 0.955695 0.579020 0.564194 1.563992
0.487804 1.000000 0.147427 1.505999 0.018125 0.164375 0.051988 0.471493 1.112633 1.116953 0.156938 0.537933 0.566575 1.460976
0.658537 1.000000 0.631589 1.505999 0.077647 0.164375 0.222722 0.471493 1.197360 0.988443 1.040422 0.450509 0.606555 1.129491
0.804878 1.000000 1.046579 1.505999 0.128665 0.164375 0.369063 0.471493 1.283678 0.893088 0.243256 0.442578 0.674175 0.906660
0.902439 0.958330 1.323240 1.372901 0.162678 0.149848 0.466624 0.429823 1.316356 0.815426 1.073100 0.372847 0.700542 0.744369
0.975612 0.833333 1.530740 0.973647 0.188188 0.106271 0.539796 0.304826 1.283068 0.706907 0.209968 0.334060 0.670373 0.514063
1.000000 0.500000 1.599900 -0.091056 0.196690 -0.009938 0.564184 -0.028507 1.118034 0.463648 0.908066 0.129588 0.567824 -0.050486
0.951220 0.333333 1.461570 -0.623408 0.179684 -0.068043 0.515404 -0.195174 1.007933 0.337055 0.099867 0.207468 0.525494 -0.361995
0.878051 0.291664 1.254080 -0.756505 0.154175 -0.082570 0.442235 -0.236844 0.925225 0.320705 0.825357 0.113237 0.465136 -0.491690
0.804878 0.416667 1.046579 -0.357232 0.128665 -0.038991 0.369063 -0.111841 0.906333 0.477689 0.080976 0.364452 0.369559 -0.294243
0.804878 0.708330 1.046579 0.574374 0.128665 0.062691 0.369063 0.179823 1.072176 0.721681 0.991200 0.357229 0.458772 0.453389
0.853659 0.874997 1.184909 1.106725 0.145672 0.120796 0.417843 0.346489 1.222437 0.797741 0.231238 0.440512 0.606196 0.692314
