0.151899 0.714286 -0.515325 0.403190 -0.038347 0.026934 -0.167816 0.117869 0.730258 1.361260 0.730258 1.361260 0.428776 -0.612316
0.164556 0.738097 -0.476457 0.484641 -0.035455 0.032375 -0.155158 0.141680 0.756218 1.351438 0.025960 -0.009822 0.446227 -0.740024
0.164556 0.714286 -0.476457 0.403190 -0.035455 0.026934 -0.155158 0.117869 0.732996 1.344369 0.707036 1.354191 0.423982 -0.649660
0.139239 0.666667 -0.554199 0.240301 -0.041240 0.016053 -0.180475 0.070250 0.681052 1.364897 -0.025984 0.010706 0.391085 -0.371205
0.126582 0.666667 -0.593066 0.240301 -0.044132 0.016053 -0.193132 0.070250 0.678578 1.383157 0.704561 1.372451 0.397084 -0.348862
0.113923 0.642859 -0.631940 0.158863 -0.047025 0.010612 -0.205791 0.046442 0.652875 1.395404 -0.051686 0.022954 0.383109 -0.221957
0.088607 0.619048 -0.709681 0.077412 -0.052810 0.005171 -0.231108 0.022631 0.625357 1.428628 0.677043 1.405675 0.378168 -0.097612
0.063290 0.619048 -0.787422 0.077412 -0.058595 0.005171 -0.256424 0.022631 0.622275 1.468912 -0.054768 0.063238 0.394149 -0.088027
0.050633 0.619048 -0.826290 0.077412 -0.061487 0.005171 -0.269081 0.022631 0.621115 1.489186 0.675883 1.425949 0.402499 -0.083906
0.025316 0.619048 -0.904031 0.077412 -0.067273 0.005171 -0.294398 0.022631 0.619565 1.529923 -0.056318 0.103975 0.419846 -0.076720
0.012657 0.642859 -0.942905 0.158863 -0.070165 0.010612 -0.307057 0.046442 0.642984 1.551110 0.699302 1.447135 0.445765 -0.150111
0.000000 0.714286 -0.981773 0.403190 -0.073058 0.026934 -0.319714 0.117869 0.714286 1.570796 0.014984 0.123661 0.507842 -0.353209
0.000000 0.738097 -0.981773 0.484641 -0.073058 0.032375 -0.319714 0.141680 0.738097 1.570796 0.723113 1.447135 0.526556 -0.417140
0.000000 0.785716 -0.981773 0.647530 -0.073058 0.043257 -0.319714 0.189299 0.785716 1.570796 0.062603 0.123661 0.565133 -0.534582
0.000000 0.809524 -0.981773 0.728968 -0.073058 0.048697 -0.319714 0.213107 0.809524 1.570796 0.746921 1.447135 0.584919 -0.587925
0.000000 0.833335 -0.981773 0.810419 -0.073058 0.054138 -0.319714 0.236918 0.833335 1.570796 0.086414 0.123661 0.604999 -0.637736
0.025316 0.904762 -0.904031 1.054746 -0.067273 0.070460 -0.294398 0.308345 0.905116 1.542822 0.818702 1.419161 0.654943 -0.808534
0.037974 0.928573 -0.865164 1.136197 -0.064380 0.075901 -0.281740 0.332156 0.929349 1.529924 0.110648 0.110763 0.670885 -0.867339
0.050633 0.928573 -0.826290 1.136197 -0.061487 0.075901 -0.269081 0.332156 0.929953 1.516323 0.819305 1.405559 0.665668 -0.889925
0.063290 0.952381 -0.787422 1.217635 -0.058595 0.081341 -0.256424 0.355964 0.954482 1.504439 0.135177 0.098880 0.682657 -0.946533
0.075949 0.976192 -0.748549 1.299085 -0.055702 0.086782 -0.243765 0.379775 0.979142 1.493151 0.843966 1.394271 0.700275 -1.000161
0.113923 1.000000 -0.631940 1.380524 -0.047025 0.092222 -0.205791 0.403583 1.006468 1.457362 0.162503 0.063091 0.710731 -1.099252
0.139239 1.000000 -0.554199 1.380524 -0.041240 0.092222 -0.180475 0.403583 1.009647 1.432446 0.847145 1.369355 0.703818 -1.150289
0.139239 0.976192 -0.554199 1.299085 -0.041240 0.086782 -0.180475 0.379775 0.986072 1.429117 0.138928 0.059761 0.680834 -1.127173
0.151899 0.952381 -0.515325 1.217635 -0.038347 0.081341 -0.167816 0.355964 0.964418 1.412635 0.825490 1.352873 0.654545 -1.130257
0.151899 0.928573 -0.515325 1.136197 -0.038347 0.075901 -0.167816 0.332156 0.940915 1.408650 0.115425 0.055776 0.631563 -1.102973
0.151899 0.904762 -0.515325 1.054746 -0.038347 0.070460 -0.167816 0.308345 0.917424 1.404460 0.801999 1.348683 0.608640 -1.072382
0.151899 0.809524 -0.515325 0.728968 -0.038347 0.048697 -0.167816 0.213107 0.823652 1.385314 0.021652 0.036630 0.517760 -0.903742
0.151899 0.761905 -0.515325 0.566079 -0.038347 0.037815 -0.167816 0.165488 0.776899 1.374010 0.755247 1.337379 0.472964 -0.778415
0.151899 0.714286 -0.515325 0.403190 -0.038347 0.026934 -0.167816 0.117869 0.730258 1.361260 -0.024988 0.023880 0.428776 -0.612316
0.151899 0.666667 -0.515325 0.240301 -0.038347 0.016053 -0.167816 0.070250 0.683753 1.346773 0.708741 1.322893 0.385406 -0.396448
0.139239 0.571429 -0.554199 -0.085477 -0.041240 -0.005710 -0.180475 -0.024988 0.588148 1.331785 -0.120593 0.008893 0.309728 0.137584
0.126582 0.523810 -0.593066 -0.248366 -0.044132 -0.016591 -0.193132 -0.072607 0.538887 1.333685 0.659480 1.324793 0.280989 0.359601
0.126582 0.476190 -0.593066 -0.411255 -0.044132 -0.027473 -0.193132 -0.120226 0.492728 1.310982 -0.166753 -0.013811 0.248565 0.556806
0.088607 0.380952 -0.709681 -0.737033 -0.052810 -0.049236 -0.231108 -0.215465 0.391121 1.342267 0.557874 1.356078 0.239083 0.750383
0.075949 0.333333 -0.748549 -0.899922 -0.055702 -0.060117 -0.243765 -0.263084 0.341876 1.346773 -0.215998 -0.009305 0.244145 0.823495
0.075949 0.309522 -0.748549 -0.981372 -0.055702 -0.065558 -0.243765 -0.286895 0.318704 1.330174 0.534701 1.339479 0.243978 0.866496
0.050633 0.238095 -0.826290 -1.225700 -0.061487 -0.081880 -0.269081 -0.358322 0.243419 1.361260 -0.291282 0.021780 0.281187 0.926688
0.050633 0.190476 -0.826290 -1.388589 -0.061487 -0.092761 -0.269081 -0.405941 0.197091 1.310982 0.488373 1.289202 0.298508 0.985435
0.037974 0.166665 -0.865164 -1.470039 -0.064380 -0.098202 -0.281740 -0.429752 0.170936 1.346776 -0.317437 0.057574 0.320627 0.990503
0.037974 0.119046 -0.865164 -1.632928 -0.064380 -0.109084 -0.281740 -0.477371 0.124956 1.262015 0.442392 1.204441 0.345898 1.037620
0.037974 0.071427 -0.865164 -1.795817 -0.064380 -0.119965 -0.281740 -0.524990 0.080894 1.082154 -0.361499 -0.122287 0.375532 1.078254
0.037974 0.047619 -0.865164 -1.877256 -0.064380 -0.125405 -0.281740 -0.548798 0.060906 0.897614 0.422405 1.019901 0.391680 1.096504
0.063290 0.023808 -0.787422 -1.958706 -0.058595 -0.130846 -0.256424 -0.572609 0.067620 0.359794 -0.354785 -0.660106 0.391553 1.149759
0.075949 0.000000 -0.748549 -2.040144 -0.055702 -0.136287 -0.243765 -0.596417 0.075949 0.000000 0.430734 0.660106 0.402043 1.182799
0.113923 0.000000 -0.631940 -2.040144 -0.047025 -0.136287 -0.205791 -0.596417 0.113923 0.000000 -0.316811 -0.660106 0.380220 1.238542
0.126582 0.000000 -0.593066 -2.040144 -0.044132 -0.136287 -0.193132 -0.596417 0.126582 0.000000 0.443394 0.660106 0.373520 1.257632
0.151899 0.000000 -0.515325 -2.040144 -0.038347 -0.136287 -0.167816 -0.596417 0.151899 0.000000 -0.291495 -0.660106 0.361081 1.296515
0.189872 0.047619 -0.398716 -1.877256 -0.029670 -0.125405 -0.129842 -0.548798 0.195753 0.245727 0.487248 0.905833 0.301487 1.338475
0.215189 0.071427 -0.320975 -1.795817 -0.023885 -0.119965 -0.104525 -0.524990 0.226733 0.320484 -0.260514 -0.585350 0.269392 1.374267
0.227848 0.119046 -0.282101 -1.632928 -0.020992 -0.109084 -0.091866 -0.477371 0.257073 0.481469 0.517587 1.066819 0.220697 1.380679
0.253164 0.190476 -0.204360 -1.388589 -0.015207 -0.092761 -0.066550 -0.405941 0.316818 0.645024 -0.200770 -0.421795 0.145366 1.408302
0.253164 0.238095 -0.204360 -1.225700 -0.015207 -0.081880 -0.066550 -0.358322 0.347536 0.754733 0.548306 1.176528 0.105312 1.387162
0.265822 0.285714 -0.165492 -1.062811 -0.012315 -0.070998 -0.053893 -0.310703 0.390248 0.821450 -0.158058 -0.355078 0.063721 1.399051
0.278481 0.309522 -0.126619 -0.981372 -0.009422 -0.065558 -0.041233 -0.286895 0.416360 0.838140 0.574418 1.193218 0.042474 1.428051
0.278481 0.333333 -0.126619 -0.899922 -0.009422 -0.060117 -0.041233 -0.263084 0.434353 0.874815 -0.140064 -0.318403 0.043424 1.415330
0.278481 0.309522 -0.126619 -0.981372 -0.009422 -0.065558 -0.041233 -0.286895 0.416360 0.838140 0.556424 1.156544 0.042474 1.428051
0.291140 0.309522 -0.087745 -0.981372 -0.006529 -0.065558 -0.028574 -0.286895 0.424931 0.815992 -0.131493 -0.340552 0.030337 1.471526
0.291140 0.285714 -0.087745 -1.062811 -0.006529 -0.070998 -0.028574 -0.310703 0.407916 0.775993 0.539409 1.116545 0.044413 1.479088
0.316456 0.238095 -0.010004 -1.225700 -0.000744 -0.081880 -0.003258 -0.358322 0.396023 0.645022 -0.143386 -0.471523 0.081684 1.561705
0.329114 0.214284 0.028864 -1.307150 0.002148 -0.087321 0.009400 -0.382133 0.392726 0.577144 0.536112 1.048667 0.105848 -1.546204
0.367089 0.190476 0.145479 -1.388589 0.010826 -0.092761 0.047375 -0.405941 0.413565 0.478639 -0.122547 -0.570027 0.137648 -1.454617
0.392406 0.166665 0.223220 -1.470039 0.016611 -0.098202 0.072692 -0.429752 0.426332 0.401639 0.548880 0.971666 0.169435 -1.403235
0.443039 0.166665 0.378702 -1.470039 0.028181 -0.098202 0.123324 -0.429752 0.473350 0.359810 -0.075529 -0.611856 0.196553 -1.291339
0.468355 0.166665 0.456444 -1.470039 0.033966 -0.098202 0.148641 -0.429752 0.497125 0.341878 0.572655 0.953734 0.213350 -1.237800
0.493671 0.214284 0.534185 -1.307150 0.039751 -0.087321 0.173957 -0.382133 0.538172 0.409521 -0.034483 -0.544213 0.203413 -1.143604
0.506329 0.238095 0.573053 -1.225700 0.042643 -0.081880 0.186615 -0.358322 0.559516 0.439556 0.593999 0.983769 0.203683 -1.090646
0.518988 0.357141 0.611926 -0.818483 0.045536 -0.054677 0.199274 -0.239276 0.629998 0.602728 0.036000 -0.381041 0.202758 -0.876361
0.518988 0.404760 0.611926 -0.655594 0.045536 -0.043795 0.199274 -0.191657 0.658163 0.662366 0.622164 1.043407 0.216663 -0.765917
0.518988 0.499998 0.611926 -0.329816 0.045536 -0.022033 0.199274 -0.096419 0.720657 0.766765 0.098493 -0.276643 0.268724 -0.450645
0.506329 0.547617 0.573053 -0.166928 0.042643 -0.011151 0.186615 -0.048800 0.745824 0.824553 0.647331 1.101196 0.294559 -0.255772
0.481012 0.642859 0.495311 0.158863 0.036858 0.010612 0.161298 0.046442 0.802895 0.928423 0.155564 -0.172773 0.361164 0.280344
0.430379 0.690478 0.339829 0.321752 0.025288 0.021494 0.110665 0.094061 0.813625 1.013416 0.658061 1.186189 0.386927 0.704471
0.379746 0.738097 0.184346 0.484641 0.013718 0.032375 0.060032 0.141680 0.830057 1.095621 0.171996 -0.090568 0.422668 1.170012
0.354430 0.785716 0.106605 0.647530 0.007933 0.043257 0.034716 0.189299 0.861957 1.147035 0.689961 1.237603 0.467293 1.389420
0.329114 0.809524 0.028864 0.728968 0.002148 0.048697 0.009400 0.213107 0.873868 1.184654 0.183906 -0.052948 0.489900 1.526718
0.303797 0.857143 -0.048877 0.891857 -0.003637 0.059578 -0.015917 0.260726 0.909388 1.230180 0.725482 1.283129 0.537664 -1.509823
0.303797 0.880954 -0.048877 0.973308 -0.003637 0.065019 -0.015917 0.284537 0.931865 1.238717 0.206384 -0.044412 0.561466 -1.514915
0.303797 0.904762 -0.048877 1.054746 -0.003637 0.070460 -0.015917 0.308345 0.954404 1.246849 0.748020 1.291261 0.585264 -1.519222
0.316456 0.904762 -0.010004 1.054746 -0.000744 0.070460 -0.003258 0.308345 0.958509 1.234329 0.210488 -0.056933 0.585057 -1.560231
0.354430 0.928573 0.106605 1.136197 0.007933 0.075901 0.034716 0.332156 0.993916 1.206171 0.783428 1.263103 0.609848 1.466658
0.417722 0.928573 0.300961 1.136197 0.022396 0.075901 0.098008 0.332156 1.018204 1.148064 0.234777 -0.115039 0.616697 1.283872
0.493671 0.952381 0.534185 1.217635 0.039751 0.081341 0.173957 0.355964 1.072726 1.092573 0.837949 1.207612 0.656147 1.116235
0.544304 0.976192 0.689668 1.299085 0.051321 0.086782 0.224590 0.379775 1.117684 1.062153 0.279735 -0.145459 0.693833 1.036742
0.632911 1.000000 0.961759 1.380524 0.071568 0.092222 0.313197 0.403583 1.183459 1.006529 0.903724 1.151988 0.748920 0.910837
0.683546 1.000000 1.117247 1.380524 0.083139 0.092222 0.363831 0.403583 1.211295 0.971199 0.307570 -0.180788 0.771468 0.837151
0.784811 1.000000 1.428212 1.380524 0.106279 0.092222 0.465097 0.403583 1.271192 0.905386 0.963621 1.086174 0.824078 0.714703
0.911393 1.000000 1.816919 1.380524 0.135204 0.092222 0.591679 0.403583 1.353011 0.831722 0.389389 -0.254452 0.901595 0.598610
0.974684 0.976192 2.011269 1.299085 0.149666 0.086782 0.654969 0.379775 1.379478 0.786172 0.990089 1.040623 0.927334 0.525462
0.987343 0.952381 2.050143 1.217635 0.152559 0.081341 0.667629 0.355964 1.371815 0.767376 0.381726 -0.273247 0.919780 0.489835
1.000000 0.904762 2.089010 1.054746 0.155451 0.070460 0.680286 0.308345 1.348553 0.735440 0.966827 1.008687 0.897257 0.425560
0.987343 0.833335 2.050143 0.810419 0.152559 0.054138 0.667629 0.236918 1.292011 0.701011 0.325185 -0.307676 0.842339 0.341003
0.949367 0.785716 1.933528 0.647530 0.143881 0.043257 0.629653 0.189299 1.232334 0.691358 0.907150 0.999034 0.783340 0.292044
0.911393 0.761905 1.816919 0.566079 0.135204 0.037815 0.591679 0.165488 1.187913 0.696297 0.280763 -0.302737 0.738659 0.272723
0.873418 0.761905 1.700304 0.566079 0.126526 0.037815 0.553704 0.165488 1.159033 0.717313 0.878270 1.020050 0.708605 0.290424
0.860761 0.785716 1.661436 0.647530 0.123634 0.043257 0.541046 0.189299 1.165443 0.739851 0.287174 -0.280199 0.714065 0.336564
0.848101 0.857143 1.622563 0.891857 0.120741 0.059578 0.528387 0.260726 1.205807 0.790700 0.918633 1.070900 0.753673 0.458384
0.848101 0.880954 1.622563 0.973308 0.120741 0.065019 0.528387 0.284537 1.222848 0.804396 0.304214 -0.266503 0.770833 0.493972
0.848101 0.928573 1.622563 1.136197 0.120741 0.075901 0.528387 0.332156 1.257587 0.830661 0.953372 1.097164 0.806165 0.561200
0.860761 0.928573 1.661436 1.136197 0.123634 0.075901 0.541046 0.332156 1.266158 0.823278 0.312786 -0.273886 0.814519 0.550588
0.886077 0.976192 1.739177 1.299085 0.129419 0.086782 0.566363 0.379775 1.318364 0.833750 1.005578 1.107636 0.867024 0.590687
