0.000000 0.727271 -1.193488 0.515727 -0.104481 0.042619 -0.417081 0.170130 0.727271 1.570796 0.727271 1.570796 0.519783 -0.387303
0.000000 0.757576 -1.193488 0.607594 -0.104481 0.050210 -0.417081 0.200435 0.757576 1.570796 0.030305 0.000000 0.538418 -0.447980
0.000000 0.818182 -1.193488 0.791313 -0.104481 0.065392 -0.417081 0.261041 0.818182 1.570796 0.787877 1.570796 0.578653 -0.559229
0.000000 0.848483 -1.193488 0.883166 -0.104481 0.072983 -0.417081 0.291341 0.848483 1.570796 0.060606 0.000000 0.600053 -0.609735
0.000000 0.878788 -1.193488 0.975033 -0.104481 0.080574 -0.417081 0.321647 0.878788 1.570796 0.818182 1.570796 0.622198 -0.656922
0.021741 0.939394 -1.131276 1.158752 -0.099035 0.095757 -0.395340 0.382253 0.939646 1.547657 0.121463 -0.023139 0.655061 -0.768569
0.065219 0.939394 -1.006863 1.158752 -0.088144 0.095757 -0.351862 0.382253 0.941655 1.501481 0.820192 1.524620 0.629776 -0.826772
0.086956 0.939394 -0.944660 1.158752 -0.082698 0.095757 -0.330125 0.382253 0.943410 1.478493 0.123218 -0.046127 0.617894 -0.858442
0.108697 0.878788 -0.882449 0.975033 -0.077252 0.080574 -0.308384 0.321647 0.885485 1.447732 0.762267 1.493859 0.555224 -0.806446
0.108697 0.818182 -0.882449 0.791313 -0.077252 0.065392 -0.308384 0.261041 0.825371 1.438718 0.063104 -0.055141 0.505948 -0.702447
0.108697 0.727271 -0.882449 0.515727 -0.077252 0.042619 -0.308384 0.170130 0.735349 1.422436 0.672245 1.477577 0.437400 -0.504133
0.086956 0.636360 -0.944660 0.240141 -0.082698 0.019845 -0.330125 0.079218 0.642274 1.434991 -0.029971 -0.042586 0.396315 -0.235512
0.065219 0.545453 -1.006863 -0.035432 -0.088144 -0.002928 -0.351862 -0.011688 0.549339 1.451793 0.579310 1.494379 0.374548 0.033206
0.043478 0.454542 -1.069074 -0.311018 -0.093590 -0.025702 -0.373603 -0.102599 0.456617 1.475434 -0.122693 -0.018945 0.375476 0.268014
0.021741 0.333330 -1.131276 -0.678457 -0.099035 -0.056066 -0.395340 -0.223811 0.334039 1.505666 0.456732 1.524611 0.404114 0.515138
0.021741 0.272724 -1.131276 -0.862176 -0.099035 -0.071248 -0.395340 -0.284417 0.273590 1.491248 -0.183142 -0.033363 0.420871 0.623643
0.000000 0.181818 -1.193488 -1.137749 -0.104481 -0.094021 -0.417081 -0.375324 0.181818 1.570796 0.364960 1.604159 0.478858 0.732750
0.021741 0.121212 -1.131276 -1.321468 -0.099035 -0.109203 -0.395340 -0.435930 0.123146 1.393322 -0.241814 -0.210837 0.493794 0.834188
0.043478 0.060606 -1.069074 -1.505188 -0.093590 -0.124385 -0.373603 -0.496536 0.074588 0.948494 0.316402 1.159331 0.516385 0.925749
0.065219 0.030301 -1.006863 -1.597054 -0.088144 -0.131977 -0.351862 -0.526841 0.071914 0.434929 -0.244488 -0.724402 0.522882 0.981960
0.108697 0.000000 -0.882449 -1.688907 -0.077252 -0.139567 -0.308384 -0.557142 0.108697 0.000000 0.353185 0.724402 0.518707 1.065261
0.130434 0.000000 -0.820247 -1.688907 -0.071807 -0.139567 -0.286647 -0.557142 0.130434 0.000000 -0.222751 -0.724402 0.506086 1.095620
0.173912 0.000000 -0.695833 -1.688907 -0.060915 -0.139567 -0.243168 -0.557142 0.173912 0.000000 0.396663 0.724402 0.482791 1.159261
0.217391 0.090907 -0.571419 -1.413335 -0.050024 -0.116795 -0.199690 -0.466235 0.235633 0.396073 -0.161031 -0.328329 0.382447 1.166130
0.239131 0.151513 -0.509208 -1.229615 -0.044578 -0.101613 -0.177950 -0.405629 0.283090 0.564757 0.444120 0.893086 0.319676 1.157379
0.260869 0.181818 -0.447005 -1.137749 -0.039132 -0.094021 -0.156212 -0.375324 0.317978 0.608690 -0.126142 -0.284396 0.282402 1.176397
0.260869 0.242424 -0.447005 -0.954029 -0.039132 -0.078839 -0.156212 -0.314718 0.356120 0.748766 0.482262 1.033162 0.234323 1.110068
0.282609 0.272724 -0.384794 -0.862176 -0.033686 -0.071248 -0.134472 -0.284417 0.392742 0.767600 -0.089520 -0.265562 0.197285 1.129147
0.282609 0.212118 -0.384794 -1.045896 -0.033686 -0.086430 -0.134472 -0.345023 0.353359 0.643866 0.442879 0.909429 0.245137 1.199160
0.282609 0.181818 -0.384794 -1.137749 -0.033686 -0.094021 -0.134472 -0.375324 0.336044 0.571689 -0.106834 -0.337740 0.270982 1.226763
0.304347 0.151513 -0.322592 -1.229615 -0.028241 -0.101613 -0.112734 -0.405629 0.339975 0.461909 0.446809 0.799649 0.288506 1.299714
0.326088 0.121212 -0.260380 -1.321468 -0.022794 -0.109203 -0.090993 -0.435930 0.347887 0.355888 -0.098922 -0.443761 0.309545 1.365017
0.347825 0.090907 -0.198178 -1.413335 -0.017349 -0.116795 -0.069256 -0.466235 0.359508 0.255639 0.458431 0.699400 0.333446 1.423331
0.391303 0.060606 -0.073764 -1.505188 -0.006458 -0.124385 -0.025778 -0.496536 0.395969 0.153661 -0.062462 -0.545738 0.357406 1.518927
0.413044 0.060606 -0.011553 -1.505188 -0.001011 -0.124385 -0.004037 -0.496536 0.417466 0.145690 0.479928 0.691429 0.356498 1.562666
0.456522 0.060606 0.112861 -1.505188 0.009880 -0.124385 0.039441 -0.496536 0.460527 0.131984 -0.019401 -0.559445 0.358650 -1.491531
0.500000 0.060606 0.237275 -1.505188 0.020772 -0.124385 0.082919 -0.496536 0.503660 0.120623 0.523061 0.680068 0.365992 -1.405328
0.565219 0.212118 0.423900 -1.045896 0.037109 -0.086430 0.148138 -0.345023 0.603711 0.359021 0.080650 -0.321047 0.252892 -1.165242
0.565219 0.333330 0.423900 -0.678457 0.037109 -0.056066 0.148138 -0.223811 0.656187 0.532839 0.575537 0.853886 0.170173 -0.986110
0.586956 0.454542 0.486103 -0.311018 0.042555 -0.025702 0.169875 -0.102599 0.742379 0.658939 0.166841 -0.194947 0.173957 -0.543333
0.586956 0.545453 0.486103 -0.035432 0.042555 -0.002928 0.169875 -0.011688 0.801272 0.748764 0.634431 0.943712 0.212925 -0.068697
0.565219 0.636360 0.423900 0.240141 0.037109 0.019845 0.148138 0.079218 0.851132 0.844535 0.216702 -0.099176 0.264628 0.491068
0.500000 0.787877 0.237275 0.699447 0.020772 0.057801 0.082919 0.230735 0.933140 1.005311 0.716438 1.104488 0.379954 1.225800
0.456522 0.848483 0.112861 0.883166 0.009880 0.072983 0.039441 0.291341 0.963502 1.077178 0.247063 -0.027310 0.433201 1.436237
0.434784 0.878788 0.050659 0.975033 0.004435 0.080574 0.017704 0.321647 0.980462 1.111354 0.733399 1.138664 0.462046 1.515812
0.413044 0.909089 -0.011553 1.066886 -0.001011 0.088165 -0.004037 0.351947 0.998523 1.144332 0.265124 0.005668 0.492024 -1.559326
0.369566 0.969695 -0.135966 1.250605 -0.011903 0.103347 -0.047515 0.412553 1.037732 1.206675 0.772608 1.201007 0.554653 -1.456128
0.391303 0.969695 -0.073764 1.250605 -0.006458 0.103347 -0.025778 0.412553 1.045670 1.187249 0.273063 -0.013758 0.553215 -1.508394
0.434784 0.969695 0.050659 1.250605 0.004435 0.103347 0.017704 0.412553 1.062707 1.149297 0.789644 1.163055 0.552897 1.527911
0.478263 0.969695 0.175073 1.250605 0.015326 0.103347 0.061182 0.412553 1.081223 1.112596 0.291579 -0.050459 0.555990 1.423569
0.521741 1.000000 0.299487 1.342472 0.026218 0.110939 0.104660 0.442858 1.127924 1.089908 0.836346 1.140367 0.592240 1.338726
0.586956 1.000000 0.486103 1.342472 0.042555 0.110939 0.169875 0.442858 1.159533 1.040023 0.323188 -0.100344 0.607167 1.204518
0.630434 1.000000 0.610516 1.342472 0.053446 0.110939 0.213353 0.442858 1.182137 1.008299 0.858949 1.108643 0.620737 1.121843
0.739131 1.000000 0.921555 1.342472 0.080676 0.110939 0.322050 0.442858 1.243509 0.934288 0.384560 -0.174355 0.665966 0.942042
0.782609 0.969695 1.045969 1.250605 0.091567 0.103347 0.365528 0.412553 1.246108 0.891761 0.861548 1.066116 0.662566 0.845762
0.847825 0.939394 1.232585 1.158752 0.107904 0.095757 0.430744 0.382253 1.265412 0.836589 0.403864 -0.229527 0.677017 0.725823
0.934781 0.818182 1.481413 0.791313 0.129687 0.065392 0.517700 0.261041 1.242271 0.718981 0.838407 0.948507 0.654901 0.467027
0.956522 0.757576 1.543624 0.607594 0.135133 0.050210 0.539441 0.200435 1.220187 0.669851 0.381780 -0.278657 0.637913 0.355752
0.978259 0.696970 1.605826 0.423874 0.140579 0.035028 0.561178 0.139829 1.201149 0.619039 0.819369 0.897696 0.627104 0.244197
1.000000 0.636360 1.668038 0.240141 0.146025 0.019845 0.582919 0.079218 1.185308 0.566727 0.365938 -0.330969 0.622798 0.135072
1.000000 0.515148 1.668038 -0.127298 0.146025 -0.010520 0.582919 -0.041994 1.124890 0.475692 0.758952 0.806662 0.591111 -0.071916
0.978259 0.484847 1.605826 -0.219151 0.140579 -0.018110 0.561178 -0.072294 1.091819 0.460140 0.332867 -0.346522 0.565255 -0.128120
0.934781 0.484847 1.481413 -0.219151 0.129687 -0.018110 0.517700 -0.072294 1.053040 0.478476 0.720173 0.824998 0.522117 -0.138748
0.891303 0.515148 1.356999 -0.127298 0.118796 -0.010520 0.474222 -0.041994 1.029465 0.524065 0.309293 -0.300933 0.484256 -0.088322
0.869566 0.575754 1.294797 0.056421 0.113350 0.004663 0.452485 0.018612 1.042898 0.584846 0.733606 0.885779 0.479499 0.041111
0.869566 0.636360 1.294797 0.240141 0.113350 0.019845 0.452485 0.079218 1.077543 0.631760 0.343937 -0.254019 0.502818 0.173318
0.847825 0.787877 1.232585 0.699447 0.107904 0.057801 0.430744 0.230735 1.157392 0.748765 0.813455 1.002784 0.568357 0.491773
0.847825 0.909089 1.232585 1.066886 0.107904 0.088165 0.430744 0.351947 1.243081 0.820254 0.429625 -0.182530 0.653921 0.685062
0.869566 0.939394 1.294797 1.158752 0.113350 0.095757 0.452485 0.382253 1.280080 0.823980 0.850455 1.006510 0.691052 0.701459
0.913044 1.000000 1.419210 1.342472 0.124242 0.110939 0.495963 0.442858 1.354123 0.830821 0.503668 -0.175689 0.765359 0.728893
