0.065574 0.810813 -1.190989 0.795058 -0.119530 0.079217 -0.355834 0.235825 0.813461 1.490098 0.813461 1.490098 0.527498 -0.585279
0.049179 0.810813 -1.245862 0.795058 -0.125037 0.079217 -0.372228 0.235825 0.812303 1.510217 -0.001157 0.020119 0.538694 -0.564723
0.000000 0.891892 -1.410466 1.068406 -0.141557 0.106453 -0.421408 0.316904 0.891892 1.570796 0.893049 1.550678 0.631617 -0.644788
0.000000 0.918921 -1.410466 1.159532 -0.141557 0.115532 -0.421408 0.343933 0.918921 1.570796 0.025872 0.020119 0.652000 -0.684513
0.032787 0.972975 -1.300728 1.341769 -0.130543 0.133690 -0.388621 0.397987 0.973527 1.537112 0.947656 1.516993 0.674724 -0.797305
0.065574 1.000000 -1.190989 1.432880 -0.119530 0.142768 -0.355834 0.425012 1.002148 1.505316 0.054492 -0.011677 0.679255 -0.873761
0.131147 1.000000 -0.971511 1.432880 -0.097503 0.142768 -0.290260 0.425012 1.008563 1.440393 0.954071 1.452070 0.647318 -0.971608
0.163934 0.918921 -0.861772 1.159532 -0.086489 0.115532 -0.257473 0.343933 0.933429 1.394255 -0.020642 -0.057815 0.560190 -0.928182
0.180326 0.864867 -0.806907 0.977295 -0.080983 0.097375 -0.241081 0.289879 0.883466 1.365239 0.904108 1.423054 0.504754 -0.877046
0.163934 0.702705 -0.861772 0.430584 -0.086489 0.042902 -0.257473 0.127717 0.721574 1.341605 -0.182534 -0.081449 0.381341 -0.460475
0.147540 0.594597 -0.916646 0.066110 -0.091996 0.006587 -0.273868 0.019609 0.612629 1.327575 0.795163 1.409024 0.324035 -0.071479
0.131147 0.351353 -0.971511 -0.753963 -0.097503 -0.075122 -0.290260 -0.223636 0.375031 1.213548 -0.420132 -0.195476 0.298594 0.656471
0.131147 0.270274 -0.971511 -1.027311 -0.097503 -0.102358 -0.290260 -0.304714 0.300412 1.119027 0.720544 1.314503 0.327250 0.809687
0.163934 0.108108 -0.861772 -1.574036 -0.086489 -0.156832 -0.257473 -0.466880 0.196371 0.582996 -0.524172 -0.731507 0.405523 1.066821
0.180326 0.054054 -0.806907 -1.756272 -0.080983 -0.174989 -0.241081 -0.520934 0.188254 0.291233 0.712426 1.022740 0.439396 1.137361
0.245900 0.000000 -0.587430 -1.938509 -0.058956 -0.193147 -0.175507 -0.574988 0.245900 0.000000 -0.466526 -1.022740 0.456494 1.274542
0.295082 0.054054 -0.422817 -1.756272 -0.042435 -0.174989 -0.126326 -0.520934 0.299992 0.181174 0.766518 1.203914 0.388467 1.332890
0.295082 0.135137 -0.422817 -1.482910 -0.042435 -0.147753 -0.126326 -0.439851 0.324554 0.429457 -0.441964 -0.774457 0.312904 1.291122
0.295082 0.297299 -0.422817 -0.936200 -0.042435 -0.093280 -0.126326 -0.277690 0.418879 0.789141 0.860843 1.563598 0.177091 1.143860
0.295082 0.432436 -0.422817 -0.480600 -0.042435 -0.047886 -0.126326 -0.142553 0.523521 0.972000 -0.337322 -0.591598 0.126806 0.845675
0.295082 0.459461 -0.422817 -0.389489 -0.042435 -0.038807 -0.126326 -0.115528 0.546056 0.999899 0.883378 1.591497 0.131933 0.740780
0.278687 0.486490 -0.477691 -0.298364 -0.047942 -0.029728 -0.142721 -0.088499 0.560659 1.050577 -0.322719 -0.540920 0.156859 0.555056
0.278687 0.432436 -0.477691 -0.480600 -0.047942 -0.047886 -0.142721 -0.142553 0.514458 0.998326 0.837177 1.539246 0.143146 0.784809
0.311474 0.270274 -0.367952 -1.027311 -0.036928 -0.102358 -0.109934 -0.304714 0.412388 0.714695 -0.424789 -0.824551 0.186887 1.224554
0.360655 0.162162 -0.203340 -1.391799 -0.020408 -0.138674 -0.060752 -0.412826 0.395435 0.422547 0.820224 1.247098 0.266269 1.424683
0.409837 0.108108 -0.038728 -1.574036 -0.003887 -0.156832 -0.011571 -0.466880 0.423856 0.257908 -0.396369 -0.989190 0.313513 1.546018
0.491803 0.081083 0.235615 -1.665147 0.023647 -0.165910 0.070395 -0.493905 0.498442 0.163399 0.894811 1.152589 0.347529 -1.429222
0.557376 0.216216 0.455093 -1.209562 0.045674 -0.120517 0.135969 -0.358772 0.597844 0.370047 -0.296966 -0.782542 0.246153 -1.208538
0.573771 0.405407 0.509966 -0.571726 0.051181 -0.056965 0.152364 -0.169582 0.702544 0.615119 0.999510 1.397661 0.153201 -0.838829
0.540984 0.486490 0.400227 -0.298364 0.040168 -0.029728 0.119577 -0.088499 0.727555 0.732410 -0.271955 -0.665250 0.136141 -0.637135
0.491803 0.648651 0.235615 0.248347 0.023647 0.024745 0.070395 0.073663 0.814014 0.922073 1.085969 1.587323 0.237898 0.808079
0.426229 0.756759 0.016138 0.612821 0.001620 0.061060 0.004821 0.181771 0.868537 1.057853 -0.217433 -0.529470 0.335386 1.544278
0.409837 0.783784 -0.038728 0.703933 -0.003887 0.070138 -0.011571 0.208796 0.884468 1.089001 1.101901 1.618471 0.362561 -1.515437
0.360655 0.837838 -0.203340 0.886169 -0.020408 0.088295 -0.060752 0.262850 0.912165 1.164311 -0.189736 -0.454160 0.420839 -1.343656
0.344261 0.837838 -0.258213 0.886169 -0.025915 0.088295 -0.077147 0.262850 0.905808 1.180936 1.095544 1.635096 0.423516 -1.285312
0.360655 0.837838 -0.203340 0.886169 -0.020408 0.088295 -0.060752 0.262850 0.912165 1.164311 -0.183379 -0.470786 0.420839 -1.343656
0.377047 0.837838 -0.148475 0.886169 -0.014901 0.088295 -0.044360 0.262850 0.918770 1.147922 1.102148 1.618708 0.418787 -1.403606
0.508197 0.864867 0.290489 0.977295 0.029154 0.097375 0.086790 0.289879 1.003125 1.039543 -0.099023 -0.579165 0.451873 1.279890
0.573771 0.891892 0.509966 1.068406 0.051181 0.106453 0.152364 0.316904 1.060512 0.999132 1.159535 1.578297 0.494541 1.122636
0.721311 0.891892 1.003787 1.068406 0.100742 0.106453 0.299903 0.316904 1.147066 0.890748 -0.012469 -0.687549 0.557941 0.812954
0.836066 0.864867 1.387876 0.977295 0.139290 0.097375 0.414658 0.289879 1.202914 0.802329 1.215382 1.489879 0.607123 0.610108
0.885245 0.837838 1.552480 0.886169 0.155810 0.088295 0.463837 0.262850 1.218865 0.757892 0.003482 -0.731986 0.623345 0.515563
0.983608 0.675676 1.881705 0.339459 0.188851 0.033823 0.562200 0.100688 1.193324 0.601905 1.189842 1.333891 0.617027 0.177218
1.000000 0.594597 1.936570 0.066110 0.194358 0.006587 0.578592 0.019609 1.163420 0.536438 -0.026422 -0.797453 0.603957 0.033878
1.000000 0.459461 1.936570 -0.389489 0.194358 -0.038807 0.578592 -0.115528 1.100502 0.430693 1.126924 1.228147 0.579842 -0.197078
0.983608 0.405407 1.881705 -0.571726 0.188851 -0.056965 0.562200 -0.169582 1.063879 0.390947 -0.063045 -0.837199 0.562428 -0.292960
0.885245 0.432436 1.552480 -0.480600 0.155810 -0.047886 0.463837 -0.142553 0.985220 0.454399 1.048265 1.291599 0.463968 -0.298171
0.836066 0.486490 1.387876 -0.298364 0.139290 -0.029728 0.414658 -0.088499 0.967305 0.526989 -0.080960 -0.764610 0.419735 -0.210271
0.786884 0.594597 1.223264 0.066110 0.122769 0.006587 0.365477 0.019609 0.986272 0.647098 1.067233 1.411708 0.404435 0.053602
0.786884 0.702705 1.223264 0.430584 0.122769 0.042902 0.365477 0.127717 1.054979 0.728947 -0.012253 -0.682761 0.461196 0.336188
0.803279 0.783784 1.278138 0.703933 0.128276 0.070138 0.381871 0.208796 1.122308 0.773115 1.134561 1.455876 0.526443 0.500360
