0.098038 0.823530 -0.886313 0.869240 -0.074671 0.068640 -0.301859 0.277477 0.829345 1.452308 0.829345 1.452308 0.520177 -0.743337
0.078431 0.823530 -0.943881 0.869240 -0.079521 0.068640 -0.321466 0.277477 0.827257 1.475845 -0.002089 0.023536 0.531794 -0.712087
0.058822 0.823530 -1.001458 0.869240 -0.084372 0.068640 -0.341075 0.277477 0.825628 1.499491 0.827717 1.475954 0.543872 -0.682941
0.019606 0.882353 -1.116602 1.053512 -0.094072 0.083191 -0.380291 0.336301 0.882571 1.548579 0.054854 0.072625 0.614317 -0.724087
0.000000 0.911763 -1.174169 1.145642 -0.098922 0.090466 -0.399897 0.365710 0.911763 1.570796 0.856908 1.498171 0.649557 -0.740775
0.000000 0.941177 -1.174169 1.237785 -0.098922 0.097742 -0.399897 0.395124 0.941177 1.570796 0.084268 0.072625 0.672979 -0.779395
0.000000 0.970586 -1.174169 1.329915 -0.098922 0.105017 -0.399897 0.424533 0.970586 1.570796 0.886318 1.498171 0.696853 -0.815272
0.019606 1.000000 -1.116602 1.422058 -0.094072 0.112293 -0.380291 0.453947 1.000192 1.551193 0.113874 0.053021 0.710454 -0.873462
0.039216 1.000000 -1.059025 1.422058 -0.089222 0.112293 -0.360681 0.453947 1.000769 1.531601 0.886894 1.478580 0.700153 -0.899391
0.058822 1.000000 -1.001458 1.422058 -0.084372 0.112293 -0.341075 0.453947 1.001729 1.512042 0.114834 0.033463 0.690258 -0.926429
0.078431 1.000000 -0.943881 1.422058 -0.079521 0.112293 -0.321466 0.453947 1.003071 1.492525 0.888237 1.459063 0.680782 -0.954617
0.117647 1.000000 -0.828737 1.422058 -0.069820 0.112293 -0.282250 0.453947 1.006897 1.453688 0.118660 -0.005375 0.663166 -1.014524
0.137253 1.000000 -0.771169 1.422058 -0.064970 0.112293 -0.262644 0.453947 1.009375 1.434395 0.890715 1.439770 0.655061 -1.046278
0.137253 0.941177 -0.771169 1.237785 -0.064970 0.097742 -0.262644 0.395124 0.951132 1.425986 0.060417 -0.013785 0.601636 -0.984148
0.137253 0.911763 -0.771169 1.145642 -0.064970 0.090466 -0.262644 0.365710 0.922036 1.421382 0.861619 1.435167 0.575316 -0.947977
0.137253 0.823530 -0.771169 0.869240 -0.064970 0.068640 -0.262644 0.277477 0.834889 1.405650 -0.026730 -0.029517 0.498444 -0.812855
0.117647 0.735293 -0.828737 0.592824 -0.069820 0.046812 -0.282250 0.189240 0.744645 1.412141 0.771375 1.441658 0.438356 -0.590631
0.098038 0.647060 -0.886313 0.316421 -0.074671 0.024986 -0.301859 0.101008 0.654445 1.420428 -0.116930 -0.021230 0.390140 -0.322906
0.078431 0.529414 -0.943881 -0.052124 -0.079521 -0.004116 -0.321466 -0.016639 0.535192 1.423719 0.652122 1.444949 0.346576 0.051714
0.058822 0.441177 -1.001458 -0.328540 -0.084372 -0.025943 -0.341075 -0.104876 0.445081 1.438248 -0.207041 -0.006701 0.343564 0.298311
0.039216 0.323530 -1.059025 -0.697086 -0.089222 -0.055045 -0.360681 -0.222523 0.325898 1.450173 0.532939 1.456874 0.368677 0.552790
0.039216 0.235293 -1.059025 -0.973502 -0.089222 -0.076873 -0.360681 -0.310760 0.238539 1.405647 -0.294401 -0.051227 0.396466 0.711185
0.039216 0.176470 -1.059025 -1.157774 -0.089222 -0.091424 -0.360681 -0.369583 0.180775 1.352127 0.475175 1.403354 0.424277 0.797587
0.039216 0.088237 -1.059025 -1.434177 -0.089222 -0.113250 -0.360681 -0.457816 0.096559 1.152580 -0.378616 -0.250773 0.476679 0.903520
0.058822 0.058823 -1.001458 -1.526320 -0.084372 -0.120526 -0.341075 -0.487230 0.083188 0.785409 0.461804 1.036183 0.482352 0.960051
0.098038 0.000000 -0.886313 -1.710593 -0.074671 -0.135077 -0.301859 -0.546053 0.098038 0.000000 -0.363766 -1.036183 0.501035 1.065804
0.176472 0.000000 -0.656016 -1.710593 -0.055269 -0.135077 -0.223425 -0.546053 0.176472 0.000000 0.540238 1.036183 0.458079 1.182415
0.215687 0.000000 -0.540872 -1.710593 -0.045568 -0.135077 -0.184209 -0.546053 0.215687 0.000000 -0.324551 -1.036183 0.440285 1.245438
0.254903 0.029414 -0.425728 -1.618449 -0.035867 -0.127801 -0.144994 -0.516639 0.256595 0.114884 0.581145 1.151067 0.397845 1.297187
0.274509 0.088237 -0.368160 -1.434177 -0.031017 -0.113250 -0.125387 -0.457816 0.288342 0.311005 -0.292803 -0.840062 0.335937 1.303470
0.274509 0.147060 -0.368160 -1.249904 -0.031017 -0.098699 -0.125387 -0.398992 0.311420 0.491814 0.604223 1.331876 0.282220 1.266309
0.294119 0.205884 -0.310584 -1.065631 -0.026166 -0.084148 -0.105778 -0.340169 0.359018 0.610727 -0.245205 -0.721149 0.220975 1.269317
0.294119 0.264707 -0.310584 -0.881358 -0.026166 -0.069596 -0.105778 -0.281346 0.395696 0.732815 0.640901 1.453964 0.171655 1.211174
0.294119 0.294116 -0.310584 -0.789229 -0.026166 -0.062321 -0.105778 -0.251936 0.415945 0.785394 -0.224956 -0.668570 0.149595 1.173287
0.294119 0.352940 -0.310584 -0.604956 -0.026166 -0.047770 -0.105778 -0.193113 0.459426 0.876054 0.684382 1.544624 0.115732 1.069681
0.294119 0.323530 -0.310584 -0.697086 -0.026166 -0.055045 -0.105778 -0.222523 0.437239 0.832981 -0.247143 -0.711644 0.130464 1.127055
0.294119 0.294116 -0.310584 -0.789229 -0.026166 -0.062321 -0.105778 -0.251936 0.415945 0.785394 0.663088 1.497038 0.149595 1.173287
0.294119 0.235293 -0.310584 -0.973502 -0.026166 -0.076873 -0.105778 -0.310760 0.376655 0.674737 -0.286434 -0.822301 0.195662 1.242712
0.313725 0.176470 -0.253016 -1.157774 -0.021316 -0.091424 -0.086172 -0.369583 0.359951 0.512388 0.646385 1.334689 0.239469 1.341729
0.333334 0.147060 -0.195440 -1.249904 -0.016466 -0.098699 -0.066563 -0.398992 0.364333 0.415495 -0.282052 -0.919194 0.261451 1.405492
0.352941 0.088237 -0.137872 -1.434177 -0.011616 -0.113250 -0.046956 -0.457816 0.363803 0.244984 0.645856 1.164178 0.315177 1.468588
0.392156 0.058823 -0.022728 -1.526320 -0.001915 -0.120526 -0.007741 -0.487230 0.396543 0.148890 -0.249312 -1.015288 0.341161 1.554911
0.431372 0.029414 0.092416 -1.618449 0.007786 -0.127801 0.031475 -0.516639 0.432374 0.068081 0.681686 1.083370 0.371818 -1.509949
0.490197 0.029414 0.265137 -1.618449 0.022337 -0.127801 0.090300 -0.516639 0.491079 0.059932 -0.190607 -1.023437 0.381329 -1.397761
0.529412 0.058823 0.380281 -1.526320 0.032038 -0.120526 0.129516 -0.487230 0.532670 0.110657 0.723278 1.134094 0.364836 -1.310984
0.568628 0.117647 0.495425 -1.342047 0.041739 -0.105975 0.168731 -0.428406 0.580671 0.204017 -0.142607 -0.930077 0.328840 -1.195596
0.607844 0.323530 0.610570 -0.697086 0.051440 -0.055045 0.207947 -0.222523 0.688582 0.489120 0.831189 1.419197 0.221526 -0.819245
0.607844 0.441177 0.610570 -0.328540 0.051440 -0.025943 0.207947 -0.104876 0.751073 0.627836 -0.080116 -0.791361 0.212005 -0.467114
0.607844 0.529414 0.610570 -0.052124 0.051440 -0.004116 0.207947 -0.016639 0.806073 0.716543 0.886189 1.507904 0.244983 -0.079845
0.588234 0.617647 0.552993 0.224278 0.046589 0.017710 0.188338 0.071594 0.852940 0.809784 -0.033248 -0.698120 0.287899 0.363265
0.529412 0.735293 0.380281 0.592824 0.032038 0.046812 0.129516 0.189240 0.906054 0.946772 0.939302 1.644892 0.359534 0.970619
0.509803 0.794116 0.322705 0.777096 0.027187 0.061363 0.109906 0.248064 0.943674 1.000083 0.004372 -0.644809 0.409253 1.153731
0.470588 0.823530 0.207561 0.869240 0.017487 0.068640 0.070691 0.277477 0.948501 1.051651 0.944130 1.696461 0.429491 1.321341
0.450981 0.852940 0.149993 0.961369 0.012637 0.075915 0.051084 0.306887 0.964826 1.084424 0.020697 -0.612037 0.455914 1.405849
0.411766 0.882353 0.034849 1.053512 0.002936 0.083191 0.011869 0.336301 0.973704 1.134169 0.953007 1.746205 0.482603 1.535519
0.431372 0.882353 0.092416 1.053512 0.007786 0.083191 0.031475 0.336301 0.982155 1.116078 0.029149 -0.630127 0.483482 1.477476
0.470588 0.882353 0.207561 1.053512 0.017487 0.083191 0.070691 0.336301 1.000000 1.080840 0.970851 1.710967 0.487608 1.363612
0.568628 0.882353 0.495425 1.053512 0.041739 0.083191 0.168731 0.336301 1.049707 0.998336 0.078856 -0.712631 0.511111 1.105768
0.607844 0.882353 0.610570 1.053512 0.051440 0.083191 0.207947 0.336301 1.071458 0.967566 0.992602 1.680197 0.525363 1.017003
0.666666 0.882353 0.783281 1.053512 0.065991 0.083191 0.266769 0.336301 1.105889 0.923750 0.113287 -0.756447 0.551298 0.900188
0.725491 0.882353 0.956002 1.053512 0.080542 0.083191 0.325594 0.336301 1.142315 0.882651 1.029028 1.639099 0.582044 0.801573
0.784316 0.882353 1.128723 1.053512 0.095094 0.083191 0.384419 0.336301 1.180550 0.844153 0.151522 -0.794945 0.616881 0.718733
0.843137 0.852940 1.301435 0.961369 0.109644 0.075915 0.443241 0.306887 1.199328 0.791177 1.047806 1.586123 0.633806 0.605587
0.941178 0.794116 1.589299 0.777096 0.133897 0.061363 0.541281 0.248064 1.231437 0.700853 0.183631 -0.885270 0.669622 0.429726
0.980394 0.735293 1.704444 0.592824 0.143597 0.046812 0.580497 0.189240 1.225491 0.643500 1.041859 1.528770 0.670423 0.315133
1.000000 0.588237 1.762011 0.132149 0.148447 0.010435 0.600103 0.042184 1.160182 0.531725 0.118323 -0.997044 0.628964 0.070180
1.000000 0.500000 1.762011 -0.144267 0.148447 -0.011392 0.600103 -0.046053 1.118034 0.463648 0.999711 1.460692 0.608395 -0.076591
0.980394 0.382353 1.704444 -0.512813 0.143597 -0.040494 0.580497 -0.163699 1.052315 0.371856 0.052603 -1.088836 0.580762 -0.274861
0.960784 0.352940 1.646867 -0.604956 0.138747 -0.047770 0.560888 -0.193113 1.023559 0.352043 0.970956 1.440879 0.562850 -0.331587
0.941178 0.323530 1.589299 -0.697086 0.133897 -0.055045 0.541281 -0.222523 0.995233 0.331096 0.024277 -1.109782 0.546642 -0.390042
0.901962 0.382353 1.474155 -0.512813 0.124196 -0.040494 0.502066 -0.163699 0.979658 0.400949 0.955381 1.510732 0.502372 -0.315183
0.882353 0.441177 1.416579 -0.328540 0.119345 -0.025943 0.482456 -0.104876 0.986501 0.463648 0.031120 -1.047084 0.484219 -0.214049
0.862747 0.588237 1.359011 0.132149 0.114495 0.010435 0.462850 0.042184 1.044201 0.598419 1.013081 1.645504 0.499702 0.090889
0.862747 0.735293 1.359011 0.592824 0.114495 0.046812 0.462850 0.189240 1.133573 0.705810 0.120492 -0.939693 0.571595 0.388120
0.862747 0.794116 1.359011 0.777096 0.114495 0.061363 0.462850 0.248064 1.172584 0.744000 1.052092 1.683693 0.607979 0.491991
0.882353 0.823530 1.416579 0.869240 0.119345 0.068640 0.482456 0.277477 1.206959 0.750929 0.154867 -0.932764 0.642051 0.521936
