0.150943 0.533333 -0.732721 0.066538 -0.064751 0.005613 -0.237515 0.020589 0.554282 1.294992 0.554282 1.294992 0.278213 -0.086470
0.132076 0.533333 -0.790923 0.066538 -0.069894 0.005613 -0.256381 0.020589 0.549444 1.328037 -0.004838 0.033046 0.294483 -0.080135
0.113207 0.533333 -0.849134 0.066538 -0.075038 0.005613 -0.275250 0.020589 0.545216 1.361637 0.550054 1.328592 0.311049 -0.074662
0.094341 0.533333 -0.907336 0.066538 -0.080181 0.005613 -0.294117 0.020589 0.541613 1.395719 -0.008441 0.067127 0.327862 -0.069889
0.056605 0.533333 -1.023749 0.066538 -0.090469 0.005613 -0.331852 0.020589 0.536329 1.465058 0.544769 1.397931 0.362098 -0.061964
0.037736 0.533333 -1.081960 0.066538 -0.095613 0.005613 -0.350722 0.020589 0.534667 1.500160 -0.010103 0.102229 0.379466 -0.058638
0.018869 0.533333 -1.140162 0.066538 -0.100756 0.005613 -0.369588 0.020589 0.533667 1.535431 0.543770 1.433203 0.396969 -0.055651
0.000000 0.600000 -1.198373 0.281984 -0.105900 0.023787 -0.388457 0.087256 0.600000 1.570796 0.056230 0.137594 0.442323 -0.220954
0.000000 0.633331 -1.198373 0.389699 -0.105900 0.032874 -0.388457 0.120587 0.633331 1.570796 0.577101 1.433203 0.459197 -0.300993
0.000000 0.699997 -1.198373 0.605146 -0.105900 0.051048 -0.388457 0.187253 0.699997 1.570796 0.122897 0.137594 0.497952 -0.449179
0.018869 0.766664 -1.140162 0.820593 -0.100756 0.069223 -0.369588 0.253920 0.766896 1.546189 0.643999 1.408595 0.528806 -0.601972
0.037736 0.833331 -1.081960 1.036039 -0.095613 0.087397 -0.350722 0.320587 0.834185 1.525544 0.190185 0.116949 0.566496 -0.740538
0.056605 0.866667 -1.023749 1.143770 -0.090469 0.096485 -0.331852 0.353922 0.868513 1.505576 0.678328 1.388627 0.582074 -0.817570
0.094341 0.866667 -0.907336 1.143770 -0.080181 0.096485 -0.294117 0.353922 0.871786 1.462369 0.193458 0.073742 0.561417 -0.877425
0.132076 0.866667 -0.790923 1.143770 -0.069894 0.096485 -0.256381 0.353922 0.876673 1.419564 0.683214 1.345822 0.542601 -0.943882
0.150943 0.833331 -0.732721 1.036039 -0.064751 0.087397 -0.237515 0.320587 0.846891 1.391607 0.163676 0.045785 0.504307 -0.933161
0.169812 0.733333 -0.674511 0.712877 -0.059606 0.060136 -0.218645 0.220589 0.752738 1.343245 0.589061 1.297460 0.408345 -0.789824
0.150943 0.566664 -0.732721 0.174253 -0.064751 0.014699 -0.237515 0.053920 0.586423 1.310470 -0.002638 0.013010 0.296936 -0.223234
0.150943 0.499997 -0.732721 -0.041194 -0.064751 -0.003475 -0.237515 -0.012747 0.522285 1.277609 0.524923 1.264599 0.262401 0.053616
0.132076 0.400000 -0.790923 -0.364355 -0.069894 -0.030736 -0.256381 -0.112744 0.421241 1.251877 -0.103682 -0.012722 0.256641 0.414300
0.113207 0.333333 -0.849134 -0.579802 -0.075038 -0.048910 -0.275250 -0.179411 0.352033 1.243397 0.455714 1.256120 0.280716 0.577647
0.094341 0.233331 -0.907336 -0.902980 -0.080181 -0.076173 -0.294117 -0.279413 0.251681 1.186570 -0.204033 -0.069550 0.332519 0.759767
0.075471 0.166664 -0.965547 -1.118426 -0.085325 -0.094347 -0.312986 -0.346080 0.182956 1.145587 0.386989 1.215137 0.383604 0.835570
0.075471 0.133333 -0.965547 -1.226141 -0.085325 -0.103434 -0.312986 -0.379411 0.153211 1.055725 -0.233778 -0.159411 0.403793 0.881040
0.075471 0.066667 -0.965547 -1.441588 -0.085325 -0.121608 -0.312986 -0.446078 0.100699 0.723532 0.334477 0.882944 0.448898 0.958970
0.113207 0.000000 -0.849134 -1.657034 -0.075038 -0.139783 -0.275250 -0.512744 0.113207 0.000000 -0.221270 -0.882944 0.476090 1.078130
0.132076 0.000000 -0.790923 -1.657034 -0.069894 -0.139783 -0.256381 -0.512744 0.132076 0.000000 0.353346 0.882944 0.465436 1.107135
0.169812 0.000000 -0.674511 -1.657034 -0.059606 -0.139783 -0.218645 -0.512744 0.169812 0.000000 -0.183534 -0.882944 0.445763 1.167722
0.207548 0.033331 -0.558098 -1.549319 -0.049319 -0.130696 -0.180910 -0.479413 0.210207 0.159234 0.393741 1.042178 0.398551 1.209962
0.245283 0.066667 -0.441685 -1.441588 -0.039032 -0.121608 -0.143174 -0.446078 0.254182 0.265384 -0.139560 -0.776794 0.352204 1.260221
0.283019 0.099997 -0.325272 -1.333873 -0.028744 -0.112522 -0.105438 -0.412747 0.300165 0.339633 0.439725 1.116427 0.307126 1.320690
0.320755 0.166664 -0.208859 -1.118426 -0.018457 -0.094347 -0.067703 -0.346080 0.361470 0.479204 -0.078255 -0.637223 0.231896 1.377609
0.320755 0.200000 -0.208859 -1.010695 -0.018457 -0.085259 -0.067703 -0.312744 0.378000 0.557541 0.456255 1.194764 0.200249 1.357607
0.339624 0.200000 -0.150648 -1.010695 -0.013313 -0.085259 -0.048833 -0.312744 0.394138 0.532208 -0.062117 -0.662556 0.194681 1.415903
0.358490 0.200000 -0.092446 -1.010695 -0.008169 -0.085259 -0.029967 -0.312744 0.410506 0.508884 0.472623 1.171441 0.190825 1.475269
0.396226 0.166664 0.023967 -1.118426 0.002118 -0.094347 0.007769 -0.346080 0.429851 0.398162 -0.042772 -0.773278 0.221929 -1.548352
0.415095 0.133333 0.082177 -1.226141 0.007262 -0.103434 0.026638 -0.379411 0.435984 0.310801 0.478756 1.084080 0.256511 -1.500702
0.452831 0.099997 0.198590 -1.333873 0.017549 -0.112522 0.064374 -0.412747 0.463741 0.217339 -0.015015 -0.866740 0.295555 -1.416078
0.490567 0.099997 0.315003 -1.333873 0.027837 -0.112522 0.102110 -0.412747 0.500655 0.201086 0.515670 1.067826 0.305999 -1.328275
0.509433 0.099997 0.373205 -1.333873 0.032980 -0.112522 0.120976 -0.412747 0.519155 0.193827 0.003485 -0.873999 0.312801 -1.285682
0.547169 0.099997 0.489618 -1.333873 0.043267 -0.112522 0.158712 -0.412747 0.556231 0.180760 0.552746 1.054758 0.329239 -1.203701
0.566038 0.099997 0.547829 -1.333873 0.048412 -0.112522 0.177581 -0.412747 0.574803 0.174858 0.022057 -0.879900 0.338739 -1.164494
0.584905 0.133333 0.606031 -1.226141 0.053555 -0.103434 0.196447 -0.379411 0.599909 0.224128 0.577853 1.104028 0.321993 -1.093035
0.603774 0.266667 0.664242 -0.795248 0.058699 -0.067085 0.215317 -0.246078 0.660041 0.415902 0.082188 -0.688126 0.247375 -0.851969
0.584905 0.333333 0.606031 -0.579802 0.053555 -0.048910 0.196447 -0.179411 0.673219 0.517988 0.591031 1.206114 0.204035 -0.740102
0.566038 0.433331 0.547829 -0.256640 0.048412 -0.021649 0.177581 -0.079413 0.712864 0.653379 0.121833 -0.552735 0.183163 -0.420519
0.490567 0.633331 0.315003 0.389699 0.027837 0.032874 0.102110 0.120587 0.801102 0.911747 0.679269 1.464482 0.265310 0.868179
0.452831 0.733333 0.198590 0.712877 0.017549 0.060136 0.064374 0.220589 0.861878 1.017611 0.182609 -0.446871 0.350833 1.286855
0.415095 0.800000 0.082177 0.928324 0.007262 0.078311 0.026638 0.287256 0.901279 1.092168 0.718670 1.539039 0.412404 1.478328
0.396226 0.899997 0.023967 1.251486 0.002118 0.105572 0.007769 0.387253 0.983357 1.156078 0.264687 -0.382961 0.511599 1.550738
0.415095 0.933333 0.082177 1.359217 0.007262 0.114660 0.026638 0.420589 1.021477 1.152321 0.756790 1.535282 0.545527 1.507546
0.452831 0.933333 0.198590 1.359217 0.017549 0.114660 0.064374 0.420589 1.037385 1.119078 0.280595 -0.416204 0.548666 1.418919
0.509433 0.966669 0.373205 1.466948 0.032980 0.123748 0.120976 0.453925 1.092690 1.085784 0.812096 1.501988 0.590732 1.310339
0.660376 1.000000 0.838857 1.574664 0.074130 0.132834 0.271919 0.487256 1.198372 0.987161 0.386277 -0.514826 0.669271 1.061785
0.735847 1.000000 1.071682 1.574664 0.094704 0.132834 0.347390 0.487256 1.241560 0.936415 0.855283 1.451241 0.703324 0.951430
0.811319 1.000000 1.304508 1.574664 0.115279 0.132834 0.422861 0.487256 1.287726 0.889192 0.432443 -0.562049 0.743503 0.856034
0.867924 1.000000 1.479132 1.574664 0.130711 0.132834 0.479466 0.487256 1.324119 0.855988 0.891676 1.418037 0.777092 0.793456
0.962264 0.933333 1.770168 1.359217 0.156430 0.114660 0.573807 0.420589 1.340546 0.770137 0.448870 -0.647900 0.791293 0.632519
0.981131 0.866667 1.828370 1.143770 0.161573 0.096485 0.592673 0.353922 1.309095 0.723531 0.860225 1.371431 0.761542 0.538331
1.000000 0.766664 1.886581 0.820593 0.166717 0.069223 0.611543 0.253920 1.260069 0.654081 0.399844 -0.717350 0.719044 0.393551
0.981131 0.699997 1.828370 0.605146 0.161573 0.051048 0.592673 0.187253 1.205244 0.619702 0.805400 1.337053 0.669566 0.306022
0.924529 0.633331 1.653756 0.389699 0.146142 0.032874 0.536071 0.120587 1.120652 0.600609 0.315252 -0.736444 0.589352 0.221262
0.886793 0.600000 1.537343 0.281984 0.135855 0.023787 0.498336 0.087256 1.070702 0.594845 0.755450 1.331289 0.541377 0.173337
0.849057 0.600000 1.420930 0.281984 0.125567 0.023787 0.460600 0.087256 1.039663 0.615186 0.284213 -0.716103 0.506856 0.187221
0.830188 0.666667 1.362719 0.497431 0.120423 0.041962 0.441731 0.153922 1.064733 0.676586 0.780520 1.392689 0.522041 0.335296
0.811319 0.733333 1.304508 0.712877 0.115279 0.060136 0.422861 0.220589 1.093625 0.734954 0.313105 -0.657735 0.545666 0.480824
0.811319 0.833331 1.304508 1.036039 0.115279 0.087397 0.422861 0.320587 1.163047 0.798781 0.849942 1.456517 0.613779 0.648688
0.830188 0.866667 1.362719 1.143770 0.120423 0.096485 0.441731 0.353922 1.200135 0.806893 0.350193 -0.649624 0.651007 0.675483
