0.187501 0.576926 -0.566638 0.241698 -0.052938 0.021535 -0.181352 0.073772 0.606630 1.256564 0.606630 1.256564 0.276013 -0.386347
0.187501 0.538462 -0.566638 0.115678 -0.052938 0.010307 -0.181352 0.035308 0.570173 1.235712 -0.036457 -0.020853 0.248305 -0.192287
0.166666 0.538462 -0.631737 0.115678 -0.059020 0.010307 -0.202186 0.035308 0.563665 1.270626 0.600122 1.291479 0.263906 -0.172886
0.145834 0.538462 -0.696826 0.115678 -0.065101 0.010307 -0.223018 0.035308 0.557861 1.306306 -0.042262 0.014827 0.280186 -0.157015
0.125000 0.538462 -0.761925 0.115678 -0.071183 0.010307 -0.243853 0.035308 0.552780 1.342694 0.595042 1.327867 0.297038 -0.143792
0.104168 0.538462 -0.827015 0.115678 -0.077264 0.010307 -0.264685 0.035308 0.548445 1.379702 -0.046597 0.051835 0.314365 -0.132613
0.062501 0.615385 -0.957203 0.367700 -0.089427 0.032761 -0.306351 0.112231 0.618550 1.469579 0.665147 1.417744 0.393229 -0.351163
0.062501 0.692308 -0.957203 0.619722 -0.089427 0.055216 -0.306351 0.189154 0.695123 1.480761 0.029976 0.063017 0.445505 -0.553145
0.083333 0.769231 -0.892114 0.871743 -0.083346 0.077670 -0.285519 0.266077 0.773731 1.462884 0.743755 1.399867 0.491756 -0.750165
0.104168 0.807695 -0.827015 0.997764 -0.077264 0.088899 -0.264685 0.304541 0.814385 1.442535 0.070629 0.042668 0.512485 -0.855303
0.125000 0.884618 -0.761925 1.249786 -0.071183 0.111353 -0.243853 0.381464 0.893406 1.430422 0.822777 1.387754 0.570507 -1.002012
0.145834 0.884618 -0.696826 1.249786 -0.065101 0.111353 -0.223018 0.381464 0.896559 1.407410 0.073782 0.019656 0.561918 -1.041750
0.166666 0.884618 -0.631737 1.249786 -0.059020 0.111353 -0.202186 0.381464 0.900182 1.384575 0.826400 1.364919 0.553980 -1.083417
0.166666 0.807695 -0.631737 0.997764 -0.059020 0.088899 -0.202186 0.304541 0.824712 1.367305 -0.001688 0.002386 0.483179 -0.984708
0.145834 0.615385 -0.696826 0.367700 -0.065101 0.032761 -0.223018 0.112231 0.632429 1.338108 0.634117 1.335722 0.332438 -0.466233
0.125000 0.538462 -0.761925 0.115678 -0.071183 0.010307 -0.243853 0.035308 0.552780 1.342694 -0.081337 0.006972 0.297038 -0.143792
0.083333 0.423080 -0.892114 -0.262345 -0.083346 -0.023374 -0.285519 -0.080074 0.431209 1.376318 0.512546 1.369346 0.290623 0.273426
0.041667 0.230769 -1.022302 -0.892409 -0.095509 -0.079512 -0.327186 -0.272385 0.234501 1.392166 -0.278045 0.022820 0.355131 0.694250
0.020835 0.153846 -1.087391 -1.144431 -0.101590 -0.101966 -0.348018 -0.349308 0.155251 1.436189 0.433295 1.413369 0.409077 0.787248
0.000000 0.076923 -1.152490 -1.396453 -0.107672 -0.124421 -0.368853 -0.426231 0.076923 1.570796 -0.356372 0.157427 0.470399 0.857440
0.020835 0.038464 -1.087391 -1.522454 -0.101590 -0.135647 -0.348018 -0.464689 0.043745 1.074375 0.400117 0.916947 0.479867 0.927983
0.041667 0.000000 -1.022302 -1.648474 -0.095509 -0.146875 -0.327186 -0.503154 0.041667 0.000000 -0.358451 -0.916947 0.493055 0.994231
0.062501 0.000000 -0.957203 -1.648474 -0.089427 -0.146875 -0.306351 -0.503154 0.062501 0.000000 0.420952 0.916947 0.479482 1.023886
0.104168 0.000000 -0.827015 -1.648474 -0.077264 -0.146875 -0.264685 -0.503154 0.104168 0.000000 -0.316784 -0.916947 0.453994 1.086526
0.125000 0.000000 -0.761925 -1.648474 -0.071183 -0.146875 -0.243853 -0.503154 0.125000 0.000000 0.441784 0.916947 0.442172 1.119505
0.166666 0.038464 -0.631737 -1.522454 -0.059020 -0.135647 -0.202186 -0.464689 0.171047 0.226816 -0.270737 -0.690131 0.387344 1.160402
0.187501 0.076923 -0.566638 -1.396453 -0.052938 -0.124421 -0.181352 -0.426231 0.202667 0.389315 0.473403 1.079446 0.343673 1.168521
0.208333 0.153846 -0.501549 -1.144431 -0.046857 -0.101966 -0.160520 -0.349308 0.258981 0.636077 -0.214422 -0.443369 0.268318 1.140040
0.229168 0.192311 -0.436450 -1.018410 -0.040775 -0.090738 -0.139685 -0.310843 0.299167 0.698173 0.513590 1.141543 0.225120 1.148463
0.249999 0.230769 -0.371361 -0.892409 -0.034694 -0.079512 -0.118853 -0.272385 0.340226 0.745421 -0.173363 -0.396121 0.182190 1.159357
0.270834 0.230769 -0.306262 -0.892409 -0.028613 -0.079512 -0.098018 -0.272385 0.355817 0.705694 0.529180 1.101815 0.169336 1.225371
0.291666 0.192311 -0.241172 -1.018410 -0.022532 -0.090738 -0.077187 -0.310843 0.349360 0.582922 -0.179820 -0.518893 0.192678 1.327405
0.312501 0.153846 -0.176073 -1.144431 -0.016450 -0.101966 -0.056352 -0.349308 0.348318 0.457474 0.528138 0.976367 0.222269 1.410850
0.333332 0.153846 -0.110984 -1.144431 -0.010369 -0.101966 -0.035520 -0.349308 0.367123 0.432409 -0.161015 -0.543958 0.217921 1.469457
0.374999 0.115388 0.019204 -1.270432 0.001794 -0.113193 0.006146 -0.387766 0.392350 0.298507 0.553365 0.842465 0.253540 -1.554947
0.416665 0.115388 0.149393 -1.270432 0.013957 -0.113193 0.047813 -0.387766 0.432347 0.270160 -0.121018 -0.572305 0.257935 -1.448112
0.479167 0.153846 0.344680 -1.144431 0.032202 -0.101966 0.110314 -0.349308 0.503259 0.310673 0.624276 0.882978 0.241655 -1.264901
0.479167 0.192311 0.344680 -1.018410 0.032202 -0.090738 0.110314 -0.310843 0.516318 0.381664 -0.107958 -0.501314 0.208174 -1.229775
0.499998 0.269234 0.409769 -0.766389 0.038283 -0.068284 0.131146 -0.233920 0.567878 0.493947 0.675836 0.995261 0.164691 -1.059818
0.479167 0.346157 0.344680 -0.514367 0.032202 -0.045829 0.110314 -0.156997 0.591122 0.625611 -0.084714 -0.369650 0.112625 -0.958293
0.458332 0.461538 0.279581 -0.136344 0.026120 -0.012148 0.089479 -0.041615 0.650451 0.788884 0.735165 1.158534 0.128830 -0.435326
0.437500 0.576926 0.214492 0.241698 0.020039 0.021535 0.068648 0.073772 0.724051 0.921985 -0.011114 -0.236549 0.219105 0.821364
0.395834 0.730772 0.084303 0.745742 0.007876 0.066444 0.026981 0.227618 0.831091 1.074375 0.842205 1.310924 0.362924 1.452810
0.395834 0.769231 0.084303 0.871743 0.007876 0.077670 0.026981 0.266077 0.865101 1.095550 0.022897 -0.215374 0.401286 1.469738
0.395834 0.807695 0.084303 0.997764 0.007876 0.088899 0.026981 0.304541 0.899475 1.115118 0.876579 1.330492 0.439671 1.482431
0.395834 0.846154 0.084303 1.123765 0.007876 0.100125 0.026981 0.343000 0.934163 1.133236 0.057584 -0.197255 0.478063 1.492296
0.437500 0.884618 0.214492 1.249786 0.020039 0.111353 0.068648 0.381464 0.986892 1.111507 0.929308 1.308763 0.520314 1.392744
0.562500 0.961541 0.605056 1.501807 0.056527 0.133808 0.193647 0.458388 1.113987 1.041481 0.184680 -0.267282 0.623522 1.171085
0.645833 1.000000 0.865433 1.627809 0.080853 0.145034 0.276980 0.496846 1.190420 0.997356 1.005740 1.264638 0.689250 1.062231
0.833334 1.000000 1.451285 1.627809 0.135587 0.145034 0.464481 0.496846 1.301709 0.876058 0.295968 -0.388580 0.783639 0.819052
0.916667 0.961541 1.711662 1.501807 0.159912 0.133808 0.547814 0.458388 1.328473 0.809286 1.032505 1.197866 0.807082 0.696755
0.958333 0.923077 1.841850 1.375787 0.172075 0.122580 0.589481 0.419923 1.330592 0.766661 0.298087 -0.431205 0.809106 0.618974
1.000000 0.769231 1.972038 0.871743 0.184238 0.077670 0.631147 0.266077 1.261632 0.655696 0.963545 1.086901 0.747429 0.398967
1.000000 0.730772 1.972038 0.745742 0.184238 0.066444 0.631147 0.227618 1.238559 0.631081 0.275013 -0.455819 0.727553 0.346124
0.958333 0.692308 1.841850 0.619722 0.172075 0.055216 0.589481 0.189154 1.182241 0.625607 0.907227 1.081426 0.672392 0.310503
0.895832 0.615385 1.646563 0.367700 0.153830 0.032761 0.526980 0.112231 1.086836 0.601908 0.179609 -0.479518 0.581795 0.209835
0.854166 0.615385 1.516374 0.367700 0.141667 0.032761 0.485313 0.112231 1.052757 0.624320 0.873148 1.103838 0.544341 0.227259
0.833334 0.615385 1.451285 0.367700 0.135587 0.032761 0.464481 0.112231 1.035926 0.636075 0.162779 -0.467763 0.525853 0.237082
0.833334 0.730772 1.451285 0.745742 0.135587 0.066444 0.464481 0.227618 1.108365 0.719920 0.945586 1.187683 0.588837 0.455655
0.854166 0.807695 1.516374 0.997764 0.141667 0.088899 0.485313 0.304541 1.175572 0.757443 0.229986 -0.430240 0.654302 0.560406
0.854166 0.884618 1.516374 1.249786 0.141667 0.111353 0.485313 0.381464 1.229694 0.802910 0.999708 1.233151 0.708197 0.666157
