0.137933 0.484847 -0.781803 -0.019212 -0.076090 -0.001827 -0.252350 -0.006060 0.504086 1.293631 0.504086 1.293631 0.269486 0.024010
0.120691 0.484847 -0.835222 -0.019212 -0.081289 -0.001827 -0.269593 -0.006060 0.499643 1.326830 -0.004443 0.033199 0.285697 0.022475
0.086208 0.484847 -0.942052 -0.019212 -0.091686 -0.001827 -0.304075 -0.006060 0.492452 1.394831 0.496895 1.361632 0.318440 0.019927
0.068968 0.484847 -0.995463 -0.019212 -0.096884 -0.001827 -0.321315 -0.006060 0.489728 1.429498 -0.007167 0.067866 0.334942 0.018858
0.034485 0.484847 -1.102294 -0.019212 -0.107282 -0.001827 -0.355798 -0.006060 0.486072 1.499790 0.493239 1.431924 0.368150 0.017031
0.017243 0.515148 -1.155713 0.076848 -0.112481 0.007309 -0.373041 0.024241 0.515437 1.537338 0.022198 0.105413 0.393383 -0.064890
0.000000 0.606059 -1.209132 0.365056 -0.117680 0.034721 -0.390283 0.115152 0.606059 1.570796 0.583861 1.465383 0.445960 -0.286906
0.017243 0.666665 -1.155713 0.557190 -0.112481 0.052995 -0.373041 0.175758 0.666888 1.544938 0.083027 0.079555 0.464270 -0.440301
0.051725 0.727271 -1.048883 0.749324 -0.102083 0.071269 -0.338558 0.236364 0.729108 1.499793 0.646082 1.420238 0.477684 -0.609482
0.086208 0.757576 -0.942052 0.845399 -0.091686 0.080407 -0.304075 0.266669 0.762466 1.457489 0.116384 0.037251 0.476829 -0.719952
0.120691 0.787877 -0.835222 0.941458 -0.081289 0.089543 -0.269593 0.296969 0.797067 1.418793 0.680683 1.381542 0.480376 -0.833682
0.137933 0.757576 -0.781803 0.845399 -0.076090 0.080407 -0.252350 0.266669 0.770031 1.390697 0.089347 0.009155 0.445628 -0.812979
0.155173 0.696966 -0.728392 0.653250 -0.070891 0.062132 -0.235110 0.206058 0.714031 1.351728 0.624683 1.342573 0.386434 -0.719641
0.155173 0.636360 -0.728392 0.461116 -0.070891 0.043857 -0.235110 0.145452 0.655006 1.331619 0.030322 -0.010954 0.340339 -0.554025
0.137933 0.545453 -0.781803 0.172922 -0.076090 0.016447 -0.252350 0.054546 0.562623 1.323111 0.532301 1.334065 0.296240 -0.212876
0.120691 0.424241 -0.835222 -0.211346 -0.081289 -0.020101 -0.269593 -0.066666 0.441075 1.293633 -0.091226 -0.040432 0.271723 0.242421
0.103451 0.333330 -0.888633 -0.499554 -0.086487 -0.047513 -0.286833 -0.157577 0.349014 1.269867 0.440240 1.310299 0.292432 0.502359
0.086208 0.242424 -0.942052 -0.787748 -0.091686 -0.074924 -0.304075 -0.248484 0.257296 1.229134 -0.182945 -0.081166 0.338119 0.685128
0.086208 0.090907 -0.942052 -1.268091 -0.091686 -0.120610 -0.304075 -0.400001 0.125283 0.811921 0.308228 0.893086 0.426718 0.920808
0.120691 0.060606 -0.835222 -1.364150 -0.081289 -0.129746 -0.269593 -0.430302 0.135053 0.465374 -0.173175 -0.427713 0.425873 1.011105
0.155173 0.030301 -0.728392 -1.460225 -0.070891 -0.138884 -0.235110 -0.460607 0.158104 0.192843 0.331279 0.620556 0.429958 1.098835
0.189656 0.030301 -0.621561 -1.460225 -0.060494 -0.138884 -0.200627 -0.460607 0.192061 0.158428 -0.139218 -0.462128 0.412115 1.160005
0.206899 0.030301 -0.568142 -1.460225 -0.055295 -0.138884 -0.183385 -0.460607 0.209106 0.145418 0.348323 0.607546 0.404002 1.191897
0.241381 0.060606 -0.461312 -1.364150 -0.044898 -0.129746 -0.148902 -0.430302 0.248873 0.245995 -0.099450 -0.361552 0.361744 1.237653
0.258621 0.090907 -0.407901 -1.268091 -0.039699 -0.120610 -0.131662 -0.400001 0.274133 0.338015 0.373583 0.699567 0.327049 1.252812
0.275864 0.090907 -0.354481 -1.268091 -0.034500 -0.120610 -0.114419 -0.400001 0.290456 0.318327 -0.083126 -0.381239 0.320497 1.292188
0.293104 0.060606 -0.301070 -1.364150 -0.029302 -0.129746 -0.097179 -0.430302 0.299304 0.203899 0.382431 0.585138 0.343702 1.348682
0.310347 0.030301 -0.247651 -1.460225 -0.024103 -0.138884 -0.079937 -0.460607 0.311822 0.097326 -0.070608 -0.487812 0.368751 1.398961
0.344829 0.030301 -0.140821 -1.460225 -0.013705 -0.138884 -0.045454 -0.460607 0.346158 0.087646 0.416766 0.575458 0.362841 1.472432
0.379312 0.000000 -0.033990 -1.556284 -0.003308 -0.148020 -0.010971 -0.490908 0.379312 0.000000 -0.037454 -0.575458 0.390437 1.548451
0.413795 0.000000 0.072840 -1.556284 0.007089 -0.148020 0.023511 -0.490908 0.413795 0.000000 0.451249 0.575458 0.390991 -1.522939
0.448277 0.030301 0.179670 -1.460225 0.017487 -0.138884 0.057994 -0.460607 0.449300 0.067491 -0.001949 -0.507967 0.364624 -1.445548
0.500000 0.121212 0.339912 -1.172016 0.033082 -0.111472 0.109717 -0.369696 0.514483 0.237835 0.516431 0.745803 0.290581 -1.282300
0.500000 0.242424 0.339912 -0.787748 0.033082 -0.074924 0.109717 -0.248484 0.555670 0.451452 0.039239 -0.294351 0.184120 -1.154996
0.500000 0.363636 0.339912 -0.403480 0.033082 -0.038376 0.109717 -0.127272 0.618248 0.628795 0.579010 0.923146 0.112906 -0.859340
0.482760 0.515148 0.286501 0.076848 0.027884 0.007309 0.092477 0.024241 0.705999 0.817843 0.126990 -0.105303 0.155381 0.256358
0.448277 0.636360 0.179670 0.461116 0.017487 0.043857 0.057994 0.145452 0.778400 0.957097 0.651410 1.062400 0.252818 1.191399
0.431035 0.727271 0.126251 0.749324 0.012288 0.071269 0.040751 0.236364 0.845408 1.035781 0.193997 -0.026619 0.339443 1.400065
0.413795 0.878788 0.072840 1.229667 0.007089 0.116955 0.023511 0.387881 0.971337 1.130723 0.777339 1.157342 0.489070 1.510256
0.413795 0.909089 0.072840 1.325726 0.007089 0.126092 0.023511 0.418181 0.998834 1.143647 0.221494 -0.013695 0.519338 1.514633
0.448277 0.939394 0.179670 1.421801 0.017487 0.135230 0.057994 0.448487 1.040872 1.125556 0.819377 1.139251 0.552165 1.442200
0.500000 0.969695 0.339912 1.517860 0.033082 0.144366 0.109717 0.478787 1.091012 1.094726 0.271635 -0.044525 0.589708 1.345530
0.637933 1.000000 0.767242 1.613935 0.074672 0.153504 0.247650 0.509092 1.186153 1.002951 0.914518 1.047476 0.658092 1.118044
0.724139 1.000000 1.034313 1.613935 0.100665 0.153504 0.333855 0.509092 1.234657 0.944053 0.320139 -0.103423 0.695136 0.990365
0.793104 0.969695 1.247974 1.517860 0.121460 0.144366 0.402821 0.478787 1.252726 0.885241 0.932587 0.988664 0.705678 0.871354
0.879312 0.939394 1.515054 1.421801 0.147454 0.135230 0.489029 0.448487 1.286721 0.818422 0.354134 -0.170242 0.735304 0.742181
0.982760 0.818182 1.835545 1.037533 0.178646 0.098681 0.592477 0.327275 1.278765 0.694267 0.924631 0.864509 0.730839 0.504672
1.000000 0.727271 1.888956 0.749324 0.183844 0.071269 0.609717 0.236364 1.236496 0.628795 0.311865 -0.235714 0.696646 0.369825
1.000000 0.666665 1.888956 0.557190 0.183844 0.052995 0.609717 0.175758 1.201850 0.588002 0.889984 0.823716 0.669434 0.280653
0.965517 0.575754 1.782126 0.268982 0.173447 0.025583 0.575234 0.084846 1.124151 0.537707 0.234167 -0.286009 0.604395 0.146443
0.931035 0.575754 1.675296 0.268982 0.163050 0.025583 0.540751 0.084846 1.094677 0.553841 0.860510 0.839850 0.571674 0.155636
0.913795 0.575754 1.621884 0.268982 0.157851 0.025583 0.523511 0.084846 1.080052 0.562236 0.219542 -0.277614 0.555395 0.160675
0.879312 0.636360 1.515054 0.461116 0.147454 0.043857 0.489029 0.145452 1.085423 0.626457 0.865881 0.904070 0.547451 0.289098
0.879312 0.696966 1.515054 0.653250 0.147454 0.062132 0.489029 0.206058 1.122030 0.670229 0.256149 -0.233842 0.577238 0.398786
0.879312 0.757576 1.515054 0.845399 0.147454 0.080407 0.489029 0.266669 1.160651 0.711165 0.904502 0.945007 0.611599 0.499230
