0.098592 0.757576 -0.829730 0.532058 -0.076965 0.046153 -0.278336 0.166909 0.763965 1.441382 0.763965 1.441382 0.471555 -0.540174
0.084507 0.757576 -0.871719 0.532058 -0.080860 0.046153 -0.292422 0.166909 0.762275 1.459707 -0.001690 0.018325 0.480003 -0.518658
0.056338 0.757576 -0.955692 0.532058 -0.088649 0.046153 -0.320591 0.166909 0.759668 1.496567 0.761358 1.478242 0.497666 -0.480015
0.042254 0.757576 -0.997675 0.532058 -0.092544 0.046153 -0.334674 0.166909 0.758754 1.515078 -0.002604 0.036836 0.506853 -0.462624
0.014086 0.818182 -1.081647 0.725252 -0.100333 0.062912 -0.362843 0.227515 0.818303 1.553582 0.820908 1.516746 0.571279 -0.560061
0.000000 0.848483 -1.123637 0.821842 -0.104228 0.071291 -0.376928 0.257815 0.848483 1.570796 0.027575 0.054050 0.603688 -0.599900
0.000000 0.878788 -1.123637 0.918447 -0.104228 0.079671 -0.376928 0.288121 0.878788 1.570796 0.851213 1.516746 0.627645 -0.652648
0.028169 0.909089 -1.039664 1.015037 -0.096439 0.088050 -0.348759 0.318421 0.909525 1.539820 0.058312 0.023074 0.636261 -0.739957
0.042254 0.969695 -0.997675 1.208231 -0.092544 0.104808 -0.334674 0.379027 0.970615 1.527249 0.912303 1.504175 0.680719 -0.847464
0.070423 0.969695 -0.913702 1.208231 -0.084754 0.104808 -0.306505 0.379027 0.972249 1.498299 0.059946 -0.005876 0.667321 -0.890796
0.084507 1.000000 -0.871719 1.304835 -0.080860 0.113188 -0.292422 0.409333 1.003564 1.486490 0.943618 1.492366 0.688279 -0.950480
0.112676 1.000000 -0.787747 1.304835 -0.073071 0.113188 -0.264253 0.409333 1.006328 1.458594 0.062709 -0.033772 0.676792 -0.997542
0.140845 0.969695 -0.703774 1.208231 -0.065282 0.104808 -0.236084 0.379027 0.979870 1.426559 0.917161 1.460330 0.638050 -1.013732
0.154930 0.939394 -0.661785 1.111641 -0.061387 0.096430 -0.221998 0.348727 0.952084 1.407342 0.034924 -0.052988 0.604691 -1.003901
0.169014 0.787877 -0.619801 0.628648 -0.057492 0.054532 -0.207915 0.197210 0.805801 1.359481 0.770878 1.412469 0.460551 -0.758980
0.169014 0.696970 -0.619801 0.338863 -0.057492 0.029395 -0.207915 0.106303 0.717170 1.332891 -0.053707 -0.079578 0.381648 -0.472632
0.154930 0.606059 -0.661785 0.049065 -0.061387 0.004256 -0.221998 0.015392 0.625549 1.320521 0.679256 1.400099 0.319036 -0.069222
0.126761 0.515148 -0.745757 -0.240734 -0.069176 -0.020883 -0.250167 -0.075519 0.530515 1.329522 -0.148741 -0.070577 0.285812 0.293177
0.112676 0.393936 -0.787747 -0.627123 -0.073071 -0.054400 -0.264253 -0.196731 0.409734 1.292209 0.558475 1.362786 0.264799 0.639960
0.070423 0.212118 -0.913702 -1.206706 -0.084754 -0.104676 -0.306505 -0.378549 0.223503 1.250246 -0.334971 -0.112540 0.348005 0.890178
0.070423 0.151513 -0.913702 -1.399901 -0.084754 -0.121435 -0.306505 -0.439155 0.167079 1.135701 0.502051 1.248241 0.380470 0.961452
0.070423 0.090907 -0.913702 -1.593095 -0.084754 -0.138193 -0.306505 -0.499761 0.114993 0.911687 -0.387057 -0.336554 0.419230 1.020652
0.070423 0.030301 -0.913702 -1.786290 -0.084754 -0.154952 -0.306505 -0.560367 0.076665 0.406321 0.463723 0.742875 0.462705 1.070281
0.098592 0.000000 -0.829730 -1.882879 -0.076965 -0.163331 -0.278336 -0.590667 0.098592 0.000000 -0.365130 -0.742875 0.468557 1.130434
0.154930 0.030301 -0.661785 -1.786290 -0.061387 -0.154952 -0.221998 -0.560367 0.157865 0.193138 0.522996 0.936014 0.411624 1.193600
0.183099 0.060606 -0.577812 -1.689685 -0.053597 -0.146572 -0.193829 -0.530062 0.192869 0.319650 -0.330127 -0.616364 0.370985 1.220228
0.197182 0.121212 -0.535829 -1.496491 -0.049703 -0.129813 -0.179746 -0.469456 0.231459 0.551172 0.561586 1.167536 0.312569 1.205134
0.225351 0.181818 -0.451856 -1.303296 -0.041914 -0.113055 -0.151577 -0.408850 0.289553 0.678885 -0.272033 -0.488651 0.247070 1.215766
0.239437 0.242424 -0.409867 -1.110102 -0.038019 -0.096296 -0.137491 -0.348244 0.340733 0.791596 0.612766 1.280248 0.192342 1.194769
0.253520 0.303030 -0.367884 -0.916907 -0.034125 -0.079537 -0.123408 -0.287638 0.395094 0.874122 -0.217672 -0.406125 0.143842 1.165509
0.267606 0.303030 -0.325894 -0.916907 -0.030230 -0.079537 -0.109323 -0.287638 0.404277 0.847396 0.621949 1.253522 0.131956 1.207588
0.281691 0.272724 -0.283905 -1.013512 -0.026335 -0.087917 -0.095237 -0.317943 0.392082 0.769226 -0.229867 -0.484296 0.141169 1.279761
0.309860 0.242424 -0.199932 -1.110102 -0.018546 -0.096296 -0.067068 -0.348244 0.393424 0.663895 0.623291 1.148191 0.150299 1.380536
0.323944 0.212118 -0.157949 -1.206706 -0.014651 -0.104676 -0.052985 -0.378549 0.387213 0.579742 -0.236078 -0.568448 0.173118 1.431732
0.352113 0.151513 -0.073977 -1.399901 -0.006862 -0.121435 -0.024816 -0.439155 0.383327 0.406348 0.619405 0.974796 0.226778 1.514348
0.394367 0.121212 0.051985 -1.496491 0.004822 -0.129813 0.017439 -0.469456 0.412574 0.298193 -0.206830 -0.676602 0.256310 -1.533667
0.450705 0.121212 0.219930 -1.496491 0.020401 -0.129813 0.073777 -0.469456 0.466720 0.262722 0.673550 0.939324 0.266146 -1.414918
0.478874 0.121212 0.303903 -1.496491 0.028190 -0.129813 0.101945 -0.469456 0.493976 0.247912 -0.179574 -0.691413 0.275289 -1.356960
0.507043 0.151513 0.387876 -1.399901 0.035979 -0.121435 0.130114 -0.439155 0.529196 0.290370 0.708770 0.981783 0.260273 -1.282753
0.535212 0.303030 0.471848 -0.916907 0.043768 -0.079537 0.158283 -0.287638 0.615043 0.515185 -0.093726 -0.466598 0.174684 -1.067733
0.535212 0.424241 0.471848 -0.530519 0.043768 -0.046020 0.158283 -0.166426 0.682959 0.670250 0.776685 1.136848 0.165203 -0.810470
0.535212 0.515148 0.471848 -0.240734 0.043768 -0.020883 0.158283 -0.075519 0.742852 0.766299 -0.033833 -0.370549 0.210139 -0.445173
0.478874 0.666665 0.303903 0.242259 0.028190 0.021015 0.101945 0.075998 0.820830 0.947886 0.854663 1.318434 0.307149 0.640598
0.450705 0.727271 0.219930 0.435453 0.020401 0.037773 0.073777 0.136604 0.855604 1.016002 0.000941 -0.302432 0.358026 1.075603
0.422536 0.848483 0.135958 0.821842 0.012611 0.071291 0.045608 0.257815 0.947871 1.108758 0.946931 1.411190 0.473755 1.395708
0.408450 0.878788 0.093968 0.918447 0.008716 0.079671 0.031522 0.288121 0.969072 1.135713 0.022141 -0.275477 0.502849 1.461824
0.436619 0.909089 0.177941 1.015037 0.016506 0.088050 0.059691 0.318421 1.008503 1.123047 0.986362 1.398524 0.535498 1.385488
0.492957 0.939394 0.345886 1.111641 0.032084 0.096430 0.116029 0.348727 1.060881 1.087537 0.074519 -0.310987 0.574309 1.249597
0.549295 0.969695 0.513831 1.208231 0.047663 0.104808 0.172367 0.379027 1.114465 1.055402 1.039947 1.366390 0.617319 1.143990
0.605633 0.969695 0.681776 1.208231 0.063241 0.104808 0.228705 0.379027 1.143284 1.012513 0.103338 -0.353876 0.635356 1.027882
0.746480 1.000000 1.101645 1.304835 0.102188 0.113188 0.369551 0.409333 1.247891 0.929552 1.144553 1.283429 0.724421 0.836429
0.873239 1.000000 1.479519 1.304835 0.137239 0.113188 0.496310 0.409333 1.327609 0.852965 0.183056 -0.430464 0.796582 0.689652
0.929577 0.969695 1.647464 1.208231 0.152818 0.104808 0.552648 0.379027 1.343287 0.806518 1.160231 1.236982 0.810427 0.601158
0.985914 0.909089 1.815409 1.015037 0.168396 0.088050 0.608986 0.318421 1.341070 0.744879 0.180839 -0.492103 0.808739 0.481777
1.000000 0.878788 1.857398 0.918447 0.172291 0.079671 0.623072 0.288121 1.331266 0.720971 1.150427 1.213074 0.800051 0.433134
1.000000 0.818182 1.857398 0.725252 0.172291 0.062912 0.623072 0.227515 1.292061 0.685730 0.141635 -0.527344 0.763494 0.350107
0.971831 0.727271 1.773426 0.435453 0.164502 0.037773 0.594903 0.136604 1.213828 0.642445 1.072194 1.169789 0.690398 0.225711
0.929577 0.666665 1.647464 0.242259 0.152818 0.021015 0.552648 0.075998 1.143921 0.622157 0.071727 -0.547632 0.623993 0.136658
0.873239 0.666665 1.479519 0.242259 0.137239 0.021015 0.496310 0.075998 1.098630 0.652047 1.026903 1.199679 0.574692 0.151945
0.859155 0.666665 1.437536 0.242259 0.133345 0.021015 0.482227 0.075998 1.087470 0.659906 0.060567 -0.539773 0.562575 0.156312
0.830986 0.727271 1.353563 0.435453 0.125556 0.037773 0.454058 0.136604 1.104292 0.718938 1.043726 1.258711 0.573506 0.292237
0.816901 0.757576 1.311574 0.532058 0.121661 0.046153 0.439973 0.166909 1.114114 0.747737 0.070388 -0.510974 0.581781 0.362589
0.816901 0.818182 1.311574 0.725252 0.121661 0.062912 0.439973 0.227515 1.156179 0.786182 1.085791 1.297156 0.623122 0.477243
