0.035088 0.535717 -1.227720 0.030954 -0.089746 0.002351 -0.389628 0.010206 0.536865 1.505393 0.536865 1.505393 0.405131 -0.026187
0.017545 0.535717 -1.282996 0.030954 -0.093787 0.002351 -0.407171 0.010206 0.536004 1.538057 -0.000861 0.032664 0.422030 -0.025060
0.000000 0.535717 -1.338281 0.030954 -0.097828 0.002351 -0.424716 0.010206 0.535717 1.570796 0.536578 1.538132 0.438981 -0.024025
0.000000 0.571429 -1.338281 0.139267 -0.097828 0.010576 -0.424716 0.045917 0.571429 1.570796 0.034851 0.032664 0.449342 -0.107695
0.000000 0.607146 -1.338281 0.247596 -0.097828 0.018803 -0.424716 0.081634 0.607146 1.570796 0.572295 1.538132 0.462238 -0.189893
0.000000 0.642857 -1.338281 0.355909 -0.097828 0.027029 -0.424716 0.117346 0.642857 1.570796 0.070563 0.032664 0.477461 -0.269568
0.000000 0.714286 -1.338281 0.572552 -0.097828 0.043482 -0.424716 0.188774 0.714286 1.570796 0.643723 1.538132 0.514037 -0.418248
0.017545 0.785714 -1.282996 0.789194 -0.093787 0.059935 -0.407171 0.260203 0.785910 1.548470 0.142187 0.010338 0.544158 -0.568640
0.035088 0.857143 -1.227720 1.005836 -0.089746 0.076387 -0.389628 0.331632 0.857861 1.529884 0.715674 1.519546 0.582068 -0.705161
0.052633 0.892860 -1.172435 1.114166 -0.085705 0.084614 -0.372083 0.367349 0.894410 1.511916 0.178736 -0.007630 0.598001 -0.778995
0.070175 0.892860 -1.117159 1.114166 -0.081664 0.084614 -0.354541 0.367349 0.895613 1.492362 0.716877 1.499992 0.587246 -0.803139
0.105263 0.928571 -1.006598 1.222479 -0.073582 0.092840 -0.319453 0.403060 0.934519 1.457918 0.217641 -0.042073 0.596591 -0.900603
0.122808 0.928571 -0.951313 1.222479 -0.069541 0.092840 -0.301908 0.403060 0.936657 1.439305 0.719016 1.481378 0.587383 -0.927910
0.140350 0.892860 -0.896037 1.114166 -0.065500 0.084614 -0.284365 0.367349 0.903823 1.414880 0.184808 -0.066498 0.547743 -0.912047
0.157895 0.857143 -0.840752 1.005836 -0.061459 0.076387 -0.266820 0.331632 0.871565 1.388627 0.686757 1.455125 0.508120 -0.893276
0.175438 0.821431 -0.785476 0.897523 -0.057418 0.068162 -0.249278 0.295920 0.839957 1.360382 0.153200 -0.094743 0.468532 -0.870741
0.175438 0.750003 -0.785476 0.680881 -0.057418 0.051709 -0.249278 0.224491 0.770248 1.341012 0.617048 1.435755 0.409818 -0.733128
0.192983 0.714286 -0.730191 0.572552 -0.053377 0.043482 -0.231733 0.188774 0.739896 1.306920 0.122848 -0.128835 0.370878 -0.683593
0.192983 0.642857 -0.730191 0.355909 -0.053377 0.027029 -0.231733 0.117346 0.671199 1.279160 0.548351 1.407995 0.318254 -0.468742
0.192983 0.607146 -0.730191 0.247596 -0.053377 0.018803 -0.231733 0.081634 0.637078 1.263042 0.088727 -0.144952 0.294925 -0.338702
0.157895 0.500000 -0.840752 -0.077376 -0.061459 -0.005876 -0.266820 -0.025511 0.524339 1.264916 0.435611 1.409869 0.277238 0.095323
0.140350 0.464288 -0.896037 -0.185689 -0.065500 -0.014102 -0.284365 -0.061223 0.485038 1.277239 0.049427 -0.132630 0.287106 0.212060
0.122808 0.392860 -0.951313 -0.402331 -0.069541 -0.030555 -0.301908 -0.132651 0.411607 1.267821 0.362181 1.400450 0.303584 0.413985
0.105263 0.357143 -1.006598 -0.510660 -0.073582 -0.038782 -0.319453 -0.168368 0.372332 1.284176 0.010152 -0.116274 0.326521 0.485055
0.087720 0.285714 -1.061874 -0.727303 -0.077623 -0.055234 -0.336995 -0.239797 0.298877 1.272911 0.288726 1.389185 0.364537 0.618451
0.087720 0.250003 -1.061874 -0.835616 -0.077623 -0.063460 -0.336995 -0.275509 0.264946 1.233340 -0.023780 -0.155845 0.379593 0.685347
0.070175 0.142857 -1.117159 -1.160587 -0.081664 -0.088140 -0.354541 -0.382654 0.159163 1.114192 0.182942 1.270037 0.452927 0.823516
0.070175 0.107146 -1.117159 -1.268900 -0.081664 -0.096366 -0.354541 -0.418366 0.128081 0.990948 -0.054862 -0.279089 0.475972 0.867789
0.087720 0.071429 -1.061874 -1.377230 -0.077623 -0.104593 -0.336995 -0.454083 0.113123 0.683386 0.167985 0.962475 0.488239 0.932341
0.087720 0.035717 -1.061874 -1.485543 -0.077623 -0.112818 -0.336995 -0.489794 0.094713 0.386671 -0.073272 -0.575804 0.514671 0.968146
0.105263 0.000000 -1.006598 -1.593872 -0.073582 -0.121045 -0.319453 -0.525511 0.105263 0.000000 0.178535 0.575804 0.531445 1.024596
0.140350 0.000000 -0.896037 -1.593872 -0.065500 -0.121045 -0.284365 -0.525511 0.140350 0.000000 -0.038184 -0.575804 0.511123 1.074795
0.192983 0.000000 -0.730191 -1.593872 -0.053377 -0.121045 -0.231733 -0.525511 0.192983 0.000000 0.231167 0.575804 0.483822 1.155480
0.210525 0.000000 -0.674914 -1.593872 -0.049336 -0.121045 -0.214190 -0.525511 0.210525 0.000000 -0.020642 -0.575804 0.475669 1.183769
0.245613 0.000000 -0.564353 -1.593872 -0.041254 -0.121045 -0.179103 -0.525511 0.245613 0.000000 0.266255 0.575804 0.460935 1.242327
0.280701 0.107146 -0.453792 -1.268900 -0.033172 -0.096366 -0.144015 -0.418366 0.300455 0.364638 0.034200 -0.211166 0.348699 1.239269
0.280701 0.142857 -0.453792 -1.160587 -0.033172 -0.088140 -0.144015 -0.382654 0.314962 0.470767 0.280762 0.681932 0.316519 1.210835
0.298246 0.214286 -0.398507 -0.943945 -0.029131 -0.071687 -0.126470 -0.311226 0.367245 0.623026 0.086483 -0.058906 0.245511 1.184818
0.298246 0.250003 -0.398507 -0.835616 -0.029131 -0.063460 -0.126470 -0.275509 0.389168 0.697629 0.302685 0.756535 0.215683 1.140449
0.298246 0.285714 -0.398507 -0.727303 -0.029131 -0.055234 -0.126470 -0.239797 0.413017 0.763942 0.110332 0.007407 0.187926 1.085466
0.315791 0.321431 -0.343223 -0.618973 -0.025090 -0.047007 -0.108925 -0.204080 0.450602 0.794249 0.340270 0.786843 0.150108 1.080526
0.315791 0.357143 -0.343223 -0.510660 -0.025090 -0.038782 -0.108925 -0.168368 0.476734 0.846771 0.136464 0.059928 0.128182 0.996573
0.315791 0.321431 -0.343223 -0.618973 -0.025090 -0.047007 -0.108925 -0.204080 0.450602 0.794249 0.314138 0.734321 0.150108 1.080526
0.315791 0.285714 -0.343223 -0.727303 -0.025090 -0.055234 -0.108925 -0.239797 0.425860 0.735438 0.111722 0.001116 0.176596 1.144424
0.315791 0.250003 -0.343223 -0.835616 -0.025090 -0.063460 -0.108925 -0.275509 0.402772 0.669642 0.291050 0.668526 0.205887 1.194297
0.315791 0.214286 -0.343223 -0.943945 -0.025090 -0.071687 -0.108925 -0.311226 0.381631 0.596197 0.090581 -0.072329 0.236950 1.234133
0.333333 0.178574 -0.287946 -1.052258 -0.021049 -0.079913 -0.091382 -0.346937 0.378153 0.491815 0.287572 0.564144 0.262557 1.313249
0.350878 0.142857 -0.232662 -1.160587 -0.017008 -0.088140 -0.073837 -0.382654 0.378845 0.386648 0.091273 -0.177496 0.291370 1.380178
0.385966 0.071429 -0.122100 -1.377230 -0.008926 -0.104593 -0.038750 -0.454083 0.392520 0.182994 0.301247 0.360490 0.355406 1.485666
0.421054 0.071429 -0.011539 -1.377230 -0.000844 -0.104593 -0.003662 -0.454083 0.427069 0.168043 0.125823 -0.192448 0.353306 1.562732
0.456141 0.071429 0.099022 -1.377230 0.007238 -0.104593 0.031425 -0.454083 0.461700 0.155332 0.335877 0.347779 0.354682 -1.501700
0.491229 0.071429 0.209583 -1.377230 0.015320 -0.104593 0.066513 -0.454083 0.496395 0.144396 0.160517 -0.203384 0.359494 -1.425353
0.543859 0.071429 0.375420 -1.377230 0.027443 -0.104593 0.119143 -0.454083 0.548529 0.130589 0.388012 0.333973 0.372836 -1.314198
0.561404 0.107146 0.430705 -1.268900 0.031485 -0.096366 0.136688 -0.418366 0.571537 0.188585 0.183525 -0.145388 0.345738 -1.255010
0.578946 0.214286 0.485982 -0.943945 0.035525 -0.071687 0.154231 -0.311226 0.617331 0.354495 0.433806 0.499882 0.260898 -1.110708
0.596492 0.285714 0.541266 -0.727303 0.039567 -0.055234 0.171776 -0.239797 0.661389 0.446700 0.227583 -0.053183 0.220971 -0.949189
0.596492 0.357143 0.541266 -0.510660 0.039567 -0.038782 0.171776 -0.168368 0.695236 0.539492 0.467653 0.592674 0.184589 -0.775381
0.578946 0.535717 0.485982 0.030954 0.035525 0.002351 0.154231 0.010206 0.788779 0.746635 0.321125 0.153961 0.190022 0.066075
0.543859 0.607146 0.375420 0.247596 0.027443 0.018803 0.119143 0.081634 0.815112 0.840327 0.493987 0.686366 0.217889 0.600709
0.491229 0.714286 0.209583 0.572552 0.015320 0.043482 0.066513 0.188774 0.866897 0.968359 0.372910 0.281993 0.297111 1.232037
0.473684 0.785714 0.154298 0.789194 0.011279 0.059935 0.048968 0.260203 0.917455 1.028269 0.544545 0.746276 0.364305 1.384781
0.456141 0.821431 0.099022 0.897523 0.007238 0.068162 0.031425 0.295920 0.939582 1.063893 0.395037 0.317617 0.397958 1.464997
0.421054 0.857143 -0.011539 1.005836 -0.000844 0.076387 -0.003662 0.331632 0.954976 1.114190 0.559940 0.796573 0.432443 -1.559754
0.403508 0.857143 -0.066824 1.005836 -0.004885 0.076387 -0.021207 0.331632 0.947372 1.130813 0.387432 0.334240 0.432947 -1.506935
0.438596 0.857143 0.043737 1.005836 0.003197 0.076387 0.013880 0.331632 0.962840 1.097836 0.575408 0.763596 0.432650 1.528966
0.473684 0.857143 0.154298 1.005836 0.011279 0.076387 0.048968 0.331632 0.979321 1.065935 0.403913 0.302339 0.435191 1.424198
0.526316 0.857143 0.320144 1.005836 0.023403 0.076387 0.101601 0.331632 1.005834 1.020120 0.601921 0.717781 0.444203 1.273509
0.596492 0.892860 0.541266 1.114166 0.039567 0.084614 0.171776 0.367349 1.073779 0.981824 0.471858 0.264043 0.498664 1.133395
0.649122 0.892860 0.707104 1.114166 0.051689 0.084614 0.224406 0.367349 1.103883 0.942169 0.632025 0.678126 0.519150 1.022415
0.771929 0.928571 1.094072 1.222479 0.079977 0.092840 0.347214 0.403060 1.207526 0.877254 0.575501 0.199128 0.611905 0.859696
0.842105 0.928571 1.315194 1.222479 0.096141 0.092840 0.417389 0.403060 1.253549 0.834192 0.678048 0.635064 0.654281 0.767935
0.877192 0.928571 1.425755 1.222479 0.104223 0.092840 0.452476 0.403060 1.277384 0.813843 0.599337 0.178779 0.677204 0.727702
0.912280 0.964288 1.536317 1.330808 0.112305 0.101067 0.487564 0.438777 1.327444 0.813106 0.728107 0.634327 0.727226 0.732781
0.929825 0.964288 1.591601 1.330808 0.116346 0.101067 0.505109 0.438777 1.339562 0.803591 0.611455 0.169265 0.739103 0.715238
0.929825 0.928571 1.591601 1.222479 0.116346 0.092840 0.505109 0.403060 1.314085 0.784724 0.702630 0.615459 0.713446 0.673500
0.929825 0.892860 1.591601 1.114166 0.116346 0.084614 0.505109 0.367349 1.289098 0.765120 0.586468 0.149661 0.688690 0.628792
0.912280 0.821431 1.536317 0.897523 0.112305 0.068162 0.487564 0.295920 1.227601 0.733045 0.641133 0.583384 0.628571 0.545504
0.894737 0.714286 1.481040 0.572552 0.108264 0.043482 0.470022 0.188774 1.144884 0.673715 0.503751 0.090331 0.552061 0.381910
0.894737 0.678574 1.481040 0.464239 0.108264 0.035256 0.470022 0.153063 1.122950 0.648859 0.619199 0.558528 0.534195 0.314820
0.894737 0.642857 1.481040 0.355909 0.108264 0.027029 0.470022 0.117346 1.101735 0.623026 0.482536 0.064498 0.518176 0.244659
0.894737 0.535717 1.481040 0.030954 0.108264 0.002351 0.470022 0.010206 1.042855 0.539494 0.560320 0.474996 0.482951 0.021710
0.912280 0.500000 1.536317 -0.077376 0.112305 -0.005876 0.487564 -0.025511 1.040315 0.501366 0.479995 0.026370 0.493342 -0.052276
0.947367 0.464288 1.646878 -0.185689 0.120387 -0.014102 0.522652 -0.061223 1.055021 0.455682 0.575026 0.429312 0.524148 -0.116608
0.964912 0.464288 1.702162 -0.185689 0.124428 -0.014102 0.540197 -0.061223 1.070803 0.448472 0.495777 0.019159 0.541644 -0.112853
0.982455 0.500000 1.757439 -0.077376 0.128469 -0.005876 0.557739 -0.025511 1.102369 0.470765 0.606592 0.451606 0.562797 -0.045709
1.000000 0.535717 1.812724 0.030954 0.132510 0.002351 0.575284 0.010206 1.134457 0.491811 0.527865 0.040205 0.585895 0.017738
1.000000 0.642857 1.812724 0.355909 0.132510 0.027029 0.575284 0.117346 1.188808 0.571337 0.660943 0.531132 0.615254 0.201218
0.982455 0.785714 1.757439 0.789194 0.128469 0.059935 0.557739 0.260203 1.258000 0.674586 0.597057 0.143454 0.664374 0.436516
0.982455 0.821431 1.757439 0.897523 0.128469 0.068162 0.557739 0.295920 1.280612 0.696369 0.683555 0.552916 0.684439 0.487804
0.947367 0.928571 1.646878 1.222479 0.120387 0.092840 0.522652 0.403060 1.326556 0.775379 0.643001 0.222463 0.725972 0.656921
0.929825 1.000000 1.591601 1.439121 0.116346 0.109293 0.505109 0.474489 1.365494 0.821746 0.722493 0.599282 0.765563 0.754150
