0.019998 0.559998 -1.273236 -0.044448 -0.098391 -0.003465 -0.405716 -0.014287 0.560355 1.535100 0.560355 1.535100 0.427361 0.035200
0.019998 0.600001 -1.273236 0.080002 -0.098391 0.006236 -0.405716 0.025716 0.600334 1.537478 0.039979 0.002378 0.441567 -0.063299
0.019998 0.680001 -1.273236 0.328884 -0.098391 0.025637 -0.405716 0.105715 0.680295 1.541395 0.640316 1.539017 0.478818 -0.254898
0.000000 0.799998 -1.335997 0.702198 -0.103241 0.054738 -0.425714 0.225712 0.799998 1.570796 0.159682 0.031779 0.566852 -0.487512
0.000000 0.840000 -1.335997 0.826648 -0.103241 0.064439 -0.425714 0.265715 0.840000 1.570796 0.680319 1.539017 0.594025 -0.557997
0.000000 0.879997 -1.335997 0.951079 -0.103241 0.074139 -0.425714 0.305712 0.879997 1.570796 0.199679 0.031779 0.622580 -0.622781
0.019998 0.920000 -1.273236 1.075530 -0.098391 0.083840 -0.405716 0.345715 0.920218 1.549062 0.720539 1.517283 0.639472 -0.705718
0.059998 0.959997 -1.147706 1.199961 -0.088691 0.093540 -0.365716 0.385712 0.961870 1.508379 0.241331 -0.008904 0.647461 -0.812002
0.080000 1.000000 -1.084937 1.324412 -0.083840 0.103241 -0.345714 0.425715 1.003195 1.490966 0.761864 1.499871 0.670315 -0.888733
0.120000 1.000000 -0.959407 1.324412 -0.074139 0.103241 -0.305714 0.425715 1.007174 1.451367 0.245311 -0.048503 0.650588 -0.948012
0.139998 0.959997 -0.896647 1.199961 -0.069290 0.093540 -0.285716 0.385712 0.970152 1.425985 0.724841 1.474488 0.605881 -0.933242
0.160000 0.959997 -0.833877 1.199961 -0.064439 0.093540 -0.265714 0.385712 0.973239 1.405647 0.248398 -0.068841 0.596710 -0.967563
0.179998 0.920000 -0.771117 1.075530 -0.059589 0.083840 -0.245716 0.345715 0.937443 1.377586 0.689045 1.446427 0.551992 -0.952894
0.200000 0.879997 -0.708347 0.951079 -0.054738 0.074139 -0.225714 0.305712 0.902439 1.347319 0.213393 -0.099108 0.507267 -0.934810
0.200000 0.799998 -0.708347 0.702198 -0.054738 0.054738 -0.225714 0.225712 0.824619 1.325817 0.611225 1.424925 0.437075 -0.785393
0.200000 0.760001 -0.708347 0.577766 -0.054738 0.045038 -0.225714 0.185715 0.785876 1.313473 0.174651 -0.111452 0.403354 -0.688483
0.200000 0.719998 -0.708347 0.453316 -0.054738 0.035337 -0.225714 0.145712 0.747260 1.299849 0.572609 1.411301 0.370877 -0.573248
0.200000 0.639998 -0.708347 0.204434 -0.054738 0.015936 -0.225714 0.065713 0.670520 1.267911 0.097911 -0.143391 0.311231 -0.283301
0.160000 0.520001 -0.833877 -0.168879 -0.064439 -0.013165 -0.265714 -0.054284 0.544060 1.272298 0.446149 1.415689 0.281947 0.201522
0.139998 0.479999 -0.896647 -0.293330 -0.069290 -0.022866 -0.285716 -0.094287 0.499998 1.287004 0.053849 -0.128684 0.290827 0.318750
0.120000 0.440002 -0.959407 -0.417761 -0.074139 -0.032565 -0.305714 -0.134284 0.456072 1.304545 0.402222 1.433230 0.306048 0.413875
0.099998 0.360002 -1.022177 -0.666643 -0.078990 -0.051966 -0.325716 -0.214284 0.373632 1.299855 -0.028590 -0.133375 0.332278 0.581898
0.099998 0.319999 -1.022177 -0.791093 -0.078990 -0.061668 -0.325716 -0.254286 0.335260 1.267915 0.363850 1.401290 0.342442 0.662862
0.080000 0.280002 -1.084937 -0.915525 -0.083840 -0.071367 -0.345714 -0.294283 0.291206 1.292499 -0.072643 -0.108791 0.375167 0.705209
0.080000 0.160000 -1.084937 -1.288857 -0.083840 -0.100469 -0.345714 -0.414286 0.178885 1.107148 0.251528 1.215939 0.436031 0.875380
0.099998 0.120003 -1.022177 -1.413289 -0.078990 -0.110169 -0.325716 -0.454283 0.156206 0.876076 -0.095322 -0.339862 0.446711 0.948759
0.099998 0.080000 -1.022177 -1.537739 -0.078990 -0.119870 -0.325716 -0.494286 0.128061 0.674747 0.223383 1.014609 0.474983 0.988146
0.120000 0.040003 -0.959407 -1.662170 -0.074139 -0.129570 -0.305714 -0.534283 0.126492 0.321772 -0.096891 -0.692837 0.492173 1.051072
0.139998 0.000000 -0.896647 -1.786621 -0.069290 -0.139271 -0.285716 -0.574285 0.139998 0.000000 0.236890 0.692837 0.512705 1.109139
0.219998 0.000000 -0.645587 -1.786621 -0.049889 -0.139271 -0.205716 -0.574285 0.219998 0.000000 -0.016891 -0.692837 0.472812 1.226825
0.240000 0.040003 -0.582817 -1.662170 -0.045038 -0.129570 -0.185714 -0.534283 0.243311 0.165160 0.260202 0.857997 0.428092 1.236265
0.259998 0.080000 -0.520057 -1.537739 -0.040188 -0.119870 -0.165716 -0.494286 0.272028 0.298500 0.011826 -0.559497 0.383380 1.247310
0.280000 0.160000 -0.457287 -1.288857 -0.035337 -0.100469 -0.145714 -0.414286 0.322490 0.519145 0.310665 1.078642 0.303046 1.232587
0.280000 0.200002 -0.457287 -1.164407 -0.035337 -0.090768 -0.145714 -0.374283 0.344094 0.620255 0.033430 -0.458387 0.268660 1.199534
0.280000 0.239999 -0.457287 -1.039975 -0.035337 -0.081068 -0.145714 -0.334286 0.368781 0.708625 0.335351 1.167012 0.236056 1.159733
0.280000 0.319999 -0.457287 -0.791093 -0.035337 -0.061668 -0.145714 -0.254286 0.425205 0.851965 0.089854 -0.315047 0.180023 1.050442
0.280000 0.360002 -0.457287 -0.666643 -0.035337 -0.051966 -0.145714 -0.214284 0.456072 0.909756 0.366218 1.224803 0.159846 0.973615
0.280000 0.399999 -0.457287 -0.542212 -0.035337 -0.042267 -0.145714 -0.174287 0.488261 0.960069 0.122043 -0.264734 0.147966 0.874451
0.280000 0.440002 -0.457287 -0.417761 -0.035337 -0.032565 -0.145714 -0.134284 0.521538 1.004069 0.399494 1.268803 0.146413 0.744598
0.280000 0.399999 -0.457287 -0.542212 -0.035337 -0.042267 -0.145714 -0.174287 0.488261 0.960069 0.088767 -0.308734 0.147966 0.874451
0.280000 0.360002 -0.457287 -0.666643 -0.035337 -0.051966 -0.145714 -0.214284 0.456072 0.909756 0.367305 1.218490 0.159846 0.973615
0.299998 0.319999 -0.394527 -0.791093 -0.030488 -0.061668 -0.125716 -0.254286 0.438633 0.817646 0.071328 -0.400843 0.164256 1.111650
0.299998 0.280002 -0.394527 -0.915525 -0.030488 -0.071367 -0.125716 -0.294283 0.410366 0.750935 0.339038 1.151779 0.192449 1.167070
0.320000 0.200002 -0.331757 -1.164407 -0.025637 -0.090768 -0.105714 -0.374283 0.377361 0.558605 0.038322 -0.593174 0.249241 1.295522
0.360000 0.160000 -0.206227 -1.288857 -0.015936 -0.100469 -0.065714 -0.414286 0.393954 0.418223 0.355632 1.011397 0.273720 1.413487
0.419998 0.120003 -0.017937 -1.413289 -0.001386 -0.110169 -0.005716 -0.454283 0.436806 0.278306 0.081174 -0.733091 0.305765 1.558215
0.440000 0.120003 0.044832 -1.413289 0.003464 -0.110169 0.014286 -0.454283 0.456071 0.266258 0.374897 0.999349 0.306045 -1.539360
0.480000 0.120003 0.170362 -1.413289 0.013165 -0.110169 0.054286 -0.454283 0.494773 0.244984 0.119876 -0.754365 0.310494 -1.451863
0.520000 0.120003 0.295892 -1.413289 0.022865 -0.110169 0.094286 -0.454283 0.533667 0.226804 0.413791 0.981168 0.319921 -1.366153
0.560000 0.200002 0.421422 -1.164407 0.032566 -0.090768 0.134286 -0.374283 0.594644 0.343028 0.180853 -0.638141 0.262638 -1.226320
0.560000 0.280002 0.421422 -0.915525 0.032566 -0.071367 0.134286 -0.294283 0.626100 0.463651 0.445247 1.101791 0.198153 -1.142704
0.560000 0.360002 0.421422 -0.666643 0.032566 -0.051966 0.134286 -0.214284 0.665734 0.571340 0.220486 -0.530451 0.149502 -1.010995
0.560000 0.520001 0.421422 -0.168879 0.032566 -0.013165 0.134286 -0.054284 0.764200 0.748379 0.543714 1.278831 0.164082 -0.384158
0.540002 0.600001 0.358662 0.080002 0.027716 0.006236 0.114287 0.025716 0.807219 0.837981 0.263506 -0.440850 0.208417 0.221323
0.520000 0.680001 0.295892 0.328884 0.022865 0.025637 0.094286 0.105715 0.856038 0.917950 0.592532 1.358800 0.271204 0.842484
0.500002 0.760001 0.233132 0.577766 0.018016 0.045038 0.074287 0.185715 0.909727 0.988890 0.317194 -0.369910 0.342441 1.190284
0.440000 0.840000 0.044832 0.826648 0.003464 0.064439 0.014286 0.265715 0.948262 1.088283 0.631068 1.458193 0.414533 1.517084
0.440000 0.879997 0.044832 0.951079 0.003464 0.074139 0.014286 0.305712 0.983868 1.107148 0.352800 -0.351046 0.454508 1.524101
0.419998 0.879997 -0.017937 0.951079 -0.001386 0.074139 -0.005716 0.305712 0.975087 1.125496 0.622287 1.476541 0.454319 -1.552102
0.440000 0.920000 0.044832 1.075530 0.003464 0.083840 0.014286 0.345715 1.019804 1.124691 0.397517 -0.351851 0.494492 1.529497
0.480000 0.920000 0.170362 1.075530 0.013165 0.083840 0.054286 0.345715 1.037690 1.089909 0.640173 1.441760 0.497258 1.415043
0.620002 0.920000 0.609722 1.075530 0.047117 0.083840 0.194287 0.345715 1.109415 0.977793 0.469243 -0.463967 0.531099 1.058796
0.680000 0.959997 0.798012 1.199961 0.061667 0.093540 0.254286 0.385712 1.176433 0.954498 0.707190 1.418465 0.591709 0.987936
0.740002 0.959997 0.986311 1.199961 0.076218 0.093540 0.314287 0.385712 1.212104 0.914092 0.504914 -0.504373 0.619867 0.887081
0.780002 0.959997 1.111841 1.199961 0.085919 0.093540 0.354287 0.385712 1.236930 0.888477 0.732016 1.392850 0.641075 0.827838
0.860002 0.959997 1.362901 1.199961 0.105320 0.093540 0.434287 0.385712 1.288874 0.840286 0.556858 -0.552564 0.688523 0.726229
0.880000 0.959997 1.425661 1.199961 0.110170 0.093540 0.454286 0.385712 1.302304 0.828848 0.745446 1.381412 0.701309 0.703943
0.900002 0.959997 1.488431 1.199961 0.115020 0.093540 0.474287 0.385712 1.315902 0.817643 0.570456 -0.563769 0.714427 0.682765
0.920000 0.959997 1.551191 1.199961 0.119870 0.093540 0.494286 0.385712 1.329660 0.806670 0.759203 1.370439 0.727858 0.662638
0.920000 0.920000 1.551191 1.075530 0.119870 0.083840 0.494286 0.345715 1.301077 0.785398 0.541873 -0.585041 0.699026 0.610338
0.880000 0.879997 1.425661 0.951079 0.110170 0.074139 0.454286 0.305712 1.244506 0.785397 0.702633 1.370438 0.642455 0.592340
0.880000 0.840000 1.425661 0.826648 0.110170 0.064439 0.454286 0.265715 1.216553 0.762147 0.513920 -0.608291 0.614824 0.529248
0.860002 0.719998 1.362901 0.453316 0.105320 0.035337 0.434287 0.145712 1.121606 0.697019 0.607686 1.305310 0.524603 0.323718
0.860002 0.639998 1.362901 0.204434 0.105320 0.015936 0.434287 0.065713 1.072008 0.639767 0.464322 -0.665542 0.484276 0.150172
0.860002 0.520001 1.362901 -0.168879 0.105320 -0.013165 0.434287 -0.054284 1.004990 0.543833 0.540668 1.209375 0.444405 -0.124351
0.880000 0.520001 1.425661 -0.168879 0.110170 -0.013165 0.454286 -0.054284 1.022155 0.533709 0.481487 -0.675666 0.463967 -0.118929
0.940002 0.479999 1.613961 -0.293330 0.124721 -0.022866 0.514287 -0.094287 1.055463 0.472120 0.573975 1.147786 0.517144 -0.181322
0.980002 0.479999 1.739491 -0.293330 0.134421 -0.022866 0.554287 -0.094287 1.091239 0.455449 0.517263 -0.692337 0.556939 -0.168492
1.000000 0.559998 1.802251 -0.044448 0.139271 -0.003465 0.574286 -0.014287 1.146123 0.510487 0.628860 1.202824 0.589777 -0.024873
1.000000 0.639998 1.802251 0.204434 0.139271 0.015936 0.574286 0.065713 1.187265 0.569312 0.558405 -0.633512 0.612961 0.113929
1.000000 0.719998 1.802251 0.453316 0.139271 0.035337 0.574286 0.145712 1.232232 0.624022 0.673827 1.257534 0.645296 0.248484
0.980002 0.840000 1.739491 0.826648 0.134421 0.064439 0.554287 0.265715 1.290738 0.708626 0.616910 -0.548908 0.692003 0.447017
0.940002 0.920000 1.613961 1.075530 0.124721 0.083840 0.514287 0.345715 1.315296 0.774645 0.698386 1.323553 0.713309 0.591838
0.940002 0.959997 1.613961 1.199961 0.124721 0.093540 0.514287 0.385712 1.343576 0.795922 0.645191 -0.527631 0.741586 0.643496
