0.033898 0.354835 -1.384964 -0.458859 -0.109577 -0.037167 -0.427376 -0.144959 0.356451 1.475553 0.356451 1.475553 0.440431 0.327006
0.016948 0.354835 -1.439894 -0.458859 -0.113923 -0.037167 -0.444326 -0.144959 0.355240 1.523070 -0.001211 0.047517 0.456897 0.315356
0.016948 0.419351 -1.439894 -0.254637 -0.113923 -0.020625 -0.444326 -0.080443 0.419694 1.530404 0.420905 1.482887 0.446300 0.179104
0.000000 0.483867 -1.494815 -0.050415 -0.118268 -0.004084 -0.461274 -0.015927 0.483867 1.570796 0.062963 0.087909 0.461827 0.034514
0.000000 0.516128 -1.494815 0.051704 -0.118268 0.004188 -0.461274 0.016334 0.516128 1.570796 0.453165 1.482887 0.464524 -0.035395
0.016948 0.580644 -1.439894 0.255926 -0.113923 0.020729 -0.444326 0.080850 0.580891 1.541617 0.127726 0.058730 0.460082 -0.179991
0.033898 0.645160 -1.384964 0.460148 -0.109577 0.037271 -0.427376 0.145366 0.646050 1.518302 0.518324 1.459572 0.465257 -0.327860
0.050846 0.677415 -1.330042 0.562251 -0.105232 0.045541 -0.410428 0.177621 0.679321 1.495878 0.160997 0.036305 0.463862 -0.408434
0.118643 0.741931 -1.110339 0.766473 -0.087849 0.062083 -0.342632 0.242137 0.751357 1.412228 0.590360 1.375923 0.442905 -0.615207
0.152541 0.741931 -1.000488 0.766473 -0.079158 0.062083 -0.308733 0.242137 0.757450 1.368022 0.167090 -0.007901 0.417235 -0.665089
0.169491 0.741931 -0.945558 0.766473 -0.074812 0.062083 -0.291783 0.242137 0.761045 1.346204 0.593955 1.354105 0.404853 -0.692681
0.186439 0.709676 -0.890636 0.664370 -0.070466 0.053813 -0.274835 0.209882 0.733757 1.313891 0.139802 -0.040214 0.370456 -0.652189
0.186439 0.645160 -0.890636 0.460148 -0.070466 0.037271 -0.274835 0.145366 0.671558 1.289479 0.531757 1.329693 0.330678 -0.486515
0.186439 0.580644 -0.890636 0.255926 -0.070466 0.020729 -0.274835 0.080850 0.609842 1.260105 0.078085 -0.069588 0.299639 -0.286104
0.186439 0.516128 -0.890636 0.051704 -0.070466 0.004188 -0.274835 0.016334 0.548769 1.224155 0.470684 1.293743 0.280256 -0.059361
0.169491 0.451612 -0.945558 -0.152519 -0.074812 -0.012354 -0.291783 -0.048182 0.482370 1.211760 0.011686 -0.081983 0.291943 0.163654
0.169491 0.387096 -0.945558 -0.356741 -0.074812 -0.028895 -0.291783 -0.112698 0.422576 1.158089 0.410890 1.240072 0.301064 0.368588
0.135593 0.258064 -1.055409 -0.765185 -0.083503 -0.061978 -0.325681 -0.241730 0.291517 1.087017 -0.119373 -0.153056 0.383878 0.638509
0.135593 0.193548 -1.055409 -0.969407 -0.083503 -0.078520 -0.325681 -0.306246 0.236318 0.959691 0.355691 1.112746 0.421599 0.754653
0.135593 0.161287 -1.055409 -1.071526 -0.083503 -0.086791 -0.325681 -0.338507 0.210711 0.871731 -0.144980 -0.241015 0.442787 0.804706
0.135593 0.096772 -1.055409 -1.275748 -0.083503 -0.103333 -0.325681 -0.403023 0.166584 0.619856 0.311564 0.860871 0.488805 0.891138
0.135593 0.064516 -1.055409 -1.377851 -0.083503 -0.111603 -0.325681 -0.435278 0.150159 0.444106 -0.161405 -0.416765 0.513308 0.928439
0.135593 0.032256 -1.055409 -1.479970 -0.083503 -0.119875 -0.325681 -0.467539 0.139377 0.233544 0.300782 0.650309 0.538633 0.962365
0.186439 0.000000 -0.890636 -1.582073 -0.070466 -0.128145 -0.274835 -0.499794 0.186439 0.000000 -0.114342 -0.650309 0.536943 1.068032
0.203390 0.000000 -0.835707 -1.582073 -0.066120 -0.128145 -0.257885 -0.499794 0.203390 0.000000 0.317732 0.650309 0.528468 1.094445
0.237288 0.000000 -0.725855 -1.582073 -0.057429 -0.128145 -0.223986 -0.499794 0.237288 0.000000 -0.080444 -0.650309 0.512780 1.149476
0.271186 0.032256 -0.616004 -1.479970 -0.048738 -0.119875 -0.190088 -0.467539 0.273098 0.118386 0.353542 0.768696 0.469245 1.184637
0.288134 0.032256 -0.561082 -1.479970 -0.044392 -0.119875 -0.173140 -0.467539 0.289934 0.111482 -0.063608 -0.657213 0.462639 1.216132
0.305084 0.096772 -0.506152 -1.275748 -0.040046 -0.103333 -0.156190 -0.403023 0.320064 0.307157 0.383672 0.964371 0.396557 1.201072
0.338983 0.193548 -0.396301 -0.969407 -0.031355 -0.078520 -0.122292 -0.306246 0.390346 0.518798 0.006674 -0.445572 0.294334 1.190872
0.338983 0.258064 -0.396301 -0.765185 -0.031355 -0.061978 -0.122292 -0.241730 0.426035 0.650687 0.419362 1.096260 0.237170 1.102439
0.338983 0.322580 -0.396301 -0.560963 -0.031355 -0.045437 -0.122292 -0.177214 0.467939 0.760609 0.048577 -0.335650 0.184909 0.966761
0.355933 0.354835 -0.341371 -0.458859 -0.027009 -0.037167 -0.105341 -0.144959 0.502590 0.783854 0.454013 1.119504 0.149753 0.942376
0.355933 0.387096 -0.341371 -0.356741 -0.027009 -0.028895 -0.105341 -0.112698 0.525863 0.827314 0.071850 -0.292190 0.128838 0.819127
0.355933 0.419351 -0.341371 -0.254637 -0.027009 -0.020625 -0.105341 -0.080443 0.550040 0.867017 0.478190 1.159207 0.113377 0.652173
0.355933 0.387096 -0.341371 -0.356741 -0.027009 -0.028895 -0.105341 -0.112698 0.525863 0.827314 0.047673 -0.331893 0.128838 0.819127
0.355933 0.322580 -0.341371 -0.560963 -0.027009 -0.045437 -0.105341 -0.177214 0.480360 0.736281 0.432688 1.068175 0.174163 1.034483
0.355933 0.290319 -0.341371 -0.663081 -0.027009 -0.053708 -0.105341 -0.209475 0.459319 0.684216 0.026631 -0.383959 0.200804 1.104845
0.355933 0.258064 -0.341371 -0.765185 -0.027009 -0.061978 -0.105341 -0.241730 0.439642 0.627331 0.413011 1.011290 0.228891 1.159830
0.372881 0.193548 -0.286449 -0.969407 -0.022664 -0.078520 -0.088393 -0.306246 0.420120 0.478780 0.007109 -0.532510 0.281941 1.289798
0.389831 0.161287 -0.231520 -1.071526 -0.018318 -0.086791 -0.071443 -0.338507 0.421879 0.392292 0.414770 0.924802 0.308377 1.362795
0.406779 0.129032 -0.176598 -1.173629 -0.013972 -0.095062 -0.054495 -0.370762 0.426753 0.307165 0.011983 -0.617638 0.336682 1.424860
0.474576 0.096772 0.043105 -1.275748 0.003410 -0.103333 0.013301 -0.403023 0.484342 0.201154 0.472358 0.818792 0.364745 -1.537804
0.508474 0.096772 0.152956 -1.275748 0.012102 -0.103333 0.047200 -0.403023 0.517601 0.188068 0.045242 -0.630723 0.367546 -1.454213
0.559323 0.129032 0.317738 -1.173629 0.025139 -0.095062 0.098048 -0.370762 0.574013 0.226727 0.528771 0.857450 0.346408 -1.312264
0.593221 0.161287 0.427589 -1.071526 0.033830 -0.086791 0.131947 -0.338507 0.614756 0.265467 0.085985 -0.591983 0.327722 -1.199122
0.610169 0.193548 0.482511 -0.969407 0.038176 -0.078520 0.148894 -0.306246 0.640130 0.307165 0.554145 0.899147 0.306344 -1.118256
0.627119 0.354835 0.537441 -0.458859 0.042522 -0.037167 0.165845 -0.144959 0.720546 0.514907 0.166401 -0.384241 0.197063 -0.718298
0.627119 0.419351 0.537441 -0.254637 0.042522 -0.020625 0.165845 -0.080443 0.754410 0.589405 0.588009 0.973646 0.171062 -0.451614
0.610169 0.516128 0.482511 0.051704 0.038176 0.004188 0.148894 0.016334 0.799183 0.702096 0.211174 -0.271550 0.158677 0.109263
0.593221 0.677415 0.427589 0.562251 0.033830 0.045541 0.131947 0.177621 0.900446 0.851563 0.689271 1.123114 0.253233 0.931884
0.576270 0.741931 0.372659 0.766473 0.029484 0.062083 0.114996 0.242137 0.939441 0.910415 0.250170 -0.212699 0.303303 1.127412
0.542372 0.806447 0.262808 0.970695 0.020793 0.078624 0.081098 0.306653 0.971867 0.978735 0.721697 1.191434 0.354572 1.312254
0.508474 0.870968 0.152956 1.174933 0.012102 0.095167 0.047200 0.371174 1.008529 1.042371 0.286832 -0.149063 0.412404 1.444312
0.491526 0.870968 0.098035 1.174933 0.007756 0.095167 0.030252 0.371174 1.000092 1.057007 0.713259 1.206069 0.410809 1.489473
0.474576 0.870968 0.043105 1.174933 0.003410 0.095167 0.013301 0.371174 0.991871 1.071890 0.278611 -0.134179 0.409910 1.534976
0.508474 0.870968 0.152956 1.174933 0.012102 0.095167 0.047200 0.371174 1.008529 1.042371 0.729918 1.176550 0.412404 1.444312
0.542372 0.903224 0.262808 1.277036 0.020793 0.103437 0.081098 0.403430 1.053556 1.030020 0.323638 -0.146530 0.449329 1.372419
0.644067 0.903224 0.592362 1.277036 0.046867 0.103437 0.182793 0.403430 1.109340 0.951348 0.785702 1.097879 0.478260 1.145370
0.711863 0.935484 0.812065 1.379155 0.064250 0.111709 0.250589 0.435690 1.175534 0.920319 0.389832 -0.177559 0.536349 1.048846
0.779660 0.935484 1.031768 1.379155 0.081633 0.111709 0.318386 0.435690 1.217785 0.876001 0.827953 1.053561 0.571178 0.939721
0.830509 0.967740 1.196549 1.481258 0.094670 0.119979 0.369234 0.467946 1.275251 0.861564 0.447298 -0.191996 0.626770 0.902765
0.898305 0.967740 1.416252 1.481258 0.112053 0.119979 0.437031 0.467946 1.320406 0.822590 0.873108 1.014587 0.668957 0.819545
0.915256 1.000000 1.471182 1.583377 0.116399 0.128250 0.453981 0.500206 1.355615 0.829616 0.482507 -0.184970 0.704503 0.833804
0.932203 1.000000 1.526103 1.583377 0.120744 0.128250 0.470929 0.500206 1.367115 0.820471 0.884607 1.005442 0.715542 0.815536
0.932203 0.935484 1.526103 1.379155 0.120744 0.111709 0.470929 0.435690 1.320657 0.787155 0.436049 -0.218287 0.668318 0.746549
0.915256 0.870968 1.471182 1.174933 0.116399 0.095167 0.453981 0.371174 1.263439 0.760609 0.827390 0.978896 0.611513 0.685379
0.898305 0.741931 1.416252 0.766473 0.112053 0.062083 0.437031 0.242137 1.165081 0.690349 0.337691 -0.288547 0.519389 0.505948
0.881357 0.677415 1.361330 0.562251 0.107707 0.045541 0.420083 0.177621 1.111612 0.655302 0.773921 0.943849 0.472426 0.400026
0.881357 0.580644 1.361330 0.255926 0.107707 0.020729 0.420083 0.080850 1.055433 0.582541 0.281511 -0.361308 0.436714 0.190136
0.898305 0.516128 1.416252 0.051704 0.112053 0.004188 0.437031 0.016334 1.036021 0.521501 0.754510 0.882810 0.440460 0.037357
0.932203 0.483867 1.526103 -0.050415 0.120744 -0.004084 0.470929 -0.015927 1.050300 0.478777 0.295790 -0.404033 0.471471 -0.033807
0.966102 0.483867 1.635955 -0.050415 0.129435 -0.004084 0.504828 -0.015927 1.080500 0.464323 0.784710 0.868356 0.505333 -0.031538
0.983052 0.516128 1.690885 0.051704 0.133781 0.004188 0.521778 0.016334 1.110306 0.483467 0.325596 -0.384889 0.524653 0.031294
1.000000 0.645160 1.745806 0.460148 0.138127 0.037271 0.538726 0.145366 1.190055 0.572965 0.864459 0.957854 0.569245 0.263556
1.000000 0.774192 1.745806 0.868592 0.138127 0.070354 0.538726 0.274398 1.264663 0.658805 0.400205 -0.299049 0.623011 0.471096
0.983052 0.838708 1.690885 1.072814 0.133781 0.086896 0.521778 0.338914 1.292216 0.706330 0.892011 1.005379 0.643978 0.576049
0.966102 0.935484 1.635955 1.379155 0.129435 0.111709 0.504828 0.435690 1.344798 0.769298 0.452787 -0.236080 0.692622 0.712020
0.966102 1.000000 1.635955 1.583377 0.129435 0.128250 0.504828 0.500206 1.390450 0.802638 0.937663 1.038718 0.738293 0.780800
