0.000000 0.476192 -1.424247 -0.150689 -0.123766 -0.012940 -0.462146 -0.048318 0.476192 1.570796 0.476192 1.570796 0.462359 0.104173
0.000000 0.523808 -1.424247 -0.002190 -0.123766 -0.000188 -0.462146 -0.000702 0.523808 1.570796 0.047616 0.000000 0.466241 0.001520
0.000000 0.571431 -1.424247 0.146331 -0.123766 0.012566 -0.462146 0.046920 0.571431 1.570796 0.523815 1.570796 0.474892 -0.101181
0.000000 0.619046 -1.424247 0.294830 -0.123766 0.025317 -0.462146 0.094536 0.619046 1.570796 0.095231 0.000000 0.488054 -0.201775
0.000000 0.714285 -1.424247 0.591851 -0.123766 0.050823 -0.462146 0.189775 0.714285 1.570796 0.619053 1.570796 0.526453 -0.389643
0.055554 0.809523 -1.253039 0.888871 -0.108888 0.076329 -0.406592 0.285013 0.811427 1.502278 0.192374 -0.068518 0.534778 -0.611384
0.092591 0.857146 -1.138898 1.037393 -0.098969 0.089082 -0.369555 0.332636 0.862132 1.463191 0.669759 1.531709 0.540921 -0.732870
0.111111 0.857146 -1.081823 1.037393 -0.094010 0.089082 -0.351035 0.332636 0.864318 1.441886 0.194559 -0.089823 0.528442 -0.758493
0.166665 0.857146 -0.910616 1.037393 -0.079132 0.089082 -0.295481 0.332636 0.873199 1.378751 0.678640 1.468574 0.493289 -0.844483
0.166665 0.809523 -0.910616 0.888871 -0.079132 0.076329 -0.295481 0.285013 0.826502 1.367753 0.147861 -0.100821 0.456048 -0.767368
0.166665 0.714285 -0.910616 0.591851 -0.079132 0.050823 -0.295481 0.189775 0.733471 1.341566 0.585610 1.442387 0.388436 -0.570913
0.166665 0.666669 -0.910616 0.443352 -0.079132 0.038071 -0.295481 0.142159 0.687186 1.325820 0.101577 -0.116567 0.359358 -0.448422
0.166665 0.571431 -0.910616 0.146331 -0.079132 0.012566 -0.295481 0.046920 0.595240 1.287005 0.493663 1.403572 0.315043 -0.157479
0.166665 0.476192 -0.910616 -0.150689 -0.079132 -0.012940 -0.295481 -0.048318 0.504516 1.234125 0.010853 -0.169447 0.295814 0.162089
0.148148 0.333331 -0.967682 -0.596231 -0.084091 -0.051199 -0.313998 -0.191179 0.364770 1.152569 0.353917 1.322016 0.339393 0.546905
0.129628 0.285715 -1.024757 -0.744731 -0.089051 -0.063951 -0.332518 -0.238795 0.313746 1.144872 -0.040171 -0.177144 0.376425 0.622798
0.129628 0.190477 -1.024757 -1.041751 -0.089051 -0.089457 -0.332518 -0.334033 0.230402 0.973247 0.270573 1.150391 0.429386 0.787672
0.129628 0.095238 -1.024757 -1.338772 -0.089051 -0.114962 -0.332518 -0.429272 0.160853 0.633640 -0.109719 -0.516751 0.495166 0.911731
0.148148 0.047616 -0.967682 -1.487293 -0.084091 -0.127716 -0.313998 -0.476895 0.155612 0.310977 0.265331 0.827728 0.520029 0.988523
0.166665 0.047616 -0.910616 -1.487293 -0.079132 -0.127716 -0.295481 -0.476895 0.173334 0.278283 -0.091998 -0.549445 0.509062 1.016094
0.185185 0.000000 -0.853541 -1.635792 -0.074172 -0.140468 -0.276961 -0.524510 0.185185 0.000000 0.277183 0.549445 0.538782 1.084972
0.240739 0.000000 -0.682333 -1.635792 -0.059294 -0.140468 -0.221407 -0.524510 0.240739 0.000000 -0.036444 -0.549445 0.512445 1.171367
0.277776 0.047616 -0.568192 -1.487293 -0.049376 -0.127716 -0.184370 -0.476895 0.281828 0.169767 0.318272 0.719212 0.453682 1.201891
0.296296 0.095238 -0.511117 -1.338772 -0.044416 -0.114962 -0.165850 -0.429272 0.311226 0.310999 -0.007045 -0.408213 0.402650 1.202111
0.333333 0.142854 -0.396976 -1.190273 -0.034497 -0.102210 -0.128813 -0.381656 0.362655 0.404884 0.369700 0.813097 0.344296 1.245292
0.333333 0.238092 -0.396976 -0.893252 -0.034497 -0.076705 -0.128813 -0.286418 0.409633 0.620244 0.039933 -0.192853 0.258443 1.148161
0.351850 0.380954 -0.339910 -0.447710 -0.029538 -0.038445 -0.110295 -0.143556 0.518579 0.825092 0.478646 1.017945 0.136957 0.915681
0.370370 0.428569 -0.282835 -0.299211 -0.024578 -0.025694 -0.091776 -0.095941 0.566433 0.858115 0.087786 -0.159830 0.097725 0.807584
0.370370 0.476192 -0.282835 -0.150689 -0.024578 -0.012940 -0.091776 -0.048318 0.603269 0.909755 0.515482 1.069585 0.092844 0.484606
0.351850 0.428569 -0.339910 -0.299211 -0.029538 -0.025694 -0.110295 -0.095941 0.554500 0.883388 0.039018 -0.186197 0.115293 0.715907
0.351850 0.333331 -0.339910 -0.596231 -0.029538 -0.051199 -0.110295 -0.191179 0.484673 0.758376 0.445656 0.944573 0.169583 1.047519
0.333333 0.285715 -0.396976 -0.744731 -0.034497 -0.063951 -0.128813 -0.238795 0.439027 0.708628 -0.006629 -0.235945 0.218450 1.076106
0.333333 0.238092 -0.396976 -0.893252 -0.034497 -0.076705 -0.128813 -0.286418 0.409633 0.620244 0.416262 0.856189 0.258443 1.148161
0.333333 0.190477 -0.396976 -1.041751 -0.034497 -0.089457 -0.128813 -0.334033 0.383917 0.519148 -0.032344 -0.337042 0.300661 1.202741
0.351850 0.095238 -0.339910 -1.338772 -0.029538 -0.114962 -0.110295 -0.429272 0.364512 0.264344 0.396857 0.601386 0.383127 1.319300
0.407407 0.047616 -0.168694 -1.487293 -0.014659 -0.127716 -0.054739 -0.476895 0.410181 0.116347 0.013324 -0.485039 0.418129 1.456515
0.444444 0.000000 -0.054553 -1.635792 -0.004741 -0.140468 -0.017701 -0.524510 0.444444 0.000000 0.431121 0.485039 0.462485 1.537061
0.518519 0.000000 0.173730 -1.635792 0.015097 -0.140468 0.056373 -0.524510 0.518519 0.000000 0.087398 -0.485039 0.465571 -1.463731
0.555556 0.047616 0.287871 -1.487293 0.025016 -0.127716 0.093410 -0.476895 0.557592 0.085499 0.470194 0.570538 0.424924 -1.377374
0.574075 0.095238 0.344946 -1.338772 0.029976 -0.114962 0.111930 -0.429272 0.581922 0.164401 0.111727 -0.406137 0.383600 -1.315733
0.592593 0.333331 0.402012 -0.596231 0.034935 -0.051199 0.130447 -0.191179 0.679908 0.512386 0.568181 0.918523 0.183329 -0.972030
0.592593 0.476192 0.402012 -0.150689 0.034935 -0.012940 0.130447 -0.048318 0.760214 0.676917 0.192033 -0.241607 0.131201 -0.354735
0.555556 0.666669 0.287871 0.443352 0.025016 0.038071 0.093410 0.142159 0.867807 0.876060 0.675775 1.117666 0.224845 0.989461
0.537038 0.714285 0.230805 0.591851 0.020057 0.050823 0.074893 0.189775 0.893651 0.926109 0.217877 -0.191557 0.263026 1.194920
0.518519 0.809523 0.173730 0.888871 0.015097 0.076329 0.056373 0.285013 0.961348 1.001112 0.743471 1.192669 0.351922 1.375527
0.500001 0.857146 0.116664 1.037393 0.010138 0.089082 0.037855 0.332636 0.992321 1.042722 0.248850 -0.149947 0.396810 1.457479
0.481481 0.904762 0.059589 1.185892 0.005178 0.101834 0.019336 0.380251 1.024899 1.081750 0.776049 1.231697 0.443038 1.519991
0.500001 0.904762 0.116664 1.185892 0.010138 0.101834 0.037855 0.380251 1.033729 1.065934 0.257680 -0.165763 0.444232 1.471569
0.555556 0.904762 0.287871 1.185892 0.025016 0.101834 0.093410 0.380251 1.061713 1.020121 0.804034 1.185884 0.452365 1.329914
0.685187 0.904762 0.687370 1.185892 0.059732 0.101834 0.223041 0.380251 1.134934 0.922632 0.330900 -0.263252 0.495637 1.040317
0.759261 0.952384 0.915652 1.334413 0.079570 0.114588 0.297115 0.427874 1.217995 0.897752 0.887096 1.161004 0.573246 0.963840
0.814815 0.952384 1.086859 1.334413 0.094447 0.114588 0.352669 0.427874 1.253379 0.863088 0.366284 -0.297916 0.603912 0.881452
0.870372 0.952384 1.258076 1.334413 0.109326 0.114588 0.408226 0.427874 1.290187 0.830362 0.923904 1.128278 0.637951 0.808894
0.925926 0.952384 1.429283 1.334413 0.124204 0.114588 0.463780 0.427874 1.328298 0.799484 0.404394 -0.328794 0.674852 0.745151
0.944446 0.952384 1.486358 1.334413 0.129163 0.114588 0.482300 0.427874 1.341273 0.789583 0.936879 1.118378 0.687711 0.725672
0.925926 0.952384 1.429283 1.334413 0.124204 0.114588 0.463780 0.427874 1.328298 0.799484 0.391419 -0.318894 0.674852 0.745151
0.907409 0.904762 1.372217 1.185892 0.119245 0.101834 0.445263 0.380251 1.281399 0.783937 0.889981 1.102832 0.627828 0.706808
0.888889 0.809523 1.315142 0.888871 0.114285 0.076329 0.426743 0.285013 1.202269 0.738703 0.312288 -0.364129 0.550255 0.588842
0.870372 0.666669 1.258076 0.443352 0.109326 0.038071 0.408226 0.142159 1.096355 0.653637 0.784067 1.017766 0.456594 0.335102
0.870372 0.619046 1.258076 0.294830 0.109326 0.025317 0.408226 0.094536 1.068066 0.618232 0.283999 -0.399534 0.437340 0.227567
0.870372 0.571431 1.258076 0.146331 0.109326 0.012566 0.408226 0.046920 1.041192 0.580956 0.757192 0.980490 0.422601 0.114435
0.907409 0.476192 1.372217 -0.150689 0.119245 -0.012940 0.445263 -0.048318 1.024768 0.483276 0.267576 -0.497214 0.445484 -0.108093
0.962963 0.476192 1.543424 -0.150689 0.134122 -0.012940 0.500817 -0.048318 1.074270 0.459244 0.806694 0.956457 0.501014 -0.096181
0.981483 0.476192 1.600499 -0.150689 0.139082 -0.012940 0.519337 -0.048318 1.090902 0.451718 0.284208 -0.504739 0.519527 -0.092771
1.000000 0.666669 1.657565 0.443352 0.144041 0.038071 0.537854 0.142159 1.201852 0.588004 0.917644 1.092743 0.575427 0.258399
1.000000 0.761908 1.657565 0.740372 0.144041 0.063577 0.537854 0.237397 1.257181 0.651078 0.339537 -0.441665 0.615747 0.415661
1.000000 0.952384 1.657565 1.334413 0.144041 0.114588 0.537854 0.427874 1.380955 0.761015 1.041418 1.202679 0.727750 0.672004
0.981483 1.000000 1.600499 1.482912 0.139082 0.127340 0.519337 0.475490 1.401181 0.794743 0.359763 -0.407936 0.747662 0.741352
