0.136364 0.774197 -0.930442 1.004836 -0.075870 0.079996 -0.285548 0.301077 0.786114 1.396449 0.786114 1.396449 0.453478 -0.811865
0.136364 0.806452 -0.930442 1.112488 -0.075870 0.088566 -0.285548 0.333333 0.817900 1.403290 0.031786 0.006841 0.478967 -0.862457
0.136364 0.838713 -0.930442 1.220156 -0.075870 0.097138 -0.285548 0.365593 0.849726 1.409620 0.817940 1.402779 0.505233 -0.907716
0.136364 0.870968 -0.930442 1.327808 -0.075870 0.105708 -0.285548 0.397848 0.881578 1.415492 0.063638 0.012713 0.532156 -0.948270
0.136364 0.903228 -0.930442 1.435476 -0.075870 0.114280 -0.285548 0.430109 0.913464 1.420954 0.849826 1.408242 0.559646 -0.984714
0.159089 0.935484 -0.856392 1.543128 -0.069832 0.122850 -0.262822 0.462364 0.948915 1.402347 0.099089 -0.005895 0.576916 -1.053913
0.181818 0.935484 -0.782331 1.543128 -0.063793 0.122850 -0.240093 0.462364 0.952989 1.378832 0.853900 1.384727 0.566923 -1.091850
0.227273 1.000000 -0.634219 1.758449 -0.051715 0.139992 -0.194638 0.526880 1.025501 1.347320 0.171601 -0.037407 0.609976 -1.216930
0.249998 1.000000 -0.560169 1.758449 -0.045677 0.139992 -0.171913 0.526880 1.030776 1.325819 0.859175 1.363226 0.603109 -1.255403
0.272727 1.000000 -0.486108 1.758449 -0.039638 0.139992 -0.149184 0.526880 1.036523 1.304544 0.177349 -0.058682 0.597028 -1.294873
0.295453 1.000000 -0.412058 1.758449 -0.033600 0.139992 -0.126458 0.526880 1.042733 1.283516 0.865385 1.342199 0.591759 -1.335239
0.318182 0.935484 -0.337997 1.543128 -0.027561 0.122850 -0.103729 0.462364 0.988114 1.242945 0.122730 -0.099253 0.523944 -1.350105
0.340907 0.903228 -0.263947 1.435476 -0.021523 0.114280 -0.081004 0.430109 0.965422 1.209895 0.842692 1.309148 0.488086 -1.384644
0.340907 0.870968 -0.263947 1.327808 -0.021523 0.105708 -0.081004 0.397848 0.935309 1.197715 0.092617 -0.111433 0.456304 -1.369937
0.340907 0.806452 -0.263947 1.112488 -0.021523 0.088566 -0.081004 0.333333 0.875547 1.170854 0.782930 1.282287 0.392980 -1.332405
0.340907 0.741936 -0.263947 0.897168 -0.021523 0.071425 -0.081004 0.268817 0.816509 1.140084 0.033579 -0.142203 0.330118 -1.278115
0.318182 0.709681 -0.337997 0.789516 -0.027561 0.062854 -0.103729 0.236561 0.777744 1.149319 0.744165 1.291523 0.305894 -1.157556
0.295453 0.645165 -0.412058 0.574195 -0.033600 0.045712 -0.126458 0.172045 0.709598 1.141351 -0.034567 -0.150171 0.256581 -0.936945
0.249998 0.612904 -0.560169 0.466527 -0.045677 0.037141 -0.171913 0.139785 0.661929 1.183506 0.696497 1.333677 0.256968 -0.682686
0.227273 0.548388 -0.634219 0.251207 -0.051715 0.019999 -0.194638 0.075269 0.593618 1.177906 -0.102878 -0.155771 0.232122 -0.368997
0.181818 0.516133 -0.782331 0.143555 -0.063793 0.011429 -0.240093 0.043013 0.547221 1.232100 0.650099 1.387872 0.257919 -0.177271
0.136364 0.483872 -0.930442 0.035887 -0.075870 0.002857 -0.285548 0.010753 0.502720 1.296103 -0.147379 -0.091769 0.292193 -0.037639
0.113635 0.451617 -1.004503 -0.071765 -0.081909 -0.005713 -0.308277 -0.021503 0.465694 1.324296 0.613073 1.416064 0.309704 0.069639
0.068180 0.387096 -1.152615 -0.287102 -0.093986 -0.022857 -0.353731 -0.086024 0.393054 1.396452 -0.220019 -0.019612 0.355440 0.238559
0.045455 0.354840 -1.226665 -0.394754 -0.100025 -0.031427 -0.376457 -0.118279 0.357740 1.443392 0.577758 1.463004 0.382385 0.304425
0.022726 0.290324 -1.300726 -0.610074 -0.106064 -0.048569 -0.399186 -0.182795 0.291212 1.492679 -0.286546 0.029675 0.420314 0.429421
0.000000 0.225808 -1.374776 -0.825394 -0.112102 -0.065711 -0.421911 -0.247311 0.225808 1.570796 0.512354 1.541121 0.465258 0.530188
0.000000 0.129032 -1.374776 -1.148383 -0.112102 -0.091424 -0.421911 -0.344088 0.129032 1.570796 -0.383322 0.029675 0.513602 0.684148
0.000000 0.064516 -1.374776 -1.363703 -0.112102 -0.108566 -0.421911 -0.408604 0.064516 1.570796 0.447838 1.541121 0.552938 0.769376
0.022726 0.000000 -1.300726 -1.579023 -0.106064 -0.125708 -0.399186 -0.473120 0.022726 0.000000 -0.425113 -1.541121 0.580825 0.869953
0.068180 0.000000 -1.152615 -1.579023 -0.093986 -0.125708 -0.353731 -0.473120 0.068180 0.000000 0.493293 1.541121 0.550577 0.928797
0.090909 0.000000 -1.078553 -1.579023 -0.087947 -0.125708 -0.331002 -0.473120 0.090909 0.000000 -0.402384 -1.541121 0.536257 0.960328
0.136364 0.000000 -0.930442 -1.579023 -0.075870 -0.125708 -0.285548 -0.473120 0.136364 0.000000 0.538747 1.541121 0.509457 1.027776
0.159089 0.000000 -0.856392 -1.579023 -0.069832 -0.125708 -0.262822 -0.473120 0.159089 0.000000 -0.379658 -1.541121 0.497076 1.063734
0.204544 0.064516 -0.708281 -1.363703 -0.057755 -0.108566 -0.217367 -0.408604 0.214477 0.305537 0.594135 1.846658 0.418306 1.081896
0.227273 0.096776 -0.634219 -1.256035 -0.051715 -0.099994 -0.194638 -0.376343 0.247019 0.402562 -0.347116 -1.444097 0.378942 1.093497
0.227273 0.129032 -0.634219 -1.148383 -0.051715 -0.091424 -0.194638 -0.344088 0.261347 0.516361 0.608463 1.960458 0.351657 1.056006
0.249998 0.161292 -0.560169 -1.040715 -0.045677 -0.082852 -0.171913 -0.311827 0.297514 0.572975 -0.310949 -1.387483 0.312212 1.066949
0.249998 0.193548 -0.560169 -0.933063 -0.045677 -0.074282 -0.171913 -0.279572 0.316164 0.658808 0.627114 2.046291 0.285839 1.019482
0.272727 0.225808 -0.486108 -0.825394 -0.039638 -0.065711 -0.149184 -0.247311 0.354076 0.691561 -0.273038 -1.354730 0.246398 1.028010
0.295453 0.193548 -0.412058 -0.933063 -0.033600 -0.074282 -0.126458 -0.279572 0.353204 0.579944 0.626242 1.934675 0.261039 1.146007
0.318182 0.161292 -0.337997 -1.040715 -0.027561 -0.082852 -0.103729 -0.311827 0.356728 0.469167 -0.269514 -1.465507 0.280503 1.249661
0.340907 0.129032 -0.263947 -1.148383 -0.021523 -0.091424 -0.081004 -0.344088 0.364509 0.361832 0.634023 1.827339 0.303875 1.339590
0.363636 0.096776 -0.189885 -1.256035 -0.015484 -0.099994 -0.058275 -0.376343 0.376294 0.260106 -0.257729 -1.567233 0.330316 1.417172
0.386362 0.096776 -0.115835 -1.256035 -0.009445 -0.099994 -0.035549 -0.376343 0.398298 0.245431 0.656027 1.812665 0.327072 1.476616
0.431816 0.064516 0.032276 -1.363703 0.002632 -0.108566 0.009905 -0.408604 0.436609 0.148309 -0.219418 -1.664356 0.357532 -1.546559
0.454545 0.064516 0.106337 -1.363703 0.008671 -0.108566 0.032634 -0.408604 0.459101 0.140993 0.678519 1.805349 0.358882 -1.491098
0.500000 0.064516 0.254449 -1.363703 0.020748 -0.108566 0.078089 -0.408604 0.504145 0.128323 -0.174374 -1.677026 0.365827 -1.381962
0.522729 0.064516 0.328510 -1.363703 0.026787 -0.108566 0.100818 -0.408604 0.526695 0.122800 0.701069 1.799827 0.371343 -1.328891
0.545455 0.129032 0.402560 -1.148383 0.032825 -0.091424 0.123543 -0.344088 0.560509 0.232288 -0.140561 -1.567538 0.317870 -1.226085
0.568184 0.193548 0.476621 -0.933063 0.038865 -0.074282 0.146272 -0.279572 0.600244 0.328315 0.740805 1.895853 0.271193 -1.088760
0.568184 0.225808 0.476621 -0.825394 0.038865 -0.065711 0.146272 -0.247311 0.611410 0.378282 -0.129395 -1.517572 0.244647 -1.036687
0.568184 0.290324 0.476621 -0.610074 0.038865 -0.048569 0.146272 -0.182795 0.638060 0.472384 0.767455 1.989956 0.196750 -0.895935
0.545455 0.354840 0.402560 -0.394754 0.032825 -0.031427 0.123543 -0.118279 0.650717 0.576755 -0.116739 -1.413201 0.140575 -0.763633
0.545455 0.419356 0.402560 -0.179434 0.032825 -0.014285 0.123543 -0.053763 0.688026 0.655437 0.804765 2.068638 0.123570 -0.410459
0.545455 0.451617 0.402560 -0.071765 0.032825 -0.005713 0.123543 -0.021503 0.708151 0.691561 -0.096614 -1.377077 0.127064 -0.172325
0.545455 0.516133 0.402560 0.143555 0.032825 0.011429 0.123543 0.043013 0.750942 0.757784 0.847556 2.134862 0.155373 0.335036
0.545455 0.548388 0.402560 0.251207 0.032825 0.019999 0.123543 0.075269 0.773466 0.788080 -0.074089 -1.346782 0.176803 0.547192
0.568184 0.548388 0.476621 0.251207 0.038865 0.019999 0.146272 0.075269 0.789660 0.767671 0.863749 2.114453 0.193370 0.475242
0.590909 0.580649 0.550671 0.358875 0.044903 0.028570 0.168998 0.107529 0.828448 0.776640 -0.035300 -1.337812 0.231857 0.566666
0.636364 0.612904 0.698783 0.466527 0.056980 0.037141 0.214452 0.139785 0.883521 0.766622 0.918822 2.104434 0.287173 0.577654
0.727273 0.645165 0.995005 0.574195 0.081135 0.045712 0.305362 0.172045 0.972195 0.725643 0.053373 -1.378791 0.378269 0.513084
0.772727 0.645165 1.143117 0.574195 0.093212 0.045712 0.350816 0.172045 1.006650 0.695673 0.953277 2.074465 0.415829 0.455949
0.863636 0.677420 1.439339 0.681847 0.117366 0.054283 0.441725 0.204301 1.097618 0.665144 0.144341 -1.409320 0.510300 0.433205
0.909091 0.677420 1.587450 0.681847 0.129444 0.054283 0.487180 0.204301 1.133730 0.640398 0.989389 2.049718 0.550117 0.397078
0.954545 0.645165 1.735562 0.574195 0.141521 0.045712 0.532634 0.172045 1.152126 0.594359 0.162737 -1.455359 0.577530 0.312429
0.977274 0.645165 1.809623 0.574195 0.147560 0.045712 0.555363 0.172045 1.171026 0.583490 1.008290 2.038849 0.598557 0.300412
1.000000 0.580649 1.883673 0.358875 0.153598 0.028570 0.578089 0.107529 1.156353 0.526069 0.148064 -1.512780 0.599487 0.183906
1.000000 0.548388 1.883673 0.251207 0.153598 0.019999 0.578089 0.075269 1.140495 0.501605 0.992432 2.014385 0.591763 0.129474
0.977274 0.548388 1.809623 0.251207 0.147560 0.019999 0.555363 0.075269 1.120623 0.511356 0.128191 -1.503029 0.569583 0.134710
0.954545 0.548388 1.735562 0.251207 0.141521 0.019999 0.532634 0.075269 1.100857 0.521460 0.972666 2.024489 0.547445 0.140384
0.909091 0.548388 1.587450 0.251207 0.129444 0.019999 0.487180 0.075269 1.061685 0.542789 0.089019 -1.481700 0.503329 0.153287
0.863636 0.548388 1.439339 0.251207 0.117366 0.019999 0.441725 0.075269 1.023033 0.565741 0.934014 2.047440 0.459475 0.168776
0.863636 0.580649 1.439339 0.358875 0.117366 0.028570 0.441725 0.107529 1.040683 0.591913 0.106668 -1.455527 0.469381 0.238785
0.840911 0.612904 1.365289 0.466527 0.111328 0.037141 0.419000 0.139785 1.040568 0.629832 0.933900 2.085359 0.460477 0.322004
0.840911 0.645165 1.365289 0.574195 0.111328 0.045712 0.419000 0.172045 1.059891 0.654432 0.125991 -1.430927 0.474766 0.389618
0.863636 0.677420 1.439339 0.681847 0.117366 0.054283 0.441725 0.204301 1.097618 0.665144 0.971628 2.096072 0.510300 0.433205
0.886365 0.709681 1.513400 0.789516 0.123405 0.062854 0.464454 0.236561 1.135469 0.675146 0.163842 -1.420926 0.546378 0.471085
