0.098361 0.600001 -1.052034 0.038634 -0.091020 0.003186 -0.344955 0.012074 0.608010 1.408308 0.608010 1.408308 0.378872 -0.034988
0.081966 0.628570 -1.102034 0.130048 -0.095346 0.010724 -0.361350 0.040643 0.633892 1.441127 0.025882 0.032820 0.406070 -0.112006
0.065574 0.657144 -1.152026 0.221475 -0.099671 0.018264 -0.377742 0.069217 0.660407 1.471340 0.634525 1.438520 0.434064 -0.181228
0.032787 0.714286 -1.252018 0.404316 -0.108323 0.033341 -0.410529 0.126360 0.715038 1.524927 0.080513 0.086407 0.491893 -0.298595
0.016392 0.742856 -1.302018 0.495730 -0.112649 0.040880 -0.426923 0.154929 0.743036 1.548733 0.662523 1.462326 0.521524 -0.348117
0.000000 0.771429 -1.352011 0.587157 -0.116974 0.048419 -0.443316 0.183502 0.771429 1.570796 0.108906 0.108470 0.551532 -0.392459
0.016392 0.828572 -1.302018 0.769998 -0.112649 0.063497 -0.426923 0.240645 0.828734 1.551015 0.719828 1.442545 0.575053 -0.513280
0.032787 0.828572 -1.252018 0.769998 -0.108323 0.063497 -0.410529 0.240645 0.829220 1.531247 0.109392 0.088701 0.562989 -0.530198
0.065574 0.857141 -1.152026 0.861411 -0.099671 0.071035 -0.377742 0.269214 0.859646 1.494442 0.750253 1.405741 0.560304 -0.619195
0.098361 0.857141 -1.052034 0.861411 -0.091020 0.071035 -0.344955 0.269214 0.862766 1.456542 0.112513 0.050801 0.538744 -0.662696
0.131147 0.828572 -0.952041 0.769998 -0.082369 0.063497 -0.312168 0.240645 0.838887 1.413817 0.726374 1.363016 0.495854 -0.656733
0.147540 0.771429 -0.902049 0.587157 -0.078044 0.048419 -0.295776 0.183502 0.785411 1.381824 0.059037 0.018807 0.441749 -0.555292
0.147540 0.714286 -0.902049 0.404316 -0.078044 0.033341 -0.295776 0.126360 0.729365 1.367106 0.670327 1.348298 0.401134 -0.403745
0.147540 0.628570 -0.902049 0.130048 -0.078044 0.010724 -0.295776 0.040643 0.645653 1.340247 -0.024674 -0.008051 0.349002 -0.136558
0.098361 0.428568 -1.052034 -0.509902 -0.091020 -0.042048 -0.344955 -0.159358 0.439711 1.345194 0.464385 1.353245 0.345270 0.432762
0.081966 0.342856 -1.102034 -0.784157 -0.095346 -0.064665 -0.361350 -0.245070 0.352518 1.336133 -0.111867 -0.017112 0.375054 0.595950
0.065574 0.257140 -1.152026 -1.058425 -0.099671 -0.087282 -0.377742 -0.330786 0.265369 1.321107 0.377236 1.338218 0.421130 0.719223
0.065574 0.199997 -1.152026 -1.241266 -0.099671 -0.102360 -0.377742 -0.387929 0.210473 1.253968 -0.166763 -0.084250 0.449325 0.798702
0.065574 0.114285 -1.152026 -1.515520 -0.099671 -0.124976 -0.377742 -0.473641 0.131761 1.049886 0.298525 1.134136 0.500949 0.897565
0.098361 0.057143 -1.052034 -1.698361 -0.091020 -0.140053 -0.344955 -0.530784 0.113755 0.526296 -0.184770 -0.607840 0.517806 0.994493
0.180326 0.000000 -0.802057 -1.881202 -0.069393 -0.155131 -0.262989 -0.587927 0.180326 0.000000 0.365097 0.607840 0.515453 1.150176
0.229508 0.000000 -0.652064 -1.881202 -0.056416 -0.155131 -0.213808 -0.587927 0.229508 0.000000 -0.135589 -0.607840 0.492181 1.222001
0.262295 0.028569 -0.552072 -1.789789 -0.047764 -0.147593 -0.181021 -0.559357 0.263846 0.108493 0.399435 0.716333 0.452530 1.257811
0.327868 0.114285 -0.352087 -1.515520 -0.030462 -0.124976 -0.115447 -0.473641 0.347216 0.335401 -0.052219 -0.380932 0.348696 1.331714
0.344263 0.171428 -0.302087 -1.332679 -0.026136 -0.109898 -0.099052 -0.416498 0.384584 0.462012 0.436803 0.842943 0.289369 1.337312
0.344263 0.228571 -0.302087 -1.149839 -0.026136 -0.094820 -0.099052 -0.359356 0.413233 0.586114 -0.023570 -0.256829 0.236488 1.301836
0.327868 0.285714 -0.352087 -0.966998 -0.030462 -0.079742 -0.115447 -0.302213 0.434891 0.716803 0.458460 0.973632 0.195362 1.205898
0.327868 0.314283 -0.352087 -0.875584 -0.030462 -0.072204 -0.115447 -0.273644 0.454171 0.764245 -0.004289 -0.209387 0.173140 1.171564
0.327868 0.342856 -0.352087 -0.784157 -0.030462 -0.064665 -0.115447 -0.245070 0.474392 0.807740 0.478682 1.017128 0.153036 1.130553
0.311476 0.371426 -0.402080 -0.692743 -0.034787 -0.057126 -0.131839 -0.216501 0.484742 0.872960 0.006060 -0.144168 0.150166 1.023819
0.311476 0.342856 -0.402080 -0.784157 -0.034787 -0.064665 -0.131839 -0.245070 0.463215 0.833319 0.457155 0.977487 0.165752 1.077240
0.311476 0.314283 -0.402080 -0.875584 -0.034787 -0.072204 -0.131839 -0.273644 0.442483 0.789883 -0.014672 -0.187603 0.184475 1.121821
0.311476 0.257140 -0.402080 -1.058425 -0.034787 -0.087282 -0.131839 -0.330786 0.403904 0.690129 0.418576 0.877732 0.228129 1.191529
0.360655 0.142855 -0.252095 -1.424107 -0.021811 -0.117437 -0.082660 -0.445072 0.387917 0.377138 -0.030659 -0.500595 0.311624 1.387165
0.409837 0.114285 -0.102103 -1.515520 -0.008834 -0.124976 -0.033479 -0.473641 0.425473 0.271948 0.456132 0.772542 0.330729 1.500230
0.459016 0.085712 0.047882 -1.606948 0.004143 -0.132515 0.015700 -0.502215 0.466950 0.184604 0.010818 -0.587939 0.357948 -1.539544
0.557376 0.085712 0.347859 -1.606948 0.030096 -0.132515 0.114061 -0.502215 0.563928 0.152582 0.553110 0.740521 0.375353 -1.347469
0.590163 0.114285 0.447852 -1.515520 0.038747 -0.124976 0.146848 -0.473641 0.601127 0.191283 0.048017 -0.549238 0.360312 -1.270154
0.622950 0.199997 0.547844 -1.241266 0.047399 -0.102360 0.179634 -0.387929 0.654267 0.310654 0.606251 0.859892 0.302444 -1.137135
0.639345 0.285714 0.597844 -0.966998 0.051725 -0.079742 0.196029 -0.302213 0.700281 0.420261 0.094031 -0.439631 0.251527 -0.995374
0.655737 0.399999 0.647836 -0.601316 0.056050 -0.049587 0.212421 -0.187927 0.768108 0.547740 0.674077 0.987371 0.216793 -0.724293
0.639345 0.571427 0.597844 -0.052793 0.051725 -0.004354 0.196029 -0.016499 0.857491 0.729363 0.183414 -0.258008 0.234180 -0.083970
0.606558 0.657144 0.497852 0.221475 0.043073 0.018264 0.163242 0.069217 0.894288 0.825407 0.710874 1.083415 0.269018 0.401035
0.524590 0.799998 0.247867 0.678570 0.021445 0.055958 0.081274 0.212072 0.956656 0.990398 0.245782 -0.093017 0.365825 1.204823
0.491803 0.828572 0.147875 0.769998 0.012794 0.063497 0.048487 0.240645 0.963536 1.035130 0.717753 1.128147 0.388295 1.371970
0.459016 0.885715 0.047882 0.952839 0.004143 0.078575 0.015700 0.297788 0.997590 1.092661 0.279837 -0.035486 0.442677 1.518122
0.426229 0.914284 -0.052110 1.044252 -0.004508 0.086113 -0.017087 0.326357 1.008755 1.134562 0.728918 1.170048 0.471278 -1.518489
0.393442 0.942857 -0.152103 1.135680 -0.013160 0.093652 -0.049873 0.354931 1.021654 1.175477 0.292736 0.005429 0.502025 -1.431194
0.377050 0.971426 -0.202095 1.227093 -0.017485 0.101191 -0.066266 0.383500 1.042035 1.200555 0.749299 1.195126 0.532252 -1.399694
0.393442 0.971426 -0.152103 1.227093 -0.013160 0.101191 -0.049873 0.383500 1.048077 1.185974 0.298779 -0.009152 0.530461 -1.441474
0.426229 0.971426 -0.052110 1.227093 -0.004508 0.101191 -0.017087 0.383500 1.060821 1.157324 0.762042 1.166476 0.528387 -1.526271
0.540984 0.971426 0.297867 1.227093 0.025771 0.101191 0.097669 0.383500 1.111905 1.062674 0.349863 -0.103802 0.537066 1.321421
0.590163 1.000000 0.447852 1.318520 0.038747 0.108730 0.146848 0.412073 1.161160 1.037641 0.811297 1.141443 0.575727 1.228464
0.688524 1.000000 0.747829 1.318520 0.064701 0.108730 0.245208 0.412073 1.214111 0.967814 0.402814 -0.173629 0.608296 1.034017
0.737705 1.000000 0.897821 1.318520 0.077678 0.108730 0.294390 0.412073 1.242662 0.935210 0.839848 1.108839 0.629732 0.950464
0.852460 1.000000 1.247798 1.318520 0.107957 0.108730 0.409145 0.412073 1.314035 0.864876 0.474187 -0.243964 0.690867 0.788964
0.901639 1.000000 1.397783 1.318520 0.120934 0.108730 0.458324 0.412073 1.346460 0.837076 0.872272 1.081040 0.721081 0.732311
0.934426 0.971426 1.497775 1.227093 0.129585 0.101191 0.491111 0.383500 1.347895 0.804810 0.475623 -0.276230 0.721173 0.662975
0.983608 0.942857 1.647767 1.135680 0.142562 0.093652 0.540292 0.354931 1.362521 0.764248 0.886898 1.040479 0.735838 0.581227
1.000000 0.914284 1.697760 1.044252 0.146887 0.086113 0.556684 0.326357 1.354959 0.740651 0.468061 -0.299828 0.729183 0.530249
1.000000 0.828572 1.697760 0.769998 0.146887 0.063497 0.556684 0.240645 1.298665 0.691922 0.830604 0.991749 0.676993 0.408023
0.983608 0.799998 1.647767 0.678570 0.142562 0.055958 0.540292 0.212072 1.267865 0.682817 0.437261 -0.308933 0.647409 0.374035
0.950821 0.742856 1.547775 0.495730 0.133911 0.040880 0.507505 0.154929 1.206605 0.663220 0.769344 0.972153 0.589310 0.296290
0.918034 0.657144 1.447783 0.221475 0.125260 0.018264 0.474719 0.069217 1.128993 0.621262 0.359649 -0.350891 0.520654 0.144786
0.901639 0.628570 1.397783 0.130048 0.120934 0.010724 0.458324 0.040643 1.099115 0.608805 0.739466 0.959696 0.494348 0.088447
0.852460 0.628570 1.247798 0.130048 0.107957 0.010724 0.409145 0.040643 1.059145 0.635362 0.319679 -0.324334 0.449131 0.099013
0.836066 0.628570 1.197798 0.130048 0.103632 0.010724 0.392750 0.040643 1.045995 0.644664 0.726316 0.968998 0.434249 0.103117
0.803279 0.742856 1.097806 0.495730 0.094980 0.040880 0.359963 0.154929 1.094117 0.746338 0.367800 -0.222660 0.468292 0.406437
0.803279 0.799998 1.097806 0.678570 0.094980 0.055958 0.359963 0.212072 1.133691 0.783352 0.765890 1.006012 0.506751 0.532402
0.836066 0.942857 1.197798 1.135680 0.103632 0.093652 0.392750 0.354931 1.260153 0.845358 0.494263 -0.160654 0.635448 0.734859
0.852460 1.000000 1.247798 1.318520 0.107957 0.108730 0.409145 0.412073 1.314035 0.864876 0.819772 1.025530 0.690867 0.788964
