0.203390 0.566666 -0.682300 0.032415 -0.059118 0.002629 -0.229049 0.010185 0.602061 1.226195 0.602061 1.226195 0.265482 -0.044439
0.186439 0.566666 -0.732792 0.032415 -0.063493 0.002629 -0.245999 0.010185 0.596549 1.252941 -0.005513 0.026747 0.280237 -0.041381
0.169491 0.566666 -0.783277 0.032415 -0.067867 0.002629 -0.262947 0.010185 0.591471 1.280163 0.596984 1.253416 0.295226 -0.038716
0.118643 0.633333 -0.934747 0.244581 -0.080991 0.019835 -0.313796 0.076852 0.644350 1.385612 0.047366 0.132196 0.372594 -0.240182
0.101695 0.666663 -0.985232 0.350655 -0.085365 0.028438 -0.330744 0.110182 0.674375 1.419420 0.627009 1.287225 0.405281 -0.321572
0.084744 0.699999 -1.035724 0.456746 -0.089740 0.037042 -0.347694 0.143518 0.705110 1.450319 0.078101 0.163094 0.438725 -0.391467
0.050846 0.766665 -1.136702 0.668912 -0.098489 0.054249 -0.381593 0.210184 0.768350 1.504572 0.690249 1.341478 0.507268 -0.503464
0.067797 0.799996 -1.086209 0.774986 -0.094114 0.062851 -0.364642 0.243515 0.802864 1.486252 0.112615 0.144774 0.517747 -0.588800
0.084744 0.833332 -1.035724 0.881077 -0.089740 0.071455 -0.347694 0.276851 0.837630 1.469451 0.725015 1.324677 0.530666 -0.672449
0.118643 0.866667 -0.934747 0.987168 -0.080991 0.080059 -0.313796 0.310186 0.874750 1.434747 0.149735 0.110070 0.535745 -0.779614
0.152541 0.899998 -0.833770 1.093242 -0.072242 0.088662 -0.279898 0.343517 0.912834 1.402902 0.763098 1.292832 0.544935 -0.887096
0.220337 0.899998 -0.631815 1.093242 -0.054743 0.088662 -0.212101 0.343517 0.926577 1.330699 0.163479 0.037867 0.513419 -1.017652
0.237288 0.866667 -0.581322 0.987168 -0.050368 0.080059 -0.195151 0.310186 0.898564 1.303552 0.735085 1.265685 0.476066 -1.009225
0.237288 0.833332 -0.581322 0.881077 -0.050368 0.071455 -0.195151 0.276851 0.866457 1.293392 0.131371 0.027707 0.445869 -0.956793
0.237288 0.799996 -0.581322 0.774986 -0.050368 0.062851 -0.195151 0.243515 0.834445 1.282451 0.703074 1.254744 0.416152 -0.895208
0.237288 0.733330 -0.581322 0.562821 -0.050368 0.045645 -0.195151 0.176849 0.770764 1.257853 0.067690 0.003109 0.358635 -0.736239
0.169491 0.566666 -0.783277 0.032415 -0.067867 0.002629 -0.262947 0.010185 0.591471 1.280163 0.523781 1.277054 0.295226 -0.038716
0.135593 0.500000 -0.884254 -0.179750 -0.076616 -0.014578 -0.296846 -0.056481 0.518059 1.305979 -0.005721 0.028925 0.304437 0.188023
0.101695 0.399998 -0.985232 -0.498006 -0.085365 -0.040388 -0.330744 -0.156483 0.412723 1.321833 0.418444 1.292908 0.332331 0.441917
0.067797 0.333332 -1.086209 -0.710172 -0.094114 -0.057595 -0.364642 -0.223149 0.340156 1.370143 -0.078288 0.077235 0.377870 0.549173
0.033898 0.233335 -1.187186 -1.028412 -0.102863 -0.083404 -0.398540 -0.323146 0.235784 1.426528 0.314072 1.349293 0.445507 0.681306
0.000000 0.100002 -1.288164 -1.452743 -0.111613 -0.117817 -0.432439 -0.456479 0.100002 1.570796 -0.214070 0.221503 0.545451 0.812436
0.016948 0.066666 -1.237679 -1.558833 -0.107238 -0.126421 -0.415491 -0.489815 0.068787 1.321851 0.282857 1.100348 0.553554 0.867312
0.033898 0.000000 -1.187186 -1.770999 -0.102863 -0.143628 -0.398540 -0.556481 0.033898 0.000000 -0.248959 -1.100348 0.588080 0.949294
0.067797 0.000000 -1.086209 -1.770999 -0.094114 -0.143628 -0.364642 -0.556481 0.067797 0.000000 0.316755 1.100348 0.565656 0.990729
0.118643 0.000000 -0.934747 -1.770999 -0.080991 -0.143628 -0.313796 -0.556481 0.118643 0.000000 -0.198112 -1.100348 0.534295 1.057349
0.203390 0.000000 -0.682300 -1.770999 -0.059118 -0.143628 -0.229049 -0.556481 0.203390 0.000000 0.401502 1.100348 0.489353 1.180328
0.237288 0.066666 -0.581322 -1.558833 -0.050368 -0.126421 -0.195151 -0.489815 0.246475 0.273891 -0.155027 -0.826457 0.414576 1.191655
0.271186 0.166668 -0.480345 -1.240577 -0.041619 -0.100611 -0.161253 -0.389813 0.318308 0.551079 0.473335 1.377536 0.310864 1.178564
0.288137 0.199999 -0.429852 -1.134503 -0.037244 -0.092008 -0.144302 -0.356482 0.350745 0.606763 -0.122590 -0.770772 0.273590 1.186163
0.288137 0.266665 -0.429852 -0.922337 -0.037244 -0.074801 -0.144302 -0.289816 0.392598 0.746717 0.515188 1.517489 0.219781 1.108822
0.288137 0.300001 -0.429852 -0.816246 -0.037244 -0.066198 -0.144302 -0.256480 0.415961 0.805568 -0.099227 -0.711921 0.195864 1.058311
0.288137 0.366667 -0.429852 -0.604081 -0.037244 -0.048991 -0.144302 -0.189814 0.466334 0.904758 0.565562 1.616679 0.158584 0.920779
0.271186 0.366667 -0.480345 -0.604081 -0.041619 -0.048991 -0.161253 -0.189814 0.456056 0.933986 -0.109506 -0.682693 0.174150 0.866574
0.271186 0.266665 -0.480345 -0.922337 -0.041619 -0.074801 -0.161253 -0.289816 0.380332 0.776993 0.489838 1.459686 0.231264 1.063055
0.271186 0.199999 -0.480345 -1.134503 -0.041619 -0.092008 -0.161253 -0.356482 0.336959 0.635451 -0.152878 -0.824235 0.282897 1.145995
0.305084 0.100002 -0.379368 -1.452743 -0.032870 -0.117817 -0.127354 -0.456479 0.321056 0.316749 0.473934 1.140983 0.355996 1.298722
0.338983 0.033336 -0.278390 -1.664908 -0.024121 -0.135024 -0.093456 -0.523145 0.340618 0.098025 -0.133317 -1.042958 0.409899 1.394018
0.389831 0.033336 -0.126920 -1.664908 -0.010997 -0.135024 -0.042607 -0.523145 0.391254 0.085306 0.524571 1.128264 0.401371 1.489531
0.474576 0.000000 0.125519 -1.770999 0.010876 -0.143628 0.042137 -0.556481 0.474576 0.000000 -0.049995 -1.128264 0.434487 -1.495220
0.508474 0.033336 0.226497 -1.664908 0.019625 -0.135024 0.076035 -0.523145 0.509566 0.065467 0.559560 1.193730 0.406281 -1.426464
0.542372 0.100002 0.327474 -1.452743 0.028374 -0.117817 0.109934 -0.456479 0.551514 0.182331 -0.008046 -1.011399 0.350142 -1.334467
0.610169 0.300001 0.529429 -0.816246 0.045872 -0.066198 0.177730 -0.256480 0.679931 0.456961 0.687977 1.468360 0.221648 -0.964811
0.627119 0.399998 0.579921 -0.498006 0.050247 -0.040388 0.194680 -0.156483 0.743826 0.567775 0.055848 -0.900584 0.197365 -0.677050
0.627119 0.599997 0.579921 0.138490 0.050247 0.011232 0.194680 0.043516 0.867914 0.763299 0.812066 1.663884 0.256858 0.219911
0.610169 0.699999 0.529429 0.456746 0.045872 0.037042 0.177730 0.143518 0.928603 0.853855 0.116538 -0.810029 0.321211 0.679301
0.576270 0.833332 0.428451 0.881077 0.037123 0.071455 0.143832 0.276851 1.013178 0.965780 0.896640 1.775809 0.425914 1.091648
0.542372 0.866667 0.327474 0.987168 0.028374 0.080059 0.109934 0.310186 1.022389 1.011612 0.125749 -0.764197 0.447928 1.230197
0.508474 0.966664 0.226497 1.305408 0.019625 0.105869 0.076035 0.410183 1.092239 1.086559 0.966489 1.850756 0.539610 1.387508
0.491526 0.966664 0.176012 1.305408 0.015250 0.105869 0.059087 0.410183 1.084453 1.100391 0.117963 -0.750365 0.537483 1.427729
0.474576 1.000000 0.125519 1.411499 0.010876 0.114472 0.042137 0.443519 1.106897 1.127694 0.988934 1.878059 0.569123 1.476075
0.457628 1.000000 0.075034 1.411499 0.006501 0.114472 0.025189 0.443519 1.099738 1.141617 0.110804 -0.736442 0.568120 1.514063
0.508474 1.000000 0.226497 1.411499 0.019625 0.114472 0.076035 0.443519 1.121849 1.100393 1.011046 1.836835 0.572632 1.401011
0.576270 1.000000 0.428451 1.411499 0.037123 0.114472 0.143832 0.443519 1.154161 1.048008 0.143115 -0.788827 0.585503 1.257201
0.694916 0.966664 0.781876 1.305408 0.067745 0.105869 0.262477 0.410183 1.190524 0.947511 1.047409 1.736338 0.595224 1.001553
0.762712 0.966664 0.983831 1.305408 0.085244 0.105869 0.330274 0.410183 1.231328 0.902790 0.183920 -0.833548 0.628075 0.892902
0.813561 0.966664 1.135301 1.305408 0.098368 0.105869 0.381122 0.410183 1.263456 0.871189 1.079536 1.704738 0.656240 0.822107
0.847459 0.966664 1.236278 1.305408 0.107117 0.105869 0.415020 0.410183 1.285545 0.851013 0.206009 -0.853724 0.676490 0.779537
0.898305 0.933334 1.387740 1.199333 0.120240 0.097266 0.465867 0.376853 1.295401 0.804520 1.089392 1.658244 0.684052 0.680162
0.915256 0.933334 1.438233 1.199333 0.124615 0.097266 0.482817 0.376853 1.307213 0.795177 0.217820 -0.863067 0.695707 0.662755
0.932203 0.899998 1.488718 1.093242 0.128989 0.088662 0.499765 0.343517 1.295762 0.767822 1.077942 1.630890 0.684380 0.602191
0.898305 0.766665 1.387740 0.668912 0.120240 0.054249 0.465867 0.210184 1.180986 0.706498 0.103044 -0.924392 0.573358 0.423826
0.898305 0.699999 1.387740 0.456746 0.120240 0.037042 0.465867 0.143518 1.138837 0.661956 1.035793 1.586348 0.537234 0.298841
0.881357 0.566666 1.337255 0.032415 0.115866 0.002629 0.448919 0.010185 1.047808 0.571401 0.012015 -1.014947 0.468556 0.022685
0.881357 0.500000 1.337255 -0.179750 0.115866 -0.014578 0.448919 -0.056481 1.013307 0.516033 1.001292 1.530980 0.453974 -0.125158
0.915256 0.433334 1.438233 -0.391916 0.124615 -0.031784 0.482817 -0.123147 1.012655 0.442188 0.011363 -1.088792 0.482818 -0.249735
0.966102 0.466664 1.589695 -0.285841 0.137739 -0.023182 0.533663 -0.089817 1.072906 0.449987 1.061543 1.538778 0.534759 -0.166739
1.000000 0.533331 1.690672 -0.073675 0.146488 -0.005975 0.567561 -0.023150 1.133332 0.489955 0.071789 -1.048823 0.576459 -0.040766
1.000000 0.633333 1.690672 0.244581 0.146488 0.019835 0.567561 0.076852 1.183685 0.564569 1.111896 1.613392 0.602067 0.134588
0.966102 0.766665 1.589695 0.668912 0.137739 0.054249 0.533663 0.210184 1.233340 0.670805 0.121444 -0.942587 0.629685 0.375195
0.898305 0.866667 1.387740 0.987168 0.120240 0.080059 0.465867 0.310186 1.248225 0.767475 1.126780 1.710061 0.636857 0.587421
0.864407 0.866667 1.286763 0.987168 0.111491 0.080059 0.431968 0.310186 1.224055 0.786704 0.097275 -0.923357 0.612496 0.622755
