0.000000 0.928572 -1.338736 1.261079 -0.124636 0.105188 -0.460936 0.389012 0.928572 1.570796 0.928572 1.570796 0.656617 -0.700978
0.019609 0.928572 -1.281783 1.261079 -0.119334 0.105188 -0.441327 0.389012 0.928779 1.549682 0.000207 -0.021115 0.643003 -0.722478
0.058825 0.964283 -1.167885 1.376846 -0.108730 0.114844 -0.402111 0.424724 0.966076 1.509868 0.965869 1.530983 0.644245 -0.812740
0.098041 1.000000 -1.053988 1.492631 -0.098126 0.124502 -0.362895 0.460440 1.004794 1.473068 0.038926 -0.057915 0.649833 -0.903324
0.137256 1.000000 -0.940091 1.492631 -0.087522 0.124502 -0.323680 0.460440 1.009376 1.434392 0.970450 1.492307 0.628776 -0.958074
0.176472 1.000000 -0.826193 1.492631 -0.076918 0.124502 -0.284464 0.460440 1.015452 1.396123 0.045002 -0.096184 0.609516 -1.017385
0.215687 0.964283 -0.712296 1.376846 -0.066315 0.114844 -0.245248 0.424724 0.988111 1.350742 0.943109 1.446926 0.559915 -1.047137
0.215687 0.892855 -0.712296 1.145294 -0.066315 0.095530 -0.245248 0.353295 0.918538 1.333767 -0.024572 -0.113159 0.496690 -0.963991
0.215687 0.785715 -0.712296 0.797975 -0.066315 0.066560 -0.245248 0.246156 0.814782 1.302885 0.839354 1.416044 0.406975 -0.787245
0.196078 0.678570 -0.769249 0.450638 -0.071617 0.037588 -0.264858 0.139011 0.706332 1.289501 -0.133022 -0.126543 0.342804 -0.483330
0.156863 0.571425 -0.883146 0.103301 -0.082221 0.008616 -0.304073 0.031866 0.592565 1.302885 0.725587 1.429428 0.323525 -0.104415
0.137256 0.499997 -0.940091 -0.128251 -0.087522 -0.010698 -0.323680 -0.039562 0.518495 1.302882 -0.207092 -0.126546 0.326028 0.121624
0.098041 0.392858 -1.053988 -0.475571 -0.098126 -0.039668 -0.362895 -0.146702 0.404906 1.326234 0.611998 1.452780 0.369226 0.384168
0.078431 0.321430 -1.110941 -0.707123 -0.103428 -0.058982 -0.382505 -0.218130 0.330860 1.331465 -0.281138 -0.121315 0.407151 0.518271
0.058825 0.214285 -1.167885 -1.054460 -0.108730 -0.087954 -0.402111 -0.325275 0.222212 1.302878 0.503351 1.424193 0.471731 0.680156
0.058825 0.142856 -1.167885 -1.286012 -0.108730 -0.107268 -0.402111 -0.396703 0.154494 1.180179 -0.348857 -0.244014 0.512706 0.778629
0.058825 0.071428 -1.167885 -1.517564 -0.108730 -0.126582 -0.402111 -0.468132 0.092533 0.881858 0.441390 1.125872 0.559830 0.861118
0.117647 0.000000 -0.997044 -1.749116 -0.092825 -0.145896 -0.343289 -0.539560 0.117647 0.000000 -0.323743 -1.125872 0.574725 1.004156
0.156863 0.000000 -0.883146 -1.749116 -0.082221 -0.145896 -0.304073 -0.539560 0.156863 0.000000 0.480605 1.125872 0.552198 1.057603
0.196078 0.000000 -0.769249 -1.749116 -0.071617 -0.145896 -0.264858 -0.539560 0.196078 0.000000 -0.284527 -1.125872 0.531612 1.114473
0.254903 0.071428 -0.598399 -1.517564 -0.055711 -0.126582 -0.206033 -0.468132 0.264722 0.273210 0.549249 1.399082 0.440642 1.156191
0.274509 0.107145 -0.541454 -1.401779 -0.050409 -0.116924 -0.186426 -0.432415 0.294679 0.372129 -0.254570 -1.026953 0.399904 1.163746
0.294119 0.178573 -0.484501 -1.170227 -0.045107 -0.097610 -0.166817 -0.360987 0.344085 0.545658 0.598655 1.572611 0.327958 1.137914
0.313725 0.250001 -0.427557 -0.938675 -0.039805 -0.078296 -0.147211 -0.289558 0.401153 0.672836 -0.197502 -0.899775 0.257224 1.100453
0.313725 0.285713 -0.427557 -0.822908 -0.039805 -0.068640 -0.147211 -0.253847 0.424329 0.738701 0.621831 1.638476 0.228854 1.045273
0.333334 0.357141 -0.370604 -0.591356 -0.034503 -0.049326 -0.127602 -0.182419 0.488530 0.819863 -0.133301 -0.818613 0.164486 0.960407
0.333334 0.321430 -0.370604 -0.707123 -0.034503 -0.058982 -0.127602 -0.218130 0.463064 0.767218 0.596365 1.585831 0.189061 1.041495
0.333334 0.285713 -0.370604 -0.822908 -0.034503 -0.068640 -0.127602 -0.253847 0.439026 0.708622 -0.157340 -0.877209 0.216761 1.105014
0.333334 0.250001 -0.370604 -0.938675 -0.034503 -0.078296 -0.127602 -0.289558 0.416668 0.643502 0.574008 1.520712 0.246527 1.155723
0.352941 0.178573 -0.313660 -1.170227 -0.029202 -0.097610 -0.107995 -0.360987 0.395545 0.468403 -0.178463 -1.052309 0.302311 1.280104
0.372550 0.142856 -0.256707 -1.286012 -0.023899 -0.107268 -0.088386 -0.396703 0.399001 0.366163 0.577464 1.418472 0.330131 1.351576
0.411766 0.071428 -0.142809 -1.517564 -0.013296 -0.126582 -0.049170 -0.468132 0.417915 0.171759 -0.159549 -1.246713 0.392599 1.466145
0.450981 0.071428 -0.028912 -1.517564 -0.002692 -0.126582 -0.009955 -0.468132 0.456603 0.157079 0.616152 1.403792 0.389635 1.549535
0.490197 0.035717 0.084985 -1.633331 0.007912 -0.136238 0.029261 -0.503843 0.491496 0.072734 -0.124655 -1.331059 0.426225 -1.512786
0.529412 0.035717 0.198882 -1.633331 0.018516 -0.136238 0.068477 -0.503843 0.530616 0.067363 0.655271 1.398422 0.430697 -1.435715
0.588237 0.071428 0.369733 -1.517564 0.034422 -0.126582 0.127302 -0.468132 0.592558 0.120836 -0.062713 -1.277586 0.409783 -1.305282
0.588237 0.142856 0.369733 -1.286012 0.034422 -0.107268 0.127302 -0.396703 0.605336 0.238243 0.668049 1.515828 0.342608 -1.260279
0.588237 0.214285 0.369733 -1.054460 0.034422 -0.087954 0.127302 -0.325275 0.626052 0.349342 -0.041997 -1.166487 0.277565 -1.197755
0.568628 0.392858 0.312780 -0.475571 0.029120 -0.039668 0.107692 -0.146702 0.691140 0.604584 0.733137 1.771070 0.127406 -0.937557
0.549022 0.499997 0.255835 -0.128251 0.023818 -0.010698 0.088086 -0.039562 0.742578 0.738699 0.009441 -1.032372 0.096358 -0.422134
0.529412 0.571425 0.198882 0.103301 0.018516 0.008616 0.068477 0.031866 0.778977 0.823544 0.769536 1.855916 0.129988 0.435548
0.509803 0.642854 0.141929 0.334853 0.013214 0.027930 0.048867 0.103294 0.820463 0.900319 0.050928 -0.955597 0.188367 1.128908
0.490197 0.714282 0.084985 0.566405 0.007912 0.047245 0.029261 0.174722 0.866309 0.969338 0.815381 1.924936 0.255030 1.404865
0.450981 0.785715 -0.028912 0.797975 -0.002692 0.066560 -0.009955 0.246156 0.905943 1.049733 0.090562 -0.875203 0.324932 -1.530378
0.450981 0.821427 -0.028912 0.913742 -0.002692 0.076216 -0.009955 0.281867 0.937084 1.068704 0.846522 1.943908 0.360628 -1.535494
0.470588 0.821427 0.028032 0.913742 0.002610 0.076216 0.009652 0.281867 0.946676 1.050549 0.100153 -0.893359 0.360620 1.536568
0.509803 0.821427 0.141929 0.913742 0.013214 0.076216 0.048867 0.281867 0.966768 1.015345 0.866615 1.908703 0.363788 1.399133
0.568628 0.857144 0.312780 1.029527 0.029120 0.085874 0.107692 0.317584 1.028607 0.985059 0.161992 -0.923644 0.410583 1.243866
0.647059 0.857144 0.540574 1.029527 0.050327 0.085874 0.186123 0.317584 1.073956 0.924165 0.911963 1.847809 0.437747 1.040689
0.725491 0.892855 0.768369 1.145294 0.071535 0.095530 0.264555 0.353295 1.150446 0.888449 0.238483 -0.959360 0.506501 0.928051
0.862747 0.964283 1.167014 1.376846 0.108649 0.114844 0.401811 0.424724 1.293899 0.840916 1.055416 1.800276 0.644058 0.813112
0.921569 0.964283 1.337855 1.376846 0.124554 0.114844 0.460633 0.424724 1.333841 0.808044 0.278425 -0.992232 0.682306 0.744861
0.960784 0.928572 1.451753 1.261079 0.135158 0.105188 0.499848 0.389012 1.336171 0.768350 1.057746 1.760582 0.684494 0.661344
1.000000 0.821427 1.565650 0.913742 0.145762 0.076216 0.539064 0.281867 1.294118 0.687670 0.236372 -1.072912 0.648494 0.481786
1.000000 0.749999 1.565650 0.682190 0.145762 0.056902 0.539064 0.210439 1.249999 0.643500 1.013627 1.716412 0.611676 0.372184
0.960784 0.642854 1.451753 0.334853 0.135158 0.027930 0.499848 0.103294 1.156014 0.589680 0.142387 -1.126732 0.531923 0.203782
0.941178 0.607142 1.394808 0.219086 0.129856 0.018274 0.480242 0.067583 1.120017 0.572914 0.977630 1.699646 0.502005 0.139808
0.901962 0.571425 1.280911 0.103301 0.119253 0.008616 0.441027 0.031866 1.067737 0.564714 0.090107 -1.134932 0.454656 0.072128
0.862747 0.607142 1.167014 0.219086 0.108649 0.018274 0.401811 0.067583 1.054966 0.613226 0.964859 1.748158 0.427584 0.166635
0.843137 0.642854 1.110061 0.334853 0.103346 0.027930 0.382202 0.103294 1.060255 0.651424 0.095396 -1.096734 0.423287 0.263955
0.862747 0.749999 1.167014 0.682190 0.108649 0.056902 0.401811 0.210439 1.143167 0.715601 1.047770 1.812335 0.494984 0.482448
0.882353 0.821427 1.223958 0.913742 0.113950 0.076216 0.421417 0.281867 1.205524 0.749654 0.157754 -1.062681 0.554569 0.589516
0.941178 0.928572 1.394808 1.261079 0.129856 0.105188 0.480242 0.389012 1.322143 0.778656 1.164389 1.841337 0.670310 0.680829
0.960784 0.964283 1.451753 1.376846 0.135158 0.114844 0.499848 0.424724 1.361231 0.787216 0.196842 -1.054122 0.709371 0.704322
0.980394 1.000000 1.508706 1.492631 0.140460 0.124502 0.519458 0.460440 1.400418 0.795298 1.203576 1.849420 0.748616 0.725243
