0.076923 0.687497 -1.053477 0.544180 -0.077363 0.035750 -0.356325 0.164661 0.691787 1.459371 0.691787 1.459371 0.437733 -0.432878
0.057694 0.687497 -1.110329 0.544180 -0.081538 0.035750 -0.375554 0.164661 0.689913 1.487074 -0.001873 0.027703 0.453523 -0.413205
0.038461 0.687497 -1.167189 0.544180 -0.085714 0.035750 -0.394786 0.164661 0.688572 1.514910 0.690445 1.487208 0.469573 -0.395150
0.038461 0.718749 -1.167189 0.647464 -0.085714 0.042535 -0.394786 0.195913 0.719777 1.517336 0.029332 0.030128 0.487203 -0.460644
0.019232 0.718749 -1.224040 0.647464 -0.089889 0.042535 -0.414015 0.195913 0.719006 1.544045 0.689674 1.513917 0.502911 -0.441980
0.000000 0.781249 -1.280900 0.854016 -0.094064 0.056105 -0.433247 0.258413 0.781249 1.570796 0.091575 0.056879 0.555705 -0.537809
0.019232 0.812501 -1.224040 0.957300 -0.089889 0.062890 -0.414015 0.289665 0.812728 1.547130 0.721154 1.490251 0.561464 -0.610489
0.057694 0.843748 -1.110329 1.060569 -0.081538 0.069675 -0.375554 0.320912 0.845719 1.502525 0.124565 0.012274 0.556374 -0.707103
0.076923 0.875001 -1.053477 1.163853 -0.077363 0.076460 -0.356325 0.352164 0.878375 1.483110 0.753811 1.470836 0.567550 -0.779526
0.096155 0.875001 -0.996617 1.163853 -0.073188 0.076460 -0.337092 0.352164 0.880268 1.461344 0.126457 -0.009492 0.555677 -0.807262
0.115384 0.906248 -0.939765 1.267121 -0.069013 0.083244 -0.317863 0.383412 0.913564 1.444157 0.787107 1.453649 0.569883 -0.878598
0.134616 0.906248 -0.882905 1.267121 -0.064837 0.083244 -0.298631 0.383412 0.916192 1.423332 0.129085 -0.030317 0.559384 -0.909068
0.153846 0.875001 -0.826054 1.163853 -0.060662 0.076460 -0.279402 0.352164 0.888422 1.396752 0.759337 1.427069 0.522696 -0.900103
0.153846 0.812501 -0.826054 0.957300 -0.060662 0.062890 -0.279402 0.289665 0.826938 1.383663 0.067600 -0.043405 0.471061 -0.803431
0.153846 0.781249 -0.826054 0.854016 -0.060662 0.056105 -0.279402 0.258413 0.796252 1.376361 0.728652 1.419766 0.446285 -0.746391
0.153846 0.718749 -0.826054 0.647464 -0.060662 0.042535 -0.279402 0.195913 0.735030 1.359932 0.006378 -0.059835 0.399470 -0.611522
0.153846 0.687497 -0.826054 0.544180 -0.060662 0.035750 -0.279402 0.164661 0.704500 1.350647 0.698122 1.410481 0.377767 -0.532539
0.153846 0.624997 -0.826054 0.337627 -0.060662 0.022181 -0.279402 0.102161 0.643653 1.329440 -0.054469 -0.081041 0.338871 -0.350541
0.115384 0.499998 -0.939765 -0.075478 -0.069013 -0.004959 -0.317863 -0.022838 0.513139 1.343997 0.567608 1.425038 0.324796 0.071727
0.115384 0.437498 -0.939765 -0.282030 -0.069013 -0.018528 -0.317863 -0.085338 0.452458 1.312931 -0.115150 -0.112107 0.317892 0.262290
0.115384 0.374998 -0.939765 -0.488583 -0.069013 -0.032098 -0.317863 -0.147838 0.392348 1.272297 0.507498 1.384404 0.323156 0.435339
0.096155 0.343751 -0.996617 -0.591851 -0.073188 -0.038882 -0.337092 -0.179085 0.356946 1.298044 -0.150552 -0.086359 0.348771 0.488346
0.096155 0.281251 -0.996617 -0.798404 -0.073188 -0.052452 -0.337092 -0.241585 0.297234 1.241371 0.447786 1.327730 0.369776 0.621829
0.096155 0.249999 -0.996617 -0.901688 -0.073188 -0.059237 -0.337092 -0.272837 0.267853 1.203617 -0.179933 -0.124113 0.383681 0.680437
0.096155 0.187499 -0.996617 -1.108241 -0.073188 -0.072806 -0.337092 -0.335337 0.210717 1.096938 0.390650 1.221051 0.417161 0.782788
0.096155 0.156252 -0.996617 -1.211509 -0.073188 -0.079591 -0.337092 -0.366584 0.183468 1.019141 -0.207183 -0.201911 0.436300 0.827285
0.096155 0.124999 -0.996617 -1.314793 -0.073188 -0.086376 -0.337092 -0.397837 0.157704 0.915093 0.364887 1.117003 0.456780 0.867864
0.096155 0.093752 -0.996617 -1.418062 -0.073188 -0.093160 -0.337092 -0.429084 0.134295 0.772745 -0.230592 -0.344258 0.478423 0.904892
0.134616 0.031252 -0.882905 -1.624614 -0.064837 -0.106730 -0.298631 -0.491584 0.138197 0.228116 0.368788 0.572375 0.500780 1.024890
0.153846 0.000000 -0.826054 -1.727898 -0.060662 -0.113515 -0.279402 -0.522836 0.153846 0.000000 -0.214943 -0.572375 0.515527 1.080012
0.173078 0.000000 -0.769194 -1.727898 -0.056486 -0.113515 -0.260170 -0.522836 0.173078 0.000000 0.388020 0.572375 0.505363 1.109061
0.192307 0.000000 -0.712342 -1.727898 -0.052312 -0.113515 -0.240940 -0.522836 0.192307 0.000000 -0.195713 -0.572375 0.495737 1.138970
0.211539 0.000000 -0.655482 -1.727898 -0.048136 -0.113515 -0.221708 -0.522836 0.211539 0.000000 0.407253 0.572375 0.486680 1.169732
0.230769 0.031252 -0.598631 -1.624614 -0.043961 -0.106730 -0.202479 -0.491584 0.232875 0.134608 -0.174377 -0.437767 0.450109 1.180082
0.250001 0.031252 -0.541771 -1.624614 -0.039785 -0.106730 -0.183247 -0.491584 0.251947 0.124363 0.426324 0.562130 0.441791 1.213984
0.250001 0.062500 -0.541771 -1.521346 -0.039785 -0.099946 -0.183247 -0.460336 0.257695 0.244977 -0.168629 -0.317154 0.413562 1.191954
0.269230 0.124999 -0.484919 -1.314793 -0.035610 -0.086376 -0.164017 -0.397837 0.296833 0.434670 0.465462 0.751823 0.349168 1.179755
0.269230 0.156252 -0.484919 -1.211509 -0.035610 -0.079591 -0.164017 -0.366584 0.311287 0.525857 -0.154175 -0.225966 0.321914 1.150090
0.269230 0.187499 -0.484919 -1.108241 -0.035610 -0.072806 -0.164017 -0.335337 0.328086 0.608324 0.482262 0.834291 0.295455 1.115897
0.269230 0.218751 -0.484919 -1.004956 -0.035610 -0.066021 -0.164017 -0.304085 0.346896 0.682321 -0.135366 -0.151970 0.270019 1.076143
0.269230 0.249999 -0.484919 -0.901688 -0.035610 -0.059237 -0.164017 -0.272837 0.367402 0.748377 0.502768 0.900347 0.245930 1.029528
0.269230 0.281251 -0.484919 -0.798404 -0.035610 -0.052452 -0.164017 -0.241585 0.389342 0.807232 -0.113426 -0.093115 0.223617 0.974357
0.269230 0.312499 -0.484919 -0.695135 -0.035610 -0.045667 -0.164017 -0.210338 0.412480 0.859641 0.525906 0.952755 0.203671 0.908506
0.269230 0.281251 -0.484919 -0.798404 -0.035610 -0.052452 -0.164017 -0.241585 0.389342 0.807232 -0.136565 -0.145523 0.223617 0.974357
0.288462 0.249999 -0.428059 -0.901688 -0.031435 -0.059237 -0.144785 -0.272837 0.381720 0.714087 0.518284 0.859611 0.233544 1.082919
0.288462 0.218751 -0.428059 -1.004956 -0.031435 -0.066021 -0.144785 -0.304085 0.362026 0.648815 -0.156259 -0.210796 0.258788 1.126423
0.307694 0.187499 -0.371199 -1.108241 -0.027259 -0.072806 -0.125553 -0.335337 0.360322 0.547279 0.516580 0.758075 0.275963 1.212544
0.326924 0.156252 -0.314347 -1.211509 -0.023084 -0.079591 -0.106324 -0.366584 0.362345 0.445849 -0.154236 -0.312226 0.296701 1.288503
0.346156 0.124999 -0.257487 -1.314793 -0.018909 -0.086376 -0.087092 -0.397837 0.368033 0.346536 0.522269 0.658762 0.320315 1.355283
0.384617 0.093752 -0.143776 -1.418062 -0.010558 -0.093160 -0.048630 -0.429084 0.395879 0.239091 -0.126391 -0.419670 0.342961 1.457943
0.423079 0.062500 -0.030064 -1.521346 -0.002208 -0.099946 -0.010169 -0.460336 0.427670 0.146665 0.554061 0.566336 0.370887 1.548710
0.442308 0.062500 0.026787 -1.521346 0.001967 -0.099946 0.009060 -0.460336 0.446702 0.140374 -0.107359 -0.425961 0.370858 -1.551117
0.480769 0.031252 0.140499 -1.624614 0.010318 -0.106730 0.047522 -0.491584 0.481784 0.064913 0.589143 0.490875 0.404794 -1.474425
0.500001 0.031252 0.197359 -1.624614 0.014493 -0.106730 0.066754 -0.491584 0.500977 0.062423 -0.088166 -0.428452 0.407500 -1.435828
0.538463 0.031252 0.311071 -1.624614 0.022844 -0.106730 0.105215 -0.491584 0.539369 0.057975 0.627535 0.486426 0.415536 -1.359944
0.557692 0.062500 0.367922 -1.521346 0.027019 -0.099946 0.124445 -0.460336 0.561183 0.111603 -0.066352 -0.374824 0.391076 -1.306773
0.596154 0.124999 0.481634 -1.314793 0.035369 -0.086376 0.162906 -0.397837 0.609117 0.206682 0.675469 0.581506 0.348648 -1.182144
0.596154 0.156252 0.481634 -1.211509 0.035369 -0.079591 0.162906 -0.366584 0.616290 0.256334 -0.059179 -0.325172 0.321349 -1.152618
0.615386 0.218751 0.538494 -1.004956 0.039545 -0.066021 0.182138 -0.304085 0.653109 0.341540 0.712288 0.666712 0.281395 -1.031133
0.615386 0.343751 0.538494 -0.591851 0.039545 -0.038882 0.182138 -0.179085 0.704886 0.509417 -0.007402 -0.157295 0.202938 -0.776947
0.615386 0.406250 0.538494 -0.385299 0.039545 -0.025312 0.182138 -0.116586 0.737387 0.583482 0.744789 0.740776 0.184128 -0.569380
0.596154 0.468750 0.481634 -0.178746 0.035369 -0.011743 0.162906 -0.054086 0.758370 0.666326 0.013582 -0.074450 0.166730 -0.320556
0.576924 0.624997 0.424782 0.337627 0.031194 0.022181 0.143677 0.102161 0.850566 0.825373 0.836984 0.899824 0.239606 0.618101
0.557692 0.687497 0.367922 0.544180 0.027019 0.035750 0.124445 0.164661 0.885253 0.889268 0.048268 -0.010556 0.283071 0.923616
0.519231 0.781249 0.254211 0.854016 0.018668 0.056105 0.085983 0.258413 0.938057 0.984214 0.889788 0.994770 0.358466 1.249583
0.480769 0.812501 0.140499 0.957300 0.010318 0.062890 0.047522 0.289665 0.944085 1.036491 0.054297 0.041720 0.382219 1.408187
0.442308 0.875001 0.026787 1.163853 0.001967 0.076460 0.009060 0.352164 0.980440 1.102763 0.926143 1.061043 0.441846 1.545074
0.403846 0.875001 -0.086924 1.163853 -0.006383 0.076460 -0.029401 0.352164 0.963700 1.138389 0.037557 0.077346 0.442731 -1.487503
0.365385 0.906248 -0.200636 1.267121 -0.014734 0.083244 -0.067862 0.383412 0.977134 1.187548 0.939577 1.110202 0.477844 -1.395615
0.365385 0.937500 -0.200636 1.370405 -0.014734 0.090029 -0.067862 0.414664 1.006187 1.199163 0.066610 0.088961 0.508799 -1.408578
0.346156 0.937500 -0.257487 1.370405 -0.018909 0.090029 -0.087092 0.414664 0.999365 1.217092 0.932755 1.128131 0.511719 -1.363776
0.365385 0.937500 -0.200636 1.370405 -0.014734 0.090029 -0.067862 0.414664 1.006187 1.199163 0.073432 0.071032 0.508799 -1.408578
0.403846 0.937500 -0.086924 1.370405 -0.006383 0.090029 -0.029401 0.414664 1.020783 1.164049 0.947351 1.093017 0.505109 -1.500012
0.442308 0.968748 0.026787 1.473674 0.001967 0.096814 0.009060 0.445912 1.064945 1.142487 0.117594 0.049469 0.535577 1.550480
0.480769 0.968748 0.140499 1.473674 0.010318 0.096814 0.047522 0.445912 1.081486 1.110130 0.963891 1.060661 0.537605 1.464625
0.557692 0.968748 0.367922 1.473674 0.027019 0.096814 0.124445 0.445912 1.117807 1.048449 0.153916 -0.012212 0.549770 1.298642
0.596154 0.968748 0.481634 1.473674 0.035369 0.096814 0.162906 0.445912 1.137485 1.019141 0.983569 1.031353 0.559731 1.220528
0.653847 0.968748 0.652205 1.473674 0.047895 0.096814 0.220600 0.445912 1.168755 0.977088 0.185186 -0.054265 0.579159 1.111385
0.673076 1.000000 0.709057 1.576958 0.052070 0.103599 0.239829 0.477164 1.205418 0.978369 1.020232 1.032635 0.615408 1.105060
0.730770 1.000000 0.879629 1.576958 0.064596 0.103599 0.297523 0.477164 1.238558 0.939716 0.218326 -0.092918 0.640100 1.013260
0.749999 1.000000 0.936480 1.576958 0.068771 0.103599 0.316752 0.477164 1.250000 0.927296 1.031674 1.020214 0.649261 0.984766
0.788461 1.000000 1.050192 1.576958 0.077122 0.103599 0.355213 0.477164 1.273448 0.903131 0.241775 -0.117083 0.668868 0.930872
0.807693 0.968748 1.107052 1.473674 0.081297 0.096814 0.374445 0.445912 1.261285 0.875813 1.019511 0.992895 0.653429 0.872295
0.826922 0.968748 1.163903 1.473674 0.085472 0.096814 0.393675 0.445912 1.273685 0.864217 0.254174 -0.128679 0.664636 0.847536
0.865384 0.937500 1.277615 1.370405 0.093823 0.090029 0.432136 0.414664 1.275851 0.825378 1.021677 0.954056 0.664088 0.764768
0.884616 0.875001 1.334475 1.163853 0.097998 0.076460 0.451368 0.352164 1.244255 0.779934 0.222578 -0.174122 0.631569 0.662560
0.903848 0.843748 1.391335 1.060569 0.102174 0.069675 0.470600 0.320912 1.236468 0.751022 1.013889 0.925144 0.624480 0.598489
0.923077 0.750001 1.448187 0.750748 0.106349 0.049321 0.489830 0.227165 1.189358 0.682317 0.175469 -0.242827 0.583323 0.434240
0.923077 0.718749 1.448187 0.647464 0.106349 0.042535 0.489830 0.195913 1.169902 0.661583 0.994433 0.904410 0.566961 0.380473
0.942309 0.624997 1.505047 0.337627 0.110525 0.022181 0.509062 0.102161 1.130738 0.585641 0.136305 -0.318769 0.543978 0.198054
0.942309 0.531250 1.505047 0.027806 0.110525 0.001827 0.509062 0.008414 1.081745 0.513357 0.945441 0.832126 0.518410 0.016526
0.942309 0.499998 1.505047 -0.075478 0.110525 -0.004959 0.509062 -0.022838 1.066745 0.487834 0.121304 -0.344292 0.513420 -0.044834
0.923077 0.406250 1.448187 -0.385299 0.106349 -0.025312 0.489830 -0.116586 1.008519 0.414594 0.887215 0.758887 0.490573 -0.233665
0.903848 0.374998 1.391335 -0.488583 0.102174 -0.032098 0.470600 -0.147838 0.978552 0.393277 0.091337 -0.365609 0.474192 -0.304385
0.865384 0.374998 1.277615 -0.488583 0.093823 -0.032098 0.432136 -0.147838 0.943140 0.408907 0.851803 0.774516 0.436044 -0.329628
0.826922 0.374998 1.163903 -0.488583 0.085472 -0.032098 0.393675 -0.147838 0.907978 0.425750 0.056175 -0.348766 0.397961 -0.359238
0.826922 0.437498 1.163903 -0.282030 0.085472 -0.018528 0.393675 -0.085338 0.935524 0.486631 0.879348 0.835397 0.393698 -0.213471
0.807693 0.531250 1.107052 0.027806 0.081297 0.001827 0.374445 0.008414 0.966744 0.581795 0.087396 -0.253602 0.387058 0.022466
0.826922 0.624997 1.163903 0.337627 0.085472 0.022181 0.393675 0.102161 1.036543 0.647210 0.949147 0.900812 0.437890 0.253905
0.846154 0.656249 1.220763 0.440911 0.089648 0.028966 0.412907 0.133413 1.070813 0.659664 0.121666 -0.241147 0.469278 0.312519
0.903848 0.750001 1.391335 0.750748 0.102174 0.049321 0.470600 0.227165 1.174497 0.692642 1.052831 0.933789 0.567272 0.449723
0.942309 0.750001 1.505047 0.750748 0.110525 0.049321 0.509062 0.227165 1.204346 0.672247 0.151514 -0.261542 0.599564 0.419725
0.980771 0.750001 1.618758 0.750748 0.118875 0.049321 0.547523 0.227165 1.234671 0.652847 1.083157 0.914389 0.632546 0.393281
1.000000 0.718749 1.675610 0.647464 0.123050 0.042535 0.566753 0.195913 1.231503 0.623199 0.148346 -0.291190 0.634602 0.332818
