0.085106 0.933334 -1.239832 1.363010 -0.106072 0.108864 -0.405980 0.416667 0.937206 1.479863 0.937206 1.479863 0.600335 -0.798389
0.127659 0.966664 -1.109877 1.472042 -0.094954 0.117572 -0.363426 0.449998 0.975057 1.439494 0.037851 -0.040368 0.598543 -0.891427
0.148934 0.966664 -1.044905 1.472042 -0.089395 0.117572 -0.342152 0.449998 0.978070 1.417928 0.940219 1.458296 0.585869 -0.920710
0.170212 0.966664 -0.979923 1.472042 -0.083836 0.117572 -0.320873 0.449998 0.981536 1.396501 0.041317 -0.061795 0.573703 -0.951362
0.212766 1.000000 -0.849969 1.581090 -0.072718 0.126282 -0.278320 0.483334 1.022384 1.361157 0.981067 1.422952 0.580048 -1.048335
0.234041 1.000000 -0.784997 1.581090 -0.067159 0.126282 -0.257045 0.483334 1.027022 1.340894 0.045955 -0.082058 0.570145 -1.082020
0.255319 0.966664 -0.720015 1.472042 -0.061600 0.117572 -0.235767 0.449998 0.999814 1.312570 0.953859 1.394628 0.530812 -1.088189
0.255319 0.899998 -0.720015 1.253961 -0.061600 0.100154 -0.235767 0.383332 0.935513 1.294371 -0.018346 -0.100257 0.472012 -1.019386
0.234041 0.833332 -0.784997 1.035881 -0.067159 0.082736 -0.257045 0.316665 0.865573 1.297000 0.883919 1.397258 0.428024 -0.888946
0.212766 0.766665 -0.849969 0.817801 -0.072718 0.065318 -0.278320 0.249999 0.795641 1.300088 -0.088278 -0.097170 0.391671 -0.731843
0.170212 0.666663 -0.979923 0.490673 -0.083836 0.039190 -0.320873 0.149997 0.688050 1.320817 0.776327 1.417987 0.365769 -0.437282
0.127659 0.566666 -1.109877 0.163561 -0.094954 0.013064 -0.363426 0.050000 0.580868 1.349214 -0.195459 -0.068772 0.371202 -0.136721
0.042553 0.399998 -1.369786 -0.381648 -0.117190 -0.030482 -0.448533 -0.116668 0.402255 1.464812 0.597714 1.533584 0.457688 0.254472
0.000000 0.333332 -1.499740 -0.599728 -0.128308 -0.047900 -0.491086 -0.183335 0.333332 1.570796 -0.264383 0.037212 0.515802 0.357301
0.000000 0.233335 -1.499740 -0.926840 -0.128308 -0.074027 -0.491086 -0.283332 0.233335 1.570796 0.497717 1.533584 0.554618 0.523298
0.000000 0.166668 -1.499740 -1.144920 -0.128308 -0.091445 -0.491086 -0.349998 0.166668 1.570796 -0.331049 0.037212 0.588568 0.619200
0.021275 0.100002 -1.434768 -1.363000 -0.122749 -0.108863 -0.469811 -0.416664 0.102240 1.361176 0.433289 1.323964 0.611285 0.725517
0.063828 0.066666 -1.304813 -1.472048 -0.111631 -0.117573 -0.427258 -0.450000 0.092295 0.807145 -0.340994 -0.516819 0.602230 0.811317
0.106381 0.033336 -1.174859 -1.581080 -0.100513 -0.126281 -0.384705 -0.483331 0.111482 0.303669 0.452476 0.820488 0.597941 0.898533
0.148934 0.033336 -1.044905 -1.581080 -0.089395 -0.126281 -0.342152 -0.483331 0.152619 0.220199 -0.299856 -0.600289 0.571492 0.954786
0.170212 0.033336 -0.979923 -1.581080 -0.083836 -0.126281 -0.320873 -0.483331 0.173446 0.193400 0.473302 0.793689 0.559012 0.984726
0.212766 0.033336 -0.849969 -1.581080 -0.072718 -0.126281 -0.278320 -0.483331 0.215361 0.155414 -0.257941 -0.638274 0.535721 1.048332
0.255319 0.133333 -0.720015 -1.253968 -0.061600 -0.100155 -0.235767 -0.383334 0.288037 0.481266 0.545978 1.119540 0.428455 1.019388
0.276594 0.199999 -0.655043 -1.035888 -0.056041 -0.082737 -0.214492 -0.316667 0.341326 0.626048 -0.204652 -0.493492 0.361578 0.975439
0.297872 0.233335 -0.590061 -0.926840 -0.050482 -0.074027 -0.193214 -0.283332 0.378382 0.664499 0.583033 1.157991 0.322129 0.972297
0.297872 0.266665 -0.590061 -0.817808 -0.050482 -0.065319 -0.193214 -0.250001 0.399798 0.730176 -0.183236 -0.427815 0.296135 0.912829
0.319147 0.300001 -0.525089 -0.708760 -0.044923 -0.056609 -0.171939 -0.216665 0.438013 0.754485 0.621249 1.182300 0.257053 0.899989
0.319147 0.333332 -0.525089 -0.599728 -0.044923 -0.047900 -0.171939 -0.183335 0.461481 0.807135 -0.159768 -0.375165 0.233344 0.817463
0.319147 0.300001 -0.525089 -0.708760 -0.044923 -0.056609 -0.171939 -0.216665 0.438013 0.754485 0.597781 1.129651 0.257053 0.899989
0.340425 0.266665 -0.460107 -0.817808 -0.039364 -0.065319 -0.150661 -0.250001 0.432434 0.664494 -0.165346 -0.465157 0.270302 1.028437
0.340425 0.199999 -0.460107 -1.035888 -0.039364 -0.082737 -0.150661 -0.316667 0.394828 0.531176 0.560174 0.996333 0.327766 1.126720
0.361700 0.166668 -0.395135 -1.144920 -0.033805 -0.091445 -0.129386 -0.349998 0.398253 0.431792 -0.161921 -0.564541 0.349267 1.216701
0.404253 0.100002 -0.265181 -1.363000 -0.022687 -0.108863 -0.086833 -0.416664 0.416438 0.242506 0.578359 0.807047 0.400608 1.365337
0.446806 0.066666 -0.135227 -1.472048 -0.011569 -0.117573 -0.044280 -0.450000 0.451752 0.148114 -0.126607 -0.658934 0.426723 1.472713
0.489359 0.033336 -0.005273 -1.581080 -0.000451 -0.126281 -0.001727 -0.483331 0.490493 0.068016 0.617101 0.726950 0.457753 1.567224
0.531912 0.033336 0.124681 -1.581080 0.010667 -0.126281 0.040827 -0.483331 0.532956 0.062590 -0.084145 -0.664360 0.459567 -1.486527
0.638297 0.000000 0.449571 -1.690128 0.038462 -0.134991 0.147211 -0.516666 0.638297 0.000000 0.722441 0.664360 0.512676 -1.293227
0.659575 0.033336 0.514553 -1.581080 0.044022 -0.126281 0.168489 -0.483331 0.660417 0.050498 -0.062025 -0.613862 0.487774 -1.235369
0.680850 0.066666 0.579525 -1.472048 0.049580 -0.117573 0.189764 -0.450000 0.684106 0.097605 0.746131 0.711467 0.464911 -1.171726
0.702128 0.133333 0.644507 -1.253968 0.055140 -0.100155 0.211042 -0.383334 0.714676 0.187663 -0.031455 -0.523804 0.415363 -1.067535
0.702128 0.199999 0.644507 -1.035888 0.055140 -0.082737 0.211042 -0.316667 0.730057 0.277498 0.761512 0.801301 0.359542 -0.982945
0.680850 0.333332 0.579525 -0.599728 0.049580 -0.047900 0.189764 -0.183335 0.758068 0.455278 -0.003444 -0.346023 0.246773 -0.768167
0.638297 0.399998 0.449571 -0.381648 0.038462 -0.030482 0.147211 -0.116668 0.753274 0.559795 0.756718 0.905818 0.173113 -0.670166
0.617019 0.466664 0.384589 -0.163568 0.032903 -0.013064 0.125933 -0.050002 0.773620 0.647534 0.016902 -0.258284 0.128279 -0.377963
0.553191 0.599997 0.189663 0.272593 0.016226 0.021772 0.062105 0.083331 0.816098 0.825965 0.799196 1.084249 0.125374 0.930322
0.531912 0.666663 0.124681 0.490673 0.010667 0.039190 0.040827 0.149997 0.852860 0.897354 0.053664 -0.186895 0.180262 1.305051
0.489359 0.699999 -0.005273 0.599721 -0.000451 0.047900 -0.001727 0.183333 0.854091 0.960684 0.800427 1.147579 0.208920 -1.561379
0.446806 0.766665 -0.135227 0.817801 -0.011569 0.065318 -0.044280 0.249999 0.887362 1.043126 0.086935 -0.104453 0.279114 -1.395495
0.425531 0.800001 -0.200199 0.926850 -0.017128 0.074028 -0.065555 0.283335 0.906134 1.081945 0.819198 1.186398 0.315794 -1.343429
0.446806 0.800001 -0.135227 0.926850 -0.011569 0.074028 -0.044280 0.283335 0.916317 1.061445 0.097119 -0.124953 0.312073 -1.415770
0.468084 0.800001 -0.070245 0.926850 -0.006010 0.074028 -0.023002 0.283335 0.926879 1.041401 0.829760 1.166354 0.309770 -1.489793
0.574466 0.800001 0.254635 0.926850 0.021785 0.074028 0.083380 0.283335 0.984892 0.948038 0.155132 -0.218316 0.319970 1.284596
0.638297 0.800001 0.449571 0.926850 0.038462 0.074028 0.147211 0.283335 1.023438 0.897355 0.868306 1.115671 0.342198 1.091619
0.765956 0.833332 0.839434 1.035881 0.071816 0.082736 0.274870 0.316665 1.131870 0.827502 0.263565 -0.288170 0.438960 0.855936
0.808509 0.833332 0.969388 1.035881 0.082934 0.082736 0.317423 0.316665 1.161090 0.800516 0.897525 1.088685 0.466787 0.784202
0.851062 0.866667 1.099342 1.144930 0.094052 0.091446 0.359977 0.350001 1.214669 0.794483 0.317144 -0.294203 0.520235 0.771349
0.872341 0.866667 1.164324 1.144930 0.099612 0.091446 0.381255 0.350001 1.229671 0.782136 0.912527 1.076338 0.535179 0.742684
0.893616 0.866667 1.229296 1.144930 0.105170 0.091446 0.402530 0.350001 1.244854 0.770090 0.332327 -0.306248 0.550538 0.715708
0.872341 0.866667 1.164324 1.144930 0.099612 0.091446 0.381255 0.350001 1.229671 0.782136 0.897344 1.088384 0.535179 0.742684
0.851062 0.866667 1.099342 1.144930 0.094052 0.091446 0.359977 0.350001 1.214669 0.794483 0.317324 -0.293901 0.520235 0.771349
0.829788 0.833332 1.034370 1.035881 0.088494 0.082736 0.338702 0.316665 1.176006 0.787529 0.858681 1.081431 0.481509 0.751786
0.808509 0.800001 0.969388 0.926850 0.082934 0.074028 0.317423 0.283335 1.137404 0.780109 0.278723 -0.301322 0.442929 0.728716
0.787234 0.699999 0.904415 0.599721 0.077376 0.047900 0.296149 0.183333 1.053440 0.726809 0.774717 1.028131 0.362421 0.554314
0.787234 0.633333 0.904415 0.381641 0.077376 0.030482 0.296149 0.116666 1.010370 0.677481 0.235653 -0.350650 0.328539 0.375276
0.787234 0.599997 0.904415 0.272593 0.077376 0.021772 0.296149 0.083331 0.989815 0.651237 0.754162 1.001887 0.315540 0.274289
0.851062 0.500000 1.099342 -0.054519 0.094052 -0.004354 0.359977 -0.016666 0.987070 0.531178 0.232908 -0.470709 0.360087 -0.046265
0.872341 0.500000 1.164324 -0.054519 0.099612 -0.004354 0.381255 -0.016666 1.005474 0.520458 0.772566 0.991167 0.381359 -0.043687
0.957447 0.500000 1.424232 -0.054519 0.121848 -0.004354 0.466361 -0.016666 1.080141 0.481267 0.307575 -0.509900 0.466446 -0.035722
0.978722 0.533331 1.489204 0.054513 0.127406 0.004354 0.487636 0.016664 1.114602 0.498939 0.807027 1.008839 0.489462 0.034160
1.000000 0.633333 1.554186 0.381641 0.132966 0.030482 0.508914 0.116666 1.183685 0.564569 0.376658 -0.444270 0.528420 0.225352
1.000000 0.666663 1.554186 0.490673 0.132966 0.039190 0.508914 0.149997 1.201849 0.588000 0.825191 1.032271 0.538350 0.286623
0.978722 0.766665 1.489204 0.817801 0.127406 0.065318 0.487636 0.249999 1.243251 0.664495 0.418060 -0.367775 0.560119 0.473736
0.957447 0.800001 1.424232 0.926850 0.121848 0.074028 0.466361 0.283335 1.247680 0.696049 0.829620 1.063824 0.559394 0.545948
0.936169 0.800001 1.359250 0.926850 0.116288 0.074028 0.445083 0.283335 1.231427 0.707128 0.401807 -0.356696 0.541782 0.566889
