0.000000 0.861113 -1.318230 1.094141 -0.115646 0.086101 -0.444139 0.330672 0.861113 1.570796 0.861113 1.570796 0.609202 -0.639987
0.000000 0.888889 -1.318230 1.186046 -0.115646 0.093334 -0.444139 0.358448 0.888889 1.570796 0.027776 0.000000 0.628540 -0.679032
0.044444 0.916669 -1.186316 1.277965 -0.104074 0.100567 -0.399695 0.386228 0.917746 1.522350 0.889970 1.522350 0.618902 -0.768264
0.066665 0.944444 -1.120365 1.369871 -0.098288 0.107799 -0.377474 0.414003 0.946794 1.500327 0.056824 -0.022023 0.626731 -0.831518
0.133333 1.000000 -0.922490 1.553695 -0.080929 0.122265 -0.310806 0.469559 1.008850 1.438245 0.952025 1.460268 0.636853 -0.986094
0.155554 1.000000 -0.856538 1.553695 -0.075143 0.122265 -0.288586 0.469559 1.012026 1.416479 0.060001 -0.043788 0.626309 -1.019719
0.177777 1.000000 -0.790576 1.553695 -0.069356 0.122265 -0.266362 0.469559 1.015679 1.394857 0.955679 1.438645 0.616384 -1.054799
0.222222 1.000000 -0.658663 1.553695 -0.057783 0.122265 -0.221917 0.469559 1.024394 1.352128 0.068715 -0.086518 0.598522 -1.129301
0.222222 0.944444 -0.658663 1.369871 -0.057783 0.107799 -0.221917 0.414003 0.970236 1.339706 0.901521 1.426224 0.547314 -1.078744
0.222222 0.861113 -0.658663 1.094141 -0.057783 0.086101 -0.221917 0.330672 0.889325 1.318243 -0.012196 -0.107981 0.472350 -0.979724
0.222222 0.777778 -0.658663 0.818397 -0.057783 0.064402 -0.221917 0.247337 0.808901 1.292497 0.821097 1.400478 0.400702 -0.839515
0.199998 0.694442 -0.724624 0.542654 -0.063570 0.042703 -0.244141 0.164001 0.722668 1.290387 -0.098429 -0.110091 0.349652 -0.591512
0.177777 0.583331 -0.790576 0.175005 -0.069356 0.013772 -0.266362 0.052890 0.609820 1.274976 0.708249 1.385067 0.300538 -0.196015
0.133333 0.500000 -0.922490 -0.100725 -0.080929 -0.007926 -0.310806 -0.030441 0.517472 1.310194 -0.190776 -0.074873 0.315786 0.097631
0.088889 0.416665 -1.054403 -0.376469 -0.092501 -0.029625 -0.355250 -0.113777 0.426041 1.360613 0.616817 1.435486 0.356311 0.309949
0.066665 0.333333 -1.120365 -0.652198 -0.098288 -0.051324 -0.377474 -0.197108 0.339934 1.373406 -0.276882 -0.062080 0.393401 0.481230
0.044444 0.249998 -1.186316 -0.927942 -0.104074 -0.073023 -0.399695 -0.280443 0.253918 1.394856 0.530800 1.456935 0.444350 0.611828
0.044444 0.194442 -1.186316 -1.111766 -0.104074 -0.087488 -0.399695 -0.335999 0.199457 1.346083 -0.331343 -0.110852 0.471280 0.699034
0.044444 0.138887 -1.186316 -1.295591 -0.104074 -0.101954 -0.399695 -0.391554 0.145825 1.261089 0.477168 1.371942 0.502926 0.775111
0.088889 0.027776 -1.054403 -1.663240 -0.092501 -0.130886 -0.355250 -0.502665 0.093127 0.302864 -0.384041 -1.069078 0.547322 0.955566
0.111109 0.000000 -0.988451 -1.755145 -0.086715 -0.138118 -0.333030 -0.530441 0.111109 0.000000 0.495150 1.069078 0.555129 1.010160
0.155554 0.000000 -0.856538 -1.755145 -0.075143 -0.138118 -0.288586 -0.530441 0.155554 0.000000 -0.339596 -1.069078 0.529661 1.072534
0.177777 0.000000 -0.790576 -1.755145 -0.069356 -0.138118 -0.266362 -0.530441 0.177777 0.000000 0.517374 1.069078 0.517888 1.105429
0.222222 0.000000 -0.658663 -1.755145 -0.057783 -0.138118 -0.221917 -0.530441 0.222222 0.000000 -0.295152 -1.069078 0.496495 1.174560
0.244442 0.027776 -0.592711 -1.663240 -0.051998 -0.130886 -0.199697 -0.502665 0.246015 0.113143 0.541167 1.182221 0.461776 1.192641
0.266666 0.083331 -0.526749 -1.479415 -0.046211 -0.116420 -0.177473 -0.447110 0.279383 0.302878 -0.261784 -0.879343 0.402093 1.192936
0.288887 0.138887 -0.460798 -1.295591 -0.040425 -0.101954 -0.155252 -0.391554 0.320539 0.448142 0.582323 1.327485 0.342465 1.193308
0.288887 0.222222 -0.460798 -1.019847 -0.040425 -0.080255 -0.155252 -0.308219 0.364470 0.655699 -0.217853 -0.671786 0.270833 1.104187
0.288887 0.249998 -0.460798 -0.927942 -0.040425 -0.073023 -0.155252 -0.280443 0.382040 0.713358 0.599893 1.385144 0.248584 1.065196
0.311111 0.277778 -0.394836 -0.836023 -0.034638 -0.065789 -0.133029 -0.252663 0.417073 0.728856 -0.182819 -0.656288 0.213009 1.086170
0.311111 0.305553 -0.394836 -0.744117 -0.034638 -0.058557 -0.133029 -0.224888 0.436065 0.776387 0.618884 1.432675 0.192100 1.036626
0.311111 0.277778 -0.394836 -0.836023 -0.034638 -0.065789 -0.133029 -0.252663 0.417073 0.728856 -0.201811 -0.703819 0.213009 1.086170
0.311111 0.249998 -0.394836 -0.927942 -0.034638 -0.073023 -0.133029 -0.280443 0.399110 0.676912 0.600921 1.380731 0.235345 1.127878
0.311111 0.222222 -0.394836 -1.019847 -0.034638 -0.080255 -0.133029 -0.308219 0.382325 0.620250 -0.218596 -0.760481 0.258735 1.163345
0.333331 0.166667 -0.328884 -1.203672 -0.028853 -0.094721 -0.110808 -0.363775 0.372676 0.463650 0.591272 1.224131 0.298780 1.275119
0.355555 0.138887 -0.262923 -1.295591 -0.023066 -0.101954 -0.088584 -0.391554 0.381718 0.372394 -0.209553 -0.851737 0.317846 1.348305
0.399999 0.111111 -0.131009 -1.387496 -0.011493 -0.109186 -0.044140 -0.419330 0.415145 0.270947 0.624698 1.122684 0.335940 1.465920
0.444444 0.111111 0.000904 -1.387496 0.000079 -0.109186 0.000305 -0.419330 0.458122 0.244979 -0.166576 -0.877705 0.333028 -1.570070
0.511109 0.111111 0.198769 -1.387496 0.017438 -0.109186 0.066969 -0.419330 0.523047 0.214062 0.689622 1.091767 0.339695 -1.412428
0.555553 0.111111 0.330682 -1.387496 0.029010 -0.109186 0.111414 -0.419330 0.566555 0.197396 -0.123067 -0.894370 0.351170 -1.311101
0.622221 0.138887 0.528557 -1.295591 0.046370 -0.101954 0.178082 -0.391554 0.637533 0.219611 0.760601 1.113982 0.353401 -1.143951
0.644445 0.194442 0.594519 -1.111766 0.052156 -0.087488 0.200306 -0.335999 0.673140 0.293035 -0.087461 -0.820947 0.320111 -1.033212
0.644445 0.222222 0.594519 -1.019847 0.052156 -0.080255 0.200306 -0.308219 0.681683 0.332059 0.769144 1.153006 0.298947 -0.994504
0.622221 0.305553 0.528557 -0.744117 0.046370 -0.058557 0.178082 -0.224888 0.693197 0.456477 -0.075947 -0.696529 0.225653 -0.901032
0.600001 0.388889 0.462606 -0.468374 0.040584 -0.036858 0.155862 -0.141552 0.715007 0.575072 0.790954 1.271601 0.165364 -0.737323
0.555553 0.527776 0.330682 -0.008820 0.029010 -0.000694 0.111414 -0.002665 0.766281 0.759763 -0.024674 -0.511838 0.139313 -0.023920
0.533332 0.611111 0.264731 0.266924 0.023224 0.021005 0.089193 0.080670 0.811111 0.853256 0.835784 1.365094 0.189302 0.735262
0.488888 0.666667 0.132817 0.450748 0.011652 0.035471 0.044749 0.136225 0.826714 0.938048 -0.009070 -0.427045 0.226982 1.253410
0.466664 0.722222 0.066856 0.634573 0.005865 0.049937 0.022525 0.191781 0.859872 0.997132 0.868942 1.424177 0.278994 1.453880
0.444444 0.750002 0.000904 0.726492 0.000079 0.057170 0.000305 0.219561 0.871799 1.035843 0.002856 -0.388334 0.305863 1.569409
0.444444 0.777778 0.000904 0.818397 0.000079 0.064402 0.000305 0.247337 0.895806 1.051651 0.892950 1.439985 0.333639 1.569565
0.444444 0.805558 0.000904 0.910316 0.000079 0.071636 0.000305 0.275116 0.920029 1.066632 0.027079 -0.373353 0.361419 1.569689
0.466664 0.805558 0.066856 0.910316 0.005865 0.071636 0.022525 0.275116 0.930966 1.045732 0.903887 1.419085 0.362120 1.489104
0.511109 0.805558 0.198769 0.910316 0.017438 0.071636 0.066969 0.275116 0.954020 1.005410 0.050133 -0.413675 0.367571 1.332018
0.555553 0.805558 0.330682 0.910316 0.029010 0.071636 0.111414 0.275116 0.978551 0.967050 0.928418 1.380725 0.378202 1.186013
0.666666 0.888889 0.660471 1.186046 0.057942 0.093334 0.222526 0.358448 1.111110 0.927296 0.182693 -0.453429 0.497313 1.015219
0.711110 0.916669 0.792384 1.277965 0.069515 0.100567 0.266971 0.386228 1.160155 0.911015 0.977462 1.364444 0.542732 0.965983
0.799999 0.944444 1.056211 1.369871 0.092660 0.107799 0.355860 0.414003 1.237729 0.868013 0.260267 -0.496431 0.613956 0.860780
0.822223 0.972224 1.122173 1.461790 0.098446 0.115033 0.378083 0.441783 1.273291 0.868796 1.013024 1.365227 0.649478 0.862938
0.844443 0.972224 1.188124 1.461790 0.104232 0.115033 0.400304 0.441783 1.287752 0.855621 0.274728 -0.509607 0.662659 0.834616
0.888887 0.888889 1.320038 1.186046 0.115805 0.093334 0.444748 0.358448 1.257078 0.785399 0.982350 1.295006 0.628970 0.678362
0.933332 0.833333 1.451951 1.002222 0.127377 0.078868 0.489193 0.302892 1.251220 0.728856 0.268870 -0.566150 0.625125 0.554394
0.955556 0.694442 1.517913 0.542654 0.133164 0.042703 0.511417 0.164001 1.181244 0.628449 0.912373 1.194599 0.569384 0.310320
0.955556 0.638887 1.517913 0.358829 0.133164 0.028237 0.511417 0.108446 1.149462 0.589342 0.237089 -0.605258 0.547242 0.208954
0.955556 0.583331 1.517913 0.175005 0.133164 0.013772 0.511417 0.052890 1.119536 0.548077 0.882448 1.153335 0.530020 0.103052
0.911111 0.555556 1.385999 0.083099 0.121592 0.006539 0.466972 0.025114 1.067130 0.547562 0.184682 -0.605773 0.480080 0.053730
0.888887 0.555556 1.320038 0.083099 0.115805 0.006539 0.444748 0.025114 1.048219 0.558600 0.863537 1.164373 0.458492 0.056409
0.866667 0.555556 1.254086 0.083099 0.110019 0.006539 0.422528 0.025114 1.029443 0.570040 0.165906 -0.594332 0.436971 0.059369
0.844443 0.638887 1.188124 0.358829 0.104232 0.028237 0.400304 0.108446 1.058896 0.647698 0.892989 1.242030 0.445163 0.264558
0.888887 0.750002 1.320038 0.726492 0.115805 0.057170 0.444748 0.219561 1.163024 0.700857 0.270034 -0.541173 0.539771 0.458574
0.911111 0.805558 1.385999 0.910316 0.121592 0.071636 0.466972 0.275116 1.216161 0.723988 0.946127 1.265161 0.590497 0.532403
0.977776 0.916669 1.583864 1.277965 0.138950 0.100567 0.533637 0.386228 1.340272 0.753153 0.394145 -0.512008 0.712778 0.626498
1.000000 0.944444 1.649826 1.369871 0.144737 0.107799 0.555861 0.414003 1.375491 0.756835 0.981346 1.268843 0.747855 0.640163
