0.000000 0.851852 -1.283240 0.996821 -0.147000 0.103049 -0.450926 0.316106 0.851852 1.570796 0.851852 1.570796 0.603387 -0.611408
0.050846 0.851852 -1.138542 0.996821 -0.130424 0.103049 -0.400080 0.316106 0.853368 1.511178 0.001516 -0.059618 0.566397 -0.668680
0.118643 0.851852 -0.945608 0.996821 -0.108323 0.103049 -0.332283 0.316106 0.860075 1.432410 0.858558 1.492029 0.520725 -0.760454
0.135593 0.851852 -0.897370 0.996821 -0.102797 0.103049 -0.315333 0.316106 0.862576 1.412946 0.004018 -0.079082 0.510075 -0.786623
0.135593 0.703705 -0.897370 0.529647 -0.102797 0.054754 -0.315333 0.167959 0.716649 1.380445 0.712631 1.459527 0.404143 -0.489417
0.118643 0.629631 -0.945608 0.296059 -0.108323 0.030606 -0.332283 0.093885 0.640711 1.384548 -0.071920 -0.074979 0.377290 -0.275367
0.033898 0.407409 -1.186772 -0.404702 -0.135949 -0.041837 -0.417028 -0.128337 0.408817 1.487783 0.480737 1.562762 0.419292 0.298544
0.016948 0.185187 -1.235010 -1.105463 -0.141475 -0.114280 -0.433978 -0.350558 0.185961 1.479533 -0.294775 -0.083229 0.508875 0.679466
0.033898 0.111114 -1.186772 -1.339050 -0.135949 -0.138428 -0.417028 -0.424632 0.116169 1.274688 0.410945 1.357916 0.537945 0.794433
0.067797 0.074074 -1.090305 -1.455852 -0.124898 -0.150503 -0.383129 -0.461672 0.100416 0.829616 -0.310529 -0.528300 0.537406 0.878103
0.135593 0.037040 -0.897370 -1.572637 -0.102797 -0.162576 -0.315333 -0.498706 0.140561 0.266663 0.451090 0.794963 0.520323 1.006964
0.186439 0.074074 -0.752673 -1.455852 -0.086221 -0.150503 -0.264487 -0.461672 0.200615 0.378184 -0.250475 -0.416779 0.460403 1.050550
0.220337 0.185187 -0.656206 -1.105463 -0.075171 -0.114280 -0.230588 -0.350558 0.287825 0.698937 0.538299 1.115715 0.351835 0.988975
0.237288 0.222222 -0.607969 -0.988678 -0.069645 -0.102207 -0.213638 -0.313524 0.325097 0.752622 -0.213203 -0.363093 0.312965 0.972657
0.254236 0.259261 -0.559739 -0.871876 -0.064120 -0.090133 -0.196690 -0.276485 0.363115 0.795185 0.576317 1.158278 0.274631 0.952463
0.254236 0.222222 -0.559739 -0.988678 -0.064120 -0.102207 -0.196690 -0.313524 0.337666 0.718307 -0.238651 -0.439971 0.301650 1.010507
0.254236 0.148148 -0.559739 -1.222265 -0.064120 -0.126355 -0.196690 -0.387598 0.294251 0.527615 0.532902 0.967586 0.361056 1.101199
0.254236 0.111114 -0.559739 -1.339050 -0.064120 -0.138428 -0.196690 -0.424632 0.277456 0.412032 -0.255446 -0.555554 0.392631 1.137019
0.322032 0.037040 -0.366804 -1.572637 -0.042019 -0.162576 -0.128894 -0.498706 0.324155 0.114515 0.579601 0.670069 0.433492 1.317875
0.406779 0.000000 -0.125632 -1.689440 -0.014392 -0.174651 -0.044147 -0.535746 0.406779 0.000000 -0.172822 -0.670069 0.453082 1.488580
0.474576 0.000000 0.067302 -1.689440 0.007710 -0.174651 0.023650 -0.535746 0.474576 0.000000 0.647398 0.670069 0.451546 -1.526681
0.508474 0.074074 0.163770 -1.455852 0.018760 -0.150503 0.057548 -0.461672 0.513841 0.144661 -0.133557 -0.525408 0.381221 -1.446785
0.525424 0.259261 0.212007 -0.871876 0.024286 -0.090133 0.074499 -0.276485 0.585907 0.458380 0.719464 0.983788 0.205634 -1.307598
0.508474 0.481483 0.163770 -0.171115 0.018760 -0.017689 0.057548 -0.054263 0.700265 0.758140 -0.019198 -0.225648 0.065158 -0.756025
0.457628 0.703705 0.019072 0.529647 0.002185 0.054754 0.006702 0.167959 0.839418 0.994201 0.858617 1.219849 0.252868 1.530915
0.440677 0.814818 -0.029165 0.880036 -0.003341 0.090976 -0.010248 0.279072 0.926350 1.075021 0.067734 -0.144828 0.364037 -1.534090
0.423730 0.925926 -0.077395 1.230408 -0.008866 0.127197 -0.027196 0.390180 1.018276 1.141617 0.950542 1.286445 0.475778 -1.501207
0.440677 1.000000 -0.029165 1.463995 -0.003341 0.151345 -0.010248 0.464254 1.092793 1.155722 0.142251 -0.130723 0.549170 -1.548725
0.542372 1.000000 0.260237 1.463995 0.029811 0.151345 0.091446 0.464254 1.137615 1.073828 0.995364 1.204551 0.556637 1.376311
0.661017 1.000000 0.597876 1.463995 0.068489 0.151345 0.210092 0.464254 1.198726 0.986715 0.203362 -0.217836 0.587895 1.145836
0.745762 0.962966 0.839041 1.347210 0.096115 0.139272 0.294836 0.427220 1.217975 0.911835 1.014614 1.129671 0.590858 0.966727
0.779660 0.925926 0.935508 1.230408 0.107166 0.127197 0.328734 0.390180 1.210458 0.870946 0.195845 -0.258725 0.577660 0.870662
0.830509 0.777778 1.080213 0.763234 0.123742 0.078901 0.379583 0.242033 1.137842 0.752623 0.941997 1.011348 0.500915 0.567628
0.864407 0.629631 1.176680 0.296059 0.134793 0.030606 0.413481 0.093885 1.069408 0.629531 0.127411 -0.381818 0.450447 0.223274
0.864407 0.555557 1.176680 0.062472 0.134793 0.006458 0.413481 0.019811 1.027542 0.571228 0.900131 0.953046 0.426514 0.047876
0.813558 0.518517 1.031975 -0.054330 0.118217 -0.005617 0.362632 -0.017229 0.964747 0.567427 0.064616 -0.385619 0.368878 -0.047475
0.779660 0.555557 0.935508 0.062472 0.107166 0.006458 0.328734 0.019811 0.957347 0.619108 0.892731 1.004727 0.344984 0.060191
0.796610 0.666665 0.983745 0.412844 0.112692 0.042679 0.345685 0.130919 1.038764 0.696826 0.146033 -0.307901 0.407481 0.362031
0.830509 0.777778 1.080213 0.763234 0.123742 0.078901 0.379583 0.242033 1.137842 0.752623 0.991809 1.060524 0.500915 0.567628
0.915256 0.851852 1.321384 0.996821 0.151369 0.103049 0.464330 0.316106 1.250338 0.749534 0.258529 -0.310990 0.613469 0.597710
0.966102 0.888892 1.466082 1.113623 0.167945 0.115124 0.515176 0.353146 1.312814 0.743800 1.054285 1.054790 0.676181 0.600919
0.983052 0.925926 1.514319 1.230408 0.173471 0.127197 0.532126 0.390180 1.350456 0.755482 0.296171 -0.299307 0.713291 0.632693
1.000000 0.925926 1.562549 1.230408 0.178996 0.127197 0.549074 0.390180 1.362842 0.746956 1.066672 1.046263 0.726022 0.617815
