-3.926020250000000260e+02 2.000000000000000000e+00
-4.192656079999999861e+02 1.000000000000000000e+00
-5.136445919999999887e+02 1.000000000000000000e+00
-2.788211600000000203e+02 3.000000000000000000e+00
-5.954805380000000241e+02 3.000000000000000000e+00
-5.476013369999999441e+02 2.000000000000000000e+00
-3.460883000000000038e+02 3.000000000000000000e+00
-3.775747769999999832e+02 3.000000000000000000e+00
-4.207231350000000134e+02 3.000000000000000000e+00
-3.684533840000000282e+02 3.000000000000000000e+00
-3.493363489999999842e+02 3.000000000000000000e+00
-3.579681709999999839e+02 3.000000000000000000e+00
-3.558386399999999981e+02 3.000000000000000000e+00
-4.528759479999999940e+02 3.000000000000000000e+00
-4.265669100000000071e+02 2.000000000000000000e+00
-3.006001239999999939e+02 3.000000000000000000e+00
-6.850886649999999918e+02 3.000000000000000000e+00
-4.511546529999999962e+02 2.000000000000000000e+00
