7.7497	5.0154
-2.264	7.182
2.012	-10.374
5.2949	7.1675
5.4218	-8.9809
4.8457	7.0891
9.8721	-2.0056
-0.70578	7.6966
5.0683	-8.8186
9.3888	-3.709
6.142	-8.4074
-5.7386	3.0791
3.3401	-9.8993
3.4173	-1.8175
8.6109	-5.2841
-4.773	-2.2026
0.09512	-4.7198
6.5985	-7.8136
7.0497	5.9534
5.9981	6.3132
-4.1532	-2.969
0.69274	-4.1961
-6.0392	0.50141
-2.8172	6.9647
7.9825	4.7276
7.3181	-7.5331
2.8536	-10.331
6.961	5.836
5.032	-9.3335
7.8596	-6.0868
-4.5849	-2.786
0.67336	8.1063
-5.4575	-1.3433
6.0914	6.6923
3.4795	-2.2013
8.5429	-5.4452
9.2299	1.6162
6.7797	6.4039
-3.7857	-3.2492
-5.147	4.2309
1.9752	-10.603
6.3051	6.5986
5.1273	7.2205
-5.1082	4.8788
-3.8167	6.4512
3.3531	-9.8396
7.6194	-6.4573
7.1476	-7.3257
3.78	-9.9582
8.9896	-4.2386
9.894	-2.1423
3.2961	-0.69147
-0.84002	8.0113
3.0825	-9.9547
5.6387	6.8906
-0.90484	7.8918
8.2147	4.1283
-0.45586	-4.4735
1.4165	8.2872
9.2544	-3.7682
7.3244	5.213
-4.4472	-3.0305
-5.9532	-0.048087
2.7553	-10.374
8.832	-4.7413
8.7525	-5.0195
7.1434	5.3938
9.7223	-0.95035
1.3352	8.2227
9.7633	-1.6351
9.6641	0.1794
1.6166	-3.9702
8.235	-5.7721
-4.8266	5.0876
-2.4739	-4.0661
5.5561	-8.8811
8.0976	4.0312
9.1304	2.4622
-3.1666	-4.2428
-6.0147	2.2624
0.71966	-10.946
6.5719	-8.1163
4.3699	-9.6916
9.5299	0.28223
8.5837	-5.4298
4.4501	-9.7324
-6.1759	-0.17932
9.6387	-2.0998
-6.331	1.0034
9.5048	-1.9884
9.4764	-2.8748
2.5532	8.2535
6.2902	-8.487
8.872	-4.8812
-6.0075	-0.3369
1.5582	8.3084
-0.1738	-4.7561
-5.486	-1.4741
8.5578	3.9823
-3.2711	6.5546
7.5082	-7.1529
9.5093	-3.4244
3.2325	0.14037
8.9191	-4.8453
-5.1761	-1.94
8.5703	4.2394
0.87157	-10.861
3.2673	-0.44605
1.6994	8.1585
2.9661	7.9165
0.33975	-4.494
4.9126	7.1441
-1.1024	-4.3191
9.6427	-2.6996
-3.2946	6.9819
3.2405	8.0052
4.0595	7.7855
4.3098	7.4533
-0.8356	8.0121
0.32053	-10.863
9.6474	1.2087
1.2409	-4.271
-5.7085	-1.2254
-0.80221	7.7576
5.6557	6.7556
5.0689	-9.2245
-4.7676	4.8235
8.4007	4.1905
0.53697	-10.89
3.0766	-9.9218
7.0522	5.871
9.5322	-3.1702
4.3035	-9.5615
3.4448	-9.8606
-4.9909	4.4885
9.4876	-3.0124
-0.13239	7.9767
8.4911	-5.3737
3.54	-1.5078
-0.9525	-4.5276
-5.717	2.6065
-5.167	4.6998
-5.1606	4.5867
-3.4583	6.6167
9.5973	-1.3586
-3.66	6.3458
4.7456	-9.2217
8.8483	2.8991
-6.2915	0.34635
2.5801	-10.382
7.9212	4.6358
-4.2182	-2.8375
-3.5214	6.4826
-2.0323	7.5311
8.1307	4.4008
9.5982	-1.2825
3.4035	8.069
-4.847	5.2892
9.2152	-4.1139
1.0548	-10.502
3.1353	7.7429
-6.1681	0.79962
9.4581	0.6047
-5.2999	-2.3336
9.6638	-1.5654
8.0975	4.4159
-5.1012	4.7427
2.6027	-2.8199
-5.908	2.8772
9.3863	0.64867
-5.7895	3.0268
3.5304	7.8821
7.7585	-6.4197
-4.0019	5.9807
-5.5576	-0.65146
7.3957	5.2159
-6.203	1.4337
-5.8801	-0.22429
-4.132	6.0774
9.4991	0.77751
-0.99706	7.6236
7.3137	-6.9801
4.3688	7.3444
6.1752	-8.4093
8.7158	3.0074
6.5613	-7.6936
2.7066	-3.1792
2.3824	8.1002
4.788	-9.1824
-4.4019	5.6732
-2.7758	7.0457
5.4325	6.9686
-4.5333	5.5708
-5.9167	-0.66143
9.6309	1.6233
9.4656	1.2497
3.0687	-2.7314
8.3619	3.8717
9.5154	0.45836
0.15423	-4.291
5.5127	-8.9193
9.635	-1.8335
5.8058	6.7362
7.6602	-6.5213
1.2162	-4.3056
-5.6103	4.0547
-5.7585	2.3835
8.2299	-5.761
-5.9547	-0.27858
6.8108	-8.0925
0.50516	-10.586
7.4344	4.8458
-1.4545	7.888
0.4901	-10.588
9.2078	1.3758
3.059	8.1453
9.4699	-3.7476
-5.8833	2.7382
7.909	-6.2996
3.2725	7.9914
9.4694	-3.4959
7.1346	5.5867
8.0543	4.7503
5.1839	-8.8676
-5.9109	1.3196
9.2172	3.0254
-5.9134	1.2652
8.9766	-4.5218
9.5438	-2.8372
9.5197	-0.059743
3.4734	7.9112
-5.7761	3.4887
-6.1197	0.37082
7.8749	5.3187
9.0681	-4.8726
7.8218	4.8187
5.6186	6.6959
3.393	-9.871
2.1906	8.3204
9.1209	-4.2923
0.73493	7.9892
8.4748	-4.9226
0.71346	8.1637
-2.1021	7.1359
5.3648	-8.8577
1.8719	-3.8342
4.4504	7.592
7.9157	-6.6102
2.606	7.913
7.1536	5.8836
3.757	7.8259
-3.5539	-3.6502
-6.073	2.902
2.426	8.253
-5.8583	-0.38478
9.2952	1.3086
-5.8664	1.9085
-4.2783	-3.0349
1.608	-3.6628
8.5721	-4.9909
9.6283	-1.5489
9.2069	2.6515
7.0512	5.5727
2.7742	-2.6109
8.1849	4.7496
2.3056	-10.182
7.2256	-7.3824
-0.24328	7.8437
7.731	-6.3884
4.498	-9.4214
7.7202	-6.6504
-3.537	6.5416
9.4376	0.65216
-2.7568	-4.0697
7.5736	-7.1318
7.8563	4.483
-5.1057	4.5248
-1.6417	-4.688
-6.3455	1.6859
-3.9981	-3.3412
-5.6726	-0.4528
-4.8196	-2.4423
-5.217	4.5371
9.4897	0.15028
-2.4405	-4.3613
5.0283	7.0571
1.0617	-4.2381
6.6939	5.9406
7.4385	5.2688
7.3221	-7.1323
3.3956	7.7229
9.5915	0.68447
1.5516	-10.77
9.3242	-2.246
9.4444	1.0458
2.077	-3.3933
8.7461	3.3562
4.8374	7.3887
-5.886	-0.69002
5.1703	-9.0326
-4.7409	-2.6254
3.2587	7.7442
2.7476	-10.182
8.6232	3.8798
-5.8346	3.1706
8.7148	-4.5765
4.0415	-9.8228
0.1016	7.9568
3.5557	-10.092
9.5922	0.17419
3.4074	-10.119
9.5978	-2.9335
8.7279	3.6978
-2.6574	-4.0243
8.6322	-5.5799
9.2194	2.8248
-2.138	7.3018
9.4479	2.5614
3.9387	7.8667
9.3112	2.4636
9.552	1.4207
5.0681	-9.0522
-0.21759	-4.43
9.3589	0.94797
8.9278	2.4997
2.0585	7.9566
-5.8995	0.57923
9.3735	1.7446
1.134	-3.9816
9.5151	-2.287
9.509	-0.88186
0.70325	-4.461
9.3444	2.0765
8.5494	-5.3218
2.9017	8.1001
-5.1552	-2.1283
3.8303	-9.7798
2.6731	-10.172
-0.65435	8.0147
5.8482	-8.5622
9.3332	-3.0448
2.0718	-10.372
6.9982	-7.1149
0.25221	8.2977
5.2835	6.7328
9.725	1.1237
8.7523	-5.1182
4.2762	-9.7983
9.4921	-1.4386
9.0007	2.2788
1.8792	-10.406
-0.17687	-4.7584
-6.0961	-0.047261
9.1587	-3.9872
6.4379	6.1414
4.4483	-9.212
4.3791	7.3407
1.5882	-10.648
-6.1213	1.9233
9.4955	-1.9784
9.1412	2.9495
5.8658	6.5875
9.7378	-0.19148
4.0306	-9.9216
-5.1899	-1.9549
-5.8271	2.1031
8.6915	-5.3998
-5.5525	3.9864
9.588	-2.1228
8.1943	4.0149
5.1759	-8.984
9.1021	3.0413
7.2711	-7.1423
8.7782	-4.6519
-4.78	4.9745
8.8375	-4.7037
-6.0758	0.30754
5.8728	-8.1915
8.963	3.1419
2.2183	8.3479
-2.3914	7.3075
1.5743	-4.1468
-3.7916	6.3571
-4.6069	5.5029
8.6054	-4.564
1.7124	-10.647
-1.9699	-4.2136
2.1396	-10.259
5.5892	-8.7801
7.4563	5.0003
-4.4261	-3.0063
9.5225	-2.779
-1.3958	-4.6903
6.3697	6.2051
3.665	-1.1042
-3.3062	-3.9939
-1.8243	-4.3293
-4.4425	-3.0484
-3.3784	6.3307
7.8937	-6.0587
1.3476	-10.816
-1.6789	7.4528
4.3608	-9.5201
9.5175	1.6973
-1.1338	-4.7072
6.381	6.6407
-3.8577	-3.611
1.9751	-3.6589
-6.2707	1.3239
-6.2037	0.8361
7.9168	4.6236
2.1055	8.0364
-6.2502	1.3196
4.7868	7.4813
-5.0366	4.6765
4.415	7.4489
9.8093	-0.87916
-6.1618	-0.16893
-5.104	-1.9451
5.6579	-8.7981
9.3375	1.2768
8.0547	4.4846
8.2153	4.4573
-0.85838	7.9989
8.902	-4.5698
1.3047	-4.2052
-0.70731	8.0675
8.0973	4.5879
9.8367	-1.1574
7.9011	4.9342
0.6193	8.1569
-4.6439	4.9763
9.3771	-2.5288
8.3913	-5.6719
5.7079	-8.6709
9.7834	-0.072177
-4.1534	6.3342
-1.4046	7.7387
2.9164	8.103
4.0122	-9.5736
9.72	-0.54706
8.676	-5.3448
9.9017	0.35831
1.4168	-4.3098
0.92558	-4.1876
-6.1504	0.63613
6.2655	6.7912
-1.175	-4.7506
8.3082	4.0643
9.4469	0.90978
-1.7743	7.5369
9.6608	0.26648
1.8205	7.9603
6.9731	-7.9015
3.6734	-0.95846
9.1494	-4.0186
7.4371	-6.9657
-2.8736	-3.958
2.0363	-10.532
1.2546	8.3427
6.8076	5.7445
3.6972	7.7868
-5.35	4.7763
9.4342	-3.818
2.0355	-3.5036
6.2669	6.5481
-5.2371	-2.0426
7.4442	-6.7458
9.0308	-4.3426
-4.9726	-2.5743
6.8314	-7.6498
-4.8821	5.1526
9.6291	-2.5174
5.4759	7.036
9.4457	-3.4836
-6.0088	-0.10691
7.7403	-6.3621
6.6603	-7.6675
-5.0674	-2.3383
9.6367	-1.1161
9.3054	2.2364
2.6445	1.5937
5.1376	7.3773
0.77816	8.3716
1.2917	-4.1409
7.7285	4.8123
6.1875	-8.4424
2.4854	-10.314
6.414	6.5144
8.5887	-5.1635
2.5104	-3.1799
-4.3632	-3.0114
2.8913	-2.5722
7.6626	-6.6959
-3.2677	6.6027
4.4577	-9.3788
3.8657	-9.9054
3.173	-10.161
3.1715	7.8406
-6.1525	-0.40996
-4.4324	-3.1555
4.5509	7.6778
0.75815	-4.3872
6.26	-8.3885
-5.0405	-1.886
0.3379	8.24
9.8058	-1.763
0.76559	8.2106
9.0752	-4.2765
6.1369	-8.2973
7.0029	-7.4777
9.5735	-0.17361
5.9969	6.6757
2.2477	-10.473
9.3083	-3.4436
9.5035	-2.4786
-3.699	-3.4921
8.6083	3.9923
-6.3599	1.3743
2.7933	-2.6939
0.19725	-10.805
-1.0362	7.829
2.1953	-10.547
1.4654	8.1595
-5.2064	-1.717
-5.6724	3.5553
-4.1023	6.3069
-6.1286	0.0096963
-3.004	-4.2181
2.753	-9.999
2.3855	8.3166
0.37691	-10.508
1.0909	8.0759
5.7951	6.5802
-4.947	-2.6323
2.8371	8.0961
2.1827	-10.263
3.047	-1.8078
2.6543	1.2047
6.4066	6.2994
8.2793	-5.3573
-5.7121	2.6308
4.0492	-9.6952
8.3796	4.586
7.0195	-7.7523
3.3658	0.73269
9.3549	0.97458
-5.706	3.5621
9.7326	-2.596
-3.0789	7.0083
-4.8648	-2.6207
-2.0336	7.3591
3.4003	-0.58879
3.2997	-0.30095
-0.23768	7.7684
5.0361	-8.9469
2.75	-10.333
-2.9831	6.8885
-0.72398	7.7631
4.6713	7.5157
8.8474	2.6665
-2.9546	-4.2007
-4.0299	5.8367
8.3563	-5.6022
4.1661	7.7425
-5.93	3.5246
7.7299	5.469
2.0471	-10.25
-5.0037	-1.7712
7.809	4.8055
9.7604	-1.4915
9.6866	-0.77021
5.8903	-8.61
3.1401	-2.5334
1.1741	-4.0334
6.4166	6.3256
-1.4874	7.5449
6.5394	5.8979
9.6211	-1.6097
-2.8647	6.8478
1.318	-10.581
9.3494	0.91202
2.8108	-10.139
9.5135	1.3821
1.2311	-4.1932
1.5542	8.2926
4.1087	7.554
2.1449	-10.485
8.1981	4.7862
2.8977	-3.0418
8.3034	-5.9193
-3.0353	6.9234
-4.2917	5.9313
5.9557	6.6049
8.3956	4.279
9.6567	1.5544
7.4601	5.4449
3.1952	-1.8404
2.0522	8.1651
-5.8675	1.5247
9.6768	-0.99099
9.5817	1.4456
1.4762	8.1695
5.257	-9.1911
7.9205	4.4701
-5.9832	3.0144
2.5073	7.9139
0.27198	8.0091
5.0292	7.308
0.68231	7.9458
6.4402	-8.0228
4.3606	-9.3235
9.4999	-0.42497
-0.50257	8.0323
5.8465	-8.5673
-5.8037	-0.97181
-2.3971	-4.4632
-4.6375	-2.7864
-3.4425	6.6755
7.9476	-6.6483
9.5935	0.4436
-6.0539	2.5809
9.6673	-1.8592
8.8478	-4.6325
7.0286	5.9494
-4.9687	-2.0458
-5.9853	2.1935
-6.1392	-0.42647
8.6058	-5.285
1.5553	-10.64
-1.7359	7.6165
5.6793	-8.5212
-5.1222	-2.4055
7.9079	-6.8368
-4.8298	5.2807
1.4413	-3.7909
-5.7323	-0.48352
9.6349	-0.27416
9.5919	-0.059982
8.1699	4.1541
-3.7348	-3.3634
9.7578	-0.92561
3.33	-1.5701
-2.8145	-4.3644
2.7387	-10.171
-5.7345	3.4071
2.5668	-10.316
5.8307	6.6405
2.3689	8.0826
-5.8987	2.8942
5.9676	-8.5448
-0.3304	8.1777
-1.2367	-4.3183
-3.0384	7.002
8.7441	-4.9182
7.2272	-7.2111
1.33	-4.0877
-4.5013	5.8871
7.3342	-7.0686
6.2156	6.2973
9.273	-3.306
1.0607	8.0332
-6.2459	2.2794
-4.6422	-3.1347
-5.0213	4.3603
-4.8965	4.8865
1.02	7.9843
2.7796	-2.7532
1.8792	8.0079
1.7162	-4.1452
3.3645	-10.241
2.9507	-9.952
8.1143	4.676
9.0739	-4.6066
-4.6927	5.3493
-1.4649	-4.5216
5.909	-8.7742
-2.233	7.2026
9.4554	0.3174
-1.7176	7.6983
-5.2845	-1.9323
9.1085	2.7419
-0.37274	-4.5376
2.7592	-10.391
8.9935	2.0436
-5.2552	4.5278
5.3013	7.033
9.7654	-1.2736
8.3584	-5.7658
5.5181	6.8415
-0.93844	-4.6532
9.4575	0.11028
-4.1524	5.6936
2.6318	-10.059
6.9752	5.7634
-4.167	-3.1059
4.2084	-9.5468
1.1518	-3.9928
-4.0541	5.986
-6.2487	1.6842
5.9855	-8.1465
6.0536	-8.3799
5.9813	-8.3414
-5.803	2.1455
-2.1252	7.3642
5.3572	7.1298
7.1664	5.4191
4.4656	7.422
7.1392	-7.3157
-5.8027	-0.15463
-4.0634	-3.4905
2.9485	-2.6835
8.5739	-5.4062
8.404	-5.6904
9.4309	0.8814
9.711	-0.89261
2.1112	-3.3449
3.4793	-10.131
8.6519	3.6888
-4.0709	-3.1505
9.1643	-4.7848
8.978	2.8467
8.3383	4.6047
5.3807	6.9573
7.4477	-7.2928
-2.7832	7.1108
5.4952	-8.9496
-3.9023	5.9191
9.7352	-0.35005
3.1625	0.71342
-2.7226	6.7826
3.4043	8.0658
-5.0477	4.9991
9.13	-4.6055
-4.2252	-3.3085
6.5838	-7.8962
8.266	-5.3386
9.5177	-0.71999
-0.3356	8.1885
6.2327	-8.2945
-5.9364	-0.97371
-5.9126	0.75978
1.9962	-10.613
1.9494	8.2424
8.805	3.5157
9.3737	-3.9889
9.7977	-1.0035
2.798	8.1636
9.0743	2.9395
-5.1426	-1.7542
9.564	1.2387
-5.7148	2.9858
6.1657	6.8884
8.0015	4.668
9.7108	-2.2414
-3.0151	6.5701
0.45747	-10.886
-3.5154	6.5236
-5.2817	-1.2842
8.4518	-5.5858
1.7334	-3.89
8.6034	-5.8374
6.1946	-8.1393
-2.1495	-4.3329
-5.2942	-1.3322
3.502	-0.67947
-5.0972	4.6916
3.4902	0.19668
9.0695	-4.5414
5.2945	-8.6288
8.3099	-6.0215
-5.5153	3.8515
9.4167	2.216
1.4156	-4.1645
9.4528	-3.3231
-3.1659	6.9557
9.879	-0.56511
-3.5684	6.193
-6.2141	0.79217
9.5188	0.64361
2.5621	1.2172
9.2124	-3.7648
9.2229	-2.9708
7.593	5.3541
0.20739	-10.738
-0.96715	7.7256
6.75	-7.8892
2.4448	-10.265
-5.9386	-0.67822
-5.0856	4.3873
-5.8168	-0.94035
3.4241	-10.023
9.911	-0.41842
-2.772	7.2163
4.4249	7.7366
5.1568	7.2939
-0.76449	7.6972
2.1814	7.9999
4.817	-9.3063
-3.6629	6.148
9.725	-1.8528
8.0781	-5.6882
1.4654	-10.643
6.4577	6.1695
0.42934	8.0053
6.9612	-7.3346
-5.4	-1.9913
4.2559	7.6323
-5.2527	-1.5555
-6.3378	1.132
2.7765	7.9824
4.9444	7.2282
1.6172	-10.617
9.5167	1.4778
1.8468	-10.475
8.9061	-4.6581
4.3636	-9.6415
3.2182	-2.0677
3.2111	-10.219
-6.2	2.4882
-5.0553	-2.111
1.8346	-10.398
3.6077	8.0124
-0.35806	-4.5689
6.0107	-8.1248
3.2389	-2.1022
4.9581	-8.8994
7.8203	-5.996
-0.32556	8.1408
9.8103	0.57588
-2.819	7.2665
-6.0781	1.0239
6.4562	-7.8668
-1.0293	-4.7425
4.8274	-9.1362
9.7229	0.025373
-5.5611	-1.0921
9.1734	3.0304
0.69383	-10.809
-3.2848	6.7788
2.5531	8.0442
5.6343	6.9582
1.3708	-4.2353
7.2006	5.5413
2.5944	8.1074
-5.8887	-0.5536
-2.7976	-3.8343
-4.1503	-3.331
2.3551	-10.106
7.3947	5.3611
-0.97059	-4.6402
7.655	-7.2456
4.2303	7.5365
4.4051	-9.3602
-6.0276	-0.043647
2.2857	8.3581
9.8888	-0.62309
5.3153	-9.0635
3.6567	7.6083
-0.823	-4.7838
9.4785	-0.39921
-1.1247	-4.3664
1.1184	-4.0437
0.82655	-10.748
-5.8759	2.4026
7.915	-6.611
-4.2976	-2.8056
8.5601	-5.4782
7.005	5.9204
-6.0583	2.4697
0.50141	8.1509
-5.3642	-1.7424
2.6017	8.2969
1.6946	7.9631
-4.0933	6.2692
2.7203	-10.072
-6.0547	3.0085
0.57077	-10.922
1.2568	-3.8524
6.2724	-8.2131
8.2196	4.2172
8.4801	3.7793
-0.22395	8.0483
4.7691	7.415
5.0588	7.1981
8.0381	-5.8453
1.9685	8.2756
8.7926	3.3377
9.1633	1.7348
6.4054	6.1201
0.30888	8.0117
9.9289	-1.0407
1.539	8.074
-6.0024	2.5299
8.567	-4.926
-5.7853	0.0073777
-3.12	6.9881
-2.683	7.0532
2.0965	8.2055
7.1199	-7.457
7.9782	-6.0613
9.5202	0.40168
-5.6763	3.4716
-2.3651	7.3872
3.3018	7.8939
9.5085	-1.6331
5.4287	7.3216
-2.5073	7.4722
8.0423	-6.2292
-5.2798	-1.6487
-5.9285	0.82825
6.9125	-7.8619
2.0855	8.0686
3.1632	-10.089
8.7557	-5.1773
7.2919	-6.8903
-5.5172	4.5698
-0.36159	8.1883
3.1683	-9.9363
2.595	7.8523
-5.6209	3.5568
9.4723	-3.3701
7.6649	5.348
5.8254	7.0298
-2.2663	7.1832
3.4404	0.77757
-5.2546	4.5573
6.9145	-7.9345
-3.8392	6.119
2.7408	-10.241
9.8222	0.067192
3.4197	-0.43798
9.3393	-2.9907
-0.96649	7.8956
0.17588	-10.971
-6.0968	0.42171
-4.4751	-2.5872
8.061	-5.8191
1.8924	-10.395
3.9679	-9.8911
8.91	-4.5423
1.8866	7.9182
1.5539	-4.0655
2.1921	-10.496
-4.7285	-2.5021
-4.0939	-3.0566
9.7975	-2.1179
2.8973	-10.459
9.1159	-3.4797
7.7571	4.9614
-4.4761	-2.872
9.3338	1.779
9.385	2.2024
6.9332	-7.7276
4.4011	-9.5913
-3.4013	-3.7961
-0.4165	-4.5616
7.1373	5.5523
6.7317	-7.8871
1.4118	-4.0493
8.0913	-5.7547
3.7699	-0.42855
-4.75	5.2448
-6.0172	1.2918
1.118	-10.518
-1.4628	-4.6197
9.5105	-2.2764
8.0477	-6.4524
-2.6822	7.21
1.9409	-10.376
8.6672	-5.3364
3.3334	7.8784
1.0783	8.3328
3.6923	-0.57406
-0.73165	8.1445
2.2636	-3.4866
7.0284	-7.4198
0.83	-4.4281
-5.2822	-1.2913
0.96651	-10.688
-2.6605	6.9451
6.4743	6.0671
2.8221	-10.313
2.4554	-3.3698
-5.5196	-1.3621
-5.3218	-1.3637
8.4863	-5.219
2.7488	-2.6109
4.8948	7.461
9.1876	-3.4312
8.8081	-4.3645
-4.2102	5.8628
-5.8303	0.21316
5.5749	6.9238
3.2278	-2.4651
1.9716	8.1425
8.3424	4.1938
0.45697	-4.5546
9.4954	-0.43013
5.9463	-8.6707
1.9215	-3.7932
0.094723	-4.368
-1.2121	7.5864
-5.5413	-0.87567
0.5849	-4.3674
-3.1905	6.7498
6.33	-8.3731
8.5424	3.7155
1.3523	8.0748
5.1817	6.9424
-2.4468	7.2987
-3.786	-3.5299
6.9471	5.9141
-0.09624	7.8576
8.8066	3.6836
-2.7658	6.963
-6.0955	-0.38581
3.4566	0.46557
-3.8018	-3.3971
6.9531	5.9135
-5.202	-2.3259
1.8083	7.9834
3.8062	-9.9257
7.1991	-7.2876
0.94346	-10.65
6.5868	-7.9551
-6.206	-0.026108
-3.2521	6.5206
7.1174	-7.7626
0.27781	-4.1936
8.1931	-5.9492
9.7839	-1.7704
-2.0968	7.2628
0.94363	7.9135
0.40696	-4.6157
7.3117	-7.5798
-4.5686	5.5206
5.0334	-9.0867
-4.0752	5.7793
0.53076	8.1155
6.2864	-8.1402
4.3453	7.7984
5.6384	7.1959
9.6091	-0.65186
-5.0552	4.7442
7.653	-6.8376
0.30207	-10.725
9.2729	-3.6694
3.3201	-10.161
9.7686	-1.9073
9.2923	1.2822
3.4642	-10.083
9.0724	-4.4033
-5.0782	-2.1137
6.6615	-7.6196
0.98089	-10.524
4.8297	7.1902
3.4558	-10.035
6.8362	6.3116
9.5306	-1.441
9.8848	-0.83087
1.8185	-10.549
9.6409	-2.0407
9.1757	-3.2715
-5.0093	4.7043
5.7355	-8.2777
-3.1535	-3.9865
-0.090209	8.1877
9.031	-4.7315
7.3415	-7.243
5.4248	6.888
0.24327	-10.987
9.5585	0.52926
-1.7932	-4.3594
9.8934	-1.3538
9.1492	3.2717
-1.2291	7.6888
3.4814	-1.6287
3.4163	-9.828
-6.1962	1.403
-1.2124	-4.6343
7.0238	5.5708
2.0097	8.2474
6.4006	6.1569
4.8948	-9.2795
0.14442	-4.6251
-0.083227	-4.6033
-6.2098	0.029928
9.2969	1.441
-3.485	6.2675
-1.9898	-4.4861
7.472	5.2676
1.6961	8.1657
9.6798	-1.8265
9.4359	0.56913
2.605	-10.077
7.4353	5.534
-1.6148	-4.5257
1.8293	8.3364
-3.927	6.1685
9.6643	-3.0211
-5.8418	-0.24917
-5.1775	-2.3365
-6.0301	1.6995
-6.2541	0.87417
0.069656	7.8956
2.896	1.08
9.6647	1.1942
7.4872	5.3149
4.133	-9.6407
6.835	6.1934
-4.9971	-2.2859
-5.7143	-0.89859
0.54166	-10.489
8.5804	-5.729
0.93783	7.9889
-6.0617	1.6759
-0.36964	8.01
2.0657	8.0145
0.2651	-4.2811
8.0881	-6.3196
-0.66728	-4.3558
5.008	-9.3782
5.7769	-8.8627
-2.7283	-4.2601
0.091804	-4.542
2.224	8.3379
5.16	-9.1855
8.3399	4.4577
1.5547	-10.323
7.838	4.6643
-3.7946	5.9952
8.1543	-6.4825
4.3272	7.6458
9.2244	2.0458
-6.2196	0.9793
2.3638	-3.4861
-1.4229	-4.5476
8.9853	3.2411
9.3004	1.6817
0.80597	8.2496
9.9214	-1.1011
-6.3301	0.87962
-0.14916	-4.7607
-5.9231	2.2386
-4.8524	-1.9643
9.8365	-2.4448
0.46217	-10.98
0.078758	8.1416
3.2656	-1.4355
9.2149	1.9207
-5.4807	-1.002
8.245	3.9591
6.3409	6.229
-2.3979	7.0767
9.4809	-2.3761
-2.2182	7.424
7.0375	5.9158
3.704	7.6642
3.4349	-0.50404
-3.6144	-3.3363
9.896	-1.416
0.013976	8.18
-6.292	1.1942
-2.624	-4.0802
1.876	8.1691
-4.5162	5.7398
9.1878	1.7424
-0.52913	-4.6354
-0.89036	-4.4315
8.1982	-5.9861
9.5619	-3.5707
-0.2674	7.9755
0.77143	-10.764
8.7979	3.2405
-1.7087	7.5727
9.1963	-4.4829
9.7809	-2.1946
5.9133	6.6458
-2.5077	-4.2064
-2.7253	-4.0448
-5.9964	0.098626
9.8788	-1.7572
9.7175	-0.7825
6.6035	-7.7839
8.9457	2.7264
8.6503	-5.528
9.4772	2.3645
-3.0892	-3.8147
-5.8467	2.0557
-3.927	6.1525
-3.8094	6.264
4.1031	-9.9034
1.4121	-3.9705
9.6401	-1.2734
5.3688	7.2063
6.0341	6.4636
2.7435	8.0206
6.9637	-7.1312
3.9048	7.8258
9.3197	-3.0281
0.4923	8.1432
-3.2101	-3.7894
-0.22023	8.1624
6.359	6.4083
9.7282	-1.6949
2.2019	-3.6944
-6.257	1.6289
7.3967	-7.2375
4.1352	7.79
-0.96234	7.7935
1.6484	8.3373
7.4494	5.0947
4.1967	7.7412
-5.8973	-0.016069
6.65	-7.8149
8.0695	4.5965
-1.2656	7.7851
-1.5487	-4.7024
-0.99936	7.9719
-0.10652	-4.6334
-5.8696	-0.03146
2.8587	-10.44
8.1594	-6.5544
-3.3528	-3.9023
1.8551	-10.331
8.9108	3.2674
9.7393	-0.34868
-5.9936	2.5718
3.0774	-9.795
6.5485	6.2172
3.2892	-0.268
1.4791	-10.467
5.3113	-8.8086
9.7225	1.274
-1.0435	-4.4419
9.2788	1.2855
-0.11548	-4.5
-4.5464	5.5818
9.3497	2.2656
3.0289	-2.4549
-5.1657	-2.1796
9.3062	-2.7127
6.7987	6.1232
-5.9735	-0.0099971
4.0184	-9.9213
-6.3349	1.0549
-2.2293	7.2013
-4.8746	-2.1175
-1.3817	7.9723
9.3604	-2.9972
2.922	-2.5656
7.5372	5.1964
-5.9193	1.2149
3.7375	-9.5418
6.1946	6.5437
-5.0971	-2.1946
7.3492	-7.0967
9.3366	-4.0955
-2.4086	7.184
9.0496	2.3
8.9446	2.9166
8.7025	2.8502
8.6392	3.8373
3.1301	-2.3649
-0.36577	7.8802
2.8438	-10.1
9.5864	0.61418
3.4324	-9.8138
5.3425	-9.0703
9.7934	-1.9551
2.2948	7.9541
7.8866	-6.6879
6.6321	-7.7986
-5.9204	-0.45334
-2.0411	7.5713
7.8228	4.6323
-5.955	-0.84423
3.7969	7.714
-5.5272	-0.97706
8.4117	4.0414
8.4104	-5.2988
9.4069	0.88939
1.1835	-4.245
9.6721	-0.57135
9.6842	0.41316
1.3571	-3.7818
8.999	-4.5489
3.0008	-3.0973
5.029	-9.3941
9.6309	-1.7845
-1.1982	-4.3888
-3.1793	6.9066
-4.3982	-3.1633
-6.0244	2.5697
1.5082	-10.623
1.8463	-10.559
7.9547	-6.1988
3.7106	-9.9037
9.6723	-0.59965
9.3229	1.4451
5.1103	7.1037
0.63598	-10.74
9.4393	-2.7234
-0.74524	8.0162
-0.38274	-4.4185
9.5635	-3.0247
5.7746	6.4855
6.2514	6.5214
7.6901	-6.6077
7.2327	-7.1161
2.949	-10.108
4.8208	7.3272
-5.7452	-1.0718
-5.6751	-1.2785
8.7196	3.6033
1.5167	-10.733
3.709	-9.7107
7.392	5.0976
-4.7685	4.8661
-6.2052	1.8155
8.7508	-4.7995
-6.355	1.4333
2.3804	8.1826
-2.3451	7.1246
1.5043	8.1387
7.9639	-6.229
2.8222	-2.5175
-6.1432	1.9799
4.2169	-9.6675
7.1179	-7.554
7.2311	-7.2271
-5.1442	-2.5569
-4.0553	5.7117
9.6349	-3.3939
8.6618	3.1388
8.713	3.7449
4.4323	-9.46
5.5588	7.038
8.3479	-5.4572
8.1454	-6.1888
9.4702	1.0739
8.7326	3.3841
-4.634	5.3647
1.8744	-10.254
3.8965	-9.9692
9.4867	1.0555
-5.7522	-1.0141
-5.585	-0.88565
-3.5503	6.632
9.372	1.6692
-4.9787	4.9413
-4.2686	5.7888
5.2998	-8.9399
1.0335	-10.486
6.5784	-8.1614
5.1686	7.1773
5.8311	-8.716
9.4962	-1.6857
2.4417	-10.483
-5.5761	3.3908
3.4906	-9.8786
9.2359	-3.9773
9.5679	0.73784
-5.8706	1.7263
7.6766	-6.6603
1.9603	8.0383
-0.37254	8.0982
3.9877	7.4027
-5.5915	4.3657
8.4287	3.9019
1.5342	-10.475
5.3231	-8.7517
1.9172	-10.505
6.1961	6.4549
5.7578	6.6907
7.498	5.1602
6.5548	-7.8486
7.037	-7.6431
-3.7796	-3.6769
-6.02	3.0923
-3.0086	6.9044
9.5803	-2.8151
9.8274	-0.50434
-3.347	6.8512
-1.874	7.6712
-3.4919	6.4683
3.7412	7.9816
5.7676	-8.5183
2.3049	-10.265
7.7822	5.0511
2.7278	-10.435
7.3671	-7.1741
-5.2611	4.341
-3.0441	6.7606
-5.4211	-1.6391
1.7455	-10.372
0.83101	8.269
6.048	-8.2044
4.0721	-9.717
8.6364	-5.2313
-2.5047	7.3662
0.32383	-4.6638
8.8952	-4.2994
8.8291	3.6448
7.8596	4.7778
9.8349	-0.86769
9.1012	2.4493
9.5118	-3.6248
9.6251	-2.5712
-2.8579	7.1234
-5.5914	3.5867
-6.035	2.283
3.1223	-9.8417
2.6651	7.8386
9.1773	-4.0995
0.99162	8.395
9.6474	-2.0206
9.4698	0.37506
4.1852	-9.7655
9.557	-3.4648
-3.5296	6.3433
5.0224	-8.8572
-4.6122	5.16
4.0587	-9.8746
0.7586	-10.773
3.6057	7.8639
6.6826	-7.8251
-3.1221	6.9033
-0.59756	-4.6569
0.62803	-10.54
-5.2001	4.4598
9.2747	3.0167
3.6504	-9.8778
-5.8143	3.483
-2.3484	7.1856
8.6746	-4.686
6.215	6.6844
-2.3314	7.2909
-1.8018	7.5226
8.854	-4.708
-2.4706	-4.3426
-0.42777	-4.391
1.9881	-10.581
4.5335	-9.5195
-1.3953	7.6538
-1.8623	-4.6065
-1.5105	7.842
9.6545	-0.76592
4.136	-9.5493
7.6442	5.1867
8.5258	4.0481
-2.1386	7.4335
-3.7743	6.446
3.4836	-0.95071
1.0674	7.9288
3.6621	-9.9961
-2.8729	6.6683
-4.4123	5.5831
-4.056	-3.168
9.2424	2.7958
7.0747	5.4333
3.7837	-10.018
-6.2646	0.87181
7.1285	-7.0377
-0.74998	7.7004
8.7957	-4.7866
-6.2186	1.1182
5.3709	-8.7064
2.846	8.1012
4.8354	-9.2592
-2.0909	7.2943
9.5041	-1.3221
8.3425	4.1424
7.8152	-6.5458
-5.0541	-1.9163
-5.4031	-2.0112
7.7417	5.0753
8.0276	4.5107
5.9333	-8.5613
8.7888	3.6138
5.3706	7.2287
-4.1619	5.7048
-1.7075	7.822
7.172	-7.0337
6.3026	6.5312
7.722	5.0112
9.4996	-3.8559
9.376	0.56237
0.92123	-10.777
9.891	-0.78659
8.7584	3.5006
9.2319	-4.1337
7.8877	4.7753
8.1271	-6.0632
3.9687	-9.8467
8.7303	-4.7816
-5.254	4.2881
2.6711	-9.9933
5.9803	-8.3342
8.5423	3.6718
-4.6703	-2.3798
9.3218	-3.4302
8.4891	3.8441
9.3062	-4.2397
0.80231	-4.2885
0.84715	8.1654
5.3932	-9.027
5.6832	-8.9137
3.1864	-9.9928
-2.8928	6.8597
-1.4643	-4.5832
5.3645	7.3626
-1.7361	-4.271
5.7329	-8.4447
-2.2744	-4.2687
9.239	1.4577
-2.8962	6.8344
-3.8826	5.9983
6.5097	-8.0123
7.8859	4.7933
4.4413	7.4445
9.5227	1.7195
-5.947	3.3255
-2.2217	-4.4482
-2.0143	7.7113
5.911	6.336
-4.9268	-2.38
-3.687	-3.5157
6.379	-8.3732
-5.4083	4.1987
-3.2286	6.6165
-5.2528	4.6376
9.6949	-2.0833
3.3432	-2.092
3.2057	0.30425
-0.80732	-4.5314
-4.7728	5.3713
6.1739	-8.2065
-1.3615	-4.5382
4.0896	-9.4306
-4.6942	-2.8072
9.6993	-0.38358
-6.0838	0.87245
-3.3411	6.7093
5.3853	6.99
2.9411	0.6833
2.1171	-3.3523
5.4839	-8.7232
0.24108	-4.2248
8.6041	3.7115
-2.6157	6.9131
3.9387	-9.5931
9.4447	0.47983
-5.171	4.3642
-0.22663	7.9954
-5.1301	-2.1936
9.1776	-3.614
2.4478	-3.0922
1.1402	-10.392
5.7001	6.692
9.8077	0.22056
6.9046	5.7357
2.4742	8.2019
0.15239	8.0482
-6.2178	2.0035
-3.3607	6.6028
9.4495	1.3296
9.3002	-2.6665
3.1449	-1.9846
-2.2196	7.3084
-1.2661	7.8579
-3.21	-4.135
-5.5167	-1.2322
2.3023	7.916
-5.8792	0.94099
-1.7589	7.4656
9.7229	-0.53733
8.7072	-4.8962
-2.7485	7.1469
3.4028	-1.5099
-5.0185	-2.0546
-4.6685	5.0176
1.1713	8.3979
-4.2328	5.9009
2.9802	7.9716
-3.2337	6.8018
-4.1982	-3.2016
-5.1889	4.3453
6.1552	6.4066
7.9264	-6.005
0.84697	-10.745
9.8993	-0.1653
-5.7864	0.0042341
-4.1363	-3.0935
8.101	4.5741
-2.1854	-4.3577
7.1351	-7.1265
7.6957	-6.7199
8.9742	-5.0154
8.8726	-4.7792
9.1639	-3.8461
-5.8661	3.3977
7.6066	-6.7006
1.6008	8.3532
5.8211	-8.3452
-4.4105	-2.6986
2.4528	-10.526
-4.6346	-2.4963
2.4123	-3.2199
-0.48257	7.7519
-5.0417	4.8847
-2.8107	7.2554
9.5696	0.53674
-1.3373	7.8013
9.3665	-3.9677
9.1989	-3.1655
-3.1306	6.5563
9.0865	-4.7013
-5.5165	4.0859
-6.0133	0.021427
2.7104	-3.2295
-0.22053	8.1158
9.201	-3.5174
9.7177	-2.5823
4.7149	7.2339
-3.8614	-3.6227
9.6796	-0.66565
-5.5503	3.8708
-1.6473	7.8179
2.0106	-10.252
3.32	1.0237
1.3765	8.1177
8.7669	-4.5952
-3.1214	6.8348
3.4395	-0.053939
5.4489	-8.8261
4.6159	-9.0612
-0.42789	-4.3366
9.3947	-3.7975
3.6381	-1.1047
-0.34373	-4.5506
-5.1344	4.6412
9.9172	-0.21536
-3.5148	6.4617
2.431	-3.4308
9.6362	0.25314
8.0613	4.6074
-5.8802	-1.1436
6.3132	6.3452
2.6192	-10.16
2.7485	-10.453
-1.6501	-4.2946
9.0534	-4.9043
1.6349	7.9855
-0.49599	7.7463
4.1565	-9.6814
6.6516	6.1343
-5.9335	1.46
-5.0525	4.9653
-5.1232	4.5904
-1.8389	-4.4859
-0.83288	7.8596
9.445	-3.1162
0.71389	8.2128
-5.829	2.357
7.6318	5.1247
0.96794	-4.2774
-2.1376	-4.2843
-1.1039	7.7771
2.3118	-10.232
-0.98835	-4.4236
4.721	-9.3555
5.2341	7.1368
-5.7434	3.2757
-4.571	5.4446
8.7553	3.2066
-4.3061	-3.146
-3.2369	-3.7454
-3.1963	-4.2437
2.67	-2.7567
1.067	-4.1861
8.6695	-4.7117
9.5115	-2.7862
4.9414	-9.374
-5.7699	-0.067469
-4.0685	6.1897
-5.9263	1.7725
3.4657	-0.47346
-2.7316	-4.0262
9.7059	1.3825
-1.9136	7.6189
6.2969	-8.1925
4.5508	7.3747
-4.7546	-2.3855
-3.7426	6.5287
8.6519	3.6197
4.5719	-9.0601
9.173	-3.8987
9.8046	-2.3194
-3.9132	-3.6193
8.5291	-5.0518
8.5207	3.5193
0.81066	-10.79
3.7482	-1.2191
7.1173	-7.1002
-4.3859	-3.2931
2.8492	-10.398
-2.9199	7.2536
8.8162	3.1661
0.5323	-4.1794
8.4911	-5.7904
-5.1959	4.7423
2.9673	-2.581
7.604	-6.7089
8.9569	-5.013
-3.7668	-3.2806
-3.2929	-3.6662
-3.0531	6.8969
-0.25646	8.2143
-5.5412	4.1481
2.5653	-3.0249
-0.73347	8.0797
7.7332	5.05
-4.8805	5.2409
3.4846	-1.9402
-4.9772	4.8137
9.2089	2.2452
-6.1142	2.6402
-5.64	-0.666
8.6963	-5.0215
6.9681	-7.7975
9.4472	0.99503
-6.2321	1.3968
8.4682	4.1519
2.0081	-10.342
-3.6444	6.7067
-3.9247	-3.5953
9.2476	-3.4665
3.2813	-9.9209
-1.6658	7.7027
-3.2174	-3.6113
-4.9639	-2.097
6.2591	-8.2833
4.8691	7.4981
-6.2527	0.29129
-5.6872	3.3638
9.4917	-1.3892
9.0823	-4.6861
4.4136	7.5927
3.7977	-9.5939
9.2539	2.4955
-5.998	1.5751
7.5652	-6.999
-5.6106	-1.6326
4.0022	-9.5686
8.9053	-4.9632
3.955	-9.5786
-6.1855	1.5732
2.2135	8.2891
9.4131	0.84475
0.27866	-10.531
1.7289	-4.0015
-4.7395	5.2164
-5.3174	-1.9673
3.9655	-9.8568
-2.5392	-4.3623
-0.10609	-4.4092
9.7116	1.4578
3.4356	7.7409
0.10679	8.0551
8.0424	-6.2389
0.7656	-4.2767
0.28612	-4.2284
2.32	-10.111
8.1996	4.6048
0.84485	-10.58
-6.046	-0.43822
2.3093	-10.484
9.5857	1.0369
1.0991	8.2235
-3.1943	-3.8663
-5.5001	4.5403
1.6069	-3.9834
3.3225	-1.8274
8.9385	2.9557
3.0702	-9.8594
9.8034	-2.2087
2.0795	-3.6659
6.0652	-8.2063
1.6074	-3.8422
7.9643	-6.3382
-4.1836	5.9934
5.5657	-8.8001
6.0199	6.66
4.4168	7.3443
3.1959	7.9928
-3.0615	7.0142
-0.19279	8.0548
-0.47924	8.1863
8.4151	3.9562
-1.5461	-4.2948
0.031331	7.8679
4.9192	-9.4325
5.3692	6.9101
4.2226	-9.5418
-5.1388	-1.9884
-4.937	5.1873
6.9485	-7.4331
8.4609	-5.3704
3.8129	-9.7434
-6.1346	0.90879
-2.0453	7.3491
9.9327	-1.1146
3.3863	-9.7475
1.8299	8.3172
8.8429	3.0351
9.4818	-0.77938
8.467	-5.8533
6.2626	-8.374
2.6157	8.145
9.6689	-2.2401
8.6566	-4.8886
3.6354	7.8796
9.0346	2.3053
9.7542	-0.81894
-5.1866	-1.9255
-5.5821	4.3264
5.343	7.0012
-6.0985	0.65357
3.0642	7.9222
7.9281	-6.0804
9.4951	0.099922
-5.6238	4.0352
3.3112	-1.079
9.2053	2.2108
9.5012	0.14305
0.39235	7.8947
5.2361	-9.101
4.6124	7.5117
4.3843	7.5097
4.3928	-9.7304
-4.0495	5.914
-5.3656	4.3594
6.1057	-8.2762
6.837	-7.5188
7.4176	-6.9543
8.254	3.9693
1.0747	-10.526
-5.9853	3.0533
9.1615	-3.9367
-4.144	5.6853
3.2018	-1.5782
-5.2823	4.223
0.65903	-10.683
-0.821	7.7554
0.45251	-10.792
-5.7268	3.9717
9.7033	0.89112
9.5771	-2.0899
9.4239	-2.2751
9.2999	-3.1381
-2.5262	-4.3527
-4.0441	-3.5162
8.338	3.9325
5.863	6.7388
9.5675	1.7752
4.2349	-9.3769
-1.9455	7.3153
1.4858	8.0788
8.1393	-5.8423
-4.5276	5.5246
8.6772	3.5629
7.1399	-7.5082
-0.88513	-4.3265
8.3162	3.9482
8.2599	-5.7435
1.5098	-4.2208
-4.1089	5.7396
1.5276	-3.8902
-5.643	4.2904
-4.3067	5.7052
4.4226	7.5473
9.4006	-2.7419
0.098374	7.9072
6.0228	6.3374
-3.6391	-3.6622
9.4029	0.71843
1.3638	8.3174
6.5274	-7.9236
1.9975	-10.439
-5.6868	2.5877
8.9535	-4.3749
1.6172	-10.714
9.5879	-0.70256
8.7004	3.6698
4.0032	7.7167
-3.7509	-3.892
3.8963	7.6949
9.8563	-0.48473
1.1485	8.1105
-2.3639	7.3734
-5.9702	0.41306
-5.9121	-0.16099
-6.1255	0.43012
-2.9827	-3.8094
9.3868	1.9592
2.2042	-10.671
1.661	-10.634
5.4186	-9.0531
9.5881	-3.2937
9.0589	-4.4134
7.0008	-7.5518
-5.5621	4.0615
-3.4079	6.4996
1.8863	-10.232
-3.3475	6.8417
6.7257	-7.4867
6.9507	-7.7125
2.6751	8.2211
3.3867	-9.9378
-5.1782	-2.1982
3.6866	-0.13
7.2036	-7.2838
-2.7453	7.103
-3.662	-3.6413
7.5995	4.9881
-6.2597	1.0171
9.5686	0.72724
1.2743	8.1977
1.1647	8.3917
9.6929	-1.7384
4.112	-9.5969
9.4383	1.5787
-3.338	6.7224
9.7182	-2.5474
-5.9404	1.3508
-3.7402	6.4743
-5.1779	-2.044
-5.9428	-0.3575
6.241	-8.2099
-5.5459	-1.3075
-6.0806	0.79501
9.1844	-3.7183
6.6579	-7.6511
-3.6903	6.5299
2.3223	8.0491
8.207	-5.6899
3.205	-10.187
2.0809	7.9257
-5.223	-1.9556
8.0304	-5.9881
-5.943	1.8967
3.1802	-2.5067
9.2785	-3.1167
-3.4374	6.7071
-1.4961	-4.7231
-6.0788	2.2873
1.4213	-4.2844
8.3478	-5.814
2.7246	8.2314
0.6442	-4.2367
1.1716	-10.466
-4.1293	5.6117
-5.8702	0.77315
8.8379	2.8381
8.306	-5.6498
9.8559	0.18653
-6.3224	1.1733
9.6353	-0.45287
-2.3525	-4.4952
9.9109	-1.2463
8.0082	-6.6468
1.7391	-10.714
7.3231	-7.1401
5.6165	-8.8608
7.8788	4.6759
3.822	-9.6751
-1.5652	-4.5624
-1.3302	-4.7205
9.6342	-1.5004
-3.8504	-3.4239
9.348	1.9058
1.3585	-10.412
-3.8658	6.1731
8.0376	4.557
-4.1435	5.8153
-3.12	6.8528
9.1307	1.9355
6.3118	-8.4466
-5.9949	1.3986
-0.70618	8.0662
-5.9446	1.3466
2.5303	8.1511
4.9233	7.374
8.7645	-4.541
-4.681	-2.2351
4.9904	-8.7916
2.0132	-10.56
2.7616	-10.134
