0.133333 0.303030 -1.190536 -0.879609 -0.121155 -0.090035 -0.337870 -0.251084 0.331066 1.156289 0.331066 1.156289 0.377410 0.639094
0.155557 0.303030 -1.112227 -0.879609 -0.113186 -0.090035 -0.315646 -0.251084 0.340624 1.096534 0.009558 -0.059755 0.357651 0.671966
0.177777 0.303030 -1.033930 -0.879609 -0.105218 -0.090035 -0.293425 -0.251084 0.351329 1.040238 0.341770 1.099993 0.338202 0.707793
0.222222 0.333335 -0.877323 -0.773442 -0.089281 -0.079168 -0.248981 -0.220778 0.400618 0.982797 0.058848 -0.117196 0.284603 0.725434
0.266666 0.424241 -0.720716 -0.454973 -0.073344 -0.046570 -0.204537 -0.129872 0.501090 1.009633 0.442243 1.126829 0.209859 0.565726
0.266666 0.545458 -0.720716 -0.030322 -0.073344 -0.003104 -0.204537 -0.008655 0.607153 1.116080 0.164910 -0.010749 0.217598 0.042291
0.244446 0.636364 -0.799014 0.288147 -0.081312 0.029494 -0.226757 0.082251 0.681699 1.204047 0.516788 1.214796 0.280530 -0.347969
0.177777 0.696970 -1.033930 0.500465 -0.105218 0.051227 -0.293425 0.142857 0.719286 1.321050 0.202498 0.106254 0.370229 -0.453081
0.133333 0.696970 -1.190536 0.500465 -0.121155 0.051227 -0.337870 0.142857 0.709609 1.381776 0.507112 1.275522 0.406358 -0.400021
0.044444 0.575759 -1.503749 0.075829 -0.153030 0.007762 -0.426758 0.021645 0.577471 1.493756 0.070360 0.218234 0.439380 -0.050677
0.000000 0.393941 -1.660356 -0.561124 -0.168967 -0.057436 -0.471203 -0.160172 0.393941 1.570796 0.323581 1.352562 0.477495 0.327669
0.000000 0.303030 -1.660356 -0.879609 -0.168967 -0.090035 -0.471203 -0.251084 0.303030 1.570796 -0.020551 0.218234 0.500314 0.489586
0.066668 0.151517 -1.425440 -1.410396 -0.145060 -0.144365 -0.404535 -0.402596 0.165536 1.156286 0.186087 0.938051 0.515604 0.782996
0.111113 0.090911 -1.268834 -1.622714 -0.129123 -0.166098 -0.360090 -0.463202 0.143565 0.685734 -0.042522 -0.252317 0.523724 0.909993
0.222222 0.000000 -0.877323 -1.941198 -0.089281 -0.198697 -0.248981 -0.554113 0.222222 0.000000 0.264744 0.252317 0.532939 1.148498
0.355555 0.000000 -0.407503 -1.941198 -0.041470 -0.198697 -0.115648 -0.554113 0.355555 0.000000 0.090811 -0.252317 0.485187 1.365042
0.400003 0.060606 -0.250885 -1.728880 -0.025531 -0.176965 -0.071200 -0.493507 0.404568 0.150370 0.313757 0.402687 0.416724 1.427511
0.488891 0.181818 0.062328 -1.304245 0.006343 -0.133500 0.017689 -0.372295 0.521606 0.356048 0.207848 -0.046639 0.289925 -1.523320
0.533336 0.333335 0.218935 -0.773442 0.022280 -0.079168 0.062133 -0.220778 0.628935 0.558599 0.421087 0.605238 0.151222 -1.296465
0.533336 0.393941 0.218935 -0.561124 0.022280 -0.057436 0.062133 -0.160172 0.663051 0.636188 0.241964 0.030950 0.099146 -1.200753
0.533336 0.484847 0.218935 -0.242656 0.022280 -0.024838 0.062133 -0.069266 0.720780 0.737812 0.478816 0.706861 0.063614 -0.839629
0.488891 0.515153 0.062328 -0.136489 0.006343 -0.013971 0.017689 -0.038961 0.710209 0.811548 0.231393 0.104686 0.047376 -1.144610
0.444447 0.515153 -0.094278 -0.136489 -0.009594 -0.013971 -0.026756 -0.038961 0.680379 0.858948 0.448986 0.754261 0.051453 0.969025
0.422223 0.484847 -0.172587 -0.242656 -0.017563 -0.024838 -0.048980 -0.069266 0.642923 0.854329 0.193937 0.100067 0.050845 0.955304
0.400003 0.424241 -0.250885 -0.454973 -0.025531 -0.046570 -0.071200 -0.129872 0.583081 0.814797 0.389144 0.714730 0.085293 1.069310
0.422223 0.393941 -0.172587 -0.561124 -0.017563 -0.057436 -0.048980 -0.160172 0.577461 0.750759 0.188318 0.036030 0.091479 1.274033
0.488891 0.363636 0.062328 -0.667291 0.006343 -0.068303 0.017689 -0.190478 0.609299 0.639519 0.420981 0.603489 0.109012 -1.478198
0.555556 0.424241 0.297232 -0.454973 0.030248 -0.046570 0.084353 -0.129872 0.699016 0.652170 0.278035 0.048680 0.096545 -0.994763
0.577780 0.545458 0.375542 -0.030322 0.038217 -0.003104 0.106577 -0.008655 0.794578 0.756630 0.516543 0.707950 0.129894 -0.081033
0.555556 0.696970 0.297232 0.500465 0.030248 0.051227 0.084353 0.142857 0.891297 0.897825 0.374754 0.189875 0.241011 1.037411
0.488891 0.818182 0.062328 0.925101 0.006343 0.094691 0.017689 0.264069 0.953120 1.032192 0.578366 0.842317 0.347430 1.503912
0.444447 0.878788 -0.094278 1.137419 -0.009594 0.116424 -0.026756 0.324675 0.984785 1.102559 0.406419 0.260243 0.408463 -1.488574
0.400003 0.939394 -0.250885 1.349736 -0.025531 0.138156 -0.071200 0.385281 1.021011 1.168240 0.614592 0.907998 0.473574 -1.388057
0.355555 0.939394 -0.407503 1.349736 -0.041470 0.138156 -0.115648 0.385281 1.004430 1.208966 0.389839 0.300968 0.482263 -1.279188
0.400003 0.939394 -0.250885 1.349736 -0.025531 0.138156 -0.071200 0.385281 1.021011 1.168240 0.631172 0.867272 0.473574 -1.388057
0.466668 0.939394 -0.015981 1.349736 -0.001626 0.138156 -0.004535 0.385281 1.048923 1.109732 0.417751 0.242460 0.468213 -1.559026
0.511112 0.969699 0.140626 1.455903 0.014311 0.149023 0.039909 0.415586 1.096153 1.085718 0.678402 0.843258 0.500091 1.475059
0.688889 1.000000 0.767052 1.562054 0.078059 0.159889 0.217687 0.445887 1.214318 0.967566 0.535916 0.124308 0.571851 1.116625
0.777778 1.000000 1.080265 1.562054 0.109934 0.159889 0.306575 0.445887 1.266862 0.909753 0.730946 0.785445 0.611240 0.968466
0.822223 1.000000 1.236872 1.562054 0.125871 0.159889 0.351020 0.445887 1.294623 0.882651 0.563678 0.097206 0.634698 0.903885
0.911111 0.939394 1.550085 1.349736 0.157745 0.138156 0.439908 0.385281 1.308658 0.800681 0.744980 0.703475 0.642435 0.719295
0.977779 0.818182 1.785001 0.925101 0.181651 0.094691 0.506577 0.264069 1.274941 0.696766 0.529961 -0.006708 0.614015 0.480528
1.000000 0.727276 1.863298 0.606632 0.189619 0.062094 0.528797 0.173162 1.236499 0.628798 0.706538 0.635506 0.587537 0.316460
0.955556 0.545458 1.706692 -0.030322 0.173682 -0.003104 0.484353 -0.008655 1.100278 0.518693 0.393740 -0.116813 0.490012 -0.017868
0.911111 0.484847 1.550085 -0.242656 0.157745 -0.024838 0.439908 -0.069266 1.032086 0.489035 0.638346 0.605848 0.440120 -0.156173
0.844446 0.484847 1.315181 -0.242656 0.133840 -0.024838 0.373244 -0.069266 0.973739 0.521203 0.335393 -0.084646 0.373493 -0.183491
0.822223 0.606064 1.236872 0.181996 0.125871 0.018629 0.351020 0.051951 1.021452 0.635197 0.686059 0.719842 0.376035 0.146933
0.888891 0.727276 1.471788 0.606632 0.149777 0.062094 0.417688 0.173162 1.148502 0.685730 0.462443 -0.034112 0.489935 0.393007
1.000000 0.818182 1.863298 0.925101 0.189619 0.094691 0.528797 0.264069 1.292061 0.685730 0.829618 0.719842 0.632472 0.463149
