0.098041 0.299997 -1.255411 -0.862408 -0.131147 -0.091713 -0.367860 -0.257249 0.315611 1.254933 0.315611 1.254933 0.403540 0.610264
0.137256 0.299997 -1.121578 -0.862408 -0.117166 -0.091713 -0.328644 -0.257249 0.329906 1.141703 0.014294 -0.113230 0.368145 0.664139
0.156863 0.333333 -1.054667 -0.750652 -0.110176 -0.079828 -0.309038 -0.223913 0.368398 1.130954 0.354103 1.244185 0.336271 0.627012
0.196078 0.499997 -0.920834 -0.191922 -0.096195 -0.020410 -0.269822 -0.057249 0.537070 1.197068 0.182967 -0.047116 0.271968 0.209072
0.196078 0.600000 -0.920834 0.143329 -0.096195 0.015242 -0.269822 0.042754 0.631226 1.254940 0.448260 1.302056 0.301308 -0.157145
0.196078 0.666667 -0.920834 0.366824 -0.096195 0.039010 -0.269822 0.109420 0.694904 1.284745 0.246644 -0.017311 0.336320 -0.385263
0.176472 0.766669 -0.987745 0.702075 -0.103185 0.074662 -0.289429 0.209423 0.786717 1.344557 0.540073 1.361868 0.417410 -0.626373
0.117647 0.800000 -1.188499 0.813815 -0.124157 0.086545 -0.348253 0.242754 0.808604 1.424784 0.268531 0.062916 0.482600 -0.608751
0.078431 0.800000 -1.322332 0.813815 -0.138138 0.086545 -0.387469 0.242754 0.803835 1.473070 0.535305 1.410154 0.511620 -0.559685
0.019609 0.633336 -1.523076 0.255085 -0.159109 0.027127 -0.446291 0.076090 0.633639 1.539844 0.098335 0.129691 0.476666 -0.168870
0.000000 0.533333 -1.589998 -0.080166 -0.166100 -0.008525 -0.465900 -0.023913 0.533333 1.570796 0.434999 1.441106 0.470755 0.051281
0.039216 0.299997 -1.456165 -0.862408 -0.152119 -0.091713 -0.426685 -0.257249 0.302550 1.440813 -0.132449 -0.000292 0.457803 0.542550
0.137256 0.099997 -1.121578 -1.532893 -0.117166 -0.163015 -0.328644 -0.457249 0.169820 0.629629 0.302269 0.629921 0.491825 0.947602
0.215687 0.033331 -0.853912 -1.756389 -0.089204 -0.186783 -0.250213 -0.523915 0.218248 0.153320 -0.084021 -0.476601 0.499723 1.125243
0.372550 0.000000 -0.318581 -1.868128 -0.033281 -0.198666 -0.093350 -0.557246 0.372550 0.000000 0.456571 0.476601 0.475160 1.404817
0.450981 0.066667 -0.050915 -1.644633 -0.005319 -0.174898 -0.014919 -0.490580 0.455882 0.146763 -0.000689 -0.329838 0.399512 1.540394
0.470590 0.133333 0.016006 -1.421137 0.001672 -0.151131 0.004690 -0.423913 0.489115 0.276096 0.489803 0.605934 0.332600 -1.559733
0.490197 0.200000 0.082918 -1.197642 0.008662 -0.127363 0.024296 -0.357246 0.529427 0.387383 0.039624 -0.218550 0.267008 -1.502890
0.470590 0.333333 0.016006 -0.750652 0.001672 -0.079828 0.004690 -0.223913 0.576686 0.616295 0.537062 0.834845 0.132650 -1.549853
0.411766 0.400000 -0.184748 -0.527157 -0.019300 -0.056060 -0.054135 -0.157246 0.574065 0.770905 0.037003 -0.063940 0.085284 1.239237
0.392156 0.400000 -0.251670 -0.527157 -0.026291 -0.056060 -0.073744 -0.157246 0.560167 0.795300 0.523164 0.859239 0.098899 1.132278
0.352941 0.400000 -0.385502 -0.527157 -0.040272 -0.056060 -0.112960 -0.157246 0.533448 0.847818 0.010285 -0.011421 0.130777 0.947853
0.372550 0.299997 -0.318581 -0.862408 -0.033281 -0.091713 -0.093350 -0.257249 0.478322 0.677937 0.468037 0.689358 0.190363 1.222694
0.392156 0.266667 -0.251670 -0.974147 -0.026291 -0.103595 -0.073744 -0.290580 0.474234 0.597177 0.006196 -0.092181 0.212444 1.322261
0.490197 0.266667 0.082918 -0.974147 0.008662 -0.103595 0.024296 -0.290580 0.558036 0.498224 0.551839 0.590405 0.200710 -1.487377
0.549022 0.433331 0.283672 -0.415417 0.029634 -0.044177 0.083121 -0.123915 0.699429 0.668169 0.147589 0.077764 0.089275 -0.979943
0.568628 0.533333 0.350583 -0.080166 0.036624 -0.008525 0.102728 -0.023913 0.779604 0.753380 0.632015 0.675616 0.122883 -0.228706
0.549022 0.733333 0.283672 0.590319 0.029634 0.062777 0.083121 0.176087 0.916080 0.928150 0.284065 0.252533 0.280053 1.129760
0.470590 0.866667 0.016006 1.037310 0.001672 0.110313 0.004690 0.309420 0.986188 1.073352 0.702123 0.820818 0.400794 1.555640
0.431375 0.900003 -0.117827 1.149066 -0.012309 0.122197 -0.034525 0.342756 0.998042 1.123842 0.295920 0.303024 0.435473 -1.470406
0.372550 0.933333 -0.318581 1.260805 -0.033281 0.134080 -0.093350 0.376087 1.004940 1.191014 0.709020 0.887990 0.476663 -1.327499
0.392156 0.933333 -0.251670 1.260805 -0.026291 0.134080 -0.073744 0.376087 1.012372 1.173026 0.303352 0.285036 0.473214 -1.377170
0.470590 0.933333 0.016006 1.260805 0.001672 0.134080 0.004690 0.376087 1.045259 1.103791 0.741907 0.818755 0.467457 1.558326
0.549022 0.966669 0.283672 1.372561 0.029634 0.145965 0.083121 0.409423 1.111699 1.054275 0.369792 0.235520 0.507621 1.370498
0.666669 0.966669 0.685170 1.372561 0.071577 0.145965 0.200768 0.409423 1.174264 0.967047 0.804472 0.731527 0.539516 1.114883
0.784316 1.000000 1.086669 1.484300 0.113519 0.157848 0.318415 0.442754 1.270886 0.905693 0.466414 0.174165 0.621812 0.947320
0.823531 1.000000 1.220502 1.484300 0.127500 0.157848 0.357631 0.442754 1.295455 0.881871 0.829041 0.707705 0.642777 0.891352
0.921569 0.966669 1.555079 1.372561 0.162452 0.145965 0.455668 0.409423 1.335567 0.809279 0.506525 0.101573 0.677055 0.731992
0.980394 0.866667 1.755833 1.037310 0.183424 0.110313 0.514493 0.309420 1.308542 0.723904 0.802017 0.622331 0.652163 0.541454
1.000000 0.700003 1.822745 0.478580 0.190414 0.050895 0.534100 0.142756 1.220657 0.610728 0.418640 -0.011603 0.583152 0.261179
0.980394 0.566664 1.755833 0.031573 0.183424 0.003358 0.514493 0.009418 1.132378 0.524083 0.713738 0.535687 0.524268 0.018303
0.941178 0.499997 1.622000 -0.191922 0.169443 -0.020410 0.475278 -0.057249 1.065746 0.488331 0.352007 -0.047355 0.476499 -0.119876
0.901962 0.499997 1.488168 -0.191922 0.155462 -0.020410 0.436062 -0.057249 1.031278 0.506172 0.679270 0.553528 0.437393 -0.130539
0.862747 0.566664 1.354335 0.031573 0.141481 0.003358 0.396846 0.009418 1.032202 0.581150 0.352931 0.027623 0.409439 0.023727
0.862747 0.633336 1.354335 0.255085 0.141481 0.027127 0.396846 0.076090 1.070255 0.633242 0.717324 0.605619 0.430722 0.189437
0.921569 0.700003 1.555079 0.478580 0.162452 0.050895 0.455668 0.142756 1.157278 0.649602 0.439954 0.043983 0.512287 0.303604
