0.080000 0.437503 -1.272668 -0.627499 -0.101715 -0.056493 -0.340000 -0.188837 0.444757 1.389938 0.444757 1.389938 0.340450 0.506982
0.080000 0.406250 -1.272668 -0.731349 -0.101715 -0.065842 -0.340000 -0.220089 0.414052 1.376361 -0.030704 -0.013577 0.340278 0.574490
0.120000 0.406250 -1.122942 -0.731349 -0.089748 -0.065842 -0.300000 -0.220089 0.423603 1.283579 0.454307 1.297157 0.300315 0.632942
0.139998 0.406250 -1.048085 -0.731349 -0.083766 -0.065842 -0.280001 -0.220089 0.429696 1.238930 -0.024611 -0.058226 0.280339 0.666164
0.160000 0.437503 -0.973217 -0.627499 -0.077782 -0.056493 -0.260000 -0.188837 0.465842 1.220193 0.490453 1.278420 0.260588 0.628158
0.179998 0.500002 -0.898359 -0.419814 -0.071799 -0.037795 -0.240001 -0.126337 0.531415 1.225245 0.040962 -0.053175 0.252984 0.484546
0.200000 0.562502 -0.823491 -0.212130 -0.065816 -0.019098 -0.220000 -0.063838 0.597000 1.229182 0.556037 1.282357 0.262120 0.282415
0.200000 0.593750 -0.823491 -0.108296 -0.065816 -0.009750 -0.220000 -0.032590 0.626529 1.245891 0.070492 -0.036466 0.280337 0.147068
0.200000 0.656249 -0.823491 0.099388 -0.065816 0.008948 -0.220000 0.029910 0.686049 1.274976 0.615557 1.311442 0.322821 -0.135124
0.200000 0.687501 -0.823491 0.203238 -0.065816 0.018297 -0.220000 0.061162 0.716002 1.287701 0.100444 -0.023741 0.346348 -0.271161
0.179998 0.750001 -0.898359 0.410922 -0.071799 0.036995 -0.240001 0.123661 0.771298 1.335254 0.670854 1.358994 0.408046 -0.475775
0.160000 0.781249 -0.973217 0.514757 -0.077782 0.046343 -0.260000 0.154909 0.797464 1.368789 0.126610 0.009795 0.445085 -0.537328
0.099998 0.812501 -1.197811 0.618607 -0.095732 0.055692 -0.320001 0.186161 0.818631 1.448337 0.692021 1.438542 0.506417 -0.526893
0.080000 0.812501 -1.272668 0.618607 -0.101715 0.055692 -0.340000 0.186161 0.816430 1.472651 0.124409 0.034109 0.519285 -0.500947
0.059998 0.812501 -1.347536 0.618607 -0.107699 0.055692 -0.360001 0.186161 0.814713 1.497086 0.690304 1.462977 0.532596 -0.477243
0.040000 0.812501 -1.422394 0.618607 -0.113681 0.055692 -0.380000 0.186161 0.813485 1.521605 0.123181 0.058628 0.546312 -0.455533
0.019998 0.750001 -1.497262 0.410922 -0.119665 0.036995 -0.400001 0.123661 0.750268 1.544138 0.627087 1.485510 0.518558 -0.299832
0.000000 0.562502 -1.572119 -0.212130 -0.125648 -0.019098 -0.420000 -0.063838 0.562502 1.570796 -0.064585 0.085287 0.443516 0.150840
0.000000 0.437503 -1.572119 -0.627499 -0.125648 -0.056493 -0.420000 -0.188837 0.437503 1.570796 0.502088 1.485510 0.420364 0.422531
0.040000 0.312499 -1.422394 -1.042883 -0.113681 -0.093889 -0.380000 -0.313841 0.315048 1.443488 -0.187040 -0.042022 0.394913 0.690334
0.080000 0.218751 -1.272668 -1.354401 -0.101715 -0.121935 -0.340000 -0.407588 0.232921 1.220193 0.419961 1.262215 0.395096 0.875562
0.120000 0.124999 -1.122942 -1.665936 -0.089748 -0.149982 -0.300000 -0.501340 0.173277 0.805801 -0.246684 -0.456414 0.420744 1.031557
0.160000 0.062500 -0.973217 -1.873620 -0.077782 -0.168679 -0.260000 -0.563840 0.171774 0.372397 0.418458 0.828811 0.442048 1.138731
0.259998 0.000000 -0.598908 -2.081304 -0.047866 -0.187377 -0.160001 -0.626340 0.259998 0.000000 -0.158459 -0.828811 0.449445 1.320690
0.320000 0.000000 -0.374314 -2.081304 -0.029916 -0.187377 -0.100000 -0.626340 0.320000 0.000000 0.478459 0.828811 0.431741 1.412475
0.360000 0.031252 -0.224588 -1.977454 -0.017950 -0.178027 -0.060000 -0.595088 0.361354 0.086595 -0.117105 -0.742216 0.393351 1.470310
0.419998 0.156252 -0.000005 -1.562086 -0.000000 -0.140632 -0.000001 -0.470088 0.448122 0.356163 0.565227 1.098380 0.263748 1.570793
0.440000 0.249999 0.074863 -1.250567 0.005983 -0.112587 0.020000 -0.376341 0.506063 0.516693 -0.059164 -0.581686 0.171174 -1.517703
0.460002 0.343751 0.149731 -0.939033 0.011967 -0.084540 0.040002 -0.282589 0.574253 0.641759 0.633417 1.223446 0.086105 -1.430177
0.460002 0.406250 0.149731 -0.731349 0.011967 -0.065842 0.040002 -0.220089 0.613711 0.723427 -0.019706 -0.500018 0.042299 -1.391007
0.460002 0.500002 0.149731 -0.419814 0.011967 -0.037795 0.040002 -0.126337 0.679414 0.827041 0.699120 1.327060 0.089446 -1.264158
0.419998 0.593750 -0.000005 -0.108296 -0.000000 -0.009750 -0.000001 -0.032590 0.727281 0.955144 0.028160 -0.371916 0.173750 1.570751
0.400000 0.625002 -0.074863 -0.004446 -0.005983 -0.000400 -0.020000 -0.001338 0.742043 1.001484 0.713882 1.373400 0.205975 0.066799
0.379998 0.656249 -0.149731 0.099388 -0.011967 0.008948 -0.040001 0.029910 0.758328 1.045927 0.044446 -0.327474 0.239612 -0.642034
0.320000 0.687501 -0.374314 0.203238 -0.029916 0.018297 -0.100000 0.061162 0.758326 1.135166 0.713880 1.462640 0.285582 -0.548918
0.320000 0.656249 -0.374314 0.099388 -0.029916 0.008948 -0.100000 0.029910 0.730112 1.117102 0.016232 -0.345538 0.256542 -0.290627
0.320000 0.625002 -0.374314 -0.004446 -0.029916 -0.000400 -0.100000 -0.001338 0.702159 1.097596 0.685927 1.443134 0.228092 0.013379
0.320000 0.562502 -0.374314 -0.212130 -0.029916 -0.019098 -0.100000 -0.063838 0.647154 1.053568 -0.038773 -0.389565 0.174089 0.568161
0.360000 0.468750 -0.224588 -0.523664 -0.017950 -0.047145 -0.060000 -0.157590 0.591039 0.915875 0.629812 1.305440 0.077308 1.207007
0.379998 0.468750 -0.149731 -0.523664 -0.011967 -0.047145 -0.040001 -0.157590 0.603428 0.889587 -0.026383 -0.415853 0.063061 1.322213
0.419998 0.500002 -0.000005 -0.419814 -0.000000 -0.037795 -0.000001 -0.126337 0.652994 0.872141 0.679377 1.287993 0.080002 1.570785
0.460002 0.593750 0.149731 -0.108296 0.011967 -0.009750 0.040002 -0.032590 0.751092 0.911649 0.071715 -0.376344 0.178295 -0.683654
0.460002 0.687501 0.149731 0.203238 0.011967 0.018297 0.040002 0.061162 0.827200 0.981117 0.755485 1.357461 0.270476 0.991594
0.460002 0.750001 0.149731 0.410922 0.011967 0.036995 0.040002 0.123661 0.879831 1.020630 0.124347 -0.336831 0.332417 1.257943
0.440000 0.843748 0.074863 0.722441 0.005983 0.065040 0.020000 0.217409 0.951584 1.090111 0.827237 1.426942 0.424220 1.479062
0.400000 0.906248 -0.074863 0.930125 -0.005983 0.083738 -0.020000 0.279908 0.990599 1.155134 0.163362 -0.271808 0.486659 -1.499466
0.379998 0.906248 -0.149731 0.930125 -0.011967 0.083738 -0.040001 0.279908 0.982692 1.173755 0.819331 1.445564 0.487891 -1.428848
0.339998 0.968748 -0.299457 1.137809 -0.023933 0.102435 -0.080001 0.342408 1.026680 1.233260 0.207349 -0.212304 0.554549 -1.341270
0.320000 0.968748 -0.374314 1.137809 -0.029916 0.102435 -0.100000 0.342408 1.020231 1.251757 0.812883 1.464061 0.557785 -1.286650
0.339998 1.000000 -0.299457 1.241659 -0.023933 0.111785 -0.080001 0.373660 1.056219 1.243059 0.243337 -0.221002 0.585491 -1.359879
0.379998 1.000000 -0.149731 1.241659 -0.011967 0.111785 -0.040001 0.373660 1.069766 1.207651 0.826429 1.428652 0.581378 -1.464149
0.419998 1.000000 -0.000005 1.241659 -0.000000 0.111785 -0.000001 0.373660 1.084619 1.173170 0.258190 -0.255483 0.580000 -1.570792
0.560000 1.000000 0.524040 1.241659 0.041883 0.111785 0.140000 0.373660 1.146124 1.060308 0.887934 1.315791 0.596657 1.212313
0.620002 1.000000 0.748634 1.241659 0.059833 0.111785 0.200002 0.373660 1.176606 1.015800 0.288672 -0.299991 0.613515 1.079348
0.720000 1.000000 1.122943 1.241659 0.089748 0.111785 0.300000 0.373660 1.232234 0.946773 0.943562 1.246764 0.652993 0.894309
0.780002 1.000000 1.347537 1.241659 0.107699 0.111785 0.360002 0.373660 1.268228 0.908369 0.324666 -0.338395 0.682643 0.804013
0.860002 1.000000 1.646988 1.241659 0.131632 0.111785 0.440002 0.373660 1.318940 0.860524 0.994274 1.198920 0.728012 0.704044
0.900002 0.968748 1.796714 1.137809 0.143598 0.102435 0.480002 0.342408 1.322299 0.822169 0.328026 -0.376751 0.729058 0.619628
0.960000 0.875001 2.021296 0.826291 0.161547 0.074390 0.540000 0.248661 1.298933 0.739110 0.970907 1.115861 0.706134 0.431537
0.980002 0.812501 2.096165 0.618607 0.167531 0.055692 0.560002 0.186161 1.273012 0.692224 0.302105 -0.423637 0.683856 0.320937
1.000000 0.750001 2.171022 0.410922 0.173514 0.036995 0.580000 0.123661 1.250001 0.643502 0.947895 1.067139 0.667309 0.210064
1.000000 0.625002 2.171022 -0.004446 0.173514 -0.000400 0.580000 -0.001338 1.179249 0.558601 0.231353 -0.508539 0.615163 -0.002307
0.980002 0.562502 2.096165 -0.212130 0.167531 -0.019098 0.560002 -0.063838 1.129961 0.521068 0.898608 1.029607 0.577848 -0.113506
0.900002 0.531250 1.796714 -0.315980 0.143598 -0.028447 0.480002 -0.095090 1.045098 0.533239 0.146490 -0.496367 0.492725 -0.195571
0.840000 0.562502 1.572120 -0.212130 0.125648 -0.019098 0.420000 -0.063838 1.010944 0.590062 0.864454 1.086429 0.443517 -0.150840
0.820002 0.625002 1.497262 -0.004446 0.119665 -0.000400 0.400002 -0.001338 1.031033 0.651261 0.166579 -0.435168 0.449474 -0.003345
0.840000 0.718749 1.572120 0.307072 0.125648 0.027645 0.420000 0.092409 1.105532 0.707767 0.938953 1.142935 0.515413 0.216571
0.860002 0.750001 1.646988 0.410922 0.131632 0.036995 0.440002 0.123661 1.141098 0.717181 0.202145 -0.425754 0.550002 0.273980
0.960000 0.781249 2.021296 0.514757 0.161547 0.046343 0.540000 0.154909 1.237719 0.683100 1.035574 1.108854 0.649693 0.279366
1.000000 0.781249 2.171022 0.514757 0.173514 0.046343 0.580000 0.154909 1.268995 0.663202 0.233421 -0.445652 0.683301 0.260992
