0.097561 0.586203 -1.343212 0.142522 -0.144558 0.014363 -0.420860 0.041817 0.594266 1.405879 0.594266 1.405879 0.426284 -0.099036
0.170730 0.655168 -1.109688 0.377570 -0.119426 0.038052 -0.347691 0.110783 0.677048 1.315877 0.082782 -0.090003 0.373616 -0.308454
0.195122 0.793099 -1.031838 0.847665 -0.111048 0.085429 -0.323299 0.248713 0.816748 1.329563 0.733966 1.419566 0.424229 -0.655737
0.170730 0.862069 -1.109688 1.082731 -0.119426 0.109119 -0.347691 0.317684 0.878813 1.375280 0.144847 -0.044286 0.488859 -0.740330
0.121949 0.862069 -1.265374 1.082731 -0.136181 0.109119 -0.396472 0.317684 0.870652 1.430268 0.725806 1.474553 0.524675 -0.675519
0.048780 0.758619 -1.498899 0.730150 -0.161313 0.073585 -0.469641 0.214233 0.760185 1.506583 0.034380 0.032030 0.527501 -0.427968
0.024388 0.586203 -1.576748 0.142522 -0.169691 0.014363 -0.494033 0.041817 0.586710 1.529216 0.552330 1.497187 0.498661 -0.084443
0.000000 0.448272 -1.654586 -0.327574 -0.178068 -0.033013 -0.518421 -0.096113 0.448272 1.570796 -0.104058 0.073610 0.523145 0.183315
0.024388 0.241376 -1.576748 -1.032718 -0.169691 -0.104078 -0.494033 -0.303009 0.242605 1.470099 0.346663 1.396490 0.566412 0.550170
0.073169 0.137931 -1.421061 -1.385281 -0.152936 -0.139610 -0.445252 -0.406455 0.156136 1.083067 -0.190527 -0.313422 0.585681 0.739877
0.170730 0.034480 -1.109688 -1.737861 -0.119426 -0.175143 -0.347691 -0.509905 0.174177 0.199277 0.364703 0.512699 0.595893 0.972339
0.292682 0.000000 -0.720464 -1.855376 -0.077537 -0.186987 -0.225739 -0.544386 0.292682 0.000000 -0.072021 -0.512699 0.565436 1.177710
0.414632 0.000000 -0.331253 -1.855376 -0.035650 -0.186987 -0.103789 -0.544386 0.414632 0.000000 0.486652 0.512699 0.528708 1.382403
0.536584 0.000000 0.057970 -1.855376 0.006239 -0.186987 0.018163 -0.544386 0.536584 0.000000 0.049932 -0.512699 0.518739 -1.537444
0.634145 0.068965 0.369344 -1.620328 0.039749 -0.163298 0.115724 -0.475420 0.637884 0.108327 0.587952 0.621027 0.464115 -1.332025
0.658534 0.206896 0.447182 -1.150233 0.048126 -0.115922 0.140113 -0.337490 0.690270 0.304412 0.102318 -0.316615 0.341584 -1.177289
0.658534 0.310341 0.447182 -0.797670 0.048126 -0.080390 0.140113 -0.234044 0.727996 0.440394 0.625678 0.757008 0.250856 -1.031364
0.609753 0.413792 0.291495 -0.445089 0.031371 -0.044857 0.091332 -0.130593 0.736901 0.596234 0.111222 -0.160774 0.138884 -0.960498
0.536584 0.482757 0.057970 -0.210041 0.006239 -0.021168 0.018163 -0.061628 0.721788 0.732642 0.610565 0.893416 0.040023 -1.284185
0.487804 0.482757 -0.097717 -0.210041 -0.010516 -0.021168 -0.030617 -0.061628 0.686300 0.780199 0.075734 -0.113217 0.047003 1.109711
0.414632 0.448272 -0.331253 -0.327574 -0.035650 -0.033013 -0.103789 -0.096113 0.610629 0.824364 0.534894 0.937581 0.125272 0.747018
0.390243 0.344827 -0.409091 -0.680137 -0.044027 -0.068545 -0.128178 -0.199559 0.520764 0.723691 -0.014130 -0.213890 0.215788 0.999849
0.439024 0.206896 -0.253404 -1.150233 -0.027272 -0.115922 -0.079397 -0.337490 0.485333 0.440396 0.499463 0.654286 0.321484 1.339739
0.512192 0.172411 -0.019879 -1.267766 -0.002139 -0.127767 -0.006229 -0.371975 0.540432 0.324700 0.040969 -0.329586 0.346066 1.554053
0.609753 0.172411 0.291495 -1.267766 0.031371 -0.127767 0.091332 -0.371975 0.633659 0.275562 0.592690 0.605148 0.357861 -1.330026
0.658534 0.275861 0.447182 -0.915185 0.048126 -0.092233 0.140113 -0.268524 0.713979 0.396695 0.121289 -0.208453 0.280119 -1.089871
0.682926 0.448272 0.525031 -0.327574 0.056504 -0.033013 0.164505 -0.096113 0.816906 0.580861 0.695617 0.789314 0.178837 -0.528765
0.658534 0.620688 0.447182 0.260054 0.048126 0.026209 0.140113 0.076303 0.904942 0.755822 0.209325 -0.033492 0.173465 0.498673
0.585365 0.758619 0.213657 0.730150 0.022994 0.073585 0.066944 0.214233 0.958204 0.913602 0.748879 0.947094 0.249352 1.267929
0.487804 0.827584 -0.097717 0.965198 -0.010516 0.097274 -0.030617 0.283199 0.960650 1.038184 0.211771 0.091091 0.310675 -1.463103
0.414632 0.862069 -0.331253 1.082731 -0.035650 0.109119 -0.103789 0.317684 0.956600 1.122486 0.744829 1.031396 0.358980 -1.255022
0.341463 0.862069 -0.564777 1.082731 -0.060782 0.109119 -0.176958 0.317684 0.927233 1.193659 0.182404 0.162264 0.386534 -1.062575
0.439024 0.896549 -0.253404 1.200246 -0.027272 0.120962 -0.079397 0.352164 0.998270 1.115438 0.815866 0.953174 0.386374 -1.349048
0.512192 0.896549 -0.019879 1.200246 -0.002139 0.120962 -0.006229 0.352164 1.032541 1.051752 0.216675 0.098578 0.378180 -1.553111
0.682926 0.931035 0.525031 1.317779 0.056504 0.132807 0.164505 0.386649 1.154648 0.937931 0.937973 0.839353 0.444198 1.168534
0.829267 0.931035 0.992092 1.317779 0.106770 0.132807 0.310846 0.386649 1.246799 0.843147 0.308827 0.003794 0.516600 0.893653
0.902439 0.965515 1.225628 1.435294 0.131903 0.144650 0.384018 0.421129 1.321596 0.819153 1.012769 0.815358 0.589375 0.831458
0.878047 0.965515 1.147779 1.435294 0.123525 0.144650 0.359626 0.421129 1.305061 0.832807 0.292292 0.017449 0.573780 0.864010
0.829267 0.896549 0.992092 1.200246 0.106770 0.120962 0.310846 0.352164 1.221263 0.824364 0.928971 0.806915 0.489496 0.847637
0.780486 0.724133 0.836405 0.612617 0.090015 0.061740 0.262065 0.179748 1.064673 0.747962 0.135702 -0.058953 0.333160 0.601193
0.780486 0.551723 0.836405 0.025007 0.090015 0.002520 0.262065 0.007337 0.955802 0.615339 0.820100 0.674292 0.264173 0.027990
0.829267 0.413792 0.992092 -0.445089 0.106770 -0.044857 0.310846 -0.130593 0.926772 0.462836 0.106673 -0.211457 0.327982 -0.397733
0.926828 0.379307 1.303465 -0.562622 0.140280 -0.056702 0.408407 -0.165079 1.001440 0.388457 0.894768 0.599914 0.431450 -0.384124
1.000000 0.448272 1.537002 -0.327574 0.165414 -0.033013 0.481579 -0.096113 1.095878 0.421416 0.201110 -0.178498 0.486661 -0.196991
1.000000 0.724133 1.537002 0.612617 0.165414 0.061740 0.481579 0.179748 1.234653 0.626740 1.033544 0.805238 0.523675 0.357233
0.951220 0.931035 1.381315 1.317779 0.148659 0.132807 0.432799 0.386649 1.331031 0.774675 0.297488 -0.030563 0.597967 0.729140
0.902439 1.000000 1.225628 1.552827 0.131903 0.156496 0.384018 0.455614 1.346995 0.836635 1.049508 0.867198 0.615945 0.870463
