0.087499 0.685717 -1.014325 0.471736 -0.070641 0.027017 -0.333771 0.127652 0.691277 1.443880 0.691277 1.443880 0.425835 -0.365288
0.087499 0.657144 -1.014325 0.366143 -0.070641 0.020969 -0.333771 0.099078 0.662943 1.438425 -0.028334 -0.005456 0.408705 -0.288559
0.087499 0.628574 -1.014325 0.260565 -0.070641 0.014923 -0.333771 0.070509 0.634635 1.432483 0.662969 1.437939 0.392910 -0.208188
0.100000 0.571432 -0.976335 0.049395 -0.067995 0.002829 -0.321270 0.013366 0.580116 1.397552 -0.082853 -0.040387 0.354631 -0.041580
0.112501 0.514289 -0.938345 -0.161776 -0.065349 -0.009265 -0.308769 -0.043777 0.526450 1.355439 0.609303 1.395825 0.322476 0.140839
0.137501 0.485715 -0.862371 -0.267370 -0.060058 -0.015312 -0.283769 -0.072350 0.504803 1.294926 -0.104501 -0.100900 0.290995 0.249642
0.150000 0.457142 -0.824386 -0.372963 -0.057413 -0.021360 -0.271270 -0.100924 0.481122 1.253740 0.585623 1.354640 0.273632 0.356174
0.175000 0.457142 -0.748412 -0.372963 -0.052122 -0.021360 -0.246270 -0.100924 0.489493 1.205194 -0.096130 -0.149446 0.248869 0.388933
0.200000 0.457142 -0.672437 -0.372963 -0.046831 -0.021360 -0.221270 -0.100924 0.498977 1.158386 0.595107 1.307832 0.224159 0.427923
0.212501 0.485715 -0.634447 -0.267370 -0.044185 -0.015312 -0.208770 -0.072350 0.530166 1.158386 -0.064941 -0.149446 0.218490 0.333602
0.237500 0.514289 -0.558473 -0.161776 -0.038894 -0.009265 -0.183770 -0.043777 0.566480 1.138170 0.631421 1.287616 0.205970 0.233856
0.250000 0.600001 -0.520488 0.154972 -0.036248 0.008875 -0.171271 0.041935 0.650001 1.176006 0.018579 -0.111610 0.247545 -0.240124
0.262500 0.628574 -0.482498 0.260565 -0.033603 0.014923 -0.158770 0.070509 0.681184 1.175200 0.662605 1.286810 0.261118 -0.417933
0.262500 0.685717 -0.482498 0.471736 -0.033603 0.027017 -0.158770 0.127652 0.734244 1.205195 0.071639 -0.081615 0.308448 -0.677178
0.262500 0.714286 -0.482498 0.577314 -0.033603 0.033063 -0.158770 0.156221 0.760994 1.218617 0.689355 1.300232 0.333266 -0.777307
0.262500 0.742860 -0.482498 0.682907 -0.033603 0.039111 -0.158770 0.184794 0.787875 1.231127 0.098521 -0.069104 0.358647 -0.861003
0.250000 0.771429 -0.520488 0.788485 -0.036248 0.045157 -0.171271 0.213364 0.810927 1.257403 0.712406 1.326507 0.389801 -0.894401
0.237500 0.800003 -0.558473 0.894078 -0.038894 0.051204 -0.183770 0.241937 0.834512 1.282209 0.122106 -0.044298 0.420963 -0.921195
0.225000 0.800003 -0.596463 0.894078 -0.041539 0.051204 -0.196271 0.241937 0.831041 1.296630 0.708935 1.340928 0.426568 -0.889235
0.212501 0.800003 -0.634447 0.894078 -0.044185 0.051204 -0.208770 0.241937 0.827744 1.311167 0.118809 -0.029761 0.432462 -0.858856
0.187501 0.828572 -0.710422 0.999655 -0.049476 0.057251 -0.233770 0.270506 0.849522 1.348251 0.730713 1.378012 0.469620 -0.858120
0.175000 0.828572 -0.748412 0.999655 -0.052122 0.057251 -0.246270 0.270506 0.846851 1.362649 0.116138 -0.015363 0.475966 -0.832262
0.137501 0.800003 -0.862371 0.894078 -0.060058 0.051204 -0.283769 0.241937 0.811733 1.400584 0.695595 1.415947 0.473248 -0.705992
0.112501 0.771429 -0.938345 0.788485 -0.065349 0.045157 -0.308769 0.213364 0.779589 1.425983 0.083994 0.010036 0.466851 -0.604669
0.100000 0.714286 -0.976335 0.577314 -0.067995 0.033063 -0.321270 0.156221 0.721252 1.431701 0.637258 1.421665 0.434825 -0.452595
0.087499 0.685717 -1.014325 0.471736 -0.070641 0.027017 -0.333771 0.127652 0.691277 1.443880 0.054019 0.022215 0.425835 -0.365288
0.062499 0.628574 -1.090300 0.260565 -0.075932 0.014923 -0.358771 0.070509 0.631674 1.471692 0.577655 1.449477 0.414357 -0.194056
0.037499 0.485715 -1.166274 -0.267370 -0.081223 -0.015312 -0.383771 -0.072350 0.487161 1.493746 -0.090494 0.044268 0.389145 0.186337
0.025000 0.428573 -1.204258 -0.478540 -0.083868 -0.027406 -0.396270 -0.129493 0.429301 1.512529 0.519796 1.468261 0.396337 0.315840
0.012499 0.371430 -1.242249 -0.689711 -0.086514 -0.039500 -0.408771 -0.186636 0.371640 1.537158 -0.148155 0.068897 0.411798 0.428310
0.000000 0.314287 -1.280233 -0.900882 -0.089159 -0.051594 -0.421270 -0.243778 0.314287 1.570796 0.462443 1.501900 0.434642 0.524591
0.000000 0.285714 -1.280233 -1.006476 -0.089159 -0.057642 -0.421270 -0.272352 0.285714 1.570796 -0.176729 0.068897 0.442543 0.573912
0.012499 0.200002 -1.242249 -1.323224 -0.086514 -0.075782 -0.408771 -0.358064 0.200392 1.508383 0.377121 1.439486 0.464816 0.719369
0.025000 0.171428 -1.204258 -1.428817 -0.083868 -0.081829 -0.396270 -0.386637 0.173242 1.425984 -0.203879 -0.013502 0.468456 0.773095
0.037499 0.114285 -1.166274 -1.639988 -0.081223 -0.093923 -0.383771 -0.443780 0.120280 1.253748 0.324160 1.267250 0.491447 0.857785
0.075000 0.057143 -1.052310 -1.851159 -0.073286 -0.106017 -0.346270 -0.500923 0.094288 0.651077 -0.229871 -0.616174 0.502486 0.965957
0.100000 0.057143 -0.976335 -1.851159 -0.067995 -0.106017 -0.321270 -0.500923 0.115175 0.519146 0.345046 1.135320 0.485596 1.000521
0.112501 0.028574 -0.938345 -1.956736 -0.065349 -0.112064 -0.308769 -0.529492 0.116073 0.248726 -0.228974 -0.886594 0.499549 1.042864
0.162501 0.000000 -0.786396 -2.062330 -0.054767 -0.118111 -0.258769 -0.558066 0.162501 0.000000 0.391474 0.886594 0.494399 1.136616
0.175000 0.000000 -0.748412 -2.062330 -0.052122 -0.118111 -0.246270 -0.558066 0.175000 0.000000 -0.216475 -0.886594 0.487973 1.155207
0.200000 0.000000 -0.672437 -2.062330 -0.046831 -0.118111 -0.221270 -0.558066 0.200000 0.000000 0.416474 0.886594 0.475846 1.193315
0.225000 0.000000 -0.596463 -2.062330 -0.041539 -0.118111 -0.196271 -0.558066 0.225000 0.000000 -0.191475 -0.886594 0.464748 1.232610
0.262500 0.000000 -0.482498 -2.062330 -0.033603 -0.118111 -0.158770 -0.558066 0.262500 0.000000 0.453975 0.886594 0.450196 1.293620
0.274999 0.000000 -0.444514 -2.062330 -0.030957 -0.118111 -0.146271 -0.558066 0.274999 0.000000 -0.178976 -0.886594 0.445941 1.314459
0.312500 0.000000 -0.330550 -2.062330 -0.023020 -0.118111 -0.108770 -0.558066 0.312500 0.000000 0.491476 0.886594 0.435085 1.378305
0.337500 0.028574 -0.254575 -1.956736 -0.017729 -0.112064 -0.083770 -0.529492 0.338708 0.084461 -0.152768 -0.802133 0.401532 1.413889
0.349999 0.028574 -0.216591 -1.956736 -0.015084 -0.112064 -0.071271 -0.529492 0.351164 0.081458 0.503932 0.883591 0.399112 1.436998
0.387500 0.057143 -0.102626 -1.851159 -0.007147 -0.106017 -0.033770 -0.500923 0.391691 0.146410 -0.112241 -0.737181 0.365690 1.503483
0.399999 0.085716 -0.064642 -1.745565 -0.004502 -0.099970 -0.021271 -0.472349 0.409080 0.211098 0.521321 0.948280 0.336227 1.525795
0.412500 0.114285 -0.026652 -1.639988 -0.001856 -0.093923 -0.008770 -0.443780 0.428039 0.270276 -0.093282 -0.678003 0.307110 1.551037
0.424999 0.142859 0.011333 -1.534395 0.000789 -0.087876 0.003729 -0.415207 0.448367 0.324274 0.541649 1.002277 0.278436 -1.561815
0.437500 0.171428 0.049323 -1.428817 0.003435 -0.081829 0.016230 -0.386637 0.469887 0.373449 -0.071762 -0.628829 0.250369 -1.528844
0.449999 0.200002 0.087307 -1.323224 0.006080 -0.075782 0.028729 -0.358064 0.492443 0.418228 0.564205 1.047057 0.223126 -1.490733
0.462500 0.257144 0.125297 -1.112053 0.008726 -0.063688 0.041230 -0.300921 0.529178 0.507429 -0.035027 -0.539628 0.169225 -1.434632
0.462500 0.285714 0.125297 -1.006476 0.008726 -0.057642 0.041230 -0.272352 0.543635 0.553375 0.578661 1.093004 0.141688 -1.420552
0.462500 0.314287 0.125297 -0.900882 0.008726 -0.051594 0.041230 -0.243778 0.559180 0.596862 -0.019481 -0.496142 0.114653 -1.403253
0.449999 0.371430 0.087307 -0.689711 0.006080 -0.039500 0.028729 -0.186636 0.583489 0.690039 0.602970 1.186181 0.057527 -1.418064
0.449999 0.399999 0.087307 -0.584134 0.006080 -0.033454 0.028729 -0.158066 0.602079 0.726642 -0.000891 -0.459538 0.035746 -1.391006
0.437500 0.428573 0.049323 -0.478540 0.003435 -0.027406 0.016230 -0.129493 0.612438 0.775091 0.613330 1.234629 0.017797 -1.446111
0.424999 0.428573 0.011333 -0.478540 0.000789 -0.027406 0.003729 -0.129493 0.603572 0.789585 -0.009758 -0.445044 0.008200 -1.542007
0.399999 0.428573 -0.064642 -0.478540 -0.004502 -0.027406 -0.021271 -0.129493 0.586237 0.819870 0.595995 1.264914 0.022489 1.407987
0.387500 0.428573 -0.102626 -0.478540 -0.007147 -0.027406 -0.033770 -0.129493 0.577781 0.835685 -0.018214 -0.429229 0.034550 1.315692
0.362500 0.399999 -0.178601 -0.584134 -0.012438 -0.033454 -0.058770 -0.158066 0.539820 0.834537 0.558034 1.263766 0.062501 1.214830
0.349999 0.399999 -0.216591 -0.584134 -0.015084 -0.033454 -0.071271 -0.158066 0.531506 0.851966 -0.026528 -0.411800 0.074377 1.147201
0.337500 0.371430 -0.254575 -0.689711 -0.017729 -0.039500 -0.083770 -0.186636 0.501863 0.833222 0.528391 1.245022 0.097475 1.148906
0.337500 0.342856 -0.254575 -0.795305 -0.017729 -0.045548 -0.083770 -0.215209 0.481100 0.793270 -0.047291 -0.451752 0.114744 1.199593
0.324999 0.285714 -0.292565 -1.006476 -0.020375 -0.057642 -0.096271 -0.272352 0.432732 0.721159 0.480023 1.172911 0.166264 1.231025
0.324999 0.228571 -0.292565 -1.217646 -0.020375 -0.069736 -0.096271 -0.329495 0.397328 0.612935 -0.082696 -0.559976 0.215409 1.286532
0.337500 0.200002 -0.254575 -1.323224 -0.017729 -0.075782 -0.083770 -0.358064 0.392310 0.534958 0.475006 1.094934 0.236595 1.340978
0.349999 0.171428 -0.216591 -1.428817 -0.015084 -0.081829 -0.071271 -0.386637 0.389727 0.455451 -0.085279 -0.639483 0.259809 1.388508
0.387500 0.171428 -0.102626 -1.428817 -0.007147 -0.081829 -0.033770 -0.386637 0.423726 0.416512 0.509005 1.055995 0.252114 1.483675
0.399999 0.171428 -0.064642 -1.428817 -0.004502 -0.081829 -0.021271 -0.386637 0.435186 0.404892 -0.073819 -0.651103 0.250746 1.515837
0.424999 0.171428 0.011333 -1.428817 0.000789 -0.081829 0.003729 -0.386637 0.458271 0.383401 0.532089 1.034504 0.249870 -1.561152
0.449999 0.171428 0.087307 -1.428817 0.006080 -0.081829 0.028729 -0.386637 0.481546 0.363979 -0.050543 -0.670525 0.251488 -1.496628
0.487500 0.200002 0.201272 -1.323224 0.014017 -0.075782 0.066230 -0.358064 0.526932 0.389320 0.577475 1.059845 0.230968 -1.387897
0.525001 0.257144 0.315236 -1.112053 0.021954 -0.063688 0.103731 -0.300921 0.584593 0.455453 0.007118 -0.604392 0.194158 -1.238841
0.550001 0.342856 0.391211 -0.795305 0.027245 -0.045548 0.128731 -0.215209 0.648114 0.557429 0.640995 1.161821 0.150733 -1.031727
0.562500 0.371430 0.429195 -0.689711 0.029890 -0.039500 0.141230 -0.186636 0.674067 0.583596 0.033072 -0.578226 0.149766 -0.923012
0.575001 0.457142 0.467185 -0.372963 0.032536 -0.021360 0.153731 -0.100924 0.734578 0.671702 0.701506 1.249928 0.157860 -0.580929
0.575001 0.485715 0.467185 -0.267370 0.032536 -0.015312 0.153731 -0.072350 0.752692 0.701421 0.051186 -0.548506 0.166692 -0.439876
0.587500 0.600001 0.505169 0.154972 0.035181 0.008875 0.166230 0.041935 0.839736 0.795925 0.788550 1.344431 0.244084 0.247117
0.587500 0.657144 0.505169 0.366143 0.035181 0.020969 0.166230 0.099078 0.881472 0.841295 0.092922 -0.503136 0.288563 0.537496
0.587500 0.742860 0.505169 0.682907 0.035181 0.039111 0.166230 0.184794 0.947099 0.901652 0.854177 1.404788 0.362011 0.838236
0.587500 0.828572 0.505169 0.999655 0.035181 0.057251 0.166230 0.270506 1.015720 0.954022 0.161543 -0.450767 0.439917 1.019774
0.587500 0.857145 0.505169 1.105249 0.035181 0.063298 0.166230 0.299080 1.039160 0.969927 0.877617 1.420693 0.466497 1.063508
0.562500 0.885715 0.429195 1.210826 0.029890 0.069345 0.141230 0.327649 1.049236 1.004981 0.171619 -0.415712 0.485443 1.163821
0.550001 0.914288 0.391211 1.316420 0.027245 0.075392 0.128731 0.356223 1.066969 1.029229 0.895351 1.444941 0.509547 1.224022
0.537500 0.942857 0.353220 1.421997 0.024599 0.081439 0.116230 0.384792 1.085305 1.052671 0.189954 -0.392271 0.534381 1.277452
0.512500 0.942857 0.277246 1.421997 0.019308 0.081439 0.091230 0.384792 1.073143 1.072911 0.883189 1.465181 0.529505 1.338006
0.500001 0.942857 0.239262 1.421997 0.016663 0.081439 0.078731 0.384792 1.067230 1.083200 0.184041 -0.381981 0.527496 1.368976
0.487500 0.942857 0.201272 1.421997 0.014017 0.081439 0.066230 0.384792 1.061431 1.093606 0.877390 1.475586 0.525775 1.400348
0.462500 0.942857 0.125297 1.421997 0.008726 0.081439 0.041230 0.384792 1.050184 1.114753 0.172794 -0.360833 0.523214 1.464055
0.449999 0.914288 0.087307 1.316420 0.006080 0.075392 0.028729 0.356223 1.019030 1.113420 0.846236 1.474253 0.493854 1.490321
0.437500 0.885715 0.049323 1.210826 0.003435 0.069345 0.016230 0.327649 0.987875 1.111999 0.141639 -0.362254 0.464728 1.521302
0.437500 0.857145 0.049323 1.105249 0.003435 0.063298 0.016230 0.299080 0.962343 1.098851 0.820704 1.461105 0.436177 1.516583
0.449999 0.857145 0.087307 1.105249 0.006080 0.063298 0.028729 0.299080 0.968090 1.087351 0.147385 -0.373754 0.436821 1.475032
0.462500 0.857145 0.125297 1.105249 0.008726 0.063298 0.041230 0.299080 0.973963 1.075987 0.826578 1.449741 0.437821 1.433804
0.474999 0.885715 0.163281 1.210826 0.011371 0.069345 0.053729 0.327649 1.005044 1.078541 0.178466 -0.371200 0.467542 1.408260
0.487500 0.914288 0.201272 1.316420 0.014017 0.075392 0.066230 0.356223 1.036137 1.080941 0.857670 1.452142 0.497447 1.386972
0.500001 0.914288 0.239262 1.316420 0.016663 0.075392 0.078731 0.356223 1.042077 1.070356 0.184407 -0.381786 0.499265 1.353277
0.525001 0.942857 0.315236 1.421997 0.021954 0.081439 0.103731 0.384792 1.079169 1.062733 0.894762 1.444519 0.531802 1.307479
0.562500 0.971431 0.429195 1.527590 0.029890 0.087486 0.141230 0.413365 1.122535 1.045929 0.227772 -0.398590 0.567999 1.241572
0.600001 0.971431 0.543159 1.527590 0.037827 0.087486 0.178731 0.413365 1.141787 1.017502 0.914015 1.416092 0.578465 1.162692
0.650001 1.000000 0.695108 1.633168 0.048409 0.093533 0.228731 0.441934 1.192686 0.994421 0.278671 -0.421671 0.622291 1.093194
0.712500 1.000000 0.885042 1.633168 0.061637 0.093533 0.291229 0.441934 1.227866 0.951731 0.949195 1.373402 0.647876 0.988129
0.762500 1.000000 1.036990 1.633168 0.072219 0.093533 0.341229 0.441934 1.257539 0.919343 0.308344 -0.454059 0.671838 0.913284
0.812499 1.000000 1.188939 1.633168 0.082801 0.093533 0.391229 0.441934 1.288470 0.888480 0.980126 1.342539 0.698562 0.846182
0.900000 1.000000 1.454853 1.633168 0.101320 0.093533 0.478730 0.441934 1.345363 0.837981 0.365237 -0.504558 0.751073 0.745453
0.937501 0.971431 1.568817 1.527590 0.109257 0.087486 0.516231 0.413365 1.350032 0.803170 0.984795 1.307728 0.754434 0.675190
0.975000 0.971431 1.682776 1.527590 0.117194 0.087486 0.553730 0.413365 1.376337 0.783564 0.391541 -0.524164 0.780573 0.641264
0.987501 0.942857 1.720766 1.421997 0.119839 0.081439 0.566231 0.384792 1.365334 0.762275 0.973793 1.286439 0.769851 0.596880
1.000000 0.914288 1.758750 1.316420 0.122485 0.075392 0.578730 0.356223 1.354962 0.740653 0.381169 -0.545786 0.760260 0.551757
1.000000 0.857145 1.758750 1.105249 0.122485 0.063298 0.578730 0.299080 1.317079 0.708628 0.935910 1.254413 0.724511 0.476986
0.975000 0.828572 1.682776 0.999655 0.117194 0.057251 0.553730 0.270506 1.279514 0.704388 0.343604 -0.550025 0.687395 0.454419
0.950000 0.800003 1.606802 0.894078 0.111902 0.051204 0.528730 0.241937 1.241976 0.699894 0.898372 1.249920 0.650380 0.429141
0.925000 0.800003 1.530827 0.894078 0.106611 0.051204 0.503730 0.241937 1.222959 0.713062 0.324587 -0.536857 0.630224 0.447757
0.900000 0.828572 1.454853 0.999655 0.101320 0.057251 0.478730 0.270506 1.223328 0.744099 0.898741 1.280957 0.628552 0.514324
0.875000 0.857145 1.378878 1.105249 0.096029 0.063298 0.453730 0.299080 1.224877 0.775091 0.326136 -0.505866 0.629173 0.582786
0.862499 0.857145 1.340888 1.105249 0.093383 0.063298 0.441229 0.299080 1.215978 0.782285 0.889842 1.288151 0.620218 0.595694
0.875000 0.885715 1.378878 1.210826 0.096029 0.069345 0.453730 0.327649 1.245036 0.791483 0.355194 -0.496668 0.649292 0.625420
0.887501 0.942857 1.416868 1.421997 0.098675 0.081439 0.466231 0.384792 1.294851 0.815632 0.939656 1.312300 0.699589 0.689993
0.925000 0.971431 1.530827 1.527590 0.106611 0.087486 0.503730 0.413365 1.341381 0.809876 0.401725 -0.502424 0.745936 0.687182
0.925000 1.000000 1.530827 1.633168 0.106611 0.093533 0.503730 0.441934 1.362213 0.824339 0.960489 1.326763 0.767250 0.720145
0.937501 1.000000 1.568817 1.633168 0.109257 0.093533 0.516231 0.441934 1.370733 0.817644 0.410244 -0.509118 0.775514 0.708013
