0.047620 0.243245 -1.351822 -0.817387 -0.113441 -0.069567 -0.391682 -0.240197 0.247862 1.377471 0.247862 1.377471 0.438011 0.550100
0.047620 0.216216 -1.351822 -0.909366 -0.113441 -0.077395 -0.391682 -0.267226 0.221398 1.354014 -0.026465 -0.023457 0.450758 0.598714
0.079366 0.216216 -1.242257 -0.909366 -0.104247 -0.077395 -0.359936 -0.267226 0.230322 1.218997 0.256787 1.242455 0.423464 0.638635
0.111112 0.216216 -1.132691 -0.909366 -0.095053 -0.077395 -0.328191 -0.267226 0.243095 1.096096 -0.013692 -0.146359 0.396833 0.683363
0.142858 0.270270 -1.023126 -0.725421 -0.085858 -0.061740 -0.296445 -0.213172 0.305703 1.084551 0.319394 1.230910 0.341250 0.623426
0.174604 0.297299 -0.913561 -0.633442 -0.076664 -0.053912 -0.264699 -0.186143 0.344780 1.039767 0.025385 -0.191143 0.300384 0.612887
0.174604 0.351353 -0.913561 -0.449497 -0.076664 -0.038256 -0.264699 -0.132089 0.392346 1.109594 0.366960 1.300737 0.278928 0.462859
0.174604 0.378378 -0.913561 -0.357531 -0.076664 -0.030429 -0.264699 -0.105064 0.416721 1.138458 0.049760 -0.162278 0.271620 0.377847
0.174604 0.432432 -0.913561 -0.173586 -0.076664 -0.014774 -0.264699 -0.051010 0.466351 1.187042 0.416591 1.349321 0.264788 0.190375
0.158730 0.459461 -0.968347 -0.081606 -0.081261 -0.006945 -0.280573 -0.023981 0.486106 1.238163 0.069515 -0.111158 0.281296 0.085263
0.095238 0.459461 -1.187478 -0.081606 -0.099650 -0.006945 -0.344065 -0.023981 0.469227 1.366409 0.399712 1.477567 0.344655 0.069586
0.063492 0.432432 -1.297044 -0.173586 -0.108845 -0.014774 -0.375811 -0.051010 0.437068 1.425013 0.037356 -0.052554 0.375873 0.134908
0.031746 0.405407 -1.406609 -0.265551 -0.118039 -0.022601 -0.407557 -0.078035 0.406648 1.492649 0.369292 1.545203 0.408964 0.189180
0.015874 0.351353 -1.461388 -0.449497 -0.122636 -0.038256 -0.423428 -0.132089 0.351711 1.525647 -0.017581 -0.019556 0.432466 0.302384
0.000000 0.297299 -1.516174 -0.633442 -0.127233 -0.053912 -0.439302 -0.186143 0.297299 1.570796 0.314880 1.590353 0.461684 0.400789
0.047620 0.135137 -1.351822 -1.185277 -0.113441 -0.100878 -0.391682 -0.348304 0.143282 1.231999 -0.171598 -0.358353 0.495915 0.726845
0.111112 0.081083 -1.132691 -1.369222 -0.095053 -0.116533 -0.328191 -0.402358 0.137551 0.630409 0.309149 0.988762 0.485829 0.886575
0.206350 0.027025 -0.803995 -1.553181 -0.067469 -0.132190 -0.232953 -0.456416 0.208112 0.130226 -0.101037 -0.858537 0.473540 1.098867
0.301587 0.000000 -0.475299 -1.645147 -0.039886 -0.140017 -0.137715 -0.483441 0.301587 0.000000 0.402625 0.858537 0.460383 1.293283
0.460317 0.000000 0.072528 -1.645147 0.006086 -0.140017 0.021015 -0.483441 0.460317 0.000000 0.057692 -0.858537 0.439805 -1.527355
0.523809 0.027025 0.291659 -1.553181 0.024475 -0.132190 0.084506 -0.456416 0.524506 0.051547 0.466813 0.910084 0.420849 -1.387718
0.571429 0.081083 0.456011 -1.369222 0.038267 -0.116533 0.132126 -0.402358 0.577153 0.140954 0.110340 -0.769130 0.381810 -1.253510
0.619047 0.135137 0.620355 -1.185277 0.052059 -0.100878 0.179744 -0.348304 0.633625 0.214927 0.523285 0.984057 0.353305 -1.094388
0.650793 0.243245 0.729920 -0.817387 0.061253 -0.069567 0.211490 -0.240197 0.694765 0.357689 0.171480 -0.626368 0.288386 -0.848867
0.650793 0.297299 0.729920 -0.633442 0.061253 -0.053912 0.211490 -0.186143 0.715484 0.428516 0.544004 1.054883 0.254741 -0.721738
0.634921 0.351353 0.675142 -0.449497 0.056656 -0.038256 0.195618 -0.132089 0.725654 0.505435 0.181649 -0.549448 0.214480 -0.593912
0.587301 0.378378 0.510790 -0.357531 0.042864 -0.030429 0.147998 -0.105064 0.698636 0.572333 0.516986 1.121782 0.160048 -0.617338
0.539683 0.405407 0.346446 -0.265551 0.029073 -0.022601 0.100381 -0.078035 0.674991 0.644265 0.158004 -0.477517 0.105949 -0.660800
0.444445 0.432432 0.017749 -0.173586 0.001489 -0.014774 0.005143 -0.051010 0.620104 0.771698 0.462099 1.249216 0.008582 -1.470316
0.396825 0.405407 -0.146603 -0.265551 -0.012303 -0.022601 -0.042477 -0.078035 0.567296 0.796095 0.105197 -0.453121 0.054344 1.072310
0.380953 0.378378 -0.201381 -0.357531 -0.016899 -0.030429 -0.058349 -0.105064 0.536931 0.782006 0.431734 1.235127 0.084359 1.063841
0.349207 0.324324 -0.310947 -0.541476 -0.026094 -0.046085 -0.090095 -0.159118 0.476583 0.748470 0.044849 -0.486657 0.146073 1.055589
0.349207 0.243245 -0.310947 -0.817387 -0.026094 -0.069567 -0.090095 -0.240197 0.425575 0.608415 0.380726 1.095072 0.215768 1.211948
0.365079 0.189191 -0.256168 -1.001332 -0.021497 -0.085223 -0.074223 -0.294250 0.411189 0.478116 0.030463 -0.616956 0.260892 1.323706
0.460317 0.162162 0.072528 -1.093311 0.006086 -0.093051 0.021015 -0.321279 0.488045 0.338707 0.457583 0.955663 0.277936 -1.505480
0.492063 0.162162 0.182093 -1.093311 0.015281 -0.093051 0.052760 -0.321279 0.518095 0.318346 0.060512 -0.637317 0.282118 -1.408029
0.539683 0.162162 0.346446 -1.093311 0.029073 -0.093051 0.100381 -0.321279 0.563519 0.291894 0.503007 0.929211 0.294760 -1.267966
0.587301 0.216216 0.510790 -0.909366 0.042864 -0.077395 0.147998 -0.267226 0.625837 0.352753 0.122829 -0.576457 0.267715 -1.065015
0.634921 0.297299 0.675142 -0.633442 0.056656 -0.053912 0.195618 -0.186143 0.701078 0.437923 0.578249 1.014380 0.241726 -0.760582
0.634921 0.351353 0.675142 -0.449497 0.056656 -0.038256 0.195618 -0.132089 0.725654 0.505435 0.147405 -0.508945 0.214480 -0.593912
0.634921 0.405407 0.675142 -0.265551 0.056656 -0.022601 0.195618 -0.078035 0.753312 0.568259 0.605907 1.077205 0.198533 -0.379569
0.603175 0.567568 0.565576 0.286284 0.047462 0.024365 0.163872 0.084127 0.828223 0.754994 0.222316 -0.322211 0.208102 0.474286
0.571429 0.621622 0.456011 0.470229 0.038267 0.040021 0.132126 0.138181 0.844361 0.827445 0.622045 1.149655 0.225162 0.807793
0.523809 0.702701 0.291659 0.746140 0.024475 0.063503 0.084506 0.219260 0.876450 0.930232 0.254405 -0.219424 0.276623 1.202925
0.460317 0.756755 0.072528 0.930085 0.006086 0.079159 0.021015 0.273314 0.885760 1.024313 0.631355 1.243737 0.318148 1.494059
0.349207 0.837838 -0.310947 1.206010 -0.026094 0.102643 -0.090095 0.354397 0.907700 1.175895 0.276345 -0.067841 0.408592 -1.321849
0.285713 0.864863 -0.530086 1.297975 -0.044483 0.110470 -0.153589 0.381422 0.910835 1.251727 0.634490 1.319569 0.452428 -1.187986
0.190476 0.891892 -0.858782 1.389955 -0.072067 0.118298 -0.248827 0.408451 0.912005 1.360394 0.277515 0.040825 0.516481 -1.023642
0.158730 0.864863 -0.968347 1.297975 -0.081261 0.110470 -0.280573 0.381422 0.879308 1.389285 0.601794 1.348460 0.509728 -0.936577
0.111112 0.810809 -1.132691 1.114030 -0.095053 0.094814 -0.328191 0.327368 0.818387 1.434606 0.216593 0.086147 0.495708 -0.784143
0.095238 0.783784 -1.187478 1.022065 -0.099650 0.086987 -0.344065 0.300343 0.789549 1.449879 0.572956 1.363732 0.486876 -0.717654
0.126984 0.756755 -1.077913 0.930085 -0.090456 0.079159 -0.312319 0.273314 0.767335 1.404545 0.194379 0.040813 0.445331 -0.718893
0.174604 0.756755 -0.913561 0.930085 -0.076664 0.079159 -0.264699 0.273314 0.776637 1.344038 0.582258 1.303225 0.413330 -0.801410
0.222221 0.756755 -0.749217 0.930085 -0.062872 0.079159 -0.217081 0.273314 0.788708 1.285175 0.206451 -0.018050 0.384578 -0.899568
0.301587 0.783784 -0.475299 1.022065 -0.039886 0.086987 -0.137715 0.300343 0.839805 1.203476 0.633354 1.221526 0.370989 -1.140875
0.460317 0.864863 0.072528 1.297975 0.006086 0.110470 0.021015 0.381422 0.979735 1.081689 0.346380 -0.139837 0.426079 1.515757
0.555555 0.891892 0.401224 1.389955 0.033670 0.118298 0.116252 0.408451 1.050768 1.013712 0.704387 1.153550 0.467282 1.293511
0.714284 0.972975 0.949051 1.665879 0.079642 0.141782 0.274982 0.489534 1.207014 0.937534 0.502627 -0.216016 0.600351 1.058998
0.777776 1.000000 1.168182 1.757845 0.098031 0.149609 0.338474 0.516559 1.266861 0.909754 0.764234 1.125770 0.654940 0.990741
0.888888 1.000000 1.551665 1.757845 0.130212 0.149609 0.449586 0.516559 1.337954 0.844154 0.573720 -0.281616 0.718686 0.854607
0.920634 1.000000 1.661230 1.757845 0.139406 0.149609 0.481332 0.516559 1.359252 0.826697 0.785532 1.108314 0.738960 0.820685
0.968254 0.918921 1.825583 1.481934 0.153198 0.126126 0.528952 0.435480 1.334890 0.759263 0.549358 -0.349051 0.714020 0.688781
0.984126 0.864863 1.880361 1.297975 0.157795 0.110470 0.544823 0.381422 1.310150 0.720986 0.760791 1.070036 0.691328 0.610782
1.000000 0.729730 1.935148 0.838119 0.162393 0.071332 0.560698 0.246289 1.237944 0.630402 0.477153 -0.439635 0.631451 0.413882
0.984126 0.675676 1.880361 0.654174 0.157795 0.055676 0.544823 0.192235 1.193751 0.601659 0.716598 1.041294 0.593890 0.339202
0.920634 0.594593 1.661230 0.378250 0.139406 0.032193 0.481332 0.111152 1.095951 0.573454 0.379353 -0.467840 0.505762 0.226948
0.857142 0.540539 1.442100 0.194305 0.121017 0.016537 0.417840 0.057098 1.013349 0.562638 0.633996 1.030477 0.429929 0.135810
0.825396 0.513515 1.332534 0.102339 0.111823 0.008710 0.386094 0.030073 0.972099 0.556542 0.338103 -0.473935 0.393161 0.077734
0.809524 0.567568 1.277756 0.286284 0.107226 0.024365 0.370222 0.084127 0.988668 0.611473 0.650565 1.085408 0.391812 0.223440
0.809524 0.648647 1.277756 0.562195 0.107226 0.047848 0.370222 0.165206 1.037340 0.675515 0.386775 -0.409893 0.425311 0.419719
0.873016 0.864863 1.496886 1.297975 0.125615 0.110470 0.433714 0.381422 1.228880 0.780707 0.842105 1.190600 0.607626 0.721335
