0.019606 0.558826 -1.413213 -0.005841 -0.107480 -0.000479 -0.407167 -0.001813 0.559170 1.535726 0.559170 1.535726 0.428045 0.004454
0.039216 0.558826 -1.345152 -0.005841 -0.102304 -0.000479 -0.387557 -0.001813 0.560200 1.500736 0.001030 -0.034990 0.409437 0.004679
0.058822 0.558826 -1.277102 -0.005841 -0.097129 -0.000479 -0.367951 -0.001813 0.561913 1.465923 0.560883 1.500912 0.390930 0.004928
0.078431 0.558826 -1.209041 -0.005841 -0.091952 -0.000479 -0.348342 -0.001813 0.564303 1.431357 0.003420 -0.069555 0.372532 0.005206
0.098038 0.617649 -1.140990 0.183637 -0.086777 0.015049 -0.328735 0.057010 0.625381 1.413383 0.621961 1.482938 0.380133 -0.171715
0.117647 0.647059 -1.072930 0.278369 -0.081601 0.022812 -0.309126 0.086420 0.657667 1.390943 0.035706 -0.091995 0.379585 -0.272602
0.117647 0.676473 -1.072930 0.373115 -0.081601 0.030577 -0.309126 0.115834 0.686627 1.398606 0.650921 1.490601 0.397378 -0.358519
0.137253 0.735296 -1.004879 0.562593 -0.076425 0.046105 -0.289520 0.174657 0.747997 1.386256 0.097076 -0.104345 0.423094 -0.542817
0.137253 0.764706 -1.004879 0.657325 -0.076425 0.053868 -0.289520 0.204067 0.776926 1.393202 0.679850 1.497547 0.444995 -0.613970
0.137253 0.794120 -1.004879 0.752072 -0.076425 0.061632 -0.289520 0.233481 0.805894 1.399650 0.126044 -0.097897 0.467724 -0.678656
0.117647 0.823529 -1.072930 0.846804 -0.081601 0.069396 -0.309126 0.262890 0.831890 1.428899 0.705846 1.526796 0.502966 -0.704744
0.098038 0.823529 -1.140990 0.846804 -0.086777 0.069396 -0.328735 0.262890 0.829344 1.452308 0.123498 -0.074488 0.515250 -0.674559
0.058822 0.823529 -1.277102 0.846804 -0.097129 0.069396 -0.367951 0.262890 0.825627 1.499491 0.702129 1.573979 0.541113 -0.620372
0.039216 0.764706 -1.345152 0.657325 -0.102304 0.053868 -0.387557 0.204067 0.765711 1.519559 0.063581 -0.054420 0.514198 -0.484658
0.019606 0.705882 -1.413213 0.467847 -0.107480 0.038340 -0.407167 0.145243 0.706155 1.543028 0.642573 1.597447 0.493646 -0.342646
0.000000 0.647059 -1.481264 0.278369 -0.112656 0.022812 -0.426773 0.086420 0.647059 1.570796 0.004486 -0.026651 0.480272 -0.199794
0.000000 0.529412 -1.481264 -0.100588 -0.112656 -0.008243 -0.426773 -0.031227 0.529412 1.570796 0.524926 1.597447 0.438942 0.073041
0.000000 0.441174 -1.481264 -0.384812 -0.112656 -0.031535 -0.426773 -0.119465 0.441174 1.570796 -0.083752 -0.026651 0.427016 0.272940
0.000000 0.323527 -1.481264 -0.763769 -0.112656 -0.062591 -0.426773 -0.237112 0.323527 1.570796 0.407279 1.597447 0.439084 0.507127
0.019606 0.235294 -1.413213 -1.047979 -0.107480 -0.085882 -0.407167 -0.325345 0.236110 1.487661 -0.171170 -0.109786 0.449943 0.674159
0.039216 0.176471 -1.345152 -1.237457 -0.102304 -0.101410 -0.387557 -0.384169 0.180775 1.352128 0.351945 1.461914 0.461359 0.781007
0.078431 0.088233 -1.209041 -1.521682 -0.091952 -0.124702 -0.348342 -0.472406 0.118053 0.844142 -0.233892 -0.617771 0.485748 0.935422
0.117647 0.058824 -1.072930 -1.616414 -0.081601 -0.132465 -0.309126 -0.501816 0.131533 0.463648 0.365425 1.081420 0.480568 1.018684
0.176472 0.029410 -0.868757 -1.711160 -0.066072 -0.140230 -0.250301 -0.531230 0.178906 0.165135 -0.186520 -0.916284 0.469626 1.130475
0.274509 0.000000 -0.528484 -1.805892 -0.040193 -0.147993 -0.152264 -0.560639 0.274509 0.000000 0.461029 0.916284 0.453122 1.305604
0.313725 0.000000 -0.392372 -1.805892 -0.029841 -0.147993 -0.113048 -0.560639 0.313725 0.000000 -0.147304 -0.916284 0.441492 1.371823
0.352941 0.029410 -0.256261 -1.711160 -0.019490 -0.140230 -0.073832 -0.531230 0.354164 0.083135 0.501468 0.999419 0.404165 1.432697
0.372550 0.088233 -0.188200 -1.521682 -0.014313 -0.124702 -0.054223 -0.472406 0.382856 0.232551 -0.118612 -0.766869 0.342855 1.456516
0.392156 0.176471 -0.120150 -1.237457 -0.009138 -0.101410 -0.034617 -0.384169 0.430033 0.422854 0.548645 1.189723 0.252685 1.480931
0.411766 0.264704 -0.052089 -0.953247 -0.003962 -0.078119 -0.015007 -0.295936 0.489509 0.571333 -0.059136 -0.618390 0.162763 1.520128
0.411766 0.323527 -0.052089 -0.763769 -0.003962 -0.062591 -0.015007 -0.237112 0.523661 0.665965 0.582797 1.284355 0.104331 1.507588
0.392156 0.382351 -0.120150 -0.574290 -0.009138 -0.047063 -0.034617 -0.178288 0.547703 0.772738 -0.035094 -0.511617 0.056318 1.379021
0.392156 0.441174 -0.120150 -0.384812 -0.009138 -0.031535 -0.034617 -0.119465 0.590272 0.844152 0.625366 1.355769 0.037493 1.288755
0.372550 0.470588 -0.188200 -0.290066 -0.014313 -0.023771 -0.054223 -0.090051 0.600206 0.901156 -0.025161 -0.454613 0.069713 1.028806
0.333334 0.470588 -0.324312 -0.290066 -0.024665 -0.023771 -0.093439 -0.090051 0.576685 0.954498 0.601845 1.409111 0.103202 0.766937
0.313725 0.470588 -0.392372 -0.290066 -0.029841 -0.023771 -0.113048 -0.090051 0.565576 0.982794 -0.036269 -0.426316 0.121242 0.672647
0.313725 0.441174 -0.392372 -0.384812 -0.029841 -0.031535 -0.113048 -0.119465 0.541348 0.952650 0.577617 1.378967 0.113962 0.812989
0.294119 0.411765 -0.460423 -0.479544 -0.035017 -0.039299 -0.132654 -0.148874 0.506020 0.950545 -0.071597 -0.428422 0.133501 0.842949
0.294119 0.382351 -0.460423 -0.574290 -0.035017 -0.047063 -0.132654 -0.178288 0.482388 0.915096 0.553985 1.343518 0.139895 0.931118
0.294119 0.323527 -0.460423 -0.763769 -0.035017 -0.062591 -0.132654 -0.237112 0.437236 0.832976 -0.116749 -0.510542 0.168098 1.060720
0.333334 0.235294 -0.324312 -1.047979 -0.024665 -0.085882 -0.093439 -0.325345 0.408014 0.614662 0.524762 1.125203 0.213061 1.291125
0.352941 0.205880 -0.256261 -1.142725 -0.019490 -0.093646 -0.073832 -0.354759 0.408600 0.528070 -0.116163 -0.597133 0.232905 1.365605
0.392156 0.176471 -0.120150 -1.237457 -0.009138 -0.101410 -0.034617 -0.384169 0.430033 0.422854 0.546196 1.019987 0.252685 1.480931
0.431372 0.147057 0.015962 -1.332203 0.001214 -0.109174 0.004599 -0.413583 0.455749 0.328549 -0.090446 -0.691438 0.279754 -1.559677
0.470588 0.147057 0.152073 -1.332203 0.011566 -0.109174 0.043814 -0.413583 0.493030 0.302881 0.583476 0.994319 0.283127 -1.465251
0.549019 0.235294 0.424296 -1.047979 0.032269 -0.085882 0.122246 -0.325345 0.597315 0.404892 0.013839 -0.589427 0.227174 -1.211376
0.588234 0.323527 0.560408 -0.763769 0.042621 -0.062591 0.161461 -0.237112 0.671334 0.502841 0.657495 1.092268 0.191649 -0.972971
0.607844 0.411765 0.628468 -0.479544 0.047797 -0.039299 0.181071 -0.148874 0.734183 0.595409 0.076687 -0.496859 0.181692 -0.688126
0.607844 0.499998 0.628468 -0.195334 0.047797 -0.016008 0.181071 -0.060641 0.787065 0.688356 0.710378 1.185215 0.195316 -0.323164
0.588234 0.676473 0.560408 0.373115 0.042621 0.030577 0.161461 0.115834 0.896457 0.855055 0.186079 -0.330160 0.297355 0.622314
0.568628 0.735296 0.492357 0.562593 0.037446 0.046105 0.141855 0.174657 0.929515 0.912529 0.743436 1.242689 0.339572 0.888666
0.509803 0.794120 0.288185 0.752072 0.021918 0.061632 0.083030 0.233481 0.943677 1.000085 0.200240 -0.242604 0.376613 1.229125
0.490197 0.823529 0.220134 0.846804 0.016742 0.069396 0.063424 0.262890 0.958381 1.033885 0.758140 1.276489 0.401794 1.334064
0.450981 0.852943 0.084023 0.941550 0.006390 0.077160 0.024208 0.292304 0.964830 1.084426 0.206689 -0.192063 0.426857 1.488167
0.392156 0.882353 -0.120150 1.036282 -0.009138 0.084923 -0.034617 0.321714 0.965574 1.152573 0.758885 1.344636 0.456893 -1.463608
0.372550 0.911767 -0.188200 1.131028 -0.014313 0.092688 -0.054223 0.351128 0.984943 1.182896 0.226058 -0.161739 0.488016 -1.417581
0.352941 0.911767 -0.256261 1.131028 -0.019490 0.092688 -0.073832 0.351128 0.977694 1.201464 0.751636 1.363203 0.490582 -1.363543
0.372550 0.911767 -0.188200 1.131028 -0.014313 0.092688 -0.054223 0.351128 0.984943 1.182896 0.233307 -0.180307 0.488016 -1.417581
0.392156 0.911767 -0.120150 1.131028 -0.009138 0.092688 -0.034617 0.351128 0.992525 1.164609 0.759218 1.344916 0.486228 -1.472526
0.431372 0.911767 0.015962 1.131028 0.001214 0.092688 0.004599 0.351128 1.008663 1.128886 0.249445 -0.216030 0.485016 1.557700
0.549019 0.970590 0.424296 1.320506 0.032269 0.108215 0.122246 0.409951 1.115109 1.056014 0.865664 1.272044 0.557388 1.280996
0.588234 0.970590 0.560408 1.320506 0.042621 0.108215 0.161461 0.409951 1.134930 1.025934 0.269266 -0.246110 0.567280 1.195599
0.705881 1.000000 0.968742 1.415238 0.073677 0.115979 0.279108 0.439361 1.224038 0.956134 0.954772 1.202244 0.637566 1.004853
0.745097 1.000000 1.104853 1.415238 0.084028 0.115979 0.318324 0.439361 1.247064 0.930441 0.292292 -0.271803 0.655682 0.943806
0.843137 1.000000 1.445137 1.415238 0.109908 0.115979 0.416364 0.439361 1.308006 0.870300 1.015714 1.142103 0.708483 0.812265
0.882353 0.970590 1.581248 1.320506 0.120260 0.108215 0.455580 0.409951 1.311714 0.832982 0.296000 -0.309121 0.709430 0.732729
0.921569 0.941176 1.717360 1.225760 0.130612 0.100451 0.494796 0.380537 1.317233 0.795924 1.021233 1.105045 0.713746 0.655601
0.960784 0.823529 1.853471 0.846804 0.140964 0.069396 0.534011 0.262890 1.265428 0.708626 0.244195 -0.396419 0.665270 0.457463
0.980394 0.764706 1.921532 0.657325 0.146140 0.053868 0.553621 0.204067 1.243361 0.662426 0.999167 1.058844 0.648610 0.353151
1.000000 0.676473 1.989583 0.373115 0.151316 0.030577 0.573227 0.115834 1.207317 0.594761 0.208151 -0.464083 0.625251 0.199388
1.000000 0.558826 1.989583 -0.005841 0.151316 -0.000479 0.573227 -0.001813 1.145551 0.509594 0.937400 0.973677 0.588241 -0.003164
1.000000 0.529412 1.989583 -0.100588 0.151316 -0.008243 0.573227 -0.031227 1.131493 0.486899 0.194094 -0.486778 0.582343 -0.054423
0.980394 0.499998 1.921532 -0.195334 0.146140 -0.016008 0.553621 -0.060641 1.100531 0.471613 0.906438 0.958391 0.558442 -0.109101
0.921569 0.470588 1.717360 -0.290066 0.130612 -0.023771 0.494796 -0.090051 1.034767 0.472122 0.128329 -0.486269 0.496732 -0.180026
0.901962 0.499998 1.649309 -0.195334 0.125436 -0.016008 0.475189 -0.060641 1.031278 0.506172 0.902949 0.992442 0.480798 -0.126929
0.862747 0.558826 1.513198 -0.005841 0.115085 -0.000479 0.435974 -0.001813 1.027919 0.574777 0.124970 -0.417665 0.455534 -0.004159
0.843137 0.647059 1.445137 0.278369 0.109908 0.022812 0.416364 0.086420 1.062810 0.654571 0.937840 1.072236 0.471047 0.204652
0.843137 0.705882 1.445137 0.467847 0.109908 0.038340 0.416364 0.145243 1.099614 0.697021 0.161774 -0.375214 0.501260 0.335638
0.843137 0.764706 1.445137 0.657325 0.109908 0.053868 0.416364 0.204067 1.138269 0.736656 0.976495 1.111871 0.536244 0.455709
0.843137 0.852943 1.445137 0.941550 0.109908 0.077160 0.416364 0.292304 1.199330 0.791180 0.222835 -0.320691 0.595802 0.612093
0.862747 0.882353 1.513198 1.036282 0.115085 0.084923 0.435974 0.321714 1.234050 0.796633 1.011214 1.117324 0.630576 0.635725
