0.037736 0.741936 -1.286494 0.530149 -0.108630 0.044847 -0.404996 0.167198 0.742895 1.519979 0.742895 1.519979 0.503532 -0.391526
0.056602 0.741936 -1.226564 0.530149 -0.103569 0.044847 -0.386129 0.167198 0.744092 1.494654 0.001197 -0.025325 0.488487 -0.408637
0.094338 0.741936 -1.106694 0.530149 -0.093447 0.044847 -0.348394 0.167198 0.747910 1.444324 0.746713 1.469649 0.459240 -0.447449
0.132074 0.741936 -0.986824 0.530149 -0.083326 0.044847 -0.310658 0.167198 0.753600 1.394629 0.006887 -0.075020 0.431314 -0.493745
0.169810 0.806452 -0.866954 0.734715 -0.073204 0.062151 -0.272922 0.231714 0.824136 1.363264 0.817249 1.438284 0.454730 -0.703921
0.169810 0.870968 -0.866954 0.939281 -0.073204 0.079456 -0.272922 0.296230 0.887367 1.378245 0.070118 -0.060038 0.507812 -0.826328
0.188679 0.903224 -0.807014 1.041556 -0.068143 0.088108 -0.254053 0.328486 0.922720 1.364863 0.852602 1.424901 0.525924 -0.912483
0.188679 0.967740 -0.807014 1.246122 -0.068143 0.105412 -0.254053 0.393002 0.985961 1.378243 0.133359 -0.046658 0.583246 -0.996927
0.169810 1.000000 -0.866954 1.348412 -0.073204 0.114065 -0.272922 0.425262 1.014315 1.402591 0.880956 1.449249 0.620511 -1.000226
0.132074 1.000000 -0.986824 1.348412 -0.083326 0.114065 -0.310658 0.425262 1.008684 1.439482 0.127728 -0.009767 0.638010 -0.939887
0.094338 1.000000 -1.106694 1.348412 -0.093447 0.114065 -0.348394 0.425262 1.004440 1.476737 0.876712 1.486503 0.657211 -0.884431
0.056602 0.967740 -1.226564 1.246122 -0.103569 0.105412 -0.386129 0.393002 0.969393 1.512374 0.092682 0.025870 0.651713 -0.794219
0.037736 0.903224 -1.286494 1.041556 -0.108630 0.088108 -0.404996 0.328486 0.904012 1.529042 0.811330 1.503171 0.613249 -0.681463
0.000000 0.774192 -1.406365 0.632424 -0.118751 0.053498 -0.442732 0.199454 0.774192 1.570796 -0.037138 0.067625 0.553062 -0.423276
0.000000 0.645160 -1.406365 0.223293 -0.118751 0.018889 -0.442732 0.070422 0.645160 1.570796 0.682298 1.503171 0.486815 -0.157741
0.000000 0.516128 -1.406365 -0.185839 -0.118751 -0.015721 -0.442732 -0.058610 0.516128 1.570796 -0.166170 0.067625 0.448774 0.131617
0.000000 0.419351 -1.406365 -0.492695 -0.118751 -0.041678 -0.442732 -0.155386 0.419351 1.570796 0.585522 1.503171 0.443349 0.337540
0.018866 0.290319 -1.346434 -0.901827 -0.113691 -0.076288 -0.423865 -0.284418 0.290932 1.505902 -0.294590 0.002731 0.450435 0.591004
0.056602 0.193548 -1.226564 -1.208668 -0.103569 -0.102244 -0.386129 -0.381190 0.201655 1.286284 0.496244 1.283553 0.459553 0.778961
0.094338 0.096772 -1.106694 -1.515525 -0.093447 -0.128202 -0.348394 -0.477966 0.135146 0.798131 -0.361099 -0.485422 0.490985 0.940931
0.132074 0.064516 -0.986824 -1.617800 -0.083326 -0.136854 -0.310658 -0.510222 0.146989 0.454392 0.508088 0.939815 0.489444 1.023881
0.169810 0.000000 -0.866954 -1.822366 -0.073204 -0.154158 -0.272922 -0.574738 0.169810 0.000000 -0.338278 -0.939815 0.520094 1.127459
0.226415 0.000000 -0.687144 -1.822366 -0.058021 -0.154158 -0.216317 -0.574738 0.226415 0.000000 0.564693 0.939815 0.492752 1.210821
0.283020 0.000000 -0.507334 -1.822366 -0.042838 -0.154158 -0.159712 -0.574738 0.283020 0.000000 -0.281673 -0.939815 0.470658 1.299749
0.320756 0.064516 -0.387464 -1.617800 -0.032717 -0.136854 -0.121976 -0.510222 0.327180 0.198489 0.608853 1.138304 0.397398 1.336136
0.396227 0.225803 -0.147724 -1.106393 -0.012474 -0.093592 -0.046504 -0.348934 0.456052 0.517981 -0.152801 -0.620323 0.221857 1.438301
0.415094 0.290319 -0.087794 -0.901827 -0.007413 -0.076288 -0.027638 -0.284418 0.506545 0.610328 0.659346 1.230651 0.154898 1.473927
0.415094 0.387096 -0.087794 -0.594971 -0.007413 -0.050330 -0.027638 -0.187642 0.567579 0.750510 -0.091767 -0.480140 0.062123 1.424557
0.415094 0.483867 -0.087794 -0.288130 -0.007413 -0.024374 -0.027638 -0.090870 0.637519 0.861753 0.729286 1.341893 0.049558 1.275539
0.396227 0.516128 -0.147724 -0.185839 -0.012474 -0.015721 -0.046504 -0.058610 0.650680 0.916068 -0.078606 -0.425825 0.086889 0.900058
0.358491 0.548388 -0.267594 -0.083548 -0.022595 -0.007068 -0.084240 -0.026349 0.655168 0.991812 0.733775 1.417637 0.135128 0.303149
0.339622 0.548388 -0.327534 -0.083548 -0.027656 -0.007068 -0.103110 -0.026349 0.645037 1.016299 -0.088738 -0.401337 0.147631 0.250194
0.320756 0.548388 -0.387464 -0.083548 -0.032717 -0.007068 -0.121976 -0.026349 0.635306 1.041549 0.724044 1.442887 0.161374 0.212752
0.320756 0.483867 -0.387464 -0.288130 -0.032717 -0.024374 -0.121976 -0.090870 0.580527 0.985406 -0.143517 -0.457481 0.128726 0.640284
0.301886 0.419351 -0.447404 -0.492695 -0.037778 -0.041678 -0.140845 -0.155386 0.516712 0.946847 0.660228 1.404327 0.142773 0.834445
0.301886 0.354835 -0.447404 -0.697261 -0.037778 -0.058983 -0.140845 -0.219902 0.465879 0.865850 -0.194349 -0.538477 0.166022 1.001135
0.320756 0.290319 -0.387464 -0.901827 -0.032717 -0.076288 -0.121976 -0.284418 0.432631 0.735632 0.626980 1.274108 0.195212 1.165659
0.358491 0.161287 -0.267594 -1.310959 -0.022595 -0.110897 -0.084240 -0.413450 0.393103 0.422776 -0.233877 -0.851332 0.293781 1.369798
0.396227 0.096772 -0.147724 -1.515525 -0.012474 -0.128202 -0.046504 -0.477966 0.407873 0.239543 0.641751 1.090875 0.349072 1.473805
0.433963 0.096772 -0.027854 -1.515525 -0.002352 -0.128202 -0.008769 -0.477966 0.444622 0.219405 -0.197129 -0.871470 0.346071 1.552453
0.471699 0.064516 0.092016 -1.617800 0.007770 -0.136854 0.028967 -0.510222 0.476090 0.135930 0.673219 1.007401 0.379323 -1.514084
0.509435 0.096772 0.211886 -1.515525 0.017891 -0.128202 0.066703 -0.477966 0.518545 0.187722 -0.154675 -0.819679 0.352332 -1.432136
0.584906 0.258064 0.451626 -1.004102 0.038135 -0.084939 0.142175 -0.316674 0.639306 0.415516 0.793981 1.235195 0.233058 -1.148806
0.603773 0.387096 0.511557 -0.594971 0.043195 -0.050330 0.161041 -0.187642 0.717206 0.570113 -0.076775 -0.665082 0.170381 -0.861540
0.603773 0.516128 0.511557 -0.185839 0.043195 -0.015721 0.161041 -0.058610 0.794311 0.707296 0.871085 1.372378 0.176978 -0.349043
0.603773 0.645160 0.511557 0.223293 0.043195 0.018889 0.161041 0.070422 0.883613 0.818524 0.012528 -0.553854 0.258672 0.412236
0.584906 0.709676 0.451626 0.427859 0.038135 0.036194 0.142175 0.134938 0.919649 0.881480 0.907121 1.435333 0.302445 0.759290
0.528301 0.838708 0.271817 0.836990 0.022952 0.070803 0.085569 0.263970 0.991228 1.008682 0.084106 -0.426651 0.405116 1.257321
0.509435 0.870968 0.211886 0.939281 0.017891 0.079456 0.066703 0.296230 1.009014 1.041549 0.924907 1.468201 0.433400 1.349318
0.490565 0.870968 0.151946 0.939281 0.012830 0.079456 0.047834 0.296230 0.999620 1.057844 0.074712 -0.410357 0.430900 1.410704
0.528301 0.870968 0.271817 0.939281 0.022952 0.079456 0.085569 0.296230 1.018669 1.025562 0.943957 1.435918 0.436702 1.289590
0.547170 0.870968 0.331756 0.939281 0.028013 0.079456 0.104439 0.296230 1.028582 1.009876 0.084625 -0.426042 0.440788 1.231843
0.584906 0.903224 0.451626 1.041556 0.038135 0.088108 0.142175 0.328486 1.076071 0.996127 0.991446 1.422169 0.481940 1.162323
0.622642 0.935484 0.571496 1.143847 0.048256 0.096761 0.179910 0.360746 1.123750 0.983544 0.132304 -0.438625 0.524569 1.108176
0.660378 0.967740 0.691366 1.246122 0.058378 0.105412 0.217646 0.393002 1.171588 0.971986 1.039284 1.410611 0.568334 1.065037
0.754716 1.000000 0.991037 1.348412 0.083682 0.114065 0.311984 0.425262 1.252835 0.924284 0.213551 -0.486327 0.638656 0.937856
0.811321 1.000000 1.170847 1.348412 0.098864 0.114065 0.368589 0.425262 1.287727 0.889190 1.074176 1.375517 0.668136 0.856667
0.849057 1.000000 1.290717 1.348412 0.108986 0.114065 0.406325 0.425262 1.311830 0.866850 0.237653 -0.508667 0.689672 0.808167
0.943398 0.935484 1.590396 1.143847 0.134291 0.096761 0.500666 0.360746 1.328582 0.781186 1.090928 1.289853 0.702475 0.624374
0.962264 0.870968 1.650327 0.939281 0.139351 0.079456 0.519532 0.296230 1.297897 0.735639 0.206969 -0.554215 0.673276 0.518209
0.981134 0.806452 1.710267 0.734715 0.144412 0.062151 0.538402 0.231714 1.270035 0.687988 1.063066 1.242203 0.649745 0.406414
1.000000 0.709676 1.770197 0.427859 0.149473 0.036194 0.557268 0.134938 1.226230 0.617190 0.163164 -0.625013 0.617905 0.237569
1.000000 0.516128 1.770197 -0.185839 0.149473 -0.015721 0.557268 -0.058610 1.125339 0.476466 0.962175 1.101479 0.562081 -0.104788
1.000000 0.451612 1.770197 -0.390405 0.149473 -0.033025 0.557268 -0.123126 1.097248 0.424193 0.135073 -0.677285 0.557339 -0.217452
0.962264 0.354835 1.650327 -0.697261 0.139351 -0.058983 0.519532 -0.219902 1.025603 0.353280 0.890529 1.030566 0.526915 -0.400404
0.943398 0.354835 1.590396 -0.697261 0.134291 -0.058983 0.500666 -0.219902 1.007922 0.359757 0.117393 -0.670809 0.508323 -0.413853
0.924528 0.387096 1.530457 -0.594971 0.129229 -0.050330 0.481797 -0.187642 1.002295 0.396519 0.884902 1.067328 0.484998 -0.371390
0.886793 0.548388 1.410587 -0.083548 0.119108 -0.007068 0.444061 -0.026349 1.042656 0.553836 0.157753 -0.513492 0.456457 -0.059268
0.886793 0.612904 1.410587 0.121018 0.119108 0.010237 0.444061 0.038167 1.077985 0.604760 0.920232 1.118252 0.475551 0.085738
0.886793 0.709676 1.410587 0.427859 0.119108 0.036194 0.444061 0.134938 1.135800 0.674907 0.215567 -0.443345 0.518121 0.295006
0.886793 0.838708 1.410587 0.836990 0.119108 0.070803 0.444061 0.263970 1.220587 0.757538 1.005019 1.200883 0.594968 0.536325
