0.035088 0.567568 -1.574878 -0.196214 -0.112227 -0.015717 -0.412281 -0.057738 0.568652 1.509054 0.568652 1.509054 0.429446 0.139141
0.052633 0.567568 -1.507857 -0.196214 -0.107451 -0.015717 -0.394736 -0.057738 0.570004 1.478327 0.001352 -0.030727 0.412631 0.145241
0.070175 0.567568 -1.440846 -0.196214 -0.102676 -0.015717 -0.377193 -0.057738 0.571890 1.447779 0.570539 1.478506 0.395882 0.151895
0.087720 0.567568 -1.373825 -0.196214 -0.097900 -0.015717 -0.359648 -0.057738 0.574307 1.417455 0.003769 -0.061051 0.379203 0.159183
0.105263 0.567568 -1.306814 -0.196214 -0.093124 -0.015717 -0.342106 -0.057738 0.577247 1.387417 0.573478 1.448468 0.362608 0.167198
0.122808 0.567568 -1.239794 -0.196214 -0.088348 -0.015717 -0.324561 -0.057738 0.580703 1.357706 0.007224 -0.090762 0.346104 0.176055
0.140353 0.567568 -1.172773 -0.196214 -0.083572 -0.015717 -0.307016 -0.057738 0.584665 1.328372 0.577440 1.419134 0.329707 0.185892
0.157895 0.594593 -1.105762 -0.104375 -0.078797 -0.008361 -0.289473 -0.030714 0.615201 1.311235 0.037761 -0.107899 0.324761 0.105706
0.175441 0.648647 -1.038741 0.079318 -0.074021 0.006353 -0.271928 0.023340 0.671954 1.306645 0.634194 1.414544 0.338316 -0.085623
0.175441 0.675676 -1.038741 0.171172 -0.074021 0.013711 -0.271928 0.050369 0.698082 1.316754 0.063888 -0.097789 0.355062 -0.183155
0.157895 0.702701 -1.105762 0.263011 -0.078797 0.021067 -0.289473 0.077394 0.720222 1.349770 0.656335 1.447559 0.385992 -0.261252
0.157895 0.729730 -1.105762 0.354864 -0.078797 0.028425 -0.289473 0.104423 0.746617 1.357706 0.090283 -0.089853 0.404380 -0.346207
0.122808 0.729730 -1.239794 0.354864 -0.088348 0.028425 -0.324561 0.104423 0.739992 1.404067 0.649709 1.493919 0.430195 -0.311278
0.105263 0.729730 -1.306814 0.354864 -0.093124 0.028425 -0.342106 0.104423 0.737283 1.427536 0.087574 -0.066384 0.443581 -0.296254
0.070175 0.729730 -1.440846 0.354864 -0.102676 0.028425 -0.377193 0.104423 0.733097 1.474925 0.645523 1.541309 0.471172 -0.270079
0.052633 0.729730 -1.507857 0.354864 -0.107451 0.028425 -0.394736 0.104423 0.731626 1.498795 0.086103 -0.042514 0.485329 -0.258616
0.017545 0.675676 -1.641888 0.171172 -0.117002 0.013711 -0.429823 0.050369 0.675904 1.544835 0.589801 1.587349 0.486696 -0.116654
0.000000 0.594593 -1.708909 -0.104375 -0.121778 -0.008361 -0.447369 -0.030714 0.594593 1.570796 0.004792 -0.016553 0.470971 0.068546
0.000000 0.513515 -1.708909 -0.379907 -0.121778 -0.030431 -0.447369 -0.111792 0.513515 1.570796 0.508722 1.587349 0.452232 0.244874
0.000000 0.432432 -1.708909 -0.655453 -0.121778 -0.052502 -0.447369 -0.192875 0.432432 1.570796 -0.076291 -0.016553 0.447618 0.407054
0.000000 0.324324 -1.708909 -1.022838 -0.121778 -0.081930 -0.447369 -0.300983 0.324324 1.570796 0.400614 1.587349 0.463981 0.592227
0.035088 0.243241 -1.574878 -1.298384 -0.112227 -0.104002 -0.412281 -0.382066 0.245758 1.427534 -0.154856 -0.159815 0.460048 0.747379
0.070175 0.162162 -1.440846 -1.573917 -0.102676 -0.126072 -0.377193 -0.463145 0.176695 1.162382 0.331551 1.322197 0.472882 0.887326
0.105263 0.108108 -1.306814 -1.757609 -0.093124 -0.140786 -0.342106 -0.517199 0.150889 0.798732 -0.180661 -0.523465 0.481803 0.986408
0.157895 0.054054 -1.105762 -1.941302 -0.078797 -0.155500 -0.289473 -0.571253 0.166892 0.329835 0.347553 0.853300 0.488355 1.101776
0.210528 0.000000 -0.904710 -2.124995 -0.064470 -0.170214 -0.236840 -0.625307 0.210528 0.000000 -0.137025 -0.853300 0.506194 1.208734
0.315791 0.000000 -0.502615 -2.124995 -0.035817 -0.170214 -0.131578 -0.625307 0.315791 0.000000 0.452816 0.853300 0.466317 1.363401
0.368421 0.000000 -0.301573 -2.124995 -0.021490 -0.170214 -0.078948 -0.625307 0.368421 0.000000 -0.084395 -0.853300 0.454281 1.445207
0.403508 0.054054 -0.167542 -1.941302 -0.011939 -0.155500 -0.043860 -0.571253 0.407113 0.133167 0.491508 0.986467 0.395753 1.494168
0.438596 0.108108 -0.033510 -1.757609 -0.002388 -0.140786 -0.008772 -0.517199 0.451723 0.241669 -0.039784 -0.744798 0.339374 1.553836
0.473684 0.189187 0.100521 -1.482077 0.007163 -0.118716 0.026315 -0.436120 0.510066 0.379984 0.549851 1.124783 0.259519 -1.510530
0.491229 0.270270 0.167542 -1.206531 0.011939 -0.096644 0.043860 -0.355037 0.560671 0.502990 0.010820 -0.621793 0.182449 -1.447882
0.508771 0.351349 0.234553 -0.930999 0.016714 -0.074574 0.061403 -0.273958 0.618299 0.604378 0.607480 1.226170 0.113974 -1.350309
0.508771 0.432432 0.234553 -0.655453 0.016714 -0.052502 0.061403 -0.192875 0.667716 0.704467 0.060237 -0.521704 0.063193 -1.262587
0.508771 0.486485 0.234553 -0.471760 0.016714 -0.037788 0.061403 -0.138821 0.703929 0.763010 0.643692 1.284714 0.072804 -1.154352
0.491229 0.594593 0.167542 -0.104375 0.011939 -0.008361 0.043860 -0.030714 0.771263 0.880307 0.127571 -0.404407 0.153619 -0.610900
0.473684 0.648647 0.100521 0.079318 0.007163 0.006353 0.026315 0.023340 0.803193 0.940047 0.675623 1.344453 0.202992 0.725563
0.456141 0.675676 0.033511 0.171172 0.002388 0.013711 0.008773 0.050369 0.815232 0.976986 0.139609 -0.367467 0.228476 1.398360
0.421054 0.675676 -0.100521 0.171172 -0.007163 0.013711 -0.026315 0.050369 0.796131 1.013522 0.656522 1.380989 0.229819 -1.089359
0.403508 0.702701 -0.167542 0.263011 -0.011939 0.021067 -0.043860 0.077394 0.810314 1.049545 0.153792 -0.331445 0.259072 -1.055216
0.368421 0.702701 -0.301573 0.263011 -0.021490 0.021067 -0.078948 0.077394 0.793425 1.087904 0.639633 1.419349 0.267259 -0.775463
0.368421 0.675676 -0.301573 0.171172 -0.021490 0.013711 -0.078948 0.050369 0.769592 1.071598 0.129960 -0.347751 0.241572 -0.567901
0.368421 0.648647 -0.301573 0.079318 -0.021490 0.006353 -0.078948 0.023340 0.745974 1.054251 0.616015 1.402002 0.216208 -0.287456
0.368421 0.621622 -0.301573 -0.012521 -0.021490 -0.001003 -0.078948 -0.003685 0.722598 1.035779 0.106584 -0.366223 0.191304 0.046637
0.368421 0.567568 -0.301573 -0.196214 -0.021490 -0.015717 -0.078948 -0.057738 0.676659 0.995039 0.570076 1.361262 0.143808 0.631459
0.385966 0.540539 -0.234552 -0.288067 -0.016714 -0.023074 -0.061403 -0.084767 0.664193 0.950710 0.094118 -0.410551 0.111584 0.943905
0.403508 0.513515 -0.167542 -0.379907 -0.011939 -0.030431 -0.043860 -0.111792 0.653082 0.904788 0.558964 1.315339 0.079366 1.196915
0.456141 0.459461 0.033511 -0.563599 0.002388 -0.045145 0.008773 -0.165846 0.647432 0.789023 0.088468 -0.526316 0.014939 -1.517949
0.491229 0.459461 0.167542 -0.563599 0.011939 -0.045145 0.043860 -0.165846 0.672614 0.751995 0.584146 1.278310 0.045497 -1.312252
0.508771 0.459461 0.234553 -0.563599 0.016714 -0.045145 0.061403 -0.165846 0.685531 0.734514 0.101385 -0.543797 0.062582 -1.216207
0.543859 0.486485 0.368584 -0.471760 0.026266 -0.037788 0.096490 -0.138821 0.729692 0.729772 0.628308 1.273569 0.104118 -0.963388
0.596492 0.567568 0.569637 -0.196214 0.040593 -0.015717 0.149123 -0.057738 0.823369 0.760557 0.195061 -0.513012 0.191535 -0.369412
0.614034 0.621622 0.636648 -0.012521 0.045368 -0.001003 0.166665 -0.003685 0.873757 0.791539 0.678696 1.304551 0.241126 -0.022104
0.614034 0.675676 0.636648 0.171172 0.045368 0.013711 0.166665 0.050369 0.913004 0.833157 0.234308 -0.471394 0.282669 0.293491
0.614034 0.729730 0.636648 0.354864 0.045368 0.028425 0.166665 0.104423 0.953700 0.871285 0.719393 1.342679 0.327880 0.559709
0.614034 0.837838 0.636648 0.722250 0.045368 0.057853 0.166665 0.212531 1.038754 0.938343 0.319362 -0.404336 0.424551 0.905769
0.578946 0.891892 0.502616 0.905943 0.035817 0.072567 0.131578 0.266585 1.063320 0.995039 0.743959 1.399375 0.463588 1.112308
0.561404 0.918917 0.435605 0.997782 0.031041 0.079923 0.114035 0.293610 1.076839 1.022371 0.332881 -0.377004 0.485141 1.200338
0.491229 0.972971 0.167542 1.181475 0.011939 0.094637 0.043860 0.347664 1.089944 1.103256 0.757064 1.480260 0.527429 1.445302
0.456141 1.000000 0.033511 1.273328 0.002388 0.101995 0.008773 0.374693 1.099120 1.142847 0.342056 -0.337413 0.552701 1.547388
0.438596 1.000000 -0.033510 1.273328 -0.002388 0.101995 -0.008772 0.374693 1.091955 1.157466 0.749899 1.494879 0.552701 -1.547388
0.403508 1.000000 -0.167542 1.273328 -0.011939 0.101995 -0.043860 0.374693 1.078341 1.187269 0.328442 -0.307610 0.554369 -1.454271
0.385966 1.000000 -0.234552 1.273328 -0.016714 0.101995 -0.061403 0.374693 1.071900 1.202446 0.743458 1.510057 0.556032 -1.408366
0.385966 0.972971 -0.234552 1.181475 -0.016714 0.094637 -0.061403 0.347664 1.046729 1.193148 0.303271 -0.316908 0.529177 -1.395985
0.385966 0.945946 -0.234552 1.089635 -0.016714 0.087281 -0.061403 0.320639 1.021657 1.183394 0.718386 1.500303 0.502344 -1.381587
0.438596 0.945946 -0.033510 1.089635 -0.002388 0.087281 -0.008772 0.320639 1.042679 1.136642 0.324293 -0.363661 0.498655 -1.543444
0.473684 0.945946 0.100521 1.089635 0.007163 0.087281 0.026315 0.320639 1.057918 1.106548 0.733624 1.470209 0.499271 1.488909
0.561404 0.972971 0.435605 1.181475 0.031041 0.094637 0.114035 0.347664 1.123320 1.047461 0.389695 -0.422748 0.537831 1.253849
0.614034 0.972971 0.636648 1.181475 0.045368 0.094637 0.166665 0.347664 1.150526 1.007828 0.760831 1.430576 0.551394 1.123775
0.649122 1.000000 0.770679 1.273328 0.054919 0.101995 0.201753 0.374693 1.192208 0.995039 0.431377 -0.435538 0.588308 1.076865
0.754387 1.000000 1.172784 1.273328 0.083573 0.101995 0.307018 0.374693 1.252637 0.924493 0.821260 1.360031 0.632188 0.884346
0.789475 0.972971 1.306815 1.181475 0.093124 0.094637 0.342106 0.347664 1.252973 0.889139 0.431713 -0.470892 0.627132 0.793456
0.859650 0.945946 1.574878 1.089635 0.112227 0.087281 0.412281 0.320639 1.278206 0.833156 0.846493 1.304048 0.646958 0.661007
0.894737 0.918917 1.708910 0.997782 0.121778 0.079923 0.447369 0.293610 1.282561 0.798729 0.436068 -0.505318 0.649998 0.580794
0.947367 0.864863 1.909952 0.814089 0.136104 0.065209 0.499999 0.239556 1.282768 0.739903 0.846700 1.245221 0.651384 0.446799
0.964912 0.837838 1.976973 0.722250 0.140880 0.057853 0.517544 0.212531 1.277900 0.715025 0.431200 -0.530196 0.648320 0.389657
1.000000 0.729730 2.111004 0.354864 0.150431 0.028425 0.552631 0.104423 1.237944 0.630402 0.806744 1.160598 0.620588 0.186755
1.000000 0.675676 2.111004 0.171172 0.150431 0.013711 0.552631 0.050369 1.206871 0.594214 0.400127 -0.566384 0.597935 0.090894
1.000000 0.621622 2.111004 -0.012521 0.150431 -0.001003 0.552631 -0.003685 1.177461 0.556167 0.777334 1.122550 0.579453 -0.006667
0.982455 0.540539 2.043983 -0.288067 0.145655 -0.023074 0.535086 -0.084767 1.121339 0.502991 0.344005 -0.619559 0.543137 -0.157113
0.929825 0.513515 1.842941 -0.379907 0.131329 -0.030431 0.482456 -0.111792 1.062201 0.504584 0.718196 1.124144 0.486970 -0.227697
0.912280 0.513515 1.775920 -0.379907 0.126553 -0.030431 0.464911 -0.111792 1.046877 0.512687 0.328681 -0.611457 0.469593 -0.235980
0.859650 0.567568 1.574878 -0.196214 0.112227 -0.015717 0.412281 -0.057738 1.030112 0.583535 0.701432 1.194992 0.429446 -0.139141
0.842105 0.594593 1.507857 -0.104375 0.107451 -0.008361 0.394736 -0.030714 1.030864 0.614795 0.329433 -0.580197 0.421298 -0.077651
0.842105 0.675676 1.507857 0.171172 0.107451 0.013711 0.394736 0.050369 1.079666 0.676182 0.750233 1.256379 0.456005 0.126917
0.859650 0.756755 1.574878 0.446704 0.112227 0.035781 0.412281 0.131448 1.145284 0.721828 0.395051 -0.534551 0.515457 0.308643
0.877192 0.810809 1.641889 0.630397 0.117002 0.050495 0.429824 0.185502 1.194520 0.746092 0.799469 1.280643 0.562883 0.407429
0.894737 0.837838 1.708910 0.722250 0.121778 0.057853 0.447369 0.212531 1.225776 0.752569 0.426308 -0.528074 0.593806 0.443505
