0.000000 0.264707 -1.451951 -0.917456 -0.089982 -0.055641 -0.426656 -0.263827 0.264707 1.570796 0.264707 1.570796 0.456359 0.553810
0.000000 0.294116 -1.451951 -0.815185 -0.089982 -0.049439 -0.426656 -0.234418 0.294116 1.570796 0.029409 0.000000 0.446769 0.502406
0.000000 0.323530 -1.451951 -0.712899 -0.089982 -0.043235 -0.426656 -0.205004 0.323530 1.570796 0.294121 1.570796 0.438943 0.447918
0.000000 0.294116 -1.451951 -0.815185 -0.089982 -0.049439 -0.426656 -0.234418 0.294116 1.570796 -0.000004 0.000000 0.446769 0.502406
0.000000 0.264707 -1.451951 -0.917456 -0.089982 -0.055641 -0.426656 -0.263827 0.264707 1.570796 0.264711 1.570796 0.456359 0.553810
0.000000 0.235293 -1.451951 -1.019742 -0.089982 -0.061845 -0.426656 -0.293241 0.235293 1.570796 -0.029418 0.000000 0.467606 0.602152
0.015626 0.235293 -1.398774 -1.019742 -0.086687 -0.061845 -0.411030 -0.293241 0.235811 1.504482 0.265230 1.504482 0.453393 0.619682
0.031250 0.205884 -1.345605 -1.122013 -0.083391 -0.068047 -0.395406 -0.322651 0.208242 1.420162 -0.056988 -0.084321 0.452865 0.684420
0.046876 0.205884 -1.292427 -1.122013 -0.080096 -0.068047 -0.379780 -0.322651 0.211153 1.346930 0.268141 1.431251 0.439288 0.704245
0.062500 0.205884 -1.239258 -1.122013 -0.076801 -0.068047 -0.364156 -0.322651 0.215161 1.276069 -0.052979 -0.155182 0.425853 0.725038
0.078126 0.205884 -1.186081 -1.122013 -0.073505 -0.068047 -0.348530 -0.322651 0.220208 1.208115 0.273188 1.363298 0.412570 0.746859
0.093750 0.235293 -1.132912 -1.019742 -0.070210 -0.061845 -0.332907 -0.293241 0.253282 1.191637 -0.019906 -0.171661 0.383988 0.722134
0.109376 0.264707 -1.079735 -0.917456 -0.066915 -0.055641 -0.317280 -0.263827 0.286414 1.178966 0.306319 1.350627 0.356222 0.693671
0.125000 0.294116 -1.026565 -0.815185 -0.063620 -0.049439 -0.301657 -0.234418 0.319577 1.168925 0.013257 -0.181702 0.329490 0.660622
0.125000 0.352944 -1.026565 -0.610613 -0.063620 -0.037032 -0.301657 -0.175590 0.374425 1.230418 0.361168 1.412119 0.310532 0.527143
0.125000 0.382353 -1.026565 -0.508342 -0.063620 -0.030830 -0.301657 -0.146181 0.402267 1.254827 0.041099 -0.157292 0.304892 0.451246
0.140626 0.411767 -0.973388 -0.406055 -0.060324 -0.024626 -0.286030 -0.116767 0.435118 1.241698 0.394019 1.398990 0.286418 0.387583
0.140626 0.441177 -0.973388 -0.303784 -0.060324 -0.018424 -0.286030 -0.087357 0.463047 1.262226 0.069028 -0.136764 0.286399 0.296416
0.140626 0.500000 -0.973388 -0.099227 -0.060324 -0.006018 -0.286030 -0.028534 0.519399 1.296627 0.450371 1.433391 0.295284 0.099430
0.125000 0.500000 -1.026565 -0.099227 -0.063620 -0.006018 -0.301657 -0.028534 0.515388 1.325818 0.065017 -0.107573 0.310445 0.094311
0.125000 0.529414 -1.026565 0.003059 -0.063620 0.000186 -0.301657 0.000880 0.543971 1.338933 0.478954 1.446506 0.318678 -0.002916
0.109376 0.529414 -1.079735 0.003059 -0.066915 0.000186 -0.317280 0.000880 0.540594 1.367065 0.061641 -0.079442 0.333506 -0.002773
0.093750 0.529414 -1.132912 0.003059 -0.070210 0.000186 -0.332907 0.000880 0.537650 1.395531 0.476010 1.474973 0.348405 -0.002642
0.078126 0.529414 -1.186081 0.003059 -0.073505 0.000186 -0.348530 0.000880 0.535147 1.424283 0.059137 -0.050690 0.363363 -0.002524
0.078126 0.500000 -1.186081 -0.099227 -0.073505 -0.006018 -0.348530 -0.028534 0.506067 1.415798 0.446929 1.466487 0.356164 0.081688
0.062500 0.470591 -1.239258 -0.201498 -0.076801 -0.012220 -0.364156 -0.057944 0.474723 1.438758 0.027793 -0.027730 0.366797 0.157794
0.062500 0.441177 -1.239258 -0.303784 -0.076801 -0.018424 -0.364156 -0.087357 0.445582 1.430067 0.417788 1.457796 0.364446 0.235441
0.062500 0.382353 -1.239258 -0.508342 -0.076801 -0.030830 -0.364156 -0.146181 0.387428 1.408768 -0.030361 -0.049028 0.366841 0.381732
0.062500 0.352944 -1.239258 -0.610613 -0.076801 -0.037032 -0.364156 -0.175590 0.358435 1.395532 0.388796 1.444560 0.371542 0.449293
0.062500 0.294116 -1.239258 -0.815185 -0.076801 -0.049439 -0.364156 -0.234418 0.300684 1.361411 -0.088112 -0.083149 0.387526 0.571954
0.062500 0.264707 -1.239258 -0.917456 -0.076801 -0.055641 -0.364156 -0.263827 0.271985 1.338933 0.360097 1.422082 0.398544 0.626973
0.062500 0.205884 -1.239258 -1.122013 -0.076801 -0.068047 -0.364156 -0.322651 0.215161 1.276069 -0.144936 -0.146014 0.425853 0.725038
0.078126 0.147060 -1.186081 -1.326570 -0.073505 -0.080453 -0.348530 -0.381474 0.166525 1.082462 0.311461 1.228475 0.446819 0.830495
0.093750 0.088237 -1.132912 -1.531128 -0.070210 -0.092859 -0.332907 -0.440297 0.128743 0.755116 -0.182717 -0.473359 0.474715 0.923406
0.109376 0.058823 -1.079735 -1.633414 -0.066915 -0.099062 -0.317280 -0.469711 0.124190 0.493435 0.306908 0.966794 0.485765 0.976717
0.125000 0.029414 -1.026565 -1.735685 -0.063620 -0.105265 -0.301657 -0.499120 0.128414 0.231107 -0.178494 -0.735687 0.498797 1.027165
0.140626 0.029414 -0.973388 -1.735685 -0.060324 -0.105265 -0.286030 -0.499120 0.143669 0.206191 0.322163 0.941878 0.489505 1.050414
0.171876 0.000000 -0.867042 -1.837971 -0.053733 -0.111468 -0.254781 -0.528534 0.171876 0.000000 -0.150287 -0.941878 0.496939 1.121611
0.187500 0.000000 -0.813873 -1.837971 -0.050438 -0.111468 -0.239157 -0.528534 0.187500 0.000000 0.337787 0.941878 0.489113 1.145873
0.218749 0.000000 -0.707526 -1.837971 -0.043848 -0.111468 -0.207907 -0.528534 0.218749 0.000000 -0.119038 -0.941878 0.474616 1.196023
0.281252 0.000000 -0.494825 -1.837971 -0.030666 -0.111468 -0.145405 -0.528534 0.281252 0.000000 0.400289 0.941878 0.450753 1.302329
0.328125 0.029414 -0.335310 -1.735685 -0.020780 -0.105265 -0.098531 -0.499120 0.329441 0.089403 -0.070848 -0.852475 0.409280 1.375893
0.359375 0.029414 -0.228963 -1.735685 -0.014190 -0.105265 -0.067281 -0.499120 0.360577 0.081665 0.431425 0.934140 0.402900 1.436805
0.406251 0.058823 -0.069440 -1.633414 -0.004303 -0.099062 -0.020405 -0.469711 0.410488 0.143796 -0.020937 -0.790344 0.368399 1.527382
0.437501 0.088237 0.036907 -1.531128 0.002287 -0.092859 0.010845 -0.440297 0.446311 0.199014 0.467248 0.989359 0.338593 -1.546170
0.468751 0.147060 0.143253 -1.326570 0.008878 -0.080453 0.042095 -0.381474 0.491278 0.304003 0.024031 -0.685356 0.282747 -1.460893
0.500001 0.176470 0.249599 -1.224300 0.015468 -0.074251 0.073345 -0.352064 0.530229 0.339290 0.506198 1.024646 0.260716 -1.365406
0.515625 0.205884 0.302769 -1.122013 0.018764 -0.068047 0.088969 -0.322651 0.555209 0.379894 0.049011 -0.644752 0.238025 -1.301739
0.546875 0.235293 0.409115 -1.019742 0.025354 -0.061845 0.120219 -0.293241 0.595344 0.406309 0.546334 1.051062 0.225992 -1.181729
0.562501 0.264707 0.462292 -0.917456 0.028650 -0.055641 0.135845 -0.263827 0.621673 0.439843 0.075339 -0.611218 0.211380 -1.095300
0.578125 0.294116 0.515461 -0.815185 0.031945 -0.049439 0.151469 -0.234418 0.648639 0.470617 0.573300 1.081835 0.201270 -0.997134
0.593751 0.352944 0.568639 -0.610613 0.035240 -0.037032 0.167095 -0.175590 0.690731 0.536315 0.117431 -0.545520 0.182631 -0.810184
0.593751 0.382353 0.568639 -0.508342 0.035240 -0.030830 0.167095 -0.146181 0.706211 0.572119 0.588780 1.117640 0.172868 -0.718738
0.593751 0.411767 0.568639 -0.406055 0.035240 -0.024626 0.167095 -0.116767 0.722560 0.606351 0.133780 -0.511288 0.167757 -0.609925
0.593751 0.441177 0.568639 -0.303784 0.035240 -0.018424 0.167095 -0.087357 0.739714 0.639027 0.605934 1.150316 0.167724 -0.481722
0.593751 0.470591 0.568639 -0.201498 0.035240 -0.012220 0.167095 -0.057944 0.757625 0.670195 0.151691 -0.480120 0.172774 -0.333795
0.593751 0.500000 0.568639 -0.099227 0.035240 -0.006018 0.167095 -0.028534 0.776235 0.699892 0.624544 1.180012 0.182483 -0.169135
0.578125 0.500000 0.515461 -0.099227 0.031945 -0.006018 0.151469 -0.028534 0.764348 0.713061 0.139804 -0.466951 0.168291 -0.186201
0.578125 0.529414 0.515461 0.003059 0.031945 0.000186 0.151469 0.000880 0.783905 0.741445 0.644101 1.208397 0.183035 0.005808
0.562501 0.558823 0.462292 0.105330 0.028650 0.006388 0.135845 0.030289 0.792900 0.782118 0.148799 -0.426278 0.189531 0.219380
0.546875 0.588237 0.409115 0.207616 0.025354 0.012591 0.120219 0.059703 0.803178 0.821821 0.654379 1.248099 0.201397 0.460940
0.531251 0.588237 0.355946 0.207616 0.022059 0.012591 0.104595 0.059703 0.792623 0.836258 0.138244 -0.411841 0.192480 0.518674
0.531251 0.617647 0.355946 0.309887 0.022059 0.018794 0.104595 0.089112 0.814687 0.860455 0.676443 1.272297 0.217755 0.705641
0.500001 0.617647 0.249599 0.309887 0.015468 0.018794 0.073345 0.089112 0.794662 0.890274 0.118219 -0.382023 0.204589 0.882151
0.484375 0.617647 0.196422 0.309887 0.012173 0.018794 0.057719 0.089112 0.784924 0.905747 0.666705 1.287771 0.199521 0.996034
0.468751 0.617647 0.143253 0.309887 0.008878 0.018794 0.042095 0.089112 0.775381 0.921604 0.108675 -0.366167 0.195574 1.129487
0.437501 0.588237 0.036907 0.207616 0.002287 0.012591 0.010845 0.059703 0.733096 0.931307 0.624421 1.297474 0.161944 1.391106
0.421875 0.558823 -0.016271 0.105330 -0.001008 0.006388 -0.004781 0.030289 0.700187 0.924144 0.075766 -0.373330 0.132253 -1.414239
0.406251 0.529414 -0.069440 0.003059 -0.004303 0.000186 -0.020405 0.000880 0.667322 0.916277 0.591556 1.289606 0.104764 -0.043085
0.406251 0.500000 -0.069440 -0.099227 -0.004303 -0.006018 -0.020405 -0.028534 0.644236 0.888478 0.052680 -0.401128 0.076129 0.950006
0.390625 0.470591 -0.122617 -0.201498 -0.007599 -0.012220 -0.036031 -0.057944 0.611591 0.877984 0.558911 1.279113 0.056820 1.014480
0.390625 0.441177 -0.122617 -0.303784 -0.007599 -0.018424 -0.036031 -0.087357 0.589258 0.846097 0.030347 -0.433016 0.038847 1.179599
0.390625 0.411767 -0.122617 -0.406055 -0.007599 -0.024626 -0.036031 -0.116767 0.567574 0.811741 0.537227 1.244757 0.038986 1.271494
0.390625 0.352944 -0.122617 -0.610613 -0.007599 -0.037032 -0.036031 -0.175590 0.526458 0.734765 -0.010770 -0.509991 0.082047 1.368406
0.406251 0.323530 -0.069440 -0.712899 -0.004303 -0.043235 -0.020405 -0.205004 0.519338 0.672529 0.530108 1.182520 0.105125 1.471589
0.421875 0.323530 -0.016271 -0.712899 -0.001008 -0.043235 -0.004781 -0.205004 0.531649 0.654221 0.001541 -0.528300 0.103237 1.547479
0.437501 0.294116 0.036907 -0.815185 0.002287 -0.049439 0.010845 -0.234418 0.527173 0.591868 0.525632 1.120167 0.132983 -1.524566
0.468751 0.294116 0.143253 -0.815185 0.008878 -0.049439 0.042095 -0.234418 0.553382 0.560357 0.027750 -0.559811 0.139064 -1.393118
0.500001 0.323530 0.249599 -0.712899 0.015468 -0.043235 0.073345 -0.205004 0.595544 0.574305 0.567794 1.134115 0.126548 -1.227214
0.515625 0.323530 0.302769 -0.712899 0.018764 -0.043235 0.088969 -0.205004 0.608721 0.560361 0.040927 -0.573754 0.136200 -1.161340
0.546875 0.382353 0.409115 -0.508342 0.025354 -0.030830 0.120219 -0.146181 0.667283 0.610162 0.626356 1.183917 0.128122 -0.882547
0.562501 0.411767 0.462292 -0.406055 0.028650 -0.024626 0.135845 -0.116767 0.697108 0.631900 0.070752 -0.552016 0.136658 -0.710019
0.593751 0.470591 0.568639 -0.201498 0.035240 -0.012220 0.167095 -0.057944 0.757625 0.670195 0.686873 1.222212 0.172774 -0.333795
0.593751 0.500000 0.568639 -0.099227 0.035240 -0.006018 0.167095 -0.028534 0.776235 0.699892 0.089362 -0.522320 0.182483 -0.169135
0.609375 0.558823 0.621808 0.105330 0.038535 0.006388 0.182718 0.030289 0.826814 0.742152 0.737452 1.264472 0.225509 0.164275
0.609375 0.647060 0.621808 0.412173 0.038535 0.024997 0.182718 0.118526 0.888833 0.815383 0.151381 -0.449089 0.286294 0.575448
0.609375 0.676470 0.621808 0.514444 0.038535 0.031200 0.182718 0.147936 0.910466 0.837531 0.759085 1.286619 0.309504 0.680590
0.609375 0.735293 0.621808 0.719002 0.038535 0.043606 0.182718 0.206759 0.954983 0.878769 0.195898 -0.407851 0.358668 0.847045
0.593751 0.764707 0.568639 0.821288 0.035240 0.049809 0.167095 0.236173 0.968151 0.910586 0.772253 1.318436 0.377093 0.955048
0.562501 0.794116 0.462292 0.923559 0.028650 0.056011 0.135845 0.265582 0.973154 0.954498 0.200901 -0.363939 0.391766 1.097993
0.515625 0.852940 0.302769 1.128116 0.018764 0.068417 0.088969 0.324405 0.996682 1.027055 0.795781 1.390994 0.435469 1.303126
0.468751 0.911763 0.143253 1.332673 0.008878 0.080823 0.042095 0.383229 1.025202 1.095920 0.229421 -0.295073 0.486930 1.461392
0.437501 0.911763 0.036907 1.332673 0.002287 0.080823 0.010845 0.383229 1.011296 1.123405 0.781875 1.418479 0.485228 1.542505
0.390625 0.941177 -0.122617 1.434959 -0.007599 0.087027 -0.036031 0.412643 1.019020 1.177393 0.237145 -0.241086 0.515781 -1.483699
0.359375 0.941177 -0.228963 1.434959 -0.014190 0.087027 -0.067281 0.412643 1.007454 1.206046 0.770309 1.447132 0.518901 -1.409170
0.343752 0.941177 -0.282133 1.434959 -0.017485 0.087027 -0.082905 0.412643 1.001987 1.220613 0.231678 -0.226518 0.521157 -1.372524
0.328125 0.911763 -0.335310 1.332673 -0.020780 0.080823 -0.098531 0.383229 0.969009 1.225347 0.737331 1.451865 0.495012 -1.319140
0.296875 0.911763 -0.441656 1.332673 -0.027371 0.080823 -0.129781 0.383229 0.958878 1.256016 0.221547 -0.195849 0.502167 -1.244267
0.265626 0.882353 -0.548003 1.230402 -0.033962 0.074621 -0.161031 0.353819 0.921469 1.278384 0.699922 1.474233 0.483312 -1.143692
0.249999 0.852940 -0.601180 1.128116 -0.037257 0.068417 -0.176657 0.324405 0.888823 1.285679 0.188901 -0.188554 0.461438 -1.072143
0.249999 0.823530 -0.601180 1.025845 -0.037257 0.062215 -0.176657 0.294996 0.860640 1.276067 0.671739 1.464621 0.434415 -1.031227
0.265626 0.823530 -0.548003 1.025845 -0.033962 0.062215 -0.161031 0.294996 0.865309 1.258786 0.193569 -0.205835 0.428299 -1.071126
0.281252 0.823530 -0.494825 1.025845 -0.030666 0.062215 -0.145405 0.294996 0.870232 1.241696 0.676663 1.447531 0.422672 -1.112842
0.296875 0.823530 -0.441656 1.025845 -0.027371 0.062215 -0.129781 0.294996 0.875407 1.224806 0.198744 -0.222725 0.417555 -1.156339
0.328125 0.852940 -0.335310 1.128116 -0.020780 0.068417 -0.098531 0.324405 0.913878 1.203549 0.715134 1.426274 0.437522 -1.275923
0.343752 0.852940 -0.282133 1.128116 -0.017485 0.068417 -0.082905 0.324405 0.919604 1.187689 0.204470 -0.238585 0.434270 -1.320593
0.390625 0.882353 -0.122617 1.230402 -0.007599 0.074621 -0.036031 0.353819 0.964954 1.154023 0.760484 1.392607 0.457119 -1.469312
0.453125 0.882353 0.090076 1.230402 0.005582 0.074621 0.026469 0.353819 0.991902 1.096374 0.231418 -0.296233 0.456465 1.496127
0.515625 0.911763 0.302769 1.332673 0.018764 0.080823 0.088969 0.383229 1.047464 1.056112 0.816046 1.352345 0.493198 1.342682
0.546875 0.941177 0.409115 1.434959 0.025354 0.087027 0.120219 0.412643 1.088525 1.044424 0.272479 -0.307921 0.528378 1.287305
0.609375 0.941177 0.621808 1.434959 0.038535 0.087027 0.182718 0.412643 1.121228 0.996208 0.848748 1.304129 0.546001 1.153945
0.671875 0.970586 0.834501 1.537230 0.051717 0.093229 0.245218 0.442052 1.180446 0.965300 0.331698 -0.338829 0.596650 1.064331
0.734374 0.970586 1.047193 1.537230 0.064898 0.093229 0.307718 0.442052 1.217104 0.923066 0.885407 1.261895 0.624940 0.962684
0.750001 1.000000 1.100371 1.639517 0.068194 0.099432 0.323344 0.471466 1.250000 0.927295 0.364593 -0.334600 0.658236 0.969645
0.796877 1.000000 1.259894 1.639517 0.078080 0.099432 0.370220 0.471466 1.278676 0.897963 0.914083 1.232563 0.682485 0.905112
0.843750 1.000000 1.419410 1.639517 0.087965 0.099432 0.417094 0.471466 1.308402 0.869942 0.394319 -0.362621 0.709007 0.846513
0.890626 1.000000 1.578934 1.639517 0.097852 0.099432 0.463970 0.471466 1.339110 0.843184 0.944791 1.205805 0.737558 0.793411
0.921876 1.000000 1.685280 1.639517 0.104442 0.099432 0.495220 0.471466 1.360094 0.826025 0.415303 -0.379780 0.757605 0.760830
0.953126 1.000000 1.791626 1.639517 0.111033 0.099432 0.526470 0.471466 1.381467 0.809393 0.966163 1.189173 0.778392 0.730336
0.968750 0.970586 1.844796 1.537230 0.114328 0.093229 0.542094 0.442052 1.371318 0.786345 0.405155 -0.402828 0.767936 0.684093
0.984376 0.941177 1.897973 1.434959 0.117624 0.087027 0.557720 0.412643 1.361914 0.762967 0.956759 1.165795 0.758804 0.636989
1.000000 0.911763 1.951142 1.332673 0.120919 0.080823 0.573344 0.383229 1.353260 0.739276 0.396501 -0.426519 0.751034 0.589209
1.000000 0.823530 1.951142 1.025845 0.120919 0.062215 0.573344 0.294996 1.295454 0.688925 0.898954 1.115444 0.697303 0.475195
1.000000 0.794116 1.951142 0.923559 0.120919 0.056011 0.573344 0.265582 1.276958 0.671143 0.378004 -0.444301 0.680992 0.433790
1.000000 0.676470 1.951142 0.514444 0.120919 0.031200 0.573344 0.147936 1.207316 0.594759 0.829312 1.039059 0.625404 0.252515
0.984376 0.647060 1.897973 0.412173 0.117624 0.024997 0.557720 0.118526 1.178000 0.581511 0.348688 -0.457548 0.599691 0.209404
0.921876 0.617647 1.685280 0.309887 0.104442 0.018794 0.495220 0.089112 1.109659 0.590299 0.760971 1.047847 0.530773 0.178040
0.890626 0.617647 1.578934 0.309887 0.097852 0.018794 0.463970 0.089112 1.083837 0.606348 0.322866 -0.441499 0.501743 0.189754
0.875000 0.647060 1.525756 0.412173 0.094556 0.024997 0.448344 0.118526 1.088261 0.636745 0.765395 1.078244 0.499590 0.258452
0.859377 0.705884 1.472587 0.616731 0.091261 0.037403 0.432720 0.177349 1.112115 0.687648 0.346720 -0.390596 0.514990 0.388967
0.875000 0.794116 1.525756 0.923559 0.094556 0.056011 0.448344 0.265582 1.181629 0.736977 0.834909 1.127573 0.579689 0.534785
0.875000 0.823530 1.525756 1.025845 0.094556 0.062215 0.448344 0.294996 1.201594 0.755105 0.366685 -0.372468 0.598766 0.581956
0.906250 0.882353 1.632103 1.230402 0.101147 0.074621 0.479594 0.353819 1.264847 0.772038 0.898162 1.144506 0.661567 0.635613
0.921876 0.911763 1.685280 1.332673 0.104442 0.080823 0.495220 0.383229 1.296598 0.779883 0.398436 -0.364624 0.693233 0.658595
