0.071428 0.425000 -1.280158 -0.565950 -0.102830 -0.044584 -0.377678 -0.163751 0.430961 1.404286 0.430961 1.404286 0.378446 0.409109
0.107143 0.425000 -1.159103 -0.565950 -0.093106 -0.044584 -0.341964 -0.163751 0.438298 1.323842 0.007337 -0.080444 0.342812 0.446588
0.124998 0.425000 -1.098580 -0.565950 -0.088245 -0.044584 -0.324108 -0.163751 0.443001 1.284749 0.435664 1.365192 0.325003 0.467827
0.142857 0.450002 -1.038048 -0.479539 -0.083382 -0.037777 -0.306249 -0.138749 0.472133 1.263401 0.036469 -0.101791 0.306251 0.425394
0.160713 0.475000 -0.977525 -0.393142 -0.078521 -0.030971 -0.288394 -0.113751 0.501451 1.244545 0.464982 1.346336 0.289554 0.375694
0.178571 0.500002 -0.916993 -0.306731 -0.073658 -0.024164 -0.270535 -0.088749 0.530933 1.227774 0.065950 -0.118562 0.275281 0.316987
0.178571 0.525000 -0.916993 -0.220334 -0.073658 -0.017357 -0.270535 -0.063751 0.554538 1.242937 0.488588 1.361498 0.280979 0.231425
0.178571 0.550002 -0.916993 -0.133924 -0.073658 -0.010550 -0.270535 -0.038749 0.578264 1.256860 0.089676 -0.104638 0.288737 0.142264
0.178571 0.575000 -0.916993 -0.047526 -0.073658 -0.003744 -0.270535 -0.013751 0.602090 1.269681 0.512413 1.374320 0.298393 0.050785
0.142857 0.600002 -1.038048 0.038884 -0.083382 0.003063 -0.306249 0.011251 0.616774 1.337054 0.104360 -0.037266 0.341406 -0.036721
0.124998 0.600002 -1.098580 0.038884 -0.088245 0.003063 -0.324108 0.011251 0.612884 1.365404 0.508523 1.402670 0.357513 -0.034699
0.089284 0.575000 -1.219635 -0.047526 -0.097969 -0.003744 -0.359822 -0.013751 0.581890 1.416750 0.073367 0.014080 0.381210 0.038198
0.071428 0.550002 -1.280158 -0.133924 -0.102830 -0.010550 -0.377678 -0.038749 0.554620 1.441650 0.481254 1.427570 0.390923 0.102241
0.035714 0.500002 -1.401213 -0.306731 -0.112554 -0.024164 -0.413392 -0.088749 0.501276 1.499489 0.020022 0.071920 0.416513 0.211475
0.017856 0.450002 -1.461745 -0.479539 -0.117416 -0.037777 -0.431250 -0.138749 0.450356 1.531138 0.430334 1.459218 0.431251 0.311277
0.017856 0.400002 -1.461745 -0.652347 -0.117416 -0.051390 -0.431250 -0.188749 0.400401 1.526187 -0.029933 0.066969 0.434037 0.412559
0.000000 0.325001 -1.522268 -0.911566 -0.122278 -0.071811 -0.449106 -0.263750 0.325001 1.570796 0.354934 1.503828 0.465938 0.531012
0.000000 0.275001 -1.522268 -1.084374 -0.122278 -0.085425 -0.449106 -0.313750 0.275001 1.570796 -0.079933 0.066969 0.481673 0.609792
0.035714 0.150003 -1.401213 -1.516387 -0.112554 -0.119458 -0.413392 -0.438748 0.154196 1.337059 0.234129 1.270090 0.510250 0.815145
0.071428 0.075002 -1.280158 -1.775605 -0.102830 -0.139878 -0.377678 -0.513749 0.103572 0.809796 -0.130557 -0.460294 0.531596 0.936873
0.107143 0.050000 -1.159103 -1.862016 -0.093106 -0.146685 -0.341964 -0.538751 0.118235 0.436627 0.248792 0.896921 0.525571 1.005228
0.160713 0.025002 -0.977525 -1.948413 -0.078521 -0.153492 -0.288394 -0.563749 0.162646 0.154331 -0.086146 -0.742590 0.512870 1.097940
0.214285 0.000000 -0.795938 -2.034824 -0.063935 -0.160299 -0.234821 -0.588751 0.214285 0.000000 0.300431 0.742590 0.506791 1.191285
0.267855 0.000000 -0.614360 -2.034824 -0.049349 -0.160299 -0.181251 -0.588751 0.267855 0.000000 -0.032576 -0.742590 0.484302 1.272147
0.339283 0.000000 -0.372250 -2.034824 -0.029901 -0.160299 -0.109823 -0.588751 0.339283 0.000000 0.371860 0.742590 0.462339 1.386381
0.464284 0.075002 0.051447 -1.775605 0.004133 -0.139878 0.015178 -0.513749 0.470303 0.160159 0.098444 -0.582431 0.374412 -1.541261
0.517857 0.125001 0.233035 -1.602797 0.018719 -0.126265 0.068751 -0.463749 0.532730 0.236851 0.434286 0.819282 0.331316 -1.423618
0.553571 0.175001 0.354090 -1.429990 0.028443 -0.112651 0.104465 -0.413750 0.580574 0.306190 0.146288 -0.513093 0.293337 -1.323481
0.589285 0.225001 0.475145 -1.257182 0.038167 -0.099038 0.140179 -0.363750 0.630780 0.364736 0.484492 0.877829 0.264336 -1.202963
0.607141 0.300003 0.535667 -0.997963 0.043028 -0.078617 0.158035 -0.288748 0.677216 0.458935 0.192725 -0.418894 0.217272 -1.070020
0.607141 0.350002 0.535667 -0.825155 0.043028 -0.065004 0.158035 -0.238748 0.700801 0.522943 0.508076 0.941837 0.186539 -0.986079
0.607141 0.400002 0.535667 -0.652347 0.043028 -0.051390 0.158035 -0.188749 0.727064 0.582557 0.218988 -0.359280 0.165488 -0.873734
0.607141 0.475000 0.535667 -0.393142 0.043028 -0.030971 0.158035 -0.113751 0.770873 0.663889 0.551885 1.023169 0.160142 -0.623879
0.589285 0.525000 0.475145 -0.220334 0.038167 -0.017357 0.140179 -0.063751 0.789229 0.727770 0.237343 -0.295399 0.159405 -0.426823
0.535713 0.575000 0.293557 -0.047526 0.023580 -0.003744 0.086607 -0.013751 0.785884 0.820754 0.548540 1.116153 0.152807 -0.157462
0.499999 0.600002 0.172502 0.038884 0.013856 0.003063 0.050892 0.011251 0.781025 0.876061 0.232485 -0.240093 0.159246 0.217569
0.482143 0.600002 0.111980 0.038884 0.008995 0.003063 0.033037 0.011251 0.769717 0.893883 0.537231 1.133975 0.154469 0.328233
0.446429 0.575000 -0.009075 -0.047526 -0.000729 -0.003744 -0.002677 -0.013751 0.727958 0.910613 0.190727 -0.223362 0.125922 1.378492
0.428570 0.575000 -0.069608 -0.047526 -0.005591 -0.003744 -0.020536 -0.013751 0.717145 0.930284 0.526418 1.153646 0.127557 0.590038
0.410715 0.550002 -0.130130 -0.133924 -0.010453 -0.010550 -0.038392 -0.038749 0.686432 0.929378 0.160013 -0.224269 0.107953 0.790032
0.392856 0.525000 -0.190663 -0.220334 -0.015315 -0.017357 -0.056250 -0.063751 0.655714 0.928386 0.495701 1.152655 0.094467 0.847823
0.392856 0.475000 -0.190663 -0.393142 -0.015315 -0.030971 -0.056250 -0.113751 0.616410 0.879769 0.120709 -0.272886 0.061924 1.111556
0.410715 0.450002 -0.130130 -0.479539 -0.010453 -0.037777 -0.038392 -0.138749 0.609252 0.831012 0.488543 1.103898 0.038402 1.300851
0.428570 0.425000 -0.069608 -0.565950 -0.005591 -0.044584 -0.020536 -0.163751 0.603571 0.781216 0.115028 -0.322682 0.031667 1.446038
0.446429 0.425000 -0.009075 -0.565950 -0.000729 -0.044584 -0.002677 -0.163751 0.616380 0.760813 0.501352 1.083495 0.024254 1.554447
0.499999 0.450002 0.172502 -0.479539 0.013856 -0.037777 0.050892 -0.138749 0.672682 0.732819 0.171330 -0.350676 0.050900 -1.219238
0.517857 0.475000 0.233035 -0.393142 0.018719 -0.030971 0.068751 -0.113751 0.702710 0.742260 0.531380 1.092936 0.073465 -1.027148
0.535713 0.500002 0.293557 -0.306731 0.023580 -0.024164 0.086607 -0.088749 0.732796 0.750932 0.201416 -0.342004 0.100454 -0.797614
0.553571 0.550002 0.354090 -0.133924 0.028443 -0.010550 0.104465 -0.038749 0.780348 0.782164 0.578932 1.124167 0.145234 -0.355197
0.571427 0.674999 0.414612 0.298090 0.033304 0.023483 0.122321 0.086249 0.884394 0.868303 0.305462 -0.255864 0.256885 0.614141
0.571427 0.724999 0.414612 0.470898 0.033304 0.037096 0.122321 0.136248 0.923121 0.903307 0.617659 1.159171 0.301793 0.839210
0.571427 0.800001 0.414612 0.730116 0.033304 0.057517 0.122321 0.211250 0.983123 0.950549 0.365464 -0.208622 0.371604 1.045936
0.517857 0.900000 0.233035 1.075732 0.018719 0.084744 0.068751 0.311250 1.038353 1.048664 0.672889 1.257286 0.456106 1.353400
0.482143 0.950000 0.111980 1.248540 0.008995 0.098357 0.033037 0.361249 1.065346 1.101152 0.392457 -0.156135 0.501982 1.479599
0.428570 0.975002 -0.069608 1.334950 -0.005591 0.105164 -0.020536 0.386251 1.065036 1.156660 0.672579 1.312794 0.526297 -1.517679
0.357142 1.000000 -0.311718 1.421348 -0.025039 0.111971 -0.091964 0.411249 1.061862 1.227773 0.389283 -0.085021 0.558517 -1.350794
0.321428 1.000000 -0.432773 1.421348 -0.034763 0.111971 -0.127678 0.411249 1.050388 1.259799 0.661106 1.344820 0.565496 -1.269766
0.303569 1.000000 -0.493305 1.421348 -0.039625 0.111971 -0.145537 0.411249 1.045062 1.276068 0.383956 -0.068751 0.569794 -1.230660
0.267855 0.975002 -0.614360 1.334950 -0.049349 0.105164 -0.181251 0.386251 1.011126 1.302688 0.627170 1.371439 0.556254 -1.132044
0.303569 0.975002 -0.493305 1.334950 -0.039625 0.105164 -0.145537 0.386251 1.021168 1.268957 0.393998 -0.102482 0.545662 -1.210454
0.339283 0.975002 -0.372250 1.334950 -0.029901 0.105164 -0.109823 0.386251 1.032348 1.235920 0.638350 1.338402 0.537241 -1.293777
0.375000 0.975002 -0.251185 1.334950 -0.020177 0.105164 -0.074106 0.386251 1.044631 1.203623 0.406281 -0.134779 0.531091 -1.381241
0.446429 0.975002 -0.009075 1.334950 -0.000729 0.105164 -0.002677 0.386251 1.072347 1.141413 0.666066 1.276193 0.525903 -1.563864
0.571427 1.000000 0.414612 1.421348 0.033304 0.111971 0.122321 0.411249 1.151750 1.051651 0.485685 -0.224541 0.564311 1.281692
0.642855 1.000000 0.656723 1.421348 0.052752 0.111971 0.193749 0.411249 1.188807 0.999460 0.703123 1.224001 0.583972 1.130516
0.714284 1.000000 0.898833 1.421348 0.072200 0.111971 0.265178 0.411249 1.228902 0.950548 0.525780 -0.273453 0.611394 0.998078
0.821426 1.000000 1.261998 1.421348 0.101371 0.111971 0.372320 0.411249 1.294118 0.883126 0.768338 1.156580 0.664911 0.835039
0.874999 1.000000 1.443585 1.421348 0.115958 0.111971 0.425893 0.411249 1.328768 0.851967 0.560429 -0.304613 0.696325 0.767908
0.946427 0.950000 1.685695 1.248540 0.135405 0.098357 0.497321 0.361249 1.340979 0.787282 0.780550 1.091895 0.705849 0.628219
0.982142 0.900000 1.806750 1.075732 0.145129 0.084744 0.533035 0.311250 1.332142 0.741783 0.551592 -0.350111 0.698163 0.528511
1.000000 0.824999 1.867282 0.816514 0.149992 0.064323 0.550894 0.236248 1.296388 0.689799 0.744796 1.039911 0.666918 0.405123
1.000000 0.800001 1.867282 0.730116 0.149992 0.057517 0.550894 0.211250 1.280625 0.674741 0.535829 -0.365169 0.653155 0.366174
0.982142 0.724999 1.806750 0.470898 0.145129 0.037096 0.533035 0.136248 1.220748 0.635895 0.684919 1.001064 0.600203 0.250250
0.964286 0.700001 1.746227 0.384500 0.140268 0.030290 0.515180 0.111250 1.191574 0.627916 0.506655 -0.373148 0.573026 0.212679
0.910713 0.700001 1.564640 0.384500 0.125681 0.030290 0.461607 0.111250 1.148651 0.655318 0.641996 1.028466 0.525385 0.236497
0.892855 0.724999 1.504108 0.470898 0.120819 0.037096 0.443749 0.136248 1.150136 0.682016 0.508140 -0.346450 0.522522 0.297903
0.892855 0.824999 1.504108 0.816514 0.120819 0.064323 0.443749 0.236248 1.215653 0.745918 0.707513 1.092368 0.581557 0.489224
0.892855 0.850001 1.504108 0.902924 0.120819 0.071130 0.443749 0.261250 1.232757 0.760815 0.525244 -0.331554 0.598021 0.532094
0.910713 0.925002 1.564640 1.162142 0.125681 0.091551 0.461607 0.336251 1.298086 0.793182 0.772842 1.124736 0.662992 0.629557
0.928572 0.950000 1.625172 1.248540 0.130544 0.098357 0.479465 0.361249 1.328437 0.796805 0.555595 -0.327931 0.693384 0.645700
