0.000000 0.193548 -1.385685 -1.292523 -0.130353 -0.104489 -0.464015 -0.371946 0.193548 1.570796 0.193548 1.570796 0.537087 0.675704
0.025002 0.193548 -1.311022 -1.292523 -0.123329 -0.104489 -0.439014 -0.371946 0.195156 1.442331 0.001608 -0.128465 0.515641 0.702884
0.075002 0.161292 -1.161708 -1.404612 -0.109283 -0.113550 -0.389014 -0.404202 0.177878 1.135535 0.176270 1.264000 0.492923 0.804543
0.125001 0.161292 -1.012394 -1.404612 -0.095237 -0.113550 -0.339014 -0.404202 0.204060 0.911487 0.027791 -0.352513 0.454502 0.872885
0.149999 0.161292 -0.937743 -1.404612 -0.088215 -0.113550 -0.314016 -0.404202 0.220261 0.821660 0.192471 1.174173 0.436173 0.910313
0.175001 0.193548 -0.863080 -1.292523 -0.081191 -0.104489 -0.289014 -0.371946 0.260933 0.835679 0.068463 -0.338494 0.395831 0.910218
0.175001 0.258064 -0.863080 -1.068328 -0.081191 -0.086364 -0.289014 -0.307430 0.311805 0.974899 0.243342 1.313392 0.354888 0.816264
0.175001 0.290324 -0.863080 -0.956222 -0.081191 -0.077302 -0.289014 -0.275170 0.338989 1.028336 0.095647 -0.285056 0.337191 0.760864
0.149999 0.290324 -0.937743 -0.956222 -0.088215 -0.077302 -0.314016 -0.275170 0.326784 1.093908 0.231138 1.378964 0.358852 0.719561
0.100000 0.290324 -1.087057 -0.956222 -0.102261 -0.077302 -0.364016 -0.275170 0.307064 1.239082 0.075926 -0.139882 0.403331 0.647284
0.050000 0.225808 -1.236371 -1.180417 -0.116307 -0.095426 -0.414016 -0.339686 0.231278 1.352886 0.155352 1.492769 0.477652 0.687096
0.050000 0.161292 -1.236371 -1.404612 -0.116307 -0.113550 -0.414016 -0.404202 0.168864 1.270195 0.013513 -0.222573 0.512884 0.773404
0.050000 0.129032 -1.236371 -1.516718 -0.116307 -0.122613 -0.414016 -0.436462 0.138381 1.201112 0.124868 1.423686 0.532562 0.811785
0.100000 0.064516 -1.087057 -1.740913 -0.102261 -0.140737 -0.364016 -0.500978 0.119005 0.572967 -0.005863 -0.850719 0.540469 0.942433
0.225001 0.000000 -0.713766 -1.965107 -0.067145 -0.158861 -0.239014 -0.565494 0.225001 0.000000 0.230864 0.850719 0.521956 1.170905
0.375000 0.000000 -0.265824 -1.965107 -0.025006 -0.158861 -0.089015 -0.565494 0.375000 0.000000 0.144137 -0.850719 0.472476 1.414667
0.425000 0.000000 -0.116510 -1.965107 -0.010960 -0.158861 -0.039015 -0.565494 0.425000 0.000000 0.280863 0.850719 0.465653 1.501913
0.525000 0.064516 0.182118 -1.740913 0.017132 -0.140737 0.060985 -0.500978 0.528949 0.122275 0.248086 -0.728444 0.404127 -1.449661
0.600002 0.161292 0.406094 -1.404612 0.038202 -0.113550 0.135986 -0.404202 0.621303 0.262612 0.373217 0.991056 0.331864 -1.246260
0.625000 0.258064 0.480746 -1.068328 0.045224 -0.086364 0.160984 -0.307430 0.676181 0.391580 0.302964 -0.599477 0.261404 -1.088412
0.625000 0.290324 0.480746 -0.956222 0.045224 -0.077302 0.160984 -0.275170 0.689139 0.434862 0.386175 1.034339 0.236822 -1.041452
0.625000 0.354840 0.480746 -0.732027 0.045224 -0.059178 0.160984 -0.210654 0.718704 0.516365 0.332530 -0.517974 0.194512 -0.918261
0.600002 0.354840 0.406094 -0.732027 0.038202 -0.059178 0.135986 -0.210654 0.697075 0.534071 0.364545 1.052045 0.174389 -0.997560
0.550002 0.354840 0.256780 -0.732027 0.024156 -0.059178 0.085986 -0.210654 0.654533 0.572967 0.289988 -0.479079 0.138971 -1.183251
0.525000 0.322580 0.182118 -0.844133 0.017132 -0.068240 0.060985 -0.242914 0.616184 0.550968 0.326196 1.030047 0.154023 -1.324826
0.500002 0.290324 0.107466 -0.956222 0.010109 -0.077302 0.035987 -0.275170 0.578178 0.526067 0.251982 -0.503979 0.177380 -1.440755
0.550002 0.290324 0.256780 -0.956222 0.024156 -0.077302 0.085986 -0.275170 0.621924 0.485687 0.369942 0.989666 0.193810 -1.267925
0.575000 0.290324 0.331432 -0.956222 0.031178 -0.077302 0.110984 -0.275170 0.644137 0.467570 0.274195 -0.522097 0.206122 -1.187422
0.575000 0.354840 0.331432 -0.732027 0.031178 -0.059178 0.110984 -0.210654 0.675675 0.552908 0.401480 1.075005 0.155681 -1.085895
0.600002 0.483872 0.406094 -0.283638 0.038202 -0.022929 0.135986 -0.081622 0.770801 0.678663 0.369321 -0.396342 0.137428 -0.540582
0.575000 0.580644 0.331432 0.052646 0.031178 0.004256 0.110984 0.015150 0.817173 0.790282 0.447852 1.186624 0.160996 0.135666
0.525000 0.677420 0.182118 0.388947 0.017132 0.031443 0.060985 0.111926 0.857043 0.911487 0.409191 -0.275137 0.221948 1.071905
0.475000 0.741936 0.032804 0.613142 0.003086 0.049567 0.010985 0.176442 0.880962 1.001329 0.471771 1.276467 0.278138 1.508620
0.425000 0.774192 -0.116510 0.725231 -0.010960 0.058628 -0.039015 0.208698 0.883175 1.068752 0.411404 -0.207715 0.312620 -1.385984
0.399998 0.806452 -0.191173 0.837336 -0.017984 0.067691 -0.064017 0.240958 0.900202 1.110356 0.488798 1.318070 0.348369 -1.311119
0.349999 0.806452 -0.340487 0.837336 -0.032030 0.067691 -0.114017 0.240958 0.879127 1.161329 0.390329 -0.156741 0.360919 -1.128834
0.325001 0.838708 -0.415138 0.949425 -0.039053 0.076752 -0.139015 0.273214 0.899475 1.201111 0.509146 1.357852 0.399649 -1.100123
0.299999 0.838708 -0.489801 0.949425 -0.046076 0.076752 -0.164017 0.273214 0.890747 1.227286 0.381600 -0.130566 0.409018 -1.030139
0.275001 0.838708 -0.564452 0.949425 -0.053099 0.076752 -0.189015 0.273214 0.882641 1.253956 0.501041 1.384522 0.419667 -0.965582
0.225001 0.838708 -0.713766 0.949425 -0.067145 0.076752 -0.239014 0.273214 0.868364 1.308697 0.367323 -0.075826 0.444435 -0.852065
0.199999 0.838708 -0.788429 0.949425 -0.074168 0.076752 -0.264016 0.273214 0.862224 1.336707 0.494901 1.412533 0.458365 -0.802517
0.149999 0.838708 -0.937743 0.949425 -0.088215 0.076752 -0.314016 0.273214 0.852015 1.393821 0.357114 -0.018711 0.488877 -0.716027
0.125001 0.838708 -1.012394 0.949425 -0.095237 0.076752 -0.339014 0.273214 0.847972 1.422845 0.490857 1.441556 0.505297 -0.678332
0.149999 0.838708 -0.937743 0.949425 -0.088215 0.076752 -0.314016 0.273214 0.852015 1.393821 0.361158 -0.047734 0.488877 -0.716027
0.175001 0.870968 -0.863080 1.061531 -0.081191 0.085815 -0.289014 0.305474 0.888375 1.372509 0.527217 1.420244 0.499139 -0.813079
0.275001 0.870968 -0.564452 1.061531 -0.053099 0.085815 -0.189015 0.305474 0.913351 1.264961 0.386134 -0.155283 0.448706 -1.016698
0.399998 0.903224 -0.191173 1.173620 -0.017984 0.094876 -0.064017 0.337730 0.987832 1.153899 0.601698 1.309182 0.443849 -1.383468
0.475000 0.903224 0.032804 1.173620 0.003086 0.094876 0.010985 0.337730 1.020509 1.086649 0.418811 -0.222533 0.439346 1.538283
0.650001 0.935484 0.555408 1.285726 0.052248 0.103939 0.185986 0.369990 1.139137 0.963549 0.720325 1.186082 0.506827 1.105008
0.700001 0.967744 0.704722 1.397832 0.066294 0.113002 0.235986 0.402251 1.194375 0.944582 0.474049 -0.241500 0.556266 1.040241
0.750001 0.967744 0.854036 1.397832 0.080340 0.113002 0.285986 0.402251 1.224349 0.911487 0.750300 1.152987 0.579250 0.952750
0.774999 0.967744 0.928688 1.397832 0.087363 0.113002 0.310984 0.402251 1.239820 0.895549 0.489520 -0.257438 0.591991 0.912669
0.774999 1.000000 0.928688 1.509921 0.087363 0.122063 0.310984 0.434506 1.265157 0.911487 0.775638 1.168925 0.619670 0.949599
0.800001 1.000000 1.003350 1.509921 0.094386 0.122063 0.335985 0.434506 1.280625 0.896055 0.504988 -0.272870 0.632587 0.912575
0.800001 0.967744 1.003350 1.397832 0.094386 0.113002 0.335985 0.402251 1.255600 0.880006 0.750612 1.152876 0.605499 0.874920
0.774999 0.967744 0.928688 1.397832 0.087363 0.113002 0.310984 0.402251 1.239820 0.895549 0.489208 -0.257327 0.591991 0.912669
0.774999 0.870968 0.928688 1.061531 0.087363 0.085815 0.310984 0.305474 1.165851 0.843638 0.676643 1.100965 0.512173 0.776461
0.750001 0.774192 0.854036 0.725231 0.080340 0.058628 0.285986 0.208698 1.077903 0.801268 0.401259 -0.299697 0.421897 0.630414
0.800001 0.709676 1.003350 0.501036 0.094386 0.040504 0.335985 0.144182 1.069411 0.725639 0.668152 1.025335 0.416215 0.405364
0.874999 0.677420 1.227316 0.388947 0.115455 0.031443 0.410983 0.111926 1.106581 0.658807 0.438428 -0.366528 0.463086 0.265889
0.950000 0.709676 1.451292 0.501036 0.136525 0.040504 0.485985 0.144182 1.185808 0.641596 0.747379 1.008123 0.544546 0.288408
1.000000 0.774192 1.600606 0.725231 0.150571 0.058628 0.535985 0.208698 1.264663 0.658805 0.517284 -0.349319 0.619265 0.371311
1.000000 0.870968 1.600606 1.061531 0.150571 0.085815 0.535985 0.305474 1.326117 0.716542 0.808833 1.065860 0.672971 0.518016
0.950000 0.935484 1.451292 1.285726 0.136525 0.103939 0.485985 0.369990 1.333278 0.777699 0.524445 -0.288161 0.677100 0.650707
0.900000 0.967744 1.301978 1.397832 0.122479 0.113002 0.435985 0.402251 1.321563 0.821653 0.797118 1.109814 0.666203 0.745175
0.874999 0.967744 1.227316 1.397832 0.115455 0.113002 0.410983 0.402251 1.304665 0.835686 0.507547 -0.274128 0.650116 0.774660
