0.000000 0.517240 -1.286497 -0.109932 -0.106274 -0.008869 -0.380568 -0.031762 0.517240 1.570796 0.517240 1.570796 0.404365 0.083266
0.000000 0.482760 -1.286497 -0.229274 -0.106274 -0.018498 -0.380568 -0.066242 0.482760 1.570796 -0.034480 0.000000 0.394049 0.172334
0.019232 0.448274 -1.221483 -0.348635 -0.100903 -0.028128 -0.361335 -0.100727 0.448687 1.527920 0.483167 1.527920 0.367624 0.271862
0.038461 0.448274 -1.156479 -0.348635 -0.095533 -0.028128 -0.342106 -0.100727 0.449921 1.485207 -0.033246 -0.042713 0.348742 0.286342
0.057694 0.413794 -1.091466 -0.467977 -0.090163 -0.037757 -0.322874 -0.135208 0.417797 1.432264 0.451042 1.474976 0.324579 0.396576
0.076923 0.413794 -1.026462 -0.467977 -0.084793 -0.037757 -0.303645 -0.135208 0.420883 1.386998 -0.030159 -0.087978 0.305457 0.418924
0.096155 0.413794 -0.961448 -0.467977 -0.079422 -0.037757 -0.284413 -0.135208 0.424819 1.342474 0.454978 1.430453 0.286347 0.443768
0.115384 0.413794 -0.896444 -0.467977 -0.074053 -0.037757 -0.265183 -0.135208 0.429580 1.298859 -0.025398 -0.131594 0.267257 0.471508
0.115384 0.482760 -0.896444 -0.229274 -0.074053 -0.018498 -0.265183 -0.066242 0.496357 1.336188 0.521756 1.467781 0.284193 0.244787
0.115384 0.517240 -0.896444 -0.109932 -0.074053 -0.008869 -0.265183 -0.031762 0.529954 1.351313 0.008198 -0.116468 0.298331 0.119204
0.115384 0.551726 -0.896444 0.009428 -0.074053 0.000761 -0.265183 0.002724 0.563662 1.364634 0.555464 1.481103 0.315622 -0.010271
0.096155 0.586206 -0.961448 0.128770 -0.079422 0.010389 -0.284413 0.037204 0.594040 1.408215 0.038576 -0.072888 0.350967 -0.130072
0.076923 0.586206 -1.026462 0.128770 -0.084793 0.010389 -0.303645 0.037204 0.591231 1.440320 0.552655 1.513208 0.366725 -0.121917
0.057694 0.586206 -1.091466 0.128770 -0.090163 0.010389 -0.322874 0.037204 0.589038 1.472694 0.036383 -0.040514 0.382799 -0.114722
0.038461 0.586206 -1.156479 0.128770 -0.095533 0.010389 -0.342106 0.037204 0.587466 1.505279 0.551084 1.545794 0.399154 -0.108324
0.019232 0.551726 -1.221483 0.009428 -0.100903 0.000761 -0.361335 0.002724 0.552061 1.535952 0.000977 -0.009842 0.399823 -0.007538
0.019232 0.517240 -1.221483 -0.109932 -0.100903 -0.008869 -0.361335 -0.031762 0.517598 1.533631 0.516620 1.543473 0.386319 0.087675
0.019232 0.448274 -1.221483 -0.348635 -0.100903 -0.028128 -0.361335 -0.100727 0.448687 1.527920 -0.067934 -0.015553 0.367624 0.271862
0.019232 0.379309 -1.221483 -0.587337 -0.100903 -0.047387 -0.361335 -0.169693 0.379796 1.520137 0.447730 1.535689 0.361338 0.439056
0.019232 0.344828 -1.221483 -0.706679 -0.100903 -0.057015 -0.361335 -0.204173 0.345364 1.515081 -0.102365 -0.020609 0.363099 0.514326
0.057694 0.206897 -1.091466 -1.184083 -0.090163 -0.095533 -0.322874 -0.342105 0.214790 1.298853 0.317156 1.319461 0.366618 0.814309
0.096155 0.137931 -0.961448 -1.422785 -0.079422 -0.114792 -0.284413 -0.411070 0.168139 0.962004 -0.149016 -0.357457 0.373849 0.965539
0.134616 0.103446 -0.831430 -1.542145 -0.068682 -0.124422 -0.245951 -0.445556 0.169772 0.655205 0.318789 1.012661 0.370524 1.066411
0.173078 0.034480 -0.701413 -1.780847 -0.057942 -0.143680 -0.207490 -0.514521 0.176479 0.196644 -0.142310 -0.816018 0.403520 1.187476
0.230769 0.000000 -0.506391 -1.900189 -0.041831 -0.153309 -0.149799 -0.549002 0.230769 0.000000 0.373078 0.816018 0.408988 1.304423
0.288462 0.000000 -0.311360 -1.900189 -0.025720 -0.153309 -0.092105 -0.549002 0.288462 0.000000 -0.084616 -0.816018 0.391555 1.404575
0.346156 0.000000 -0.116328 -1.900189 -0.009610 -0.153309 -0.034412 -0.549002 0.346156 0.000000 0.430772 0.816018 0.382120 1.508197
0.365385 0.000000 -0.051324 -1.900189 -0.004240 -0.153309 -0.015183 -0.549002 0.365385 0.000000 -0.065387 -0.816018 0.380870 1.543148
0.442308 0.103446 0.208711 -1.542145 0.017241 -0.124422 0.061740 -0.445556 0.454244 0.229748 0.519631 1.045766 0.283916 -1.433104
0.461540 0.172412 0.273725 -1.303443 0.022612 -0.105163 0.080972 -0.376590 0.492692 0.357505 -0.026939 -0.688261 0.223350 -1.359006
0.461540 0.206897 0.273725 -1.184083 0.022612 -0.095533 0.080972 -0.342105 0.505792 0.421419 0.532731 1.109680 0.191619 -1.338384
0.461540 0.275863 0.273725 -0.945381 0.022612 -0.076274 0.080972 -0.273139 0.537698 0.538727 0.004967 -0.570953 0.132362 -1.282598
0.461540 0.310343 0.273725 -0.826039 0.022612 -0.066646 0.080972 -0.238659 0.556176 0.591967 0.551209 1.162919 0.107182 -1.243702
0.423079 0.379309 0.143707 -0.587337 0.011871 -0.047387 0.042511 -0.169693 0.568217 0.730903 0.017008 -0.432017 0.042530 -1.325331
0.384617 0.413794 0.013689 -0.467977 0.001131 -0.037757 0.004050 -0.135208 0.564939 0.821926 0.547931 1.253942 0.033472 -1.540855
0.365385 0.448274 -0.051324 -0.348635 -0.004240 -0.028128 -0.015183 -0.100727 0.578322 0.886920 0.030391 -0.367022 0.069388 1.421193
0.346156 0.448274 -0.116328 -0.348635 -0.009610 -0.028128 -0.034412 -0.100727 0.566369 0.913240 0.535978 1.280262 0.075950 1.241594
0.326924 0.413794 -0.181342 -0.467977 -0.014980 -0.037757 -0.053644 -0.135208 0.527356 0.902144 -0.008622 -0.378119 0.063101 1.193092
0.326924 0.379309 -0.181342 -0.587337 -0.014980 -0.047387 -0.053644 -0.169693 0.500754 0.859438 0.509375 1.237557 0.053659 1.264613
0.326924 0.344828 -0.181342 -0.706679 -0.014980 -0.057015 -0.053644 -0.204173 0.475169 0.812046 -0.034206 -0.425511 0.064459 1.313866
0.346156 0.344828 -0.116328 -0.706679 -0.009610 -0.057015 -0.034412 -0.204173 0.488601 0.783477 0.522807 1.208988 0.049613 1.403823
0.346156 0.310343 -0.116328 -0.826039 -0.009610 -0.066646 -0.034412 -0.238659 0.464905 0.730901 -0.057902 -0.478087 0.078203 1.427595
0.384617 0.310343 0.013689 -0.826039 0.001131 -0.066646 0.004050 -0.238659 0.494210 0.678927 0.552111 1.157014 0.070341 -1.553830
0.403846 0.310343 0.078693 -0.826039 0.006501 -0.066646 0.023279 -0.238659 0.509318 0.655216 -0.042793 -0.501798 0.073982 -1.473564
0.423079 0.344828 0.143707 -0.706679 0.011871 -0.057015 0.042511 -0.204173 0.545804 0.683848 0.588598 1.185646 0.055538 -1.365519
0.442308 0.413794 0.208711 -0.467977 0.017241 -0.037757 0.061740 -0.135208 0.605691 0.752104 0.017094 -0.433542 0.070113 -1.142440
0.461540 0.448274 0.273725 -0.348635 0.022612 -0.028128 0.080972 -0.100727 0.643404 0.770819 0.626311 1.204360 0.105550 -0.893696
0.461540 0.517240 0.273725 -0.109932 0.022612 -0.008869 0.080972 -0.031762 0.693222 0.842245 0.066911 -0.362116 0.158858 -0.373810
0.480769 0.655172 0.338729 0.367472 0.027981 0.029648 0.100202 0.106170 0.812643 0.937740 0.745732 1.299856 0.292314 0.814309
0.461540 0.724137 0.273725 0.606174 0.022612 0.048907 0.080972 0.175135 0.858716 1.003354 0.112985 -0.296501 0.352982 1.137727
0.442308 0.793103 0.208711 0.844876 0.017241 0.068165 0.061740 0.244101 0.908102 1.062066 0.795117 1.358567 0.417130 1.323063
0.384617 0.862069 0.013689 1.083578 0.001131 0.087424 0.004050 0.313067 0.943977 1.151144 0.148860 -0.207424 0.481518 1.557862
0.346156 0.896554 -0.116328 1.202938 -0.009610 0.097054 -0.034412 0.347552 0.961058 1.202334 0.812198 1.409757 0.517133 -1.472106
0.307694 0.931034 -0.246346 1.322280 -0.020350 0.106683 -0.072873 0.382033 0.980561 1.251610 0.168363 -0.158147 0.555269 -1.382309
0.288462 0.931034 -0.311360 1.322280 -0.025720 0.106683 -0.092105 0.382033 0.974698 1.270346 0.806334 1.428493 0.558119 -1.334218
0.269233 0.965520 -0.376364 1.441640 -0.031090 0.116313 -0.111335 0.416518 1.002355 1.298857 0.196020 -0.129637 0.595453 -1.309604
0.288462 0.965520 -0.311360 1.441640 -0.025720 0.116313 -0.092105 0.416518 1.007690 1.280474 0.811670 1.410111 0.592159 -1.353167
0.346156 1.000000 -0.116328 1.560983 -0.009610 0.125942 -0.034412 0.450998 1.058217 1.237550 0.246548 -0.172561 0.620388 -1.494642
0.403846 1.000000 0.078693 1.560983 0.006501 0.125942 0.023279 0.450998 1.078467 1.186978 0.831920 1.359539 0.619870 1.519226
0.461540 1.000000 0.273725 1.560983 0.022612 0.125942 0.080972 0.450998 1.101372 1.138387 0.269452 -0.221152 0.624702 1.393149
0.634615 1.000000 0.858799 1.560983 0.070943 0.125942 0.254047 0.450998 1.184372 1.005313 0.914920 1.226464 0.669505 1.057799
0.711538 1.000000 1.118835 1.560983 0.092424 0.125942 0.330970 0.450998 1.227308 0.952369 0.312389 -0.274096 0.702309 0.937704
0.788461 1.000000 1.378870 1.560983 0.113904 0.125942 0.407893 0.450998 1.273448 0.903131 0.961060 1.177227 0.741669 0.835543
0.903848 0.965520 1.768933 1.441640 0.146126 0.116313 0.523280 0.416518 1.322562 0.818377 0.361502 -0.358850 0.784851 0.672282
0.942309 0.931034 1.898951 1.322280 0.156867 0.106683 0.561742 0.382033 1.324678 0.779380 0.963176 1.138230 0.786491 0.597235
0.980771 0.862069 2.028968 1.083578 0.167607 0.087424 0.600203 0.313067 1.305785 0.721074 0.342609 -0.417155 0.769472 0.480779
1.000000 0.827588 2.093972 0.964236 0.172977 0.077795 0.619432 0.278587 1.298038 0.691338 0.955429 1.108493 0.763887 0.422642
0.980771 0.758623 2.028968 0.725534 0.167607 0.058537 0.600203 0.209621 1.239927 0.658370 0.284498 -0.450123 0.709344 0.336006
0.942309 0.724137 1.898951 0.606174 0.156867 0.048907 0.561742 0.175135 1.188411 0.655218 0.903913 1.105341 0.658478 0.302222
0.884616 0.724137 1.703919 0.606174 0.140756 0.048907 0.504048 0.175135 1.143206 0.685974 0.239293 -0.419368 0.610004 0.334408
0.846154 0.724137 1.573901 0.606174 0.130015 0.048907 0.465587 0.175135 1.113711 0.707851 0.874418 1.127218 0.578629 0.359788
0.807693 0.793103 1.443884 0.844876 0.119275 0.068165 0.427125 0.244101 1.131981 0.776284 0.257562 -0.350934 0.593819 0.519198
0.788461 0.827588 1.378870 0.964236 0.113904 0.077795 0.407893 0.278587 1.143054 0.809605 0.885492 1.160539 0.605148 0.599218
0.788461 0.896554 1.378870 1.202938 0.113904 0.097054 0.407893 0.347552 1.193934 0.849460 0.308443 -0.311079 0.657738 0.705693
0.788461 0.931034 1.378870 1.322280 0.113904 0.106683 0.407893 0.382033 1.220039 0.868125 0.911596 1.179204 0.685121 0.752672
0.788461 0.965520 1.378870 1.441640 0.113904 0.116313 0.407893 0.416518 1.246555 0.886004 0.334958 -0.293200 0.713124 0.795860
