0.090910 0.354840 -0.997205 -0.587106 -0.092166 -0.052022 -0.302345 -0.170655 0.366301 1.319991 0.366301 1.319991 0.304776 0.513859
0.109090 0.354840 -0.937242 -0.587106 -0.086624 -0.052022 -0.284165 -0.170655 0.371231 1.272532 0.004930 -0.047459 0.286750 0.540822
0.127274 0.354840 -0.877270 -0.587106 -0.081081 -0.052022 -0.265982 -0.170655 0.376975 1.226411 0.372045 1.273870 0.268742 0.570449
0.127274 0.387096 -0.877270 -0.476137 -0.081081 -0.042189 -0.265982 -0.138399 0.407482 1.253140 0.035437 -0.020730 0.266053 0.479781
0.127274 0.419356 -0.877270 -0.365151 -0.081081 -0.032355 -0.265982 -0.106139 0.438244 1.276134 0.402807 1.296864 0.267259 0.379683
0.127274 0.483872 -0.877270 -0.143195 -0.081081 -0.012688 -0.265982 -0.041623 0.500331 1.313591 0.097524 0.016727 0.280994 0.155228
0.090910 0.483872 -0.997205 -0.143195 -0.092166 -0.012688 -0.302345 -0.041623 0.492338 1.385081 0.394815 1.368354 0.315633 0.136806
0.072727 0.516128 -1.057177 -0.032226 -0.097709 -0.002855 -0.320528 -0.009367 0.521227 1.430809 0.126412 0.062455 0.343273 0.029216
0.054547 0.516128 -1.117140 -0.032226 -0.103251 -0.002855 -0.338709 -0.009367 0.519002 1.465503 0.392590 1.403048 0.360307 0.027649
0.036363 0.451612 -1.177112 -0.254181 -0.108794 -0.022522 -0.356892 -0.073883 0.453073 1.490450 0.060483 0.087402 0.361631 0.204135
0.018183 0.419356 -1.237075 -0.365151 -0.114336 -0.032355 -0.375072 -0.106139 0.419750 1.527464 0.359267 1.440062 0.375979 0.275772
0.000000 0.354840 -1.297047 -0.587106 -0.119879 -0.052022 -0.393255 -0.170655 0.354840 1.570796 -0.004427 0.130735 0.395127 0.409430
0.000000 0.258064 -1.297047 -0.920048 -0.119879 -0.081523 -0.393255 -0.267431 0.258064 1.570796 0.262491 1.440062 0.415844 0.597207
0.036363 0.129032 -1.177112 -1.363958 -0.108794 -0.120856 -0.356892 -0.396463 0.134058 1.296103 -0.128433 -0.143959 0.444056 0.837876
0.072727 0.096776 -1.057177 -1.474928 -0.097709 -0.130689 -0.320528 -0.428719 0.121057 0.926339 0.249490 1.070298 0.436621 0.928805
0.181817 0.000000 -0.697371 -1.807869 -0.064454 -0.160190 -0.211438 -0.525495 0.181817 0.000000 -0.067673 -1.070298 0.446493 1.188257
0.254544 0.000000 -0.457501 -1.807869 -0.042284 -0.160190 -0.138711 -0.525495 0.254544 0.000000 0.322217 1.070298 0.417002 1.312720
0.309091 0.000000 -0.277594 -1.807869 -0.025656 -0.160190 -0.084164 -0.525495 0.309091 0.000000 -0.013126 -1.070298 0.402161 1.411983
0.363638 0.032260 -0.097686 -1.696883 -0.009029 -0.150356 -0.029618 -0.493235 0.365066 0.088484 0.378192 1.158782 0.362208 1.510820
0.400001 0.064516 0.022249 -1.585914 0.002056 -0.140523 0.006746 -0.460979 0.405171 0.159912 0.026979 -0.998870 0.328809 -1.556164
0.418181 0.129032 0.082212 -1.363958 0.007598 -0.120856 0.024926 -0.396463 0.437636 0.299287 0.410657 1.298157 0.265397 -1.508008
0.418181 0.193548 0.082212 -1.142003 0.007598 -0.101190 0.024926 -0.331947 0.460800 0.433474 0.050143 -0.864683 0.201257 -1.495846
0.418181 0.290324 0.082212 -0.809061 0.007598 -0.071689 0.024926 -0.235171 0.509081 0.606859 0.458939 1.471542 0.105906 -1.465199
0.400001 0.354840 0.022249 -0.587106 0.002056 -0.052022 0.006746 -0.170655 0.534708 0.725641 0.075769 -0.745901 0.039003 -1.531289
0.363638 0.419356 -0.097686 -0.365151 -0.009029 -0.032355 -0.029618 -0.106139 0.555060 0.856439 0.479291 1.602340 0.039477 1.298671
0.327274 0.451612 -0.217622 -0.254181 -0.020113 -0.022522 -0.065981 -0.073883 0.557729 0.943698 0.078438 -0.658642 0.088085 0.841835
0.272728 0.483872 -0.397529 -0.143195 -0.036741 -0.012688 -0.120528 -0.041623 0.555439 1.057545 0.477001 1.716187 0.150792 0.332515
0.236364 0.451612 -0.517464 -0.254181 -0.047826 -0.022522 -0.156891 -0.073883 0.509727 1.088621 0.032725 -0.627566 0.167393 0.440114
0.236364 0.419356 -0.517464 -0.365151 -0.047826 -0.032355 -0.156891 -0.106139 0.481381 1.057545 0.448656 1.685111 0.159048 0.594787
0.236364 0.387096 -0.517464 -0.476137 -0.047826 -0.042189 -0.156891 -0.138399 0.453554 1.022613 0.004898 -0.662498 0.157012 0.722856
0.254544 0.290324 -0.457501 -0.809061 -0.042284 -0.071689 -0.138711 -0.235171 0.386110 0.850971 0.381212 1.513469 0.172730 1.037887
0.290911 0.258064 -0.337557 -0.920048 -0.031198 -0.081523 -0.102345 -0.267431 0.388878 0.725636 0.007666 -0.787833 0.169562 1.205296
0.327274 0.258064 -0.217622 -0.920048 -0.020113 -0.081523 -0.065981 -0.267431 0.416780 0.667705 0.409114 1.455537 0.150434 1.328905
0.363638 0.258064 -0.097686 -0.920048 -0.009029 -0.081523 -0.029618 -0.267431 0.445903 0.617189 0.036789 -0.838349 0.138398 1.460497
0.400001 0.290324 0.022249 -0.809061 0.002056 -0.071689 0.006746 -0.235171 0.494256 0.627838 0.457467 1.466187 0.103152 -1.542120
0.436365 0.419356 0.142184 -0.365151 0.013141 -0.032355 0.043109 -0.106139 0.605206 0.765525 0.147738 -0.700662 0.050395 -1.184992
0.454545 0.516128 0.202147 -0.032226 0.018683 -0.002855 0.061290 -0.009367 0.687749 0.848757 0.540011 1.549419 0.137310 -0.151661
0.454545 0.580644 0.202147 0.189729 0.018683 0.016811 0.061290 0.055149 0.737400 0.906613 0.197389 -0.642805 0.197157 0.732709
0.418181 0.774197 0.082212 0.855612 0.007598 0.075813 0.024926 0.248702 0.879918 1.075548 0.682529 1.718353 0.381756 1.470905
0.381818 0.838713 -0.037723 1.077567 -0.003487 0.095480 -0.011437 0.313218 0.921533 1.143591 0.239004 -0.574762 0.445604 -1.534297
0.345454 0.870968 -0.157658 1.188537 -0.014571 0.105313 -0.047801 0.345473 0.936976 1.193196 0.697972 1.767958 0.480098 -1.433306
0.309091 0.935484 -0.277594 1.410492 -0.025656 0.124980 -0.084164 0.409989 0.985225 1.251681 0.287253 -0.516277 0.548722 -1.368325
0.290911 0.935484 -0.337557 1.410492 -0.031198 0.124980 -0.102345 0.409989 0.979673 1.269303 0.692421 1.785580 0.551803 -1.326168
0.272728 0.967744 -0.397529 1.521478 -0.036741 0.134814 -0.120528 0.442249 1.005440 1.296103 0.313019 -0.489477 0.586996 -1.304724
0.254544 0.967744 -0.457501 1.521478 -0.042284 0.134814 -0.138711 0.442249 1.000661 1.313594 0.687641 1.803071 0.590998 -1.266865
0.327274 0.967744 -0.217622 1.521478 -0.020113 0.134814 -0.065981 0.442249 1.021586 1.244688 0.333944 -0.558383 0.578266 -1.422694
0.363638 0.967744 -0.097686 1.521478 -0.009029 0.134814 -0.029618 0.442249 1.033809 1.211361 0.699865 1.769744 0.575252 -1.503925
0.436365 1.000000 0.142184 1.632448 0.013141 0.144646 0.043109 0.474505 1.091061 1.159339 0.391196 -0.610405 0.608274 1.480194
0.509092 1.000000 0.382054 1.632448 0.035311 0.144646 0.115836 0.474505 1.122129 1.099902 0.730933 1.710307 0.617703 1.331359
0.690909 1.000000 0.981730 1.632448 0.090736 0.144646 0.297654 0.474505 1.215465 0.966198 0.484532 -0.744109 0.675823 1.010550
0.781816 0.967744 1.281564 1.521478 0.118448 0.134814 0.388561 0.442249 1.244092 0.891272 0.759561 1.635381 0.693554 0.849930
0.854546 0.967744 1.521443 1.521478 0.140618 0.134814 0.461291 0.442249 1.291038 0.847437 0.531477 -0.787944 0.736768 0.764327
0.945453 0.935484 1.821277 1.410492 0.168330 0.124980 0.552198 0.409989 1.330042 0.780098 0.798565 1.568042 0.773909 0.638663
0.981817 0.870968 1.941212 1.188537 0.179415 0.105313 0.588561 0.345473 1.312459 0.725641 0.513894 -0.842401 0.758033 0.530790
1.000000 0.838713 2.001184 1.077567 0.184958 0.095480 0.606745 0.313218 1.305158 0.697904 0.791264 1.540305 0.752709 0.476544
0.981817 0.709681 1.941212 0.633657 0.179415 0.056146 0.588561 0.184186 1.211450 0.625880 0.420186 -0.914425 0.668229 0.303287
0.963637 0.645160 1.881249 0.411685 0.173873 0.036478 0.570381 0.119665 1.159667 0.589965 0.739481 1.504390 0.623531 0.206799
0.909090 0.612904 1.701342 0.300715 0.157245 0.026646 0.515835 0.087409 1.096401 0.593197 0.356920 -0.911193 0.560652 0.167858
0.890910 0.612904 1.641379 0.300715 0.151703 0.026646 0.497654 0.087409 1.081375 0.602595 0.724454 1.513789 0.543972 0.173869
0.854546 0.645160 1.521443 0.411685 0.140618 0.036478 0.461291 0.119665 1.070738 0.646677 0.346284 -0.867112 0.525590 0.253818
0.854546 0.677420 1.521443 0.522671 0.140618 0.046312 0.461291 0.151925 1.090480 0.670289 0.744196 1.537401 0.541792 0.318160
0.854546 0.741936 1.521443 0.744626 0.140618 0.065979 0.461291 0.216441 1.131688 0.714978 0.387492 -0.822423 0.578245 0.438712
