0.160000 0.209304 -0.873123 -1.109181 -0.071492 -0.077828 -0.281150 -0.306067 0.263454 0.918119 0.263454 0.918119 0.364415 0.827805
0.160000 0.186046 -0.873123 -1.193465 -0.071492 -0.083742 -0.281150 -0.329325 0.245383 0.860526 -0.018070 -0.057593 0.379636 0.864148
0.180001 0.186046 -0.811008 -1.193465 -0.066406 -0.083742 -0.261149 -0.329325 0.258870 0.801912 0.276940 0.859505 0.365071 0.900349
0.199999 0.186046 -0.748902 -1.193465 -0.061321 -0.083742 -0.241151 -0.329325 0.273154 0.749270 -0.003786 -0.110235 0.351043 0.938747
0.199999 0.209304 -0.748902 -1.109181 -0.061321 -0.077828 -0.241151 -0.306067 0.289496 0.808126 0.293282 0.918361 0.334524 0.903477
0.199999 0.232558 -0.748902 -1.024909 -0.061321 -0.071915 -0.241151 -0.282813 0.306729 0.860526 0.013447 -0.057835 0.318848 0.864746
0.199999 0.279069 -0.748902 -0.856352 -0.061321 -0.060088 -0.241151 -0.236302 0.343336 0.948973 0.329889 1.006808 0.290558 0.775243
0.160000 0.325581 -0.873123 -0.687795 -0.071492 -0.048261 -0.281150 -0.189790 0.362771 1.114030 0.032882 0.107222 0.303977 0.593783
0.140001 0.348838 -0.935229 -0.603510 -0.076577 -0.042347 -0.301149 -0.166532 0.375884 1.189140 0.343001 1.081918 0.314979 0.505136
0.100001 0.348838 -1.059450 -0.603510 -0.086749 -0.042347 -0.341149 -0.166532 0.362889 1.291614 0.019888 0.209696 0.353417 0.454125
0.080000 0.348838 -1.121565 -0.603510 -0.091835 -0.042347 -0.361150 -0.166532 0.357894 1.345363 0.338006 1.135666 0.372761 0.432060
0.060001 0.348838 -1.183671 -0.603510 -0.096920 -0.042347 -0.381149 -0.166532 0.353961 1.400460 0.015955 0.264794 0.392168 0.411926
0.020001 0.325581 -1.307892 -0.687795 -0.107091 -0.048261 -0.421148 -0.189790 0.326195 1.509440 0.310240 1.244647 0.436718 0.423393
0.000000 0.302327 -1.370007 -0.772067 -0.112177 -0.054174 -0.441150 -0.213044 0.302327 1.570796 -0.007913 0.326150 0.462477 0.449898
0.000000 0.279069 -1.370007 -0.856352 -0.112177 -0.060088 -0.441150 -0.236302 0.279069 1.570796 0.286982 1.244647 0.469982 0.491759
0.000000 0.232558 -1.370007 -1.024909 -0.112177 -0.071915 -0.441150 -0.282813 0.232558 1.570796 -0.054425 0.326150 0.487979 0.570080
0.000000 0.186046 -1.370007 -1.193465 -0.112177 -0.083742 -0.441150 -0.329325 0.186046 1.570796 0.240471 1.244647 0.509599 0.641266
0.020001 0.139535 -1.307892 -1.362022 -0.107091 -0.095569 -0.421148 -0.375836 0.140961 1.428422 -0.099510 0.183776 0.518013 0.728605
0.080000 0.069769 -1.121565 -1.614851 -0.091835 -0.113309 -0.361150 -0.445602 0.106149 0.717194 0.205659 0.533419 0.518028 0.889699
0.140001 0.023258 -0.935229 -1.783408 -0.076577 -0.125137 -0.301149 -0.492113 0.141920 0.164621 -0.063740 -0.368798 0.515097 1.021636
0.199999 0.000000 -0.748902 -1.867693 -0.061321 -0.131051 -0.241151 -0.515371 0.199999 0.000000 0.263739 0.368798 0.502759 1.133143
0.279999 0.000000 -0.500460 -1.867693 -0.040978 -0.131051 -0.161151 -0.515371 0.279999 0.000000 0.016260 -0.368798 0.469662 1.267739
0.360002 0.000000 -0.252008 -1.867693 -0.020635 -0.131051 -0.081148 -0.515371 0.360002 0.000000 0.343742 0.368798 0.448551 1.414623
0.420000 0.000000 -0.065681 -1.867693 -0.005378 -0.131051 -0.021150 -0.515371 0.420000 0.000000 0.076258 -0.368798 0.441657 1.529782
0.480002 0.000000 0.120655 -1.867693 0.009879 -0.131051 0.038852 -0.515371 0.480002 0.000000 0.403743 0.368798 0.442857 -1.495553
0.520001 0.046512 0.244876 -1.699136 0.020051 -0.119223 0.078852 -0.468859 0.522077 0.089208 0.118334 -0.279591 0.402439 -1.404178
0.540000 0.093023 0.306982 -1.530579 0.025136 -0.107396 0.098850 -0.422348 0.547954 0.170591 0.429619 0.450181 0.361889 -1.340886
0.560001 0.209304 0.369097 -1.109181 0.030222 -0.077828 0.118851 -0.306067 0.597837 0.357679 0.168218 -0.092502 0.260535 -1.200401
0.560001 0.279069 0.369097 -0.856352 0.030222 -0.060088 0.118851 -0.236302 0.625685 0.462316 0.457467 0.554818 0.200987 -1.104780
0.540000 0.348838 0.306982 -0.603510 0.025136 -0.042347 0.098850 -0.166532 0.642875 0.573556 0.185408 0.018738 0.135251 -1.035113
0.520001 0.418604 0.244876 -0.350681 0.020051 -0.024606 0.078852 -0.096767 0.667556 0.677786 0.482147 0.659048 0.082012 -0.887060
0.500000 0.465115 0.182761 -0.182124 0.014965 -0.012779 0.058850 -0.050255 0.682885 0.749268 0.200738 0.090221 0.063543 -0.706786
0.460000 0.488373 0.058540 -0.097840 0.004793 -0.006865 0.018850 -0.026998 0.670901 0.815307 0.470163 0.725086 0.050846 -0.961272
0.420000 0.511627 -0.065681 -0.013568 -0.005378 -0.000952 -0.021150 -0.003744 0.661938 0.883434 0.191775 0.158348 0.073582 0.175202
0.380000 0.511627 -0.189902 -0.013568 -0.015549 -0.000952 -0.061150 -0.003744 0.637309 0.931965 0.445534 0.773616 0.093307 0.061148
0.360002 0.488373 -0.252008 -0.097840 -0.020635 -0.006865 -0.081148 -0.026998 0.606720 0.935573 0.161187 0.161957 0.093888 0.321180
0.340000 0.488373 -0.314123 -0.097840 -0.025721 -0.006865 -0.101149 -0.026998 0.595070 0.962632 0.433883 0.800675 0.111630 0.260830
0.340000 0.465115 -0.314123 -0.182124 -0.025721 -0.012779 -0.101149 -0.050255 0.576136 0.939565 0.142253 0.138890 0.103950 0.461119
0.320002 0.441861 -0.376229 -0.266396 -0.030806 -0.018692 -0.121148 -0.073509 0.545567 0.944004 0.403314 0.805114 0.121150 0.545386
0.320002 0.418604 -0.376229 -0.350681 -0.030806 -0.024606 -0.121148 -0.096767 0.526907 0.918111 0.123593 0.112997 0.123228 0.673979
0.320002 0.395350 -0.376229 -0.434953 -0.030806 -0.030519 -0.121148 -0.120021 0.508628 0.890341 0.385036 0.777344 0.129516 0.780725
0.320002 0.372092 -0.376229 -0.519238 -0.030806 -0.036433 -0.121148 -0.143278 0.490769 0.860521 0.105733 0.083177 0.139448 0.868897
0.340000 0.372092 -0.314123 -0.519238 -0.025721 -0.036433 -0.101149 -0.143278 0.504037 0.830435 0.398304 0.747258 0.122475 0.956079
0.340000 0.348838 -0.314123 -0.603510 -0.025721 -0.042347 -0.101149 -0.166532 0.487123 0.798228 0.088819 0.050970 0.136940 1.024964
0.360002 0.348838 -0.252008 -0.603510 -0.020635 -0.042347 -0.081148 -0.166532 0.501288 0.769650 0.412469 0.718680 0.122908 1.117376
0.380000 0.348838 -0.189902 -0.603510 -0.015549 -0.042347 -0.061150 -0.166532 0.515838 0.742668 0.103369 0.023988 0.110728 1.218888
0.400002 0.348838 -0.127787 -0.603510 -0.010463 -0.042347 -0.041148 -0.166532 0.530744 0.717181 0.427376 0.693192 0.101067 1.328561
0.420000 0.348838 -0.065681 -0.603510 -0.005378 -0.042347 -0.021150 -0.166532 0.545975 0.693103 0.118599 -0.000089 0.094703 1.444472
0.440002 0.348838 -0.003566 -0.603510 -0.000292 -0.042347 -0.001148 -0.166532 0.561507 0.670342 0.442908 0.670431 0.092319 1.563902
0.460000 0.348838 0.058540 -0.603510 0.004793 -0.042347 0.018850 -0.166532 0.577311 0.648820 0.134404 -0.021611 0.094217 -1.458084
0.480002 0.348838 0.120655 -0.603510 0.009879 -0.042347 0.038852 -0.166532 0.593371 0.628451 0.458968 0.650062 0.100154 -1.341598
0.480002 0.372092 0.120655 -0.519238 0.009879 -0.036433 0.038852 -0.143278 0.607334 0.659429 0.148366 0.009367 0.079236 -1.306002
0.500000 0.395350 0.182761 -0.434953 0.014965 -0.030519 0.058850 -0.120021 0.637418 0.669044 0.489052 0.659677 0.074572 -1.114913
0.500000 0.488373 0.182761 -0.097840 0.014965 -0.006865 0.058850 -0.026998 0.698934 0.773635 0.209882 0.113957 0.075454 -0.430112
0.500000 0.534885 0.182761 0.070717 0.014965 0.004962 0.058850 0.019514 0.732190 0.819094 0.522308 0.705137 0.110678 0.320174
0.500000 0.581396 0.182761 0.239274 0.014965 0.016789 0.058850 0.066025 0.766826 0.860526 0.244518 0.155389 0.152093 0.842794
0.480002 0.697677 0.120655 0.660672 0.009879 0.046357 0.038852 0.182306 0.846850 0.968170 0.602332 0.812780 0.259452 1.360825
0.460000 0.744188 0.058540 0.829229 0.004793 0.058185 0.018850 0.228817 0.874881 1.017157 0.272549 0.204377 0.303624 1.488601
0.440002 0.790700 -0.003566 0.997786 -0.000292 0.070012 -0.001148 0.275329 0.904880 1.062998 0.632331 0.858621 0.349552 -1.566626
0.380000 0.860465 -0.189902 1.250615 -0.015549 0.087752 -0.061150 0.345095 0.940639 1.154931 0.308307 0.296310 0.423751 -1.395420
0.340000 0.883723 -0.314123 1.334900 -0.025721 0.093666 -0.101149 0.368352 0.946872 1.203517 0.638565 0.907207 0.453985 -1.302802
0.300001 0.930234 -0.438344 1.503457 -0.035892 0.105493 -0.141149 0.414864 0.977413 1.258827 0.338849 0.351621 0.509045 -1.242851
0.279999 0.930234 -0.500460 1.503457 -0.040978 0.105493 -0.161151 0.414864 0.971461 1.278424 0.632612 0.926803 0.514950 -1.200293
0.279999 0.953488 -0.500460 1.587729 -0.040978 0.111406 -0.161151 0.438118 0.993750 1.285168 0.361138 0.358365 0.537085 -1.218331
0.300001 0.976746 -0.438344 1.672013 -0.035892 0.117320 -0.141149 0.461375 1.021779 1.272799 0.660641 0.914434 0.553883 -1.273906
0.340000 0.976746 -0.314123 1.672013 -0.025721 0.117320 -0.101149 0.461375 1.034231 1.235820 0.373590 0.321385 0.545064 -1.354976
0.400002 0.976746 -0.127787 1.672013 -0.010463 0.117320 -0.041148 0.461375 1.055478 1.182106 0.681889 0.860721 0.537174 -1.481846
0.520001 1.000000 0.244876 1.756285 0.020051 0.123233 0.078852 0.484629 1.127121 1.091276 0.445232 0.230555 0.564385 1.409505
0.600001 1.000000 0.493318 1.756285 0.040393 0.123233 0.158851 0.484629 1.166191 1.030376 0.720959 0.799821 0.580988 1.254053
0.739999 1.000000 0.928088 1.756285 0.075993 0.123233 0.298849 0.484629 1.244025 0.933726 0.523067 0.133906 0.633738 1.018220
0.800001 1.000000 1.114424 1.756285 0.091250 0.123233 0.358851 0.484629 1.280625 0.896055 0.757559 0.762149 0.664144 0.933426
0.880000 1.000000 1.362866 1.756285 0.111593 0.123233 0.438850 0.484629 1.332066 0.849141 0.574508 0.086992 0.710565 0.834930
0.920000 1.000000 1.487087 1.756285 0.121764 0.123233 0.478850 0.484629 1.358823 0.827041 0.784315 0.740049 0.735942 0.791396
0.980002 1.000000 1.673423 1.756285 0.137021 0.123233 0.538852 0.484629 1.400144 0.795498 0.615829 0.055450 0.776321 0.732469
0.980002 0.976746 1.673423 1.672013 0.137021 0.117320 0.538852 0.461375 1.383631 0.783734 0.767803 0.728285 0.759753 0.708094
1.000000 0.930234 1.735529 1.503457 0.142107 0.105493 0.558850 0.414864 1.365773 0.749270 0.597970 0.020985 0.742642 0.638589
1.000000 0.906977 1.735529 1.419172 0.142107 0.099579 0.558850 0.391606 1.350040 0.736656 0.752069 0.715671 0.727536 0.611219
1.000000 0.883723 1.735529 1.334900 0.142107 0.093666 0.558850 0.368352 1.334528 0.723749 0.582459 0.008078 0.712870 0.582763
0.960000 0.837211 1.611308 1.166343 0.131935 0.081839 0.518850 0.321840 1.273783 0.717182 0.691324 0.709104 0.652741 0.555209
0.920000 0.813954 1.487087 1.082058 0.121764 0.075925 0.478850 0.298583 1.228382 0.724316 0.537058 0.015211 0.606861 0.557550
0.880000 0.790700 1.362866 0.997786 0.111593 0.070012 0.438850 0.275329 1.183050 0.731998 0.645992 0.716787 0.561048 0.560314
0.840000 0.790700 1.238645 0.997786 0.101421 0.070012 0.398851 0.275329 1.153606 0.755175 0.507614 0.038388 0.530346 0.604190
0.819999 0.813954 1.176530 1.082058 0.096335 0.075925 0.378849 0.298583 1.155387 0.781698 0.647773 0.743311 0.531516 0.667462
0.819999 0.860465 1.176530 1.250615 0.096335 0.087752 0.378849 0.345095 1.188612 0.809474 0.540839 0.066163 0.565112 0.738806
0.819999 0.883723 1.176530 1.334900 0.096335 0.093666 0.378849 0.368352 1.205556 0.822783 0.664717 0.756620 0.582578 0.771351
0.819999 0.930234 1.176530 1.503457 0.096335 0.105493 0.378849 0.414864 1.240054 0.848298 0.575338 0.091678 0.618652 0.830742
0.819999 0.953488 1.176530 1.587729 0.096335 0.111406 0.378849 0.438118 1.257592 0.860526 0.682255 0.768848 0.637195 0.857818
