0.120691 0.410256 -1.109019 -0.339848 -0.075697 -0.022415 -0.345596 -0.102337 0.427640 1.284684 0.427640 1.284684 0.350109 0.287890
0.137931 0.435899 -1.053696 -0.254691 -0.071921 -0.016798 -0.328356 -0.076694 0.457201 1.264337 0.029561 -0.020347 0.329759 0.229455
0.155173 0.461538 -0.998364 -0.169547 -0.068144 -0.011183 -0.311113 -0.051055 0.486925 1.246459 0.457364 1.266807 0.311150 0.162654
0.172413 0.512820 -0.943041 0.000755 -0.064368 0.000050 -0.293873 0.000227 0.541027 1.246462 0.083663 -0.020345 0.297535 -0.000773
0.172413 0.538462 -0.943041 0.085912 -0.064368 0.005666 -0.293873 0.025870 0.565392 1.260916 0.481729 1.281261 0.302607 -0.087805
0.172413 0.564101 -0.943041 0.171056 -0.064368 0.011282 -0.293873 0.051509 0.589862 1.274171 0.108133 -0.007090 0.309725 -0.173514
0.172413 0.589744 -0.943041 0.256213 -0.064368 0.016899 -0.293873 0.077152 0.614430 1.286370 0.506298 1.293460 0.318753 -0.256741
0.155173 0.615387 -0.998364 0.341370 -0.068144 0.022515 -0.311113 0.102795 0.634650 1.323790 0.128352 0.030330 0.344996 -0.319117
0.137931 0.615387 -1.053696 0.341370 -0.071921 0.022515 -0.328356 0.102795 0.630656 1.350304 0.502304 1.319974 0.360623 -0.303395
0.120691 0.615387 -1.109019 0.341370 -0.075697 0.022515 -0.345596 0.102795 0.627111 1.377133 0.124807 0.057159 0.376388 -0.289109
0.103448 0.615387 -1.164351 0.341370 -0.079473 0.022515 -0.362839 0.102795 0.624022 1.404251 0.499215 1.347092 0.392279 -0.276073
0.086208 0.615387 -1.219674 0.341370 -0.083250 0.022515 -0.380079 0.102795 0.621396 1.431615 0.122182 0.084523 0.408278 -0.264138
0.068965 0.615387 -1.275006 0.341370 -0.087026 0.022515 -0.397321 0.102795 0.619240 1.459194 0.497058 1.374671 0.424376 -0.253169
0.051725 0.589744 -1.330329 0.256213 -0.090802 0.016899 -0.414561 0.077152 0.592008 1.483312 0.094950 0.108641 0.432554 -0.184000
0.034483 0.589744 -1.385661 0.256213 -0.094579 0.016899 -0.431804 0.077152 0.590752 1.512392 0.495801 1.403751 0.449106 -0.176808
0.017240 0.564101 -1.440992 0.171056 -0.098356 0.011282 -0.449047 0.051509 0.564365 1.540244 0.068564 0.136493 0.459577 -0.114209
0.017240 0.538462 -1.440992 0.085912 -0.098356 0.005666 -0.449047 0.025870 0.538738 1.538790 0.470175 1.402297 0.454810 -0.057548
0.017240 0.512820 -1.440992 0.000755 -0.098356 0.000050 -0.449047 0.000227 0.513109 1.537191 0.042935 0.134893 0.451451 -0.000506
0.000000 0.487180 -1.496316 -0.084390 -0.102132 -0.005566 -0.466287 -0.025412 0.487180 1.570796 0.444246 1.435903 0.466755 0.054444
0.000000 0.435899 -1.496316 -0.254691 -0.102132 -0.016798 -0.466287 -0.076694 0.435899 1.570796 -0.008347 0.134893 0.467276 0.163018
0.000000 0.384617 -1.496316 -0.424993 -0.102132 -0.028031 -0.466287 -0.127976 0.384617 1.570796 0.392964 1.435903 0.473385 0.267861
0.000000 0.333335 -1.496316 -0.595294 -0.102132 -0.039263 -0.466287 -0.179258 0.333335 1.570796 -0.059629 0.134893 0.484871 0.367018
0.017240 0.256410 -1.440992 -0.850753 -0.098356 -0.056112 -0.449047 -0.256183 0.256989 1.503661 0.316618 1.368768 0.495673 0.518448
0.017240 0.205128 -1.440992 -1.021054 -0.098356 -0.067345 -0.449047 -0.307464 0.205851 1.486948 -0.110767 0.118180 0.519468 0.600387
0.034483 0.153846 -1.385661 -1.191356 -0.094579 -0.078577 -0.431804 -0.358746 0.157663 1.350303 0.268430 1.232122 0.532986 0.693246
0.068965 0.128207 -1.275006 -1.276500 -0.087026 -0.084193 -0.397321 -0.384385 0.145579 1.077273 -0.122851 -0.154849 0.521692 0.768851
0.086208 0.102564 -1.219674 -1.361657 -0.083250 -0.089809 -0.380079 -0.410028 0.133982 0.871826 0.256833 1.026676 0.526074 0.823286
0.137931 0.025643 -1.053696 -1.617103 -0.071921 -0.106658 -0.328356 -0.486949 0.140294 0.183813 -0.116539 -0.842863 0.549531 0.977519
0.155173 0.025643 -0.998364 -1.617103 -0.068144 -0.106658 -0.311113 -0.486949 0.157278 0.163773 0.273817 1.006636 0.539406 1.002262
0.189656 0.000000 -0.887709 -1.702260 -0.060591 -0.112274 -0.276631 -0.512592 0.189656 0.000000 -0.084161 -1.006636 0.542170 1.075918
0.258621 0.000000 -0.666399 -1.702260 -0.045485 -0.112274 -0.207665 -0.512592 0.258621 0.000000 0.342782 1.006636 0.510439 1.185877
0.275861 0.000000 -0.611076 -1.702260 -0.041709 -0.112274 -0.190425 -0.512592 0.275861 0.000000 -0.066921 -1.006636 0.503672 1.215102
0.310344 0.000000 -0.500421 -1.702260 -0.034156 -0.112274 -0.155943 -0.512592 0.310344 0.000000 0.377265 1.006636 0.491672 1.275469
0.327587 0.025643 -0.445089 -1.617103 -0.030380 -0.106658 -0.138700 -0.486949 0.328589 0.078119 -0.048676 -0.928517 0.461957 1.293310
0.362069 0.051282 -0.334434 -1.531959 -0.022827 -0.101042 -0.104217 -0.461310 0.365683 0.140700 0.414359 1.069217 0.427890 1.348610
0.396552 0.102564 -0.223779 -1.361657 -0.015274 -0.089809 -0.069735 -0.410028 0.409601 0.253093 -0.004758 -0.816124 0.370347 1.402335
0.396552 0.153846 -0.223779 -1.191356 -0.015274 -0.078577 -0.069735 -0.358746 0.425349 0.370083 0.430108 1.186207 0.320129 1.378806
0.413792 0.205128 -0.168456 -1.021054 -0.011498 -0.067345 -0.052495 -0.307464 0.461845 0.460223 0.031738 -0.725984 0.266383 1.401693
0.413792 0.282053 -0.168456 -0.765596 -0.011498 -0.050496 -0.052495 -0.230540 0.500777 0.598290 0.469039 1.324273 0.191567 1.346910
0.413792 0.307692 -0.168456 -0.680451 -0.011498 -0.044880 -0.052495 -0.204901 0.515653 0.639386 0.046614 -0.684887 0.167057 1.319995
0.413792 0.358974 -0.168456 -0.510150 -0.011498 -0.033647 -0.052495 -0.153619 0.547801 0.714579 0.501187 1.399466 0.119465 1.241516
0.413792 0.384617 -0.168456 -0.424993 -0.011498 -0.028031 -0.052495 -0.127976 0.564937 0.748872 0.063750 -0.650594 0.097086 1.181534
0.396552 0.410256 -0.223779 -0.339848 -0.015274 -0.022415 -0.069735 -0.102337 0.570581 0.802382 0.506831 1.452975 0.089456 0.972646
0.379309 0.410256 -0.279111 -0.339848 -0.019051 -0.022415 -0.086977 -0.102337 0.558735 0.824572 0.051904 -0.628403 0.103463 0.866352
0.362069 0.410256 -0.334434 -0.339848 -0.022827 -0.022415 -0.104217 -0.102337 0.547178 0.847709 0.495274 1.476112 0.118325 0.776293
0.344827 0.410256 -0.389766 -0.339848 -0.026604 -0.022415 -0.121460 -0.102337 0.535925 0.871834 0.040650 -0.604278 0.133761 0.700155
0.344827 0.384617 -0.389766 -0.424993 -0.026604 -0.028031 -0.121460 -0.127976 0.516561 0.839892 0.475911 1.444170 0.146365 0.811514
0.327587 0.333335 -0.445089 -0.595294 -0.030380 -0.039263 -0.138700 -0.179258 0.467360 0.794095 -0.008551 -0.650076 0.192130 0.912269
0.310344 0.307692 -0.500421 -0.680451 -0.034156 -0.044880 -0.155943 -0.204901 0.437021 0.781107 0.445572 1.431182 0.222420 0.920251
0.310344 0.282053 -0.500421 -0.765596 -0.034156 -0.050496 -0.155943 -0.230540 0.419365 0.737677 -0.026207 -0.693505 0.241372 0.976068
0.310344 0.230771 -0.500421 -0.935897 -0.034156 -0.061728 -0.155943 -0.281822 0.386741 0.639390 0.412948 1.332896 0.282464 1.065394
0.310344 0.205128 -0.500421 -1.021054 -0.034156 -0.067345 -0.155943 -0.307464 0.372009 0.584048 -0.040939 -0.748848 0.304175 1.101414
0.327587 0.153846 -0.445089 -1.191356 -0.030380 -0.078577 -0.138700 -0.358746 0.361914 0.439061 0.402853 1.187909 0.341844 1.201874
0.344827 0.128207 -0.389766 -1.276500 -0.026604 -0.084193 -0.121460 -0.384385 0.367889 0.355963 -0.034964 -0.831946 0.359236 1.264740
0.362069 0.102564 -0.334434 -1.361657 -0.022827 -0.089809 -0.104217 -0.410028 0.376316 0.276040 0.411279 1.107986 0.378359 1.321896
0.396552 0.076925 -0.223779 -1.446802 -0.015274 -0.095425 -0.069735 -0.435667 0.403944 0.191605 -0.007335 -0.916381 0.395557 1.412078
0.431035 0.051282 -0.113124 -1.531959 -0.007721 -0.101042 -0.035252 -0.461310 0.434075 0.118417 0.441410 1.034799 0.416499 1.494527
0.465517 0.051282 -0.002469 -1.531959 -0.000169 -0.101042 -0.000769 -0.461310 0.468333 0.109719 0.026924 -0.925080 0.415006 1.569128
0.500000 0.051282 0.108186 -1.531959 0.007384 -0.101042 0.033713 -0.461310 0.502623 0.102207 0.475699 1.027286 0.416372 -1.497845
0.534483 0.076925 0.218841 -1.446802 0.014937 -0.095425 0.068196 -0.435667 0.539990 0.142942 0.064291 -0.884344 0.395289 -1.415524
0.551723 0.102564 0.274164 -1.361657 0.018713 -0.089809 0.085436 -0.410028 0.561175 0.183799 0.496884 1.068143 0.373622 -1.365370
0.586208 0.153846 0.384827 -1.191356 0.026267 -0.078577 0.119921 -0.358746 0.606060 0.256654 0.109176 -0.811489 0.334665 -1.248195
0.603448 0.179489 0.440151 -1.106199 0.030043 -0.072960 0.137161 -0.333104 0.629576 0.289105 0.520400 1.100594 0.317909 -1.180187
0.620691 0.256410 0.495482 -0.850753 0.033819 -0.056112 0.154404 -0.256183 0.671567 0.391752 0.151167 -0.708843 0.260555 -1.028386
0.620691 0.307692 0.495482 -0.680451 0.033819 -0.044880 0.154404 -0.204901 0.692771 0.460222 0.541603 1.169064 0.221344 -0.925024
0.620691 0.384617 0.495482 -0.424993 0.033819 -0.028031 0.154404 -0.127976 0.730196 0.554749 0.188593 -0.614315 0.174673 -0.692079
0.620691 0.410256 0.495482 -0.339848 0.033819 -0.022415 0.154404 -0.102337 0.744021 0.584046 0.555428 1.198361 0.164256 -0.585311
0.620691 0.487180 0.495482 -0.084390 0.033819 -0.005566 0.154404 -0.025412 0.789051 0.665466 0.233624 -0.532895 0.155811 -0.163118
0.620691 0.538462 0.495482 0.085912 0.033819 0.005666 0.154404 0.025870 0.821705 0.714579 0.588081 1.247473 0.170440 0.166007
0.620691 0.564101 0.495482 0.171056 0.033819 0.011282 0.154404 0.051509 0.838730 0.737671 0.250648 -0.509802 0.182779 0.321991
0.603448 0.615387 0.440151 0.341370 0.030043 0.022515 0.137161 0.102795 0.861888 0.795194 0.611240 1.304995 0.202594 0.643147
0.603448 0.641026 0.440151 0.426515 0.030043 0.028131 0.137161 0.128434 0.880377 0.815585 0.269138 -0.489410 0.222142 0.752551
0.586208 0.666669 0.384827 0.511672 0.026267 0.033748 0.119921 0.154077 0.887743 0.849531 0.618605 1.338941 0.233526 0.909415
0.586208 0.692308 0.384827 0.596816 0.026267 0.039364 0.119921 0.179716 0.907155 0.868196 0.288550 -0.470746 0.255865 0.982368
0.568965 0.717951 0.329496 0.681973 0.022490 0.044980 0.102679 0.205359 0.916065 0.900655 0.627515 1.371401 0.271805 1.107152
0.568965 0.743590 0.329496 0.767118 0.022490 0.050596 0.102679 0.230998 0.936295 0.917663 0.308780 -0.453737 0.295703 1.152526
0.551723 0.769233 0.274164 0.852275 0.018713 0.056213 0.085436 0.256641 0.946635 0.948595 0.637855 1.402332 0.314763 1.249435
0.551723 0.794872 0.274164 0.937419 0.018713 0.061828 0.085436 0.282280 0.967584 0.964039 0.329729 -0.438293 0.339511 1.276897
0.534483 0.794872 0.218841 0.937419 0.014937 0.061828 0.068196 0.282280 0.957859 0.978826 0.628130 1.417119 0.335588 1.333749
0.534483 0.820515 0.218841 1.022576 0.014937 0.067445 0.068196 0.307923 0.979243 0.993438 0.351113 -0.423680 0.360733 1.352844
0.517240 0.820515 0.163509 1.022576 0.011160 0.067445 0.050953 0.307923 0.969939 1.008334 0.618826 1.432015 0.357874 1.406808
0.534483 0.820515 0.218841 1.022576 0.014937 0.067445 0.068196 0.307923 0.979243 0.993438 0.360417 -0.438577 0.360733 1.352844
0.551723 0.820515 0.274164 1.022576 0.018713 0.067445 0.085436 0.307923 0.988758 0.978828 0.628341 1.417405 0.364386 1.300146
0.586208 0.820515 0.384827 1.022576 0.026267 0.067445 0.119921 0.307923 1.008407 0.950445 0.380066 -0.466959 0.373977 1.199416
0.637931 0.846154 0.550806 1.107721 0.037596 0.073061 0.171644 0.333562 1.059685 0.924793 0.679619 1.391752 0.416846 1.095554
0.672413 0.871797 0.661461 1.192878 0.045148 0.078677 0.206127 0.359205 1.100986 0.913805 0.421366 -0.477947 0.454892 1.049833
0.724139 0.897436 0.827447 1.278022 0.056478 0.084293 0.257852 0.384844 1.153156 0.891864 0.731789 1.369811 0.502372 0.980478
0.775861 0.923079 0.993426 1.363179 0.067807 0.089910 0.309575 0.410487 1.205834 0.871835 0.474045 -0.497976 0.551811 0.924635
0.810344 0.948718 1.104081 1.448324 0.075360 0.095526 0.344057 0.436126 1.247687 0.863900 0.773643 1.361876 0.592550 0.902864
0.844827 0.948718 1.214736 1.448324 0.082912 0.095526 0.378540 0.436126 1.270354 0.843259 0.496711 -0.518617 0.613215 0.855967
0.862069 0.974361 1.270067 1.533481 0.086689 0.101142 0.395783 0.461769 1.300978 0.846469 0.804267 1.365086 0.644037 0.862194
0.879309 1.000000 1.325391 1.618625 0.090465 0.106758 0.413023 0.487408 1.331610 0.849531 0.527343 -0.515555 0.674861 0.867822
0.862069 1.000000 1.270067 1.618625 0.086689 0.106758 0.395783 0.487408 1.320289 0.859337 0.792946 1.374892 0.664450 0.888772
0.844827 0.974361 1.214736 1.533481 0.082912 0.101142 0.378540 0.461769 1.289617 0.856483 0.496671 -0.518410 0.633587 0.884122
0.844827 0.948718 1.214736 1.448324 0.082912 0.095526 0.378540 0.436126 1.270354 0.843259 0.773683 1.361668 0.613215 0.855967
0.827587 0.897436 1.159412 1.278022 0.079136 0.084293 0.361300 0.384844 1.220775 0.825868 0.447092 -0.535800 0.562519 0.816942
0.827587 0.846154 1.159412 1.107721 0.079136 0.073061 0.361300 0.333562 1.183586 0.796491 0.736494 1.332292 0.524249 0.745501
0.844827 0.794872 1.214736 0.937419 0.082912 0.061828 0.378540 0.282280 1.159980 0.754942 0.423486 -0.577350 0.501259 0.640748
0.879309 0.769233 1.325391 0.852275 0.090465 0.056213 0.413023 0.256641 1.168291 0.718725 0.744805 1.296075 0.512215 0.555986
0.913792 0.743590 1.436046 0.767118 0.098018 0.050596 0.447505 0.230998 1.178110 0.683064 0.433304 -0.613011 0.526458 0.476516
0.931035 0.743590 1.491377 0.767118 0.101795 0.050596 0.464748 0.230998 1.191533 0.673930 0.758229 1.286941 0.541191 0.461276
0.965517 0.743590 1.602032 0.767118 0.109348 0.050596 0.499231 0.230998 1.218667 0.656271 0.460438 -0.630670 0.571077 0.433371
0.982757 0.769233 1.657356 0.852275 0.113124 0.056213 0.516471 0.256641 1.248011 0.664121 0.787573 1.294791 0.598764 0.461175
1.000000 0.794872 1.712687 0.937419 0.116900 0.061828 0.533713 0.282280 1.277428 0.671606 0.489855 -0.623185 0.626752 0.486498
1.000000 0.846154 1.712687 1.107721 0.116900 0.073061 0.533713 0.333562 1.309953 0.702257 0.820098 1.325442 0.655095 0.558587
1.000000 0.871797 1.712687 1.192878 0.116900 0.078677 0.533713 0.359205 1.326661 0.717013 0.506563 -0.608429 0.670290 0.592395
0.982757 0.923079 1.657356 1.363179 0.113124 0.089910 0.516471 0.410487 1.348290 0.754095 0.841727 1.362524 0.689493 0.671557
0.965517 0.948718 1.602032 1.448324 0.109348 0.095526 0.499231 0.436126 1.353621 0.776622 0.511894 -0.585901 0.694241 0.718034
0.913792 0.974361 1.436046 1.533481 0.098018 0.101142 0.447505 0.461769 1.335813 0.817466 0.823919 1.403367 0.677053 0.801083
0.913792 1.000000 1.436046 1.618625 0.098018 0.106758 0.447505 0.487408 1.354628 0.830413 0.530709 -0.572954 0.696499 0.828053
0.896552 1.000000 1.380722 1.618625 0.094242 0.106758 0.430265 0.487408 1.343058 0.839889 0.812349 1.412843 0.685549 0.847587
0.879309 1.000000 1.325391 1.618625 0.090465 0.106758 0.413023 0.487408 1.331610 0.849531 0.519261 -0.563312 0.674861 0.867822
