0.170730 0.333335 -1.118305 -0.606499 -0.064876 -0.032573 -0.319346 -0.160338 0.374514 1.097448 0.374514 1.097448 0.355738 0.465312
0.195122 0.333335 -1.032887 -0.606499 -0.059921 -0.032573 -0.294954 -0.160338 0.386244 1.041210 0.011730 -0.056238 0.334014 0.497919
0.219510 0.333335 -0.947483 -0.606499 -0.054967 -0.032573 -0.270566 -0.160338 0.399120 0.988451 0.387390 1.044688 0.312688 0.534963
0.243902 0.370369 -0.862065 -0.466412 -0.050011 -0.025050 -0.246174 -0.123304 0.443465 0.988443 0.056075 -0.056245 0.273736 0.464353
0.268290 0.407409 -0.776661 -0.326305 -0.045057 -0.017525 -0.221786 -0.086264 0.487813 0.988449 0.431738 1.044695 0.236691 0.370948
0.268290 0.444443 -0.776661 -0.186219 -0.045057 -0.010001 -0.221786 -0.049230 0.519143 1.027694 0.087405 -0.017001 0.226431 0.218431
0.268290 0.481483 -0.776661 -0.046112 -0.045057 -0.002477 -0.221786 -0.012191 0.551186 1.062429 0.463780 1.079430 0.221952 0.054910
0.268290 0.518517 -0.776661 0.093974 -0.045057 0.005047 -0.221786 0.024844 0.583815 1.093311 0.120034 0.013881 0.223602 -0.111551
0.243902 0.518517 -0.862065 0.093974 -0.050011 0.005047 -0.246174 0.024844 0.573017 1.131121 0.452982 1.117240 0.247811 -0.100578
0.219510 0.555557 -0.947483 0.234081 -0.054967 0.012572 -0.270566 0.061883 0.597351 1.194506 0.144368 0.077266 0.278377 -0.224851
0.195122 0.555557 -1.032887 0.234081 -0.059921 0.012572 -0.294954 0.061883 0.588826 1.233037 0.444457 1.155771 0.302135 -0.206807
0.170730 0.555557 -1.118305 0.234081 -0.064876 0.012572 -0.319346 0.061883 0.581199 1.272644 0.136741 0.116874 0.325991 -0.191409
0.146341 0.555557 -1.203709 0.234081 -0.069831 0.012572 -0.343735 0.061883 0.574508 1.313234 0.437766 1.196360 0.349916 -0.178124
0.121949 0.555557 -1.289126 0.234081 -0.074786 0.012572 -0.368127 0.061883 0.568784 1.354715 0.131017 0.158356 0.373905 -0.166546
0.097561 0.518517 -1.374531 0.093974 -0.079741 0.005047 -0.392515 0.024844 0.527615 1.384817 0.396598 1.226462 0.393544 -0.063209
0.073169 0.481483 -1.459948 -0.046112 -0.084696 -0.002477 -0.416907 -0.012191 0.487011 1.419985 0.090413 0.193523 0.416996 0.029232
0.048780 0.481483 -1.545353 -0.046112 -0.089651 -0.002477 -0.441295 -0.012191 0.483948 1.469828 0.393535 1.276305 0.441379 0.027617
0.048780 0.444443 -1.545353 -0.186219 -0.089651 -0.010001 -0.441295 -0.049230 0.447112 1.461478 0.053577 0.185173 0.443649 0.111099
0.024388 0.407409 -1.630770 -0.326305 -0.094606 -0.017525 -0.465688 -0.086264 0.408138 1.511006 0.354561 1.325833 0.472968 0.183165
0.024388 0.370369 -1.630770 -0.466412 -0.094606 -0.025050 -0.465688 -0.123304 0.371171 1.505043 0.016610 0.179210 0.480827 0.258839
0.000000 0.333335 -1.716175 -0.606499 -0.099561 -0.032573 -0.490076 -0.160338 0.333335 1.570796 0.316725 1.391586 0.514531 0.316194
0.000000 0.296295 -1.716175 -0.746606 -0.099561 -0.040098 -0.490076 -0.197378 0.296295 1.570796 -0.020429 0.179210 0.526996 0.382875
0.000000 0.259261 -1.716175 -0.886692 -0.099561 -0.047622 -0.490076 -0.234412 0.259261 1.570796 0.279691 1.391586 0.541710 0.446152
0.000000 0.222222 -1.716175 -1.026799 -0.099561 -0.055147 -0.490076 -0.271452 0.222222 1.570796 -0.057469 0.179210 0.558498 0.505831
0.000000 0.185182 -1.716175 -1.166906 -0.099561 -0.062671 -0.490076 -0.308492 0.185182 1.570796 0.242651 1.391586 0.577178 0.561812
0.024388 0.148148 -1.630770 -1.306992 -0.094606 -0.070195 -0.465688 -0.345526 0.150142 1.407638 -0.092509 0.016051 0.577737 0.638341
0.024388 0.111108 -1.630770 -1.447099 -0.094606 -0.077720 -0.465688 -0.382565 0.113753 1.354722 0.206263 1.338670 0.600401 0.687718
0.048780 0.111108 -1.545353 -1.447099 -0.089651 -0.077720 -0.441295 -0.382565 0.121345 1.157097 -0.084918 -0.181573 0.581686 0.714232
0.048780 0.074074 -1.545353 -1.587185 -0.089651 -0.085243 -0.441295 -0.419600 0.088693 0.988443 0.173611 1.170016 0.606465 0.760202
0.073169 0.074074 -1.459948 -1.587185 -0.084696 -0.085243 -0.416907 -0.419600 0.104118 0.791545 -0.069493 -0.378471 0.588956 0.788617
0.097561 0.037034 -1.374531 -1.727292 -0.079741 -0.092768 -0.392515 -0.456639 0.104353 0.362798 0.173846 0.741269 0.599429 0.860771
0.121949 0.037034 -1.289126 -1.727292 -0.074786 -0.092768 -0.368127 -0.456639 0.127449 0.294834 -0.046398 -0.446434 0.583750 0.892307
0.146341 0.000000 -1.203709 -1.867379 -0.069831 -0.100292 -0.343735 -0.493673 0.146341 0.000000 0.192739 0.446434 0.598605 0.962572
0.170730 0.000000 -1.118305 -1.867379 -0.064876 -0.100292 -0.319346 -0.493673 0.170730 0.000000 -0.022009 -0.446434 0.584941 0.996619
0.195122 0.000000 -1.032887 -1.867379 -0.059921 -0.100292 -0.294954 -0.493673 0.195122 0.000000 0.217131 0.446434 0.571990 1.032240
0.219510 0.000000 -0.947483 -1.867379 -0.054967 -0.100292 -0.270566 -0.493673 0.219510 0.000000 0.002379 -0.446434 0.559804 1.069439
0.243902 0.000000 -0.862065 -1.867379 -0.050011 -0.100292 -0.246174 -0.493673 0.243902 0.000000 0.241523 0.446434 0.548430 1.108223
0.268290 0.000000 -0.776661 -1.867379 -0.045057 -0.100292 -0.221786 -0.493673 0.268290 0.000000 0.026767 -0.446434 0.537925 1.148562
0.292682 0.000000 -0.691243 -1.867379 -0.040101 -0.100292 -0.197393 -0.493673 0.292682 0.000000 0.265915 0.446434 0.528336 1.190423
0.317071 0.000000 -0.605839 -1.867379 -0.035147 -0.100292 -0.173005 -0.493673 0.317071 0.000000 0.051156 -0.446434 0.519716 1.233726
0.341463 0.000000 -0.520421 -1.867379 -0.030191 -0.100292 -0.148613 -0.493673 0.341463 0.000000 0.290307 0.446434 0.512113 1.278390
0.365851 0.000000 -0.435017 -1.867379 -0.025237 -0.100292 -0.124225 -0.493673 0.365851 0.000000 0.075544 -0.446434 0.505575 1.324281
0.390243 0.037034 -0.349600 -1.727292 -0.020281 -0.092768 -0.099833 -0.456639 0.391997 0.094617 0.316452 0.541051 0.463911 1.355558
0.414632 0.037034 -0.264195 -1.727292 -0.015327 -0.092768 -0.075444 -0.456639 0.416282 0.089082 0.099830 -0.451969 0.459281 1.407059
0.439024 0.037034 -0.178778 -1.727292 -0.010371 -0.092768 -0.051052 -0.456639 0.440583 0.084156 0.340753 0.536126 0.455909 1.459459
0.463412 0.074074 -0.093373 -1.587185 -0.005417 -0.085243 -0.026664 -0.419600 0.469295 0.158504 0.128542 -0.377622 0.416856 1.507336
0.487804 0.074074 -0.007956 -1.587185 -0.000462 -0.085243 -0.002272 -0.419600 0.493396 0.150700 0.364854 0.528323 0.416008 1.565382
0.512192 0.074074 0.077449 -1.587185 0.004493 -0.085243 0.022116 -0.419600 0.517521 0.143625 0.152667 -0.384697 0.416589 -1.518137
0.536584 0.111108 0.162866 -1.447099 0.009448 -0.077720 0.046509 -0.382565 0.547967 0.204180 0.395300 0.588877 0.381811 -1.449820
0.560973 0.148148 0.248271 -1.306992 0.014403 -0.070195 0.070897 -0.345526 0.580205 0.258196 0.184905 -0.330681 0.349201 -1.368420
0.585365 0.185182 0.333688 -1.166906 0.019358 -0.062671 0.095289 -0.308492 0.613958 0.306391 0.429053 0.637072 0.319438 -1.271207
0.609753 0.222222 0.419092 -1.026799 0.024313 -0.055147 0.119677 -0.271452 0.648985 0.349485 0.219932 -0.287587 0.293374 -1.155554
0.634145 0.259261 0.504510 -0.886692 0.029268 -0.047622 0.144069 -0.234412 0.685096 0.388100 0.465164 0.675687 0.272087 -1.019712
0.634145 0.296295 0.504510 -0.746606 0.029268 -0.040098 0.144069 -0.197378 0.699951 0.437095 0.234787 -0.238593 0.241468 -0.940274
0.634145 0.333335 0.504510 -0.606499 0.029268 -0.032573 0.144069 -0.160338 0.716416 0.483952 0.481630 0.722545 0.212893 -0.838792
0.634145 0.370369 0.504510 -0.466412 0.029268 -0.025050 0.144069 -0.123304 0.734380 0.528605 0.252750 -0.193940 0.187312 -0.707890
0.634145 0.407409 0.504510 -0.326305 0.029268 -0.017525 0.144069 -0.086264 0.753739 0.571052 0.500989 0.764992 0.166102 -0.539515
0.634145 0.444443 0.504510 -0.186219 0.029268 -0.010001 0.144069 -0.049230 0.774384 0.611299 0.273395 -0.153693 0.151123 -0.329273
0.634145 0.481483 0.504510 -0.046112 0.029268 -0.002477 0.144069 -0.012191 0.796220 0.649403 0.522825 0.803096 0.144325 -0.084415
0.609753 0.481483 0.419092 -0.046112 0.024313 -0.002477 0.119677 -0.012191 0.776933 0.668389 0.254108 -0.134707 0.119985 -0.101512
0.609753 0.518517 0.419092 0.093974 0.024313 0.005047 0.119677 0.024844 0.800412 0.704710 0.546304 0.839417 0.123010 0.204681
0.585365 0.518517 0.333688 0.093974 0.019358 0.005047 0.095289 0.024844 0.781992 0.724915 0.235688 -0.114502 0.099443 0.255041
0.585365 0.555557 0.333688 0.234081 0.019358 0.012572 0.095289 0.061883 0.807029 0.759278 0.571340 0.873780 0.115619 0.575973
0.560973 0.555557 0.248271 0.234081 0.014403 0.012572 0.070897 0.061883 0.789515 0.780548 0.218175 -0.093232 0.096510 0.717619
0.536584 0.555557 0.162866 0.234081 0.009448 0.012572 0.046509 0.061883 0.772377 0.802768 0.554202 0.896000 0.080317 0.926303
0.512192 0.555557 0.077449 0.234081 0.004493 0.012572 0.022116 0.061883 0.755635 0.825989 0.201433 -0.070012 0.069115 1.227553
0.487804 0.555557 -0.007956 0.234081 -0.000462 0.012572 -0.002272 0.061883 0.739321 0.850244 0.537889 0.920256 0.065520 -1.534100
0.463412 0.555557 -0.093373 0.234081 -0.005417 0.012572 -0.026664 0.061883 0.723460 0.875582 0.185571 -0.044673 0.070702 -1.163961
0.439024 0.555557 -0.178778 0.234081 -0.010371 0.012572 -0.051052 0.061883 0.708085 0.902035 0.522514 0.946708 0.083031 -0.881010
0.439024 0.518517 -0.178778 0.093974 -0.010371 0.005047 -0.051052 0.024844 0.679413 0.868227 0.156898 -0.078481 0.058440 -0.452895
0.414632 0.518517 -0.264195 0.093974 -0.015327 0.005047 -0.075444 0.024844 0.663912 0.896270 0.507014 0.974751 0.080627 -0.318114
0.414632 0.481483 -0.264195 -0.046112 -0.015327 -0.002477 -0.075444 -0.012191 0.635409 0.859862 0.128396 -0.114889 0.075932 0.160198
0.390243 0.481483 -0.349600 -0.046112 -0.020281 -0.002477 -0.099833 -0.012191 0.619771 0.889684 0.491375 1.004573 0.100202 0.121508
0.390243 0.444443 -0.349600 -0.186219 -0.020281 -0.010001 -0.099833 -0.049230 0.591455 0.850242 0.100080 -0.154332 0.109768 0.458135
0.365851 0.407409 -0.435017 -0.326305 -0.025237 -0.017525 -0.124225 -0.086264 0.547567 0.839090 0.447486 0.993422 0.149217 0.606973
0.365851 0.370369 -0.435017 -0.466412 -0.025237 -0.025050 -0.124225 -0.123304 0.520596 0.791535 0.073110 -0.201887 0.172515 0.781679
0.365851 0.333335 -0.435017 -0.606499 -0.025237 -0.032573 -0.124225 -0.160338 0.494934 0.738926 0.421824 0.940813 0.199999 0.911632
0.390243 0.333335 -0.349600 -0.606499 -0.020281 -0.032573 -0.099833 -0.160338 0.513227 0.706912 0.091404 -0.233901 0.185834 1.013897
0.390243 0.296295 -0.349600 -0.746606 -0.020281 -0.040098 -0.099833 -0.197378 0.489980 0.649400 0.398577 0.883302 0.217985 1.102524
0.390243 0.259261 -0.349600 -0.886692 -0.020281 -0.047622 -0.099833 -0.234412 0.468515 0.586403 0.069938 -0.296899 0.251479 1.168176
0.414632 0.259261 -0.264195 -0.886692 -0.015327 -0.047622 -0.075444 -0.234412 0.489015 0.558802 0.419077 0.855700 0.242832 1.259421
0.439024 0.222222 -0.178778 -1.026799 -0.010371 -0.055147 -0.051052 -0.271452 0.492061 0.468573 0.072984 -0.387127 0.272676 1.384897
0.463412 0.222222 -0.093373 -1.026799 -0.005417 -0.055147 -0.026664 -0.271452 0.513939 0.447141 0.440955 0.834268 0.269178 1.472883
0.487804 0.222222 -0.007956 -1.026799 -0.000462 -0.055147 -0.002272 -0.271452 0.536037 0.427464 0.095082 -0.406804 0.267864 1.562427
0.512192 0.222222 0.077449 -1.026799 0.004493 -0.055147 0.022116 -0.271452 0.558322 0.409354 0.463240 0.816158 0.268766 -1.489501
0.536584 0.222222 0.162866 -1.026799 0.009448 -0.055147 0.046509 -0.271452 0.580780 0.392637 0.117540 -0.423521 0.271862 -1.401111
0.560973 0.222222 0.248271 -1.026799 0.014403 -0.055147 0.070897 -0.271452 0.603384 0.377171 0.485845 0.800692 0.277078 -1.315327
0.585365 0.259261 0.333688 -0.886692 0.019358 -0.047622 0.095289 -0.234412 0.640210 0.416939 0.154365 -0.383753 0.249710 -1.184698
0.609753 0.259261 0.419092 -0.886692 0.024313 -0.047622 0.119677 -0.234412 0.662582 0.402032 0.508217 0.785786 0.259996 -1.098751
0.609753 0.296295 0.419092 -0.746606 0.024313 -0.040098 0.119677 -0.197378 0.677931 0.452326 0.169713 -0.333460 0.227758 -1.025731
0.634145 0.296295 0.504510 -0.746606 0.029268 -0.040098 0.144069 -0.197378 0.699951 0.437095 0.530238 0.770554 0.241468 -0.940274
0.634145 0.333335 0.504510 -0.606499 0.029268 -0.032573 0.144069 -0.160338 0.716416 0.483952 0.186179 -0.286602 0.212893 -0.838792
0.658534 0.333335 0.589914 -0.606499 0.034223 -0.032573 0.168458 -0.160338 0.738091 0.468578 0.551913 0.755180 0.230099 -0.760709
0.658534 0.370369 0.589914 -0.466412 0.034223 -0.025050 0.168458 -0.123304 0.755539 0.512325 0.203627 -0.242854 0.206658 -0.631855
0.682926 0.407409 0.675332 -0.326305 0.039178 -0.017525 0.192850 -0.086264 0.795217 0.537889 0.591590 0.780744 0.209821 -0.420618
0.682926 0.444443 0.675332 -0.186219 0.039178 -0.010001 0.192850 -0.049230 0.814811 0.576933 0.223221 -0.203811 0.198175 -0.249940
0.682926 0.481483 0.675332 -0.046112 0.039178 -0.002477 0.192850 -0.012191 0.835591 0.614094 0.612370 0.817905 0.193041 -0.063129
0.682926 0.518517 0.675332 0.093974 0.039178 0.005047 0.192850 0.024844 0.857466 0.649400 0.245095 -0.168505 0.194936 0.128118
0.682926 0.555557 0.675332 0.234081 0.039178 0.012572 0.192850 0.061883 0.880358 0.682916 0.635263 0.851421 0.203663 0.310509
0.682926 0.592591 0.675332 0.374167 0.039178 0.020095 0.192850 0.098917 0.904185 0.714694 0.268923 -0.136726 0.218404 0.473934
0.682926 0.629631 0.675332 0.514274 0.039178 0.027620 0.192850 0.135957 0.928882 0.744817 0.659960 0.881543 0.238047 0.614067
0.658534 0.629631 0.589914 0.514274 0.034223 0.027620 0.168458 0.135957 0.911099 0.762965 0.251139 -0.118578 0.218754 0.679037
0.658534 0.666665 0.589914 0.654360 0.034223 0.035144 0.168458 0.172991 0.937074 0.791534 0.685935 0.910112 0.244053 0.798675
0.634145 0.666665 0.504510 0.654360 0.029268 0.035144 0.144069 0.172991 0.920099 0.810392 0.234164 -0.099720 0.227903 0.876366
0.609753 0.703705 0.419092 0.794467 0.024313 0.042669 0.119677 0.210031 0.931128 0.856806 0.696964 0.956526 0.244867 1.052873
0.585365 0.703705 0.333688 0.794467 0.019358 0.042669 0.095289 0.210031 0.915343 0.876944 0.218379 -0.079582 0.233917 1.144878
0.560973 0.740739 0.248271 0.934554 0.014403 0.050192 0.070897 0.247065 0.929185 0.922630 0.710806 1.002212 0.260496 1.291349
0.512192 0.740739 0.077449 0.934554 0.004493 0.050192 0.022116 0.247065 0.900575 0.965824 0.189769 -0.036388 0.251637 1.481518
0.487804 0.740739 -0.007956 0.934554 -0.000462 0.050192 -0.002272 0.247065 0.886931 0.988443 0.697162 1.024831 0.250673 -1.561601
0.463412 0.740739 -0.093373 0.934554 -0.005417 0.050192 -0.026664 0.247065 0.873753 1.011760 0.176591 -0.013071 0.252077 -1.463290
0.439024 0.740739 -0.178778 0.934554 -0.010371 0.050192 -0.051052 0.247065 0.861066 1.035774 0.684476 1.048845 0.255809 -1.367029
0.390243 0.740739 -0.349600 0.934554 -0.020281 0.050192 -0.099833 0.247065 0.837248 1.085916 0.152772 0.037071 0.269812 -1.186783
0.365851 0.740739 -0.435017 0.934554 -0.025237 0.050192 -0.124225 0.247065 0.826160 1.112040 0.673388 1.074969 0.279756 -1.104910
0.341463 0.740739 -0.520421 0.934554 -0.030191 0.050192 -0.148613 0.247065 0.815653 1.138852 0.142265 0.063883 0.291406 -1.029265
0.317071 0.740739 -0.605839 0.934554 -0.035147 0.050192 -0.173005 0.247065 0.805747 1.166348 0.663482 1.102465 0.304570 -0.959909
0.292682 0.740739 -0.691243 0.934554 -0.040101 0.050192 -0.197393 0.247065 0.796465 1.194502 0.132984 0.092037 0.319055 -0.896694
0.292682 0.777778 -0.691243 1.074661 -0.040101 0.057717 -0.197393 0.284105 0.831025 1.210881 0.698041 1.118845 0.348908 -0.963575
0.317071 0.814813 -0.605839 1.214747 -0.035147 0.065241 -0.173005 0.321139 0.874330 1.199693 0.176289 0.080848 0.367947 -1.076652
0.341463 0.814813 -0.520421 1.214747 -0.030191 0.065241 -0.148613 0.321139 0.883468 1.173960 0.707179 1.093112 0.357127 -1.137375
0.365851 0.851852 -0.435017 1.354854 -0.025237 0.072765 -0.124225 0.358179 0.927092 1.165140 0.219913 0.072028 0.382510 -1.236954
0.390243 0.851852 -0.349600 1.354854 -0.020281 0.072765 -0.099833 0.358179 0.936986 1.141218 0.717073 1.069190 0.375298 -1.298972
0.414632 0.888886 -0.264195 1.494940 -0.015327 0.080289 -0.075444 0.395213 0.980836 1.134337 0.263763 0.065148 0.405884 -1.382170
0.439024 0.888886 -0.178778 1.494940 -0.010371 0.080289 -0.051052 0.395213 0.991393 1.112038 0.727631 1.046891 0.402065 -1.442331
0.463412 0.888886 -0.093373 1.494940 -0.005417 0.080289 -0.026664 0.395213 1.002432 1.090223 0.274801 0.043332 0.399701 -1.503431
0.512192 0.925926 0.077449 1.635047 0.004493 0.087814 0.022116 0.432253 1.058149 1.065524 0.783348 1.022192 0.436411 1.519675
0.536584 0.925926 0.162866 1.635047 0.009448 0.087814 0.046509 0.432253 1.070169 1.045579 0.286821 0.023386 0.438325 1.463613
0.585365 0.925926 0.333688 1.635047 0.019358 0.087814 0.095289 0.432253 1.095441 1.007041 0.808620 0.983654 0.446145 1.353819
0.609753 0.925926 0.419092 1.635047 0.024313 0.087814 0.119677 0.432253 1.108665 0.988446 0.300045 0.004791 0.451982 1.300694
0.658534 0.925926 0.589914 1.635047 0.034223 0.087814 0.168458 0.432253 1.136224 0.952582 0.836180 0.947791 0.467272 1.199183
0.682926 0.925926 0.675332 1.635047 0.039178 0.087814 0.192850 0.432253 1.150533 0.935305 0.314354 -0.012486 0.476609 1.151148
0.731706 0.925926 0.846154 1.635047 0.049088 0.087814 0.241630 0.432253 1.180141 0.902034 0.865787 0.914520 0.498348 1.061068
0.756098 0.925926 0.931571 1.635047 0.054043 0.087814 0.266022 0.432253 1.195418 0.886024 0.329630 -0.028496 0.510620 1.019107
0.780486 0.925926 1.016976 1.635047 0.058998 0.087814 0.290411 0.432253 1.210991 0.870424 0.881360 0.898920 0.523740 0.979211
0.804878 0.925926 1.102393 1.635047 0.063953 0.087814 0.314803 0.432253 1.226853 0.855222 0.345493 -0.043698 0.537649 0.941339
0.829267 0.888886 1.187797 1.494940 0.068908 0.080289 0.339191 0.395213 1.215649 0.820084 0.870156 0.863782 0.523546 0.861533
0.829267 0.851852 1.187797 1.354854 0.068908 0.072765 0.339191 0.358179 1.188838 0.798832 0.318682 -0.064950 0.495916 0.812619
0.804878 0.814813 1.102393 1.214747 0.063953 0.065241 0.314803 0.321139 1.145316 0.791531 0.826634 0.856482 0.452277 0.795362
0.804878 0.777778 1.102393 1.074661 0.063953 0.057717 0.314803 0.284105 1.119271 0.768277 0.292637 -0.088205 0.426466 0.734187
0.804878 0.740739 1.102393 0.934554 0.063953 0.050192 0.314803 0.247065 1.093857 0.743924 0.801220 0.832129 0.402408 0.665420
0.804878 0.703705 1.102393 0.794467 0.063953 0.042669 0.314803 0.210031 1.069125 0.718433 0.267906 -0.113696 0.380444 0.588360
0.804878 0.666665 1.102393 0.654360 0.063953 0.035144 0.314803 0.172991 1.045118 0.691749 0.777212 0.805445 0.360949 0.502477
0.804878 0.629631 1.102393 0.514274 0.063953 0.027620 0.314803 0.135957 1.021892 0.663835 0.244680 -0.141610 0.344349 0.407684
0.829267 0.592591 1.187797 0.374167 0.068908 0.020095 0.339191 0.098917 1.019239 0.620455 0.774558 0.762065 0.354344 0.283758
0.853659 0.592591 1.273215 0.374167 0.073863 0.020095 0.363583 0.098917 1.039181 0.606808 0.264623 -0.155257 0.377759 0.265634
0.878047 0.592591 1.358619 0.374167 0.078818 0.020095 0.387971 0.098917 1.059307 0.593679 0.794684 0.748936 0.401287 0.249642
0.902439 0.592591 1.444037 0.374167 0.083773 0.020095 0.412363 0.098917 1.079611 0.581039 0.284927 -0.167897 0.424915 0.235431
0.926828 0.592591 1.529441 0.374167 0.088728 0.020095 0.436752 0.098917 1.100079 0.568870 0.815152 0.736767 0.448622 0.222727
0.951220 0.592591 1.614859 0.374167 0.093683 0.020095 0.461144 0.098917 1.120706 0.557146 0.305555 -0.179621 0.472401 0.211303
0.975608 0.629631 1.700263 0.514274 0.098638 0.027620 0.485532 0.135957 1.161140 0.573115 0.855585 0.752737 0.505190 0.273024
0.975608 0.666665 1.700263 0.654360 0.098638 0.035144 0.485532 0.172991 1.181631 0.599452 0.326046 -0.153285 0.516648 0.342269
0.975608 0.703705 1.700263 0.794467 0.098638 0.042669 0.485532 0.210031 1.202918 0.624878 0.876871 0.778162 0.530451 0.408273
0.975608 0.740739 1.700263 0.934554 0.098638 0.050192 0.485532 0.247065 1.224951 0.649400 0.348080 -0.128762 0.546419 0.470706
1.000000 0.777778 1.785680 1.074661 0.103593 0.057717 0.509924 0.284105 1.266862 0.661044 0.918782 0.789805 0.585487 0.508317
0.975608 0.814813 1.700263 1.214747 0.098638 0.065241 0.485532 0.321139 1.271114 0.695830 0.352331 -0.093976 0.584119 0.584359
0.975608 0.888886 1.700263 1.494940 0.098638 0.080289 0.485532 0.395213 1.319822 0.738920 0.967490 0.832895 0.628324 0.683207
0.951220 0.925926 1.614859 1.635047 0.093683 0.087814 0.461144 0.432253 1.327463 0.771925 0.359973 -0.060971 0.634523 0.753071
0.902439 0.962960 1.444037 1.775133 0.083773 0.095337 0.412363 0.469287 1.319731 0.817831 0.959758 0.878802 0.627426 0.849873
0.878047 1.000000 1.358619 1.915240 0.078818 0.102862 0.387971 0.506327 1.330777 0.850243 0.371019 -0.028558 0.640737 0.916978
0.853659 1.000000 1.273215 1.915240 0.073863 0.102862 0.363583 0.506327 1.314813 0.864182 0.943794 0.892740 0.626271 0.948039
0.804878 1.000000 1.102393 1.915240 0.063953 0.102862 0.314803 0.506327 1.283678 0.893088 0.339884 0.000347 0.599269 1.014546
0.780486 1.000000 1.016976 1.915240 0.058998 0.102862 0.290411 0.506327 1.268526 0.908068 0.928643 0.907720 0.586823 1.050042
