0.000000 0.142855 -1.376462 -1.147147 -0.104409 -0.081108 -0.447225 -0.347417 0.142855 1.570796 0.142855 1.570796 0.540973 0.660451
0.019609 0.114285 -1.316109 -1.241480 -0.099831 -0.087777 -0.427616 -0.375987 0.115956 1.400870 -0.026899 -0.169927 0.541945 0.721239
0.039216 0.114285 -1.255765 -1.241480 -0.095253 -0.087777 -0.408010 -0.375987 0.120826 1.240249 0.147726 1.410176 0.526613 0.744574
0.058825 0.114285 -1.195413 -1.241480 -0.090676 -0.087777 -0.388401 -0.375987 0.128536 1.095444 -0.019189 -0.314732 0.511570 0.769159
0.078431 0.114285 -1.135069 -1.241480 -0.086098 -0.087777 -0.368794 -0.375987 0.138610 0.969343 0.157799 1.284074 0.496848 0.795055
0.098040 0.114285 -1.074716 -1.241480 -0.081520 -0.087777 -0.349185 -0.375987 0.150576 0.861760 -0.007223 -0.422314 0.482472 0.822340
0.137256 0.142855 -0.954019 -1.147147 -0.072365 -0.081108 -0.309970 -0.347417 0.198108 0.805384 0.205331 1.227698 0.434422 0.842301
0.137256 0.171428 -0.954019 -1.052799 -0.072365 -0.074437 -0.309970 -0.318844 0.219606 0.895653 0.014275 -0.332045 0.414904 0.799510
0.156862 0.199997 -0.893675 -0.958466 -0.067788 -0.067767 -0.290363 -0.290275 0.254174 0.905690 0.239899 1.237734 0.381356 0.785245
0.156862 0.257140 -0.893675 -0.769785 -0.067788 -0.054427 -0.290363 -0.233132 0.301209 1.023038 0.061310 -0.214697 0.347049 0.676505
0.156862 0.285714 -0.893675 -0.675437 -0.067788 -0.047756 -0.290363 -0.204558 0.325942 1.068707 0.264632 1.283404 0.332260 0.613734
0.156862 0.314283 -0.893675 -0.581103 -0.067788 -0.041086 -0.290363 -0.175989 0.351254 1.107860 0.086622 -0.175544 0.319350 0.544892
0.156862 0.342856 -0.893675 -0.486756 -0.067788 -0.034415 -0.290363 -0.147416 0.377036 1.141710 0.290414 1.317254 0.308551 0.469783
0.137256 0.342856 -0.954019 -0.486756 -0.072365 -0.034415 -0.309970 -0.147416 0.369310 1.190005 0.078895 -0.127249 0.327069 0.443922
0.137256 0.371426 -0.954019 -0.392422 -0.072365 -0.027746 -0.309970 -0.118846 0.395975 1.216823 0.317079 1.344072 0.319103 0.366126
0.117647 0.371426 -1.014372 -0.392422 -0.076943 -0.027746 -0.329579 -0.118846 0.389612 1.264050 0.072533 -0.080021 0.338183 0.346087
0.098040 0.371426 -1.074716 -0.392422 -0.081520 -0.027746 -0.349185 -0.118846 0.384147 1.312726 0.311614 1.392747 0.357318 0.328055
0.078431 0.371426 -1.135069 -0.392422 -0.086098 -0.027746 -0.368794 -0.118846 0.379616 1.362691 0.068002 -0.030056 0.376504 0.311748
0.058825 0.314283 -1.195413 -0.581103 -0.090676 -0.041086 -0.388401 -0.175989 0.319741 1.385766 0.251739 1.415822 0.410523 0.425439
0.058825 0.285714 -1.195413 -0.675437 -0.090676 -0.047756 -0.388401 -0.204558 0.291706 1.367747 0.039968 -0.048075 0.420644 0.484754
0.058825 0.257140 -1.195413 -0.769785 -0.090676 -0.054427 -0.388401 -0.233132 0.263783 1.345901 0.223815 1.393976 0.432420 0.540593
0.058825 0.228571 -1.195413 -0.864118 -0.090676 -0.061096 -0.388401 -0.261701 0.236019 1.318904 0.012204 -0.075072 0.445718 0.592919
0.058825 0.199997 -1.195413 -0.958466 -0.090676 -0.067767 -0.388401 -0.290275 0.208469 1.284736 0.196265 1.359808 0.460409 0.641808
0.078431 0.142855 -1.135069 -1.147147 -0.086098 -0.081108 -0.368794 -0.347417 0.162969 1.068701 -0.033296 -0.291107 0.478174 0.755560
0.078431 0.114285 -1.135069 -1.241480 -0.086098 -0.087777 -0.368794 -0.375987 0.138610 0.969343 0.171905 1.260450 0.496848 0.795055
0.117647 0.085712 -1.014372 -1.335828 -0.076943 -0.094448 -0.329579 -0.404560 0.145558 0.629634 -0.026347 -0.630815 0.489198 0.887180
0.137256 0.057143 -0.954019 -1.430162 -0.072365 -0.101118 -0.309970 -0.433129 0.148676 0.394498 0.175023 1.025314 0.498243 0.949643
0.196078 0.028569 -0.772978 -1.524509 -0.058633 -0.107789 -0.251148 -0.461703 0.198148 0.144685 0.023125 -0.880628 0.488209 1.072602
0.254902 0.000000 -0.591929 -1.618843 -0.044900 -0.114458 -0.192323 -0.490272 0.254902 0.000000 0.231777 0.880628 0.486825 1.196964
0.294118 0.000000 -0.471232 -1.618843 -0.035744 -0.114458 -0.153108 -0.490272 0.294118 0.000000 0.062341 -0.880628 0.472708 1.268102
0.372549 0.000000 -0.229838 -1.618843 -0.017434 -0.114458 -0.074677 -0.490272 0.372549 0.000000 0.310208 0.880628 0.453417 1.419642
0.431374 0.000000 -0.048788 -1.618843 -0.003701 -0.114458 -0.015852 -0.490272 0.431374 0.000000 0.121166 -0.880628 0.447506 1.538475
0.470589 0.028569 0.071908 -1.524509 0.005454 -0.107789 0.023364 -0.461703 0.471456 0.060635 0.350290 0.941263 0.419308 -1.520236
0.568626 0.057143 0.373646 -1.430162 0.028342 -0.101118 0.121401 -0.433129 0.571490 0.100156 0.221200 -0.841107 0.408537 -1.297520
0.588236 0.114285 0.433999 -1.241480 0.032920 -0.087777 0.141010 -0.375987 0.599235 0.191895 0.378034 1.033002 0.361570 -1.211990
0.627451 0.142855 0.554696 -1.147147 0.042075 -0.081108 0.180226 -0.347417 0.643508 0.223859 0.265474 -0.809143 0.353727 -1.092255
0.647057 0.257140 0.615039 -0.769785 0.046653 -0.054427 0.199832 -0.233132 0.696279 0.378262 0.430805 1.187405 0.275799 -0.862158
0.647057 0.285714 0.615039 -0.675437 0.046653 -0.047756 0.199832 -0.204558 0.707330 0.415812 0.276524 -0.771593 0.256941 -0.797085
0.627451 0.314283 0.554696 -0.581103 0.042075 -0.041086 0.180226 -0.175989 0.701761 0.464358 0.425237 1.235951 0.223953 -0.773505
0.607842 0.371426 0.494343 -0.392422 0.037497 -0.027746 0.160617 -0.118846 0.712340 0.548509 0.287104 -0.687442 0.177604 -0.637031
0.588236 0.399999 0.433999 -0.298074 0.032920 -0.021075 0.141010 -0.090273 0.711351 0.597175 0.424247 1.284617 0.148708 -0.569445
0.568626 0.428568 0.373646 -0.203741 0.028342 -0.014405 0.121401 -0.061704 0.712044 0.645859 0.287797 -0.638758 0.122826 -0.470236
0.549020 0.457142 0.313302 -0.109393 0.023765 -0.007735 0.101795 -0.033130 0.714424 0.694335 0.426627 1.333093 0.102277 -0.314648
0.509805 0.485711 0.192605 -0.015060 0.014610 -0.001065 0.062579 -0.004561 0.704142 0.761201 0.277515 -0.571893 0.073466 -0.072753
0.470589 0.485711 0.071908 -0.015060 0.005454 -0.001065 0.023364 -0.004561 0.676291 0.801210 0.398776 1.373103 0.045022 -0.192788
0.450980 0.485711 0.011555 -0.015060 0.000877 -0.001065 0.003754 -0.004561 0.662796 0.822460 0.264019 -0.550643 0.038668 -0.882077
0.431374 0.457142 -0.048788 -0.109393 -0.003701 -0.007735 -0.015852 -0.033130 0.628539 0.814392 0.364520 1.365034 0.018698 1.124519
0.411764 0.428568 -0.109141 -0.203741 -0.008279 -0.014405 -0.035461 -0.061704 0.594324 0.805392 0.229804 -0.559642 0.040070 1.049188
0.392158 0.399999 -0.169485 -0.298074 -0.012856 -0.021075 -0.055067 -0.090273 0.560167 0.795296 0.330364 1.354938 0.072545 1.023049
0.392158 0.371426 -0.169485 -0.392422 -0.012856 -0.027746 -0.055067 -0.118846 0.540134 0.758253 0.209771 -0.596685 0.093691 1.136897
0.411764 0.371426 -0.109141 -0.392422 -0.008279 -0.027746 -0.035461 -0.118846 0.554533 0.733938 0.344762 1.330623 0.083685 1.280829
0.431374 0.371426 -0.048788 -0.392422 -0.003701 -0.027746 -0.015852 -0.118846 0.569245 0.710863 0.224483 -0.619760 0.077440 1.438198
0.450980 0.371426 0.011555 -0.392422 0.000877 -0.027746 0.003754 -0.118846 0.584243 0.688965 0.359760 1.308725 0.075893 -1.539216
0.470589 0.371426 0.071908 -0.392422 0.005454 -0.027746 0.023364 -0.118846 0.599509 0.668169 0.239749 -0.640556 0.079319 -1.376684
0.490195 0.399999 0.132252 -0.298074 0.010032 -0.021075 0.042970 -0.090273 0.632685 0.684421 0.392936 1.324977 0.063849 -1.126531
0.509805 0.428568 0.192605 -0.203741 0.014610 -0.014405 0.062579 -0.061704 0.666012 0.699042 0.273075 -0.625934 0.065301 -0.778353
0.529411 0.542854 0.252949 0.173621 0.019187 0.012276 0.082185 0.052582 0.758265 0.797934 0.485190 1.423869 0.126092 0.569168
0.529411 0.599997 0.252949 0.362303 0.019187 0.025616 0.082185 0.109725 0.800170 0.847815 0.314980 -0.576054 0.173475 0.927925
0.529411 0.742856 0.252949 0.834013 0.019187 0.058968 0.082185 0.252584 0.912201 0.951617 0.597221 1.527671 0.306841 1.256221
0.509805 0.799998 0.192605 1.022694 0.014610 0.072308 0.062579 0.309726 0.948630 1.003431 0.351409 -0.524240 0.358280 1.371433
0.490195 0.828572 0.132252 1.117042 0.010032 0.078979 0.042970 0.338300 0.962716 1.036565 0.611308 1.560805 0.383760 1.444455
0.450980 0.914284 0.011555 1.400056 0.000877 0.098989 0.003754 0.424012 1.019459 1.112555 0.408152 -0.448250 0.467073 1.561942
0.411764 0.914284 -0.109141 1.400056 -0.008279 0.098989 -0.035461 0.424012 1.002729 1.147636 0.594577 1.595886 0.468403 -1.487358
0.333333 0.942857 -0.350535 1.494404 -0.026589 0.105660 -0.113892 0.452585 1.000045 1.230975 0.405469 -0.364911 0.508549 -1.324267
0.313724 0.942857 -0.410888 1.494404 -0.031167 0.105660 -0.133501 0.452585 0.993681 1.249582 0.588213 1.614493 0.513297 -1.283956
0.274509 0.942857 -0.531585 1.494404 -0.040322 0.105660 -0.172717 0.452585 0.982005 1.287483 0.393793 -0.327010 0.524864 -1.206232
0.235293 0.942857 -0.652282 1.494404 -0.049477 0.105660 -0.211932 0.452585 0.971773 1.326238 0.577980 1.653249 0.539042 -1.132853
0.215687 0.914284 -0.712625 1.400056 -0.054055 0.098989 -0.231539 0.424012 0.939380 1.339124 0.361400 -0.314124 0.521300 -1.070978
0.235293 0.914284 -0.652282 1.400056 -0.049477 0.098989 -0.211932 0.424012 0.944075 1.318910 0.582675 1.633034 0.512893 -1.107287
0.294118 0.914284 -0.471232 1.400056 -0.035744 0.098989 -0.153108 0.424012 0.960427 1.259559 0.377752 -0.373475 0.491513 -1.224274
0.333333 0.914284 -0.350535 1.400056 -0.026589 0.098989 -0.113892 0.424012 0.973153 1.221189 0.595400 1.594664 0.480744 -1.308384
0.411764 0.942857 -0.109141 1.494404 -0.008279 0.105660 -0.035461 0.452585 1.028849 1.159041 0.433448 -0.435623 0.496899 -1.492604
0.549020 0.942857 0.313302 1.494404 0.023765 0.105660 0.101795 0.452585 1.091056 1.043498 0.657607 1.479120 0.505977 1.349560
0.607842 0.971426 0.494343 1.588738 0.037497 0.112330 0.160617 0.481155 1.145924 1.011679 0.488316 -0.467441 0.548256 1.248612
0.725488 0.971426 0.856433 1.588738 0.064963 0.112330 0.278263 0.481155 1.212437 0.929328 0.724120 1.396770 0.593479 1.046468
0.784313 0.971426 1.037483 1.588738 0.078696 0.112330 0.337088 0.481155 1.248526 0.891570 0.524405 -0.505200 0.623229 0.959680
0.862744 1.000000 1.278876 1.683085 0.097007 0.119000 0.415519 0.509728 1.320730 0.858950 0.796325 1.364150 0.691531 0.886869
0.901960 1.000000 1.399573 1.683085 0.106162 0.119000 0.454734 0.509728 1.346674 0.836900 0.550350 -0.527251 0.715781 0.842357
0.921566 1.000000 1.459917 1.683085 0.110739 0.119000 0.474341 0.509728 1.359884 0.826193 0.809534 1.353444 0.728395 0.821343
0.921566 0.971426 1.459917 1.588738 0.110739 0.112330 0.474341 0.481155 1.339012 0.811732 0.529478 -0.541712 0.706955 0.792529
0.921566 0.942857 1.459917 1.494404 0.110739 0.105660 0.474341 0.452585 1.318432 0.796817 0.788954 1.338530 0.686039 0.761932
0.901960 0.914284 1.399573 1.400056 0.106162 0.098989 0.454734 0.424012 1.284308 0.792183 0.495353 -0.546346 0.651864 0.750451
0.882351 0.799998 1.339220 1.022694 0.101584 0.072308 0.435125 0.309726 1.191025 0.736486 0.695671 1.282833 0.560163 0.618608
0.882351 0.742856 1.339220 0.834013 0.101584 0.058968 0.435125 0.252584 1.153420 0.699776 0.457748 -0.583057 0.526052 0.525947
0.882351 0.628570 1.339220 0.456650 0.101584 0.032287 0.435125 0.138298 1.083348 0.618987 0.625600 1.202044 0.471402 0.307738
0.921566 0.571427 1.459917 0.267969 0.110739 0.018946 0.474341 0.081155 1.084349 0.555040 0.458749 -0.647004 0.490332 0.169450
0.921566 0.542854 1.459917 0.173621 0.110739 0.012276 0.474341 0.052582 1.069567 0.532333 0.610818 1.179338 0.483884 0.110402
0.960784 0.542854 1.580623 0.173621 0.119895 0.012276 0.513559 0.052582 1.103538 0.514295 0.492721 -0.665043 0.522387 0.102032
0.980391 0.542854 1.640967 0.173621 0.124472 0.012276 0.533165 0.052582 1.120650 0.505688 0.627929 1.170731 0.541673 0.098304
1.000000 0.628570 1.701320 0.456650 0.129050 0.032287 0.552775 0.138298 1.181144 0.561162 0.553214 -0.609569 0.581761 0.245157
1.000000 0.714286 1.701320 0.739679 0.129050 0.052298 0.552775 0.224014 1.228904 0.620250 0.675690 1.229819 0.613907 0.385028
1.000000 0.828572 1.701320 1.117042 0.129050 0.078979 0.552775 0.338300 1.298665 0.691922 0.622975 -0.537897 0.671554 0.549199
0.980391 0.914284 1.640967 1.400056 0.124472 0.098989 0.533165 0.424012 1.340552 0.750521 0.717577 1.288418 0.708808 0.671852
0.941175 0.971426 1.520270 1.588738 0.115317 0.112330 0.493950 0.481155 1.352583 0.801214 0.635006 -0.487205 0.720259 0.772277
