0.098041 0.651165 -1.354735 0.202896 -0.092707 0.014117 -0.368849 0.056166 0.658504 1.421357 0.658504 1.421357 0.412319 -0.151114
0.098041 0.627908 -1.354735 0.118880 -0.092707 0.008271 -0.368849 0.032909 0.635515 1.415908 -0.022989 -0.005449 0.402463 -0.088984
0.098041 0.604654 -1.354735 0.034877 -0.092707 0.002427 -0.368849 0.009655 0.612550 1.410052 0.635539 1.415501 0.393736 -0.026169
0.117647 0.604654 -1.282724 0.034877 -0.087779 0.002427 -0.349242 0.009655 0.615993 1.378628 -0.019547 -0.036872 0.375432 -0.027637
0.137256 0.604654 -1.210701 0.034877 -0.082850 0.002427 -0.329633 0.009655 0.620036 1.347579 0.639583 1.384452 0.357263 -0.029281
0.156863 0.627908 -1.138689 0.118880 -0.077922 0.008271 -0.310027 0.032909 0.647205 1.325989 0.007621 -0.058463 0.349347 -0.105752
0.156863 0.651165 -1.138689 0.202896 -0.077922 0.014117 -0.310027 0.056166 0.669792 1.334405 0.662171 1.392868 0.360658 -0.179222
0.137256 0.674419 -1.210701 0.286899 -0.082850 0.019962 -0.329633 0.079420 0.688244 1.370021 0.026073 -0.022847 0.389521 -0.236429
0.117647 0.674419 -1.282724 0.286899 -0.087779 0.019962 -0.349242 0.079420 0.684604 1.398092 0.658530 1.420939 0.406250 -0.223604
0.078431 0.674419 -1.426758 0.286899 -0.097635 0.019962 -0.388458 0.079420 0.678964 1.455022 0.020434 0.034083 0.440418 -0.201671
0.058825 0.674419 -1.498769 0.286899 -0.102563 0.019962 -0.408064 0.079420 0.676980 1.483793 0.656545 1.449711 0.457805 -0.192224
0.039216 0.651165 -1.570792 0.202896 -0.107492 0.014117 -0.427673 0.056166 0.652345 1.510645 -0.004200 0.060934 0.465685 -0.130582
0.019609 0.604654 -1.642804 0.034877 -0.112420 0.002427 -0.447280 0.009655 0.604972 1.538377 0.609172 1.477443 0.468015 -0.021582
0.000000 0.581396 -1.714826 -0.049139 -0.117348 -0.003419 -0.466889 -0.013603 0.581396 1.570796 -0.027776 0.093354 0.480726 0.029127
0.000000 0.534885 -1.714826 -0.217159 -0.117348 -0.015109 -0.466889 -0.060114 0.534885 1.570796 0.562660 1.477443 0.471814 0.128051
0.000000 0.465119 -1.714826 -0.469181 -0.117348 -0.032644 -0.466889 -0.129880 0.465119 1.570796 -0.097541 0.093354 0.466892 0.271322
0.000000 0.418607 -1.714826 -0.637201 -0.117348 -0.044334 -0.466889 -0.176392 0.418607 1.570796 0.516149 1.477443 0.469379 0.361225
0.019609 0.348838 -1.642804 -0.889236 -0.112420 -0.061870 -0.447280 -0.246161 0.349389 1.514642 -0.166760 0.037200 0.462596 0.503112
0.058825 0.279069 -1.498769 -1.141271 -0.102563 -0.079406 -0.408064 -0.315930 0.285202 1.363048 0.451962 1.325848 0.449213 0.658820
0.078431 0.209304 -1.426758 -1.393294 -0.097635 -0.096941 -0.388458 -0.385695 0.223516 1.212267 -0.228445 -0.113581 0.466101 0.781830
0.117647 0.139535 -1.282724 -1.645329 -0.087779 -0.114477 -0.349242 -0.455464 0.182512 0.870300 0.410958 0.983881 0.478676 0.916640
0.156863 0.093023 -1.138689 -1.813348 -0.077922 -0.126167 -0.310027 -0.501976 0.182371 0.535274 -0.228587 -0.448607 0.485687 1.017527
0.215687 0.046512 -0.922633 -1.981368 -0.063137 -0.137857 -0.251202 -0.548487 0.220645 0.212391 0.449232 0.660998 0.489714 1.141318
0.274509 0.023258 -0.706587 -2.065371 -0.048353 -0.143702 -0.192380 -0.571741 0.275493 0.084522 -0.173739 -0.576476 0.483548 1.246216
0.333334 0.000000 -0.490530 -2.149387 -0.033568 -0.149547 -0.133555 -0.594999 0.333334 0.000000 0.507073 0.576476 0.485615 1.349994
0.392156 0.000000 -0.274484 -2.149387 -0.018783 -0.149547 -0.074733 -0.594999 0.392156 0.000000 -0.114917 -0.576476 0.472832 1.445849
0.450981 0.000000 -0.058428 -2.149387 -0.003998 -0.149547 -0.015908 -0.594999 0.450981 0.000000 0.565898 0.576476 0.467160 1.544067
0.490197 0.023258 0.085606 -2.065371 0.005858 -0.143702 0.023308 -0.571741 0.490748 0.047410 -0.075150 -0.529067 0.444243 -1.530053
0.529412 0.046512 0.229640 -1.981368 0.015715 -0.137857 0.062523 -0.548487 0.531452 0.087630 0.606602 0.616697 0.425002 -1.457294
0.549019 0.093023 0.301652 -1.813348 0.020643 -0.126167 0.082130 -0.501976 0.556844 0.167841 -0.049758 -0.448855 0.382781 -1.408620
0.568628 0.139535 0.373675 -1.645329 0.025571 -0.114477 0.101739 -0.455464 0.585498 0.240633 0.635256 0.689489 0.342800 -1.351030
0.588234 0.209304 0.445686 -1.393294 0.030499 -0.096941 0.121345 -0.385695 0.624362 0.341847 -0.010894 -0.347641 0.284737 -1.265986
0.607844 0.255815 0.517709 -1.225274 0.035428 -0.085251 0.140955 -0.339184 0.659481 0.398356 0.670375 0.745998 0.253812 -1.176940
0.607844 0.302327 0.517709 -1.057255 0.035428 -0.073560 0.140955 -0.292672 0.678878 0.461546 0.008503 -0.284452 0.216677 -1.121967
0.607844 0.348838 0.517709 -0.889236 0.035428 -0.061870 0.140955 -0.246161 0.700830 0.521003 0.692327 0.805455 0.183859 -1.050758
0.588234 0.395350 0.445686 -0.721217 0.030499 -0.050180 0.121345 -0.199649 0.708746 0.591752 0.016419 -0.213703 0.140864 -1.024666
0.549019 0.488373 0.301652 -0.385178 0.020643 -0.026799 0.082130 -0.106626 0.734799 0.727005 0.718380 0.940708 0.084893 -0.914455
0.529412 0.511631 0.229640 -0.301162 0.015715 -0.020954 0.062523 -0.083368 0.736236 0.768319 0.017856 -0.172389 0.076883 -0.927318
0.509803 0.558142 0.157618 -0.133143 0.010786 -0.009264 0.042914 -0.036857 0.755924 0.830631 0.738068 1.003020 0.100840 -0.709612
0.490197 0.581396 0.085606 -0.049139 0.005858 -0.003419 0.023308 -0.013603 0.760470 0.870300 0.022402 -0.132720 0.116855 -0.528290
0.470588 0.581396 0.013584 -0.049139 0.000930 -0.003419 0.003698 -0.013603 0.747980 0.890344 0.725578 1.023064 0.114567 -1.305329
0.450981 0.604654 -0.058428 0.034877 -0.003998 0.002427 -0.015908 0.009655 0.754314 0.929956 0.028736 -0.093108 0.138680 -0.545483
0.411766 0.627908 -0.202462 0.118880 -0.013855 0.008271 -0.055124 0.032909 0.750879 0.990373 0.722143 1.083480 0.170193 -0.538209
0.392156 0.627908 -0.274484 0.118880 -0.018783 0.008271 -0.074733 0.032909 0.740307 1.012525 0.018164 -0.070956 0.177516 -0.414801
0.352941 0.627908 -0.418519 0.118880 -0.028640 0.008271 -0.113948 0.032909 0.720302 1.058718 0.702138 1.129674 0.197259 -0.281153
0.333334 0.627908 -0.490530 0.118880 -0.033568 0.008271 -0.133555 0.032909 0.710901 1.082763 0.008763 -0.046912 0.209198 -0.241593
0.333334 0.604654 -0.490530 0.034877 -0.033568 0.002427 -0.133555 0.009655 0.690448 1.066970 0.681685 1.113881 0.191875 -0.072164
0.313725 0.604654 -0.562553 0.034877 -0.038496 0.002427 -0.153164 0.009655 0.681197 1.092182 -0.000488 -0.021699 0.206006 -0.062951
0.313725 0.581396 -0.562553 -0.049139 -0.038496 -0.003419 -0.153164 -0.013603 0.660640 1.075968 0.661127 1.097667 0.191236 0.088580
0.313725 0.558142 -0.562553 -0.133143 -0.038496 -0.009264 -0.153164 -0.036857 0.640270 1.058720 -0.020857 -0.038947 0.178287 0.236147
0.313725 0.534885 -0.562553 -0.217159 -0.038496 -0.015109 -0.153164 -0.060114 0.620101 1.040341 0.640958 1.079289 0.167579 0.374010
0.313725 0.511631 -0.562553 -0.301162 -0.038496 -0.020954 -0.153164 -0.083368 0.600158 1.020737 -0.040800 -0.058552 0.159565 0.498463
0.333334 0.488373 -0.490530 -0.385178 -0.033568 -0.026799 -0.133555 -0.106626 0.591287 0.971885 0.632087 1.030436 0.135272 0.673746
0.333334 0.465119 -0.490530 -0.469181 -0.033568 -0.032644 -0.133555 -0.129880 0.572230 0.948973 -0.059857 -0.081463 0.133567 0.771450
0.372550 0.441861 -0.346496 -0.553197 -0.023711 -0.038490 -0.094339 -0.153138 0.577958 0.870300 0.637814 0.951763 0.097603 1.018665
0.392156 0.418607 -0.274484 -0.637201 -0.018783 -0.044334 -0.074733 -0.176392 0.573602 0.818012 -0.064213 -0.133751 0.088973 1.170048
0.411766 0.395350 -0.202462 -0.721217 -0.013855 -0.050180 -0.055124 -0.199649 0.570835 0.765062 0.635048 0.898813 0.090313 1.301406
0.431372 0.395350 -0.130450 -0.721217 -0.008927 -0.050180 -0.035517 -0.199649 0.585135 0.741854 -0.049912 -0.156960 0.079871 1.394740
0.450981 0.372092 -0.058428 -0.805233 -0.003998 -0.056025 -0.015908 -0.222907 0.584668 0.689843 0.634580 0.846803 0.096122 1.499551
0.470588 0.372092 0.013584 -0.805233 0.000930 -0.056025 0.003698 -0.222907 0.599921 0.669043 -0.034659 -0.177760 0.094869 -1.554206
0.529412 0.395350 0.229640 -0.721217 0.015715 -0.050180 0.062523 -0.199649 0.660741 0.641431 0.695401 0.819192 0.095011 -1.267305
0.549019 0.395350 0.301652 -0.721217 0.020643 -0.050180 0.082130 -0.199649 0.676552 0.624091 -0.018848 -0.195101 0.108918 -1.180527
0.588234 0.441861 0.445686 -0.553197 0.030499 -0.038490 0.121345 -0.153138 0.735705 0.644247 0.754553 0.839348 0.123899 -0.900710
0.607844 0.465119 0.517709 -0.469181 0.035428 -0.032644 0.140955 -0.129880 0.765382 0.653155 0.010829 -0.186192 0.140966 -0.744530
0.627453 0.511631 0.589731 -0.301162 0.040356 -0.020954 0.160564 -0.083368 0.809607 0.684066 0.798778 0.870258 0.166681 -0.478907
0.627453 0.534885 0.589731 -0.217159 0.040356 -0.015109 0.160564 -0.060114 0.824499 0.705926 0.025722 -0.164332 0.174368 -0.358241
0.627453 0.581396 0.589731 -0.049139 0.040356 -0.003419 0.160564 -0.013603 0.855406 0.747317 0.829684 0.911649 0.197212 -0.084518
0.607844 0.651165 0.517709 0.202896 0.035428 0.014117 0.140955 0.056166 0.890781 0.819794 0.061097 -0.091855 0.232004 0.379187
0.588234 0.674419 0.445686 0.286899 0.030499 0.019962 0.121345 0.079420 0.894908 0.853549 0.833812 0.945405 0.240403 0.579530
0.568628 0.697677 0.373675 0.370915 0.025571 0.025807 0.101739 0.102678 0.900050 0.886957 0.066239 -0.058448 0.252218 0.789991
0.529412 0.744188 0.229640 0.538934 0.015715 0.037497 0.062523 0.149189 0.913287 0.952463 0.847049 1.010911 0.284260 1.173944
0.490197 0.767442 0.085606 0.622938 0.005858 0.043342 0.023308 0.172443 0.910637 1.002377 0.063589 -0.008534 0.301456 1.436449
0.470588 0.767442 0.013584 0.622938 0.000930 0.043342 0.003698 0.172443 0.900233 1.020735 0.836645 1.029269 0.300576 1.549352
0.411766 0.790700 -0.202462 0.706954 -0.013855 0.049188 -0.055124 0.195701 0.891491 1.090678 0.054847 0.061409 0.328469 -1.296237
0.392156 0.813954 -0.274484 0.790957 -0.018783 0.055032 -0.074733 0.218955 0.903497 1.121821 0.848651 1.060412 0.355020 -1.241878
0.372550 0.837211 -0.346496 0.874973 -0.023711 0.060878 -0.094339 0.242212 0.916360 1.152117 0.067710 0.091706 0.382150 -1.199383
0.352941 0.837211 -0.418519 0.874973 -0.028640 0.060878 -0.113948 0.242212 0.908565 1.171837 0.840855 1.080132 0.387457 -1.131068
0.333334 0.837211 -0.490530 0.874973 -0.033568 0.060878 -0.133555 0.242212 0.901130 1.191887 0.060275 0.111756 0.393669 -1.066882
0.333334 0.860465 -0.490530 0.958976 -0.033568 0.066723 -0.133555 0.265466 0.922774 1.201209 0.862500 1.089453 0.415619 -1.104676
0.372550 0.860465 -0.346496 0.958976 -0.023711 0.066723 -0.094339 0.265466 0.937654 1.162200 0.075154 0.072747 0.404725 -1.229344
0.411766 0.883723 -0.202462 1.042992 -0.013855 0.072568 -0.055124 0.288724 0.974945 1.134763 0.899791 1.062016 0.420463 -1.382145
0.470588 0.883723 0.013584 1.042992 0.000930 0.072568 0.003698 0.288724 1.001209 1.081484 0.101418 0.019468 0.416850 1.557988
0.529412 0.906977 0.229640 1.126996 0.015715 0.078413 0.062523 0.311978 1.050183 1.042440 0.948765 1.022972 0.444507 1.373007
0.627453 0.930234 0.589731 1.211012 0.040356 0.084258 0.160564 0.335235 1.122067 0.977383 0.173301 -0.045590 0.490377 1.124123
0.666669 0.930234 0.733765 1.211012 0.050213 0.084258 0.199780 0.335235 1.144458 0.948972 0.971156 0.994561 0.504580 1.033369
0.705884 0.953488 0.877800 1.295015 0.060069 0.090103 0.238995 0.358489 1.186344 0.933521 0.215188 -0.061040 0.542123 0.982790
0.764706 0.976746 1.093845 1.379031 0.074854 0.095949 0.297817 0.381747 1.240487 0.906562 1.025299 0.967602 0.590465 0.908281
0.803922 0.976746 1.237880 1.379031 0.084710 0.095949 0.337033 0.381747 1.265039 0.882151 0.239740 -0.085451 0.611183 0.847527
0.823531 0.976746 1.309902 1.379031 0.089639 0.095949 0.356642 0.381747 1.277590 0.870300 1.037850 0.955751 0.622212 0.819385
0.862747 1.000000 1.453936 1.463034 0.099495 0.101793 0.395858 0.405001 1.320732 0.858948 0.282881 -0.096803 0.664011 0.796815
0.882353 1.000000 1.525948 1.463034 0.104423 0.101793 0.415464 0.405001 1.333622 0.847817 1.050741 0.944620 0.675883 0.772646
0.901962 1.000000 1.597970 1.463034 0.109352 0.101793 0.435073 0.405001 1.346676 0.836898 0.295935 -0.107722 0.688110 0.749616
0.941178 1.000000 1.742005 1.463034 0.119208 0.101793 0.474289 0.405001 1.373250 0.815691 1.077315 0.923413 0.713553 0.706761
0.960784 1.000000 1.814016 1.463034 0.124136 0.101793 0.493895 0.405001 1.386761 0.805395 0.309446 -0.118017 0.726732 0.686826
0.980394 0.953488 1.886039 1.295015 0.129065 0.090103 0.513505 0.358489 1.367593 0.771487 1.058147 0.889504 0.707436 0.609465
0.980394 0.930234 1.886039 1.211012 0.129065 0.084258 0.513505 0.335235 1.351484 0.759151 0.293337 -0.130352 0.691647 0.578368
1.000000 0.883723 1.958050 1.042992 0.133992 0.072568 0.533111 0.288724 1.334528 0.723749 1.041192 0.854101 0.676726 0.496358
1.000000 0.837211 1.958050 0.874973 0.133992 0.060878 0.533111 0.242212 1.304194 0.697023 0.263002 -0.157079 0.649112 0.426455
0.980394 0.813954 1.886039 0.790957 0.129065 0.055032 0.513505 0.218955 1.274242 0.692905 1.011240 0.849984 0.619791 0.403050
0.960784 0.790700 1.814016 0.706954 0.124136 0.049188 0.493895 0.195701 1.244312 0.688593 0.233073 -0.161391 0.590581 0.377260
0.921569 0.790700 1.669982 0.706954 0.114279 0.049188 0.454680 0.195701 1.214288 0.709116 0.981215 0.870507 0.558200 0.406448
0.882353 0.790700 1.525948 0.706954 0.104423 0.049188 0.415464 0.195701 1.184801 0.730671 0.203586 -0.139836 0.526748 0.440214
0.843137 0.813954 1.381914 0.790957 0.094567 0.055032 0.376248 0.218955 1.171922 0.767789 0.968337 0.907625 0.511876 0.527036
0.823531 0.860465 1.309902 0.958976 0.089639 0.066723 0.356642 0.265466 1.191052 0.807327 0.222715 -0.100298 0.531127 0.639875
0.823531 0.906977 1.309902 1.126996 0.089639 0.078413 0.356642 0.311978 1.225076 0.833581 1.002361 0.933879 0.566455 0.718697
0.823531 0.953488 1.309902 1.295015 0.089639 0.090103 0.356642 0.358489 1.259898 0.858400 0.257538 -0.075479 0.603301 0.787982
