0.050849 0.555557 -1.398934 -0.191086 -0.103434 -0.014200 -0.387066 -0.053138 0.557879 1.479523 0.557879 1.479523 0.404549 0.136432
0.067797 0.555557 -1.337681 -0.191086 -0.098905 -0.014200 -0.370118 -0.053138 0.559678 1.449363 0.001799 -0.030160 0.388365 0.142597
0.084747 0.555557 -1.276419 -0.191086 -0.094375 -0.014200 -0.353168 -0.053138 0.561983 1.419419 0.560184 1.449579 0.372246 0.149342
0.101695 0.555557 -1.215166 -0.191086 -0.089847 -0.014200 -0.336220 -0.053138 0.564788 1.389750 0.004604 -0.059829 0.356207 0.156750
0.118645 0.555557 -1.153904 -0.191086 -0.085317 -0.014200 -0.319270 -0.053138 0.568085 1.360396 0.563481 1.420225 0.340254 0.164925
0.135593 0.555557 -1.092651 -0.191086 -0.080788 -0.014200 -0.302322 -0.053138 0.571864 1.331409 0.008383 -0.088815 0.324404 0.173990
0.152543 0.555557 -1.031389 -0.191086 -0.076258 -0.014200 -0.285372 -0.053138 0.576119 1.302823 0.567735 1.391638 0.308669 0.184099
0.169491 0.592591 -0.970136 -0.057911 -0.071730 -0.004303 -0.268424 -0.016104 0.616353 1.292216 0.048618 -0.099422 0.309800 0.059924
0.186442 0.629631 -0.908874 0.075284 -0.067200 0.005594 -0.251473 0.020935 0.656655 1.282910 0.608037 1.382331 0.316218 -0.083060
0.186442 0.666665 -0.908874 0.208459 -0.067200 0.015491 -0.251473 0.057970 0.692245 1.298100 0.084208 -0.084231 0.339949 -0.226562
0.186442 0.703705 -0.908874 0.341654 -0.067200 0.025389 -0.251473 0.095009 0.727984 1.311804 0.643776 1.396035 0.365900 -0.361233
0.169491 0.740739 -0.970136 0.474829 -0.071730 0.035285 -0.268424 0.132044 0.759882 1.345855 0.116106 -0.050180 0.404665 -0.457164
0.152543 0.740739 -1.031389 0.474829 -0.076258 0.035285 -0.285372 0.132044 0.756283 1.367701 0.640176 1.417882 0.416100 -0.433371
0.135593 0.740739 -1.092651 0.474829 -0.080788 0.035285 -0.302322 0.132044 0.753047 1.389750 0.112870 -0.028132 0.427903 -0.411793
0.118645 0.740739 -1.153904 0.474829 -0.085317 0.035285 -0.319270 0.132044 0.750180 1.411974 0.637310 1.440106 0.440040 -0.392158
0.084747 0.740739 -1.276419 0.474829 -0.094375 0.035285 -0.353168 0.132044 0.745571 1.456883 0.108261 0.016777 0.465220 -0.357791
0.067797 0.703705 -1.337681 0.341654 -0.098905 0.025389 -0.370118 0.095009 0.706963 1.474750 0.598702 1.457973 0.455666 -0.251274
0.033898 0.703705 -1.460196 0.341654 -0.107963 0.025389 -0.404017 0.095009 0.704521 1.522662 0.105818 0.064689 0.483605 -0.230965
0.016948 0.629631 -1.521459 0.075284 -0.112493 0.005594 -0.420967 0.020935 0.629859 1.543886 0.524040 1.479197 0.462567 -0.049691
0.000000 0.518517 -1.582711 -0.324281 -0.117022 -0.024098 -0.437915 -0.090178 0.518517 1.570796 -0.005523 0.091600 0.445271 0.203087
0.000000 0.444443 -1.582711 -0.590650 -0.117022 -0.043892 -0.437915 -0.164252 0.444443 1.570796 0.449966 1.479197 0.437964 0.358838
0.000000 0.370369 -1.582711 -0.857020 -0.117022 -0.063687 -0.437915 -0.238326 0.370369 1.570796 -0.079597 0.091600 0.443094 0.498401
0.000000 0.259256 -1.582711 -1.256585 -0.117022 -0.093379 -0.437915 -0.349439 0.259256 1.570796 0.338853 1.479197 0.472957 0.673497
0.016948 0.185182 -1.521459 -1.522954 -0.112493 -0.113173 -0.420967 -0.423513 0.185956 1.479531 -0.152897 0.000334 0.491006 0.788413
0.084747 0.074074 -1.276419 -1.922499 -0.094375 -0.142864 -0.353168 -0.534621 0.112557 0.718297 0.265454 0.717963 0.507058 0.987009
0.135593 0.037034 -1.092651 -2.055694 -0.080788 -0.152762 -0.302322 -0.571661 0.140560 0.266624 -0.124894 -0.451339 0.502100 1.084337
0.169491 0.000000 -0.970136 -2.188869 -0.071730 -0.162659 -0.268424 -0.608695 0.169491 0.000000 0.294385 0.451339 0.513635 1.155467
0.220340 0.000000 -0.786359 -2.188869 -0.058142 -0.162659 -0.217575 -0.608695 0.220340 0.000000 -0.074045 -0.451339 0.488987 1.227505
0.271186 0.000000 -0.602591 -2.188869 -0.044554 -0.162659 -0.166729 -0.608695 0.271186 0.000000 0.345231 0.451339 0.468581 1.303442
0.372881 0.000000 -0.235046 -2.188869 -0.017379 -0.162659 -0.065034 -0.608695 0.372881 0.000000 0.027649 -0.451339 0.442718 1.464358
0.423730 0.037034 -0.051269 -2.055694 -0.003791 -0.152762 -0.014185 -0.571661 0.425345 0.087179 0.397695 0.538518 0.401132 1.545987
0.457628 0.111108 0.071246 -1.789324 0.005268 -0.132968 0.019713 -0.497587 0.470923 0.238182 0.073227 -0.300336 0.327401 -1.531200
0.508474 0.222222 0.255014 -1.389759 0.018855 -0.103275 0.070559 -0.386474 0.554913 0.412021 0.481686 0.712357 0.226941 -1.390214
0.542372 0.259256 0.377529 -1.256585 0.027914 -0.093379 0.104457 -0.349439 0.601150 0.445896 0.119464 -0.266461 0.206955 -1.280323
0.542372 0.333335 0.377529 -0.990195 0.027914 -0.073583 0.104457 -0.275360 0.636616 0.551077 0.517152 0.817537 0.147811 -1.208219
0.559323 0.407409 0.438791 -0.723825 0.032443 -0.053789 0.121408 -0.201286 0.691971 0.629531 0.174819 -0.188006 0.125182 -1.028057
0.559323 0.444443 0.438791 -0.590650 0.032443 -0.043892 0.121408 -0.164252 0.714403 0.671446 0.539584 0.859452 0.121583 -0.934272
0.542372 0.481483 0.377529 -0.457455 0.027914 -0.033994 0.104457 -0.127212 0.725254 0.725998 0.185670 -0.133454 0.113179 -0.883306
0.525424 0.518517 0.316276 -0.324281 0.023385 -0.024098 0.087509 -0.090178 0.738194 0.778782 0.552524 0.912236 0.118973 -0.800416
0.508474 0.518517 0.255014 -0.324281 0.018855 -0.024098 0.070559 -0.090178 0.726227 0.795177 0.173703 -0.117059 0.107123 -0.906855
0.457628 0.555557 0.071246 -0.191086 0.005268 -0.014200 0.019713 -0.053138 0.719768 0.881753 0.546065 0.998812 0.119282 -1.215562
0.440677 0.555557 0.009984 -0.191086 0.000738 -0.014200 0.002762 -0.053138 0.709112 0.900205 0.163047 -0.098608 0.117674 -1.518857
0.423730 0.555557 -0.051269 -0.191086 -0.003791 -0.014200 -0.014185 -0.053138 0.698706 0.919209 0.535659 1.017817 0.118494 1.309927
0.406779 0.555557 -0.112531 -0.191086 -0.008320 -0.014200 -0.031136 -0.053138 0.688558 0.938784 0.152899 -0.079033 0.121692 1.040780
0.406779 0.518517 -0.112531 -0.324281 -0.008320 -0.024098 -0.031136 -0.090178 0.659037 0.905575 0.506137 0.984608 0.086407 1.238341
0.389831 0.481483 -0.173784 -0.457455 -0.012849 -0.033994 -0.048084 -0.127212 0.619511 0.890201 0.113374 -0.094407 0.064886 1.209416
0.389831 0.444443 -0.173784 -0.590650 -0.012849 -0.043892 -0.048084 -0.164252 0.591184 0.850765 0.477810 0.945173 0.048525 1.286010
0.406779 0.407409 -0.112531 -0.723825 -0.008320 -0.053789 -0.031136 -0.201286 0.575718 0.786172 0.097908 -0.159001 0.043590 1.417328
0.423730 0.370369 -0.051269 -0.857020 -0.003791 -0.063687 -0.014185 -0.238326 0.562779 0.718303 0.464871 0.877304 0.069019 1.511345
0.457628 0.370369 0.071246 -0.857020 0.005268 -0.063687 0.019713 -0.238326 0.588725 0.680401 0.123854 -0.196903 0.070363 -1.488270
0.508474 0.370369 0.255014 -0.857020 0.018855 -0.063687 0.070559 -0.238326 0.629062 0.629529 0.505208 0.826432 0.097678 -1.282957
0.525424 0.370369 0.316276 -0.857020 0.023385 -0.063687 0.087509 -0.238326 0.642841 0.614004 0.137633 -0.212428 0.110545 -1.218896
0.559323 0.370369 0.438791 -0.857020 0.032443 -0.063687 0.121408 -0.238326 0.670832 0.584886 0.533199 0.797315 0.138932 -1.099642
0.576273 0.407409 0.500053 -0.723825 0.036973 -0.053789 0.138358 -0.201286 0.705743 0.615390 0.172544 -0.181925 0.141681 -0.968597
0.593221 0.444443 0.561306 -0.590650 0.041502 -0.043892 0.155306 -0.164252 0.741243 0.642991 0.568699 0.824916 0.155443 -0.813386
0.610171 0.518517 0.622568 -0.324281 0.046031 -0.024098 0.172256 -0.090178 0.800730 0.704372 0.232031 -0.120544 0.190181 -0.482279
0.610171 0.555557 0.622568 -0.191086 0.046031 -0.014200 0.172256 -0.053138 0.825198 0.738582 0.593167 0.859126 0.208595 -0.299222
0.610171 0.592591 0.622568 -0.057911 0.046031 -0.004303 0.172256 -0.016104 0.850572 0.770783 0.257405 -0.088344 0.231510 -0.093219
0.610171 0.666665 0.622568 0.208459 0.046031 0.015491 0.172256 0.057970 0.903743 0.829614 0.646338 0.917958 0.286354 0.324626
0.593221 0.703705 0.561306 0.341654 0.041502 0.025389 0.155306 0.095009 0.920386 0.870382 0.274049 -0.047576 0.307838 0.549019
0.576273 0.777778 0.500053 0.608024 0.036973 0.045183 0.138358 0.169083 0.968003 0.933131 0.693954 0.980707 0.366947 0.885006
0.559323 0.814813 0.438791 0.741198 0.032443 0.055080 0.121408 0.206117 0.988312 0.969227 0.294358 -0.011480 0.395969 1.038488
0.525424 0.851852 0.316276 0.874393 0.023385 0.064978 0.087509 0.243157 1.000861 1.018114 0.706503 1.029594 0.423086 1.225340
0.508474 0.888886 0.255014 1.007568 0.018855 0.074874 0.070559 0.280191 1.024043 1.051193 0.317540 0.021600 0.456458 1.324101
0.474576 0.888886 0.132499 1.007568 0.009797 0.074874 0.036661 0.280191 1.007641 1.080399 0.690101 1.058799 0.452459 1.440694
0.457628 0.925926 0.071246 1.140763 0.005268 0.084772 0.019713 0.317231 1.032842 1.111769 0.342741 0.052970 0.488409 1.508736
0.440677 0.925926 0.009984 1.140763 0.000738 0.084772 0.002762 0.317231 1.025444 1.126588 0.682704 1.073618 0.488019 1.562089
0.423730 0.925926 -0.051269 1.140763 -0.003791 0.084772 -0.014185 0.317231 1.018276 1.141617 0.335572 0.067999 0.488217 -1.526110
0.406779 0.925926 -0.112531 1.140763 -0.008320 0.084772 -0.031136 0.317231 1.011340 1.156858 0.675768 1.088859 0.489003 -1.472961
0.389831 0.925926 -0.173784 1.140763 -0.012849 0.084772 -0.048084 0.317231 1.004643 1.172304 0.328876 0.083445 0.490374 -1.420368
0.372881 0.925926 -0.235046 1.140763 -0.017379 0.084772 -0.065034 0.317231 0.998188 1.187955 0.669313 1.104510 0.492325 -1.368592
0.389831 0.925926 -0.173784 1.140763 -0.012849 0.084772 -0.048084 0.317231 1.004643 1.172304 0.335331 0.067793 0.490374 -1.420368
0.423730 0.925926 -0.051269 1.140763 -0.003791 0.084772 -0.014185 0.317231 1.018276 1.141617 0.682945 1.073824 0.488217 -1.526110
0.457628 0.925926 0.071246 1.140763 0.005268 0.084772 0.019713 0.317231 1.032842 1.111769 0.349896 0.037945 0.488409 1.508736
0.542372 0.962960 0.377529 1.273938 0.027914 0.094669 0.104457 0.354265 1.105197 1.057849 0.755300 1.019904 0.535335 1.284065
0.576273 0.962960 0.500053 1.273938 0.036973 0.094669 0.138358 0.354265 1.122222 1.031525 0.366922 0.011621 0.542969 1.198463
0.610171 0.962960 0.622568 1.273938 0.046031 0.094669 0.172256 0.354265 1.140001 1.006007 0.773079 0.994386 0.552580 1.118221
0.694916 1.000000 0.928851 1.407133 0.068677 0.104567 0.257001 0.391305 1.217747 0.963491 0.444668 -0.030895 0.618053 0.989671
0.779663 1.000000 1.235144 1.407133 0.091324 0.104567 0.341748 0.391305 1.268020 0.908580 0.823351 0.939475 0.657823 0.852899
0.830509 1.000000 1.418911 1.407133 0.104911 0.104567 0.392594 0.391305 1.299902 0.877727 0.476551 -0.061748 0.685616 0.783754
0.881357 1.000000 1.602689 1.407133 0.118499 0.104567 0.443442 0.391305 1.332963 0.848377 0.856413 0.910125 0.715947 0.723020
0.949154 0.962960 1.847719 1.273938 0.136616 0.094669 0.511239 0.354265 1.352104 0.792619 0.495692 -0.117506 0.732829 0.605982
0.983052 0.888886 1.970234 1.007568 0.145674 0.074874 0.545137 0.280191 1.325334 0.735137 0.829643 0.852643 0.707495 0.474771
1.000000 0.851852 2.031487 0.874393 0.150203 0.064978 0.562085 0.243157 1.313641 0.705568 0.483998 -0.147075 0.698057 0.408289
1.000000 0.814813 2.031487 0.741198 0.150203 0.055080 0.562085 0.206117 1.289930 0.683708 0.805932 0.830783 0.676751 0.351475
0.966102 0.777778 1.908972 0.608024 0.141145 0.045183 0.528187 0.169083 1.240279 0.677824 0.434347 -0.152958 0.628083 0.309812
0.949154 0.777778 1.847719 0.608024 0.136616 0.045183 0.511239 0.169083 1.227124 0.686485 0.792776 0.839444 0.613899 0.319408
0.915256 0.777778 1.725204 0.608024 0.127557 0.045183 0.477341 0.169083 1.201096 0.704374 0.408320 -0.135069 0.585970 0.340429
0.881357 0.777778 1.602689 0.608024 0.118499 0.045183 0.443442 0.169083 1.175470 0.723050 0.767150 0.858119 0.558702 0.364280
0.881357 0.851852 1.602689 0.874393 0.118499 0.064978 0.443442 0.243157 1.225742 0.768376 0.458591 -0.089742 0.606618 0.501568
0.881357 0.888886 1.602689 1.007568 0.118499 0.074874 0.443442 0.280191 1.251763 0.789651 0.793171 0.879394 0.632468 0.563513
0.898305 0.925926 1.663942 1.140763 0.123028 0.084772 0.460390 0.317231 1.290074 0.800538 0.496903 -0.078856 0.670905 0.603338
