0.117647 0.444443 -1.223353 -0.542375 -0.097820 -0.042928 -0.353676 -0.155210 0.459750 1.312025 0.459750 1.312025 0.354696 0.413540
0.137253 0.444443 -1.155535 -0.542375 -0.092398 -0.042928 -0.334070 -0.155210 0.465153 1.271267 0.005403 -0.040758 0.335150 0.434931
0.176469 0.444443 -1.019890 -0.542375 -0.081551 -0.042928 -0.294854 -0.155210 0.478195 1.192830 0.472792 1.233588 0.296077 0.484540
0.196078 0.444443 -0.952062 -0.542375 -0.076128 -0.042928 -0.275245 -0.155210 0.485773 1.155303 0.012982 -0.078285 0.276555 0.513450
0.196078 0.499998 -0.952062 -0.348239 -0.076128 -0.027563 -0.275245 -0.099654 0.537070 1.197069 0.524088 1.275353 0.276735 0.347375
0.215684 0.527778 -0.884244 -0.251164 -0.070705 -0.019879 -0.255639 -0.071875 0.570148 1.182842 0.046060 -0.092511 0.261798 0.274081
0.215684 0.583333 -0.884244 -0.057027 -0.070705 -0.004514 -0.255639 -0.016319 0.621930 1.216641 0.575870 1.309152 0.279101 0.063751
0.215684 0.611113 -0.884244 0.040048 -0.070705 0.003170 -0.255639 0.011460 0.648058 1.231507 0.072187 -0.077645 0.291363 -0.044801
0.196078 0.666668 -0.952062 0.234185 -0.076128 0.018535 -0.275245 0.067016 0.694905 1.284746 0.622718 1.362391 0.337520 -0.238830
0.176469 0.694444 -1.019890 0.331245 -0.081551 0.026218 -0.294854 0.094791 0.716515 1.321948 0.093797 -0.040443 0.369759 -0.311050
0.137253 0.694444 -1.155535 0.331245 -0.092398 0.026218 -0.334070 0.094791 0.707877 1.375666 0.614081 1.416109 0.401728 -0.276480
0.098038 0.694444 -1.291180 0.331245 -0.103244 0.026218 -0.373286 0.094791 0.701330 1.430549 0.087249 0.014440 0.434885 -0.248681
0.078431 0.638888 -1.358998 0.137109 -0.108667 0.010852 -0.392892 0.039236 0.643684 1.448645 0.556435 1.434206 0.427132 -0.099535
0.039216 0.583333 -1.494643 -0.057027 -0.119513 -0.004514 -0.432108 -0.016319 0.584650 1.503670 0.028214 0.069465 0.446389 0.037749
0.019606 0.527778 -1.562471 -0.251164 -0.124937 -0.019879 -0.451717 -0.071875 0.528142 1.533665 0.499927 1.464200 0.455231 0.157792
0.000000 0.444443 -1.630289 -0.542375 -0.130359 -0.042928 -0.471323 -0.155210 0.444443 1.570796 -0.055485 0.106597 0.472089 0.318122
0.000000 0.388887 -1.630289 -0.736512 -0.130359 -0.058294 -0.471323 -0.210765 0.388887 1.570796 0.444372 1.464200 0.478478 0.420504
0.058822 0.222221 -1.426826 -1.318921 -0.114090 -0.104391 -0.412501 -0.377431 0.229875 1.312031 -0.214498 -0.152169 0.481881 0.741031
0.117647 0.138890 -1.223353 -1.610118 -0.097820 -0.127438 -0.353676 -0.460762 0.182020 0.868018 0.396518 1.020187 0.485385 0.916132
0.176469 0.083335 -1.019890 -1.804254 -0.081551 -0.142804 -0.294854 -0.516317 0.195156 0.441191 -0.201361 -0.578996 0.487313 1.051919
0.254900 0.055555 -0.748599 -1.901330 -0.059859 -0.150487 -0.216423 -0.544097 0.260884 0.214594 0.462245 0.793589 0.468724 1.192218
0.333334 0.027780 -0.477298 -1.998391 -0.038165 -0.158170 -0.137989 -0.571873 0.334490 0.083147 -0.127755 -0.710442 0.464512 1.334029
0.411766 0.000000 -0.206007 -2.095466 -0.016473 -0.165853 -0.059558 -0.599652 0.411766 0.000000 0.539521 0.710442 0.475071 1.471801
0.470588 0.000000 -0.002545 -2.095466 -0.000203 -0.165853 -0.000736 -0.599652 0.470588 0.000000 -0.068933 -0.710442 0.471324 1.569570
0.588234 0.055555 0.404391 -1.901330 0.032336 -0.150487 0.116911 -0.544097 0.590852 0.094165 0.659786 0.804607 0.431893 -1.359142
0.627450 0.111111 0.540037 -1.707193 0.043182 -0.135122 0.156127 -0.488542 0.637212 0.175266 -0.022574 -0.629341 0.392592 -1.261477
0.666666 0.166666 0.675682 -1.513057 0.054028 -0.119756 0.195342 -0.432986 0.687183 0.244978 0.709757 0.874319 0.361904 -1.146985
0.686275 0.250001 0.743510 -1.221845 0.059452 -0.096707 0.214952 -0.349651 0.730393 0.349346 0.020636 -0.524974 0.308525 -1.019594
0.686275 0.305556 0.743510 -1.027709 0.059452 -0.081342 0.214952 -0.294096 0.751224 0.418888 0.730588 0.943861 0.271446 -0.939638
0.686275 0.361112 0.743510 -0.833573 0.059452 -0.065976 0.214952 -0.238541 0.775484 0.484380 0.044896 -0.459481 0.241559 -0.837367
0.666666 0.444443 0.675682 -0.542375 0.054028 -0.042928 0.195342 -0.155210 0.801232 0.588001 0.756336 1.047482 0.197183 -0.671410
0.627450 0.499998 0.540037 -0.348239 0.043182 -0.027563 0.156127 -0.099654 0.802304 0.672831 0.045968 -0.374651 0.158738 -0.568100
0.549019 0.583333 0.268746 -0.057027 0.021489 -0.004514 0.077696 -0.016319 0.801061 0.815692 0.755093 1.190344 0.136319 -0.207032
0.509803 0.583333 0.133101 -0.057027 0.010643 -0.004514 0.038480 -0.016319 0.774711 0.852562 0.019617 -0.337782 0.118435 -0.401107
0.470588 0.583333 -0.002545 -0.057027 -0.000203 -0.004514 -0.000736 -0.016319 0.749486 0.891970 0.729869 1.229752 0.112012 1.525749
0.431372 0.583333 -0.138190 -0.057027 -0.011050 -0.004514 -0.039951 -0.016319 0.725506 0.934052 -0.004363 -0.295699 0.118921 0.387795
0.392156 0.555553 -0.273835 -0.154103 -0.021896 -0.012197 -0.079167 -0.044099 0.680019 0.956132 0.684382 1.251831 0.115595 0.508231
0.392156 0.527778 -0.273835 -0.251164 -0.021896 -0.019879 -0.079167 -0.071875 0.657522 0.931769 -0.026860 -0.320062 0.097234 0.737156
0.372550 0.472222 -0.341653 -0.445300 -0.027319 -0.035245 -0.098773 -0.127430 0.601488 0.902842 0.628347 1.222905 0.098777 0.911413
0.372550 0.416667 -0.341653 -0.639436 -0.027319 -0.050610 -0.098773 -0.182985 0.558932 0.841240 -0.069416 -0.381665 0.112887 1.075827
0.411766 0.361112 -0.206007 -0.833573 -0.016473 -0.065976 -0.059558 -0.238541 0.547679 0.719952 0.617095 1.101617 0.125274 1.326124
0.450981 0.333332 -0.070362 -0.930648 -0.005626 -0.073659 -0.020342 -0.266320 0.560798 0.636505 -0.056297 -0.465112 0.139483 1.494563
0.490197 0.333332 0.065283 -0.930648 0.005220 -0.073659 0.018874 -0.266320 0.592793 0.597174 0.649090 1.062286 0.139276 -1.500046
0.529412 0.333332 0.200929 -0.930648 0.016066 -0.073659 0.058089 -0.266320 0.625610 0.561919 -0.023480 -0.500367 0.149720 -1.356042
0.568628 0.333332 0.336574 -0.930648 0.026913 -0.073659 0.097305 -0.266320 0.659127 0.530213 0.682606 1.030581 0.168849 -1.220497
0.627450 0.444443 0.540037 -0.542375 0.043182 -0.042928 0.156127 -0.155210 0.768910 0.616296 0.086304 -0.414285 0.158424 -0.782452
0.647059 0.527778 0.607865 -0.251164 0.048605 -0.019879 0.175736 -0.071875 0.835006 0.684214 0.748702 1.098499 0.184581 -0.388234
0.666666 0.583333 0.675682 -0.057027 0.054028 -0.004514 0.195342 -0.016319 0.885845 0.718830 0.137142 -0.379669 0.225177 -0.083348
0.666666 0.666668 0.675682 0.234185 0.054028 0.018535 0.195342 0.067016 0.942809 0.785400 0.805667 1.165069 0.276258 0.330486
0.627450 0.777779 0.540037 0.622457 0.043182 0.049267 0.156127 0.178126 0.999316 0.891971 0.193649 -0.273098 0.343934 0.851120
0.568628 0.833334 0.336574 0.816594 0.026913 0.064632 0.097305 0.233682 1.008853 0.972012 0.815203 1.245110 0.374860 1.176233
0.450981 0.888889 -0.070362 1.010730 -0.005626 0.079998 -0.020342 0.289237 0.996749 1.101283 0.181546 -0.143827 0.418061 -1.500582
0.392156 0.944445 -0.273835 1.204866 -0.021896 0.095363 -0.079167 0.344792 1.022625 1.177235 0.841080 1.321062 0.479699 -1.345101
0.352941 0.944445 -0.409481 1.204866 -0.032742 0.095363 -0.118383 0.344792 1.008237 1.213164 0.167158 -0.107898 0.487707 -1.240063
0.254900 0.972220 -0.748599 1.301927 -0.059859 0.103046 -0.216423 0.372568 1.005080 1.314384 0.837922 1.422282 0.545653 -1.044543
0.215684 1.000000 -0.884244 1.399003 -0.070705 0.110729 -0.255639 0.400348 1.022995 1.358366 0.185073 -0.063916 0.587240 -1.002518
0.196078 1.000000 -0.952062 1.399003 -0.076128 0.110729 -0.275245 0.400348 1.019042 1.377175 0.833969 1.441090 0.596036 -0.968499
0.156863 1.000000 -1.087707 1.399003 -0.086974 0.110729 -0.314461 0.400348 1.012228 1.415202 0.178259 -0.025889 0.615130 -0.904979
0.196078 1.000000 -0.952062 1.399003 -0.076128 0.110729 -0.275245 0.400348 1.019042 1.377175 0.840783 1.403063 0.596036 -0.968499
0.254900 0.972220 -0.748599 1.301927 -0.059859 0.103046 -0.216423 0.372568 1.005080 1.314384 0.164298 -0.088679 0.545653 -1.044543
0.313725 0.972220 -0.545126 1.301927 -0.043589 0.103046 -0.157598 0.372568 1.021585 1.258656 0.857287 1.347335 0.525105 -1.170617
0.392156 0.972220 -0.273835 1.301927 -0.021896 0.103046 -0.079167 0.372568 1.048331 1.187395 0.191044 -0.159940 0.507115 -1.361421
0.568628 0.972220 0.336574 1.301927 0.026913 0.103046 0.097305 0.372568 1.126299 1.041572 0.935255 1.201511 0.510261 1.315329
0.647059 0.972220 0.607865 1.301927 0.048605 0.103046 0.175736 0.372568 1.167860 0.983569 0.232605 -0.217943 0.530831 1.130053
0.784313 0.944445 1.082618 1.204866 0.086567 0.095363 0.312989 0.344792 1.227649 0.877763 0.995044 1.095706 0.567280 0.833709
0.843137 0.944445 1.286091 1.204866 0.102837 0.095363 0.371814 0.344792 1.266040 0.842010 0.270996 -0.253696 0.601739 0.747708
0.882353 0.944445 1.421737 1.204866 0.113683 0.095363 0.411030 0.344792 1.292487 0.819374 1.021491 1.073070 0.626729 0.697985
0.960784 0.916665 1.693027 1.107791 0.135376 0.087680 0.489461 0.317013 1.327924 0.761903 0.306433 -0.311167 0.661741 0.574740
0.980394 0.916665 1.760855 1.107791 0.140800 0.087680 0.509070 0.317013 1.342180 0.751817 1.035747 1.062985 0.676374 0.556964
1.000000 0.888889 1.828673 1.010730 0.146222 0.079998 0.528677 0.289237 1.337955 0.726643 0.302208 -0.336342 0.673692 0.500611
1.000000 0.861110 1.828673 0.913654 0.146222 0.072314 0.528677 0.261457 1.319663 0.710909 1.017455 1.047250 0.656835 0.459278
0.980394 0.805554 1.760855 0.719518 0.140800 0.056949 0.509070 0.205902 1.268893 0.687812 0.251438 -0.359439 0.608985 0.384351
0.941178 0.749999 1.625210 0.525382 0.129953 0.041583 0.469855 0.150347 1.203459 0.672831 0.952021 1.032270 0.546282 0.309690
0.901962 0.722223 1.489564 0.428321 0.119107 0.033901 0.430639 0.122571 1.155484 0.675183 0.203463 -0.357087 0.498398 0.277293
0.882353 0.694444 1.421737 0.331245 0.113683 0.026218 0.411030 0.094791 1.122853 0.666786 0.919390 1.023873 0.467684 0.226656
0.823528 0.694444 1.218264 0.331245 0.097413 0.026218 0.352205 0.094791 1.077242 0.700565 0.157852 -0.323308 0.416931 0.262907
0.784313 0.749999 1.082618 0.525382 0.086567 0.041583 0.312989 0.150347 1.085193 0.763038 0.927341 1.086346 0.419073 0.447810
0.784313 0.777779 1.082618 0.622457 0.086567 0.049267 0.312989 0.178126 1.104575 0.781215 0.177234 -0.305131 0.438038 0.517399
0.843137 0.888889 1.286091 1.010730 0.102837 0.079998 0.371814 0.289237 1.225155 0.811807 1.047922 1.116938 0.559113 0.661124
0.901962 0.972220 1.489564 1.301927 0.119107 0.103046 0.430639 0.372568 1.326178 0.822868 0.278257 -0.294070 0.660566 0.713225
