0.171428 0.826088 -1.207306 0.726990 -0.204279 0.112630 -0.394286 0.217391 0.843687 1.366182 0.843687 1.366182 0.472499 -0.503881
0.114285 0.956525 -1.382278 1.163194 -0.233885 0.180209 -0.451429 0.347828 0.963328 1.451880 0.119641 0.085698 0.597094 -0.656496
0.000000 0.565219 -1.732221 -0.145398 -0.293096 -0.022526 -0.565714 -0.043478 0.565219 1.570796 0.445578 1.485098 0.565715 0.076704
0.142859 0.173912 -1.294785 -1.453990 -0.219081 -0.225261 -0.422855 -0.434784 0.225065 0.883117 -0.220513 -0.601981 0.576468 0.799306
0.428573 0.000000 -0.419929 -2.035582 -0.071053 -0.315365 -0.137142 -0.608697 0.428573 0.000000 0.649085 0.601981 0.582100 1.349193
0.628570 0.086956 0.192465 -1.744786 0.032565 -0.270313 0.062856 -0.521741 0.634556 0.137467 -0.014529 -0.464514 0.482867 -1.450901
0.657144 0.260869 0.279957 -1.163194 0.047369 -0.180209 0.091429 -0.347828 0.707029 0.377895 0.721558 0.842409 0.318261 -1.313754
0.399999 0.478263 -0.507421 -0.436194 -0.085857 -0.067578 -0.165715 -0.130434 0.623486 0.874275 -0.098073 0.031866 0.187375 0.666825
0.399999 0.304350 -0.507421 -1.017785 -0.085857 -0.157682 -0.165715 -0.304347 0.502621 0.650426 0.600694 0.618560 0.309472 1.072190
0.571427 0.260869 0.017493 -1.163194 0.002960 -0.180209 0.005713 -0.347828 0.628157 0.428264 0.027463 -0.190296 0.304899 -1.554373
0.628570 0.521737 0.192465 -0.290807 0.032565 -0.045054 0.062856 -0.086960 0.816891 0.692791 0.789427 0.883087 0.076713 -0.944921
0.514285 0.782613 -0.157478 0.581603 -0.026646 0.090106 -0.051430 0.173916 0.936467 0.989419 0.147040 0.106333 0.222912 -1.283274
0.514285 0.913044 -0.157478 1.017785 -0.026646 0.157682 -0.051430 0.304347 1.047921 1.057827 0.900880 0.951494 0.351116 -1.403394
0.685713 1.000000 0.367436 1.308581 0.062171 0.202734 0.119998 0.391303 1.212519 0.969724 0.311639 0.018230 0.450559 1.273237
0.971431 0.956525 1.242306 1.163194 0.210201 0.180209 0.405716 0.347828 1.363311 0.777667 1.051673 0.759437 0.563328 0.708728
1.000000 0.782613 1.329785 0.581603 0.225003 0.090106 0.434286 0.173916 1.269836 0.664049 0.218163 -0.095389 0.485437 0.380906
0.857145 0.695656 0.892363 0.290807 0.150990 0.045054 0.291431 0.086960 1.103918 0.681772 0.885756 0.777161 0.319088 0.289977
0.828572 0.739131 0.804871 0.436194 0.136186 0.067578 0.262857 0.130434 1.110336 0.728408 0.224580 -0.048753 0.314909 0.460617
0.885715 0.913044 0.979842 1.017785 0.165792 0.157682 0.320000 0.304347 1.272061 0.800590 1.047481 0.849343 0.472269 0.760332
0.914288 0.956525 1.067335 1.163194 0.180596 0.180209 0.348574 0.347828 1.323202 0.807971 0.275721 -0.041372 0.523676 0.784328
