0.136367 0.333335 -1.147126 -0.716011 -0.095276 -0.053589 -0.351850 -0.197904 0.360150 1.182472 0.360150 1.182472 0.384430 0.512364
0.181821 0.333335 -0.998932 -0.716011 -0.082967 -0.053589 -0.306396 -0.197904 0.379699 1.071445 0.019549 -0.111027 0.343317 0.573495
0.204546 0.333335 -0.924841 -0.716011 -0.076814 -0.053589 -0.283670 -0.197904 0.391090 1.020410 0.371541 1.131437 0.323198 0.609151
0.227275 0.333335 -0.850739 -0.716011 -0.070659 -0.053589 -0.260941 -0.197904 0.403443 0.972374 0.031902 -0.159063 0.303445 0.648871
0.272730 0.363636 -0.702545 -0.606384 -0.058351 -0.045384 -0.215487 -0.167603 0.454546 0.927290 0.422645 1.086352 0.248908 0.661050
0.272730 0.393941 -0.702545 -0.496741 -0.058351 -0.037178 -0.215487 -0.137298 0.479136 0.965249 0.056491 -0.121103 0.235207 0.567291
0.295455 0.454547 -0.628454 -0.277470 -0.052197 -0.020767 -0.192761 -0.076692 0.542131 0.994421 0.485641 1.115525 0.195680 0.378661
0.295455 0.515153 -0.628454 -0.058200 -0.052197 -0.004356 -0.192761 -0.016086 0.593865 1.050068 0.108225 -0.065457 0.194634 0.083259
0.295455 0.575759 -0.628454 0.161071 -0.052197 0.012055 -0.192761 0.044520 0.647141 1.096678 0.538916 1.162134 0.211709 -0.226977
0.272730 0.606059 -0.702545 0.270698 -0.058351 0.020260 -0.215487 0.074820 0.664597 1.147938 0.125681 -0.014196 0.245604 -0.334192
0.250001 0.636364 -0.776647 0.380341 -0.064505 0.028466 -0.238216 0.105126 0.683711 1.196462 0.558030 1.210658 0.280525 -0.415599
0.227275 0.636364 -0.850739 0.380341 -0.070659 0.028466 -0.260941 0.105126 0.675732 1.227769 0.117702 0.017111 0.300064 -0.382979
0.181821 0.636364 -0.998932 0.380341 -0.082967 0.028466 -0.306396 0.105126 0.661830 1.292493 0.544128 1.275382 0.340332 -0.330518
0.090912 0.575759 -1.295319 0.161071 -0.107584 0.012055 -0.397304 0.044520 0.582892 1.414189 0.038764 0.138807 0.406835 -0.111589
0.068183 0.515153 -1.369422 -0.058200 -0.113739 -0.004356 -0.420033 -0.016086 0.519645 1.439206 0.480881 1.300398 0.420896 0.038279
0.000000 0.393941 -1.591717 -0.496741 -0.132202 -0.037178 -0.488217 -0.137298 0.393941 1.570796 -0.086940 0.270398 0.497236 0.274143
0.000000 0.333335 -1.591717 -0.716011 -0.132202 -0.053589 -0.488217 -0.197904 0.333335 1.570796 0.420275 1.300398 0.512195 0.385119
0.000000 0.242424 -1.591717 -1.044925 -0.132202 -0.078207 -0.488217 -0.288815 0.242424 1.570796 -0.177851 0.270398 0.546598 0.534199
0.022729 0.181818 -1.517615 -1.264196 -0.126047 -0.094618 -0.465488 -0.349421 0.183233 1.446432 0.361084 1.176034 0.557278 0.643921
0.090912 0.121212 -1.295319 -1.483466 -0.107584 -0.111029 -0.397304 -0.410027 0.151517 0.927278 -0.209567 -0.248757 0.540873 0.801156
0.136367 0.090911 -1.147126 -1.593093 -0.095276 -0.119234 -0.351850 -0.440328 0.163892 0.588003 0.373460 0.836760 0.530707 0.896626
0.204546 0.060606 -0.924841 -1.702736 -0.076814 -0.127440 -0.283670 -0.470633 0.213336 0.288053 -0.160124 -0.548706 0.513147 1.028363
0.272730 0.030305 -0.702545 -1.812363 -0.058351 -0.135645 -0.215487 -0.500934 0.274408 0.110664 0.434532 0.659370 0.506080 1.164554
0.340910 0.000000 -0.480260 -1.922007 -0.039889 -0.143852 -0.147307 -0.531239 0.340910 0.000000 -0.093622 -0.659370 0.509956 1.300303
0.454547 0.030305 -0.109771 -1.812363 -0.009117 -0.135645 -0.033669 -0.500934 0.455556 0.066573 0.549179 0.725943 0.459148 1.503684
0.522727 0.030305 0.112514 -1.812363 0.009345 -0.135645 0.034511 -0.500934 0.523605 0.057910 -0.025574 -0.668033 0.459210 -1.502012
0.568182 0.060606 0.260707 -1.702736 0.021653 -0.127440 0.079965 -0.470633 0.571405 0.106265 0.596979 0.774297 0.435023 -1.402494
0.613636 0.090911 0.408901 -1.593093 0.033962 -0.119234 0.125419 -0.440328 0.620334 0.147082 0.023355 -0.627216 0.416631 -1.293313
0.636365 0.151517 0.483003 -1.373822 0.040116 -0.102823 0.148148 -0.379722 0.654154 0.233746 0.630799 0.860961 0.367851 -1.198810
0.659090 0.242424 0.557094 -1.044925 0.046270 -0.078207 0.170874 -0.288815 0.702260 0.352457 0.071461 -0.508504 0.299353 -1.036549
0.659090 0.272729 0.557094 -0.935282 0.046270 -0.070001 0.170874 -0.258510 0.713289 0.392343 0.641828 0.900847 0.275014 -0.986731
0.659090 0.303030 0.557094 -0.825655 0.046270 -0.061796 0.170874 -0.228209 0.725415 0.430948 0.083587 -0.469898 0.251976 -0.928090
0.659090 0.363636 0.557094 -0.606384 0.046270 -0.045384 0.170874 -0.167603 0.752749 0.504165 0.669162 0.974064 0.211467 -0.775736
0.636365 0.393941 0.483003 -0.496741 0.040116 -0.037178 0.148148 -0.137298 0.748431 0.554308 0.079270 -0.419755 0.175601 -0.747405
0.613636 0.424241 0.408901 -0.387114 0.033962 -0.028973 0.125419 -0.106997 0.746009 0.604902 0.666740 1.024657 0.140794 -0.706301
0.568182 0.424241 0.260707 -0.387114 0.021653 -0.028973 0.079965 -0.106997 0.709092 0.641363 0.042352 -0.383294 0.102407 -0.928991
0.477273 0.424241 -0.035680 -0.387114 -0.002963 -0.028973 -0.010944 -0.106997 0.638569 0.726641 0.596217 1.109935 0.064904 1.468870
0.431818 0.424241 -0.183873 -0.387114 -0.015272 -0.028973 -0.056398 -0.106997 0.605349 0.776547 0.009133 -0.333387 0.085285 1.085706
0.409093 0.424241 -0.257964 -0.387114 -0.021426 -0.028973 -0.079124 -0.106997 0.589354 0.803574 0.580221 1.136962 0.101752 0.934055
0.340910 0.393941 -0.480260 -0.496741 -0.039889 -0.037178 -0.147307 -0.137298 0.520969 0.857439 -0.059252 -0.279522 0.174892 0.750245
0.318184 0.363636 -0.554352 -0.606384 -0.046042 -0.045384 -0.170032 -0.167603 0.483189 0.851962 0.542441 1.131484 0.210788 0.778204
0.295455 0.333335 -0.628454 -0.716011 -0.052197 -0.053589 -0.192761 -0.197904 0.445428 0.845568 -0.097013 -0.285917 0.247276 0.798561
0.318184 0.303030 -0.554352 -0.825655 -0.046042 -0.061796 -0.170032 -0.228209 0.439395 0.761008 0.536409 1.046924 0.251407 0.930456
0.363639 0.303030 -0.406158 -0.825655 -0.033734 -0.061796 -0.124578 -0.228209 0.473350 0.694734 -0.063059 -0.352190 0.223190 1.071111
0.409093 0.272729 -0.257964 -0.935282 -0.021426 -0.070001 -0.079124 -0.258510 0.491669 0.588003 0.554728 0.940193 0.229555 1.273775
0.454547 0.272729 -0.109771 -0.935282 -0.009117 -0.070001 -0.033669 -0.258510 0.530089 0.540420 -0.024639 -0.399773 0.218102 1.441282
0.500002 0.272729 0.038423 -0.935282 0.003191 -0.070001 0.011785 -0.258510 0.569546 0.499348 0.594185 0.899121 0.215810 -1.525239
0.568182 0.303030 0.260707 -0.825655 0.021653 -0.061796 0.079965 -0.228209 0.643939 0.489957 0.049754 -0.409164 0.201714 -1.233763
0.613636 0.363636 0.408901 -0.606384 0.033962 -0.045384 0.125419 -0.167603 0.713288 0.534954 0.663534 0.944119 0.176778 -0.928377
0.636365 0.393941 0.483003 -0.496741 0.040116 -0.037178 0.148148 -0.137298 0.748431 0.554308 0.084897 -0.389810 0.175601 -0.747405
0.659090 0.545453 0.557094 0.051427 0.046270 0.003849 0.170874 0.014214 0.855523 0.691336 0.770625 1.081147 0.180205 0.082995
0.659090 0.636364 0.557094 0.380341 0.046270 0.028466 0.170874 0.105126 0.916166 0.767857 0.145540 -0.313289 0.226154 0.551538
0.613636 0.757576 0.408901 0.818882 0.033962 0.061289 0.125419 0.226337 0.974921 0.889988 0.829381 1.203278 0.297127 1.064791
0.590910 0.818182 0.334810 1.038153 0.027808 0.077700 0.102694 0.286943 1.009256 0.945310 0.179875 -0.257967 0.345577 1.227111
0.500002 0.909093 0.038423 1.367067 0.003191 0.102317 0.011785 0.377855 1.037522 1.067953 0.857647 1.325920 0.421042 1.539617
0.477273 0.939394 -0.035680 1.476694 -0.002963 0.110522 -0.010944 0.408155 1.053684 1.100718 0.196037 -0.225202 0.451310 -1.543990
0.431818 0.939394 -0.183873 1.476694 -0.015272 0.110522 -0.056398 0.408155 1.033890 1.139924 0.837853 1.365126 0.454689 -1.433487
0.340910 0.969699 -0.480260 1.586337 -0.039889 0.118729 -0.147307 0.438460 1.027879 1.232730 0.190027 -0.132395 0.503513 -1.246680
0.318184 1.000000 -0.554352 1.695964 -0.046042 0.126934 -0.170032 0.468761 1.049400 1.262741 0.859374 1.395137 0.539290 -1.222828
0.272730 1.000000 -0.702545 1.695964 -0.058351 0.126934 -0.215487 0.468761 1.036524 1.304542 0.177150 -0.090595 0.555299 -1.139910
0.295455 1.000000 -0.628454 1.695964 -0.052197 0.126934 -0.192761 0.468761 1.042734 1.283514 0.865584 1.374109 0.546881 -1.180660
0.363639 1.000000 -0.406158 1.695964 -0.033734 0.126934 -0.124578 0.468761 1.064064 1.222023 0.198481 -0.152086 0.526728 -1.311040
0.500002 1.000000 0.038423 1.695964 0.003191 0.126934 0.011785 0.468761 1.118035 1.107147 0.919554 1.259233 0.511919 1.545661
0.568182 1.000000 0.260707 1.695964 0.021653 0.126934 0.079965 0.468761 1.150144 1.054101 0.230590 -0.205132 0.517993 1.401835
0.704545 0.969699 0.705288 1.586337 0.058578 0.118729 0.216328 0.438460 1.198624 0.942466 0.968035 1.147598 0.527848 1.112458
0.772728 0.969699 0.927584 1.586337 0.077041 0.118729 0.284511 0.438460 1.239930 0.897964 0.271895 -0.249634 0.559261 0.995204
0.840911 0.969699 1.149880 1.586337 0.095504 0.118729 0.352695 0.438460 1.283530 0.856408 1.011635 1.106042 0.596841 0.893382
0.886366 1.000000 1.298073 1.695964 0.107813 0.126934 0.398149 0.468761 1.336280 0.845565 0.324645 -0.260476 0.648417 0.866671
0.954546 1.000000 1.520358 1.695964 0.126275 0.126934 0.466329 0.468761 1.382446 0.808650 1.057801 1.069126 0.692376 0.787999
0.977275 1.000000 1.594460 1.695964 0.132430 0.126934 0.489058 0.468761 1.398237 0.796891 0.340436 -0.272235 0.707884 0.764211
1.000000 0.939394 1.668551 1.476694 0.138583 0.110522 0.511783 0.408155 1.372028 0.754158 1.031593 1.026394 0.682263 0.673224
1.000000 0.878788 1.668551 1.257423 0.138583 0.094111 0.511783 0.347549 1.331266 0.720971 0.299673 -0.305422 0.643792 0.596557
1.000000 0.818182 1.668551 1.038153 0.138583 0.077700 0.511783 0.286943 1.292061 0.685730 0.992388 0.991152 0.608933 0.511001
0.954546 0.727276 1.520358 0.709255 0.126275 0.053084 0.466329 0.196037 1.200036 0.651079 0.207648 -0.340073 0.524034 0.397953
0.931820 0.696970 1.446267 0.599612 0.120121 0.044878 0.443604 0.165731 1.163639 0.642198 0.955991 0.982272 0.490268 0.357545
0.909091 0.636364 1.372164 0.380341 0.113967 0.028466 0.420875 0.105126 1.109688 0.610726 0.153697 -0.371545 0.446187 0.244770
0.886366 0.606059 1.298073 0.270698 0.107813 0.020260 0.398149 0.074820 1.073756 0.599742 0.920059 0.971287 0.415222 0.185754
0.840911 0.636364 1.149880 0.380341 0.095504 0.028466 0.352695 0.105126 1.054558 0.647811 0.134498 -0.323476 0.382546 0.289680
0.840911 0.666665 1.149880 0.489968 0.095504 0.036671 0.352695 0.135426 1.073114 0.670328 0.938616 0.993805 0.395269 0.366617
0.840911 0.787882 1.149880 0.928526 0.095504 0.069495 0.352695 0.256643 1.152341 0.752852 0.213725 -0.240953 0.462810 0.629051
0.886366 0.878788 1.298073 1.257423 0.107813 0.094111 0.398149 0.347549 1.248164 0.781105 1.034439 1.022058 0.557735 0.717646
