0.046155 0.448277 -1.459542 -0.438521 -0.118490 -0.036971 -0.415176 -0.129543 0.450647 1.468197 0.450647 1.468197 0.415381 0.302446
0.061538 0.448277 -1.405462 -0.438521 -0.114100 -0.036971 -0.399792 -0.129543 0.452481 1.434372 0.001834 -0.033826 0.400005 0.313350
0.092307 0.448277 -1.297294 -0.438521 -0.105318 -0.036971 -0.369023 -0.129543 0.457682 1.367719 0.455848 1.401545 0.369254 0.337603
0.107693 0.448277 -1.243206 -0.438521 -0.100927 -0.036971 -0.353637 -0.129543 0.461032 1.335027 0.005184 -0.066518 0.353878 0.351134
0.138462 0.448277 -1.135038 -0.438521 -0.092146 -0.036971 -0.322868 -0.129543 0.469174 1.271216 0.463990 1.337734 0.323132 0.381561
0.153846 0.448277 -1.080958 -0.438521 -0.087755 -0.036971 -0.307485 -0.129543 0.473942 1.240198 0.009952 -0.097536 0.307762 0.398730
0.169231 0.517243 -1.026869 -0.205063 -0.083364 -0.017289 -0.292099 -0.060577 0.544223 1.254594 0.534272 1.352130 0.297402 0.204487
0.169231 0.586208 -1.026869 0.028395 -0.083364 0.002394 -0.292099 0.008388 0.610147 1.289749 0.075875 -0.062380 0.317673 -0.028709
0.169231 0.620688 -1.026869 0.145115 -0.083364 0.012234 -0.292099 0.042868 0.643345 1.304615 0.567470 1.366996 0.332741 -0.145719
0.123076 0.655173 -1.189126 0.261853 -0.096537 0.022076 -0.338254 0.077353 0.666633 1.385107 0.099163 0.018112 0.389860 -0.224819
0.092307 0.655173 -1.297294 0.261853 -0.105318 0.022076 -0.369023 0.077353 0.661644 1.430828 0.562481 1.412716 0.416837 -0.206625
0.076924 0.655173 -1.351374 0.261853 -0.109709 0.022076 -0.384407 0.077353 0.659674 1.453921 0.097193 0.041205 0.430515 -0.198576
0.046155 0.620688 -1.459542 0.145115 -0.118490 0.012234 -0.415176 0.042868 0.622402 1.496572 0.525209 1.455367 0.444709 -0.102888
0.015386 0.551723 -1.567711 -0.088343 -0.127271 -0.007448 -0.445945 -0.026097 0.551937 1.542917 0.026728 0.087550 0.455014 0.058454
0.015386 0.482757 -1.567711 -0.321801 -0.127271 -0.027131 -0.445945 -0.095063 0.483002 1.538937 0.456274 1.451387 0.446459 0.210027
0.000000 0.413792 -1.621799 -0.555259 -0.131663 -0.046813 -0.461331 -0.164028 0.413792 1.570796 -0.042482 0.119410 0.463773 0.341614
0.046155 0.241381 -1.459542 -1.138895 -0.118490 -0.096019 -0.415176 -0.336439 0.245754 1.381865 0.288236 1.262456 0.469839 0.681022
0.092307 0.172416 -1.297294 -1.372353 -0.105318 -0.115701 -0.369023 -0.405404 0.195571 1.079250 -0.092666 -0.183206 0.468668 0.832341
0.169231 0.103451 -1.026869 -1.605811 -0.083364 -0.135384 -0.292099 -0.474369 0.198346 0.548685 0.291012 0.731891 0.461952 1.018867
0.246153 0.034485 -0.756453 -1.839269 -0.061411 -0.155066 -0.215178 -0.543335 0.248557 0.139191 -0.042455 -0.592700 0.478015 1.193716
0.323077 0.000000 -0.486028 -1.956007 -0.039457 -0.164908 -0.138254 -0.577820 0.323077 0.000000 0.365532 0.592700 0.481601 1.335944
0.415384 0.000000 -0.161523 -1.956007 -0.013113 -0.164908 -0.045946 -0.577820 0.415384 0.000000 0.049852 -0.592700 0.463613 1.491447
0.553847 0.068965 0.325238 -1.722549 0.026404 -0.145226 0.092516 -0.508855 0.558124 0.123883 0.508272 0.716583 0.403125 -1.390948
0.599999 0.103451 0.487487 -1.605811 0.039576 -0.135384 0.138669 -0.474369 0.608852 0.170739 0.100580 -0.545843 0.383806 -1.286398
0.630768 0.172416 0.595655 -1.372353 0.048357 -0.115701 0.169438 -0.405404 0.653908 0.266825 0.553328 0.812668 0.334934 -1.174914
0.646154 0.241381 0.649743 -1.138895 0.052748 -0.096019 0.184823 -0.336439 0.689768 0.357513 0.136440 -0.455155 0.287293 -1.068450
0.646154 0.379312 0.649743 -0.671979 0.052748 -0.056654 0.184823 -0.198508 0.749261 0.530828 0.612821 0.985984 0.202205 -0.821082
0.615385 0.413792 0.541575 -0.555259 0.043967 -0.046813 0.154054 -0.164028 0.741567 0.591969 0.128747 -0.394014 0.161222 -0.816743
0.584616 0.448277 0.433407 -0.438521 0.035185 -0.036971 0.123285 -0.129543 0.736701 0.654160 0.607954 1.048174 0.123974 -0.810143
0.538461 0.482757 0.271150 -0.321801 0.022013 -0.027131 0.077130 -0.095063 0.723184 0.730906 0.115229 -0.317268 0.080051 -0.889164
0.507692 0.482757 0.162982 -0.321801 0.013231 -0.027131 0.046361 -0.095063 0.700575 0.760229 0.585346 1.077497 0.051073 -1.117044
0.430770 0.482757 -0.107435 -0.321801 -0.008722 -0.027131 -0.030560 -0.095063 0.647007 0.842245 0.061661 -0.235252 0.037324 1.259754
0.415384 0.482757 -0.161523 -0.321801 -0.013113 -0.027131 -0.045946 -0.095063 0.636866 0.860272 0.575205 1.095523 0.050697 1.120577
0.384615 0.448277 -0.269691 -0.438521 -0.021894 -0.036971 -0.076715 -0.129543 0.590662 0.861685 0.015456 -0.233839 0.077818 1.036131
0.384615 0.379312 -0.269691 -0.671979 -0.021894 -0.056654 -0.076715 -0.198508 0.540191 0.778456 0.524735 1.012295 0.112304 1.202017
0.415384 0.310347 -0.161523 -0.905437 -0.013113 -0.076336 -0.045946 -0.267473 0.518516 0.641663 -0.006218 -0.370632 0.157820 1.400678
0.446153 0.275861 -0.053355 -1.022175 -0.004331 -0.086178 -0.015177 -0.301959 0.524550 0.553774 0.530768 0.924407 0.186089 1.520577
0.492308 0.275861 0.108902 -1.022175 0.008841 -0.086178 0.030978 -0.301959 0.564329 0.510749 0.033561 -0.413658 0.188038 -1.468564
0.538461 0.275861 0.271150 -1.022175 0.022013 -0.086178 0.077130 -0.301959 0.605012 0.473451 0.571451 0.887108 0.200868 -1.320710
0.599999 0.344827 0.487487 -0.788717 0.039576 -0.066496 0.138669 -0.232993 0.692029 0.521618 0.120578 -0.365490 0.181114 -1.033942
0.630768 0.379312 0.595655 -0.671979 0.048357 -0.056654 0.169438 -0.198508 0.736034 0.541411 0.615456 0.906901 0.188245 -0.864241
0.646154 0.448277 0.649743 -0.438521 0.052748 -0.036971 0.184823 -0.129543 0.786427 0.606527 0.170971 -0.300374 0.185284 -0.611329
0.630768 0.586208 0.595655 0.028395 0.048357 0.002394 0.169438 0.008388 0.861109 0.748799 0.690138 1.049173 0.210484 0.049465
0.599999 0.655173 0.487487 0.261853 0.039576 0.022076 0.138669 0.077353 0.888398 0.829327 0.198260 -0.219846 0.238336 0.508835
0.569230 0.724139 0.379319 0.495311 0.030794 0.041759 0.107899 0.146319 0.921086 0.904602 0.722826 1.124447 0.284096 0.935391
0.461539 0.862069 0.000734 0.962227 0.000060 0.081124 0.000209 0.284249 0.977846 1.079243 0.255019 -0.045205 0.400739 1.570062
0.415384 0.896555 -0.161523 1.078965 -0.013113 0.090966 -0.045946 0.318735 0.988106 1.136928 0.733087 1.182132 0.437643 -1.427631
0.353846 0.931035 -0.377860 1.195685 -0.030676 0.100807 -0.107484 0.353215 0.996008 1.207600 0.262921 0.025468 0.481845 -1.275396
0.276922 0.965520 -0.648284 1.312423 -0.052630 0.110649 -0.184408 0.387700 1.004447 1.291483 0.741526 1.266015 0.536855 -1.126820
0.230770 0.965520 -0.810533 1.312423 -0.065801 0.110649 -0.230561 0.387700 0.992715 1.336187 0.251189 0.070172 0.554405 -1.034291
0.215384 0.965520 -0.864621 1.312423 -0.070193 0.110649 -0.245947 0.387700 0.989252 1.351314 0.738063 1.281143 0.560978 -1.005485
0.184615 0.931035 -0.972789 1.195685 -0.078974 0.100807 -0.276716 0.353215 0.949162 1.375046 0.211099 0.093903 0.545155 -0.906247
0.230770 0.931035 -0.810533 1.195685 -0.065801 0.100807 -0.230561 0.353215 0.959208 1.327829 0.748109 1.233926 0.523240 -0.992490
0.276922 0.931035 -0.648284 1.195685 -0.052630 0.100807 -0.184408 0.353215 0.971345 1.281695 0.223236 0.047768 0.504607 -1.089637
0.353846 0.931035 -0.377860 1.195685 -0.030676 0.100807 -0.107484 0.353215 0.996008 1.207600 0.772772 1.159831 0.481845 -1.275396
0.430770 0.931035 -0.107435 1.195685 -0.008722 0.100807 -0.030560 0.353215 1.025860 1.137449 0.253088 -0.022383 0.470697 -1.484490
0.599999 0.965520 0.487487 1.312423 0.039576 0.110649 0.138669 0.387700 1.136762 1.014771 0.883674 1.037154 0.522911 1.227305
0.661537 0.965520 0.703823 1.312423 0.057139 0.110649 0.200207 0.387700 1.170410 0.970098 0.286736 -0.067055 0.542485 1.094118
0.769230 0.965520 1.082417 1.312423 0.087874 0.110649 0.307900 0.387700 1.234481 0.898070 0.947745 0.965126 0.590770 0.899620
0.830769 0.965520 1.298753 1.312423 0.105437 0.110649 0.369438 0.387700 1.273737 0.860274 0.325992 -0.104851 0.625053 0.809513
0.846154 0.965520 1.352841 1.312423 0.109828 0.110649 0.384824 0.387700 1.283825 0.851190 0.957833 0.956041 0.634268 0.789121
0.846154 0.931035 1.352841 1.195685 0.109828 0.100807 0.384824 0.353215 1.258095 0.833123 0.300262 -0.122918 0.607216 0.742596
0.846154 0.827589 1.352841 0.845507 0.109828 0.071284 0.384824 0.249769 1.183588 0.774307 0.883327 0.897225 0.531258 0.575706
0.846154 0.793104 1.352841 0.728769 0.109828 0.061442 0.384824 0.215284 1.159738 0.753047 0.276411 -0.144178 0.508097 0.510058
0.846154 0.689653 1.352841 0.378573 0.109828 0.031917 0.384824 0.111834 1.091604 0.683847 0.815193 0.828025 0.447460 0.282820
0.846154 0.620688 1.352841 0.145115 0.109828 0.012234 0.384824 0.042868 1.049395 0.632883 0.234203 -0.195142 0.416514 0.110939
0.892307 0.551723 1.515090 -0.088343 0.123000 -0.007448 0.430976 -0.026097 1.049099 0.553774 0.814897 0.748917 0.440354 -0.060480
0.907693 0.551723 1.569178 -0.088343 0.127391 -0.007448 0.446362 -0.026097 1.062216 0.546157 0.247320 -0.202760 0.455423 -0.058400
0.969231 0.551723 1.785515 -0.088343 0.144953 -0.007448 0.507900 -0.026097 1.115261 0.517493 0.867941 0.720253 0.515881 -0.051337
1.000000 0.689653 1.893683 0.378573 0.153735 0.031917 0.538669 0.111834 1.214752 0.603748 0.346811 -0.116504 0.585061 0.204703
1.000000 0.758619 1.893683 0.612031 0.153735 0.051600 0.538669 0.180799 1.255190 0.648994 0.908379 0.765499 0.615260 0.323825
0.953845 0.896555 1.731426 1.078965 0.140562 0.090966 0.492515 0.318735 1.309057 0.754447 0.400678 -0.011052 0.657260 0.574375
0.907693 0.965520 1.569178 1.312423 0.127391 0.110649 0.446362 0.387700 1.325192 0.816259 0.924515 0.827311 0.673384 0.715181
0.861538 1.000000 1.406921 1.429143 0.114218 0.120489 0.400207 0.422180 1.319942 0.859642 0.395428 0.032331 0.671067 0.812110
