0.000000 0.441179 -1.615528 -0.497495 -0.117770 -0.040388 -0.459086 -0.157438 0.441179 1.570796 0.441179 1.570796 0.459435 0.330370
0.022224 0.441179 -1.537322 -0.497495 -0.112069 -0.040388 -0.436862 -0.157438 0.441738 1.520465 0.000559 -0.050331 0.437229 0.345895
0.044444 0.470588 -1.459128 -0.404563 -0.106368 -0.032843 -0.414641 -0.128028 0.472682 1.476631 0.472123 1.526963 0.414801 0.299482
0.066668 0.470588 -1.380922 -0.404563 -0.100667 -0.032843 -0.392418 -0.128028 0.475287 1.430063 0.003164 -0.096900 0.392586 0.315367
0.088889 0.500002 -1.302728 -0.311616 -0.094967 -0.025298 -0.370197 -0.098614 0.507842 1.394858 0.504678 1.491758 0.372451 0.260338
0.111113 0.558826 -1.224522 -0.125737 -0.089266 -0.010208 -0.347973 -0.039791 0.569765 1.374524 0.065087 -0.117234 0.361985 0.113856
0.111113 0.588235 -1.224522 -0.032805 -0.089266 -0.002663 -0.347973 -0.010381 0.598637 1.384105 0.533550 1.501338 0.371167 0.029825
0.111113 0.617649 -1.224522 0.060142 -0.089266 0.004882 -0.347973 0.019033 0.627564 1.392804 0.094014 -0.108534 0.382397 -0.054641
0.111113 0.647059 -1.224522 0.153074 -0.089266 0.012427 -0.347973 0.048442 0.656530 1.400735 0.562516 1.509270 0.395499 -0.138323
0.088889 0.647059 -1.302728 0.153074 -0.094967 0.012427 -0.370197 0.048442 0.653136 1.434277 0.090620 -0.074992 0.415186 -0.130116
0.066668 0.647059 -1.380922 0.153074 -0.100667 0.012427 -0.392418 0.048442 0.650484 1.468126 0.559864 1.543118 0.435115 -0.122824
0.044444 0.647059 -1.459128 0.153074 -0.106368 0.012427 -0.414641 0.048442 0.648583 1.502217 0.088719 -0.040901 0.455260 -0.116302
0.022224 0.647059 -1.537322 0.153074 -0.112069 0.012427 -0.436862 0.048442 0.647440 1.536464 0.558721 1.577365 0.475586 -0.110435
0.022224 0.617649 -1.537322 0.060142 -0.112069 0.004882 -0.436862 0.019033 0.618049 1.534830 0.059328 -0.042534 0.464748 -0.043539
0.000000 0.588235 -1.615528 -0.032805 -0.117770 -0.002663 -0.459086 -0.010381 0.588235 1.570796 0.528907 1.613331 0.476906 0.022609
0.000000 0.529412 -1.615528 -0.218684 -0.117770 -0.017753 -0.459086 -0.069205 0.529412 1.570796 0.000504 -0.042534 0.464441 0.149619
0.000000 0.470588 -1.615528 -0.404563 -0.117770 -0.032843 -0.459086 -0.128028 0.470588 1.570796 0.470084 1.613331 0.459230 0.271967
0.000000 0.411765 -1.615528 -0.590442 -0.117770 -0.047933 -0.459086 -0.186852 0.411765 1.570796 -0.058319 -0.042534 0.461518 0.386534
0.000000 0.323532 -1.615528 -0.869253 -0.117770 -0.070568 -0.459086 -0.275085 0.323532 1.570796 0.381851 1.613331 0.478680 0.539832
0.022224 0.264708 -1.537322 -1.055133 -0.112069 -0.085658 -0.436862 -0.333909 0.265639 1.487037 -0.116211 -0.126294 0.478154 0.652612
0.044444 0.205880 -1.459128 -1.241026 -0.106368 -0.100749 -0.414641 -0.392737 0.210623 1.358184 0.326834 1.484478 0.485840 0.758274
0.088889 0.147057 -1.302728 -1.426905 -0.094967 -0.115839 -0.370197 -0.451560 0.171834 1.027109 -0.155000 -0.457369 0.484157 0.884088
0.133333 0.088233 -1.146327 -1.612784 -0.083566 -0.130929 -0.325753 -0.510384 0.159884 0.584590 0.314884 1.041959 0.493606 1.002725
0.177777 0.058824 -0.989927 -1.705716 -0.072164 -0.138474 -0.281308 -0.539793 0.187257 0.319544 -0.127627 -0.722415 0.489228 1.090379
0.244446 0.029410 -0.755321 -1.798663 -0.055062 -0.146019 -0.214640 -0.569207 0.246209 0.119736 0.373836 0.842151 0.480304 1.210198
0.333334 0.000000 -0.442520 -1.891595 -0.032259 -0.153564 -0.125751 -0.598617 0.333334 0.000000 -0.040501 -0.842151 0.475997 1.363737
0.377779 0.000000 -0.286120 -1.891595 -0.020858 -0.153564 -0.081307 -0.598617 0.377779 0.000000 0.418280 0.842151 0.466230 1.435798
0.422223 0.000000 -0.129720 -1.891595 -0.009456 -0.153564 -0.036863 -0.598617 0.422223 0.000000 0.003943 -0.842151 0.460563 1.509294
0.466668 0.029410 0.026680 -1.798663 0.001945 -0.146019 0.007582 -0.569207 0.467593 0.062937 0.463650 0.905088 0.429743 -1.557477
0.511112 0.058824 0.183081 -1.705716 0.013346 -0.138474 0.052026 -0.539793 0.514486 0.114585 0.050835 -0.790503 0.403629 -1.474711
0.555556 0.117647 0.339481 -1.519837 0.024748 -0.123384 0.096471 -0.480970 0.567876 0.208681 0.517041 0.999185 0.354806 -1.372848
0.600001 0.176471 0.495881 -1.333958 0.036149 -0.108294 0.140915 -0.422146 0.625414 0.286051 0.108373 -0.713133 0.315798 -1.248620
0.622225 0.235294 0.574087 -1.148079 0.041850 -0.093204 0.163139 -0.363323 0.665227 0.361529 0.556854 1.074663 0.276942 -1.148758
0.644445 0.382355 0.652281 -0.683374 0.047550 -0.055478 0.185359 -0.216262 0.749336 0.535485 0.192482 -0.539177 0.200613 -0.862191
0.644445 0.441179 0.652281 -0.497495 0.047550 -0.040388 0.185359 -0.157438 0.780992 0.600307 0.588509 1.139484 0.186222 -0.704126
0.644445 0.470588 0.652281 -0.404563 0.047550 -0.032843 0.185359 -0.128028 0.797974 0.630723 0.209465 -0.508761 0.185716 -0.604460
0.600001 0.588235 0.495881 -0.032805 0.036149 -0.002663 0.140915 -0.010381 0.840251 0.775497 0.630786 1.284258 0.191146 -0.073539
0.577780 0.617649 0.417687 0.060142 0.030449 0.004882 0.118694 0.019033 0.845766 0.818737 0.214980 -0.465521 0.198068 0.158996
0.555556 0.617649 0.339481 0.060142 0.024748 0.004882 0.096471 0.019033 0.830743 0.838275 0.615762 1.303796 0.185604 0.194788
0.488888 0.647059 0.104875 0.153074 0.007645 0.012427 0.029802 0.048442 0.810985 0.923750 0.195223 -0.380046 0.190321 1.019265
0.466668 0.647059 0.026680 0.153074 0.001945 0.012427 0.007582 0.048442 0.797787 0.945975 0.602564 1.326020 0.188126 1.415544
0.422223 0.647059 -0.129720 0.153074 -0.009456 0.012427 -0.036863 0.048442 0.772630 0.992647 0.170066 -0.333373 0.191553 -0.920317
0.399999 0.647059 -0.207926 0.153074 -0.015158 0.012427 -0.059086 0.048442 0.760713 1.017116 0.590647 1.350489 0.197041 -0.686729
0.377779 0.617649 -0.286120 0.060142 -0.020858 0.004882 -0.081307 0.019033 0.724022 1.021862 0.133375 -0.328627 0.178194 -0.229943
0.377779 0.558826 -0.286120 -0.125737 -0.020858 -0.010208 -0.081307 -0.039791 0.674539 0.976344 0.541165 1.304972 0.128681 0.455125
0.377779 0.529412 -0.286120 -0.218684 -0.020858 -0.017753 -0.081307 -0.069205 0.650380 0.951013 0.109215 -0.353959 0.107501 0.705165
0.377779 0.500002 -0.286120 -0.311616 -0.020858 -0.025298 -0.081307 -0.098614 0.626673 0.923750 0.517458 1.277709 0.091022 0.881298
0.399999 0.500002 -0.207926 -0.311616 -0.015158 -0.025298 -0.059086 -0.098614 0.640314 0.896058 0.122856 -0.381650 0.071870 1.030990
0.422223 0.500002 -0.129720 -0.311616 -0.009456 -0.025298 -0.036863 -0.098614 0.654427 0.869537 0.531571 1.251188 0.055073 1.213074
0.444444 0.500002 -0.051526 -0.311616 -0.003756 -0.025298 -0.014642 -0.098614 0.668979 0.844157 0.137407 -0.407031 0.043457 1.423395
0.466668 0.529412 0.026680 -0.218684 0.001945 -0.017753 0.007582 -0.069205 0.705730 0.848306 0.568323 1.255337 0.070734 -1.461676
0.488888 0.529412 0.104875 -0.218684 0.007645 -0.017753 0.029802 -0.069205 0.720617 0.825173 0.152294 -0.430164 0.076380 -1.164160
0.511112 0.588235 0.183081 -0.032805 0.013346 -0.002663 0.052026 -0.010381 0.779266 0.855437 0.626973 1.285602 0.139235 -0.196955
0.533336 0.617649 0.261287 0.060142 0.019047 0.004882 0.074250 0.019033 0.816050 0.858521 0.189077 -0.427081 0.175087 0.250928
0.533336 0.676473 0.261287 0.246021 0.019047 0.019973 0.074250 0.077856 0.861431 0.903164 0.672353 1.330245 0.229718 0.809101
0.511112 0.735296 0.183081 0.431900 0.013346 0.035063 0.052026 0.136680 0.895487 0.963360 0.223133 -0.366885 0.281068 1.207088
0.511112 0.764706 0.183081 0.524833 0.013346 0.042607 0.052026 0.166089 0.919788 0.981610 0.696655 1.348496 0.310017 1.267235
0.466668 0.823529 0.026680 0.710712 0.001945 0.057697 0.007582 0.224913 0.946562 1.055246 0.249907 -0.293249 0.364522 1.537099
0.444444 0.852943 -0.051526 0.803658 -0.003756 0.065243 -0.014642 0.254327 0.961791 1.090435 0.711885 1.383684 0.394130 -1.513288
0.399999 0.882353 -0.207926 0.896591 -0.015158 0.072787 -0.059086 0.283736 0.968786 1.145174 0.256901 -0.238510 0.427371 -1.365486
0.377779 0.911767 -0.286120 0.989537 -0.020858 0.080333 -0.081307 0.313150 0.986933 1.177992 0.730031 1.416501 0.459925 -1.316764
0.399999 0.911767 -0.207926 0.989537 -0.015158 0.080333 -0.059086 0.313150 0.995650 1.157373 0.265619 -0.259129 0.456521 -1.384305
0.444444 0.911767 -0.051526 0.989537 -0.003756 0.080333 -0.014642 0.313150 1.014322 1.117236 0.748703 1.376365 0.452918 -1.524073
0.533336 0.941176 0.261287 1.082470 0.019047 0.087877 0.074250 0.342560 1.081786 1.055245 0.333082 -0.321120 0.487775 1.357348
0.600001 0.941176 0.495881 1.082470 0.036149 0.087877 0.140915 0.342560 1.116160 1.003258 0.783078 1.324378 0.502263 1.180537
0.644445 0.941176 0.652281 1.082470 0.047550 0.087877 0.185359 0.342560 1.140668 0.970397 0.357590 -0.353981 0.516497 1.074811
0.711113 0.970590 0.886888 1.175416 0.064653 0.095423 0.252027 0.371974 1.203216 0.938485 0.845626 1.292466 0.570224 0.975303
0.800002 0.970590 1.199688 1.175416 0.087456 0.095423 0.340916 0.371974 1.257795 0.881447 0.412169 -0.411019 0.614704 0.828936
0.844446 1.000000 1.356088 1.268349 0.098857 0.102967 0.385361 0.401383 1.308851 0.869535 0.896681 1.280554 0.664147 0.805761
0.911111 0.970590 1.590683 1.175416 0.115959 0.095423 0.452025 0.371974 1.331229 0.816997 0.434547 -0.463557 0.682616 0.688552
0.933335 0.970590 1.668889 1.175416 0.121660 0.095423 0.474249 0.371974 1.346536 0.804963 0.911989 1.268521 0.697531 0.665120
0.955556 0.941176 1.747083 1.082470 0.127360 0.087877 0.496470 0.342560 1.341231 0.777817 0.429242 -0.490703 0.692021 0.603977
0.977779 0.882353 1.825289 0.896591 0.133061 0.072787 0.518694 0.283736 1.317042 0.734142 0.887800 1.224846 0.669476 0.500553
0.977779 0.823529 1.825289 0.710712 0.133061 0.057697 0.518694 0.224913 1.278379 0.699974 0.390579 -0.524871 0.633926 0.409144
0.955556 0.823529 1.747083 0.710712 0.127360 0.057697 0.496470 0.224913 1.261462 0.711324 0.870884 1.236195 0.615875 0.425366
0.933335 0.794120 1.668889 0.617779 0.121660 0.050153 0.474249 0.195503 1.225455 0.704982 0.354572 -0.531213 0.580655 0.391011
0.911111 0.794120 1.590683 0.617779 0.115959 0.050153 0.452025 0.195503 1.208615 0.716898 0.854043 1.248111 0.562650 0.408210
0.888891 0.794120 1.512489 0.617779 0.110258 0.050153 0.429805 0.195503 1.191953 0.729147 0.337910 -0.518964 0.544959 0.426892
0.888891 0.823529 1.512489 0.710712 0.110258 0.057697 0.429805 0.224913 1.211746 0.747248 0.873835 1.266212 0.563517 0.482106
0.888891 0.852943 1.512489 0.803658 0.110258 0.065243 0.429805 0.254327 1.231925 0.764763 0.358090 -0.501448 0.582972 0.534313
0.933335 0.911767 1.668889 0.989537 0.121660 0.080333 0.474249 0.313150 1.304773 0.773709 0.946684 1.275157 0.655616 0.583587
0.955556 0.941176 1.747083 1.082470 0.127360 0.087877 0.496470 0.342560 1.341231 0.777817 0.394547 -0.497340 0.692021 0.603977
0.977779 0.970590 1.825289 1.175416 0.133061 0.095423 0.518694 0.371974 1.377715 0.781708 0.983168 1.279048 0.728478 0.622134
0.977779 1.000000 1.825289 1.268349 0.133061 0.102967 0.518694 0.401383 1.398590 0.796633 0.415422 -0.482416 0.749421 0.658582
1.000000 1.000000 1.903483 1.268349 0.138761 0.102967 0.540914 0.401383 1.414214 0.785398 0.998792 1.267814 0.764968 0.638391
