0.043478 0.416667 -1.559627 -0.591436 -0.120454 -0.052012 -0.425970 -0.183933 0.418929 1.466825 0.418929 1.466825 0.429227 0.407616
0.065219 0.416667 -1.480027 -0.591436 -0.114306 -0.052012 -0.404229 -0.183933 0.421740 1.415531 0.002811 -0.051294 0.407660 0.427023
0.086956 0.416667 -1.400438 -0.591436 -0.108159 -0.052012 -0.382492 -0.183933 0.425644 1.365055 0.422833 1.416349 0.386116 0.448237
0.108697 0.416667 -1.320838 -0.591436 -0.102012 -0.052012 -0.360751 -0.183933 0.430612 1.315611 0.007779 -0.100737 0.364592 0.471506
0.130434 0.444443 -1.241249 -0.502124 -0.095865 -0.044158 -0.339014 -0.156158 0.463187 1.285333 0.455408 1.386071 0.339935 0.431654
0.130434 0.472222 -1.241249 -0.412798 -0.095865 -0.036302 -0.339014 -0.128378 0.489905 1.301302 0.034497 -0.084769 0.339025 0.361994
0.152175 0.555557 -1.161649 -0.144835 -0.089717 -0.012737 -0.317273 -0.045043 0.576022 1.303440 0.541525 1.388209 0.328751 0.141027
0.152175 0.583333 -1.161649 -0.055523 -0.089717 -0.004883 -0.317273 -0.017267 0.602855 1.315612 0.061330 -0.072597 0.337093 0.054371
0.130434 0.638888 -1.241249 0.123114 -0.095865 0.010827 -0.339014 0.038288 0.652067 1.369406 0.590737 1.442002 0.378999 -0.112462
0.130434 0.666668 -1.241249 0.212439 -0.095865 0.018682 -0.339014 0.066068 0.679308 1.377586 0.088571 -0.064416 0.392207 -0.192469
0.108697 0.666668 -1.320838 0.212439 -0.102012 0.018682 -0.360751 0.066068 0.675471 1.409173 0.586900 1.473590 0.411141 -0.181132
0.086956 0.666668 -1.400438 0.212439 -0.108159 0.018682 -0.382492 0.066068 0.672315 1.441094 0.085415 -0.032495 0.430344 -0.171042
0.065219 0.666668 -1.480027 0.212439 -0.114306 0.018682 -0.404229 0.066068 0.669851 1.473279 0.584435 1.505774 0.449774 -0.162009
0.043478 0.638888 -1.559627 0.123114 -0.120454 0.010827 -0.425970 0.038288 0.640366 1.502848 0.055931 -0.002926 0.458432 -0.089643
0.021741 0.583333 -1.639215 -0.055523 -0.126601 -0.004883 -0.447707 -0.017267 0.583738 1.533544 0.527807 1.536469 0.461965 0.038550
0.000000 0.527778 -1.718816 -0.234161 -0.132749 -0.020593 -0.469448 -0.072823 0.527778 1.570796 -0.000030 0.034327 0.473058 0.153898
0.000000 0.472222 -1.718816 -0.412798 -0.132749 -0.036302 -0.469448 -0.128378 0.472222 1.570796 0.472252 1.536469 0.469456 0.266940
0.000000 0.388887 -1.718816 -0.680761 -0.132749 -0.059867 -0.469448 -0.211713 0.388887 1.570796 -0.083365 0.034327 0.476310 0.423671
0.043478 0.222221 -1.559627 -1.216673 -0.120454 -0.106996 -0.425970 -0.378379 0.226435 1.377585 0.309799 1.343258 0.492515 0.726300
0.086956 0.138890 -1.400438 -1.484622 -0.108159 -0.130560 -0.382492 -0.461710 0.163866 1.011422 -0.145934 -0.331836 0.505538 0.878962
0.152175 0.083335 -1.161649 -1.663260 -0.089717 -0.146270 -0.317273 -0.517265 0.173499 0.501019 0.319433 0.832855 0.499745 1.020607
0.217391 0.027780 -0.922872 -1.841897 -0.071276 -0.161980 -0.252057 -0.572821 0.219158 0.127098 -0.100275 -0.705756 0.508531 1.156266
0.304347 0.000000 -0.604494 -1.931223 -0.046687 -0.169835 -0.165101 -0.600600 0.304347 0.000000 0.404622 0.705756 0.497634 1.302529
0.391306 0.000000 -0.286104 -1.931223 -0.022097 -0.169835 -0.078142 -0.600600 0.391306 0.000000 -0.013315 -0.705756 0.475907 1.441417
0.456522 0.000000 -0.047327 -1.931223 -0.003655 -0.169835 -0.012926 -0.600600 0.456522 0.000000 0.469837 0.705756 0.469626 1.549278
0.521741 0.055555 0.191462 -1.752585 0.014787 -0.154126 0.052293 -0.545045 0.524690 0.106081 0.054853 -0.599675 0.417183 -1.475147
0.608697 0.166666 0.509840 -1.395311 0.039376 -0.122706 0.139249 -0.433934 0.631102 0.267257 0.576249 0.866933 0.333267 -1.260279
0.630434 0.250001 0.589428 -1.127348 0.045523 -0.099141 0.160986 -0.350599 0.678195 0.377532 0.101946 -0.489401 0.272165 -1.140339
0.630434 0.333332 0.589428 -0.859398 0.045523 -0.075577 0.160986 -0.267269 0.713132 0.486370 0.611186 0.975770 0.210818 -1.028658
0.630434 0.416667 0.589428 -0.591436 0.045523 -0.052012 0.160986 -0.183933 0.755684 0.584014 0.144498 -0.391756 0.169418 -0.851829
0.630434 0.472222 0.589428 -0.412798 0.045523 -0.036302 0.160986 -0.128378 0.787681 0.642888 0.643183 1.034645 0.161010 -0.673182
0.608697 0.555557 0.509840 -0.144835 0.039376 -0.012737 0.139249 -0.045043 0.824109 0.739787 0.180926 -0.294857 0.163723 -0.312849
0.565219 0.583333 0.350651 -0.055523 0.027082 -0.004883 0.095771 -0.017267 0.812250 0.801168 0.631324 1.096025 0.148801 -0.178383
0.478263 0.638888 0.032273 0.123114 0.002493 0.010827 0.008815 0.038288 0.798069 0.928201 0.166745 -0.167824 0.169669 1.344520
0.434784 0.666668 -0.126915 0.212439 -0.009802 0.018682 -0.034664 0.066068 0.795917 0.992893 0.629172 1.160718 0.200243 -1.087610
0.413044 0.666668 -0.206516 0.212439 -0.015950 0.018682 -0.056404 0.066068 0.784252 1.016115 0.155080 -0.144602 0.205127 -0.864138
0.369566 0.638888 -0.365705 0.123114 -0.028244 0.010827 -0.099882 0.038288 0.738077 1.046372 0.582996 1.190975 0.196689 -0.366053
0.369566 0.611113 -0.365705 0.033802 -0.028244 0.002973 -0.099882 0.010512 0.714169 1.026897 0.131173 -0.164077 0.173336 -0.104861
0.347828 0.555557 -0.445293 -0.144835 -0.034391 -0.012737 -0.121620 -0.045043 0.655461 1.011415 0.524288 1.175492 0.149017 0.354696
0.369566 0.444443 -0.365705 -0.502124 -0.028244 -0.044158 -0.099882 -0.156158 0.578021 0.877126 0.053733 -0.298366 0.102965 1.001750
0.413044 0.444443 -0.206516 -0.502124 -0.015950 -0.044158 -0.056404 -0.156158 0.606741 0.821999 0.553008 1.120366 0.061699 1.224179
0.456522 0.416667 -0.047327 -0.591436 -0.003655 -0.052012 -0.012926 -0.183933 0.618081 0.739787 0.065073 -0.380579 0.054341 1.500636
0.500000 0.444443 0.111862 -0.502124 0.008639 -0.044158 0.030552 -0.156158 0.668976 0.726640 0.603904 1.107219 0.039480 -1.377589
0.543478 0.472222 0.271051 -0.412798 0.020934 -0.036302 0.074030 -0.128378 0.719974 0.715359 0.116070 -0.391860 0.074082 -1.047718
0.586956 0.527778 0.430239 -0.234161 0.033228 -0.020593 0.117508 -0.072823 0.789346 0.732360 0.673275 1.124221 0.131189 -0.554797
0.608697 0.638888 0.509840 0.123114 0.039376 0.010827 0.139249 0.038288 0.882434 0.809593 0.209159 -0.314627 0.219318 0.268329
0.608697 0.694444 0.509840 0.301751 0.039376 0.026537 0.139249 0.093843 0.923452 0.851103 0.714293 1.165731 0.264600 0.593010
0.586956 0.749999 0.430239 0.480389 0.033228 0.042246 0.117508 0.149398 0.952374 0.906750 0.238081 -0.258981 0.304166 0.904315
0.543478 0.833334 0.271051 0.748352 0.020934 0.065811 0.074030 0.232734 0.994894 0.992895 0.756813 1.251876 0.371340 1.262827
0.500000 0.861110 0.111862 0.837664 0.008639 0.073666 0.030552 0.260509 0.995746 1.044729 0.238932 -0.207147 0.392851 1.454052
0.456522 0.888889 -0.047327 0.926989 -0.003655 0.081521 -0.012926 0.288289 0.999268 1.096338 0.760336 1.303485 0.419640 -1.525989
0.434784 0.916665 -0.126915 1.016301 -0.009802 0.089375 -0.034664 0.316064 1.014550 1.127910 0.254215 -0.175575 0.448558 -1.461561
0.413044 0.916665 -0.206516 1.016301 -0.015950 0.089375 -0.056404 0.316064 1.005425 1.147448 0.751211 1.323024 0.450760 -1.394197
0.413044 0.944445 -0.206516 1.105626 -0.015950 0.097231 -0.056404 0.343844 1.030816 1.158520 0.279605 -0.164504 0.478334 -1.408204
0.434784 0.916665 -0.126915 1.016301 -0.009802 0.089375 -0.034664 0.316064 1.014550 1.127910 0.734945 1.292414 0.448558 -1.461561
0.478263 0.916665 0.032273 1.016301 0.002493 0.089375 0.008815 0.316064 1.033929 1.089907 0.298984 -0.202507 0.447304 1.542915
0.586956 0.916665 0.430239 1.016301 0.033228 0.089375 0.117508 0.316064 1.088482 1.001258 0.789498 1.203765 0.462397 1.214847
0.652175 0.916665 0.669029 1.016301 0.051671 0.089375 0.182727 0.316064 1.124992 0.952417 0.335494 -0.251348 0.483107 1.046611
0.695653 0.944445 0.828218 1.105626 0.063965 0.097231 0.226205 0.343844 1.172992 0.935944 0.837497 1.187292 0.526109 0.988908
0.804347 0.972220 1.226184 1.194938 0.094701 0.105085 0.334899 0.371620 1.261819 0.879612 0.424321 -0.307680 0.604100 0.837326
0.847825 1.000000 1.385372 1.284264 0.106996 0.112941 0.378377 0.399400 1.311033 0.867566 0.886711 1.175247 0.651655 0.812421
0.913044 1.000000 1.624162 1.284264 0.125438 0.112941 0.443596 0.399400 1.354123 0.830821 0.467412 -0.344425 0.691565 0.733018
0.934781 1.000000 1.703750 1.284264 0.131585 0.112941 0.465333 0.399400 1.368874 0.819094 0.901462 1.163519 0.705706 0.709298
1.000000 0.916665 1.942539 1.016301 0.150027 0.089375 0.530552 0.316064 1.356567 0.741946 0.455105 -0.421573 0.693894 0.537272
1.000000 0.861110 1.942539 0.837664 0.150027 0.073666 0.530552 0.260509 1.319663 0.710909 0.864558 1.132481 0.659458 0.456434
1.000000 0.833334 1.942539 0.748352 0.150027 0.065811 0.530552 0.232734 1.301709 0.694739 0.437151 -0.437743 0.643349 0.413386
0.978259 0.722223 1.862939 0.391077 0.143880 0.034392 0.508811 0.121623 1.215976 0.635954 0.778825 1.073697 0.568141 0.234631
0.956522 0.694444 1.783351 0.301751 0.137733 0.026537 0.487074 0.093843 1.182026 0.627969 0.403201 -0.445728 0.536530 0.190335
0.934781 0.694444 1.703750 0.301751 0.131585 0.026537 0.465333 0.093843 1.164503 0.638938 0.761302 1.084665 0.516873 0.199000
0.913044 0.749999 1.624162 0.480389 0.125438 0.042246 0.443596 0.149398 1.181587 0.687670 0.420284 -0.396995 0.524868 0.324858
0.913044 0.777779 1.624162 0.569714 0.125438 0.050102 0.443596 0.177178 1.199412 0.705569 0.779127 1.102564 0.540227 0.380001
0.934781 0.833334 1.703750 0.748352 0.131585 0.065811 0.465333 0.232734 1.252302 0.728085 0.473175 -0.374479 0.590718 0.463763
0.978259 0.916665 1.862939 1.016301 0.143880 0.089375 0.508811 0.316064 1.340621 0.752905 0.867446 1.127383 0.677416 0.555849
1.000000 0.944445 1.942539 1.105626 0.150027 0.097231 0.530552 0.343844 1.375491 0.756835 0.508045 -0.370549 0.712115 0.575030
