0.080000 0.447369 -1.411363 -0.574374 -0.111689 -0.050799 -0.397778 -0.180921 0.454465 1.393844 0.454465 1.393844 0.398939 0.426862
0.100001 0.447369 -1.340396 -0.574374 -0.106073 -0.050799 -0.377777 -0.180921 0.458409 1.350880 0.003944 -0.042964 0.378999 0.446633
0.120000 0.473682 -1.269439 -0.490835 -0.100457 -0.043411 -0.357778 -0.154607 0.488646 1.322683 0.484702 1.365647 0.357802 0.407895
0.120000 0.526318 -1.269439 -0.323732 -0.100457 -0.028632 -0.357778 -0.101972 0.539824 1.346630 0.055122 -0.019017 0.361056 0.277652
0.120000 0.552631 -1.269439 -0.240194 -0.100457 -0.021243 -0.357778 -0.075658 0.565510 1.356973 0.510388 1.375991 0.365525 0.208396
0.120000 0.605263 -1.269439 -0.073103 -0.100457 -0.006465 -0.357778 -0.023027 0.617044 1.375074 0.106656 -0.000917 0.379813 0.064272
0.120000 0.631580 -1.269439 0.010448 -0.100457 0.000924 -0.357778 0.003291 0.642879 1.383035 0.536223 1.383952 0.389436 -0.009198
0.100001 0.657894 -1.340396 0.093987 -0.106073 0.008312 -0.377777 0.029605 0.665451 1.419949 0.129228 0.035997 0.418518 -0.078206
0.080000 0.631580 -1.411363 0.010448 -0.111689 0.000924 -0.397778 0.003291 0.636627 1.444801 0.507399 1.408804 0.426477 -0.008273
0.040000 0.605263 -1.553288 -0.073103 -0.122920 -0.006465 -0.437778 -0.023027 0.606583 1.504805 0.099184 0.096001 0.455963 0.052551
0.020001 0.526318 -1.624244 -0.323732 -0.128535 -0.028632 -0.457777 -0.101972 0.526698 1.532812 0.427514 1.436811 0.460343 0.219176
0.000000 0.447369 -1.695212 -0.574374 -0.134151 -0.050799 -0.477778 -0.180921 0.447369 1.570796 0.019855 0.133986 0.478745 0.361985
0.000000 0.368420 -1.695212 -0.825015 -0.134151 -0.072967 -0.477778 -0.259870 0.368420 1.570796 0.348565 1.436811 0.490134 0.498158
0.000000 0.289475 -1.695212 -1.075644 -0.134151 -0.095133 -0.477778 -0.338815 0.289475 1.570796 -0.059090 0.133986 0.513547 0.616839
0.020001 0.210525 -1.624244 -1.326286 -0.128535 -0.117300 -0.457777 -0.417764 0.211473 1.476073 0.270564 1.342088 0.530079 0.739729
0.060001 0.131580 -1.482320 -1.576915 -0.117304 -0.139467 -0.417777 -0.496709 0.144615 1.142960 -0.125948 -0.199128 0.542577 0.871498
0.100001 0.078949 -1.340396 -1.744005 -0.106073 -0.154244 -0.377777 -0.549340 0.127410 0.668294 0.253358 0.867422 0.549345 0.968379
0.160000 0.026318 -1.127515 -1.911095 -0.089226 -0.169022 -0.317778 -0.601972 0.162150 0.163026 -0.091208 -0.704396 0.552087 1.085082
0.239999 0.026318 -0.843667 -1.911095 -0.066764 -0.169022 -0.237779 -0.601972 0.241438 0.109221 0.332646 0.813617 0.510250 1.194608
0.300001 0.000000 -0.630775 -1.994646 -0.049917 -0.176412 -0.177777 -0.628289 0.300001 0.000000 -0.032646 -0.813617 0.509781 1.295050
0.420000 0.052631 -0.205002 -1.827556 -0.016223 -0.161634 -0.057778 -0.575658 0.423285 0.124663 0.455931 0.938279 0.429055 1.470763
0.460000 0.105263 -0.063078 -1.660466 -0.004992 -0.146856 -0.017778 -0.523027 0.471890 0.224959 0.015959 -0.713321 0.372939 1.536819
0.500000 0.184212 0.078846 -1.409825 0.006240 -0.124689 0.022222 -0.444078 0.532855 0.352993 0.516895 1.066313 0.294406 -1.520797
0.520001 0.289475 0.149814 -1.075644 0.011856 -0.095133 0.042223 -0.338815 0.595145 0.507958 0.078249 -0.558356 0.192979 -1.446815
0.520001 0.368420 0.149814 -0.825015 0.011856 -0.072967 0.042223 -0.259870 0.637287 0.616406 0.559038 1.174762 0.117227 -1.409725
0.520001 0.447369 0.149814 -0.574374 0.011856 -0.050799 0.042223 -0.180921 0.685959 0.710456 0.126922 -0.464306 0.052034 -1.341519
0.500000 0.526318 0.078846 -0.323732 0.006240 -0.028632 0.022222 -0.101972 0.725955 0.811035 0.599033 1.275341 0.053385 -1.356228
0.480002 0.605263 0.007889 -0.073103 0.000624 -0.006465 0.002224 -0.023027 0.772492 0.900310 0.173459 -0.375031 0.127504 -1.474530
0.460000 0.631580 -0.063078 0.010448 -0.004992 0.000924 -0.017778 0.003291 0.781341 0.941308 0.607882 1.316339 0.154826 -0.183044
0.440002 0.657894 -0.134035 0.093987 -0.010607 0.008312 -0.037776 0.029605 0.791471 0.981316 0.183589 -0.335023 0.184035 -0.664712
0.400002 0.684212 -0.275959 0.177538 -0.021838 0.015702 -0.077776 0.055922 0.792557 1.041765 0.608968 1.376788 0.220599 -0.623375
0.359999 0.657894 -0.417894 0.093987 -0.033070 0.008312 -0.117779 0.029605 0.749949 1.070106 0.140981 -0.306682 0.215206 -0.246256
0.340000 0.605263 -0.488851 -0.073103 -0.038685 -0.006465 -0.137778 -0.023027 0.694221 1.058984 0.553240 1.365666 0.187710 0.165599
0.340000 0.552631 -0.488851 -0.240194 -0.038685 -0.021243 -0.137778 -0.075658 0.648846 1.019247 0.095606 -0.346419 0.156798 0.502177
0.340000 0.526318 -0.488851 -0.323732 -0.038685 -0.028632 -0.137778 -0.101972 0.626586 0.997239 0.530980 1.343658 0.146078 0.637147
0.359999 0.500000 -0.417894 -0.407284 -0.033070 -0.036021 -0.117779 -0.128289 0.616116 0.946775 0.085136 -0.396883 0.119857 0.828085
0.440002 0.473682 -0.134035 -0.490835 -0.010607 -0.043411 -0.037776 -0.154607 0.646511 0.822244 0.561375 1.219127 0.037998 1.331154
0.480002 0.473682 0.007889 -0.490835 0.000624 -0.043411 0.002224 -0.154607 0.674371 0.778772 0.112996 -0.440355 0.004660 -1.556415
0.500000 0.526318 0.078846 -0.323732 0.006240 -0.028632 0.022222 -0.101972 0.725955 0.811035 0.612959 1.251391 0.053385 -1.356228
0.520001 0.552631 0.149814 -0.240194 0.011856 -0.021243 0.042223 -0.075658 0.758817 0.815809 0.145858 -0.435581 0.085941 -1.061769
0.540000 0.605263 0.220770 -0.073103 0.017471 -0.006465 0.062222 -0.023027 0.811137 0.842322 0.665279 1.277903 0.141859 -0.354445
0.540000 0.657894 0.220770 0.093987 0.017471 0.008312 0.062222 0.029605 0.851131 0.883500 0.185853 -0.394403 0.190561 0.444094
0.500000 0.789475 0.078846 0.511718 0.006240 0.045258 0.022222 0.161185 0.934489 1.006227 0.748636 1.400630 0.312488 1.433794
0.480002 0.842106 0.007889 0.678809 0.000624 0.060036 0.002224 0.213816 0.969301 1.052727 0.220664 -0.347904 0.364335 1.560397
0.440002 0.868420 -0.134035 0.762347 -0.010607 0.067424 -0.037776 0.240130 0.973527 1.101827 0.752862 1.449731 0.392464 -1.414759
0.400002 0.921051 -0.275959 0.929437 -0.021838 0.082202 -0.077776 0.292762 1.004160 1.161085 0.251297 -0.288646 0.450044 -1.311130
0.380000 0.947369 -0.346926 1.012989 -0.027454 0.089591 -0.097778 0.319079 1.020739 1.189332 0.769442 1.477979 0.479662 -1.273445
0.359999 0.947369 -0.417894 1.012989 -0.033070 0.089591 -0.117779 0.319079 1.013463 1.207650 0.244021 -0.270328 0.484136 -1.217189
0.380000 0.921051 -0.346926 0.929437 -0.027454 0.082202 -0.097778 0.292762 0.996361 1.179499 0.752340 1.449827 0.453929 -1.248460
0.420000 0.894737 -0.205002 0.845899 -0.016223 0.074814 -0.057778 0.266448 0.988410 1.131917 0.236070 -0.317910 0.420943 -1.357258
0.460000 0.894737 -0.063078 0.845899 -0.004992 0.074814 -0.017778 0.266448 1.006059 1.095919 0.769989 1.413828 0.417338 -1.504173
0.600001 0.894737 0.433662 0.845899 0.034318 0.074814 0.122223 0.266448 1.077291 0.980083 0.307302 -0.433745 0.434504 1.140720
0.660000 0.921051 0.646543 0.929437 0.051164 0.082202 0.182222 0.292762 1.133108 0.949034 0.825806 1.382780 0.479266 1.014052
0.720001 0.947369 0.859435 1.012989 0.068012 0.089591 0.242223 0.319079 1.189920 0.920925 0.364114 -0.461854 0.528382 0.921477
0.760001 0.973682 1.001359 1.096528 0.079243 0.096980 0.282223 0.345393 1.235175 0.908033 0.871062 1.369887 0.570588 0.885711
0.840000 1.000000 1.285207 1.180079 0.101705 0.104369 0.362222 0.371711 1.305987 0.872136 0.434925 -0.497751 0.635548 0.798325
0.880000 1.000000 1.427132 1.180079 0.112937 0.104369 0.402222 0.371711 1.332066 0.849141 0.897141 1.346892 0.659165 0.745994
0.920000 1.000000 1.569056 1.180079 0.124168 0.104369 0.442222 0.371711 1.358823 0.827041 0.461682 -0.519851 0.684307 0.698983
0.979999 0.973682 1.781937 1.096528 0.141014 0.096980 0.502221 0.345393 1.381468 0.782165 0.919786 1.302016 0.705795 0.602445
1.000000 0.947369 1.852904 1.012989 0.146630 0.089591 0.522222 0.319079 1.377500 0.758378 0.457714 -0.543639 0.702304 0.548471
1.000000 0.894737 1.852904 0.845899 0.146630 0.074814 0.522222 0.266448 1.341848 0.729900 0.884134 1.273539 0.668260 0.471790
0.979999 0.815788 1.781937 0.595257 0.141014 0.052646 0.502221 0.187499 1.275111 0.694210 0.390977 -0.579329 0.605373 0.357314
0.960000 0.763157 1.710980 0.428167 0.135399 0.037868 0.482222 0.134867 1.226380 0.671657 0.835403 1.250986 0.560339 0.272711
0.939999 0.736843 1.640013 0.344628 0.129783 0.030480 0.462221 0.108554 1.194377 0.664832 0.358974 -0.586154 0.529870 0.230672
0.899999 0.736843 1.498088 0.344628 0.118552 0.030480 0.422221 0.108554 1.163158 0.686049 0.804184 1.272203 0.495364 0.251651
0.880000 0.763157 1.427132 0.428167 0.112937 0.037868 0.402222 0.134867 1.164821 0.714409 0.360637 -0.557794 0.493177 0.323525
0.880000 0.815788 1.427132 0.595257 0.112937 0.052646 0.402222 0.187499 1.199963 0.747551 0.839326 1.305345 0.525389 0.436209
0.899999 0.842106 1.498088 0.678809 0.118552 0.060036 0.422221 0.213816 1.232534 0.752179 0.393208 -0.553166 0.557678 0.468762
0.939999 0.921051 1.640013 0.929437 0.129783 0.082202 0.462221 0.292762 1.316029 0.775217 0.922821 1.328384 0.640421 0.564603
0.979999 0.947369 1.781937 1.012989 0.141014 0.089591 0.502221 0.319079 1.363050 0.768470 0.440229 -0.559914 0.687562 0.565998
0.979999 0.973682 1.781937 1.096528 0.141014 0.096980 0.502221 0.345393 1.381468 0.782165 0.941239 1.342079 0.705795 0.602445
1.000000 0.973682 1.852904 1.096528 0.146630 0.096980 0.522222 0.345393 1.395728 0.772065 0.454489 -0.570014 0.720164 0.584341
