0.128207 0.290324 -1.053765 -0.965772 -0.087888 -0.083842 -0.298534 -0.284792 0.317372 1.154951 0.317372 1.154951 0.328225 0.761845
0.128207 0.322580 -1.053765 -0.856388 -0.087888 -0.074346 -0.298534 -0.252536 0.347124 1.192497 0.029751 0.037546 0.316183 0.702122
0.153846 0.387096 -0.963264 -0.637605 -0.080340 -0.055353 -0.272895 -0.188020 0.416547 1.192502 0.386796 1.154956 0.275759 0.603295
0.153846 0.419356 -0.963264 -0.528205 -0.080340 -0.045855 -0.272895 -0.155760 0.446686 1.219179 0.059890 0.064223 0.272995 0.518649
0.179489 0.516128 -0.872750 -0.200038 -0.072790 -0.017366 -0.247252 -0.058988 0.546447 1.236118 0.486557 1.171895 0.262913 0.234198
0.179489 0.580649 -0.872750 0.018762 -0.072790 0.001629 -0.247252 0.005533 0.607757 1.270996 0.121200 0.099101 0.291241 -0.022372
0.153846 0.612904 -0.963264 0.128145 -0.080340 0.011125 -0.272895 0.037788 0.631918 1.324866 0.510718 1.225765 0.330346 -0.137596
0.128207 0.612904 -1.053765 0.128145 -0.087888 0.011125 -0.298534 0.037788 0.626170 1.364590 0.115452 0.138825 0.351823 -0.125909
0.102564 0.645165 -1.144280 0.237545 -0.095437 0.020622 -0.324177 0.070048 0.653266 1.413142 0.537814 1.274317 0.390896 -0.212809
0.076925 0.645165 -1.234780 0.237545 -0.102985 0.020622 -0.349816 0.070048 0.649734 1.452124 0.111920 0.177807 0.412408 -0.197630
0.051282 0.612904 -1.325295 0.128145 -0.110534 0.011125 -0.375459 0.037788 0.615046 1.487320 0.503125 1.309514 0.419078 -0.100307
0.025643 0.548388 -1.415796 -0.090638 -0.118082 -0.007869 -0.401098 -0.026728 0.548987 1.524070 0.045862 0.214556 0.419139 0.066539
0.000000 0.483872 -1.506310 -0.309422 -0.125632 -0.026862 -0.426741 -0.091244 0.483872 1.570796 0.438010 1.356240 0.430548 0.210644
0.000000 0.387096 -1.506310 -0.637605 -0.125632 -0.055353 -0.426741 -0.188020 0.387096 1.570796 -0.050914 0.214556 0.428578 0.415006
0.025643 0.290324 -1.415796 -0.965772 -0.118082 -0.083842 -0.401098 -0.284792 0.291455 1.482700 0.342369 1.268144 0.423661 0.617427
0.051282 0.193548 -1.325295 -1.293955 -0.110534 -0.112333 -0.375459 -0.381568 0.200226 1.311790 -0.142143 0.043647 0.441982 0.793469
0.102564 0.129032 -1.144280 -1.512738 -0.095437 -0.131326 -0.324177 -0.446084 0.164829 0.899190 0.306972 0.855543 0.440137 0.942364
0.205128 0.032260 -0.782249 -1.840905 -0.065242 -0.159816 -0.221613 -0.542856 0.207649 0.155992 -0.099322 -0.699551 0.452467 1.183211
0.282053 0.000000 -0.510720 -1.950305 -0.042596 -0.169313 -0.144688 -0.575116 0.282053 0.000000 0.381375 0.699551 0.450602 1.324331
0.333335 0.000000 -0.329704 -1.950305 -0.027499 -0.169313 -0.093406 -0.575116 0.333335 0.000000 -0.048040 -0.699551 0.436843 1.409790
0.384617 0.000000 -0.148689 -1.950305 -0.012401 -0.169313 -0.042124 -0.575116 0.384617 0.000000 0.432657 0.699551 0.428815 1.497683
0.410256 0.064516 -0.058188 -1.731522 -0.004853 -0.150320 -0.016485 -0.510600 0.415297 0.155981 -0.017360 -0.543571 0.362599 1.538522
0.435899 0.129032 0.032326 -1.512738 0.002696 -0.131326 0.009158 -0.446084 0.454595 0.287796 0.471955 0.831366 0.297849 -1.550269
0.461538 0.193548 0.122827 -1.293955 0.010244 -0.112333 0.034797 -0.381568 0.500477 0.397079 0.028523 -0.434287 0.235775 -1.479853
0.461538 0.290324 0.122827 -0.965772 0.010244 -0.083842 0.034797 -0.284792 0.545257 0.561497 0.516734 0.995784 0.140784 -1.449215
0.461538 0.387096 0.122827 -0.637605 0.010244 -0.055353 0.034797 -0.188020 0.602379 0.697903 0.085645 -0.297882 0.052750 -1.387796
0.461538 0.451612 0.122827 -0.418822 0.010244 -0.036359 0.034797 -0.123504 0.645732 0.774529 0.560088 1.072410 0.042772 -1.296168
0.435899 0.516128 0.032326 -0.200038 0.002696 -0.017366 0.009158 -0.058988 0.675570 0.869472 0.115483 -0.202939 0.089855 -1.416775
0.384617 0.580649 -0.148689 0.018762 -0.012401 0.001629 -0.042124 0.005533 0.696479 0.985759 0.580996 1.188698 0.159569 -0.130592
0.358974 0.580649 -0.239204 0.018762 -0.019950 0.001629 -0.067767 0.005533 0.682653 1.017081 0.101657 -0.171617 0.168167 -0.081460
0.333335 0.580649 -0.329704 0.018762 -0.027499 0.001629 -0.093406 0.005533 0.669526 1.049659 0.567869 1.221276 0.180034 -0.059162
0.282053 0.548388 -0.510720 -0.090638 -0.042596 -0.007869 -0.144688 -0.026728 0.616671 1.095750 0.048802 -0.125526 0.189031 0.182669
0.256410 0.516128 -0.601234 -0.200038 -0.050145 -0.017366 -0.170331 -0.058988 0.576311 1.109716 0.527508 1.235242 0.192361 0.333389
0.256410 0.451612 -0.601234 -0.418822 -0.050145 -0.036359 -0.170331 -0.123504 0.519326 1.054416 -0.008183 -0.180826 0.172137 0.627364
0.256410 0.419356 -0.601234 -0.528205 -0.050145 -0.045855 -0.170331 -0.155760 0.491534 1.022010 0.499717 1.202836 0.170491 0.740744
0.282053 0.387096 -0.510720 -0.637605 -0.042596 -0.055353 -0.144688 -0.188020 0.478954 0.941108 -0.020763 -0.261728 0.150021 0.914911
0.307692 0.354840 -0.420219 -0.746988 -0.035048 -0.064849 -0.119049 -0.220276 0.469666 0.856443 0.490428 1.118171 0.139076 1.075312
0.333335 0.354840 -0.329704 -0.746988 -0.027499 -0.064849 -0.093406 -0.220276 0.486851 0.816638 -0.003578 -0.301533 0.117874 1.169739
0.358974 0.354840 -0.239204 -0.746988 -0.019950 -0.064849 -0.067767 -0.220276 0.504751 0.779608 0.508329 1.081140 0.098803 1.272340
0.410256 0.387096 -0.058188 -0.637605 -0.004853 -0.055353 -0.016485 -0.188020 0.564050 0.756360 0.055722 -0.324780 0.042935 1.483344
0.435899 0.451612 0.032326 -0.418822 0.002696 -0.036359 0.009158 -0.123504 0.627663 0.803101 0.571941 1.127881 0.026504 -1.496780
0.435899 0.516128 0.032326 -0.200038 0.002696 -0.017366 0.009158 -0.058988 0.675570 0.869472 0.103629 -0.258410 0.089855 -1.416775
0.410256 0.677420 -0.058188 0.346928 -0.004853 0.030118 -0.016485 0.102304 0.791964 1.026259 0.688335 1.284668 0.251221 -1.411033
0.384617 0.741936 -0.148689 0.565712 -0.012401 0.049111 -0.042124 0.166820 0.835703 1.092541 0.147367 -0.192128 0.317998 -1.323456
0.358974 0.806452 -0.239204 0.784495 -0.019950 0.068105 -0.067767 0.231336 0.882738 1.152002 0.735371 1.344130 0.385711 -1.285832
0.333335 0.838713 -0.329704 0.893895 -0.027499 0.077602 -0.093406 0.263596 0.902525 1.192502 0.167154 -0.151628 0.422428 -1.230250
0.307692 0.870968 -0.420219 1.003278 -0.035048 0.087098 -0.119049 0.295852 0.923720 1.231206 0.756567 1.382834 0.459903 -1.188229
0.282053 0.903228 -0.510720 1.112678 -0.042596 0.096596 -0.144688 0.328112 0.946243 1.268119 0.189676 -0.114714 0.497971 -1.155477
0.256410 0.935484 -0.601234 1.222062 -0.050145 0.106092 -0.170331 0.360368 0.969988 1.303273 0.780312 1.417988 0.536500 -1.129261
0.333335 0.870968 -0.329704 1.003278 -0.027499 0.087098 -0.093406 0.295852 0.932576 1.205277 0.152264 -0.212711 0.453941 -1.264982
0.384617 0.870968 -0.148689 1.003278 -0.012401 0.087098 -0.042124 0.295852 0.952111 1.154953 0.799847 1.367664 0.446220 -1.429365
0.461538 0.870968 0.122827 1.003278 0.010244 0.087098 0.034797 0.295852 0.985699 1.083505 0.185852 -0.284158 0.445588 1.453718
0.615387 0.903228 0.665886 1.112678 0.055537 0.096596 0.188647 0.328112 1.092942 0.972718 0.907091 1.256876 0.512473 1.049003
0.692308 0.935484 0.937402 1.222062 0.078183 0.106092 0.265568 0.360368 1.163796 0.933691 0.256705 -0.323185 0.573887 0.935709
0.769233 0.967744 1.208932 1.331462 0.100829 0.115589 0.342493 0.392628 1.236224 0.899190 0.979518 1.222374 0.640302 0.853493
0.820515 1.000000 1.389947 1.440845 0.115926 0.125085 0.393775 0.424884 1.293540 0.883671 0.314021 -0.338704 0.695475 0.823380
0.846154 1.000000 1.480448 1.440845 0.123475 0.125085 0.419414 0.424884 1.309953 0.868539 0.995932 1.207243 0.710306 0.791877
0.923079 1.000000 1.751977 1.440845 0.146121 0.125085 0.496338 0.424884 1.360910 0.825376 0.364978 -0.381867 0.758273 0.707988
0.948718 0.967744 1.842478 1.331462 0.153669 0.115589 0.521978 0.392628 1.355210 0.795326 0.990233 1.177193 0.751762 0.644904
0.974361 0.838713 1.932992 0.893895 0.161218 0.077602 0.547620 0.263596 1.285620 0.710720 0.295387 -0.466472 0.685280 0.448616
0.974361 0.774197 1.932992 0.675112 0.161218 0.058609 0.547620 0.199080 1.244492 0.671420 0.949105 1.137893 0.648547 0.348683
0.948718 0.709681 1.842478 0.456328 0.153669 0.039616 0.521978 0.134564 1.184784 0.642247 0.235679 -0.495646 0.593730 0.252304
0.897436 0.677420 1.661463 0.346928 0.138572 0.030118 0.470696 0.102304 1.124406 0.646591 0.888727 1.142237 0.533287 0.214018
0.871797 0.677420 1.570962 0.346928 0.131024 0.030118 0.445057 0.102304 1.104051 0.660583 0.215324 -0.481655 0.510799 0.225943
0.846154 0.741936 1.480448 0.565712 0.123475 0.049111 0.419414 0.166820 1.125365 0.719867 0.910041 1.201522 0.524649 0.378562
0.846154 0.774197 1.480448 0.675112 0.123475 0.058609 0.419414 0.199080 1.146890 0.741019 0.236849 -0.460504 0.544641 0.443174
0.871797 0.838713 1.570962 0.893895 0.131024 0.077602 0.445057 0.263596 1.209739 0.766059 0.972890 1.226562 0.606462 0.534721
0.897436 0.903228 1.661463 1.112678 0.138572 0.096596 0.470696 0.328112 1.273269 0.788615 0.300378 -0.437947 0.669772 0.608763
0.948718 0.935484 1.842478 1.222062 0.153669 0.106092 0.521978 0.360368 1.332365 0.778375 1.031986 1.216322 0.728890 0.604247
1.000000 1.000000 2.023493 1.440845 0.168766 0.125085 0.573259 0.424884 1.414214 0.785398 0.382227 -0.430924 0.810711 0.637827
