-3.211713110000000029e+02 1.000000000000000000e+00
-2.524843750000000000e+02 2.000000000000000000e+00
-4.987398949999999900e+02 3.000000000000000000e+00
-2.704899510000000191e+02 3.000000000000000000e+00
-3.080511529999999993e+02 3.000000000000000000e+00
-3.145960400000000163e+02 3.000000000000000000e+00
-1.875268299999999897e+02 1.000000000000000000e+00
-3.375256880000000024e+02 1.000000000000000000e+00
-2.714407199999999989e+02 2.000000000000000000e+00
-3.760884960000000206e+02 3.000000000000000000e+00
-2.292900300000000016e+02 3.000000000000000000e+00
-2.594432289999999739e+02 1.000000000000000000e+00
-2.345589659999999981e+02 1.000000000000000000e+00
-4.216119840000000067e+02 3.000000000000000000e+00
-2.867237969999999905e+02 3.000000000000000000e+00
-2.286705919999999992e+02 1.000000000000000000e+00
-6.263774620000000368e+02 3.000000000000000000e+00
-4.178337179999999762e+02 3.000000000000000000e+00
