0.377358 0.681818 -0.346950 0.537693 -0.028072 0.045473 -0.103519 0.167691 0.779279 1.065302 0.779279 1.065302 0.226039 -1.017740
0.396224 0.704547 -0.283717 0.610572 -0.022955 0.051637 -0.084652 0.190420 0.808320 1.058497 0.029041 -0.006805 0.239154 -1.152479
0.415094 0.727273 -0.220476 0.683441 -0.017839 0.057799 -0.065783 0.213145 0.837394 1.052159 0.808353 1.058964 0.255026 -1.271442
0.433960 0.750002 -0.157243 0.756321 -0.012722 0.063963 -0.046916 0.235874 0.866501 1.046252 0.058148 -0.012713 0.273184 -1.374455
0.452830 0.818182 -0.094001 0.974937 -0.007606 0.082452 -0.028047 0.304054 0.935134 1.065302 0.876986 1.078014 0.338469 -1.478813
0.471696 0.840911 -0.030769 1.047817 -0.002489 0.088615 -0.009180 0.326783 0.964172 1.059597 0.087186 -0.018418 0.360151 -1.542710
0.471696 0.863636 -0.030769 1.120685 -0.002489 0.094778 -0.009180 0.349509 0.984055 1.070895 0.896869 1.089313 0.382870 -1.544536
0.471696 0.909091 -0.030769 1.266433 -0.002489 0.107104 -0.009180 0.394963 1.024179 1.092170 0.127310 0.002858 0.428313 -1.547557
0.471696 0.931820 -0.030769 1.339313 -0.002489 0.113267 -0.009180 0.417692 1.044407 1.102194 0.917097 1.099336 0.451037 -1.548821
0.433960 0.954545 -0.157243 1.412182 -0.012722 0.119430 -0.046916 0.440418 1.048560 1.144103 0.131464 0.044767 0.475987 -1.464670
0.415094 0.954545 -0.220476 1.412182 -0.017839 0.119430 -0.065783 0.440418 1.040894 1.160604 0.909430 1.115837 0.478215 -1.422528
0.377358 0.977274 -0.346950 1.485061 -0.028072 0.125593 -0.103519 0.463147 1.047599 1.202301 0.138169 0.086464 0.507077 -1.350899
0.320753 1.000000 -0.536666 1.557930 -0.043421 0.131756 -0.160124 0.485872 1.050182 1.260411 0.912013 1.173946 0.543258 -1.252447
0.264151 1.000000 -0.726373 1.557930 -0.058770 0.131756 -0.216726 0.485872 1.034300 1.312544 0.122287 0.138598 0.562547 -1.151228
0.226415 1.000000 -0.852847 1.557930 -0.069003 0.131756 -0.254462 0.485872 1.025311 1.348136 0.903025 1.209537 0.578135 -1.088352
0.188679 1.000000 -0.979321 1.557930 -0.079236 0.131756 -0.292197 0.485872 1.017644 1.384310 0.114619 0.174772 0.595709 -1.029357
0.150943 0.977274 -1.105795 1.485061 -0.089469 0.125593 -0.329933 0.463147 0.988863 1.417554 0.874243 1.242782 0.596043 -0.951815
0.113207 0.954545 -1.232270 1.412182 -0.099702 0.119430 -0.367669 0.440418 0.961235 1.452750 0.086992 0.209968 0.599619 -0.875182
0.075472 0.909091 -1.358744 1.266433 -0.109935 0.107104 -0.405405 0.394963 0.912218 1.487968 0.825226 1.278000 0.589678 -0.772353
0.056602 0.840911 -1.421986 1.047817 -0.115052 0.088615 -0.424274 0.326783 0.842814 1.503587 0.017587 0.225587 0.556447 -0.656315
0.037736 0.772727 -1.485218 0.829189 -0.120168 0.070126 -0.443141 0.258600 0.773648 1.522001 0.756061 1.296413 0.530613 -0.528244
0.037736 0.590909 -1.485218 0.246197 -0.120168 0.020821 -0.443141 0.076782 0.592113 1.507022 -0.163948 0.210609 0.456597 -0.171563
0.037736 0.500000 -1.485218 -0.045299 -0.120168 -0.003831 -0.443141 -0.014128 0.501422 1.495468 0.665370 1.284858 0.443553 0.031870
0.075472 0.409091 -1.358744 -0.336796 -0.109935 -0.028483 -0.405405 -0.105037 0.415994 1.388361 -0.249376 0.103503 0.411711 0.253516
0.094338 0.340907 -1.295511 -0.555423 -0.104819 -0.046973 -0.386538 -0.173220 0.353720 1.300826 0.603095 1.197323 0.411100 0.421299
0.132074 0.272727 -1.169037 -0.774040 -0.094586 -0.065461 -0.348803 -0.241400 0.303024 1.119811 -0.300071 -0.077512 0.406189 0.605393
0.188679 0.227273 -0.979321 -0.919788 -0.079236 -0.077788 -0.292197 -0.286855 0.295386 0.877917 0.595457 0.955429 0.386903 0.776172
0.245281 0.181818 -0.789614 -1.065536 -0.063887 -0.090114 -0.235595 -0.332309 0.305321 0.637887 -0.290136 -0.317543 0.380711 0.954080
0.301886 0.136364 -0.599898 -1.211284 -0.048537 -0.102440 -0.178990 -0.377764 0.331256 0.424271 0.621392 0.741814 0.388235 1.128316
0.358489 0.090909 -0.410192 -1.357032 -0.033188 -0.114766 -0.122388 -0.423218 0.369836 0.248355 -0.251556 -0.493459 0.408722 1.289292
0.490565 0.022726 0.032473 -1.575660 0.002627 -0.133255 0.009689 -0.491402 0.491091 0.046292 0.742647 0.539751 0.458253 -1.551082
0.547170 0.022726 0.222189 -1.575660 0.017977 -0.133255 0.066294 -0.491402 0.547642 0.041509 -0.195005 -0.498242 0.462922 -1.436698
0.622642 0.000000 0.475138 -1.648529 0.038443 -0.139418 0.141766 -0.514128 0.622642 0.000000 0.817647 0.498242 0.501338 -1.301742
0.735849 0.000000 0.854560 -1.648529 0.069142 -0.139418 0.254973 -0.514128 0.735849 0.000000 -0.081798 -0.498242 0.544292 -1.110407
0.811321 0.000000 1.107509 -1.648529 0.089608 -0.139418 0.330445 -0.514128 0.811321 0.000000 0.893119 0.498242 0.583469 -0.999550
0.867923 0.022726 1.297215 -1.575660 0.104957 -0.133255 0.387047 -0.491402 0.868221 0.026178 -0.024898 -0.472064 0.599756 -0.903639
0.962264 0.113635 1.613406 -1.284164 0.130540 -0.108603 0.481388 -0.400493 0.968951 0.117547 0.993849 0.589611 0.605476 -0.693924
0.981131 0.159089 1.676638 -1.138416 0.135656 -0.096277 0.500254 -0.355038 0.993945 0.160750 0.000097 -0.428861 0.594812 -0.617217
1.000000 0.227273 1.739880 -0.919788 0.140773 -0.077788 0.519124 -0.286855 1.025501 0.223477 1.025405 0.652338 0.577758 -0.504818
1.000000 0.318182 1.739880 -0.628292 0.140773 -0.053135 0.519124 -0.195946 1.049400 0.308053 0.023995 -0.344285 0.544021 -0.360921
1.000000 0.386362 1.739880 -0.409675 0.140773 -0.034647 0.519124 -0.127766 1.072043 0.368694 1.048048 0.712979 0.527657 -0.241322
1.000000 0.522726 1.739880 0.027569 0.140773 0.002332 0.519124 0.008598 1.128380 0.481662 0.080333 -0.231317 0.520808 0.016561
0.962264 0.590909 1.613406 0.246197 0.130540 0.020821 0.481388 0.076782 1.129215 0.550710 1.048882 0.782027 0.493803 0.158168
0.943395 0.636364 1.550164 0.391945 0.125423 0.033147 0.462518 0.122236 1.137960 0.593438 0.089078 -0.188589 0.487954 0.258376
0.905659 0.659093 1.423690 0.464824 0.115190 0.039311 0.424783 0.144965 1.120099 0.629108 1.031021 0.817696 0.460653 0.328875
0.849057 0.704547 1.233983 0.610572 0.099841 0.051637 0.368180 0.190420 1.103306 0.692649 0.072285 -0.125047 0.430796 0.477306
0.830187 0.704547 1.170741 0.610572 0.094724 0.051637 0.349311 0.190420 1.088852 0.703716 1.016567 0.828763 0.414785 0.499096
0.792452 0.727273 1.044267 0.683441 0.084491 0.057799 0.311575 0.213145 1.075595 0.742536 0.059028 -0.086227 0.397228 0.599967
0.773585 0.727273 0.981035 0.683441 0.079375 0.057799 0.292709 0.213145 1.061772 0.754551 1.002744 0.840778 0.382609 0.629390
0.754716 0.704547 0.917793 0.610572 0.074258 0.051637 0.273839 0.190420 1.032464 0.751032 0.029721 -0.089746 0.353577 0.607611
0.735849 0.659093 0.854560 0.464824 0.069142 0.039311 0.254973 0.144965 0.987865 0.730429 0.958144 0.820174 0.311082 0.516974
0.735849 0.613638 0.854560 0.319076 0.069142 0.026985 0.254973 0.099511 0.958137 0.695083 -0.000007 -0.125091 0.287466 0.372098
0.735849 0.590909 0.854560 0.246197 0.069142 0.020821 0.254973 0.076782 0.943741 0.676586 0.943749 0.801677 0.277702 0.292499
0.735849 0.545455 0.854560 0.100449 0.069142 0.008495 0.254973 0.031327 0.915967 0.637883 -0.027782 -0.163794 0.263024 0.122251
0.735849 0.454545 0.854560 -0.191048 0.069142 -0.016157 0.254973 -0.059582 0.864920 0.553344 0.892702 0.717137 0.256329 -0.229561
0.735849 0.431816 0.854560 -0.263927 0.069142 -0.022321 0.254973 -0.082311 0.853194 0.530677 -0.039508 -0.186460 0.259650 -0.312262
0.735849 0.386362 0.854560 -0.409675 0.069142 -0.034647 0.254973 -0.127766 0.831114 0.483491 0.870622 0.669951 0.271927 -0.464523
0.716980 0.363636 0.791318 -0.482544 0.064025 -0.040809 0.236104 -0.150491 0.803923 0.469373 -0.066699 -0.200577 0.263610 -0.567463
0.698114 0.340907 0.728086 -0.555423 0.058909 -0.046973 0.217237 -0.173220 0.776904 0.454265 0.843603 0.654843 0.258425 -0.673140
0.660378 0.318182 0.601612 -0.628292 0.048676 -0.053135 0.179501 -0.195946 0.733034 0.448996 -0.110569 -0.205846 0.242261 -0.829170
0.641509 0.318182 0.538370 -0.628292 0.043559 -0.053135 0.160632 -0.195946 0.716082 0.460434 0.826651 0.666281 0.228631 -0.884111
0.603773 0.295453 0.411896 -0.701171 0.033326 -0.059299 0.122896 -0.218675 0.672186 0.455087 -0.154465 -0.211194 0.222453 -1.058783
0.471696 0.295453 -0.030769 -0.701171 -0.002489 -0.059299 -0.009180 -0.218675 0.556587 0.559579 0.711052 0.770773 0.185651 1.528839
0.415094 0.295453 -0.220476 -0.701171 -0.017839 -0.059299 -0.065783 -0.218675 0.509505 0.618584 -0.201548 -0.152188 0.196747 1.278583
0.339622 0.295453 -0.473424 -0.701171 -0.038304 -0.059299 -0.141254 -0.218675 0.450151 0.715960 0.651698 0.868149 0.233098 0.997269
0.283017 0.318182 -0.663140 -0.628292 -0.053654 -0.053135 -0.197859 -0.195946 0.425838 0.843823 -0.225860 -0.024326 0.256160 0.780539
0.188679 0.340907 -0.979321 -0.555423 -0.079236 -0.046973 -0.292197 -0.173220 0.389638 1.065300 0.615498 1.089626 0.323992 0.535123
0.169810 0.340907 -1.042563 -0.555423 -0.084353 -0.046973 -0.311067 -0.173220 0.380858 1.108661 -0.234639 0.019036 0.341107 0.508094
0.132074 0.363636 -1.169037 -0.482544 -0.094586 -0.040809 -0.348803 -0.150491 0.386878 1.222408 0.621518 1.203372 0.367979 0.407322
0.075472 0.363636 -1.358744 -0.482544 -0.109935 -0.040809 -0.405405 -0.150491 0.371386 1.366155 -0.250132 0.162782 0.422017 0.355446
0.056602 0.386362 -1.421986 -0.409675 -0.115052 -0.034647 -0.424274 -0.127766 0.390486 1.425330 0.640618 1.262548 0.434674 0.292502
0.037736 0.386362 -1.485218 -0.409675 -0.120168 -0.034647 -0.443141 -0.127766 0.388200 1.473436 -0.252418 0.210887 0.453108 0.280706
0.018866 0.386362 -1.548460 -0.409675 -0.125285 -0.034647 -0.462010 -0.127766 0.386822 1.522004 0.639240 1.311117 0.471578 0.269800
0.000000 0.386362 -1.611692 -0.409675 -0.130401 -0.034647 -0.480876 -0.127766 0.386362 1.570796 -0.252878 0.259680 0.490077 0.259693
