0.065216 0.764707 -1.296410 0.474781 -0.091393 0.035746 -0.406866 0.159135 0.767483 1.485720 0.767483 1.485720 0.501168 -0.372830
0.086956 0.794116 -1.227137 0.562525 -0.086510 0.042352 -0.385126 0.188544 0.798863 1.461730 0.031380 -0.023990 0.502024 -0.455265
0.108697 0.794116 -1.157864 0.562525 -0.081626 0.042352 -0.363385 0.188544 0.801521 1.434764 0.770141 1.458754 0.485546 -0.478618
0.152175 0.764707 -1.019328 0.474781 -0.071860 0.035746 -0.319907 0.159135 0.779701 1.374365 0.009561 -0.084390 0.433555 -0.461598
0.173912 0.735293 -0.950066 0.387025 -0.066977 0.029139 -0.298169 0.129721 0.755580 1.338543 0.746020 1.422933 0.397725 -0.410359
0.217391 0.735293 -0.811530 0.387025 -0.057210 0.029139 -0.254691 0.129721 0.766756 1.283334 0.020736 -0.139599 0.366262 -0.471080
0.239131 0.735293 -0.742257 0.387025 -0.052327 0.029139 -0.232951 0.129721 0.773201 1.256366 0.752465 1.395965 0.351491 -0.508095
0.260869 0.735293 -0.672995 0.387025 -0.047444 0.029139 -0.211213 0.129721 0.780198 1.229868 0.027733 -0.166098 0.337478 -0.550774
0.282609 0.735293 -0.603722 0.387025 -0.042561 0.029139 -0.189472 0.129721 0.787733 1.203854 0.760000 1.369952 0.324315 -0.600344
0.304347 0.764707 -0.534459 0.474781 -0.037678 0.035746 -0.167735 0.159135 0.823045 1.192023 0.063045 -0.177929 0.337290 -0.759093
0.304347 0.794116 -0.534459 0.562525 -0.037678 0.042352 -0.167735 0.188544 0.850440 1.204811 0.787395 1.382740 0.363100 -0.843739
0.326088 0.823530 -0.465186 0.650282 -0.032794 0.048959 -0.145994 0.217958 0.885740 1.193775 0.098345 -0.188965 0.380566 -0.980608
0.326088 0.852940 -0.465186 0.738025 -0.032794 0.055565 -0.145994 0.247367 0.913148 1.205632 0.814803 1.394597 0.407881 -1.037620
0.326088 0.882353 -0.465186 0.825782 -0.032794 0.062172 -0.145994 0.276781 0.940681 1.216799 0.125878 -0.177799 0.435473 -1.085414
0.326088 0.911763 -0.465186 0.913526 -0.032794 0.068779 -0.145994 0.306191 0.968321 1.227327 0.842442 1.405126 0.463286 -1.125873
0.326088 0.941177 -0.465186 1.001282 -0.032794 0.075386 -0.145994 0.335605 0.996066 1.237272 0.153623 -0.167854 0.491288 -1.160470
0.304347 0.970586 -0.534459 1.089026 -0.037678 0.081992 -0.167735 0.365014 1.017185 1.266937 0.863561 1.434791 0.525967 -1.140045
0.282609 1.000000 -0.603722 1.176783 -0.042561 0.088599 -0.189472 0.394428 1.039167 1.295370 0.175606 -0.139421 0.560890 -1.122973
0.260869 1.000000 -0.672995 1.176783 -0.047444 0.088599 -0.211213 0.394428 1.033466 1.315615 0.857861 1.455036 0.568602 -1.079159
0.239131 1.000000 -0.742257 1.176783 -0.052327 0.088599 -0.232951 0.394428 1.028194 1.336073 0.170334 -0.118963 0.577030 -1.037314
0.217391 1.000000 -0.811530 1.176783 -0.057210 0.088599 -0.254691 0.394428 1.023357 1.356736 0.853023 1.475699 0.586144 -0.997433
0.173912 1.000000 -0.950066 1.176783 -0.066977 0.088599 -0.298169 0.394428 1.015010 1.398606 0.161987 -0.077093 0.606302 -0.923495
0.152175 1.000000 -1.019328 1.176783 -0.071860 0.088599 -0.319907 0.394428 1.011512 1.419780 0.849525 1.496873 0.617283 -0.889344
0.130434 0.970586 -1.088601 1.089026 -0.076743 0.081992 -0.341647 0.365014 0.979311 1.437209 0.129786 -0.059664 0.604342 -0.818452
0.108697 0.941177 -1.157864 1.001282 -0.081626 0.075386 -0.363385 0.335605 0.947433 1.455815 0.817646 1.515479 0.593379 -0.745675
0.086956 0.911763 -1.227137 0.913526 -0.086510 0.068779 -0.385126 0.306191 0.915900 1.475712 0.098254 -0.039767 0.584501 -0.671710
0.065216 0.911763 -1.296410 0.913526 -0.091393 0.068779 -0.406866 0.306191 0.914092 1.499391 0.815839 1.539158 0.599049 -0.645136
0.065216 0.882353 -1.296410 0.825782 -0.091393 0.062172 -0.406866 0.276781 0.884760 1.497020 0.068922 -0.042138 0.577809 -0.597365
0.043478 0.823530 -1.365673 0.650282 -0.096276 0.048959 -0.428604 0.217958 0.824677 1.518050 0.755755 1.560189 0.554272 -0.470449
0.021737 0.794116 -1.434946 0.562525 -0.101159 0.042352 -0.450344 0.188544 0.794414 1.543430 0.038658 -0.016758 0.553639 -0.396494
0.021737 0.764707 -1.434946 0.474781 -0.101159 0.035746 -0.450344 0.159135 0.765016 1.542378 0.726357 1.559137 0.537066 -0.339667
0.000000 0.705879 -1.504208 0.299268 -0.106042 0.022532 -0.472082 0.100307 0.705879 1.570796 -0.020478 0.011660 0.526804 -0.209364
0.000000 0.647056 -1.504208 0.123767 -0.106042 0.009318 -0.472082 0.041484 0.647056 1.570796 0.667534 1.559137 0.503465 -0.087649
0.000000 0.558823 -1.504208 -0.139476 -0.106042 -0.010501 -0.472082 -0.046749 0.558823 1.570796 -0.108711 0.011660 0.479985 0.098705
0.000000 0.500000 -1.504208 -0.314977 -0.106042 -0.023714 -0.472082 -0.105572 0.500000 1.570796 0.608711 1.559137 0.472907 0.220011
0.000000 0.470586 -1.504208 -0.402733 -0.106042 -0.030321 -0.472082 -0.134986 0.470586 1.570796 -0.138125 0.011660 0.472084 0.278506
0.000000 0.411763 -1.504208 -0.578234 -0.106042 -0.043535 -0.472082 -0.193809 0.411763 1.570796 0.549888 1.559137 0.475920 0.389561
0.021737 0.382353 -1.434946 -0.665977 -0.101159 -0.050141 -0.450344 -0.223219 0.382971 1.514006 -0.166917 -0.045131 0.459196 0.460171
0.043478 0.323530 -1.365673 -0.841478 -0.096276 -0.063354 -0.428604 -0.282042 0.326439 1.437210 0.493355 1.482341 0.453617 0.582012
0.086956 0.235293 -1.227137 -1.104735 -0.086510 -0.083175 -0.385126 -0.370279 0.250847 1.216799 -0.242508 -0.265542 0.452096 0.765747
0.108697 0.205884 -1.157864 -1.192478 -0.081626 -0.089781 -0.363385 -0.399689 0.232816 1.085037 0.475324 1.350579 0.450455 0.832938
0.173912 0.117647 -0.950066 -1.455735 -0.066977 -0.109601 -0.298169 -0.487926 0.209967 0.594759 -0.265357 -0.755821 0.463173 1.022258
0.217391 0.088237 -0.811530 -1.543479 -0.057210 -0.116207 -0.254691 -0.517335 0.234616 0.385575 0.499972 1.141396 0.460657 1.113316
0.239131 0.088237 -0.742257 -1.543479 -0.052327 -0.116207 -0.232951 -0.517335 0.254891 0.353491 -0.245081 -0.787905 0.449002 1.147702
0.282609 0.058823 -0.603722 -1.631236 -0.042561 -0.122814 -0.189472 -0.546749 0.288666 0.205213 0.533747 0.993118 0.454623 1.237204
0.326088 0.029414 -0.465186 -1.718979 -0.032794 -0.129421 -0.145994 -0.576158 0.327411 0.089959 -0.206336 -0.903159 0.466122 1.322627
0.413044 0.000000 -0.188115 -1.806736 -0.013262 -0.136028 -0.059038 -0.605572 0.413044 0.000000 0.619380 0.903159 0.475759 1.473612
0.456522 0.000000 -0.049579 -1.806736 -0.003495 -0.136028 -0.015560 -0.605572 0.456522 0.000000 -0.162858 -0.903159 0.472338 1.545107
0.565216 0.000000 0.296755 -1.806736 0.020920 -0.136028 0.093134 -0.605572 0.565216 0.000000 0.728073 0.903159 0.481181 -1.418197
0.608694 0.000000 0.435290 -1.806736 0.030687 -0.136028 0.136612 -0.605572 0.608694 0.000000 -0.119380 -0.903159 0.491451 -1.348919
0.652172 0.000000 0.573826 -1.806736 0.040453 -0.136028 0.180090 -0.605572 0.652172 0.000000 0.771551 0.903159 0.505266 -1.281738
0.739128 0.029414 0.850897 -1.718979 0.059986 -0.129421 0.267046 -0.576158 0.739713 0.039774 -0.031838 -0.863385 0.516980 -1.136777
0.760869 0.058823 0.920170 -1.631236 0.064869 -0.122814 0.288787 -0.546749 0.763139 0.077157 0.794977 0.940542 0.504163 -1.084853
0.847825 0.088237 1.197241 -1.543479 0.084402 -0.116207 0.375743 -0.517335 0.852404 0.103701 0.057427 -0.836841 0.537140 -0.942633
0.869566 0.117647 1.266514 -1.455735 0.089285 -0.109601 0.397484 -0.487926 0.877488 0.134477 0.820061 0.971317 0.532558 -0.887192
0.891303 0.176470 1.335777 -1.280235 0.094168 -0.096388 0.419221 -0.429102 0.908605 0.195463 0.088544 -0.775855 0.512965 -0.797046
0.934781 0.235293 1.474312 -1.104735 0.103935 -0.083175 0.462699 -0.370279 0.963939 0.246587 0.875396 1.022441 0.519769 -0.674899
0.956522 0.294116 1.543585 -0.929234 0.108818 -0.069961 0.484440 -0.311456 1.000719 0.298310 0.125323 -0.724132 0.516095 -0.571382
0.978259 0.323530 1.612848 -0.841478 0.113701 -0.063354 0.506177 -0.282042 1.030370 0.319397 0.905047 1.043529 0.527526 -0.508354
1.000000 0.441177 1.682121 -0.490477 0.118585 -0.036928 0.527918 -0.164395 1.092994 0.415492 0.187948 -0.628036 0.528822 -0.301885
1.000000 0.470586 1.682121 -0.402733 0.118585 -0.030321 0.527918 -0.134986 1.105193 0.439841 0.917245 1.067877 0.527920 -0.250332
1.000000 0.588233 1.682121 -0.051733 0.118585 -0.003895 0.527918 -0.017340 1.160180 0.531722 0.242935 -0.536155 0.540545 -0.032833
1.000000 0.617647 1.682121 0.036024 0.118585 0.002712 0.527918 0.012074 1.175367 0.553294 0.932432 1.089449 0.547619 0.022868
1.000000 0.705879 1.682121 0.299268 0.118585 0.022532 0.527918 0.100307 1.224037 0.614661 0.291604 -0.474788 0.577372 0.187767
1.000000 0.735293 1.682121 0.387025 0.118585 0.029139 0.527918 0.129721 1.241232 0.634022 0.949627 1.108810 0.589896 0.240948
0.978259 0.823530 1.612848 0.650282 0.113701 0.048959 0.506177 0.217958 1.278747 0.699733 0.329120 -0.409077 0.616224 0.406601
0.978259 0.852940 1.612848 0.738025 0.113701 0.055565 0.506177 0.247367 1.297882 0.717069 0.968762 1.126146 0.633457 0.454564
0.934781 0.882353 1.474312 0.825782 0.103935 0.062172 0.462699 0.276781 1.285443 0.756554 0.316681 -0.369592 0.618396 0.539086
0.934781 0.911763 1.474312 0.913526 0.103935 0.068779 0.462699 0.306191 1.305805 0.772933 0.989125 1.142525 0.638287 0.584590
0.913044 0.941177 1.405050 1.001282 0.099052 0.075386 0.440962 0.335605 1.311283 0.800569 0.322158 -0.341955 0.643815 0.650551
0.891303 0.941177 1.335777 1.001282 0.094168 0.075386 0.419221 0.335605 1.296239 0.812608 0.974081 1.154563 0.629124 0.675072
0.847825 0.941177 1.197241 1.001282 0.084402 0.075386 0.375743 0.335605 1.266736 0.837532 0.292656 -0.317031 0.601027 0.729032
0.826088 0.941177 1.127979 1.001282 0.079519 0.075386 0.354006 0.335605 1.252292 0.850429 0.959636 1.167461 0.587682 0.758721
0.804347 0.941177 1.058706 1.001282 0.074636 0.075386 0.332265 0.335605 1.238058 0.863627 0.278422 -0.303833 0.574848 0.790398
0.782609 0.941177 0.989443 1.001282 0.069753 0.075386 0.310528 0.335605 1.224047 0.877128 0.945625 1.180961 0.562563 0.824190
0.760869 0.911763 0.920170 0.913526 0.064869 0.068779 0.288787 0.306191 1.187532 0.875368 0.241907 -0.305593 0.526039 0.814641
0.739128 0.882353 0.850897 0.825782 0.059986 0.062172 0.267046 0.276781 1.151025 0.873500 0.909117 1.179092 0.489527 0.803297
0.717391 0.852940 0.781634 0.738025 0.055103 0.055565 0.245309 0.247367 1.114520 0.871504 0.205403 -0.307589 0.453022 0.789577
0.695650 0.794116 0.712361 0.562525 0.050219 0.042352 0.223568 0.188544 1.055722 0.851397 0.850320 1.158986 0.392032 0.700616
0.695650 0.764707 0.712361 0.474781 0.050219 0.035746 0.223568 0.159135 1.033782 0.832651 0.183463 -0.326336 0.368255 0.618599
0.695650 0.705879 0.712361 0.299268 0.050219 0.022532 0.223568 0.100307 0.991057 0.792697 0.807595 1.119032 0.323487 0.421743
0.673912 0.676470 0.643099 0.211524 0.045337 0.015925 0.201831 0.070898 0.954866 0.787292 0.147272 -0.331740 0.287246 0.337808
0.673912 0.617647 0.643099 0.036024 0.045337 0.002712 0.201831 0.012074 0.914136 0.741861 0.766865 1.073602 0.248847 0.059753
0.673912 0.558823 0.643099 -0.139476 0.045337 -0.010501 0.201831 -0.046749 0.875466 0.692307 0.108602 -0.381294 0.219681 -0.227611
0.673912 0.529409 0.643099 -0.227233 0.045337 -0.017108 0.201831 -0.076163 0.856990 0.665884 0.748389 1.047178 0.209814 -0.360838
0.673912 0.500000 0.643099 -0.314977 0.045337 -0.023714 0.201831 -0.105572 0.839141 0.638320 0.090753 -0.408858 0.203752 -0.481935
0.673912 0.470586 0.643099 -0.402733 0.045337 -0.030321 0.201831 -0.134986 0.821955 0.609577 0.731202 1.018435 0.201836 -0.589484
0.652172 0.470586 0.573826 -0.402733 0.040453 -0.030321 0.180090 -0.134986 0.804226 0.625055 0.073024 -0.393380 0.180096 -0.643212
0.630434 0.470586 0.504563 -0.402733 0.035570 -0.030321 0.158353 -0.134986 0.786701 0.641224 0.713677 1.034604 0.158360 -0.705909
0.608694 0.470586 0.435290 -0.402733 0.030687 -0.030321 0.136612 -0.134986 0.769389 0.658127 0.055712 -0.376477 0.136620 -0.779412
0.565216 0.470586 0.296755 -0.402733 0.020920 -0.030321 0.093134 -0.134986 0.735473 0.694292 0.679761 1.070769 0.093146 -0.966847
0.543478 0.470586 0.227492 -0.402733 0.016038 -0.030321 0.071396 -0.134986 0.718902 0.713641 0.039141 -0.357129 0.071412 -1.084285
0.500000 0.470586 0.088956 -0.402733 0.006271 -0.030321 0.027918 -0.134986 0.686623 0.755102 0.647482 1.112231 0.027958 -1.366849
0.478259 0.441177 0.019683 -0.490477 0.001388 -0.036928 0.006177 -0.164395 0.650668 0.745088 0.003186 -0.367143 0.031516 -1.533237
0.456522 0.441177 -0.049579 -0.490477 -0.003495 -0.036928 -0.015560 -0.164395 0.634862 0.768306 0.631676 1.135449 0.034601 1.476428
