0.129032 0.571429 -1.045473 0.087148 -0.060726 0.005460 -0.312764 0.028122 0.585816 1.348715 0.585816 1.348715 0.338565 -0.089674
0.112904 0.571429 -1.099383 0.087148 -0.063857 0.005460 -0.328892 0.028122 0.582476 1.375727 -0.003340 0.027012 0.353517 -0.085299
0.129032 0.571429 -1.045473 0.087148 -0.060726 0.005460 -0.312764 0.028122 0.585816 1.348715 0.589155 1.321703 0.338565 -0.089674
0.145162 0.571429 -0.991554 0.087148 -0.057594 0.005460 -0.296634 0.028122 0.589578 1.322025 0.000423 0.000321 0.323722 -0.094522
0.161290 0.571429 -0.937644 0.087148 -0.054462 0.005460 -0.280506 0.028122 0.593755 1.295696 0.593332 1.295374 0.309012 -0.099922
0.177420 0.571429 -0.883726 0.087148 -0.051331 0.005460 -0.264376 0.028122 0.598338 1.269748 0.005006 -0.025626 0.294447 -0.105974
0.193548 0.571429 -0.829816 0.087148 -0.048199 0.005460 -0.248248 0.028122 0.603317 1.244216 0.598311 1.269842 0.280057 -0.112802
0.209678 0.595240 -0.775898 0.160937 -0.045067 0.010083 -0.232118 0.051934 0.631091 1.232111 0.032780 -0.037731 0.278251 -0.220113
0.225808 0.619048 -0.721979 0.234715 -0.041936 0.014706 -0.215988 0.075741 0.658946 1.221027 0.626166 1.258757 0.279408 -0.337276
0.241936 0.619048 -0.668069 0.234715 -0.038804 0.014706 -0.199860 0.075741 0.664645 1.198229 0.038479 -0.060529 0.267137 -0.362249
0.258066 0.642859 -0.614151 0.308504 -0.035673 0.019329 -0.183730 0.099553 0.692723 1.189053 0.654244 1.249582 0.272365 -0.496560
0.274194 0.666667 -0.560241 0.382282 -0.032541 0.023951 -0.167602 0.123360 0.720851 1.180594 0.066607 -0.068987 0.280459 -0.634502
0.274194 0.690478 -0.560241 0.456071 -0.032541 0.028575 -0.167602 0.147172 0.742928 1.192786 0.676321 1.261773 0.299889 -0.720585
0.290324 0.714286 -0.506323 0.529848 -0.029409 0.033197 -0.151472 0.170980 0.771033 1.184739 0.094712 -0.077035 0.311760 -0.845823
0.306452 0.738097 -0.452412 0.603637 -0.026278 0.037820 -0.135344 0.194791 0.799187 1.177262 0.704475 1.254297 0.325749 -0.963558
0.306452 0.761905 -0.452412 0.677415 -0.026278 0.042443 -0.135344 0.218599 0.821226 1.188379 0.116751 -0.065918 0.347545 -1.016419
0.306452 0.785716 -0.452412 0.751204 -0.026278 0.047066 -0.135344 0.242410 0.843364 1.198915 0.726613 1.264833 0.369593 -1.061583
0.306452 0.809524 -0.452412 0.824982 -0.026278 0.051688 -0.135344 0.266218 0.865587 1.208910 0.138974 -0.055923 0.391844 -1.100455
0.306452 0.833335 -0.452412 0.898770 -0.026278 0.056311 -0.135344 0.290029 0.887897 1.218404 0.748922 1.274328 0.414272 -1.134177
0.306452 0.857143 -0.452412 0.972548 -0.026278 0.060934 -0.135344 0.313837 0.910278 1.227431 0.161356 -0.046896 0.436842 -1.163639
0.306452 0.880954 -0.452412 1.046337 -0.026278 0.065557 -0.135344 0.337648 0.932734 1.236026 0.771378 1.282922 0.459541 -1.189563
0.306452 0.904762 -0.452412 1.120115 -0.026278 0.070179 -0.135344 0.361456 0.955252 1.244214 0.183874 -0.038708 0.482344 -1.212516
0.290324 0.928573 -0.506323 1.193904 -0.029409 0.074803 -0.151472 0.385267 0.972901 1.267769 0.789027 1.306477 0.509800 -1.196200
0.274194 0.952381 -0.560241 1.267681 -0.032541 0.079425 -0.167602 0.409075 0.991066 1.290474 0.202039 -0.016003 0.537389 -1.181948
0.258066 0.976192 -0.614151 1.341470 -0.035673 0.084048 -0.183730 0.432886 1.009727 1.312349 0.807688 1.328352 0.565098 -1.169409
0.241936 0.976192 -0.668069 1.341470 -0.038804 0.084048 -0.199860 0.432886 1.005726 1.327855 0.198038 -0.000497 0.570547 -1.138262
0.225808 0.976192 -0.721979 1.341470 -0.041936 0.084048 -0.215988 0.432886 1.001968 1.343479 0.803931 1.343976 0.576394 -1.107991
0.209678 1.000000 -0.775898 1.415248 -0.045067 0.088671 -0.232118 0.456694 1.021746 1.364112 0.217815 0.020137 0.604542 -1.100565
0.193548 1.000000 -0.829816 1.415248 -0.048199 0.088671 -0.248248 0.456694 1.018558 1.379612 0.800743 1.359476 0.610916 -1.072898
0.177420 1.000000 -0.883726 1.415248 -0.051331 0.088671 -0.264376 0.456694 1.015617 1.395203 0.214874 0.035728 0.617646 -1.046043
0.161290 1.000000 -0.937644 1.415248 -0.054462 0.088671 -0.280506 0.456694 1.012924 1.410884 0.798050 1.375156 0.624720 -1.019994
0.145162 0.976192 -0.991554 1.341470 -0.057594 0.084048 -0.296634 0.432886 0.986926 1.423176 0.188877 0.048020 0.611205 -0.970041
0.129032 0.976192 -1.045473 1.341470 -0.060726 0.084048 -0.312764 0.432886 0.984683 1.439379 0.795806 1.391360 0.619194 -0.945123
0.112904 0.952381 -1.099383 1.267681 -0.063857 0.079425 -0.328892 0.409075 0.959050 1.452798 0.163244 0.061438 0.607344 -0.893627
0.096774 0.952381 -1.153301 1.267681 -0.066989 0.079425 -0.345022 0.409075 0.957285 1.469531 0.794041 1.408093 0.616228 -0.870134
0.080646 0.928573 -1.207211 1.193904 -0.070120 0.074803 -0.361150 0.385267 0.932069 1.484164 0.138027 0.076071 0.606120 -0.817698
0.080646 0.904762 -1.207211 1.120115 -0.070120 0.070179 -0.361150 0.361456 0.908349 1.481896 0.770322 1.405825 0.587168 -0.785821
0.064516 0.904762 -1.261129 1.120115 -0.073252 0.070179 -0.377280 0.361456 0.907059 1.499610 0.136737 0.093785 0.597225 -0.763981
0.048388 0.880954 -1.315040 1.046337 -0.076383 0.065557 -0.393408 0.337648 0.882282 1.515924 0.745545 1.422140 0.589601 -0.709273
0.048388 0.857143 -1.315040 0.972548 -0.076383 0.060934 -0.393408 0.313837 0.858508 1.514403 0.112963 0.092264 0.572086 -0.673361
0.032258 0.857143 -1.368958 0.972548 -0.079515 0.060934 -0.409538 0.313837 0.857750 1.533180 0.744787 1.440916 0.583296 -0.653864
0.032258 0.833335 -1.368958 0.898770 -0.079515 0.056311 -0.409538 0.290029 0.833959 1.532106 0.089173 0.091190 0.566590 -0.616199
0.016130 0.809524 -1.422868 0.824982 -0.082646 0.051688 -0.425666 0.266218 0.809684 1.550873 0.720512 1.459684 0.562508 -0.558897
0.016130 0.785716 -1.422868 0.751204 -0.082646 0.047066 -0.425666 0.242410 0.785882 1.550270 0.065370 0.090586 0.547241 -0.517679
0.016130 0.761905 -1.422868 0.677415 -0.082646 0.042443 -0.425666 0.218599 0.762075 1.549629 0.696706 1.459042 0.532598 -0.474425
0.000000 0.714286 -1.476786 0.529848 -0.085778 0.033197 -0.441796 0.170980 0.714286 1.570796 0.017580 0.111754 0.519071 -0.369258
0.000000 0.690478 -1.476786 0.456071 -0.085778 0.028575 -0.441796 0.147172 0.690478 1.570796 0.672898 1.459042 0.506978 -0.321560
0.000000 0.666667 -1.476786 0.382282 -0.085778 0.023951 -0.441796 0.123360 0.666667 1.570796 -0.006231 0.111754 0.495732 -0.272290
0.000000 0.642859 -1.476786 0.308504 -0.085778 0.019329 -0.441796 0.099553 0.642859 1.570796 0.649090 1.459042 0.485397 -0.221635
0.000000 0.595240 -1.476786 0.160937 -0.085778 0.010083 -0.441796 0.051934 0.595240 1.570796 -0.053850 0.111754 0.467684 -0.117014
0.000000 0.571429 -1.476786 0.087148 -0.085778 0.005460 -0.441796 0.028122 0.571429 1.570796 0.625279 1.459042 0.460422 -0.063569
0.016130 0.523810 -1.422868 -0.060418 -0.082646 -0.003785 -0.425666 -0.019497 0.524058 1.540012 -0.101221 0.080970 0.433495 0.045771
0.016130 0.500002 -1.422868 -0.134196 -0.082646 -0.008408 -0.425666 -0.043304 0.500262 1.538547 0.601483 1.457577 0.429627 0.101385
0.032258 0.476190 -1.368958 -0.207985 -0.079515 -0.013031 -0.409538 -0.067116 0.477282 1.503158 -0.124201 0.045580 0.410980 0.162438
0.032258 0.428571 -1.368958 -0.355552 -0.079515 -0.022277 -0.409538 -0.114735 0.429784 1.495669 0.553985 1.450089 0.409751 0.273154
0.048388 0.404764 -1.315040 -0.429329 -0.076383 -0.026899 -0.393408 -0.138543 0.407646 1.451814 -0.146339 0.001725 0.395147 0.338598
0.064516 0.357145 -1.261129 -0.576896 -0.073252 -0.036145 -0.377280 -0.186162 0.362925 1.392080 0.509264 1.390354 0.386660 0.458378
0.064516 0.333333 -1.261129 -0.650685 -0.073252 -0.040768 -0.377280 -0.209973 0.339519 1.379612 -0.169745 -0.010742 0.392561 0.507853
0.080646 0.309522 -1.207211 -0.724474 -0.070120 -0.045391 -0.361150 -0.233784 0.319856 1.315912 0.489601 1.326655 0.384611 0.574498
0.112904 0.238095 -1.099383 -0.945818 -0.063857 -0.059259 -0.328892 -0.305211 0.263508 1.128003 -0.226092 -0.198652 0.386864 0.748070
0.129032 0.214284 -1.045473 -1.019607 -0.060726 -0.063882 -0.312764 -0.329022 0.250134 1.028794 0.476226 1.227446 0.386760 0.810726
0.145162 0.190476 -0.991554 -1.093385 -0.057594 -0.068505 -0.296634 -0.352830 0.239485 0.919595 -0.236741 -0.307851 0.388784 0.871710
0.193548 0.142857 -0.829816 -1.240951 -0.048199 -0.077750 -0.248248 -0.400449 0.240560 0.635840 0.477300 0.943690 0.388576 1.015855
0.225808 0.119046 -0.721979 -1.314740 -0.041936 -0.082373 -0.215988 -0.424260 0.255267 0.485169 -0.222033 -0.458522 0.388353 1.099901
0.241936 0.095238 -0.668069 -1.388518 -0.038804 -0.086996 -0.199860 -0.448068 0.260006 0.375020 0.482040 0.833542 0.400058 1.151234
0.274194 0.071427 -0.560241 -1.462307 -0.032541 -0.091619 -0.167602 -0.471879 0.283345 0.254834 -0.198695 -0.578708 0.406526 1.229515
0.290324 0.071427 -0.506323 -1.462307 -0.029409 -0.091619 -0.151472 -0.471879 0.298982 0.241233 0.497677 0.819941 0.400146 1.260190
0.322582 0.047619 -0.398494 -1.536085 -0.023146 -0.096241 -0.119214 -0.495687 0.326078 0.146560 -0.171598 -0.673381 0.411810 1.334777
0.370968 0.023808 -0.236756 -1.609874 -0.013752 -0.100865 -0.070828 -0.519498 0.371731 0.064089 0.543330 0.737471 0.423947 1.435293
0.387098 0.023808 -0.182837 -1.609874 -0.010620 -0.100865 -0.054698 -0.519498 0.387830 0.061426 -0.155500 -0.676045 0.421552 1.465893
0.435484 0.000000 -0.021099 -1.683651 -0.001226 -0.105487 -0.006312 -0.543306 0.435484 0.000000 0.590984 0.676045 0.441841 1.559179
0.467742 0.000000 0.086730 -1.683651 0.005038 -0.105487 0.025946 -0.543306 0.467742 0.000000 -0.123242 -0.676045 0.442557 -1.523077
0.483872 0.000000 0.140648 -1.683651 0.008169 -0.105487 0.042076 -0.543306 0.483872 0.000000 0.607114 0.676045 0.443795 -1.493506
0.532258 0.000000 0.302386 -1.683651 0.017564 -0.105487 0.090462 -0.543306 0.532258 0.000000 -0.074856 -0.676045 0.450962 -1.405807
0.564516 0.000000 0.410215 -1.683651 0.023827 -0.105487 0.122720 -0.543306 0.564516 0.000000 0.639372 0.676045 0.458524 -1.348648
0.596774 0.000000 0.518043 -1.683651 0.030090 -0.105487 0.154978 -0.543306 0.596774 0.000000 -0.042598 -0.676045 0.468190 -1.292926
0.645162 0.000000 0.679790 -1.683651 0.039485 -0.105487 0.203366 -0.543306 0.645162 0.000000 0.687760 0.676045 0.486355 -1.212629
0.677420 0.000000 0.787618 -1.683651 0.045748 -0.105487 0.235624 -0.543306 0.677420 0.000000 -0.010340 -0.676045 0.500702 -1.161592
0.709678 0.023808 0.895447 -1.609874 0.052011 -0.100865 0.267882 -0.519498 0.710077 0.033535 0.720418 0.709580 0.496463 -1.094703
0.758066 0.047619 1.057193 -1.536085 0.061406 -0.096241 0.316270 -0.495687 0.759560 0.062734 0.039143 -0.646846 0.505374 -1.002872
0.790324 0.047619 1.165022 -1.536085 0.067669 -0.096241 0.348528 -0.495687 0.791758 0.060180 0.752615 0.707025 0.526163 -0.957978
0.806452 0.071427 1.218932 -1.462307 0.070801 -0.091619 0.364656 -0.471879 0.809609 0.088339 0.056994 -0.618687 0.519757 -0.912879
0.854840 0.119046 1.380678 -1.314740 0.080196 -0.082373 0.413044 -0.424260 0.863090 0.138371 0.806095 0.757058 0.524188 -0.798793
0.870968 0.166665 1.434589 -1.167174 0.083327 -0.073128 0.429172 -0.376641 0.886771 0.189070 0.080675 -0.567987 0.509790 -0.720301
0.903226 0.214284 1.542417 -1.019607 0.089590 -0.063882 0.461430 -0.329022 0.928297 0.232936 0.847621 0.800924 0.514470 -0.619430
0.919356 0.261903 1.596335 -0.872040 0.092722 -0.054637 0.477560 -0.281403 0.955934 0.277525 0.108312 -0.523399 0.510319 -0.532479
0.951614 0.333333 1.704164 -0.650685 0.098985 -0.040768 0.509818 -0.209973 1.008306 0.336926 0.899994 0.860325 0.521228 -0.390687
0.967742 0.380952 1.758074 -0.503118 0.102116 -0.031522 0.525946 -0.162354 1.040024 0.375021 0.140030 -0.485304 0.529454 -0.299409
0.983872 0.452383 1.811992 -0.281763 0.105248 -0.017653 0.542076 -0.090923 1.082892 0.430972 0.942862 0.916276 0.542180 -0.166185
0.983872 0.500002 1.811992 -0.134196 0.105248 -0.008408 0.542076 -0.043304 1.103633 0.470184 0.160772 -0.446092 0.545192 -0.079717
1.000000 0.571429 1.865902 0.087148 0.108380 0.005460 0.558204 0.028122 1.151751 0.519146 0.990980 0.965238 0.573059 0.050338
1.000000 0.619048 1.865902 0.234715 0.108380 0.014706 0.558204 0.075741 1.176104 0.554307 0.185124 -0.410930 0.585670 0.134864
1.000000 0.666667 1.865902 0.382282 0.108380 0.023951 0.558204 0.123360 1.201850 0.588003 1.016726 0.998933 0.601796 0.217499
1.000000 0.714286 1.865902 0.529848 0.108380 0.033197 0.558204 0.170980 1.228904 0.620249 0.212177 -0.378684 0.621162 0.297229
0.983872 0.738097 1.811992 0.603637 0.105248 0.037820 0.542076 0.194791 1.229956 0.643627 1.017779 1.022310 0.617771 0.344973
0.967742 0.785716 1.758074 0.751204 0.102116 0.047066 0.525946 0.242410 1.246545 0.681959 0.228766 -0.340351 0.628411 0.431883
0.951614 0.809524 1.704164 0.824982 0.098985 0.051688 0.509818 0.266218 1.249359 0.704892 1.020593 1.045243 0.628600 0.481235
0.935484 0.833335 1.650245 0.898770 0.095853 0.056311 0.493688 0.290029 1.252828 0.727712 0.232235 -0.317530 0.630104 0.531158
0.919356 0.857143 1.596335 0.972548 0.092722 0.060934 0.477560 0.313837 1.256945 0.750392 1.024710 1.067922 0.632911 0.581397
0.887098 0.880954 1.488507 1.046337 0.086459 0.065557 0.445302 0.337648 1.250209 0.781923 0.225500 -0.285999 0.625423 0.648757
0.854840 0.880954 1.380678 1.046337 0.080196 0.065557 0.413044 0.337648 1.227531 0.800441 1.002031 1.086441 0.602881 0.685298
0.822582 0.880954 1.272850 1.046337 0.073933 0.065557 0.380786 0.337648 1.205289 0.819650 0.203258 -0.266791 0.581256 0.725425
0.806452 0.880954 1.218932 1.046337 0.070801 0.065557 0.364656 0.337648 1.194339 0.829521 0.991081 1.096312 0.570819 0.746961
0.790324 0.880954 1.165022 1.046337 0.067669 0.065557 0.348528 0.337648 1.183509 0.839573 0.192428 -0.256739 0.560653 0.769543
0.758066 0.857143 1.057193 0.972548 0.061406 0.060934 0.316270 0.313837 1.144272 0.846661 0.951844 1.103400 0.522054 0.781536
0.741936 0.809524 1.003275 0.824982 0.058274 0.051688 0.300140 0.266218 1.098088 0.828935 0.146244 -0.274466 0.474666 0.725574
0.725808 0.785716 0.949365 0.751204 0.055143 0.047066 0.284012 0.242410 1.069648 0.825011 0.923404 1.099477 0.446031 0.706533
0.725808 0.738097 0.949365 0.603637 0.055143 0.037820 0.284012 0.194791 1.035174 0.793792 0.111770 -0.305685 0.410436 0.601168
0.725808 0.714286 0.949365 0.529848 0.055143 0.033197 0.284012 0.170980 1.018333 0.777397 0.906563 1.083082 0.393591 0.541899
0.725808 0.690478 0.949365 0.456071 0.055143 0.028575 0.284012 0.147172 1.001777 0.760458 0.095214 -0.322624 0.377499 0.478092
0.725808 0.642859 0.949365 0.308504 0.055143 0.019329 0.284012 0.099553 0.969570 0.724866 0.874356 1.047490 0.347979 0.337140
0.725808 0.595240 0.949365 0.160937 0.055143 0.010083 0.284012 0.051934 0.938674 0.686881 0.064318 -0.360609 0.322813 0.180859
0.741936 0.571429 1.003275 0.087148 0.058274 0.005460 0.300140 0.028122 0.936483 0.656295 0.872165 1.016905 0.326938 0.093425
0.741936 0.547621 1.003275 0.013371 0.058274 0.000838 0.300140 0.004315 0.922148 0.635840 0.049984 -0.381065 0.318250 0.014374
0.758066 0.500002 1.057193 -0.134196 0.061406 -0.008408 0.316270 -0.043304 0.908111 0.583077 0.858128 0.964142 0.321582 -0.136076
0.758066 0.476190 1.057193 -0.207985 0.061406 -0.013031 0.316270 -0.067116 0.895222 0.560872 0.037094 -0.403270 0.318135 -0.209108
0.774194 0.452383 1.111103 -0.281763 0.064538 -0.017653 0.332398 -0.090923 0.896675 0.528816 0.859581 0.932086 0.332567 -0.267006
0.790324 0.428571 1.165022 -0.355552 0.067669 -0.022277 0.348528 -0.114735 0.899047 0.496891 0.039466 -0.435195 0.348779 -0.318024
0.790324 0.404764 1.165022 -0.429329 0.067669 -0.026899 0.348528 -0.138543 0.887945 0.473319 0.848479 0.908514 0.350490 -0.378356
0.790324 0.380952 1.165022 -0.503118 0.067669 -0.031522 0.348528 -0.162354 0.877347 0.449161 0.028868 -0.459353 0.353799 -0.435937
0.774194 0.380952 1.111103 -0.503118 0.064538 -0.031522 0.332398 -0.162354 0.862845 0.457278 0.833977 0.916631 0.337921 -0.454350
0.741936 0.404764 1.003275 -0.429329 0.058274 -0.026899 0.300140 -0.138543 0.845164 0.499421 0.011187 -0.417211 0.302416 -0.432453
0.725808 0.404764 0.949365 -0.429329 0.055143 -0.026899 0.284012 -0.138543 0.831042 0.508715 0.819855 0.925926 0.286417 -0.453844
0.693548 0.404764 0.841528 -0.429329 0.048880 -0.026899 0.251752 -0.138543 0.803021 0.528283 -0.016834 -0.397643 0.254461 -0.503084
0.661290 0.404764 0.733700 -0.429329 0.042616 -0.026899 0.219494 -0.138543 0.775331 0.549256 0.792165 0.946899 0.222596 -0.563039
0.645162 0.404764 0.679790 -0.429329 0.039485 -0.026899 0.203366 -0.138543 0.761622 0.560311 -0.030543 -0.386588 0.206710 -0.598029
0.629032 0.404764 0.625872 -0.429329 0.036353 -0.026899 0.187236 -0.138543 0.748007 0.571772 0.778550 0.958359 0.190863 -0.637029
0.580646 0.428571 0.464133 -0.355552 0.026959 -0.022277 0.138850 -0.114735 0.721681 0.635838 -0.056869 -0.322522 0.139479 -0.690585
0.564516 0.428571 0.410215 -0.355552 0.023827 -0.022277 0.122720 -0.114735 0.708768 0.649353 0.765637 0.971874 0.123430 -0.751782
0.516130 0.428571 0.248476 -0.355552 0.014433 -0.022277 0.074334 -0.114735 0.670868 0.692978 -0.094769 -0.278896 0.075501 -0.995914
0.500000 0.428571 0.194558 -0.355552 0.011301 -0.022277 0.058204 -0.114735 0.658539 0.708626 0.753308 0.987523 0.059687 -1.101332
0.467742 0.404764 0.086730 -0.429329 0.005038 -0.026899 0.025946 -0.138543 0.618560 0.713342 -0.134748 -0.274180 0.045217 -1.385662
0.435484 0.404764 -0.021099 -0.429329 -0.001226 -0.026899 -0.006312 -0.138543 0.594542 0.748853 0.729290 1.023034 0.037566 1.525268
0.419356 0.380952 -0.075009 -0.503118 -0.004357 -0.031522 -0.022440 -0.162354 0.566555 0.737449 -0.162735 -0.285585 0.064850 1.433452
0.403226 0.357145 -0.128927 -0.576896 -0.007489 -0.036145 -0.038570 -0.186162 0.538650 0.724868 0.701385 1.010454 0.093024 1.366502
0.387098 0.333333 -0.182837 -0.650685 -0.010620 -0.040768 -0.054698 -0.209973 0.510839 0.710907 -0.190546 -0.299546 0.121474 1.315961
0.370968 0.309522 -0.236756 -0.724474 -0.013752 -0.045391 -0.070828 -0.233784 0.483137 0.695346 0.673683 0.994892 0.150043 1.276624
0.354840 0.285714 -0.290666 -0.798251 -0.016883 -0.050013 -0.086956 -0.257592 0.455570 0.677898 -0.218113 -0.316993 0.178669 1.245236
