0.162162 0.823529 -0.866068 0.908054 -0.072764 0.072954 -0.283965 0.284706 0.839343 1.376373 0.839343 1.376373 0.472302 -0.786701
0.162162 0.794120 -0.866068 0.814254 -0.072764 0.065418 -0.283965 0.255297 0.810508 1.369362 -0.028836 -0.007010 0.449149 -0.732285
0.216216 0.794120 -0.701208 0.814254 -0.058913 0.065418 -0.229911 0.255297 0.823028 1.304969 0.851864 1.311979 0.417083 -0.837668
0.243245 0.794120 -0.618772 0.814254 -0.051987 0.065418 -0.202882 0.255297 0.830539 1.273563 -0.021325 -0.038416 0.402815 -0.899300
0.270270 0.794120 -0.536349 0.814254 -0.045062 0.065418 -0.175858 0.255297 0.838852 1.242754 0.860177 1.281171 0.389904 -0.967602
0.297299 0.823529 -0.453913 0.908054 -0.038136 0.072954 -0.148828 0.284706 0.875550 1.224351 0.015373 -0.056820 0.405687 -1.089119
0.324328 0.852943 -0.371477 1.001868 -0.031210 0.080491 -0.121799 0.314120 0.912524 1.207435 0.897152 1.264255 0.424658 -1.200896
0.324328 0.882353 -0.371477 1.095669 -0.031210 0.088027 -0.121799 0.343530 0.940072 1.218554 0.042920 -0.045701 0.452911 -1.230071
0.351353 0.882353 -0.289054 1.095669 -0.024285 0.088027 -0.094775 0.343530 0.949734 1.191843 0.906814 1.237544 0.446402 -1.301608
0.351353 0.911767 -0.289054 1.189483 -0.024285 0.095564 -0.094775 0.372944 0.977122 1.202980 0.070308 -0.034564 0.475187 -1.321938
0.351353 0.941176 -0.289054 1.283283 -0.024285 0.103100 -0.094775 0.402353 1.004620 1.213506 0.934312 1.248070 0.504040 -1.339463
0.324328 0.970590 -0.371477 1.377097 -0.031210 0.110637 -0.121799 0.431767 1.023345 1.248306 0.089032 0.000236 0.538421 -1.295846
0.297299 0.970590 -0.453913 1.377097 -0.038136 0.110637 -0.148828 0.431767 1.015102 1.273563 0.926070 1.273327 0.545171 -1.238854
0.297299 1.000000 -0.453913 1.470897 -0.038136 0.118173 -0.148828 0.461177 1.043258 1.281820 0.117188 0.008493 0.573520 -1.258633
0.270270 1.000000 -0.536349 1.470897 -0.045062 0.118173 -0.175858 0.461177 1.035879 1.306833 0.918691 1.298341 0.581120 -1.206493
0.243245 1.000000 -0.618772 1.470897 -0.051987 0.118173 -0.202882 0.461177 1.029159 1.332186 0.110468 0.033845 0.589861 -1.156354
0.216216 1.000000 -0.701208 1.470897 -0.058913 0.118173 -0.229911 0.461177 1.023108 1.357858 0.912640 1.324013 0.599695 -1.108324
0.189191 1.000000 -0.783632 1.470897 -0.065838 0.118173 -0.256936 0.461177 1.017739 1.383815 0.105099 0.059802 0.610566 -1.062494
0.162162 1.000000 -0.866068 1.470897 -0.072764 0.118173 -0.283965 0.461177 1.013063 1.410034 0.907964 1.350232 0.622424 -1.018883
0.135137 0.970590 -0.948491 1.377097 -0.079689 0.110637 -0.310990 0.431767 0.979953 1.432454 0.071989 0.082222 0.609735 -0.946593
0.081083 0.911767 -1.113351 1.189483 -0.093540 0.095564 -0.365044 0.372944 0.915365 1.482100 0.843376 1.399878 0.591674 -0.796102
0.054054 0.882353 -1.195787 1.095669 -0.100466 0.088027 -0.392073 0.343530 0.884007 1.509612 0.040631 0.109734 0.586527 -0.719502
0.027029 0.823529 -1.278210 0.908054 -0.107391 0.072954 -0.419098 0.284706 0.823973 1.537987 0.783342 1.428254 0.563982 -0.596718
0.000000 0.764706 -1.360646 0.720440 -0.114317 0.057881 -0.446127 0.225883 0.764706 1.570796 -0.018636 0.142543 0.548199 -0.468690
0.000000 0.705882 -1.360646 0.532825 -0.114317 0.042808 -0.446127 0.167059 0.705882 1.570796 0.724518 1.428254 0.516239 -0.358301
0.000000 0.617645 -1.360646 0.251397 -0.114317 0.020197 -0.446127 0.078821 0.617645 1.570796 -0.106873 0.142543 0.477962 -0.174875
0.000000 0.558821 -1.360646 0.063782 -0.114317 0.005124 -0.446127 0.019998 0.558821 1.570796 0.665695 1.428254 0.460141 -0.044796
0.000000 0.499998 -1.360646 -0.123832 -0.114317 -0.009949 -0.446127 -0.038826 0.499998 1.570796 -0.165697 0.142543 0.449368 0.086809
0.000000 0.441174 -1.360646 -0.311446 -0.114317 -0.025022 -0.446127 -0.097649 0.441174 1.570796 0.606871 1.428254 0.446155 0.215483
0.054054 0.294118 -1.195787 -0.780475 -0.100466 -0.062704 -0.392073 -0.244706 0.299044 1.389041 -0.307828 -0.039212 0.420510 0.557975
0.081083 0.264704 -1.113351 -0.874289 -0.093540 -0.070241 -0.365044 -0.274120 0.276844 1.273555 0.584671 1.312768 0.407642 0.644091
0.135137 0.205880 -0.948491 -1.061904 -0.079689 -0.085315 -0.310990 -0.332943 0.246269 0.989945 -0.338402 -0.322823 0.392980 0.819477
0.162162 0.147057 -0.866068 -1.249518 -0.072764 -0.100388 -0.283965 -0.391767 0.218911 0.736587 0.557313 1.059410 0.412407 0.943598
0.216216 0.117647 -0.701208 -1.343318 -0.058913 -0.107924 -0.229911 -0.421176 0.246151 0.498317 -0.311163 -0.561093 0.400947 1.071122
0.270270 0.088233 -0.536349 -1.437133 -0.045062 -0.115461 -0.175858 -0.450590 0.284308 0.315555 0.595470 0.876648 0.398766 1.198695
0.324328 0.058824 -0.371477 -1.530933 -0.031210 -0.122997 -0.121799 -0.480000 0.329619 0.179420 -0.265851 -0.697228 0.406004 1.322292
0.378382 0.029410 -0.206618 -1.624747 -0.017359 -0.130534 -0.067746 -0.509414 0.379523 0.077569 0.645374 0.774796 0.422188 1.438585
0.513515 0.000000 0.205525 -1.718547 0.017268 -0.138070 0.067387 -0.538823 0.513515 0.000000 -0.131860 -0.774796 0.451188 -1.446379
0.567568 0.000000 0.370384 -1.718547 0.031119 -0.138070 0.121441 -0.538823 0.567568 0.000000 0.699428 0.774796 0.462361 -1.349118
0.621622 0.000000 0.535244 -1.718547 0.044969 -0.138070 0.175495 -0.538823 0.621622 0.000000 -0.077806 -0.774796 0.479404 -1.255931
0.756759 0.029410 0.947399 -1.624747 0.079597 -0.130534 0.310632 -0.509414 0.757331 0.038843 0.835136 0.813639 0.519756 -1.023214
0.810813 0.058824 1.112258 -1.530933 0.093448 -0.122997 0.364686 -0.480000 0.812944 0.072422 -0.022192 -0.741217 0.531977 -0.921076
0.864867 0.088233 1.277118 -1.437133 0.107299 -0.115461 0.418740 -0.450590 0.869356 0.101667 0.891548 0.842885 0.550846 -0.822020
0.918921 0.117647 1.441977 -1.343318 0.121150 -0.107924 0.472794 -0.421176 0.926422 0.127335 0.034873 -0.715550 0.575702 -0.727722
0.945946 0.176471 1.524401 -1.155704 0.128075 -0.092851 0.499819 -0.362353 0.962266 0.184435 0.927393 0.899985 0.567920 -0.627287
1.000000 0.294118 1.689260 -0.780475 0.141926 -0.062704 0.553873 -0.244706 1.042356 0.286051 0.114963 -0.613933 0.574354 -0.416021
1.000000 0.352941 1.689260 -0.592861 0.141926 -0.047631 0.553873 -0.185882 1.060456 0.339293 0.945493 0.953226 0.561657 -0.323793
1.000000 0.441174 1.689260 -0.311446 0.141926 -0.025022 0.553873 -0.097649 1.092993 0.415490 0.147500 -0.537736 0.553895 -0.174509
1.000000 0.499998 1.689260 -0.123832 0.141926 -0.009949 0.553873 -0.038826 1.118033 0.463646 0.970533 1.001382 0.556486 -0.069984
1.000000 0.558821 1.689260 0.063782 0.141926 0.005124 0.553873 0.019998 1.145548 0.509591 0.175016 -0.491791 0.565221 0.036090
0.972975 0.676473 1.606837 0.439025 0.135001 0.035272 0.526848 0.137649 1.185030 0.607539 1.010014 1.099330 0.575002 0.255557
0.945946 0.705882 1.524401 0.532825 0.128075 0.042808 0.499819 0.167059 1.180290 0.641076 0.170275 -0.458254 0.563286 0.322566
0.918921 0.735296 1.441977 0.626640 0.121150 0.050345 0.472794 0.196473 1.176893 0.674847 1.006617 1.133100 0.554214 0.393846
0.891892 0.764706 1.359541 0.720440 0.114224 0.057881 0.445765 0.225883 1.174839 0.708773 0.168222 -0.424327 0.547904 0.469017
0.810813 0.794120 1.112258 0.814254 0.093448 0.065418 0.364686 0.255297 1.134920 0.774997 0.966699 1.199325 0.504078 0.610756
0.783784 0.794120 1.029822 0.814254 0.086522 0.065418 0.337657 0.255297 1.115771 0.791948 0.149072 -0.407376 0.484883 0.647383
0.756759 0.794120 0.947399 0.814254 0.079597 0.065418 0.310632 0.255297 1.096955 0.809483 0.947884 1.216860 0.466467 0.687930
0.702705 0.735296 0.782539 0.626640 0.065746 0.050345 0.256578 0.196473 1.017082 0.808058 0.069198 -0.408801 0.386589 0.653501
0.675676 0.705882 0.700103 0.532825 0.058820 0.042808 0.229549 0.167059 0.977143 0.807258 0.907945 1.216060 0.346649 0.629122
0.648651 0.676473 0.617680 0.439025 0.051895 0.035272 0.202524 0.137649 0.937211 0.806390 0.029266 -0.409669 0.306717 0.596950
0.621622 0.588235 0.535244 0.157597 0.044969 0.012661 0.175495 0.049412 0.855824 0.757809 0.826558 1.167479 0.225817 0.274452
0.621622 0.529412 0.535244 -0.030018 0.044969 -0.002412 0.175495 -0.009412 0.816512 0.705458 -0.010047 -0.462021 0.194255 -0.053577
0.621622 0.470588 0.535244 -0.217632 0.044969 -0.017485 0.175495 -0.068235 0.779659 0.647987 0.789705 1.110008 0.177192 -0.370827
0.621622 0.441174 0.535244 -0.311446 0.044969 -0.025022 0.175495 -0.097649 0.762266 0.617216 -0.027439 -0.492792 0.175565 -0.507759
0.621622 0.382351 0.535244 -0.499061 0.044969 -0.040095 0.175495 -0.156473 0.729799 0.551438 0.757238 1.044229 0.186724 -0.728158
0.621622 0.323527 0.535244 -0.686675 0.044969 -0.055168 0.175495 -0.215296 0.700774 0.479878 -0.056464 -0.564351 0.214078 -0.886895
0.621622 0.294118 0.535244 -0.780475 0.044969 -0.062704 0.175495 -0.244706 0.687691 0.441934 0.744156 1.006285 0.232176 -0.948641
0.567568 0.264704 0.370384 -0.874289 0.031119 -0.070241 0.121441 -0.274120 0.626260 0.436393 -0.117896 -0.569892 0.218317 -1.153760
0.486490 0.235294 0.123101 -0.968090 0.010343 -0.077777 0.040362 -0.303529 0.540403 0.450488 0.658299 1.020380 0.214662 -1.438595
0.432436 0.235294 -0.041758 -0.968090 -0.003508 -0.077777 -0.013692 -0.303529 0.492305 0.498313 -0.165994 -0.522067 0.211277 1.525719
0.405407 0.205880 -0.124194 -1.061904 -0.010434 -0.085315 -0.040721 -0.332943 0.454688 0.469897 0.620682 0.991964 0.243674 1.449096
0.324328 0.205880 -0.371477 -1.061904 -0.031210 -0.085315 -0.121799 -0.332943 0.384155 0.565609 -0.236527 -0.426355 0.269358 1.220092
0.297299 0.205880 -0.453913 -1.061904 -0.038136 -0.085315 -0.148828 -0.332943 0.361626 0.605676 0.598153 1.032032 0.282610 1.150433
0.270270 0.205880 -0.536349 -1.061904 -0.045062 -0.085315 -0.175858 -0.332943 0.339753 0.650984 -0.258399 -0.381048 0.297732 1.084851
0.243245 0.205880 -0.618772 -1.061904 -0.051987 -0.085315 -0.202882 -0.332943 0.318676 0.702395 0.577076 1.083443 0.314452 1.023523
