0.064516 0.787882 -1.177815 0.982411 -0.091000 0.081315 -0.351574 0.314156 0.790519 1.489093 0.790519 1.489093 0.511696 -0.729252
0.096776 0.757576 -1.069738 0.887643 -0.082650 0.073471 -0.319314 0.283851 0.763733 1.443740 -0.026786 -0.045354 0.467519 -0.726672
0.096776 0.727276 -1.069738 0.792888 -0.082650 0.065628 -0.319314 0.253550 0.733686 1.438506 0.760472 1.483860 0.445867 -0.671101
0.129032 0.696970 -0.961679 0.698119 -0.074301 0.057784 -0.287058 0.223245 0.708814 1.387736 -0.051658 -0.096124 0.401617 -0.660995
0.193548 0.727276 -0.745542 0.792888 -0.057602 0.065628 -0.222542 0.253550 0.752589 1.310698 0.804248 1.406821 0.382572 -0.850437
0.225808 0.757576 -0.637466 0.887643 -0.049252 0.073471 -0.190282 0.283851 0.790513 1.281114 -0.013734 -0.125707 0.390922 -0.980243
0.225808 0.787882 -0.637466 0.982411 -0.049252 0.081315 -0.190282 0.314156 0.819602 1.291676 0.833336 1.417383 0.417655 -1.026203
0.258069 0.818182 -0.529390 1.077166 -0.040902 0.089158 -0.158021 0.344457 0.857917 1.265256 0.024581 -0.152127 0.432029 -1.140686
0.258069 0.848487 -0.529390 1.171935 -0.040902 0.097002 -0.158021 0.374762 0.886866 1.275535 0.862285 1.427663 0.460368 -1.171760
0.258069 0.878788 -0.529390 1.266689 -0.040902 0.104845 -0.158021 0.405063 0.915897 1.285162 0.053613 -0.142500 0.488938 -1.198840
0.258069 0.909093 -0.529390 1.361458 -0.040902 0.112690 -0.158021 0.435368 0.945013 1.294198 0.891400 1.436699 0.517709 -1.222623
0.258069 0.939394 -0.529390 1.456212 -0.040902 0.120532 -0.158021 0.465669 0.974197 1.302692 0.082797 -0.134006 0.546642 -1.243647
0.225808 0.939394 -0.637466 1.456212 -0.049252 0.120532 -0.190282 0.465669 0.966152 1.334895 0.883356 1.468902 0.556825 -1.182881
0.225808 0.969699 -0.637466 1.550981 -0.049252 0.128377 -0.190282 0.495974 0.995644 1.342009 0.112288 -0.126893 0.585398 -1.204462
0.161292 1.000000 -0.853602 1.645736 -0.065951 0.136220 -0.254798 0.526275 1.012924 1.410881 0.900636 1.537774 0.637081 -1.119906
0.129032 1.000000 -0.961679 1.645736 -0.074301 0.136220 -0.287058 0.526275 1.008290 1.442473 0.107654 -0.095300 0.650656 -1.071451
0.096776 0.969699 -1.069738 1.550981 -0.082650 0.128377 -0.319314 0.495974 0.974517 1.471325 0.866862 1.566626 0.639097 -0.998784
0.064516 0.939394 -1.177815 1.456212 -0.091000 0.120532 -0.351574 0.465669 0.941607 1.502226 0.074745 -0.064400 0.630438 -0.924111
0.064516 0.909093 -1.177815 1.361458 -0.091000 0.112690 -0.351574 0.435368 0.911380 1.499948 0.836635 1.564348 0.605522 -0.891479
0.032260 0.848487 -1.285875 1.171935 -0.099349 0.097002 -0.383830 0.374762 0.849101 1.532794 0.012465 -0.031554 0.578181 -0.773446
0.032260 0.818182 -1.285875 1.077166 -0.099349 0.089158 -0.383830 0.344457 0.818818 1.531387 0.806353 1.562941 0.555881 -0.731389
0.032260 0.757576 -1.285875 0.887643 -0.099349 0.073471 -0.383830 0.283851 0.758263 1.528238 -0.048090 -0.034703 0.513749 -0.636763
0.000000 0.727276 -1.393951 0.792888 -0.107700 0.065628 -0.416090 0.253550 0.727276 1.570796 0.775365 1.605499 0.519584 -0.547277
0.000000 0.666665 -1.393951 0.603351 -0.107700 0.049940 -0.416090 0.192940 0.666665 1.570796 -0.108700 -0.034703 0.485715 -0.434186
0.000000 0.606059 -1.393951 0.413827 -0.107700 0.034253 -0.416090 0.132334 0.606059 1.570796 0.714759 1.605499 0.457405 -0.307926
0.000000 0.515153 -1.393951 0.129550 -0.107700 0.010723 -0.416090 0.041427 0.515153 1.570796 -0.199607 -0.034703 0.427720 -0.099237
0.000000 0.454547 -1.393951 -0.059974 -0.107700 -0.004964 -0.416090 -0.019178 0.454547 1.570796 0.654154 1.605499 0.417863 0.046059
0.032260 0.363636 -1.285875 -0.344266 -0.099349 -0.028495 -0.383830 -0.110090 0.365064 1.482312 -0.289090 -0.123188 0.387397 0.279321
0.032260 0.303030 -1.285875 -0.533789 -0.099349 -0.044182 -0.383830 -0.170696 0.304742 1.464736 0.593832 1.587924 0.400135 0.418452
0.064516 0.272729 -1.177815 -0.628544 -0.091000 -0.052025 -0.351574 -0.200996 0.280256 1.338509 -0.313576 -0.249415 0.379680 0.519354
0.096776 0.242424 -1.069738 -0.723312 -0.082650 -0.059869 -0.319314 -0.231301 0.261027 1.190977 0.574602 1.440392 0.363485 0.626896
0.096776 0.181818 -1.069738 -0.912836 -0.082650 -0.075557 -0.319314 -0.291907 0.205969 1.081666 -0.368633 -0.358725 0.396036 0.740590
0.129032 0.151517 -0.961679 -1.007590 -0.074301 -0.083399 -0.287058 -0.322208 0.199014 0.865374 0.567647 1.224100 0.390386 0.843027
0.161292 0.121212 -0.853602 -1.102359 -0.065951 -0.091244 -0.254798 -0.352513 0.201761 0.644463 -0.365886 -0.579637 0.389711 0.944930
0.225808 0.090911 -0.637466 -1.197113 -0.049252 -0.099087 -0.190282 -0.382814 0.243422 0.382749 0.609308 0.962385 0.376760 1.109503
0.290324 0.060606 -0.421330 -1.291882 -0.032553 -0.106931 -0.125766 -0.413119 0.296583 0.205797 -0.312726 -0.756588 0.377075 1.275281
0.387101 0.000000 -0.097118 -1.481405 -0.007504 -0.122618 -0.028989 -0.473725 0.387101 0.000000 0.699826 0.756588 0.417099 1.509678
0.451617 0.000000 0.119019 -1.481405 0.009196 -0.122618 0.035527 -0.473725 0.451617 0.000000 -0.248210 -0.756588 0.417604 -1.495942
0.580649 0.000000 0.551291 -1.481405 0.042594 -0.122618 0.164559 -0.473725 0.580649 0.000000 0.828858 0.756588 0.447449 -1.236465
0.645165 0.000000 0.767427 -1.481405 0.059293 -0.122618 0.229075 -0.473725 0.645165 0.000000 -0.183694 -0.756588 0.474980 -1.120387
0.677420 0.000000 0.875487 -1.481405 0.067642 -0.122618 0.261330 -0.473725 0.677420 0.000000 0.861114 0.756588 0.491349 -1.066688
0.741936 0.030305 1.091623 -1.386637 0.084341 -0.114774 0.325846 -0.443420 0.742555 0.040823 -0.118559 -0.715765 0.504981 -0.937063
0.806452 0.060606 1.307759 -1.291882 0.101040 -0.106931 0.390362 -0.413119 0.808726 0.075010 0.927285 0.790775 0.527969 -0.813714
0.838713 0.060606 1.415836 -1.291882 0.109390 -0.106931 0.422623 -0.413119 0.840899 0.072135 -0.086386 -0.718640 0.552249 -0.774028
0.903228 0.121212 1.631972 -1.102359 0.126090 -0.091244 0.487138 -0.352513 0.911325 0.133401 0.997711 0.852041 0.569436 -0.626417
0.935484 0.151517 1.740032 -1.007590 0.134439 -0.083399 0.519394 -0.322208 0.947675 0.160572 -0.050036 -0.691469 0.582897 -0.555251
0.967744 0.212123 1.848108 -0.818067 0.142789 -0.067712 0.551654 -0.261602 0.990720 0.215781 1.040756 0.907250 0.588154 -0.442807
1.000000 0.272729 1.956168 -0.628544 0.151138 -0.052025 0.583910 -0.200996 1.036524 0.266254 -0.004232 -0.640996 0.601251 -0.331521
1.000000 0.303030 1.956168 -0.533789 0.151138 -0.044182 0.583910 -0.170696 1.044905 0.294234 1.049138 0.935230 0.594755 -0.284407
1.000000 0.333335 1.956168 -0.439020 0.151138 -0.036338 0.583910 -0.140390 1.054093 0.321752 0.004955 -0.613478 0.589745 -0.235953
0.967744 0.424241 1.848108 -0.154743 0.142789 -0.012808 0.551654 -0.049484 1.056650 0.413150 1.051695 1.026628 0.551715 -0.089461
0.967744 0.454547 1.848108 -0.059974 0.142789 -0.004964 0.551654 -0.019178 1.069178 0.439113 0.017483 -0.587515 0.552993 -0.034751
0.935484 0.484847 1.740032 0.034781 0.134439 0.002879 0.519394 0.011122 1.053664 0.478168 1.036181 1.065684 0.523925 0.021411
0.903228 0.515153 1.631972 0.129550 0.126090 0.010723 0.487138 0.041427 1.039810 0.518330 0.003629 -0.547354 0.497109 0.084838
0.838713 0.545453 1.415836 0.224304 0.109390 0.018566 0.422623 0.071728 1.000479 0.576618 0.996850 1.123973 0.441978 0.168120
0.806452 0.575759 1.307759 0.319073 0.101040 0.026410 0.390362 0.102033 0.990890 0.620021 -0.005960 -0.503952 0.421754 0.255662
0.774197 0.606059 1.199699 0.413827 0.092691 0.034253 0.358107 0.132334 0.983203 0.664179 0.989163 1.168131 0.405375 0.353974
0.741936 0.606059 1.091623 0.413827 0.084341 0.034253 0.325846 0.132334 0.958007 0.684938 -0.031156 -0.483193 0.377179 0.385775
0.709681 0.606059 0.983563 0.413827 0.075992 0.034253 0.293591 0.132334 0.933249 0.706805 0.964405 1.189998 0.349691 0.423472
0.677420 0.606059 0.875487 0.413827 0.067642 0.034253 0.261330 0.132334 0.908959 0.729856 -0.055447 -0.460143 0.323082 0.468744
0.645165 0.606059 0.767427 0.413827 0.059293 0.034253 0.229075 0.132334 0.885181 0.754155 0.940628 1.214297 0.297596 0.523853
0.612904 0.575759 0.659351 0.319073 0.050943 0.026410 0.196814 0.102033 0.840922 0.754158 -0.099706 -0.460139 0.253436 0.478279
0.612904 0.545453 0.659351 0.224304 0.050943 0.018566 0.196814 0.071728 0.820470 0.727234 0.920176 1.187373 0.235522 0.349486
0.580649 0.515153 0.551291 0.129550 0.042594 0.010723 0.164559 0.041427 0.776231 0.725699 -0.143944 -0.461674 0.192075 0.246624
0.548388 0.484847 0.443215 0.034781 0.034244 0.002879 0.132298 0.011122 0.731988 0.723979 0.875933 1.185652 0.149099 0.083872
0.548388 0.454547 0.443215 -0.059974 0.034244 -0.004964 0.132298 -0.019178 0.712280 0.692103 -0.163653 -0.493549 0.137774 -0.143961
0.548388 0.424241 0.443215 -0.154743 0.034244 -0.012808 0.132298 -0.049484 0.693333 0.658444 0.856986 1.151994 0.132549 -0.357921
0.548388 0.393941 0.443215 -0.249497 0.034244 -0.020651 0.132298 -0.079784 0.675218 0.622943 -0.181768 -0.529051 0.134139 -0.542670
0.548388 0.363636 0.443215 -0.344266 0.034244 -0.028495 0.132298 -0.110090 0.657997 0.585528 0.839765 1.114579 0.142318 -0.694029
0.548388 0.333335 0.443215 -0.439020 0.034244 -0.036338 0.132298 -0.140390 0.641749 0.546168 -0.198016 -0.568412 0.156049 -0.815065
0.516133 0.303030 0.335155 -0.533789 0.025895 -0.044182 0.100043 -0.170696 0.598515 0.530892 0.796531 1.099303 0.150967 -1.040669
0.483872 0.272729 0.227079 -0.628544 0.017545 -0.052025 0.067782 -0.200996 0.555440 0.513254 -0.241091 -0.586050 0.158577 -1.245542
0.451617 0.272729 0.119019 -0.628544 0.009196 -0.052025 0.035527 -0.200996 0.527578 0.543278 0.768669 1.129328 0.147697 -1.395850
0.419356 0.242424 0.010942 -0.723312 0.000845 -0.059869 0.003266 -0.231301 0.484385 0.524150 -0.284284 -0.605178 0.173697 -1.556676
0.387101 0.242424 -0.097118 -0.723312 -0.007504 -0.059869 -0.028989 -0.231301 0.456745 0.559501 0.741030 1.164679 0.176069 1.446115
0.322585 0.242424 -0.313254 -0.723312 -0.024203 -0.059869 -0.093505 -0.231301 0.403522 0.644463 -0.337507 -0.520216 0.197239 1.186625
0.290324 0.212123 -0.421330 -0.818067 -0.032553 -0.067712 -0.125766 -0.261602 0.359561 0.630996 0.697069 1.151213 0.239624 1.122666
0.258069 0.212123 -0.529390 -0.818067 -0.040902 -0.067712 -0.158021 -0.261602 0.334059 0.687990 -0.363009 -0.463222 0.258018 1.027403
0.225808 0.212123 -0.637466 -0.818067 -0.049252 -0.067712 -0.190282 -0.261602 0.309815 0.754158 0.672825 1.217381 0.278944 0.941936
