0.085716 0.800000 -1.242548 0.479959 -0.114125 0.049022 -0.349206 0.149999 0.804579 1.464058 0.804579 1.464058 0.505200 -0.405713
0.114285 0.800000 -1.140893 0.479959 -0.104788 0.049022 -0.320636 0.149999 0.808122 1.428900 0.003543 -0.035159 0.485891 -0.437571
0.142859 0.800000 -1.039222 0.479959 -0.095450 0.049022 -0.292063 0.149999 0.812655 1.394085 0.809112 1.429244 0.467528 -0.474456
0.171428 0.800000 -0.937567 0.479959 -0.086113 0.049022 -0.263494 0.149999 0.818161 1.359703 0.009049 -0.069540 0.450234 -0.517517
0.200002 0.800000 -0.835896 0.479959 -0.076775 0.049022 -0.234920 0.149999 0.824622 1.325816 0.815573 1.395356 0.434131 -0.568256
0.200002 0.833336 -0.835896 0.586625 -0.076775 0.059916 -0.234920 0.183335 0.857000 1.335250 0.041427 -0.060106 0.462516 -0.662683
0.228571 0.833336 -0.734241 0.586625 -0.067438 0.059916 -0.206351 0.183335 0.864114 1.303096 0.822687 1.363202 0.448681 -0.726404
0.257144 0.866667 -0.632570 0.693275 -0.058100 0.070809 -0.177777 0.216666 0.904010 1.282365 0.081323 -0.080837 0.466914 -0.883671
0.257144 0.900003 -0.632570 0.799941 -0.058100 0.081704 -0.177777 0.250002 0.936017 1.292496 0.854694 1.373332 0.497900 -0.952656
0.257144 0.933333 -0.632570 0.906592 -0.058100 0.092597 -0.177777 0.283332 0.968109 1.301954 0.113415 -0.071378 0.529168 -1.010436
0.228571 1.000000 -0.734241 1.119908 -0.067438 0.114384 -0.206351 0.349999 1.025790 1.346086 0.912375 1.417464 0.601576 -1.038077
0.200002 1.000000 -0.835896 1.119908 -0.076775 0.114384 -0.234920 0.349999 1.019804 1.373399 0.107430 -0.044065 0.611965 -0.979660
0.171428 1.000000 -0.937567 1.119908 -0.086113 0.114384 -0.263494 0.349999 1.014587 1.401018 0.907158 1.445083 0.623492 -0.925479
0.114285 0.966669 -1.140893 1.013258 -0.104788 0.103491 -0.320636 0.316668 0.973401 1.453117 0.066244 0.008034 0.620937 -0.779172
0.085716 0.966669 -1.242548 1.013258 -0.114125 0.103491 -0.349206 0.316668 0.970462 1.482356 0.904218 1.474322 0.636160 -0.736573
0.028574 0.833336 -1.445874 0.586625 -0.132800 0.059916 -0.406348 0.183335 0.833826 1.536522 -0.070393 0.062199 0.569081 -0.423832
0.000000 0.800000 -1.547545 0.479959 -0.142138 0.049022 -0.434922 0.149999 0.800000 1.570796 0.870393 1.508597 0.567837 -0.332113
0.000000 0.733333 -1.547545 0.266643 -0.142138 0.027234 -0.434922 0.083332 0.733333 1.570796 -0.137059 0.062199 0.527453 -0.189309
0.000000 0.600000 -1.547545 -0.159990 -0.142138 -0.016341 -0.434922 -0.050001 0.600000 1.570796 0.737059 1.508597 0.465197 0.114463
0.057143 0.433336 -1.344219 -0.693273 -0.123463 -0.070809 -0.377779 -0.216665 0.437087 1.439686 -0.299972 -0.068911 0.377783 0.520724
0.085716 0.333333 -1.242548 -1.013255 -0.114125 -0.103491 -0.349206 -0.316668 0.344178 1.319101 0.644150 1.388012 0.363682 0.736572
0.200002 0.200000 -0.835896 -1.439888 -0.076775 -0.147066 -0.234920 -0.450001 0.282844 0.785394 -0.361306 -0.602618 0.332229 1.089670
0.257144 0.133333 -0.632570 -1.653204 -0.058100 -0.168853 -0.177777 -0.516668 0.289657 0.478350 0.650963 1.080968 0.350086 1.239401
0.371430 0.033331 -0.225918 -1.973187 -0.020750 -0.201536 -0.063492 -0.616670 0.372922 0.089497 -0.278040 -0.991471 0.406579 1.468198
0.514289 0.000000 0.282405 -2.079837 0.025938 -0.212428 0.079367 -0.650001 0.514289 0.000000 0.792329 0.991471 0.442104 -1.449295
0.600001 0.000000 0.587386 -2.079837 0.053950 -0.212428 0.165079 -0.650001 0.600001 0.000000 -0.192329 -0.991471 0.465197 -1.322087
0.742860 0.066667 1.095709 -1.866521 0.100638 -0.190641 0.307938 -0.583334 0.745845 0.089503 0.938174 1.080975 0.480039 -1.085084
0.857145 0.200000 1.502361 -1.439888 0.137988 -0.147066 0.422223 -0.450001 0.880169 0.229231 -0.058004 -0.851744 0.483178 -0.817234
0.942857 0.333333 1.807342 -1.013255 0.166000 -0.103491 0.507935 -0.316668 1.000045 0.339821 1.058050 1.191564 0.517995 -0.557477
1.000000 0.500003 2.010669 -0.479957 0.184675 -0.049021 0.565078 -0.149998 1.118035 0.463650 0.059985 -0.727915 0.568813 -0.259464
1.000000 0.566669 2.010669 -0.266640 0.184675 -0.027234 0.565078 -0.083332 1.149397 0.515551 1.089412 1.243466 0.580233 -0.146414
1.000000 0.700003 2.010669 0.159992 0.184675 0.016341 0.565078 0.050002 1.220657 0.610728 0.131245 -0.632738 0.624164 0.088256
0.942857 0.800000 1.807342 0.479959 0.166000 0.049022 0.507935 0.149999 1.236519 0.703614 1.105274 1.336352 0.625524 0.287150
0.914288 0.833336 1.705687 0.586625 0.156663 0.059916 0.479366 0.183335 1.237082 0.739110 0.131807 -0.597242 0.623318 0.365289
0.857145 0.900003 1.502361 0.799941 0.137988 0.081704 0.422223 0.250002 1.242861 0.809784 1.111053 1.407025 0.628150 0.534596
0.800003 0.933333 1.299035 0.906592 0.119313 0.092597 0.365081 0.283332 1.229274 0.862168 0.118221 -0.544857 0.617817 0.659986
0.771429 0.933333 1.197364 0.906592 0.109975 0.092597 0.336507 0.283332 1.210873 0.880086 1.092652 1.424943 0.601374 0.699820
0.714286 0.933333 0.994038 0.906592 0.091300 0.092597 0.279364 0.283332 1.175294 0.917571 0.082642 -0.507372 0.571365 0.792450
0.657144 0.900003 0.790712 0.799941 0.072625 0.081704 0.222222 0.250002 1.114380 0.940116 1.031738 1.447488 0.515444 0.844158
0.628574 0.866667 0.689057 0.693275 0.063288 0.070809 0.193652 0.216666 1.070615 0.943306 0.038877 -0.504182 0.473186 0.841426
0.628574 0.800000 0.689057 0.479959 0.063288 0.049022 0.193652 0.149999 1.017401 0.904825 0.978524 1.409007 0.413259 0.659047
0.628574 0.766669 0.689057 0.373309 0.063288 0.038129 0.193652 0.116668 0.991407 0.884052 0.012883 -0.524955 0.384132 0.542228
0.657144 0.700003 0.790712 0.159992 0.072625 0.016341 0.222222 0.050002 0.960126 0.816968 0.947243 1.341923 0.345905 0.221322
0.685717 0.633336 0.892383 -0.053324 0.081963 -0.005446 0.250795 -0.016665 0.933446 0.745708 -0.013797 -0.596215 0.319791 -0.066351
0.685717 0.600000 0.892383 -0.159990 0.081963 -0.016341 0.250795 -0.050001 0.911157 0.718828 0.924954 1.315043 0.300248 -0.196789
0.628574 0.600000 0.689057 -0.159990 0.063288 -0.016341 0.193652 -0.050001 0.868968 0.762144 -0.055986 -0.552899 0.254464 -0.252680
0.600001 0.566669 0.587386 -0.266640 0.053950 -0.027234 0.165079 -0.083332 0.825297 0.756836 0.881283 1.309735 0.211207 -0.467480
0.514289 0.566669 0.282405 -0.266640 0.025938 -0.027234 0.079367 -0.083332 0.765250 0.833818 -0.116033 -0.475917 0.153807 -0.809762
0.428573 0.533333 -0.022592 -0.373306 -0.002075 -0.038128 -0.006349 -0.116668 0.684192 0.893880 0.800225 1.369797 0.098616 1.516428
0.371430 0.533333 -0.225918 -0.373306 -0.020750 -0.038128 -0.063492 -0.116668 0.649927 0.962470 -0.150299 -0.407327 0.117115 1.072407
0.314287 0.500003 -0.429244 -0.479957 -0.039425 -0.049021 -0.120635 -0.149998 0.590575 1.009633 0.740874 1.416961 0.137070 0.893475
0.257144 0.500003 -0.632570 -0.479957 -0.058100 -0.049021 -0.177777 -0.149998 0.562251 1.095785 -0.178623 -0.321175 0.189315 0.700850
0.228571 0.466667 -0.734241 -0.586623 -0.067438 -0.059916 -0.206351 -0.183334 0.519637 1.115346 0.698260 1.436522 0.208779 0.726402
0.200002 0.466667 -0.835896 -0.586623 -0.076775 -0.059916 -0.234920 -0.183334 0.507719 1.165901 -0.190541 -0.270620 0.237055 0.662682
