0.124999 0.722222 -1.075608 0.698583 -0.086200 0.058074 -0.324425 0.218568 0.732960 1.399418 0.732960 1.399418 0.423875 -0.592862
0.124999 0.694442 -1.075608 0.609794 -0.086200 0.050693 -0.324425 0.190788 0.705603 1.392704 -0.027357 -0.006714 0.406553 -0.531610
0.156252 0.694442 -0.971993 0.609794 -0.077896 0.050693 -0.293172 0.190788 0.711804 1.349479 0.739161 1.356193 0.382079 -0.576917
0.187499 0.666667 -0.868394 0.521018 -0.069594 0.043313 -0.261925 0.163012 0.692532 1.296630 -0.046629 -0.059563 0.340293 -0.556701
0.218751 0.666667 -0.764780 0.521018 -0.061290 0.043313 -0.230673 0.163012 0.701639 1.253739 0.748268 1.313302 0.316866 -0.615197
0.249999 0.666667 -0.661181 0.521018 -0.052988 0.043313 -0.199425 0.163012 0.712000 1.212027 -0.036268 -0.101275 0.294898 -0.685268
0.281251 0.666667 -0.557566 0.521018 -0.044684 0.043313 -0.168173 0.163012 0.723565 1.171574 0.759833 1.272849 0.274730 -0.769817
0.312499 0.694442 -0.453967 0.609794 -0.036381 0.050693 -0.136926 0.190788 0.761515 1.147943 0.001682 -0.124906 0.280682 -0.948300
0.343751 0.722222 -0.350353 0.698583 -0.028078 0.058074 -0.105673 0.218568 0.799856 1.126563 0.798173 1.251469 0.292550 -1.120451
0.374998 0.750002 -0.246754 0.787373 -0.019775 0.065455 -0.074426 0.246348 0.838527 1.107152 0.040353 -0.144317 0.309655 -1.277398
0.374998 0.777778 -0.246754 0.876149 -0.019775 0.072835 -0.074426 0.274124 0.863459 1.121538 0.823106 1.265855 0.336683 -1.305682
0.406250 0.805558 -0.143139 0.964939 -0.011471 0.080216 -0.043174 0.301903 0.902199 1.103707 0.079093 -0.162148 0.358741 -1.428754
0.406250 0.833333 -0.143139 1.053715 -0.011471 0.087596 -0.043174 0.329679 0.927084 1.117198 0.847991 1.279346 0.386329 -1.440581
0.406250 0.861113 -0.143139 1.142504 -0.011471 0.094978 -0.043174 0.357459 0.952132 1.129984 0.104141 -0.149363 0.413947 -1.450599
0.406250 0.888889 -0.143139 1.231281 -0.011471 0.102358 -0.043174 0.385235 0.977324 1.142110 0.873183 1.291473 0.441580 -1.459191
0.406250 0.916669 -0.143139 1.320070 -0.011471 0.109739 -0.043174 0.413015 1.002657 1.153627 0.129474 -0.137846 0.469235 -1.466642
0.374998 0.944444 -0.246754 1.408846 -0.019775 0.117119 -0.074426 0.440790 1.016169 1.192830 0.886695 1.330675 0.500584 -1.403527
0.374998 0.972224 -0.246754 1.497636 -0.019775 0.124500 -0.074426 0.468570 1.042038 1.202668 0.155343 -0.128007 0.528071 -1.413276
0.343751 0.972224 -0.350353 1.497636 -0.028078 0.124500 -0.105673 0.468570 1.031205 1.230943 0.875862 1.358951 0.533373 -1.348984
0.343751 1.000000 -0.350353 1.586412 -0.028078 0.131880 -0.105673 0.496346 1.057433 1.239700 0.181571 -0.119251 0.560625 -1.361026
0.312499 1.000000 -0.453967 1.586412 -0.036381 0.131880 -0.136926 0.496346 1.047690 1.267913 0.866120 1.387164 0.567347 -1.301624
0.249999 1.000000 -0.661181 1.586412 -0.052988 0.131880 -0.199425 0.496346 1.030776 1.325819 0.164656 -0.061345 0.585580 -1.188750
0.218751 1.000000 -0.764780 1.586412 -0.061290 0.131880 -0.230673 0.496346 1.023646 1.355437 0.858990 1.416783 0.596945 -1.135751
0.187499 0.972224 -0.868394 1.497636 -0.069594 0.124500 -0.261925 0.468570 0.990139 1.380280 0.131149 -0.036503 0.584743 -1.061079
0.156252 0.944444 -0.971993 1.408846 -0.077896 0.117119 -0.293172 0.440790 0.957283 1.406839 0.826133 1.443342 0.575322 -0.983875
0.124999 0.888889 -1.075608 1.231281 -0.086200 0.102358 -0.324425 0.385235 0.897635 1.431088 0.071502 -0.012254 0.546242 -0.870878
0.062500 0.777778 -1.282821 0.876149 -0.102807 0.072835 -0.386924 0.274124 0.780285 1.490612 0.708783 1.502865 0.507471 -0.616387
0.031252 0.722222 -1.386420 0.698583 -0.111109 0.058074 -0.418172 0.218568 0.722898 1.527551 0.014115 0.024686 0.499286 -0.481623
0.031252 0.638887 -1.386420 0.432228 -0.111109 0.035932 -0.418172 0.135233 0.639651 1.521919 0.625536 1.497233 0.459090 -0.312775
0.000000 0.583331 -1.490035 0.254662 -0.119413 0.021170 -0.449424 0.079677 0.583331 1.570796 -0.042205 0.073563 0.468949 -0.175464
0.000000 0.500000 -1.490035 -0.011680 -0.119413 -0.000971 -0.449424 -0.003654 0.500000 1.570796 0.542205 1.497233 0.452261 0.008131
0.000000 0.444444 -1.490035 -0.189245 -0.119413 -0.015732 -0.449424 -0.059210 0.444444 1.570796 -0.097760 0.073563 0.449452 0.130992
0.000000 0.361109 -1.490035 -0.455601 -0.119413 -0.037875 -0.449424 -0.142545 0.361109 1.570796 0.458869 1.497233 0.458019 0.307137
0.000000 0.305553 -1.490035 -0.633166 -0.119413 -0.052636 -0.449424 -0.198101 0.305553 1.570796 -0.153316 0.073563 0.471891 0.415167
0.031252 0.249998 -1.386420 -0.810732 -0.111109 -0.067397 -0.418172 -0.253656 0.251944 1.446432 0.405260 1.372868 0.463291 0.545247
0.062500 0.194442 -1.282821 -0.988298 -0.102807 -0.082158 -0.386924 -0.309212 0.204240 1.259796 -0.201019 -0.113072 0.463386 0.674224
0.093752 0.138887 -1.179207 -1.165864 -0.094503 -0.096919 -0.355672 -0.364767 0.167568 0.977030 0.368587 1.090102 0.472161 0.798022
0.187499 0.083331 -0.868394 -1.343429 -0.069594 -0.111681 -0.261925 -0.420323 0.205183 0.418217 -0.163404 -0.671885 0.450143 1.013527
0.249999 0.055556 -0.661181 -1.432206 -0.052988 -0.119061 -0.199425 -0.448099 0.256097 0.218670 0.419502 0.890555 0.441478 1.152068
0.312499 0.027776 -0.453967 -1.520995 -0.036381 -0.126442 -0.136926 -0.475879 0.313730 0.088650 -0.105771 -0.801906 0.443324 1.290632
0.374998 0.027776 -0.246754 -1.520995 -0.019775 -0.126442 -0.074426 -0.475879 0.376025 0.073934 0.481797 0.875840 0.428167 1.415656
0.437498 0.000000 -0.039540 -1.609771 -0.003169 -0.133822 -0.011926 -0.503654 0.437498 0.000000 -0.044299 -0.875840 0.449582 1.547121
0.499998 0.000000 0.167673 -1.609771 0.013437 -0.133822 0.050574 -0.503654 0.499998 0.000000 0.544296 0.875840 0.452261 -1.470719
0.593750 0.027776 0.478501 -1.520995 0.038348 -0.126442 0.144325 -0.475879 0.594399 0.046746 0.050103 -0.829093 0.445665 -1.276331
0.656249 0.027776 0.685715 -1.520995 0.054954 -0.126442 0.206825 -0.475879 0.656837 0.042300 0.606734 0.871393 0.469642 -1.160808
0.718749 0.055556 0.892928 -1.432206 0.071560 -0.119061 0.269325 -0.448099 0.720893 0.077141 0.114159 -0.794252 0.477146 -1.029613
0.812501 0.083331 1.203756 -1.343429 0.096470 -0.111681 0.363077 -0.420323 0.816763 0.102204 0.702604 0.896456 0.515605 -0.858343
0.875001 0.111111 1.410970 -1.254640 0.113076 -0.104299 0.425576 -0.392543 0.882027 0.126308 0.179423 -0.770148 0.543664 -0.745043
0.906248 0.166667 1.514569 -1.077074 0.121379 -0.089538 0.456824 -0.336988 0.921446 0.181876 0.742024 0.952024 0.537252 -0.635566
0.937500 0.194442 1.618183 -0.988298 0.129683 -0.082158 0.488076 -0.309212 0.957452 0.204506 0.215428 -0.747518 0.550667 -0.564711
0.968748 0.249998 1.721782 -0.810732 0.137985 -0.067397 0.519324 -0.253656 1.000485 0.252553 0.785057 1.000071 0.556298 -0.454354
1.000000 0.305553 1.825397 -0.633166 0.146289 -0.052636 0.550576 -0.198101 1.045640 0.296544 0.260583 -0.703527 0.569063 -0.345384
1.000000 0.333333 1.825397 -0.544377 0.146289 -0.045255 0.550576 -0.170321 1.054093 0.321751 0.793510 1.025278 0.562682 -0.300013
1.000000 0.388889 1.825397 -0.366811 0.146289 -0.030493 0.550576 -0.114765 1.072956 0.370891 0.279446 -0.654386 0.553894 -0.205503
1.000000 0.416665 1.825397 -0.278035 0.146289 -0.023113 0.550576 -0.086990 1.083333 0.394789 0.803886 1.049176 0.551550 -0.156702
1.000000 0.444444 1.825397 -0.189245 0.146289 -0.015732 0.550576 -0.059210 1.094318 0.418224 0.290431 -0.630951 0.550598 -0.107130
0.968748 0.527776 1.721782 0.077097 0.137985 0.006409 0.519324 0.024121 1.103186 0.498844 0.812755 1.129795 0.525201 0.046414
0.937500 0.555556 1.618183 0.165886 0.129683 0.013790 0.488076 0.051901 1.089747 0.534955 0.276992 -0.594840 0.499482 0.105940
0.906248 0.583331 1.514569 0.254662 0.121379 0.021170 0.456824 0.079677 1.077757 0.571918 0.800765 1.166758 0.476045 0.172678
0.875001 0.583331 1.410970 0.254662 0.113076 0.021170 0.425576 0.079677 1.051618 0.588001 0.250854 -0.578757 0.446146 0.185079
0.812501 0.583331 1.203756 0.254662 0.096470 0.021170 0.363077 0.079677 1.000216 0.622669 0.749363 1.201426 0.386983 0.216025
0.781249 0.583331 1.100142 0.254662 0.088166 0.021170 0.331825 0.079677 0.975000 0.641363 0.225637 -0.560062 0.357825 0.235656
0.750001 0.555556 0.996543 0.165886 0.079864 0.013790 0.300577 0.051901 0.933351 0.637548 0.707714 1.197610 0.318764 0.170986
0.718749 0.500000 0.892928 -0.011680 0.071560 -0.000971 0.269325 -0.003654 0.875557 0.607803 0.167843 -0.589807 0.274032 -0.013567
0.687501 0.472220 0.789329 -0.100469 0.063258 -0.008352 0.238077 -0.031434 0.834056 0.601855 0.666213 1.191663 0.239166 -0.131274
0.687501 0.416665 0.789329 -0.278035 0.063258 -0.023113 0.238077 -0.086990 0.803908 0.544861 0.137694 -0.646802 0.240321 -0.350314
0.656249 0.388889 0.685715 -0.366811 0.054954 -0.030493 0.206825 -0.114765 0.762822 0.534956 0.625128 1.181758 0.215502 -0.506590
0.656249 0.361109 0.685715 -0.455601 0.054954 -0.037875 0.206825 -0.142545 0.749041 0.503044 0.123914 -0.678713 0.224892 -0.603445
0.593750 0.333333 0.478501 -0.544377 0.038348 -0.045255 0.144325 -0.170321 0.680918 0.511556 0.557005 1.190270 0.185221 -0.867829
0.562497 0.333333 0.374887 -0.544377 0.030044 -0.045255 0.113073 -0.170321 0.653846 0.534957 0.096841 -0.655313 0.162057 -0.984723
0.531250 0.333333 0.271288 -0.544377 0.021741 -0.045255 0.081826 -0.170321 0.627166 0.560360 0.530325 1.215673 0.142030 -1.122934
0.437498 0.305553 -0.039540 -0.633166 -0.003169 -0.052636 -0.011926 -0.198101 0.533636 0.609659 0.003311 -0.606014 0.144364 1.510666
0.406250 0.305553 -0.143139 -0.633166 -0.011471 -0.052636 -0.043174 -0.198101 0.508333 0.644863 0.505022 1.250877 0.150209 1.356214
0.343751 0.305553 -0.350353 -0.633166 -0.028078 -0.052636 -0.105673 -0.198101 0.459921 0.726638 -0.045101 -0.524239 0.178509 1.080762
0.281251 0.305553 -0.557566 -0.633166 -0.044684 -0.052636 -0.168173 -0.198101 0.415289 0.826789 0.460390 1.351029 0.221316 0.866926
0.249999 0.305553 -0.661181 -0.633166 -0.052988 -0.052636 -0.199425 -0.198101 0.394794 0.885066 -0.065596 -0.465963 0.245905 0.782066
