0.081633 0.535717 -1.386534 0.117195 -0.094345 0.008832 -0.369847 0.034623 0.541901 1.419580 0.541901 1.419580 0.379319 -0.093341
0.102042 0.535717 -1.310019 0.117195 -0.089139 0.008832 -0.349437 0.034623 0.545349 1.382573 0.003448 -0.037006 0.359447 -0.098759
0.102042 0.500000 -1.310019 -0.003704 -0.089139 -0.000279 -0.349437 -0.001094 0.510306 1.369477 0.506858 1.406483 0.352790 0.003132
0.122449 0.500000 -1.233516 -0.003704 -0.083933 -0.000279 -0.329030 -0.001094 0.514775 1.330626 0.007917 -0.075857 0.332589 0.003326
0.142858 0.464288 -1.157001 -0.124586 -0.078727 -0.009389 -0.308621 -0.036806 0.485770 1.272296 0.477853 1.348154 0.308886 0.118699
0.183675 0.428571 -1.003983 -0.245485 -0.068315 -0.018500 -0.267804 -0.072523 0.466272 1.165902 -0.011581 -0.182252 0.268782 0.264463
0.224491 0.428571 -0.850966 -0.245485 -0.057903 -0.018500 -0.226988 -0.072523 0.483807 1.088281 0.495388 1.270532 0.228141 0.309250
0.244898 0.428571 -0.774462 -0.245485 -0.052697 -0.018500 -0.206582 -0.072523 0.493607 1.051651 -0.001781 -0.218882 0.207848 0.337621
0.285714 0.464288 -0.621445 -0.124586 -0.042285 -0.009389 -0.165765 -0.036806 0.545157 1.019145 0.546938 1.238026 0.166259 0.218492
0.306124 0.464288 -0.544930 -0.124586 -0.037079 -0.009389 -0.145356 -0.036806 0.556125 0.987884 0.009188 -0.250142 0.145919 0.248001
0.306124 0.500000 -0.544930 -0.003704 -0.037079 -0.000279 -0.145356 -0.001094 0.586269 1.021420 0.577081 1.271563 0.153240 0.007529
0.326530 0.535717 -0.468427 0.117195 -0.031874 0.008832 -0.124949 0.034623 0.627387 1.023406 0.050306 -0.248156 0.150693 -0.270312
0.326530 0.571429 -0.468427 0.238077 -0.031874 0.017942 -0.124949 0.070334 0.658143 1.051651 0.607838 1.299807 0.173205 -0.512696
0.326530 0.607146 -0.468427 0.358976 -0.031874 0.027053 -0.124949 0.106051 0.689382 1.077359 0.081544 -0.222449 0.199610 -0.703771
0.326530 0.642857 -0.468427 0.479857 -0.031874 0.036163 -0.124949 0.141763 0.721032 1.100820 0.639488 1.323269 0.228556 -0.848356
0.326530 0.678574 -0.468427 0.600757 -0.031874 0.045274 -0.124949 0.177480 0.753050 1.122301 0.113563 -0.200968 0.259200 -0.957378
0.326530 0.714286 -0.468427 0.721638 -0.031874 0.054384 -0.124949 0.213191 0.785383 1.142019 0.671820 1.342986 0.290998 -1.040669
0.306124 0.750003 -0.544930 0.842538 -0.037079 0.063495 -0.145356 0.248908 0.810071 1.183273 0.138251 -0.159714 0.332031 -1.042245
0.285714 0.750003 -0.621445 0.842538 -0.042285 0.063495 -0.165765 0.248908 0.802581 1.206819 0.664330 1.366533 0.341459 -0.983277
0.265307 0.785714 -0.697948 0.963419 -0.047491 0.072604 -0.186172 0.284620 0.829298 1.245153 0.164968 -0.121380 0.382587 -0.991539
0.244898 0.785714 -0.774462 0.963419 -0.052697 0.072604 -0.206582 0.284620 0.822996 1.268652 0.658028 1.390031 0.392924 -0.942954
0.224491 0.785714 -0.850966 0.963419 -0.057903 0.072604 -0.226988 0.284620 0.817156 1.292495 0.159128 -0.097536 0.404026 -0.897574
0.204081 0.785714 -0.927480 0.963419 -0.063109 0.072604 -0.247398 0.284620 0.811786 1.316672 0.652658 1.414208 0.415835 -0.855248
0.183675 0.785714 -1.003983 0.963419 -0.068315 0.072604 -0.267804 0.284620 0.806897 1.341152 0.154240 -0.073055 0.428290 -0.815828
0.142858 0.785714 -1.157001 0.963419 -0.078727 0.072604 -0.308621 0.284620 0.798596 1.390941 0.644356 1.463997 0.454928 -0.744963
0.122449 0.750003 -1.233516 0.842538 -0.083933 0.063495 -0.329030 0.248908 0.759933 1.408960 0.115576 -0.055037 0.444272 -0.647642
0.081633 0.678574 -1.386534 0.600757 -0.094345 0.045274 -0.369847 0.177480 0.683467 1.451072 0.567890 1.506108 0.434003 -0.447418
0.061226 0.642857 -1.463037 0.479857 -0.099551 0.036163 -0.390253 0.141763 0.645766 1.475842 0.077876 -0.030266 0.434653 -0.348437
0.040816 0.607146 -1.539552 0.358976 -0.104757 0.027053 -0.410663 0.106051 0.608516 1.503671 0.530640 1.533937 0.439177 -0.252722
0.020410 0.571429 -1.616055 0.238077 -0.109963 0.017942 -0.431069 0.070334 0.571793 1.535095 0.041153 0.001158 0.447447 -0.161737
0.020410 0.535717 -1.616055 0.117195 -0.109963 0.008832 -0.431069 0.034623 0.536106 1.532717 0.494953 1.531559 0.439223 -0.080146
0.000000 0.500000 -1.692570 -0.003704 -0.115169 -0.000279 -0.451479 -0.001094 0.500000 1.570796 0.005047 0.039237 0.454079 0.002424
0.000000 0.428571 -1.692570 -0.245485 -0.115169 -0.018500 -0.451479 -0.072523 0.428571 1.570796 0.423524 1.531559 0.452060 0.159273
0.000000 0.392860 -1.692570 -0.366367 -0.115169 -0.027610 -0.451479 -0.108235 0.392860 1.570796 -0.030664 0.039237 0.455269 0.235293
0.000000 0.321431 -1.692570 -0.608148 -0.115169 -0.045831 -0.451479 -0.179663 0.321431 1.570796 0.352096 1.531559 0.469836 0.378732
0.020410 0.285714 -1.616055 -0.729047 -0.109963 -0.054942 -0.431069 -0.215380 0.286442 1.499484 -0.065653 -0.032076 0.461843 0.463361
0.061226 0.214286 -1.463037 -0.970828 -0.099551 -0.073163 -0.390253 -0.286809 0.222861 1.292490 0.288514 1.324566 0.456682 0.633786
0.122449 0.107146 -1.233516 -1.333490 -0.083933 -0.100493 -0.329030 -0.393949 0.162708 0.718843 -0.125806 -0.605723 0.476263 0.874951
0.163265 0.035717 -1.080498 -1.575271 -0.073521 -0.118714 -0.288214 -0.465377 0.167126 0.215374 0.292933 0.821097 0.505891 1.016297
0.204081 0.000000 -0.927480 -1.696171 -0.063109 -0.127825 -0.247398 -0.501094 0.204081 0.000000 -0.088851 -0.821097 0.514819 1.112189
0.265307 0.000000 -0.697948 -1.696171 -0.047491 -0.127825 -0.186172 -0.501094 0.265307 0.000000 0.354158 0.821097 0.488358 1.215071
0.326530 0.000000 -0.468427 -1.696171 -0.031874 -0.127825 -0.124949 -0.501094 0.326530 0.000000 -0.027628 -0.821097 0.468450 1.326427
0.387756 0.000000 -0.238894 -1.696171 -0.016255 -0.127825 -0.063723 -0.501094 0.387756 0.000000 0.415384 0.821097 0.455954 1.444307
0.489795 0.000000 0.143645 -1.696171 0.009774 -0.127825 0.038316 -0.501094 0.489795 0.000000 0.074411 -0.821097 0.453102 -1.494480
0.551021 0.035717 0.373177 -1.575271 0.025392 -0.118714 0.099542 -0.465377 0.552177 0.064729 0.477767 0.885826 0.427512 -1.360076
0.612247 0.071429 0.602710 -1.454390 0.041011 -0.109605 0.160768 -0.429666 0.616400 0.116141 0.138633 -0.769684 0.412656 -1.212754
0.734696 0.142857 1.061763 -1.212609 0.072246 -0.091384 0.283217 -0.358237 0.748456 0.192048 0.609823 0.961732 0.418879 -0.901823
0.775512 0.178574 1.214781 -1.091709 0.082658 -0.082273 0.324033 -0.322520 0.795806 0.226321 0.185983 -0.735411 0.423644 -0.783059
0.816328 0.214286 1.367799 -0.970828 0.093070 -0.073163 0.364849 -0.286809 0.843985 0.256708 0.658001 0.992119 0.435173 -0.666209
0.857145 0.285714 1.520817 -0.729047 0.103482 -0.054942 0.405665 -0.215380 0.903510 0.321750 0.245508 -0.670369 0.438226 -0.488085
0.918367 0.357143 1.750338 -0.487266 0.119100 -0.036721 0.466888 -0.143952 0.985368 0.370891 0.739860 1.041260 0.476323 -0.299073
0.938777 0.428571 1.826852 -0.245485 0.124306 -0.018500 0.487298 -0.072523 1.031977 0.428263 0.292117 -0.612996 0.487836 -0.147742
0.959184 0.464288 1.903355 -0.124586 0.129512 -0.009389 0.507705 -0.036806 1.065644 0.450803 0.773527 1.063799 0.507866 -0.072368
0.979593 0.500000 1.979870 -0.003704 0.134718 -0.000279 0.528114 -0.001094 1.099820 0.471946 0.326293 -0.591854 0.530339 -0.002072
0.979593 0.571429 1.979870 0.238077 0.134718 0.017942 0.528114 0.070334 1.134078 0.528074 0.807786 1.119927 0.541565 0.132401
1.000000 0.678574 2.056373 0.600757 0.139924 0.045274 0.548521 0.177480 1.208496 0.596201 0.400710 -0.523726 0.593673 0.312929
1.000000 0.714286 2.056373 0.721638 0.139924 0.054384 0.548521 0.213191 1.228904 0.620249 0.828193 1.143976 0.608229 0.370698
1.000000 0.785714 2.056373 0.963419 0.139924 0.072604 0.548521 0.284620 1.271750 0.665969 0.443556 -0.478007 0.642330 0.478642
1.000000 0.857143 2.056373 1.205200 0.139924 0.090825 0.548521 0.356048 1.317078 0.708626 0.873521 1.186633 0.682230 0.575747
0.979593 0.892860 1.979870 1.326100 0.134718 0.099936 0.528114 0.391765 1.325444 0.739110 0.451923 -0.447522 0.688274 0.638245
0.959184 0.928571 1.903355 1.446981 0.129512 0.109046 0.507705 0.427477 1.335020 0.769183 0.883097 1.216706 0.696693 0.699820
0.897961 0.964288 1.673835 1.567881 0.113894 0.118157 0.446482 0.463194 1.317644 0.821000 0.434547 -0.395706 0.679941 0.803768
0.877551 1.000000 1.597320 1.688762 0.108688 0.127267 0.426072 0.498906 1.330450 0.850523 0.895903 1.246229 0.694559 0.863977
0.836735 1.000000 1.444302 1.688762 0.098276 0.127267 0.385256 0.498906 1.303889 0.874054 0.407986 -0.372175 0.670296 0.913237
0.775512 1.000000 1.214781 1.688762 0.082658 0.127267 0.324033 0.498906 1.265472 0.911166 0.857486 1.283341 0.637081 0.994782
0.755102 1.000000 1.138266 1.688762 0.077452 0.127267 0.303623 0.498906 1.253068 0.924038 0.395582 -0.359304 0.626947 1.024093
0.734696 1.000000 1.061763 1.688762 0.072246 0.127267 0.283217 0.498906 1.240878 0.937162 0.845296 1.296466 0.617322 1.054484
0.673470 0.928571 0.832231 1.446981 0.056628 0.109046 0.221991 0.427477 1.147086 0.943308 0.301790 -0.353158 0.526210 1.091825
0.653063 0.892860 0.755727 1.326100 0.051423 0.099936 0.201584 0.391765 1.106205 0.939287 0.804415 1.292445 0.485235 1.095574
0.653063 0.821431 0.755727 1.084319 0.051423 0.081716 0.201584 0.320337 1.049400 0.899093 0.244985 -0.393353 0.421308 1.009119
0.612247 0.750003 0.602710 0.842538 0.041011 0.063495 0.160768 0.248908 0.968169 0.886179 0.723184 1.279532 0.339061 0.997314
0.591837 0.714286 0.526195 0.721638 0.035804 0.054384 0.140358 0.213191 0.927618 0.878874 0.204435 -0.400657 0.297939 0.988561
0.571431 0.642857 0.449692 0.479857 0.030599 0.036163 0.119952 0.141763 0.860115 0.844152 0.655681 1.244810 0.225863 0.868546
0.551021 0.607146 0.373177 0.358976 0.025392 0.027053 0.099542 0.106051 0.819909 0.833820 0.164228 -0.410990 0.184772 0.817048
0.530611 0.535717 0.296662 0.117195 0.020186 0.008832 0.079132 0.034623 0.754017 0.790186 0.589789 1.201176 0.115577 0.412434
0.530611 0.500000 0.296662 -0.003704 0.020186 -0.000279 0.079132 -0.001094 0.729074 0.755705 0.139285 -0.445471 0.092823 -0.013829
0.530611 0.464288 0.296662 -0.124586 0.020186 -0.009389 0.079132 -0.036806 0.705062 0.718834 0.565777 1.164305 0.080162 -0.435356
0.530611 0.392860 0.296662 -0.366367 0.020186 -0.027610 0.079132 -0.108235 0.660218 0.637323 0.094441 -0.526982 0.098479 -0.939489
0.530611 0.357143 0.296662 -0.487266 0.020186 -0.036721 0.079132 -0.143952 0.639609 0.592428 0.545168 1.119410 0.123131 -1.068172
0.551021 0.357143 0.373177 -0.487266 0.025392 -0.036721 0.099542 -0.143952 0.656639 0.575072 0.111471 -0.544338 0.137142 -0.965800
0.571431 0.357143 0.449692 -0.487266 0.030599 -0.036721 0.119952 -0.143952 0.673858 0.558598 0.562387 1.102936 0.152603 -0.876091
0.591837 0.357143 0.526195 -0.487266 0.035804 -0.036721 0.140358 -0.143952 0.691247 0.542951 0.128860 -0.559985 0.169115 -0.798036
0.591837 0.392860 0.526195 -0.366367 0.035804 -0.027610 0.140358 -0.108235 0.710359 0.586013 0.581499 1.145998 0.152107 -0.656888
0.571431 0.392860 0.449692 -0.366367 0.030599 -0.027610 0.119952 -0.108235 0.693449 0.602289 0.111951 -0.543710 0.133509 -0.734094
0.571431 0.428571 0.449692 -0.245485 0.030599 -0.018500 0.119952 -0.072523 0.714287 0.643499 0.602337 1.187209 0.122119 -0.543796
0.551021 0.428571 0.373177 -0.245485 0.025392 -0.018500 0.099542 -0.072523 0.698067 0.661043 0.095730 -0.526166 0.102144 -0.629642
0.551021 0.392860 0.373177 -0.366367 0.025392 -0.027610 0.099542 -0.108235 0.676730 0.619376 0.581000 1.145542 0.115520 -0.827210
0.510205 0.392860 0.220159 -0.366367 0.014980 -0.027610 0.058726 -0.108235 0.643932 0.656181 0.062932 -0.489361 0.082975 -1.073669
0.489795 0.357143 0.143645 -0.487266 0.009774 -0.036721 0.038316 -0.143952 0.606177 0.630035 0.543245 1.119395 0.101821 -1.310655
0.469389 0.357143 0.067141 -0.487266 0.004569 -0.036721 0.017909 -0.143952 0.589811 0.650421 0.046566 -0.468975 0.096021 -1.447019
0.448979 0.321431 -0.009373 -0.608148 -0.000638 -0.045831 -0.002500 -0.179663 0.552178 0.621328 0.505612 1.090303 0.130072 1.556881
0.428572 0.321431 -0.085876 -0.608148 -0.005843 -0.045831 -0.022907 -0.179663 0.535717 0.643504 0.030105 -0.446799 0.132050 1.443982
0.408163 0.285714 -0.162391 -0.729047 -0.011050 -0.054942 -0.043317 -0.215380 0.498226 0.610727 0.468121 1.057526 0.171331 1.372327
0.387756 0.250003 -0.238894 -0.849928 -0.016255 -0.064052 -0.063723 -0.251092 0.461363 0.572670 -0.006758 -0.484855 0.211313 1.322259
0.367346 0.214286 -0.315409 -0.970828 -0.021462 -0.073163 -0.084133 -0.286809 0.425278 0.528075 0.432036 1.012930 0.251672 1.285460
0.346940 0.214286 -0.391912 -0.970828 -0.026667 -0.073163 -0.104539 -0.286809 0.407781 0.553293 -0.024255 -0.459637 0.259209 1.221270
0.326530 0.178574 -0.468427 -1.091709 -0.031874 -0.082273 -0.124949 -0.322520 0.372170 0.500448 0.396425 0.960085 0.300149 1.201186
0.306124 0.142857 -0.544930 -1.212609 -0.037079 -0.091384 -0.145356 -0.358237 0.337816 0.436626 -0.058609 -0.523459 0.341139 1.185341
