0.142859 0.760001 -0.962900 0.698774 -0.064285 0.047567 -0.306819 0.227025 0.773311 1.384992 0.773311 1.384992 0.436392 -0.637026
0.142859 0.720004 -0.962900 0.575666 -0.064285 0.039186 -0.306819 0.187028 0.734040 1.374926 -0.039271 -0.010066 0.408918 -0.547428
0.171428 0.680001 -0.873240 0.452538 -0.058299 0.030805 -0.278250 0.147026 0.701277 1.323842 0.740548 1.333908 0.361209 -0.486104
0.228571 0.640004 -0.693908 0.329430 -0.046327 0.022425 -0.221107 0.107029 0.679595 1.227775 -0.060952 -0.106133 0.291740 -0.450813
0.257144 0.640004 -0.604234 0.329430 -0.040340 0.022425 -0.192534 0.107029 0.689731 1.188752 0.750683 1.294885 0.270727 -0.507359
0.285714 0.640004 -0.514575 0.329430 -0.034354 0.022425 -0.163964 0.107029 0.700883 1.150920 -0.049800 -0.143965 0.251214 -0.578310
0.314287 0.640004 -0.424902 0.329430 -0.028367 0.022425 -0.135391 0.107029 0.713009 1.114318 0.762809 1.258283 0.233569 -0.668931
0.342856 0.680001 -0.335242 0.452538 -0.022381 0.030805 -0.106822 0.147026 0.761546 1.103794 -0.001263 -0.154489 0.253889 -0.942472
0.371430 0.720004 -0.245569 0.575666 -0.016395 0.039186 -0.078248 0.187028 0.810164 1.094532 0.811427 1.249020 0.281423 -1.174550
0.371430 0.760001 -0.245569 0.698774 -0.016395 0.047567 -0.078248 0.227025 0.845909 1.116211 0.034481 -0.132810 0.320036 -1.238880
0.371430 0.800004 -0.245569 0.821901 -0.016395 0.055948 -0.078248 0.267028 0.882024 1.136126 0.847542 1.268936 0.358958 -1.285743
0.371430 0.840000 -0.245569 0.945010 -0.016395 0.064328 -0.078248 0.307025 0.918456 1.154466 0.070913 -0.114470 0.398088 -1.321249
0.371430 0.920000 -0.245569 1.191246 -0.016395 0.081090 -0.078248 0.387025 0.992150 1.187080 0.921236 1.301550 0.476787 -1.371307
0.342856 0.920000 -0.335242 1.191246 -0.022381 0.081090 -0.106822 0.387025 0.981810 1.214070 0.060574 -0.087480 0.482301 -1.301494
0.314287 0.960003 -0.424902 1.314373 -0.028367 0.089471 -0.135391 0.427028 1.010140 1.254412 0.949566 1.341892 0.527979 -1.263768
0.285714 0.960003 -0.514575 1.314373 -0.034354 0.089471 -0.163964 0.427028 1.001618 1.281527 0.052052 -0.060365 0.536019 -1.204188
0.257144 0.960003 -0.604234 1.314373 -0.040340 0.089471 -0.192534 0.427028 0.993846 1.309082 0.941794 1.369448 0.545436 -1.147220
0.228571 0.960003 -0.693908 1.314373 -0.046327 0.089471 -0.221107 0.427028 0.986839 1.337054 0.045045 -0.032393 0.556165 -1.093025
0.200002 0.960003 -0.783567 1.314373 -0.052313 0.089471 -0.249676 0.427028 0.980615 1.365400 0.935570 1.397793 0.568128 -1.041715
0.171428 0.960003 -0.873240 1.314373 -0.058299 0.089471 -0.278250 0.427028 0.975189 1.394088 0.039619 -0.003705 0.581253 -0.993299
0.142859 0.960003 -0.962900 1.314373 -0.064285 0.089471 -0.306819 0.427028 0.970574 1.423069 0.930956 1.426774 0.595457 -0.947762
0.114285 0.920000 -1.052573 1.191246 -0.070272 0.081090 -0.335393 0.387025 0.927072 1.447206 -0.003884 0.020432 0.577660 -0.856748
0.114285 0.880003 -1.052573 1.068137 -0.070272 0.072710 -0.335393 0.347028 0.887393 1.441650 0.891278 1.421218 0.545590 -0.802447
0.085712 0.880003 -1.142246 1.068137 -0.076259 0.072710 -0.363966 0.347028 0.884168 1.473703 -0.007110 0.052485 0.563606 -0.761579
0.057143 0.840000 -1.231906 0.945010 -0.082245 0.064328 -0.392535 0.307025 0.841942 1.502874 0.849052 1.450389 0.553566 -0.663767
0.057143 0.800004 -1.231906 0.821901 -0.082245 0.055948 -0.392535 0.267028 0.802042 1.499489 -0.047010 0.049101 0.526129 -0.597358
0.028569 0.800004 -1.321579 0.821901 -0.088231 0.055948 -0.421109 0.267028 0.800514 1.535100 0.847524 1.485999 0.547778 -0.565122
0.028569 0.760001 -1.321579 0.698774 -0.088231 0.047567 -0.421109 0.227025 0.760538 1.533223 -0.086986 0.047224 0.523099 -0.494446
0.028569 0.720004 -1.321579 0.575666 -0.088231 0.039186 -0.421109 0.187028 0.720570 1.531138 0.807557 1.483914 0.500409 -0.417964
0.000000 0.680001 -1.411239 0.452538 -0.094217 0.030805 -0.449678 0.147026 0.680001 1.570796 -0.127556 0.086882 0.505232 -0.316001
0.000000 0.640004 -1.411239 0.329430 -0.094217 0.022425 -0.449678 0.107029 0.640004 1.570796 0.767560 1.483914 0.488297 -0.233664
0.000000 0.600001 -1.411239 0.206303 -0.094217 0.014043 -0.449678 0.067026 0.600001 1.570796 -0.167559 0.086882 0.474139 -0.147963
0.000000 0.560004 -1.411239 0.083194 -0.094217 0.005663 -0.449678 0.027029 0.560004 1.570796 0.727563 1.483914 0.463014 -0.060035
0.000000 0.520001 -1.411239 -0.039933 -0.094217 -0.002718 -0.449678 -0.012974 0.520001 1.570796 -0.207561 0.086882 0.455144 0.028844
0.000000 0.480005 -1.411239 -0.163042 -0.094217 -0.011099 -0.449678 -0.052971 0.480005 1.570796 0.687566 1.483914 0.450700 0.117257
0.000000 0.440002 -1.411239 -0.286169 -0.094217 -0.019480 -0.449678 -0.092974 0.440002 1.570796 -0.247564 0.086882 0.449782 0.203883
0.000000 0.400005 -1.411239 -0.409278 -0.094217 -0.027860 -0.449678 -0.132971 0.400005 1.570796 0.647569 1.483914 0.452413 0.287509
0.000000 0.360002 -1.411239 -0.532405 -0.094217 -0.036242 -0.449678 -0.172973 0.360002 1.570796 -0.287567 0.086882 0.458533 0.367213
0.000000 0.320005 -1.411239 -0.655514 -0.094217 -0.044622 -0.449678 -0.212970 0.320005 1.570796 0.607572 1.483914 0.468002 0.442311
0.028569 0.280002 -1.321579 -0.778641 -0.088231 -0.053003 -0.421109 -0.252973 0.281456 1.469116 -0.326116 -0.014798 0.454007 0.540957
0.057143 0.240005 -1.231906 -0.901749 -0.082245 -0.061384 -0.392535 -0.292970 0.246714 1.337059 0.572831 1.351857 0.445024 0.641163
0.057143 0.200002 -1.231906 -1.024877 -0.082245 -0.069765 -0.392535 -0.332973 0.208005 1.292500 -0.364825 -0.059356 0.465212 0.703484
0.085712 0.200002 -1.142246 -1.024877 -0.076259 -0.069765 -0.363966 -0.332973 0.217595 1.165919 0.582420 1.225275 0.441372 0.740957
0.114285 0.160006 -1.052573 -1.147985 -0.070272 -0.078145 -0.335393 -0.372970 0.196629 0.950564 -0.385791 -0.274711 0.443169 0.838396
0.142859 0.160006 -0.962900 -1.147985 -0.064285 -0.078145 -0.306819 -0.372970 0.214501 0.841952 0.600291 1.116663 0.421958 0.882403
0.171428 0.160006 -0.873240 -1.147985 -0.058299 -0.078145 -0.278250 -0.372970 0.234498 0.750947 -0.365793 -0.365716 0.401663 0.929835
0.200002 0.120003 -0.783567 -1.271113 -0.052313 -0.086527 -0.249676 -0.412973 0.233241 0.540425 0.599034 0.906141 0.413551 1.027014
0.228571 0.080006 -0.693908 -1.394221 -0.046327 -0.094907 -0.221107 -0.452970 0.242169 0.336698 -0.356866 -0.569443 0.430751 1.116691
0.257144 0.080006 -0.604234 -1.394221 -0.040340 -0.094907 -0.192534 -0.452970 0.269303 0.301638 0.626169 0.871081 0.416806 1.168885
0.285714 0.040003 -0.514575 -1.517348 -0.034354 -0.103288 -0.163964 -0.492973 0.288500 0.139106 -0.337668 -0.731975 0.441269 1.249703
0.342856 0.040003 -0.335242 -1.517348 -0.022381 -0.103288 -0.106822 -0.492973 0.345182 0.116150 0.682851 0.848125 0.423373 1.357406
0.371430 0.000000 -0.245569 -1.640476 -0.016395 -0.111670 -0.078248 -0.532975 0.371430 0.000000 -0.311421 -0.848125 0.456435 1.425024
0.399999 0.000000 -0.155909 -1.640476 -0.010409 -0.111670 -0.049679 -0.532975 0.399999 0.000000 0.711420 0.848125 0.452414 1.477854
0.428573 0.000000 -0.066236 -1.640476 -0.004422 -0.111670 -0.021105 -0.532975 0.428573 0.000000 -0.282847 -0.848125 0.450173 1.531218
0.485715 0.000000 0.113097 -1.640476 0.007551 -0.111670 0.036037 -0.532975 0.485715 0.000000 0.768562 0.848125 0.451120 -1.503284
0.514285 0.000000 0.202757 -1.640476 0.013536 -0.111670 0.064606 -0.532975 0.514285 0.000000 -0.254278 -0.848125 0.454296 -1.450166
0.542858 0.000000 0.292430 -1.640476 0.019523 -0.111670 0.093180 -0.532975 0.542858 0.000000 0.797136 0.848125 0.459231 -1.397716
0.600001 0.000000 0.471763 -1.640476 0.031496 -0.111670 0.150323 -0.532975 0.600001 0.000000 -0.197135 -0.848125 0.474139 -1.295893
0.628570 0.000000 0.561422 -1.640476 0.037482 -0.111670 0.178892 -0.532975 0.628570 0.000000 0.825705 0.848125 0.483955 -1.246964
0.657144 0.000000 0.651095 -1.640476 0.043468 -0.111670 0.207465 -0.532975 0.657144 0.000000 -0.168562 -0.848125 0.495230 -1.199584
0.714286 0.040003 0.830428 -1.517348 0.055441 -0.103288 0.264608 -0.492973 0.715406 0.055946 0.883967 0.904071 0.487700 -1.078175
0.742856 0.040003 0.920088 -1.517348 0.061427 -0.103288 0.293177 -0.492973 0.743932 0.053798 -0.140035 -0.850272 0.503773 -1.034273
0.799998 0.080006 1.099421 -1.394221 0.073400 -0.094907 0.350320 -0.452970 0.803989 0.099676 0.944024 0.949949 0.509295 -0.912496
0.828572 0.120003 1.189094 -1.271113 0.079386 -0.086527 0.378894 -0.412973 0.837217 0.143831 -0.106808 -0.806118 0.502241 -0.828408
0.857141 0.120003 1.278753 -1.271113 0.085372 -0.086527 0.407463 -0.412973 0.865501 0.139099 0.972308 0.945217 0.524130 -0.792114
0.885715 0.200002 1.368427 -1.024877 0.091359 -0.069765 0.436036 -0.332973 0.908015 0.222084 -0.064293 -0.723133 0.502460 -0.652171
0.914284 0.240005 1.458086 -0.901749 0.097345 -0.061384 0.464606 -0.292970 0.945260 0.256714 1.009554 0.979847 0.509726 -0.562600
0.942857 0.280002 1.547759 -0.778641 0.103332 -0.053003 0.493179 -0.252973 0.983555 0.288676 -0.025998 -0.691171 0.521551 -0.473949
0.942857 0.320005 1.547759 -0.655514 0.103332 -0.044622 0.493179 -0.212970 0.995682 0.327200 1.021681 1.018371 0.509942 -0.407643
0.971426 0.400005 1.637419 -0.409278 0.109317 -0.027860 0.521748 -0.132971 1.050559 0.390612 0.028878 -0.627758 0.524108 -0.249544
0.971426 0.440002 1.637419 -0.286169 0.109317 -0.019480 0.521748 -0.092974 1.066429 0.425299 1.037551 1.053058 0.521838 -0.176345
1.000000 0.480005 1.727092 -0.163042 0.115304 -0.011099 0.550322 -0.052971 1.109236 0.447524 0.071685 -0.605534 0.551157 -0.095959
1.000000 0.520001 1.727092 -0.039933 0.115304 -0.002718 0.550322 -0.012974 1.127121 0.479520 1.055436 1.085055 0.554797 -0.023571
1.000000 0.600001 1.727092 0.206303 0.115304 0.014043 0.550322 0.067026 1.166191 0.540420 0.110755 -0.544634 0.570483 0.121197
1.000000 0.640004 1.727092 0.329430 0.115304 0.022425 0.550322 0.107029 1.187268 0.569316 1.076513 1.113950 0.582304 0.192086
1.000000 0.720004 1.727092 0.575666 0.115304 0.039186 0.550322 0.187028 1.232236 0.624026 0.155723 -0.489925 0.613131 0.327607
1.000000 0.800004 1.727092 0.821901 0.115304 0.055948 0.550322 0.267028 1.280627 0.674743 1.124904 1.164668 0.652367 0.451755
1.000000 0.840000 1.727092 0.945010 0.115304 0.064328 0.550322 0.307025 1.305987 0.698660 0.181082 -0.466008 0.674689 0.508889
0.971426 0.880003 1.637419 1.068137 0.109317 0.072710 0.521748 0.347028 1.310754 0.736059 1.129671 1.202066 0.676314 0.586935
0.942857 0.960003 1.547759 1.314373 0.103332 0.089471 0.493179 0.427028 1.345580 0.794408 0.215909 -0.407658 0.709688 0.713634
0.914284 0.960003 1.458086 1.314373 0.097345 0.089471 0.464606 0.427028 1.325715 0.809786 1.109806 1.217444 0.690138 0.743278
0.914284 1.000000 1.458086 1.437482 0.097345 0.097852 0.464606 0.467025 1.354959 0.830145 0.245153 -0.387299 0.720217 0.787995
0.885715 1.000000 1.368427 1.437482 0.091359 0.097852 0.436036 0.467025 1.335848 0.845930 1.090695 1.233229 0.702127 0.819699
0.828572 1.000000 1.189094 1.437482 0.079386 0.097852 0.378894 0.467025 1.298665 0.878875 0.207970 -0.354354 0.668143 0.889207
0.799998 1.000000 1.099421 1.437482 0.073400 0.097852 0.350320 0.467025 1.280624 0.896056 1.072654 1.250410 0.652364 0.927224
0.771429 0.960003 1.009761 1.314373 0.067414 0.089471 0.321751 0.427028 1.231547 0.893883 0.158894 -0.356528 0.603287 0.925081
0.742856 0.920000 0.920088 1.191246 0.061427 0.081090 0.293177 0.387025 1.182470 0.891528 1.023576 1.248056 0.554216 0.922502
0.714286 0.920000 0.830428 1.191246 0.055441 0.081090 0.264608 0.387025 1.164734 0.910613 0.141158 -0.337442 0.539648 0.971095
0.714286 0.880003 0.830428 1.068137 0.055441 0.072710 0.264608 0.347028 1.133407 0.888970 0.992249 1.226413 0.505171 0.919344
0.685713 0.840000 0.740755 0.945010 0.049454 0.064328 0.236035 0.307025 1.084344 0.886181 0.092095 -0.340232 0.456140 0.915384
0.657144 0.800004 0.651095 0.821901 0.043468 0.055948 0.207465 0.267028 1.035299 0.883127 0.943203 1.223359 0.407148 0.910274
0.657144 0.720004 0.651095 0.575666 0.043468 0.039186 0.207465 0.187028 0.974804 0.831012 0.031601 -0.392347 0.340761 0.733639
0.628570 0.680001 0.561422 0.452538 0.037482 0.030805 0.178892 0.147026 0.926014 0.824681 0.894413 1.217028 0.291635 0.687933
0.628570 0.600001 0.561422 0.206303 0.037482 0.014043 0.178892 0.067026 0.868966 0.762149 -0.025447 -0.454880 0.233665 0.358483
0.628570 0.560004 0.561422 0.083194 0.037482 0.005663 0.178892 0.027029 0.841846 0.727775 0.867293 1.182654 0.210177 0.149957
0.628570 0.520001 0.561422 -0.039933 0.037482 -0.002718 0.178892 -0.012974 0.815783 0.691153 -0.051510 -0.491501 0.192218 -0.072397
0.628570 0.480005 0.561422 -0.163042 0.037482 -0.011099 0.178892 -0.052971 0.790889 0.652177 0.842399 1.143678 0.181444 -0.287880
0.628570 0.440002 0.561422 -0.286169 0.037482 -0.019480 0.178892 -0.092974 0.767269 0.610729 -0.075130 -0.532949 0.179153 -0.479299
0.600001 0.440002 0.471763 -0.286169 0.031496 -0.019480 0.150323 -0.092974 0.744045 0.632750 0.819175 1.165699 0.150634 -0.553907
0.571427 0.440002 0.382089 -0.286169 0.025509 -0.019480 0.121749 -0.092974 0.721201 0.656182 -0.097974 -0.509518 0.122133 -0.652180
0.542858 0.440002 0.292430 -0.286169 0.019523 -0.019480 0.093180 -0.092974 0.698782 0.681128 0.796756 1.190645 0.093681 -0.784290
0.514285 0.440002 0.202757 -0.286169 0.013536 -0.019480 0.064606 -0.092974 0.676824 0.707713 -0.119932 -0.482932 0.065327 -0.963508
0.485715 0.440002 0.113097 -0.286169 0.007551 -0.019480 0.036037 -0.092974 0.655378 0.736056 0.775311 1.218988 0.037314 -1.201019
0.457142 0.440002 0.023424 -0.286169 0.001564 -0.019480 0.007464 -0.092974 0.634492 0.766295 -0.140819 -0.452693 0.012221 -1.490690
0.428573 0.440002 -0.066236 -0.286169 -0.004422 -0.019480 -0.021105 -0.092974 0.614228 0.798556 0.755047 1.251249 0.023218 1.347575
0.399999 0.440002 -0.155909 -0.286169 -0.010409 -0.019480 -0.049679 -0.092974 0.594643 0.832984 -0.160403 -0.418264 0.050613 1.080061
0.371430 0.440002 -0.245569 -0.286169 -0.016395 -0.019480 -0.078248 -0.092974 0.575814 0.869705 0.736217 1.287969 0.078844 0.871190
0.342856 0.440002 -0.335242 -0.286169 -0.022381 -0.019480 -0.106822 -0.092974 0.557810 0.908858 -0.178407 -0.379112 0.107259 0.716198
0.314287 0.440002 -0.424902 -0.286169 -0.028367 -0.019480 -0.135391 -0.092974 0.540720 0.950546 0.719127 1.329658 0.135736 0.601748
0.285714 0.440002 -0.514575 -0.286169 -0.034354 -0.019480 -0.163964 -0.092974 0.524627 0.994880 -0.194500 -0.334778 0.164250 0.515828
0.257144 0.440002 -0.604234 -0.286169 -0.040340 -0.019480 -0.192534 -0.092974 0.509632 1.041914 0.704132 1.376691 0.192777 0.449871
