0.111109 0.787877 -1.092040 0.581814 -0.094862 0.052296 -0.319659 0.176223 0.795673 1.430697 0.795673 1.430697 0.479279 -0.503828
0.133333 0.757576 -1.016118 0.481774 -0.088267 0.043304 -0.297435 0.145922 0.769220 1.396581 -0.026453 -0.034116 0.441895 -0.456100
0.177777 0.727271 -0.864284 0.381719 -0.075078 0.034310 -0.252991 0.115617 0.748684 1.331053 0.775137 1.365169 0.389767 -0.428660
0.177777 0.696970 -0.864284 0.281678 -0.075078 0.025318 -0.252991 0.085316 0.719286 1.321050 -0.055851 -0.044119 0.367244 -0.325254
0.199998 0.696970 -0.788373 0.281678 -0.068483 0.025318 -0.230770 0.085316 0.725098 1.291351 0.780949 1.335470 0.352305 -0.354117
0.222222 0.696970 -0.712450 0.281678 -0.061888 0.025318 -0.208546 0.085316 0.731540 1.262146 -0.049409 -0.073324 0.338164 -0.388326
0.244442 0.696970 -0.636539 0.281678 -0.055294 0.025318 -0.186326 0.085316 0.738593 1.233479 0.788002 1.306803 0.324932 -0.429393
0.266666 0.727271 -0.560616 0.381719 -0.048699 0.034310 -0.164102 0.115617 0.774619 1.219351 -0.013384 -0.087452 0.338885 -0.613768
0.288887 0.727271 -0.484705 0.381719 -0.042105 0.034310 -0.141882 0.115617 0.782546 1.192689 0.795930 1.280140 0.328701 -0.683750
0.288887 0.787877 -0.484705 0.581814 -0.042105 0.052296 -0.141882 0.176223 0.839170 1.219353 0.043240 -0.060787 0.384262 -0.892937
0.288887 0.818182 -0.484705 0.681870 -0.042105 0.061289 -0.141882 0.206528 0.867685 1.231377 0.824445 1.292164 0.412577 -0.968859
0.288887 0.848483 -0.484705 0.781910 -0.042105 0.070281 -0.141882 0.236829 0.896314 1.242633 0.071869 -0.049532 0.441153 -1.031047
0.288887 0.909089 -0.484705 0.982005 -0.042105 0.088267 -0.141882 0.297435 0.953886 1.263112 0.882017 1.312644 0.498920 -1.125703
0.266666 0.969695 -0.560616 1.182101 -0.048699 0.106252 -0.164102 0.358041 1.005693 1.302430 0.123676 -0.010214 0.563357 -1.141034
0.244442 1.000000 -0.636539 1.282156 -0.055294 0.115246 -0.186326 0.388346 1.029443 1.331055 0.905767 1.341269 0.598951 -1.123444
0.222222 1.000000 -0.712450 1.282156 -0.061888 0.115246 -0.208546 0.388346 1.024394 1.352128 0.118627 0.010859 0.606231 -1.077979
0.155554 1.000000 -0.940207 1.282156 -0.081673 0.115246 -0.275215 0.388346 1.012026 1.416479 0.893399 1.405621 0.632272 -0.954265
0.111109 1.000000 -1.092040 1.282156 -0.094862 0.115246 -0.319659 0.388346 1.006154 1.460141 0.112755 0.054520 0.652845 -0.882110
0.088889 0.969695 -1.167951 1.182101 -0.101456 0.106252 -0.341880 0.358041 0.973760 1.479385 0.861006 1.424865 0.638219 -0.808484
0.066665 0.939394 -1.243874 1.082061 -0.108051 0.097260 -0.364103 0.327740 0.941757 1.499949 0.080751 0.075085 0.625517 -0.732886
0.044444 0.909089 -1.319785 0.982005 -0.114646 0.088267 -0.386324 0.297435 0.910175 1.521946 0.829424 1.446862 0.614847 -0.656122
0.022221 0.848483 -1.395708 0.781910 -0.121241 0.070281 -0.408548 0.236829 0.848774 1.544614 0.019350 0.097752 0.584292 -0.525347
0.000000 0.787877 -1.471619 0.581814 -0.127835 0.052296 -0.430768 0.176223 0.787877 1.570796 0.768527 1.473044 0.559543 -0.388317
0.000000 0.727271 -1.471619 0.381719 -0.127835 0.034310 -0.430768 0.115617 0.727271 1.570796 -0.041256 0.097752 0.522949 -0.262217
0.000000 0.636364 -1.471619 0.081583 -0.127835 0.007333 -0.430768 0.024710 0.636364 1.570796 0.677620 1.473044 0.477317 -0.057300
0.000000 0.575759 -1.471619 -0.118513 -0.127835 -0.010652 -0.430768 -0.035896 0.575759 1.570796 -0.101862 0.097752 0.454515 0.083137
0.022221 0.484847 -1.395708 -0.418664 -0.121241 -0.037631 -0.408548 -0.126807 0.485356 1.524998 0.587218 1.427246 0.412111 0.300956
0.066665 0.393941 -1.243874 -0.718799 -0.108051 -0.064609 -0.364103 -0.217713 0.399542 1.403159 -0.187676 -0.024088 0.365961 0.538906
0.155554 0.242424 -0.940207 -1.219046 -0.081673 -0.109573 -0.275215 -0.369231 0.288038 1.000306 0.475715 1.024394 0.333492 0.930263
0.199998 0.151513 -0.788373 -1.519197 -0.068483 -0.136552 -0.230770 -0.460142 0.250909 0.648328 -0.224806 -0.376065 0.362269 1.105933
0.288887 0.090907 -0.484705 -1.719292 -0.042105 -0.154537 -0.141882 -0.520748 0.302852 0.304869 0.527658 0.680934 0.368288 1.304795
0.355555 0.060606 -0.256949 -1.819332 -0.022320 -0.163529 -0.075213 -0.551048 0.360683 0.168832 -0.166975 -0.512102 0.377726 1.435143
0.422220 0.030301 -0.029204 -1.919388 -0.002537 -0.172523 -0.008548 -0.581354 0.423306 0.071642 0.590281 0.583745 0.400559 1.556093
0.600001 0.000000 0.578143 -2.019428 0.050221 -0.181515 0.169232 -0.611654 0.600001 0.000000 0.009720 -0.583745 0.462818 -1.300869
0.666666 0.000000 0.805888 -2.019428 0.070005 -0.181515 0.235897 -0.611654 0.666666 0.000000 0.656946 0.583745 0.491130 -1.202703
0.755554 0.030301 1.109555 -1.919388 0.096384 -0.172523 0.324786 -0.581354 0.756162 0.040082 0.099216 -0.543662 0.515616 -1.061320
0.822223 0.090907 1.337312 -1.719292 0.116168 -0.154537 0.391454 -0.520748 0.827233 0.110115 0.728017 0.653777 0.518404 -0.926198
0.933332 0.181818 1.716890 -1.419141 0.149141 -0.127558 0.502563 -0.429836 0.950876 0.192395 0.222860 -0.461382 0.560844 -0.707556
0.955556 0.272724 1.792813 -1.119006 0.155736 -0.100581 0.524787 -0.338930 0.993713 0.278018 0.770853 0.739399 0.548069 -0.573447
0.977776 0.363636 1.868724 -0.818855 0.162330 -0.073602 0.547008 -0.248019 1.043205 0.356051 0.272352 -0.383349 0.551112 -0.425686
1.000000 0.424241 1.944647 -0.618759 0.168925 -0.055617 0.569232 -0.187413 1.086269 0.401228 0.813917 0.784577 0.569269 -0.318060
1.000000 0.606059 1.944647 -0.018472 0.168925 -0.001660 0.569232 -0.005595 1.169319 0.544863 0.355402 -0.239714 0.595610 -0.009829
0.955556 0.666665 1.792813 0.181623 0.155736 0.016325 0.524787 0.055011 1.165130 0.609162 0.809728 0.848876 0.575369 0.104444
0.911111 0.757576 1.640979 0.481774 0.142547 0.043304 0.480343 0.145922 1.184924 0.693647 0.375196 -0.155229 0.580976 0.294928
0.866667 0.818182 1.489145 0.681870 0.129357 0.061289 0.435899 0.206528 1.191861 0.756629 0.816665 0.911858 0.583178 0.442467
0.777778 0.878788 1.185478 0.881965 0.102979 0.079275 0.347010 0.267134 1.173545 0.846298 0.356879 -0.065560 0.566690 0.656064
0.733334 0.909089 1.033644 0.982005 0.089789 0.088267 0.302565 0.297435 1.167999 0.892002 0.811119 0.957562 0.565983 0.776847
0.688889 0.939394 0.881810 1.082061 0.076600 0.097260 0.258121 0.327740 1.164916 0.938047 0.353797 -0.019515 0.570374 0.903675
0.622221 0.909089 0.654054 0.982005 0.056816 0.088267 0.191453 0.297435 1.101636 0.970587 0.747839 0.990101 0.515213 0.998876
0.600001 0.909089 0.578143 0.982005 0.050221 0.088267 0.169232 0.297435 1.089240 0.987422 0.341401 -0.002680 0.507376 1.053503
0.577777 0.878788 0.502220 0.881965 0.043626 0.079275 0.147009 0.267134 1.051710 0.989188 0.710310 0.991867 0.471522 1.067709
0.577777 0.818182 0.502220 0.681870 0.043626 0.061289 0.147009 0.206528 1.001623 0.955941 0.291313 -0.035927 0.414368 0.952189
0.577777 0.727271 0.502220 0.381719 0.043626 0.034310 0.147009 0.115617 0.928843 0.899452 0.637530 0.935379 0.330946 0.666432
0.577777 0.696970 0.502220 0.281678 0.043626 0.025318 0.147009 0.085316 0.905314 0.878631 0.267784 -0.056748 0.304097 0.525844
0.622221 0.606059 0.654054 -0.018472 0.056816 -0.001660 0.191453 -0.005595 0.868601 0.772241 0.600816 0.828988 0.259579 -0.029216
0.644445 0.575759 0.729977 -0.118513 0.063411 -0.010652 0.213677 -0.035896 0.864180 0.729166 0.263364 -0.099822 0.258225 -0.166437
0.666666 0.515153 0.805888 -0.318608 0.070005 -0.028638 0.235897 -0.096502 0.842511 0.657890 0.579147 0.757712 0.250536 -0.388312
0.666666 0.484847 0.805888 -0.418664 0.070005 -0.037631 0.235897 -0.126807 0.824330 0.628796 0.245183 -0.128916 0.242017 -0.493235
0.666666 0.454547 0.805888 -0.518704 0.070005 -0.046623 0.235897 -0.157108 0.806880 0.598421 0.561697 0.727337 0.237093 -0.587541
0.622221 0.424241 0.654054 -0.618759 0.056816 -0.055617 0.191453 -0.187413 0.753087 0.598419 0.191390 -0.128919 0.191564 -0.774735
0.533332 0.424241 0.350386 -0.618759 0.030437 -0.055617 0.102564 -0.187413 0.681487 0.671963 0.490097 0.800882 0.102772 -1.070057
0.488888 0.424241 0.198553 -0.618759 0.017248 -0.055617 0.058120 -0.187413 0.647296 0.714719 0.157199 -0.086162 0.058485 -1.270085
0.422220 0.424241 -0.029204 -0.618759 -0.002537 -0.055617 -0.008548 -0.187413 0.598540 0.787786 0.441341 0.873949 0.010755 1.525215
0.399999 0.424241 -0.105115 -0.618759 -0.009131 -0.055617 -0.030769 -0.187413 0.583078 0.814801 0.141737 -0.059148 0.031454 1.408070
0.377775 0.424241 -0.181038 -0.618759 -0.015726 -0.055617 -0.052993 -0.187413 0.568063 0.843270 0.426326 0.902418 0.053393 1.295230
