0.086205 0.731706 -1.177720 0.539941 -0.089991 0.043555 -0.350295 0.169541 0.736767 1.453523 0.736767 1.453523 0.458097 -0.450762
0.120688 0.682926 -1.061787 0.384589 -0.081132 0.031023 -0.315812 0.120761 0.693508 1.395880 -0.043259 -0.057642 0.400578 -0.365226
0.120688 0.658537 -1.061787 0.306919 -0.081132 0.024758 -0.315812 0.096372 0.669505 1.389541 0.712764 1.447183 0.386054 -0.296182
0.137931 0.634145 -1.003816 0.229237 -0.076702 0.018492 -0.298569 0.071980 0.648972 1.356626 -0.063792 -0.090558 0.358060 -0.236570
0.155171 0.634145 -0.945853 0.229237 -0.072273 0.018492 -0.281329 0.071980 0.652854 1.330819 0.716645 1.421377 0.343817 -0.250484
0.172413 0.634145 -0.887882 0.229237 -0.067844 0.018492 -0.264087 0.071980 0.657165 1.305330 -0.059480 -0.116046 0.329857 -0.266099
0.206896 0.634145 -0.771948 0.229237 -0.058985 0.018492 -0.229604 0.071980 0.667043 1.255425 0.726523 1.371472 0.302955 -0.303793
0.224136 0.634145 -0.713986 0.229237 -0.054556 0.018492 -0.212364 0.071980 0.672590 1.231055 -0.053933 -0.140417 0.290107 -0.326795
0.258619 0.634145 -0.598052 0.229237 -0.045698 0.018492 -0.177881 0.071980 0.684853 1.183565 0.738786 1.323982 0.265905 -0.384512
0.275861 0.658537 -0.540081 0.306919 -0.041268 0.024758 -0.160639 0.096372 0.713982 1.174104 -0.024804 -0.149878 0.274053 -0.540370
0.293101 0.682926 -0.482119 0.384589 -0.036839 0.031023 -0.143399 0.120761 0.743166 1.165386 0.767970 1.315264 0.285112 -0.699909
0.293101 0.707318 -0.482119 0.462271 -0.036839 0.037290 -0.143399 0.145153 0.765641 1.177951 -0.002328 -0.137313 0.306440 -0.791477
0.293101 0.756098 -0.482119 0.617623 -0.036839 0.049821 -0.143399 0.193933 0.810921 1.200982 0.813249 1.338295 0.350294 -0.934099
0.293101 0.804878 -0.482119 0.772975 -0.036839 0.062353 -0.143399 0.242714 0.856585 1.221566 0.043336 -0.116728 0.395305 -1.037158
0.293101 0.853659 -0.482119 0.928326 -0.036839 0.074885 -0.143399 0.291494 0.902575 1.240061 0.859239 1.356789 0.441117 -1.113614
0.275861 0.878047 -0.540081 1.005997 -0.041268 0.081150 -0.160639 0.315882 0.920362 1.266385 0.061123 -0.090403 0.469860 -1.100340
0.275861 0.926828 -0.540081 1.161348 -0.041268 0.093682 -0.160639 0.364663 0.967010 1.281506 0.905888 1.371909 0.515971 -1.155859
0.258619 0.951220 -0.598052 1.239030 -0.045698 0.099948 -0.177881 0.389055 0.985750 1.305332 0.079862 -0.066577 0.544590 -1.141959
0.224136 1.000000 -0.713986 1.394382 -0.054556 0.112480 -0.212364 0.437835 1.024811 1.350304 0.944949 1.416881 0.602188 -1.119195
0.206896 1.000000 -0.771948 1.394382 -0.058985 0.112480 -0.229604 0.437835 1.021179 1.366779 0.076230 -0.050103 0.608482 -1.087814
0.172413 1.000000 -0.887882 1.394382 -0.067844 0.112480 -0.264087 0.437835 1.014754 1.400062 0.938524 1.450164 0.622313 -1.028053
0.155171 1.000000 -0.945853 1.394382 -0.072273 0.112480 -0.281329 0.437835 1.011967 1.416853 0.073443 -0.033311 0.629824 -0.999679
0.137931 0.975608 -1.003816 1.316700 -0.076702 0.106213 -0.298569 0.413443 0.985310 1.430348 0.911867 1.463659 0.616264 -0.945356
0.120688 0.951220 -1.061787 1.239030 -0.081132 0.099948 -0.315812 0.389055 0.958845 1.444593 0.046978 -0.019065 0.603882 -0.888936
0.086205 0.926828 -1.177720 1.161348 -0.089991 0.093682 -0.350295 0.364663 0.930828 1.478052 0.883849 1.497117 0.602601 -0.805492
0.051723 0.878047 -1.293654 1.005997 -0.098849 0.081150 -0.384777 0.315882 0.879569 1.511958 -0.004280 0.014841 0.585677 -0.687384
0.034483 0.829267 -1.351616 0.850645 -0.103278 0.068618 -0.402017 0.267102 0.829983 1.529238 0.834264 1.514398 0.562035 -0.586434
0.017240 0.780486 -1.409588 0.695293 -0.107708 0.056087 -0.419260 0.218322 0.780677 1.548711 -0.053587 0.034314 0.542315 -0.480094
0.000000 0.731706 -1.467550 0.539941 -0.112137 0.043555 -0.436500 0.169541 0.731706 1.570796 0.785293 1.536483 0.526952 -0.370475
0.000000 0.682926 -1.467550 0.384589 -0.112137 0.031023 -0.436500 0.120761 0.682926 1.570796 -0.102367 0.034314 0.501256 -0.269906
0.000000 0.585365 -1.467550 0.073885 -0.112137 0.005960 -0.436500 0.023200 0.585365 1.570796 0.687732 1.536483 0.461187 -0.053100
0.000000 0.512196 -1.467550 -0.159137 -0.112137 -0.012837 -0.436500 -0.049969 0.512196 1.570796 -0.175536 0.034314 0.443015 0.113980
0.000000 0.463416 -1.467550 -0.314489 -0.112137 -0.025369 -0.436500 -0.098749 0.463416 1.570796 0.638952 1.536483 0.437329 0.222484
0.017240 0.390243 -1.409588 -0.547522 -0.107708 -0.044167 -0.419260 -0.171922 0.390624 1.526647 -0.248328 -0.009835 0.421804 0.389148
0.034483 0.341463 -1.351616 -0.702874 -0.103278 -0.056698 -0.402017 -0.220702 0.343199 1.470152 0.591527 1.479988 0.413098 0.502065
0.103448 0.219510 -1.119749 -1.091260 -0.085561 -0.088028 -0.333052 -0.342655 0.242665 1.130397 -0.348863 -0.349590 0.397503 0.799609
0.137931 0.170730 -1.003816 -1.246611 -0.076702 -0.100560 -0.298569 -0.391435 0.219485 0.891263 0.568347 1.240853 0.399722 0.919181
0.172413 0.121949 -0.887882 -1.401963 -0.067844 -0.113091 -0.264087 -0.440216 0.211182 0.615613 -0.357165 -0.625240 0.410712 1.030448
0.275861 0.048780 -0.540081 -1.634985 -0.041268 -0.131888 -0.160639 -0.513384 0.280141 0.175020 0.637306 0.800260 0.419680 1.267546
0.327584 0.024388 -0.366185 -1.712667 -0.027981 -0.138155 -0.108916 -0.537776 0.328491 0.074312 -0.308815 -0.725948 0.426261 1.370969
0.396549 0.000000 -0.134318 -1.790337 -0.010263 -0.144420 -0.039951 -0.562165 0.396549 0.000000 0.705365 0.725948 0.438325 1.499850
0.465517 0.000000 0.097558 -1.790337 0.007455 -0.144420 0.029017 -0.562165 0.465517 0.000000 -0.239847 -0.725948 0.437464 -1.519225
0.517240 0.000000 0.271454 -1.790337 0.020742 -0.144420 0.080740 -0.562165 0.517240 0.000000 0.757087 0.725948 0.443905 -1.428149
0.637931 0.000000 0.677226 -1.790337 0.051747 -0.144420 0.201431 -0.562165 0.637931 0.000000 -0.119157 -0.725948 0.480736 -1.226736
0.741379 0.048780 1.025027 -1.634985 0.078323 -0.131888 0.304879 -0.513384 0.742982 0.065702 0.862139 0.791651 0.493232 -1.034904
0.775861 0.073169 1.140961 -1.557315 0.087182 -0.125623 0.339361 -0.488996 0.779304 0.094028 -0.082835 -0.697622 0.497168 -0.964111
0.827584 0.097561 1.314857 -1.479633 0.100469 -0.119357 0.391084 -0.464604 0.833315 0.117345 0.916149 0.814967 0.517520 -0.871107
0.862067 0.146341 1.430790 -1.324282 0.109328 -0.106825 0.425567 -0.415824 0.874400 0.168153 -0.041750 -0.646814 0.515072 -0.773819
0.913792 0.219510 1.604695 -1.091260 0.122616 -0.088028 0.477292 -0.342655 0.939787 0.235752 0.981537 0.882565 0.524302 -0.622648
0.931032 0.268290 1.662658 -0.935908 0.127045 -0.075496 0.494532 -0.293874 0.968917 0.280563 -0.012620 -0.602002 0.522357 -0.536179
0.965515 0.317074 1.778591 -0.780544 0.135904 -0.062964 0.529015 -0.245090 1.016245 0.317303 1.028866 0.919305 0.542327 -0.433856
0.982757 0.414635 1.836562 -0.469840 0.140333 -0.037900 0.546257 -0.147530 1.066646 0.399251 0.037781 -0.520055 0.546695 -0.263780
1.000000 0.463416 1.894534 -0.314489 0.144763 -0.025369 0.563500 -0.098749 1.102159 0.433954 1.064378 0.954009 0.564142 -0.173481
1.000000 0.585365 1.894534 0.073885 0.144763 0.005960 0.563500 0.023200 1.158729 0.529589 0.094351 -0.424420 0.582832 0.041148
1.000000 0.634145 1.894534 0.229237 0.144763 0.018492 0.563500 0.071980 1.184120 0.565149 1.089769 0.989569 0.597156 0.127050
0.982757 0.707318 1.836562 0.462271 0.140333 0.037290 0.546257 0.145153 1.210830 0.623844 0.121061 -0.365725 0.609704 0.259721
0.931032 0.780486 1.662658 0.695293 0.127045 0.056087 0.494532 0.218322 1.214899 0.697664 1.093838 1.063389 0.602402 0.415739
0.913792 0.829267 1.604695 0.850645 0.122616 0.068618 0.477292 0.267102 1.233977 0.736944 0.140139 -0.326445 0.618121 0.510199
0.862067 0.878047 1.430790 1.005997 0.109328 0.081150 0.425567 0.315882 1.230498 0.794581 1.090359 1.121027 0.613246 0.638531
0.827584 0.902439 1.314857 1.083678 0.100469 0.087416 0.391084 0.340274 1.224456 0.828639 0.134096 -0.292387 0.608314 0.716037
0.793101 0.902439 1.198923 1.083678 0.091611 0.087416 0.356601 0.340274 1.201418 0.849795 1.067322 1.142182 0.586740 0.761974
0.741379 0.902439 1.025027 1.083678 0.078323 0.087416 0.304879 0.340274 1.167921 0.883066 0.100599 -0.259116 0.556821 0.840207
0.706896 0.878047 0.909094 1.005997 0.069465 0.081150 0.270396 0.315882 1.127239 0.892967 1.026641 1.152083 0.517762 0.862828
0.655171 0.853659 0.735189 0.928326 0.056176 0.074885 0.218671 0.291494 1.076096 0.916198 0.049455 -0.235885 0.470997 0.927185
0.637931 0.804878 0.677226 0.772975 0.051747 0.062353 0.201431 0.242714 1.027027 0.900596 0.977572 1.136481 0.419853 0.878082
0.620688 0.780486 0.619255 0.695293 0.047318 0.056087 0.184188 0.218322 0.997202 0.898954 0.019630 -0.237527 0.390194 0.869998
0.603448 0.707318 0.561293 0.462271 0.042889 0.037290 0.166948 0.145153 0.929757 0.864476 0.910127 1.102004 0.318141 0.715678
0.586205 0.682926 0.503321 0.384589 0.038459 0.031023 0.149705 0.120761 0.900013 0.861461 -0.010113 -0.240543 0.288335 0.678787
0.586205 0.585365 0.503321 0.073885 0.038459 0.005960 0.149705 0.023200 0.828425 0.784681 0.838539 1.025223 0.211122 0.153748
0.603448 0.536584 0.561293 -0.081467 0.042889 -0.006572 0.166948 -0.025580 0.807510 0.726815 -0.031029 -0.298409 0.194650 -0.152042
0.603448 0.487804 0.561293 -0.236818 0.042889 -0.019103 0.166948 -0.074361 0.775952 0.679819 0.806981 0.978227 0.174653 -0.419033
0.620688 0.439024 0.619255 -0.392170 0.047318 -0.031635 0.184188 -0.123141 0.760260 0.615620 -0.046721 -0.362607 0.184205 -0.589314
0.637931 0.414635 0.677226 -0.469840 0.051747 -0.037900 0.201431 -0.147530 0.760840 0.576353 0.807561 0.938960 0.202614 -0.632148
0.637931 0.390243 0.677226 -0.547522 0.051747 -0.044167 0.201431 -0.171922 0.747827 0.549002 -0.059734 -0.389958 0.206674 -0.706525
0.620688 0.341463 0.619255 -0.702874 0.047318 -0.056698 0.184188 -0.220702 0.708414 0.502948 0.768148 0.892906 0.207261 -0.875338
0.603448 0.341463 0.561293 -0.702874 0.042889 -0.056698 0.166948 -0.220702 0.693359 0.514933 -0.074790 -0.377973 0.192103 -0.923186
0.551723 0.317074 0.387388 -0.780544 0.029601 -0.062964 0.115223 -0.245090 0.636344 0.521608 0.711134 0.899581 0.165948 -1.131335
0.500000 0.317074 0.213492 -0.780544 0.016313 -0.062964 0.063500 -0.245090 0.592061 0.565151 -0.119073 -0.334430 0.135258 -1.317283
0.448275 0.317074 0.039587 -0.780544 0.003025 -0.062964 0.011775 -0.245090 0.549078 0.615623 0.668151 0.950053 0.120005 -1.522792
0.413792 0.317074 -0.076347 -0.780544 -0.005834 -0.062964 -0.022708 -0.245090 0.521306 0.653830 -0.146845 -0.296223 0.121565 1.478408
0.396549 0.341463 -0.134318 -0.702874 -0.010263 -0.056698 -0.039951 -0.220702 0.523305 0.710894 0.670150 1.007118 0.103093 1.391719
0.379309 0.341463 -0.192280 -0.702874 -0.014692 -0.056698 -0.057191 -0.220702 0.510365 0.732938 -0.159785 -0.274180 0.110918 1.317242
