0.153848 0.727270 -0.940084 0.549138 -0.071463 0.040567 -0.297605 0.168938 0.743365 1.362328 0.743365 1.362328 0.405763 -0.516298
0.153848 0.704545 -0.940084 0.475268 -0.071463 0.035110 -0.297605 0.146212 0.721147 1.355806 -0.022218 -0.006522 0.390672 -0.456660
0.153848 0.681816 -0.940084 0.401387 -0.071463 0.029652 -0.297605 0.123483 0.698958 1.348869 0.721176 1.355391 0.376345 -0.393304
0.169231 0.659090 -0.891490 0.327517 -0.067769 0.024195 -0.282222 0.100758 0.680470 1.319461 -0.040706 -0.035930 0.350375 -0.342911
0.200000 0.636361 -0.794296 0.253636 -0.060381 0.018737 -0.251453 0.078029 0.667050 1.266284 0.707756 1.302214 0.312121 -0.300890
0.215386 0.636361 -0.745695 0.253636 -0.056686 0.018737 -0.236067 0.078029 0.671824 1.244434 -0.035933 -0.057779 0.299864 -0.319231
0.230770 0.636361 -0.697102 0.253636 -0.052992 0.018737 -0.220684 0.078029 0.676912 1.222906 0.712845 1.280686 0.287910 -0.339858
0.246155 0.636361 -0.648501 0.253636 -0.049298 0.018737 -0.205298 0.078029 0.682311 1.201706 -0.030534 -0.078980 0.276294 -0.363213
0.276924 0.636361 -0.551307 0.253636 -0.041909 0.018737 -0.174529 0.078029 0.694005 1.160345 0.724539 1.239324 0.254266 -0.420425
0.292308 0.636361 -0.502713 0.253636 -0.038215 0.018737 -0.159146 0.078029 0.700285 1.140200 -0.024254 -0.099124 0.243964 -0.455856
0.307694 0.659090 -0.454112 0.327517 -0.034521 0.024195 -0.143760 0.100758 0.727376 1.134022 0.751629 1.233146 0.252547 -0.611313
0.323077 0.681816 -0.405519 0.401387 -0.030827 0.029652 -0.128376 0.123483 0.754488 1.128288 0.002858 -0.104857 0.263718 -0.765972
0.353846 0.727270 -0.308324 0.549138 -0.023438 0.040567 -0.097607 0.168938 0.808782 1.117975 0.805924 1.222832 0.292578 -1.046882
0.369232 0.749999 -0.259724 0.623019 -0.019744 0.046024 -0.082222 0.191667 0.835961 1.113320 0.030037 -0.109512 0.309661 -1.165557
0.369232 0.772728 -0.259724 0.696900 -0.019744 0.051482 -0.082222 0.214395 0.856412 1.125042 0.826375 1.234554 0.331629 -1.204591
0.384615 0.795454 -0.211130 0.770770 -0.016050 0.056939 -0.066838 0.237121 0.883558 1.120422 0.057184 -0.114132 0.350433 -1.296051
0.384615 0.840908 -0.211130 0.918521 -0.016050 0.067854 -0.066838 0.282575 0.924692 1.141821 0.867508 1.255954 0.395148 -1.338533
0.384615 0.863637 -0.211130 0.992403 -0.016050 0.073312 -0.066838 0.305304 0.945409 1.151821 0.077900 -0.104132 0.417567 -1.355273
0.384615 0.886362 -0.211130 1.066273 -0.016050 0.078769 -0.066838 0.328030 0.966213 1.161390 0.888312 1.265522 0.440015 -1.369791
0.369232 0.909091 -0.259724 1.140154 -0.019744 0.084227 -0.082222 0.350759 0.981213 1.184995 0.092901 -0.080527 0.464965 -1.340543
0.338463 0.954546 -0.356918 1.287905 -0.027132 0.095142 -0.112991 0.396213 1.012776 1.230047 0.919875 1.310574 0.515625 -1.292994
0.323077 0.977271 -0.405519 1.361775 -0.030827 0.100599 -0.128376 0.418938 1.029290 1.251516 0.109415 -0.059058 0.541262 -1.273449
0.292308 1.000000 -0.502713 1.435656 -0.038215 0.106056 -0.159146 0.441667 1.041846 1.286411 0.932431 1.345470 0.571166 -1.224950
0.261539 1.000000 -0.599907 1.435656 -0.045604 0.106056 -0.189915 0.441667 1.033636 1.314988 0.101204 -0.030482 0.580492 -1.164703
0.230770 1.000000 -0.697102 1.435656 -0.052992 0.106056 -0.220684 0.441667 1.026282 1.343997 0.925078 1.374479 0.591274 -1.107420
0.184617 1.000000 -0.842889 1.435656 -0.064075 0.106056 -0.266836 0.441667 1.016899 1.388235 0.091821 0.013755 0.610004 -1.027326
0.153848 1.000000 -0.940084 1.435656 -0.071463 0.106056 -0.297605 0.441667 1.011765 1.418145 0.919944 1.404390 0.624077 -0.977856
0.123079 0.977271 -1.037278 1.361775 -0.078852 0.100599 -0.328375 0.418938 0.984991 1.445515 0.065047 0.041125 0.619931 -0.905996
0.107693 0.954546 -1.085879 1.287905 -0.082546 0.095142 -0.343760 0.396213 0.960601 1.458450 0.895555 1.417325 0.609322 -0.856164
0.076924 0.931817 -1.183073 1.214024 -0.089935 0.089684 -0.374529 0.373484 0.934986 1.488430 0.039432 0.071105 0.609115 -0.784001
0.046155 0.886362 -1.280268 1.066273 -0.097323 0.078769 -0.405299 0.328030 0.887563 1.518771 0.848131 1.447666 0.594485 -0.680418
0.030769 0.840908 -1.328868 0.918521 -0.101018 0.067854 -0.420684 0.282575 0.841471 1.534222 -0.006661 0.086556 0.573280 -0.591482
0.015386 0.795454 -1.377462 0.770770 -0.104712 0.056939 -0.436068 0.237121 0.795602 1.551457 0.802263 1.464900 0.555420 -0.498048
0.000000 0.727270 -1.426063 0.549138 -0.108406 0.040567 -0.451453 0.168938 0.727270 1.570796 -0.074993 0.105896 0.529042 -0.358076
0.000000 0.681816 -1.426063 0.401387 -0.108406 0.029652 -0.451453 0.123483 0.681816 1.570796 0.756809 1.464900 0.506830 -0.266993
0.000000 0.568182 -1.426063 0.032014 -0.108406 0.002365 -0.451453 0.009849 0.568182 1.570796 -0.188627 0.105896 0.466300 -0.021813
0.000000 0.522727 -1.426063 -0.115737 -0.108406 -0.008550 -0.451453 -0.035605 0.522727 1.570796 0.711354 1.464900 0.457045 0.078706
0.000000 0.409090 -1.426063 -0.485120 -0.108406 -0.035837 -0.451453 -0.149243 0.409090 1.570796 -0.302265 0.105896 0.453437 0.319274
0.015386 0.363635 -1.377462 -0.632871 -0.104712 -0.046752 -0.436068 -0.194698 0.363960 1.528511 0.666225 1.422615 0.444822 0.419927
0.046155 0.295455 -1.280268 -0.854493 -0.097323 -0.063124 -0.405299 -0.262877 0.299039 1.415833 -0.367187 -0.006782 0.434284 0.575392
0.061538 0.250001 -1.231674 -1.002244 -0.093629 -0.074039 -0.389915 -0.308332 0.257463 1.329442 0.624650 1.336224 0.438881 0.669085
0.092307 0.204546 -1.134480 -1.149995 -0.086241 -0.084954 -0.359146 -0.353786 0.224410 1.146880 -0.400240 -0.189345 0.435831 0.777880
0.138462 0.136363 -0.988685 -1.371627 -0.075158 -0.101326 -0.312991 -0.421969 0.194337 0.777761 0.594577 0.967105 0.444123 0.932603
0.169231 0.090909 -0.891490 -1.519378 -0.067769 -0.112241 -0.282222 -0.467424 0.192103 0.492952 -0.402473 -0.474153 0.457866 1.027601
0.246155 0.045454 -0.648501 -1.667130 -0.049298 -0.123156 -0.205298 -0.512878 0.250317 0.182600 0.652790 0.656753 0.454953 1.190043
0.292308 0.022725 -0.502713 -1.741011 -0.038215 -0.128614 -0.159146 -0.535607 0.293190 0.077589 -0.359600 -0.579164 0.457313 1.281974
0.338463 0.022725 -0.356918 -1.741011 -0.027132 -0.128614 -0.112991 -0.535607 0.339225 0.067043 0.698825 0.646207 0.443367 1.362887
0.384615 0.000000 -0.211130 -1.814881 -0.016050 -0.134071 -0.066838 -0.558333 0.384615 0.000000 -0.314210 -0.646207 0.456374 1.451653
0.476923 0.000000 0.080453 -1.814881 0.006116 -0.134071 0.025469 -0.558333 0.476923 0.000000 0.791132 0.646207 0.452171 -1.525211
0.553847 0.000000 0.323442 -1.814881 0.024587 -0.134071 0.102393 -0.558333 0.553847 0.000000 -0.237286 -0.646207 0.462920 -1.389421
0.600001 0.000000 0.469237 -1.814881 0.035670 -0.134071 0.148548 -0.558333 0.600001 0.000000 0.837287 0.646207 0.475265 -1.310764
0.646154 0.022725 0.615025 -1.741011 0.046753 -0.128614 0.194701 -0.535607 0.646553 0.035156 -0.190734 -0.611051 0.470867 -1.222134
0.723078 0.045454 0.858015 -1.667130 0.065224 -0.123156 0.271625 -0.512878 0.724505 0.062780 0.915239 0.673831 0.488482 -1.083744
0.753847 0.068183 0.955209 -1.593248 0.072613 -0.117698 0.302394 -0.490149 0.756924 0.090202 -0.158315 -0.583629 0.488199 -1.018013
0.800000 0.090909 1.100997 -1.519378 0.083695 -0.112241 0.348546 -0.467424 0.805148 0.113151 0.963463 0.696780 0.501475 -0.930069
0.861538 0.136363 1.295385 -1.371627 0.098472 -0.101326 0.410084 -0.421969 0.872263 0.156977 -0.091200 -0.539803 0.517157 -0.799681
0.892307 0.159092 1.392580 -1.297746 0.105861 -0.095869 0.440854 -0.399241 0.906378 0.176439 0.997579 0.716242 0.528987 -0.735905
0.953845 0.227272 1.586968 -1.076125 0.120638 -0.079497 0.502392 -0.331061 0.980547 0.233908 -0.017031 -0.482334 0.550141 -0.582655
0.969231 0.272726 1.635569 -0.928374 0.124332 -0.068582 0.517778 -0.285606 1.006870 0.274292 1.023902 0.756626 0.547756 -0.504071
1.000000 0.386364 1.732763 -0.558990 0.131721 -0.041294 0.548547 -0.171969 1.072043 0.368696 0.048142 -0.387930 0.552395 -0.303794
1.000000 0.431818 1.732763 -0.411239 0.131721 -0.030380 0.548547 -0.126514 1.089251 0.407632 1.041109 0.795562 0.548898 -0.226672
1.000000 0.568182 1.732763 0.032014 0.131721 0.002365 0.548547 0.009849 1.150144 0.516695 0.109035 -0.278867 0.560829 0.017953
1.000000 0.681816 1.732763 0.401387 0.131721 0.029652 0.548547 0.123483 1.210319 0.598417 1.101285 0.877284 0.594954 0.221419
0.984614 0.727270 1.684163 0.549138 0.128026 0.040567 0.533161 0.168938 1.224086 0.636188 0.122801 -0.241096 0.600280 0.306852
0.953845 0.795454 1.586968 0.770770 0.120638 0.056939 0.502392 0.237121 1.242001 0.695099 1.119200 0.936195 0.608879 0.440985
0.923076 0.840908 1.489774 0.918521 0.113249 0.067854 0.471623 0.282575 1.248677 0.738851 0.129478 -0.197344 0.611639 0.539798
0.876924 0.886362 1.343986 1.066273 0.102167 0.078769 0.425470 0.328030 1.246849 0.790751 1.117371 0.988095 0.608416 0.656795
0.830769 0.909091 1.198191 1.140154 0.091084 0.084227 0.379315 0.350759 1.231513 0.830384 0.114141 -0.157711 0.594401 0.746303
0.800000 0.909091 1.100997 1.140154 0.083695 0.084227 0.348546 0.350759 1.210969 0.849142 1.096828 1.006853 0.575254 0.788562
0.753847 0.931817 0.955209 1.214024 0.072613 0.089684 0.302394 0.373484 1.198569 0.890587 0.101741 -0.116266 0.567619 0.890195
0.738461 0.909091 0.906608 1.140154 0.068918 0.084227 0.287008 0.350759 1.171227 0.888596 1.069485 1.004862 0.540191 0.885026
0.707692 0.886362 0.809414 1.066273 0.061530 0.078769 0.256239 0.328030 1.134225 0.897018 0.064740 -0.107844 0.504781 0.907658
0.692309 0.863637 0.760820 0.992403 0.057836 0.073312 0.240855 0.305304 1.106869 0.895068 1.042130 1.002913 0.477396 0.902859
0.676923 0.795454 0.712219 0.770770 0.054141 0.056939 0.225470 0.237121 1.044496 0.865728 0.002366 -0.137185 0.411306 0.810580
0.676923 0.749999 0.712219 0.623019 0.054141 0.046024 0.225470 0.191667 1.010309 0.836566 1.007943 0.973751 0.374121 0.704539
0.676923 0.659090 0.712219 0.327517 0.054141 0.024195 0.225470 0.100758 0.944788 0.772051 -0.063155 -0.201699 0.306512 0.420256
0.676923 0.613636 0.712219 0.179766 0.054141 0.013280 0.225470 0.055303 0.913660 0.736399 0.976814 0.938098 0.277740 0.240532
0.692309 0.522727 0.760820 -0.115737 0.057836 -0.008550 0.240855 -0.035605 0.867488 0.646725 -0.109326 -0.291373 0.251180 -0.146766
0.707692 0.454544 0.809414 -0.337369 0.061530 -0.024923 0.256239 -0.103789 0.841094 0.570936 0.950420 0.862310 0.256257 -0.384850
0.707692 0.409090 0.809414 -0.485120 0.061530 -0.035837 0.256239 -0.149243 0.817424 0.524132 -0.132996 -0.338178 0.259717 -0.527406
0.707692 0.363635 0.809414 -0.632871 0.061530 -0.046752 0.256239 -0.194698 0.795650 0.474652 0.928646 0.812830 0.270870 -0.649762
0.707692 0.340910 0.809414 -0.706741 0.061530 -0.052209 0.256239 -0.217423 0.785524 0.448917 -0.143122 -0.363913 0.279067 -0.703632
0.692309 0.318181 0.760820 -0.780623 0.057836 -0.057667 0.240855 -0.240152 0.761925 0.430803 0.905047 0.794716 0.275269 -0.783936
0.646154 0.295455 0.615025 -0.854493 0.046753 -0.063124 0.194701 -0.262877 0.710499 0.428868 -0.194548 -0.365848 0.249487 -0.933305
0.615385 0.295455 0.517831 -0.854493 0.039364 -0.063124 0.163931 -0.262877 0.682636 0.447613 0.877185 0.813461 0.226294 -1.013201
0.553847 0.295455 0.323442 -0.854493 0.024587 -0.063124 0.102393 -0.262877 0.627726 0.490056 -0.249459 -0.323405 0.186601 -1.199366
0.492308 0.295455 0.129054 -0.854493 0.009810 -0.063124 0.040855 -0.262877 0.574161 0.540524 0.823620 0.863929 0.161259 -1.416615
0.430770 0.318181 -0.065335 -0.780623 -0.004967 -0.057667 -0.020683 -0.240152 0.535539 0.636186 -0.288081 -0.227743 0.134868 1.484882
0.400001 0.318181 -0.162529 -0.780623 -0.012355 -0.057667 -0.051452 -0.240152 0.511116 0.671960 0.799197 0.899703 0.142860 1.359738
0.384615 0.318181 -0.211130 -0.780623 -0.016050 -0.057667 -0.066838 -0.240152 0.499167 0.691149 -0.300030 -0.208554 0.149094 1.299350
