0.194446 0.791665 -0.988474 0.662718 -0.088812 0.063458 -0.278717 0.199150 0.815195 1.329948 0.815195 1.329948 0.423234 -0.620407
0.222221 0.791665 -0.889968 0.662718 -0.079961 0.063458 -0.250942 0.199150 0.822262 1.297137 0.007068 -0.032810 0.405481 -0.670833
0.250001 0.791665 -0.791446 0.662718 -0.071109 0.063458 -0.223162 0.199150 0.830201 1.264916 0.823133 1.297726 0.388902 -0.728601
0.305556 0.791665 -0.594419 0.662718 -0.053407 0.063458 -0.167606 0.199150 0.848586 1.202446 0.025453 -0.095280 0.359910 -0.871194
0.333332 0.791665 -0.495912 0.662718 -0.044556 0.063458 -0.139831 0.199150 0.858978 1.172275 0.833526 1.267555 0.347845 -0.958636
0.361112 0.791665 -0.397391 0.662718 -0.035704 0.063458 -0.112051 0.199150 0.870135 1.142846 0.036609 -0.124708 0.337637 -1.058295
0.388887 0.833334 -0.298884 0.801383 -0.026854 0.076736 -0.084276 0.240819 0.919608 1.134171 0.882999 1.258880 0.369900 -1.234163
0.416667 0.833334 -0.200363 0.801383 -0.018002 0.076736 -0.056496 0.240819 0.931696 1.107149 0.048697 -0.151731 0.364576 -1.340365
0.444443 0.916667 -0.101857 1.078693 -0.009152 0.103289 -0.028720 0.324152 1.018729 1.119345 0.970031 1.271076 0.444433 -1.482426
0.444443 0.958330 -0.101857 1.217337 -0.009152 0.116565 -0.028720 0.365816 1.056374 1.136552 0.086343 -0.134523 0.486017 -1.492447
0.416667 0.958330 -0.200363 1.217337 -0.018002 0.116565 -0.056496 0.365816 1.044992 1.160668 0.958649 1.295191 0.488446 -1.417569
0.388887 1.000000 -0.298884 1.356003 -0.026854 0.129843 -0.084276 0.407485 1.072955 1.199906 0.114306 -0.095285 0.533535 -1.366853
0.361112 1.000000 -0.397391 1.356003 -0.035704 0.129843 -0.112051 0.407485 1.063203 1.224257 0.948897 1.319541 0.538621 -1.302447
0.305556 1.000000 -0.594419 1.356003 -0.053407 0.129843 -0.167606 0.407485 1.045641 1.274250 0.096743 -0.045292 0.552856 -1.180570
0.277777 1.000000 -0.692940 1.356003 -0.062259 0.129843 -0.195386 0.407485 1.037863 1.299851 0.941120 1.345142 0.561901 -1.123689
0.222221 1.000000 -0.889968 1.356003 -0.079961 0.129843 -0.250942 0.407485 1.024394 1.352128 0.083274 0.006986 0.583549 -1.018818
0.138890 0.916667 -1.185502 1.078693 -0.106514 0.103289 -0.334272 0.324152 0.927130 1.420423 0.843856 1.413437 0.555369 -0.770029
0.111111 0.874998 -1.284023 0.940028 -0.115366 0.090012 -0.362052 0.282483 0.882024 1.444488 0.038168 0.031051 0.540882 -0.662567
0.055555 0.791665 -1.481051 0.662718 -0.133068 0.063458 -0.417607 0.199150 0.793612 1.500736 0.755443 1.469685 0.525204 -0.444984
0.027776 0.750002 -1.579572 0.524074 -0.141920 0.050182 -0.445387 0.157487 0.750516 1.533779 -0.004928 0.064094 0.524413 -0.339874
0.000000 0.666669 -1.678079 0.246764 -0.150771 0.023629 -0.473163 0.074154 0.666669 1.570796 0.671596 1.506702 0.511202 -0.155455
0.000000 0.583336 -1.678079 -0.030545 -0.150771 -0.002925 -0.473163 -0.009179 0.583336 1.570796 -0.088261 0.064094 0.485820 0.019397
0.000000 0.500003 -1.678079 -0.307855 -0.150771 -0.029478 -0.473163 -0.092512 0.500003 1.570796 0.588264 1.506702 0.473923 0.193082
0.027776 0.416670 -1.579572 -0.585164 -0.141920 -0.056032 -0.445387 -0.175845 0.417595 1.504234 -0.170669 -0.002468 0.448956 0.376027
0.083331 0.333331 -1.382545 -0.862495 -0.124218 -0.082587 -0.389832 -0.259184 0.343590 1.325823 0.514258 1.328291 0.414152 0.586751
0.166666 0.249998 -1.086995 -1.139804 -0.097664 -0.109141 -0.306497 -0.342517 0.300461 0.982793 -0.213797 -0.345498 0.379134 0.840840
0.250001 0.166666 -0.791446 -1.417114 -0.071109 -0.135695 -0.223162 -0.425849 0.300463 0.587998 0.514260 0.933496 0.379133 1.088103
0.444443 0.041670 -0.101857 -1.833068 -0.009152 -0.175524 -0.028720 -0.550845 0.446392 0.093484 -0.067868 -0.840012 0.432448 1.518705
0.527778 0.041670 0.193692 -1.833068 0.017403 -0.175524 0.054615 -0.550845 0.529420 0.078789 0.597288 0.918802 0.434936 -1.471972
0.611109 0.000000 0.489227 -1.971733 0.043956 -0.188802 0.137946 -0.592515 0.611109 0.000000 0.013820 -0.918802 0.492861 -1.342057
0.694444 0.000000 0.784776 -1.971733 0.070510 -0.188802 0.221281 -0.592515 0.694444 0.000000 0.680624 0.918802 0.522349 -1.213376
0.777775 0.041670 1.080310 -1.833068 0.097063 -0.175524 0.304612 -0.550845 0.778890 0.053524 0.098266 -0.865278 0.528181 -1.065661
0.888885 0.208335 1.474365 -1.278449 0.132468 -0.122417 0.415722 -0.384180 0.912973 0.230222 0.814707 1.095500 0.492908 -0.745986
0.944440 0.291668 1.671393 -1.001139 0.150170 -0.095863 0.471278 -0.300847 0.988452 0.299534 0.173745 -0.795966 0.505018 -0.568152
1.000000 0.416670 1.868436 -0.585164 0.167874 -0.056032 0.526837 -0.175845 1.083335 0.394794 0.909589 1.190760 0.529857 -0.322147
1.000000 0.500003 1.868436 -0.307855 0.167874 -0.029478 0.526837 -0.092512 1.118035 0.463650 0.208446 -0.727110 0.527520 -0.173826
1.000000 0.541666 1.868436 -0.169210 0.167874 -0.016203 0.526837 -0.050849 1.137279 0.496423 0.928832 1.223532 0.531272 -0.096219
0.972220 0.666669 1.769914 0.246764 0.159022 0.023629 0.499057 0.074154 1.178838 0.601076 0.250006 -0.622456 0.535260 0.147509
0.944440 0.708332 1.671393 0.385409 0.150170 0.036904 0.471278 0.115817 1.180552 0.643502 0.930546 1.265958 0.526695 0.240976
0.916665 0.750002 1.572887 0.524074 0.141319 0.050182 0.443502 0.157487 1.184389 0.685731 0.253843 -0.580227 0.522813 0.341209
0.888885 0.791665 1.474365 0.662718 0.132468 0.063458 0.415722 0.199150 1.190315 0.727612 0.936472 1.307839 0.523707 0.446744
0.833330 0.791665 1.277337 0.662718 0.114765 0.063458 0.360167 0.199150 1.149422 0.759764 0.212950 -0.548075 0.480795 0.505096
0.749999 0.791665 0.981803 0.662718 0.088212 0.063458 0.276836 0.199150 1.090519 0.812418 0.877569 1.360494 0.421997 0.623613
0.694444 0.750002 0.784776 0.524074 0.070510 0.050182 0.221281 0.157487 1.022132 0.823842 0.144563 -0.536651 0.354408 0.618539
0.638888 0.666669 0.587748 0.246764 0.052808 0.023629 0.165725 0.074154 0.923377 0.806674 0.778814 1.343325 0.254773 0.420731
0.638888 0.624999 0.587748 0.108099 0.052808 0.010351 0.165725 0.032484 0.893757 0.774409 0.114944 -0.568915 0.224765 0.193559
0.611109 0.583336 0.489227 -0.030545 0.043956 -0.002925 0.137946 -0.009179 0.844828 0.762151 0.729884 1.331066 0.176542 -0.066443
0.611109 0.541666 0.489227 -0.169210 0.043956 -0.016203 0.137946 -0.050849 0.816613 0.725232 0.086728 -0.605835 0.154019 -0.353159
0.666664 0.500003 0.686254 -0.307855 0.061658 -0.029478 0.193501 -0.092512 0.833333 0.643506 0.746605 1.249341 0.195354 -0.445970
0.666664 0.458334 0.686254 -0.446520 0.061658 -0.042756 0.193501 -0.134181 0.809018 0.602290 0.062413 -0.647051 0.194068 -0.606310
0.694444 0.416670 0.784776 -0.585164 0.070510 -0.056032 0.221281 -0.175845 0.809856 0.540424 0.747442 1.187475 0.228378 -0.671481
0.666664 0.416670 0.686254 -0.585164 0.061658 -0.056032 0.193501 -0.175845 0.786165 0.558605 0.038722 -0.628870 0.201579 -0.737630
0.638888 0.416670 0.587748 -0.585164 0.052808 -0.056032 0.165725 -0.175845 0.762753 0.577906 0.724031 1.206776 0.175090 -0.815015
0.583333 0.416670 0.390720 -0.585164 0.035105 -0.056032 0.110170 -0.175845 0.716862 0.620254 -0.007169 -0.586522 0.123810 -1.011105
0.499998 0.416670 0.095171 -0.585164 0.008551 -0.056032 0.026835 -0.175845 0.650855 0.694745 0.658023 1.281267 0.062542 -1.419358
0.333332 0.416670 -0.495912 -0.585164 -0.044556 -0.056032 -0.139831 -0.175845 0.533596 0.896062 -0.124428 -0.385205 0.150811 0.898992
0.250001 0.416670 -0.791446 -0.585164 -0.071109 -0.056032 -0.223162 -0.175845 0.485916 1.030379 0.610344 1.415584 0.230201 0.667362
0.194446 0.416670 -0.988474 -0.585164 -0.088812 -0.056032 -0.278717 -0.175845 0.459808 1.134170 -0.150536 -0.281414 0.284385 0.562836
0.138890 0.416670 -1.185502 -0.585164 -0.106514 -0.056032 -0.334272 -0.175845 0.439209 1.249045 0.589745 1.530459 0.339012 0.484271
