0.175001 0.615385 -1.001007 0.233623 -0.070798 0.018260 -0.280218 0.072273 0.639784 1.293733 0.639784 1.293733 0.322762 -0.252415
0.225001 0.615385 -0.822396 0.233623 -0.058165 0.018260 -0.230218 0.072273 0.655228 1.220269 0.015444 -0.073465 0.280452 -0.304189
0.249999 0.615385 -0.733097 0.233623 -0.051849 0.018260 -0.205220 0.072273 0.664227 1.184915 0.648783 1.258380 0.260323 -0.338608
0.275001 0.576926 -0.643784 0.109305 -0.045533 0.008543 -0.180218 0.033814 0.639116 1.125990 -0.009667 -0.132390 0.217465 -0.185472
0.325001 0.576926 -0.465173 0.109305 -0.032900 0.008543 -0.130219 0.033814 0.662170 1.057775 0.671837 1.190165 0.178240 -0.254061
0.349999 0.615385 -0.375874 0.233623 -0.026584 0.018260 -0.105221 0.072273 0.707953 1.053673 0.036116 -0.136492 0.191636 -0.601859
0.375000 0.653849 -0.286561 0.357960 -0.020267 0.027978 -0.080219 0.110737 0.753753 1.050069 0.717638 1.186561 0.214217 -0.943877
0.399998 0.692308 -0.197262 0.482279 -0.013952 0.037695 -0.055221 0.149196 0.799555 1.046879 0.081918 -0.139683 0.243434 -1.216308
0.399998 0.730772 -0.197262 0.606616 -0.013952 0.047413 -0.055221 0.187660 0.833083 1.069979 0.751165 1.209662 0.281031 -1.284614
0.399998 0.769231 -0.197262 0.730934 -0.013952 0.057129 -0.055221 0.226119 0.867015 1.091279 0.115850 -0.118383 0.318830 -1.331273
0.399998 0.807695 -0.197262 0.855271 -0.013952 0.066847 -0.055221 0.264583 0.901316 1.110968 0.785466 1.229352 0.356775 -1.365041
0.399998 0.846154 -0.197262 0.979589 -0.013952 0.076564 -0.055221 0.303042 0.935935 1.129205 0.150469 -0.100146 0.394815 -1.390552
0.375000 0.884618 -0.286561 1.103926 -0.020267 0.086282 -0.080219 0.341507 0.960820 1.169847 0.810351 1.269994 0.436828 -1.340082
0.349999 0.923077 -0.375874 1.228244 -0.026584 0.095999 -0.105221 0.379965 0.987203 1.208379 0.176853 -0.061615 0.479544 -1.300644
0.325001 0.961541 -0.465173 1.352581 -0.032900 0.105717 -0.130219 0.418430 1.014981 1.244852 0.838129 1.306467 0.522799 -1.269089
0.299999 1.000000 -0.554485 1.476900 -0.039217 0.115434 -0.155220 0.456888 1.044030 1.279341 0.205902 -0.027126 0.566462 -1.243296
0.275001 1.000000 -0.643784 1.476900 -0.045533 0.115434 -0.180218 0.456888 1.037124 1.302429 0.831222 1.329555 0.573816 -1.195086
0.249999 1.000000 -0.733097 1.476900 -0.051849 0.115434 -0.205220 0.456888 1.030776 1.325819 0.199554 -0.003737 0.582152 -1.148633
0.225001 1.000000 -0.822396 1.476900 -0.058165 0.115434 -0.230218 0.456888 1.025000 1.349481 0.825446 1.353218 0.591427 -1.104047
0.199999 1.000000 -0.911708 1.476900 -0.064482 0.115434 -0.255220 0.456888 1.019804 1.373401 0.194358 0.020184 0.601601 -1.061371
0.175001 1.000000 -1.001007 1.476900 -0.070798 0.115434 -0.280218 0.456888 1.015197 1.397549 0.820840 1.377366 0.612624 -1.020641
0.149999 0.961541 -1.090320 1.352581 -0.077114 0.105717 -0.305220 0.418430 0.973171 1.416045 0.152331 0.038679 0.591203 -0.940583
0.125001 0.923077 -1.179619 1.228244 -0.083430 0.095999 -0.330218 0.379965 0.931502 1.436197 0.779171 1.397518 0.572656 -0.855332
0.100000 0.884618 -1.268931 1.103926 -0.089747 0.086282 -0.355220 0.341507 0.890252 1.458231 0.111082 0.060714 0.557283 -0.765718
0.075002 0.846154 -1.358230 0.979589 -0.096063 0.076564 -0.380218 0.303042 0.849471 1.482389 0.738390 1.421676 0.545340 -0.672923
0.050000 0.846154 -1.447543 0.979589 -0.102379 0.076564 -0.405220 0.303042 0.847630 1.511774 0.109240 0.090099 0.563057 -0.642122
0.025002 0.730772 -1.536842 0.606616 -0.108695 0.047413 -0.430218 0.187660 0.731200 1.536597 0.621960 1.446498 0.510898 -0.411318
0.025002 0.692308 -1.536842 0.482279 -0.108695 0.037695 -0.430218 0.149196 0.692759 1.534698 0.070799 0.088200 0.491221 -0.333814
0.000000 0.653849 -1.626154 0.357960 -0.115012 0.027978 -0.455219 0.110737 0.653849 1.570796 0.583050 1.482596 0.496667 -0.238626
0.000000 0.615385 -1.626154 0.233623 -0.115012 0.018260 -0.455219 0.072273 0.615385 1.570796 0.032335 0.088200 0.482574 -0.157451
0.000000 0.576926 -1.626154 0.109305 -0.115012 0.008543 -0.455219 0.033814 0.576926 1.570796 0.544591 1.482596 0.471208 -0.074145
0.000000 0.538462 -1.626154 -0.015032 -0.115012 -0.001175 -0.455219 -0.004650 0.538462 1.570796 -0.006130 0.088200 0.462768 0.010215
0.000000 0.500003 -1.626154 -0.139350 -0.115012 -0.010892 -0.455219 -0.043109 0.500003 1.570796 0.506132 1.482596 0.457417 0.094418
0.000000 0.461538 -1.626154 -0.263687 -0.115012 -0.020610 -0.455219 -0.081573 0.461538 1.570796 -0.044594 0.088200 0.455263 0.177314
0.000000 0.423080 -1.626154 -0.388006 -0.115012 -0.030326 -0.455219 -0.120032 0.423080 1.570796 0.467674 1.482596 0.456352 0.257811
0.025002 0.346157 -1.536842 -0.636661 -0.108695 -0.049761 -0.430218 -0.196955 0.347058 1.498695 -0.120615 0.016099 0.443826 0.429324
0.050000 0.307692 -1.447543 -0.760998 -0.102379 -0.059479 -0.405220 -0.235419 0.311728 1.409705 0.432344 1.393606 0.431239 0.526308
0.100000 0.230769 -1.268931 -1.009653 -0.089747 -0.078914 -0.355220 -0.312343 0.251504 1.161890 -0.180839 -0.231717 0.420189 0.721257
0.125001 0.192311 -1.179619 -1.133971 -0.083430 -0.088631 -0.330218 -0.350801 0.229366 0.994423 0.410205 1.226139 0.422096 0.815613
0.175001 0.153846 -1.001007 -1.258308 -0.070798 -0.098349 -0.280218 -0.389266 0.233011 0.721156 -0.177195 -0.504984 0.411519 0.946863
0.199999 0.115382 -0.911708 -1.382645 -0.064482 -0.108067 -0.255220 -0.427730 0.230895 0.523269 0.408090 1.028253 0.425002 1.032818
0.249999 0.076923 -0.733097 -1.506964 -0.051849 -0.117783 -0.205220 -0.466189 0.261566 0.298500 -0.146524 -0.729753 0.430376 1.156115
0.299999 0.038459 -0.554485 -1.631301 -0.039217 -0.127501 -0.155220 -0.504653 0.302454 0.127501 0.448978 0.857253 0.444728 1.272401
0.399998 0.000000 -0.197262 -1.755619 -0.013952 -0.137218 -0.055221 -0.543112 0.399998 0.000000 -0.048979 -0.857253 0.458556 1.469470
0.449998 0.000000 -0.018651 -1.755619 -0.001319 -0.137218 -0.005221 -0.543112 0.449998 0.000000 0.498978 0.857253 0.455249 1.561183
0.499998 0.000000 0.159961 -1.755619 0.011313 -0.137218 0.044779 -0.543112 0.499998 0.000000 0.001020 -0.857253 0.457416 -1.488534
0.575000 0.000000 0.427885 -1.755619 0.030263 -0.137218 0.119780 -0.543112 0.575000 0.000000 0.573979 0.857253 0.470714 -1.353727
0.625000 0.000000 0.606496 -1.755619 0.042895 -0.137218 0.169780 -0.543112 0.625000 0.000000 0.051020 -0.857253 0.485850 -1.267815
0.674999 0.038459 0.785108 -1.631301 0.055528 -0.127501 0.219780 -0.504653 0.676094 0.056914 0.625074 0.914168 0.471161 -1.160060
0.724999 0.076923 0.963719 -1.506964 0.068160 -0.117783 0.269780 -0.466189 0.729069 0.105705 0.103995 -0.808462 0.464639 -1.046192
0.824999 0.115382 1.320942 -1.382645 0.093425 -0.108067 0.369779 -0.427730 0.833028 0.138956 0.729033 0.947418 0.502222 -0.857935
0.850001 0.153846 1.410255 -1.258308 0.099742 -0.098349 0.394781 -0.389266 0.863811 0.179057 0.134778 -0.768361 0.496667 -0.778363
0.900000 0.230769 1.588866 -1.009653 0.112375 -0.078914 0.444781 -0.312343 0.929115 0.251003 0.794338 1.019363 0.498205 -0.612227
0.950000 0.307692 1.767478 -0.760998 0.125007 -0.059479 0.494781 -0.235419 0.998586 0.313225 0.204249 -0.706139 0.516306 -0.444105
0.950000 0.346157 1.767478 -0.636661 0.125007 -0.049761 0.494781 -0.196955 1.011101 0.349424 0.806852 1.055562 0.506658 -0.378837
0.974998 0.423080 1.856777 -0.388006 0.131323 -0.030326 0.519779 -0.120032 1.062835 0.409409 0.255983 -0.646153 0.520772 -0.226950
0.974998 0.461538 1.856777 -0.263687 0.131323 -0.020610 0.519779 -0.081573 1.078721 0.442121 0.822738 1.088274 0.519817 -0.155669
1.000000 0.538462 1.946089 -0.015032 0.137640 -0.001175 0.544781 -0.004650 1.135756 0.493941 0.313017 -0.594332 0.551104 -0.008536
1.000000 0.576926 1.946089 0.109305 0.137640 0.008543 0.544781 0.033814 1.154488 0.523281 0.841471 1.117613 0.558210 0.061990
1.000000 0.615385 1.946089 0.233623 0.137640 0.018260 0.544781 0.072273 1.174180 0.551655 0.332709 -0.565958 0.567837 0.131894
0.974998 0.653849 1.856777 0.357960 0.131323 0.027978 0.519779 0.110737 1.173942 0.590732 0.841233 1.156690 0.556439 0.209909
0.974998 0.730772 1.856777 0.606616 0.131323 0.047413 0.519779 0.187660 1.218462 0.643188 0.377229 -0.513501 0.588302 0.346475
0.950000 0.730772 1.767478 0.606616 0.125007 0.047413 0.494781 0.187660 1.198553 0.655697 0.821324 1.169199 0.566337 0.362517
0.924998 0.769231 1.678165 0.730934 0.118691 0.057129 0.469779 0.226119 1.203054 0.693716 0.381730 -0.475483 0.565062 0.448601
0.874999 0.769231 1.499554 0.730934 0.106058 0.057129 0.419779 0.226119 1.165049 0.721160 0.783319 1.196643 0.524231 0.494096
0.850001 0.769231 1.410255 0.730934 0.099742 0.057129 0.394781 0.226119 1.146393 0.735558 0.363074 -0.461085 0.504436 0.520157
0.824999 0.769231 1.320942 0.730934 0.093425 0.057129 0.369779 0.226119 1.127980 0.750431 0.764906 1.211516 0.485119 0.548830
0.774999 0.769231 1.142331 0.730934 0.080793 0.057129 0.319780 0.226119 1.091943 0.781663 0.327037 -0.429853 0.448177 0.615481
0.750001 0.769231 1.053032 0.730934 0.074477 0.057129 0.294782 0.226119 1.074345 0.798055 0.747308 1.227909 0.430696 0.654339
0.724999 0.769231 0.963719 0.730934 0.068160 0.057129 0.269780 0.226119 1.057043 0.814991 0.309735 -0.412917 0.413986 0.697581
0.699997 0.730772 0.874407 0.606616 0.061844 0.047413 0.244778 0.187660 1.011941 0.806904 0.702206 1.219821 0.368572 0.654075
0.674999 0.692308 0.785108 0.482279 0.055528 0.037695 0.219780 0.149196 0.966910 0.798056 0.264703 -0.421765 0.323286 0.596384
0.674999 0.615385 0.785108 0.233623 0.055528 0.018260 0.219780 0.072273 0.913412 0.739232 0.648709 1.160997 0.271949 0.317703
0.649998 0.576926 0.695795 0.109305 0.049211 0.008543 0.194778 0.033814 0.869103 0.725912 0.220394 -0.435085 0.229676 0.171890
0.649998 0.538462 0.695795 -0.015032 0.049211 -0.001175 0.194778 -0.004650 0.844060 0.691823 0.623666 1.126908 0.211820 -0.023870
0.649998 0.500003 0.695795 -0.139350 0.049211 -0.010892 0.194778 -0.043109 0.820061 0.655700 0.196395 -0.471208 0.199860 -0.217812
0.649998 0.461538 0.695795 -0.263687 0.049211 -0.020610 0.194778 -0.081573 0.797192 0.617447 0.600797 1.088655 0.194881 -0.396608
0.625000 0.461538 0.606496 -0.263687 0.042895 -0.020610 0.169780 -0.081573 0.776944 0.636076 0.176147 -0.452579 0.169898 -0.447897
0.625000 0.423080 0.606496 -0.388006 0.042895 -0.030326 0.169780 -0.120032 0.754732 0.595073 0.578585 1.047652 0.172795 -0.615398
0.599998 0.423080 0.517184 -0.388006 0.036579 -0.030326 0.144778 -0.120032 0.734162 0.614164 0.155577 -0.433488 0.148303 -0.692219
0.549998 0.423080 0.338572 -0.388006 0.023946 -0.030326 0.094779 -0.120032 0.693898 0.655701 0.538321 1.089189 0.100080 -0.902422
0.525000 0.423080 0.249273 -0.388006 0.017630 -0.030326 0.069781 -0.120032 0.674256 0.678308 0.135935 -0.410881 0.076826 -1.044203
0.499998 0.423080 0.159961 -0.388006 0.011313 -0.030326 0.044779 -0.120032 0.654977 0.702262 0.519042 1.113143 0.055119 -1.213730
0.475000 0.423080 0.070662 -0.388006 0.004998 -0.030326 0.019781 -0.120032 0.636099 0.727650 0.117057 -0.385493 0.037739 -1.407468
0.449998 0.423080 -0.018651 -0.388006 -0.001319 -0.030326 -0.005221 -0.120032 0.617653 0.754576 0.500596 1.140069 0.032561 1.527327
0.425000 0.423080 -0.107950 -0.388006 -0.007635 -0.030326 -0.030219 -0.120032 0.599685 0.783134 0.099089 -0.356936 0.044115 1.324163
0.399998 0.423080 -0.197262 -0.388006 -0.013952 -0.030326 -0.055221 -0.120032 0.582233 0.813434 0.483144 1.170369 0.063893 1.139615
0.375000 0.423080 -0.286561 -0.388006 -0.020267 -0.030326 -0.080219 -0.120032 0.565351 0.845569 0.082207 -0.324800 0.086418 0.981655
0.349999 0.423080 -0.375874 -0.388006 -0.026584 -0.030326 -0.105221 -0.120032 0.549086 0.879651 0.466879 1.204451 0.110020 0.851058
0.325001 0.423080 -0.465173 -0.388006 -0.032900 -0.030326 -0.130219 -0.120032 0.533500 0.915762 0.066621 -0.288688 0.134126 0.744715
0.325001 0.384615 -0.465173 -0.512343 -0.032900 -0.040044 -0.130219 -0.158496 0.503542 0.869211 0.436921 1.157900 0.148128 0.883030
