0.096776 0.720004 -1.160750 0.573802 -0.097887 0.052943 -0.326550 0.176617 0.726479 1.437186 0.726479 1.437186 0.441194 -0.495798
0.129032 0.680001 -1.046095 0.443839 -0.088218 0.040952 -0.294295 0.136615 0.692135 1.383273 -0.034344 -0.053913 0.390501 -0.434608
0.129032 0.640004 -1.046095 0.313896 -0.088218 0.028962 -0.294295 0.096618 0.652882 1.371852 0.687226 1.425765 0.365457 -0.317216
0.193548 0.600001 -0.816768 0.183933 -0.068879 0.016971 -0.229779 0.056615 0.630446 1.258756 -0.056779 -0.167010 0.289848 -0.241577
0.225808 0.600001 -0.702095 0.183933 -0.059208 0.016971 -0.197518 0.056615 0.641086 1.210846 0.697865 1.377855 0.265004 -0.279147
0.225808 0.640004 -0.702095 0.313896 -0.059208 0.028962 -0.197518 0.096618 0.678671 1.231609 -0.019194 -0.146247 0.293194 -0.454937
0.258064 0.640004 -0.587440 0.313896 -0.049539 0.028962 -0.165263 0.096618 0.690074 1.187515 0.709268 1.333762 0.272509 -0.529043
0.258064 0.680001 -0.587440 0.443839 -0.049539 0.040952 -0.165263 0.136615 0.727323 1.208082 0.018055 -0.125680 0.305276 -0.690782
0.290324 0.680001 -0.472768 0.443839 -0.039869 0.040952 -0.133002 0.136615 0.739385 1.167278 0.721330 1.292958 0.289087 -0.798796
0.290324 0.720004 -0.472768 0.573802 -0.039869 0.052943 -0.133002 0.176617 0.776334 1.187512 0.055004 -0.105446 0.325126 -0.925345
0.290324 0.760001 -0.472768 0.703745 -0.039869 0.064933 -0.133002 0.216614 0.813566 1.205898 0.758562 1.311344 0.361993 -1.020143
0.290324 0.800004 -0.472768 0.833708 -0.039869 0.076924 -0.133002 0.256617 0.851055 1.222673 0.092493 -0.088672 0.399469 -1.092624
0.290324 0.840000 -0.472768 0.963652 -0.039869 0.088914 -0.133002 0.296614 0.888757 1.238025 0.796264 1.326697 0.437386 -1.149273
0.290324 0.880003 -0.472768 1.093615 -0.039869 0.100905 -0.133002 0.336617 0.926658 1.252127 0.130393 -0.074569 0.475650 -1.194509
0.290324 0.920000 -0.472768 1.223558 -0.039869 0.112895 -0.133002 0.376614 0.964722 1.265117 0.834329 1.339687 0.514174 -1.231316
0.258064 1.000000 -0.587440 1.483464 -0.049539 0.136875 -0.165263 0.456614 1.032762 1.318243 0.198433 -0.021444 0.599887 -1.223532
0.225808 1.000000 -0.702095 1.483464 -0.059208 0.136875 -0.197518 0.456614 1.025178 1.348713 0.826745 1.370157 0.609562 -1.162530
0.161292 1.000000 -0.931423 1.483464 -0.078548 0.136875 -0.262034 0.456614 1.012924 1.410881 0.186179 0.040725 0.633415 -1.049816
0.129032 1.000000 -1.046095 1.483464 -0.088218 0.136875 -0.294295 0.456614 1.008290 1.442473 0.822111 1.401749 0.647427 -0.998286
0.096776 0.960003 -1.160750 1.353521 -0.097887 0.124886 -0.326550 0.416617 0.964869 1.470327 0.142758 0.068578 0.628217 -0.906003
0.064516 0.920000 -1.275423 1.223558 -0.107558 0.112895 -0.358810 0.376614 0.922260 1.500785 0.779502 1.432206 0.612723 -0.809602
0.032260 0.840000 -1.390078 0.963652 -0.117227 0.088914 -0.391066 0.296614 0.840620 1.532410 0.061118 0.100204 0.571445 -0.648904
0.032260 0.800004 -1.390078 0.833708 -0.117227 0.076924 -0.391066 0.256617 0.800654 1.530493 0.739536 1.430289 0.542972 -0.580721
0.000000 0.720004 -1.504750 0.573802 -0.126897 0.052943 -0.423326 0.176617 0.720004 1.570796 -0.019532 0.140507 0.516936 -0.395257
0.000000 0.640004 -1.504750 0.313896 -0.126897 0.028962 -0.423326 0.096618 0.640004 1.570796 0.659536 1.430289 0.475557 -0.224391
0.000000 0.520001 -1.504750 -0.075974 -0.126897 -0.007010 -0.423326 -0.023385 0.520001 1.570796 -0.139535 0.140507 0.434225 0.055185
0.000000 0.440002 -1.504750 -0.335880 -0.126897 -0.030991 -0.423326 -0.103385 0.440002 1.570796 0.579537 1.430289 0.423655 0.239531
0.000000 0.360002 -1.504750 -0.595787 -0.126897 -0.054972 -0.423326 -0.183384 0.360002 1.570796 -0.219535 0.140507 0.428037 0.408794
0.064516 0.280002 -1.275423 -0.855693 -0.107558 -0.078953 -0.358810 -0.263384 0.287339 1.344336 0.506873 1.203829 0.386377 0.633214
0.161292 0.120003 -0.931423 -1.375506 -0.078548 -0.126914 -0.262034 -0.423384 0.201037 0.639655 -0.305836 -0.564175 0.400833 1.016592
0.225808 0.080000 -0.702095 -1.505469 -0.059208 -0.138906 -0.197518 -0.463387 0.239561 0.340484 0.545397 0.904659 0.396089 1.167868
0.354840 0.000000 -0.243440 -1.765375 -0.020530 -0.162887 -0.068486 -0.543386 0.354840 0.000000 -0.190557 -0.904659 0.428831 1.445422
0.451617 0.000000 0.100560 -1.765375 0.008480 -0.162887 0.028290 -0.543386 0.451617 0.000000 0.642173 0.904659 0.424271 -1.518781
0.516133 0.000000 0.329888 -1.765375 0.027820 -0.162887 0.092806 -0.543386 0.516133 0.000000 -0.126041 -0.904659 0.433380 -1.401636
0.612904 0.000000 0.673870 -1.765375 0.056828 -0.162887 0.189578 -0.543386 0.612904 0.000000 0.738945 0.904659 0.463837 -1.235118
0.677420 0.040003 0.903198 -1.635412 0.076168 -0.150895 0.254094 -0.503383 0.678600 0.058983 -0.060345 -0.845676 0.459892 -1.103339
0.806452 0.120003 1.361853 -1.375506 0.114846 -0.126914 0.383126 -0.423384 0.815332 0.147719 0.875676 0.993395 0.488662 -0.835273
0.870968 0.200002 1.591181 -1.115599 0.134186 -0.102933 0.447642 -0.343384 0.893637 0.225719 0.017960 -0.767676 0.500257 -0.654353
0.935484 0.239999 1.820508 -0.985656 0.153525 -0.090944 0.512158 -0.303387 0.965779 0.251135 0.947819 1.018810 0.543980 -0.534791
0.967744 0.319999 1.935181 -0.725750 0.163196 -0.066963 0.544418 -0.223387 1.019279 0.319347 0.071459 -0.699463 0.554137 -0.389374
1.000000 0.360002 2.049836 -0.595787 0.172865 -0.054972 0.576674 -0.183384 1.062827 0.345557 0.991368 1.045021 0.580140 -0.307891
1.000000 0.520001 2.049836 -0.075974 0.172865 -0.007010 0.576674 -0.023385 1.127121 0.479520 0.135753 -0.565500 0.584721 -0.040529
1.000000 0.600001 2.049836 0.183933 0.172865 0.016971 0.576674 0.056615 1.166191 0.540420 1.030438 1.105921 0.603130 0.097861
0.967744 0.640004 1.935181 0.313896 0.163196 0.028962 0.544418 0.096618 1.160230 0.584303 0.129792 -0.521618 0.585952 0.175641
0.935484 0.720004 1.820508 0.573802 0.153525 0.052943 0.512158 0.176617 1.180481 0.655965 1.050689 1.177582 0.591881 0.332079
0.903228 0.760001 1.705853 0.703745 0.143856 0.064933 0.479902 0.216614 1.180433 0.699496 0.129745 -0.478087 0.586221 0.423994
0.838713 0.760001 1.476525 0.703745 0.124517 0.064933 0.415386 0.216614 1.131830 0.736203 1.002086 1.214290 0.534692 0.480681
0.806452 0.760001 1.361853 0.703745 0.114846 0.064933 0.383126 0.216614 1.108136 0.755753 0.106051 -0.458537 0.510034 0.514580
0.709681 0.760001 1.017870 0.703745 0.085838 0.064933 0.286354 0.216614 1.039831 0.819624 0.933780 1.278161 0.441982 0.647620
0.677420 0.720004 0.903198 0.573802 0.076168 0.052943 0.254094 0.176617 0.988587 0.815862 0.054807 -0.462299 0.390616 0.607422
0.645165 0.680001 0.788543 0.443839 0.066499 0.040952 0.221838 0.136615 0.937357 0.811680 0.882551 1.273979 0.339255 0.551978
0.612904 0.600001 0.673870 0.183933 0.056828 0.016971 0.189578 0.056615 0.857702 0.774761 -0.024848 -0.499219 0.259140 0.290206
0.580649 0.560004 0.559215 0.053989 0.047159 0.004981 0.157322 0.016618 0.806696 0.767301 0.831544 1.266520 0.208401 0.105240
0.580649 0.520001 0.559215 -0.075974 0.047159 -0.007010 0.157322 -0.023385 0.779458 0.730353 -0.052086 -0.536168 0.184652 -0.147563
0.580649 0.480005 0.559215 -0.205917 0.047159 -0.018999 0.157322 -0.063382 0.753364 0.690793 0.805450 1.226960 0.167220 -0.382986
0.580649 0.440002 0.559215 -0.335880 0.047159 -0.030991 0.157322 -0.103385 0.728529 0.648459 -0.076921 -0.578501 0.158203 -0.581387
0.580649 0.400005 0.559215 -0.465824 0.047159 -0.042980 0.157322 -0.143382 0.705093 0.603233 0.782015 1.181734 0.159041 -0.739071
0.548388 0.400005 0.444543 -0.465824 0.037489 -0.042980 0.125062 -0.143382 0.678774 0.630199 -0.103241 -0.551535 0.127218 -0.853537
0.548388 0.360002 0.444543 -0.595787 0.037489 -0.054972 0.125062 -0.183384 0.655996 0.580912 0.759237 1.132447 0.140180 -0.972277
0.516133 0.360002 0.329888 -0.595787 0.027820 -0.054972 0.092806 -0.183384 0.629281 0.609045 -0.129957 -0.523402 0.112352 -1.102301
0.451617 0.319999 0.100560 -0.725750 0.008480 -0.066963 0.028290 -0.223387 0.553495 0.616450 0.683452 1.139852 0.107130 -1.444825
0.387101 0.319999 -0.128768 -0.725750 -0.010859 -0.066963 -0.036226 -0.223387 0.502241 0.690784 -0.181211 -0.449067 0.109494 1.410030
0.322580 0.319999 -0.358112 -0.725750 -0.030200 -0.066963 -0.100747 -0.223387 0.454376 0.781382 0.635586 1.230449 0.144314 1.147115
0.290324 0.280002 -0.472768 -0.855693 -0.039869 -0.078953 -0.133002 -0.263384 0.403348 0.767301 -0.232238 -0.463148 0.195529 1.103177
0.258064 0.280002 -0.587440 -0.855693 -0.049539 -0.078953 -0.165263 -0.263384 0.380786 0.826148 0.613025 1.289296 0.218755 1.010431
