0.153846 0.527778 -1.168689 0.303500 -0.094769 0.026299 -0.332265 0.092207 0.549743 1.287158 0.549743 1.287158 0.334867 -0.270699
0.134614 0.499998 -1.236336 0.212063 -0.100255 0.018376 -0.351497 0.064427 0.517802 1.307803 -0.031942 0.020646 0.351771 -0.181282
0.153846 0.472222 -1.168689 0.120639 -0.094769 0.010454 -0.332265 0.036652 0.496651 1.255848 0.528593 1.235203 0.332555 -0.109865
0.173075 0.472222 -1.101053 0.120639 -0.089285 0.010454 -0.313036 0.036652 0.502940 1.219487 -0.025653 -0.015716 0.313344 -0.116554
0.211537 0.472222 -0.965771 0.120639 -0.078314 0.010454 -0.274574 0.036652 0.517438 1.149640 0.543090 1.165355 0.274925 -0.132701
0.249999 0.444443 -0.830488 0.029202 -0.067344 0.002530 -0.236113 0.008872 0.509930 1.058408 -0.033160 -0.106948 0.239761 -0.037558
0.288460 0.444443 -0.695206 0.029202 -0.056374 0.002530 -0.197651 0.008872 0.529848 0.995098 0.563008 1.102045 0.201996 -0.044857
0.365383 0.472222 -0.424641 0.120639 -0.034434 0.010454 -0.120728 0.036652 0.597075 0.912266 0.034067 -0.189779 0.121524 -0.294747
0.384615 0.527778 -0.356995 0.303500 -0.028949 0.026299 -0.101496 0.092207 0.653053 0.941038 0.618986 1.130817 0.109715 -0.737482
0.403845 0.611109 -0.289359 0.577784 -0.023464 0.050067 -0.082266 0.175538 0.732492 0.986839 0.113506 -0.143978 0.149640 -1.132539
0.423077 0.666664 -0.221713 0.760644 -0.017979 0.065913 -0.063034 0.231093 0.789579 1.005311 0.676073 1.149289 0.191240 -1.304509
0.423077 0.722219 -0.221713 0.943505 -0.017979 0.081758 -0.063034 0.286649 0.837015 1.040882 0.160942 -0.108406 0.244377 -1.354341
0.423077 0.777779 -0.221713 1.126379 -0.017979 0.097605 -0.063034 0.342208 0.885400 1.072606 0.724458 1.181012 0.298401 -1.388640
0.423077 0.861110 -0.221713 1.400663 -0.017979 0.121373 -0.063034 0.425539 0.959429 1.114120 0.234971 -0.066892 0.380259 -1.423738
0.403845 0.888889 -0.289359 1.492100 -0.023464 0.129296 -0.082266 0.453319 0.976327 1.144352 0.741356 1.211243 0.411094 -1.391274
0.365383 0.944445 -0.424641 1.674961 -0.034434 0.145142 -0.120728 0.508874 1.012660 1.201655 0.271304 -0.009589 0.473967 -1.337858
0.326922 0.972220 -0.559924 1.766384 -0.045404 0.153064 -0.159189 0.536650 1.025714 1.246411 0.754410 1.256000 0.511511 -1.282429
0.307692 1.000000 -0.627560 1.857821 -0.050889 0.160987 -0.178419 0.564429 1.046267 1.272297 0.291857 0.016297 0.543981 -1.264631
0.269231 1.000000 -0.762842 1.857821 -0.061859 0.160987 -0.216880 0.564429 1.035609 1.307802 0.743752 1.291505 0.557780 -1.203943
0.192308 1.000000 -1.033407 1.857821 -0.083799 0.160987 -0.293803 0.564429 1.018323 1.380808 0.274571 0.089303 0.591948 -1.090859
0.153846 0.972220 -1.168689 1.766384 -0.094769 0.153064 -0.332265 0.536650 0.984317 1.413856 0.709746 1.324552 0.588814 -1.016417
0.115385 0.916665 -1.303972 1.583524 -0.105739 0.137219 -0.370726 0.481094 0.923898 1.445581 0.214152 0.121028 0.568168 -0.914247
0.076923 0.861110 -1.439254 1.400663 -0.116709 0.121373 -0.409188 0.425539 0.864539 1.481703 0.650386 1.360674 0.555030 -0.804984
0.057691 0.805554 -1.506900 1.217803 -0.122195 0.105527 -0.428420 0.369984 0.807617 1.499302 0.157231 0.138628 0.534404 -0.712337
0.019229 0.749999 -1.642183 1.034942 -0.133165 0.089682 -0.466882 0.314428 0.750245 1.545163 0.593014 1.406535 0.536298 -0.592694
0.000000 0.583333 -1.709819 0.486360 -0.138649 0.042145 -0.486111 0.147762 0.583333 1.570796 -0.009681 0.164261 0.495738 -0.295094
0.000000 0.527778 -1.709819 0.303500 -0.138649 0.026299 -0.486111 0.092207 0.527778 1.570796 0.537459 1.406535 0.487894 -0.187456
0.038462 0.388887 -1.574536 -0.153658 -0.127679 -0.013315 -0.447650 -0.046683 0.390785 1.472215 -0.146675 0.065680 0.458086 0.103910
0.076923 0.305556 -1.439254 -0.427942 -0.116709 -0.037083 -0.409188 -0.130014 0.315090 1.324174 0.461765 1.258493 0.447253 0.307649
0.134614 0.250001 -1.236336 -0.610803 -0.100255 -0.052928 -0.351497 -0.185570 0.283939 1.076861 -0.177826 -0.181632 0.423436 0.485749
0.173075 0.194446 -1.101053 -0.793663 -0.089285 -0.068774 -0.313036 -0.241125 0.260316 0.843480 0.438141 1.025112 0.427855 0.656354
0.249999 0.138890 -0.830488 -0.976524 -0.067344 -0.084620 -0.236113 -0.296680 0.285989 0.507106 -0.152152 -0.518006 0.419894 0.898592
0.384615 0.055555 -0.356995 -1.250822 -0.028949 -0.108389 -0.101496 -0.380015 0.388607 0.143452 0.540759 0.661458 0.442357 1.309805
0.442309 0.027780 -0.154066 -1.342245 -0.012493 -0.116311 -0.043802 -0.407791 0.443181 0.062724 -0.097578 -0.598734 0.460420 1.463794
0.500000 0.000000 0.048852 -1.433682 0.003961 -0.124234 0.013889 -0.435571 0.500000 0.000000 0.597578 0.598734 0.486309 -1.538920
0.576923 0.000000 0.319417 -1.433682 0.025902 -0.124234 0.090812 -0.435571 0.576923 0.000000 -0.020655 -0.598734 0.494521 -1.365251
0.692308 0.000000 0.725264 -1.433682 0.058812 -0.124234 0.206197 -0.435571 0.692308 0.000000 0.712963 0.598734 0.528035 -1.128659
0.750001 0.000000 0.928192 -1.433682 0.075267 -0.124234 0.263890 -0.435571 0.750001 0.000000 0.037038 -0.598734 0.553120 -1.026087
0.788463 0.027780 1.063475 -1.342245 0.086237 -0.116311 0.302352 -0.407791 0.788952 0.035218 0.751914 0.633952 0.549076 -0.932797
0.884615 0.083335 1.401676 -1.159384 0.113662 -0.100465 0.398504 -0.352236 0.888532 0.093928 0.136618 -0.540025 0.566599 -0.723845
0.903848 0.111111 1.469322 -1.067961 0.119147 -0.092543 0.417736 -0.324460 0.910651 0.122317 0.774033 0.662342 0.561364 -0.660377
0.942309 0.138890 1.604604 -0.976524 0.130118 -0.084620 0.456198 -0.296680 0.952490 0.146340 0.178457 -0.516002 0.573305 -0.576609
0.980771 0.250001 1.739887 -0.610803 0.141088 -0.052928 0.494660 -0.185570 1.012132 0.249588 0.833676 0.765589 0.548120 -0.358899
1.000000 0.277777 1.807523 -0.519379 0.146572 -0.045006 0.513889 -0.157794 1.037863 0.270946 0.204187 -0.494643 0.554513 -0.297920
1.000000 0.333332 1.807523 -0.336519 0.146572 -0.029161 0.513889 -0.102239 1.054092 0.321749 0.849905 0.816393 0.536119 -0.196387
1.000000 0.388887 1.807523 -0.153658 0.146572 -0.013315 0.513889 -0.046683 1.072955 0.370890 0.223051 -0.445503 0.523005 -0.090595
1.000000 0.472222 1.807523 0.120639 0.146572 0.010454 0.513889 0.036652 1.105891 0.441180 0.882840 0.886682 0.514077 0.071202
0.980771 0.527778 1.739887 0.303500 0.141088 0.026299 0.494660 0.092207 1.113760 0.493681 0.230920 -0.393002 0.496411 0.184290
0.961538 0.555553 1.672240 0.394923 0.135602 0.034222 0.475427 0.119983 1.110493 0.523918 0.879574 0.916919 0.480472 0.247206
0.903848 0.583333 1.469322 0.486360 0.119147 0.042145 0.417736 0.147762 1.075741 0.573127 0.196167 -0.343792 0.428901 0.339986
0.865386 0.583333 1.334039 0.486360 0.108177 0.042145 0.379275 0.147762 1.043633 0.593112 0.847466 0.936905 0.391537 0.371502
0.788463 0.583333 1.063475 0.486360 0.086237 0.042145 0.302352 0.147762 0.980791 0.636964 0.133325 -0.299941 0.317598 0.454575
0.750001 0.555553 0.928192 0.394923 0.075267 0.034222 0.263890 0.119983 0.933350 0.637546 0.800025 0.937486 0.272874 0.426730
0.711540 0.527778 0.792910 0.303500 0.064297 0.026299 0.225429 0.092207 0.885911 0.638194 0.085886 -0.299293 0.229247 0.388266
0.673078 0.472222 0.657628 0.120639 0.053327 0.010454 0.186967 0.036652 0.822209 0.611790 0.736323 0.911082 0.187482 0.193578
0.653846 0.444443 0.589981 0.029202 0.047842 0.002530 0.167735 0.008872 0.790597 0.596996 0.054274 -0.314086 0.172833 0.052844
0.653846 0.388887 0.589981 -0.153658 0.047842 -0.013315 0.167735 -0.046683 0.760755 0.536564 0.706481 0.850651 0.193875 -0.271446
0.653846 0.333332 0.589981 -0.336519 0.047842 -0.029161 0.167735 -0.102239 0.733911 0.471458 0.027430 -0.379192 0.226884 -0.547394
0.692308 0.277777 0.725264 -0.519379 0.058812 -0.045006 0.206197 -0.157794 0.745956 0.381569 0.718526 0.760761 0.293122 -0.653196
0.711540 0.250001 0.792910 -0.610803 0.064297 -0.052928 0.225429 -0.185570 0.754181 0.337879 0.035656 -0.422882 0.326445 -0.688719
0.750001 0.222221 0.928192 -0.702240 0.075267 -0.060852 0.263890 -0.213349 0.782230 0.288054 0.746575 0.710936 0.373197 -0.679889
0.750001 0.194446 0.928192 -0.793663 0.075267 -0.068774 0.263890 -0.241125 0.774798 0.253675 0.028223 -0.457261 0.393328 -0.740350
0.730769 0.194446 0.860546 -0.793663 0.069782 -0.068774 0.244658 -0.241125 0.756196 0.260058 0.727974 0.717319 0.380692 -0.778125
0.653846 0.194446 0.589981 -0.793663 0.047842 -0.068774 0.167735 -0.241125 0.682147 0.289058 -0.045827 -0.428260 0.336458 -0.963005
0.615385 0.222221 0.454699 -0.702240 0.036872 -0.060852 0.129274 -0.213349 0.654279 0.346538 0.700106 0.774798 0.293853 -1.026032
0.557694 0.222221 0.251781 -0.702240 0.020417 -0.060852 0.071583 -0.213349 0.600337 0.379182 -0.099769 -0.395616 0.273426 -1.247080
0.461538 0.222221 -0.086430 -0.702240 -0.007009 -0.060852 -0.024573 -0.213349 0.512250 0.448722 0.612019 0.844337 0.265031 1.456126
0.423077 0.222221 -0.221713 -0.702240 -0.017979 -0.060852 -0.063034 -0.213349 0.477887 0.483643 -0.134131 -0.360694 0.271314 1.283518
0.326922 0.222221 -0.559924 -0.702240 -0.045404 -0.060852 -0.159189 -0.213349 0.395297 0.596998 0.529429 0.957692 0.308187 0.929767
0.269231 0.222221 -0.762842 -0.702240 -0.061859 -0.060852 -0.216880 -0.213349 0.349095 0.690034 -0.180333 -0.267658 0.341577 0.777191
0.230769 0.250001 -0.898125 -0.610803 -0.072829 -0.052928 -0.255342 -0.185570 0.340228 0.825379 0.520561 1.093037 0.347775 0.628454
0.211537 0.250001 -0.965771 -0.610803 -0.078314 -0.052928 -0.274574 -0.185570 0.327488 0.868545 -0.193073 -0.224492 0.362131 0.594330
