0.032256 0.652175 -1.364899 0.364215 -0.133666 0.039373 -0.405915 0.119566 0.652972 1.521378 0.652972 1.521378 0.458874 -0.286458
0.064516 0.652175 -1.256423 0.364215 -0.123043 0.039373 -0.373655 0.119566 0.655358 1.472193 0.002386 -0.049185 0.430599 -0.309694
0.096772 0.652175 -1.147963 0.364215 -0.112421 0.039373 -0.341399 0.119566 0.659316 1.423488 0.656929 1.472674 0.402928 -0.336874
0.129032 0.652175 -1.039487 0.364215 -0.101798 0.039373 -0.309139 0.119566 0.664817 1.375470 0.007888 -0.097204 0.375985 -0.369050
0.161287 0.695650 -0.931027 0.496646 -0.091176 0.053689 -0.276883 0.163041 0.714103 1.342970 0.706215 1.440174 0.378100 -0.532175
0.193548 0.826088 -0.822550 0.893977 -0.080553 0.096641 -0.244623 0.293479 0.848458 1.340653 0.142243 -0.099521 0.458606 -0.875942
0.193548 0.913044 -0.822550 1.158858 -0.080553 0.125275 -0.244623 0.380435 0.933333 1.361908 0.791089 1.461428 0.534177 -0.999351
0.193548 0.956519 -0.822550 1.291289 -0.080553 0.139591 -0.244623 0.423910 0.975904 1.371146 0.184815 -0.090283 0.573171 -1.047412
0.193548 1.000000 -0.822550 1.423739 -0.080553 0.153910 -0.244623 0.467391 1.018558 1.379612 0.833744 1.469895 0.612774 -1.088620
0.161287 1.000000 -0.931027 1.423739 -0.091176 0.153910 -0.276883 0.467391 1.012923 1.410886 0.179180 -0.059009 0.626352 -1.035982
0.129032 1.000000 -1.039487 1.423739 -0.101798 0.153910 -0.309139 0.467391 1.008290 1.442473 0.829110 1.501482 0.641263 -0.986439
0.064516 0.913044 -1.256423 1.158858 -0.123043 0.125275 -0.373655 0.380435 0.915320 1.500253 0.086210 -0.001229 0.604253 -0.794389
0.032256 0.869562 -1.364899 1.026408 -0.133666 0.110957 -0.405915 0.336953 0.870160 1.533719 0.783951 1.534948 0.592339 -0.692831
0.000000 0.739131 -1.473359 0.629096 -0.144288 0.068007 -0.438171 0.206522 0.739131 1.570796 -0.044819 0.035848 0.531574 -0.440448
0.000000 0.608694 -1.473359 0.231765 -0.144288 0.025054 -0.438171 0.076085 0.608694 1.570796 0.653513 1.534948 0.470183 -0.171927
0.000000 0.478263 -1.473359 -0.165547 -0.144288 -0.017896 -0.438171 -0.054346 0.478263 1.570796 -0.175250 0.035848 0.440001 0.123400
0.000000 0.391306 -1.473359 -0.430428 -0.144288 -0.046530 -0.438171 -0.141303 0.391306 1.570796 0.566557 1.534948 0.440670 0.311954
0.064516 0.260869 -1.256423 -0.827759 -0.123043 -0.089483 -0.373655 -0.271740 0.268728 1.328349 -0.297829 -0.206599 0.413587 0.628781
0.129032 0.173912 -1.039487 -1.092641 -0.101798 -0.118117 -0.309139 -0.358697 0.216552 0.932476 0.514381 1.139075 0.406693 0.859469
0.225803 0.086956 -0.714090 -1.357522 -0.069932 -0.146751 -0.212368 -0.445653 0.241968 0.367593 -0.272413 -0.771482 0.410429 1.126099
0.290319 0.043481 -0.497154 -1.489952 -0.048687 -0.161067 -0.147852 -0.489128 0.293558 0.148666 0.565970 0.920148 0.421474 1.277253
0.419351 0.000000 -0.063281 -1.622403 -0.006197 -0.175386 -0.018820 -0.532609 0.419351 0.000000 -0.146619 -0.920148 0.438575 1.535476
0.580644 0.000000 0.479068 -1.622403 0.046916 -0.175386 0.142473 -0.532609 0.580644 0.000000 0.727262 0.920148 0.460752 -1.309416
0.709676 0.043481 0.912940 -1.489952 0.089405 -0.161067 0.271505 -0.489128 0.711006 0.061193 -0.016256 -0.858955 0.479056 -1.064062
0.774192 0.086956 1.129877 -1.357522 0.110650 -0.146751 0.336021 -0.445653 0.779060 0.111850 0.795316 0.970805 0.486068 -0.924742
0.903224 0.173912 1.563749 -1.092641 0.153140 -0.118117 0.465053 -0.358697 0.919814 0.190218 0.124499 -0.780587 0.534889 -0.656996
0.967740 0.304350 1.780686 -0.695309 0.174384 -0.075165 0.529569 -0.228259 1.014470 0.304702 0.889971 1.085289 0.546215 -0.406965
1.000000 0.478263 1.889162 -0.165547 0.185008 -0.017896 0.561829 -0.054346 1.108483 0.446107 0.218512 -0.639182 0.563258 -0.096431
1.000000 0.565219 1.889162 0.099334 0.185008 0.010738 0.561829 0.032610 1.148683 0.514452 0.930171 1.153634 0.576015 0.057977
0.967740 0.739131 1.780686 0.629096 0.174384 0.068007 0.529569 0.206522 1.217717 0.652256 0.287546 -0.501378 0.609114 0.371841
0.903224 0.826088 1.563749 0.893977 0.153140 0.096641 0.465053 0.293479 1.224023 0.740823 0.936477 1.242200 0.605602 0.562949
0.870968 0.869562 1.455289 1.026408 0.142518 0.110957 0.432797 0.336953 1.230741 0.784591 0.294264 -0.457610 0.611074 0.661523
0.774192 0.869562 1.129877 1.026408 0.110650 0.110957 0.336021 0.336953 1.164264 0.843353 0.870000 1.300963 0.546817 0.786784
0.709676 0.826088 0.912940 0.893977 0.089405 0.096641 0.271505 0.293479 1.089064 0.861054 0.219064 -0.439909 0.473491 0.824271
0.677420 0.739131 0.804480 0.629096 0.078784 0.068007 0.239249 0.206522 1.002603 0.828935 0.783539 1.268844 0.384470 0.712113
0.677420 0.695650 0.804480 0.496646 0.078784 0.053689 0.239249 0.163041 0.970993 0.798674 0.187453 -0.470170 0.351476 0.598180
0.677420 0.608694 0.804480 0.231765 0.078784 0.025054 0.239249 0.076085 0.910717 0.732012 0.723264 1.202182 0.293800 0.307901
0.677420 0.565219 0.804480 0.099334 0.078784 0.010738 0.239249 0.032610 0.882253 0.695350 0.158989 -0.506832 0.270890 0.135466
0.677420 0.478263 0.804480 -0.165547 0.078784 -0.017896 0.239249 -0.054346 0.829236 0.614745 0.670247 1.121577 0.242585 -0.223364
0.677420 0.434781 0.804480 -0.297997 0.078784 -0.032214 0.239249 -0.097828 0.804943 0.570603 0.134695 -0.550975 0.239273 -0.388151
0.677420 0.391306 0.804480 -0.430428 0.078784 -0.046530 0.239249 -0.141303 0.782316 0.523818 0.647621 1.074792 0.243796 -0.533486
0.645160 0.391306 0.696004 -0.430428 0.068160 -0.046530 0.206989 -0.141303 0.754554 0.545204 0.106933 -0.529588 0.212228 -0.598992
0.580644 0.347825 0.479068 -0.562878 0.046916 -0.060848 0.142473 -0.184784 0.676853 0.539708 0.569920 1.069296 0.168704 -0.913976
0.516128 0.347825 0.262131 -0.562878 0.025671 -0.060848 0.077957 -0.184784 0.622391 0.593002 0.052471 -0.476294 0.119330 -1.171571
0.451612 0.304350 0.045195 -0.695309 0.004426 -0.075165 0.013441 -0.228259 0.544594 0.593007 0.492123 1.069301 0.134494 -1.511980
0.419351 0.304350 -0.063281 -0.695309 -0.006197 -0.075165 -0.018820 -0.228259 0.518155 0.627809 0.026032 -0.441493 0.135138 1.488534
0.387096 0.304350 -0.171741 -0.695309 -0.016819 -0.075165 -0.051075 -0.228259 0.492415 0.666294 0.466382 1.107787 0.143236 1.350663
0.354835 0.304350 -0.280218 -0.695309 -0.027442 -0.075165 -0.083336 -0.228259 0.467480 0.708960 0.001097 -0.398827 0.157648 1.220740
