0.024388 0.656249 -1.478424 0.516807 -0.129075 0.055682 -0.410033 0.176887 0.656702 1.533650 0.656702 1.533650 0.466192 -0.407276
0.073169 0.593750 -1.302541 0.334203 -0.113719 0.036008 -0.361253 0.114387 0.598241 1.448183 -0.058461 -0.085467 0.394828 -0.306652
0.097561 0.593750 -1.214592 0.334203 -0.106041 0.036008 -0.336861 0.114387 0.601711 1.407939 0.660173 1.493406 0.372640 -0.327351
0.146341 0.593750 -1.038709 0.334203 -0.090685 0.036008 -0.288081 0.114387 0.611518 1.329143 -0.048655 -0.164263 0.329205 -0.377975
0.170730 0.624997 -0.950774 0.425498 -0.083008 0.045844 -0.263692 0.145635 0.647897 1.304134 0.696551 1.468396 0.325350 -0.504600
0.219510 0.656249 -0.774890 0.516807 -0.067652 0.055682 -0.214912 0.176887 0.691988 1.248004 -0.004563 -0.220393 0.308860 -0.688649
0.243902 0.718749 -0.686942 0.699411 -0.059974 0.075357 -0.190520 0.239387 0.759005 1.243647 0.763568 1.464040 0.342257 -0.898581
0.243902 0.749996 -0.686942 0.790706 -0.059974 0.085193 -0.190520 0.270634 0.788659 1.256380 0.025091 -0.207660 0.368626 -0.957407
0.243902 0.812496 -0.686942 0.973311 -0.059974 0.104867 -0.190520 0.333134 0.848315 1.279167 0.823224 1.486827 0.423365 -1.051294
0.243902 0.874996 -0.686942 1.155915 -0.059974 0.124542 -0.190520 0.395633 0.908353 1.298950 0.085130 -0.187877 0.480003 -1.122012
0.219510 0.937496 -0.774890 1.338519 -0.067652 0.144216 -0.214912 0.458133 0.962851 1.340795 0.877722 1.528671 0.547056 -1.132170
0.195122 0.968748 -0.862825 1.429828 -0.075329 0.154054 -0.239300 0.489385 0.988203 1.372039 0.110481 -0.156632 0.585465 -1.116003
0.170730 1.000000 -0.950774 1.521137 -0.083008 0.163892 -0.263692 0.520638 1.014470 1.401697 0.903989 1.558329 0.624029 -1.101979
0.097561 0.968748 -1.214592 1.429828 -0.106041 0.154054 -0.336861 0.489385 0.973648 1.470427 0.069659 -0.087903 0.631648 -0.967942
0.073169 0.906248 -1.302541 1.247224 -0.113719 0.134379 -0.361253 0.426886 0.909197 1.490233 0.839538 1.578136 0.594242 -0.868482
0.048780 0.874996 -1.390476 1.155915 -0.121396 0.124542 -0.385641 0.395633 0.876355 1.515105 0.036817 -0.063031 0.585512 -0.798187
0.024388 0.781249 -1.478424 0.882015 -0.129075 0.095031 -0.410033 0.301886 0.781629 1.539589 0.744812 1.602620 0.537044 -0.634642
0.000000 0.718749 -1.566359 0.699411 -0.136752 0.075357 -0.434422 0.239387 0.718749 1.570796 -0.026063 -0.031824 0.519196 -0.503646
0.000000 0.562497 -1.566359 0.242894 -0.136752 0.026170 -0.434422 0.083135 0.562497 1.570796 0.588561 1.602620 0.452908 -0.189083
0.000000 0.499998 -1.566359 0.060290 -0.136752 0.006496 -0.434422 0.020635 0.499998 1.570796 -0.088563 -0.031824 0.439343 -0.047465
0.000000 0.406250 -1.566359 -0.213610 -0.136752 -0.023015 -0.434422 -0.073112 0.406250 1.570796 0.494813 1.602620 0.435334 0.166735
0.024388 0.343751 -1.478424 -0.396214 -0.129075 -0.042689 -0.410033 -0.135612 0.344615 1.499967 -0.150199 -0.102653 0.419939 0.319409
0.048780 0.281251 -1.390476 -0.578818 -0.121396 -0.062364 -0.385641 -0.198111 0.285450 1.399064 0.435649 1.501717 0.414946 0.474563
0.146341 0.156252 -1.038709 -0.944027 -0.090685 -0.101712 -0.288081 -0.323111 0.214080 0.818138 -0.221568 -0.683579 0.400461 0.842650
0.219510 0.093752 -0.774890 -1.126631 -0.067652 -0.121386 -0.214912 -0.385610 0.238692 0.403645 0.460261 1.087224 0.402794 1.062344
0.268290 0.031252 -0.599007 -1.309235 -0.052297 -0.141061 -0.166131 -0.448110 0.270104 0.115964 -0.190156 -0.971260 0.436057 1.215767
0.365855 0.031252 -0.247226 -1.309235 -0.021584 -0.141061 -0.068567 -0.448110 0.367187 0.085216 0.557344 1.056475 0.408959 1.418960
0.463416 0.000000 0.104541 -1.400544 0.009127 -0.150899 0.028994 -0.479362 0.463416 0.000000 -0.093928 -1.056475 0.435388 -1.510386
0.658537 0.031252 0.808075 -1.309235 0.070549 -0.141061 0.224115 -0.448110 0.659278 0.047421 0.753206 1.103897 0.461274 -1.107041
0.756098 0.031252 1.159842 -1.309235 0.101261 -0.141061 0.321676 -0.448110 0.756744 0.041310 0.003537 -1.062587 0.515773 -0.948190
0.829267 0.093752 1.423660 -1.126631 0.124293 -0.121386 0.394845 -0.385610 0.834549 0.112576 0.831012 1.175163 0.521496 -0.773567
0.902439 0.124999 1.687492 -1.035336 0.147327 -0.111550 0.468017 -0.354363 0.911055 0.137637 0.080043 -1.037526 0.561055 -0.648066
0.951220 0.218751 1.863376 -0.761423 0.162683 -0.082038 0.516798 -0.260611 0.976049 0.226039 0.896006 1.263565 0.559994 -0.467066
1.000000 0.374998 2.039259 -0.304919 0.178039 -0.032853 0.565578 -0.104364 1.068000 0.358769 0.171994 -0.904796 0.568691 -0.182474
1.000000 0.437498 2.039259 -0.122315 0.178039 -0.013179 0.565578 -0.041864 1.091515 0.412409 0.919521 1.317205 0.565587 -0.073886
1.000000 0.499998 2.039259 0.060290 0.178039 0.006496 0.565578 0.020635 1.118033 0.463646 0.198512 -0.853559 0.569367 0.036469
0.975608 0.562497 1.951311 0.242894 0.170360 0.026170 0.541186 0.083135 1.126150 0.523007 0.927638 1.376565 0.556135 0.152425
0.951220 0.593750 1.863376 0.334203 0.162683 0.036008 0.516798 0.114387 1.121319 0.558023 0.193682 -0.818543 0.540801 0.217826
0.853659 0.593750 1.511609 0.334203 0.131972 0.036008 0.419237 0.114387 1.039842 0.607723 0.846161 1.426266 0.448492 0.266363
0.804878 0.593750 1.335725 0.334203 0.116616 0.036008 0.370457 0.114387 1.000184 0.635575 0.154023 -0.790691 0.403266 0.299486
0.780486 0.562497 1.247777 0.242894 0.108938 0.026170 0.346065 0.083135 0.962061 0.624485 0.808038 1.415175 0.369004 0.235762
0.731706 0.499998 1.071893 0.060290 0.093582 0.006496 0.297284 0.020635 0.886223 0.599451 0.078185 -0.815724 0.304431 0.069301
0.731706 0.468750 1.071893 -0.031006 0.093582 -0.003341 0.297284 -0.010612 0.868977 0.569757 0.790792 1.385482 0.299260 -0.035682
0.731706 0.437498 1.071893 -0.122315 0.093582 -0.013179 0.297284 -0.041864 0.852525 0.538885 0.061733 -0.846597 0.297300 -0.139903
0.731706 0.406250 1.071893 -0.213610 0.093582 -0.023015 0.297284 -0.073112 0.836919 0.506834 0.775186 1.353431 0.298616 -0.241147
0.731706 0.374998 1.071893 -0.304919 0.093582 -0.032853 0.297284 -0.104364 0.822203 0.473596 0.047017 -0.879835 0.303165 -0.337618
0.707318 0.343751 0.983958 -0.396214 0.085905 -0.042689 0.272896 -0.135612 0.786424 0.452379 0.739407 1.332213 0.287565 -0.461193
0.682926 0.343751 0.896010 -0.396214 0.078227 -0.042689 0.248504 -0.135612 0.764560 0.466324 0.025153 -0.865889 0.264529 -0.499546
0.585365 0.312499 0.544243 -0.487523 0.047515 -0.052527 0.150943 -0.166864 0.663557 0.490362 0.638404 1.356251 0.194034 -0.835452
0.560976 0.281251 0.456308 -0.578818 0.039838 -0.062364 0.126555 -0.198111 0.627532 0.464735 -0.010872 -0.891516 0.198689 -1.002331
0.463416 0.281251 0.104541 -0.578818 0.009127 -0.062364 0.028994 -0.198111 0.542085 0.545484 0.552957 1.437000 0.155891 -1.425477
0.439024 0.249999 0.016592 -0.670127 0.001449 -0.072201 0.004602 -0.229364 0.505214 0.517648 -0.047743 -0.919352 0.184480 -1.550736
0.390243 0.249999 -0.159291 -0.670127 -0.013907 -0.072201 -0.044179 -0.229364 0.463454 0.569755 0.511196 1.489107 0.189641 1.380513
