0.027780 0.733333 -1.397465 0.469231 -0.114662 0.041900 -0.409820 0.149758 0.733859 1.532933 0.733859 1.532933 0.505382 -0.350349
0.055555 0.700003 -1.302752 0.364797 -0.106891 0.032575 -0.382045 0.116427 0.702204 1.491598 -0.031656 -0.041335 0.463480 -0.295807
0.083335 0.700003 -1.208024 0.364797 -0.099118 0.032575 -0.354265 0.116427 0.704946 1.452304 0.736601 1.493639 0.440861 -0.317525
0.111111 0.700003 -1.113311 0.364797 -0.091347 0.032575 -0.326490 0.116427 0.708766 1.413381 -0.027835 -0.080259 0.418868 -0.342546
0.166666 0.733333 -0.923871 0.469231 -0.075804 0.041900 -0.270934 0.149758 0.752034 1.347321 0.779869 1.427579 0.401078 -0.504950
0.194446 0.766669 -0.829143 0.573681 -0.068031 0.051227 -0.243154 0.183094 0.790943 1.322410 0.011073 -0.105170 0.409158 -0.645415
0.222221 0.800000 -0.734430 0.678115 -0.060260 0.060553 -0.215379 0.216425 0.830290 1.299851 0.819217 1.405020 0.421571 -0.787820
0.250001 0.833336 -0.639703 0.782565 -0.052488 0.069880 -0.187599 0.249761 0.870028 1.279339 0.050811 -0.125681 0.437950 -0.926582
0.277777 0.866667 -0.544989 0.886999 -0.044716 0.079205 -0.159824 0.283091 0.910094 1.260629 0.859283 1.386310 0.457866 -1.056840
0.277777 0.900003 -0.544989 0.991449 -0.044716 0.088532 -0.159824 0.316427 0.941894 1.271432 0.082611 -0.114878 0.489244 -1.103087
0.277777 0.933333 -0.544989 1.095884 -0.044716 0.097857 -0.159824 0.349758 0.973792 1.281526 0.891181 1.396405 0.520860 -1.142174
0.277777 0.966669 -0.544989 1.200333 -0.044716 0.107184 -0.159824 0.383094 1.005788 1.290981 0.114607 -0.105424 0.552682 -1.175558
0.250001 1.000000 -0.639703 1.304768 -0.052488 0.116510 -0.187599 0.416425 1.030777 1.325817 0.916170 1.431241 0.592863 -1.147527
0.222221 1.000000 -0.734430 1.304768 -0.060260 0.116510 -0.215379 0.416425 1.024394 1.352128 0.108224 -0.079112 0.602231 -1.093476
0.194446 1.000000 -0.829143 1.304768 -0.068031 0.116510 -0.243154 0.416425 1.018729 1.378747 0.910505 1.457859 0.612713 -1.042292
0.166666 1.000000 -0.923871 1.304768 -0.075804 0.116510 -0.270934 0.416425 1.013794 1.405648 0.103289 -0.052211 0.624259 -0.993986
0.138890 1.000000 -1.018584 1.304768 -0.083575 0.116510 -0.298710 0.416425 1.009599 1.432789 0.906311 1.485000 0.636805 -0.948541
0.111111 0.966669 -1.113311 1.200333 -0.091347 0.107184 -0.326490 0.383094 0.973034 1.456357 0.066723 -0.028643 0.621699 -0.865001
0.083335 0.933333 -1.208024 1.095884 -0.099118 0.097857 -0.354265 0.349758 0.937046 1.481745 0.870323 1.510388 0.609307 -0.778997
0.055555 0.900003 -1.302752 0.991449 -0.106891 0.088532 -0.382045 0.316427 0.901716 1.509147 0.031392 -0.001241 0.599812 -0.691729
0.027780 0.833336 -1.397465 0.782565 -0.114662 0.069880 -0.409820 0.249761 0.833799 1.537473 0.802406 1.538714 0.569701 -0.547331
0.000000 0.800000 -1.492192 0.678115 -0.122434 0.060553 -0.437600 0.216425 0.800000 1.570796 -0.002406 0.032082 0.568179 -0.459296
0.000000 0.733333 -1.492192 0.469231 -0.122434 0.041900 -0.437600 0.149758 0.733333 1.570796 0.735740 1.538714 0.528159 -0.329732
0.000000 0.633336 -1.492192 0.155913 -0.122434 0.013922 -0.437600 0.049761 0.633336 1.570796 -0.102404 0.032082 0.479381 -0.113226
0.000000 0.566669 -1.492192 -0.052971 -0.122434 -0.004730 -0.437600 -0.016906 0.566669 1.570796 0.669073 1.538714 0.456238 0.038614
0.000000 0.500003 -1.492192 -0.261855 -0.122434 -0.023382 -0.437600 -0.083573 0.500003 1.570796 -0.169070 0.032082 0.442027 0.188707
0.027780 0.433331 -1.397465 -0.470755 -0.114662 -0.042036 -0.409820 -0.150244 0.434220 1.506776 0.603291 1.474694 0.409843 0.351395
0.055555 0.366664 -1.302752 -0.679639 -0.106891 -0.060689 -0.382045 -0.216911 0.370849 1.420425 -0.232442 -0.054270 0.388575 0.516379
0.138890 0.233331 -1.018584 -1.097407 -0.083575 -0.097993 -0.298710 -0.350244 0.271540 1.033876 0.503982 1.088146 0.361875 0.864644
0.166666 0.166664 -0.923871 -1.306291 -0.075804 -0.116646 -0.270934 -0.416911 0.235700 0.785393 -0.268282 -0.302753 0.383160 0.994519
0.277777 0.033331 -0.544989 -1.724059 -0.044716 -0.153951 -0.159824 -0.550244 0.279769 0.119420 0.548051 0.422174 0.434715 1.288115
0.333332 0.000000 -0.355549 -1.828493 -0.029173 -0.163276 -0.104268 -0.583575 0.333332 0.000000 -0.214719 -0.422174 0.449851 1.393991
0.472222 0.000000 0.118060 -1.828493 0.009687 -0.163276 0.034622 -0.583575 0.472222 0.000000 0.686941 0.422174 0.438968 -1.511538
0.555553 0.000000 0.402213 -1.828493 0.033002 -0.163276 0.117953 -0.583575 0.555553 0.000000 -0.131388 -0.422174 0.453218 -1.371362
0.638888 0.000000 0.686381 -1.828493 0.056318 -0.163276 0.201288 -0.583575 0.638888 0.000000 0.770276 0.422174 0.481675 -1.238652
0.694444 0.033331 0.875822 -1.724059 0.071861 -0.153951 0.256843 -0.550244 0.695243 0.047960 -0.075033 -0.374214 0.478960 -1.134076
0.749999 0.099997 1.065262 -1.515175 0.087405 -0.135298 0.312399 -0.483578 0.756636 0.132548 0.831669 0.506763 0.459966 -0.997227
0.861110 0.200000 1.444144 -1.201841 0.118492 -0.107319 0.423509 -0.383575 0.884030 0.228212 0.052361 -0.278550 0.485607 -0.735959
0.888889 0.233331 1.538871 -1.097407 0.126264 -0.097993 0.451289 -0.350244 0.919004 0.256706 0.866642 0.535256 0.495366 -0.659995
0.944445 0.299997 1.728311 -0.888523 0.141808 -0.079341 0.506845 -0.283578 0.990946 0.307565 0.124304 -0.227691 0.525191 -0.510105
0.972220 0.433331 1.823025 -0.470755 0.149579 -0.042036 0.534620 -0.150244 1.064419 0.419283 0.940115 0.646974 0.534637 -0.273964
1.000000 0.500003 1.917752 -0.261855 0.157352 -0.023382 0.562400 -0.083573 1.118035 0.463650 0.177920 -0.183324 0.565851 -0.147521
1.000000 0.600000 1.917752 0.051463 0.157352 0.004595 0.562400 0.016425 1.166190 0.540420 0.988270 0.723744 0.585378 0.029197
1.000000 0.633336 1.917752 0.155913 0.157352 0.013922 0.562400 0.049761 1.183687 0.564571 0.195416 -0.159173 0.595488 0.088249
0.972220 0.733333 1.823025 0.469231 0.149579 0.041900 0.534620 0.149758 1.217781 0.646239 1.022364 0.805412 0.610964 0.273121
0.944445 0.766669 1.728311 0.573681 0.141808 0.051227 0.506845 0.183094 1.216453 0.681875 0.194088 -0.123537 0.604299 0.346656
0.888889 0.800000 1.538871 0.678115 0.126264 0.060553 0.451289 0.216425 1.195878 0.732815 1.001790 0.856352 0.578788 0.447171
0.861110 0.833336 1.444144 0.782565 0.118492 0.069880 0.423509 0.249761 1.198315 0.769009 0.196525 -0.087343 0.579627 0.532842
0.833334 0.833336 1.349430 0.782565 0.110721 0.069880 0.395734 0.249761 1.178514 0.785399 0.981988 0.872743 0.559653 0.562997
0.749999 0.833336 1.065262 0.782565 0.087405 0.069880 0.312399 0.249761 1.121137 0.837983 0.139148 -0.034759 0.504182 0.674432
0.722223 0.833336 0.970549 0.782565 0.079634 0.069880 0.284623 0.249761 1.102749 0.856706 0.963601 0.891465 0.487460 0.720252
0.666668 0.766669 0.781109 0.573681 0.064090 0.051227 0.229068 0.183094 1.015986 0.855053 0.052385 -0.036412 0.400947 0.674314
0.638888 0.733333 0.686381 0.469231 0.056318 0.041900 0.201288 0.149758 0.972603 0.854116 0.920217 0.890528 0.357736 0.639649
0.611109 0.700003 0.591654 0.364797 0.048545 0.032575 0.173508 0.116427 0.929224 0.853095 0.009007 -0.037433 0.314579 0.591009
0.611109 0.666667 0.591654 0.260347 0.048545 0.023248 0.173508 0.083091 0.904377 0.828851 0.895371 0.866284 0.287361 0.446618
0.611109 0.600000 0.591654 0.051463 0.048545 0.004595 0.173508 0.016425 0.856419 0.776226 -0.038952 -0.090058 0.237653 0.094382
0.611109 0.566669 0.591654 -0.052971 0.048545 -0.004730 0.173508 -0.016906 0.833407 0.747685 0.872359 0.837743 0.216250 -0.097130
0.611109 0.500003 0.591654 -0.261855 0.048545 -0.023382 0.173508 -0.083573 0.789592 0.685734 -0.082766 -0.152009 0.184389 -0.448871
0.611109 0.466667 0.591654 -0.366305 0.048545 -0.032709 0.173508 -0.116909 0.768916 0.652173 0.851682 0.804182 0.175926 -0.592919
0.611109 0.433331 0.591654 -0.470755 0.048545 -0.042036 0.173508 -0.150244 0.749152 0.616800 -0.102530 -0.187382 0.173561 -0.713664
0.611109 0.400000 0.591654 -0.575189 0.048545 -0.051362 0.173508 -0.183575 0.730379 0.579566 0.832909 0.766948 0.177536 -0.813582
0.583333 0.400000 0.496941 -0.575189 0.040774 -0.051362 0.145733 -0.183575 0.707303 0.601074 -0.125606 -0.165874 0.150505 -0.899811
0.555553 0.400000 0.402213 -0.575189 0.033002 -0.051362 0.117953 -0.183575 0.684572 0.624025 0.810178 0.789899 0.123801 -0.999688
0.527778 0.400000 0.307500 -0.575189 0.025230 -0.051362 0.090177 -0.183575 0.662231 0.648535 -0.147948 -0.141364 0.097702 -1.114190
0.499998 0.366664 0.212773 -0.679639 0.017458 -0.060689 0.062398 -0.216911 0.620033 0.632748 0.767981 0.774111 0.094474 -1.290694
0.444443 0.366664 0.023332 -0.679639 0.001914 -0.060689 0.006842 -0.216911 0.576170 0.689799 -0.191811 -0.084313 0.071265 -1.539262
0.416667 0.366664 -0.071381 -0.679639 -0.005857 -0.060689 -0.020933 -0.216911 0.555026 0.721651 0.746837 0.805964 0.073960 1.474589
0.388887 0.366664 -0.166108 -0.679639 -0.013629 -0.060689 -0.048713 -0.216911 0.534487 0.755994 -0.212350 -0.049970 0.086052 1.349886
0.361112 0.366664 -0.260821 -0.679639 -0.021400 -0.060689 -0.076488 -0.216911 0.514630 0.793027 0.726980 0.842998 0.104319 1.231784
