0.242856 0.871793 -0.808322 0.987560 -0.114782 0.157051 -0.214287 0.293198 0.904987 1.299114 0.904987 1.299114 0.466749 -0.939659
0.257142 0.871793 -0.754430 0.987560 -0.107130 0.157051 -0.200000 0.293198 0.908925 1.283972 0.003938 -0.015142 0.460364 -0.972164
0.285714 0.974357 -0.646654 1.333019 -0.091825 0.211989 -0.171428 0.395762 1.015384 1.285559 1.011446 1.300702 0.544884 -1.162034
0.200000 1.000000 -0.969981 1.419390 -0.137738 0.225725 -0.257143 0.421405 1.019804 1.373401 0.008358 0.072700 0.600680 -1.022909
0.085714 0.897436 -1.401083 1.073931 -0.198955 0.170787 -0.371428 0.318841 0.901520 1.475575 0.893162 1.402876 0.576036 -0.709362
0.000000 0.512820 -1.724410 -0.221546 -0.244867 -0.035232 -0.457142 -0.065775 0.512820 1.570796 -0.380342 0.167921 0.460520 0.142903
0.099999 0.179485 -1.347200 -1.344295 -0.191303 -0.213782 -0.357143 -0.399110 0.205462 1.062486 0.585804 0.894565 0.452377 0.840834
0.471429 0.000000 0.053891 -1.948841 0.007653 -0.309923 0.014286 -0.578595 0.471429 0.000000 -0.114376 -0.894565 0.457365 -1.546110
0.785714 0.128203 1.239422 -1.517024 0.175999 -0.241252 0.328572 -0.450392 0.796104 0.161742 0.910480 1.056307 0.464930 -0.940529
0.985713 0.487180 1.993851 -0.307905 0.283128 -0.048966 0.528571 -0.091414 1.099534 0.459030 0.189054 -0.597277 0.529424 -0.171252
1.000000 0.743590 2.047743 0.555743 0.290781 0.088379 0.542858 0.164995 1.246165 0.639386 1.057110 1.236663 0.613797 0.295066
0.899999 0.846154 1.670524 0.901202 0.237215 0.143318 0.442857 0.267559 1.235304 0.754572 0.178193 -0.482092 0.589451 0.543477
0.742856 0.769229 1.077755 0.642101 0.153042 0.102113 0.285713 0.190634 1.069368 0.802838 0.891175 1.284930 0.423120 0.588388
0.671428 0.641026 0.808320 0.210284 0.114782 0.033441 0.214286 0.062432 0.928294 0.762238 0.037120 -0.522692 0.282368 0.283499
0.657141 0.589744 0.754428 0.037554 0.107129 0.005972 0.199999 0.011150 0.882968 0.731398 0.845849 1.254090 0.239965 0.055691
0.614285 0.512820 0.592769 -0.221546 0.084174 -0.035232 0.157143 -0.065775 0.800207 0.695617 -0.045642 -0.558474 0.166715 -0.396411
0.599999 0.487180 0.538877 -0.307905 0.076521 -0.048966 0.142857 -0.091414 0.772880 0.681997 0.818522 1.240470 0.145980 -0.569244
0.500000 0.487180 0.161666 -0.307905 0.022957 -0.048966 0.042858 -0.091414 0.698101 0.772413 -0.120421 -0.468057 0.052336 -1.132393
0.399999 0.461538 -0.215552 -0.394276 -0.030609 -0.062701 -0.057143 -0.117057 0.610751 0.856706 0.731172 1.324763 0.057312 1.116663
0.357141 0.461538 -0.377220 -0.394276 -0.053565 -0.062701 -0.100001 -0.117057 0.583581 0.912232 -0.147591 -0.412531 0.100098 0.863815
0.285714 0.461538 -0.646654 -0.394276 -0.091825 -0.062701 -0.171428 -0.117057 0.542816 1.016489 0.690407 1.429020 0.171485 0.599112
0.200000 0.461538 -0.969981 -0.394276 -0.137738 -0.062701 -0.257143 -0.117057 0.503008 1.161889 -0.187399 -0.267131 0.257180 0.427189
0.171428 0.461538 -1.077757 -0.394276 -0.153042 -0.062701 -0.285714 -0.117057 0.492346 1.215161 0.679745 1.482292 0.285748 0.388841
