0.000000 0.500003 -1.388915 -0.174396 -0.124086 -0.015995 -0.406645 -0.052417 0.500003 1.570796 0.500003 1.570796 0.417224 0.128194
0.030301 0.500003 -1.285422 -0.174396 -0.114840 -0.015995 -0.376345 -0.052417 0.500920 1.510269 0.000917 -0.060527 0.387751 0.138389
0.060606 0.500003 -1.181913 -0.174396 -0.105592 -0.015995 -0.346040 -0.052417 0.503663 1.450174 0.502746 1.510701 0.358412 0.150334
0.090907 0.500003 -1.078420 -0.174396 -0.096346 -0.015995 -0.315739 -0.052417 0.508200 1.390949 0.005454 -0.119752 0.329252 0.164514
0.121212 0.500003 -0.974911 -0.174396 -0.087099 -0.015995 -0.285434 -0.052417 0.514486 1.332962 0.509031 1.452714 0.300313 0.181617
0.181818 0.541666 -0.767909 -0.035779 -0.068605 -0.003281 -0.224828 -0.010754 0.571367 1.246950 0.062336 -0.205764 0.262256 0.047795
0.212118 0.583336 -0.664416 0.102859 -0.059359 0.009434 -0.194527 0.030916 0.620705 1.222031 0.558370 1.427795 0.262793 -0.157609
0.212118 0.624999 -0.664416 0.241476 -0.059359 0.022147 -0.194527 0.072579 0.660014 1.243605 0.101644 -0.184191 0.292437 -0.357108
0.242424 0.666669 -0.560907 0.380114 -0.050112 0.034862 -0.164222 0.114249 0.709378 1.222027 0.607733 1.406218 0.307540 -0.607832
0.303030 0.750002 -0.353904 0.657370 -0.031618 0.060291 -0.103616 0.197581 0.808906 1.186813 0.201173 -0.219404 0.358650 -1.087803
0.303030 0.791665 -0.353904 0.795987 -0.031618 0.073004 -0.103616 0.239245 0.847679 1.205227 0.646506 1.424631 0.398718 -1.162088
0.303030 0.833334 -0.353904 0.934625 -0.031618 0.085720 -0.103616 0.280914 0.886720 1.222026 0.240214 -0.202604 0.439090 -1.217426
0.303030 0.874998 -0.353904 1.073242 -0.031618 0.098433 -0.103616 0.322577 0.925985 1.237403 0.685771 1.440008 0.479677 -1.259994
0.303030 0.916667 -0.353904 1.211880 -0.031618 0.111148 -0.103616 0.364247 0.965456 1.251528 0.279686 -0.188480 0.520441 -1.293651
0.303030 0.958330 -0.353904 1.350497 -0.031618 0.123862 -0.103616 0.405910 1.005099 1.264539 0.725414 1.453019 0.561331 -1.320866
0.272724 0.958330 -0.457413 1.350497 -0.040865 0.123862 -0.133921 0.405910 0.996381 1.293543 0.270968 -0.159476 0.567707 -1.252114
0.242424 1.000000 -0.560907 1.489135 -0.050112 0.136577 -0.164222 0.447580 1.028965 1.332961 0.757997 1.492437 0.615661 -1.219137
0.212118 1.000000 -0.664416 1.489135 -0.059359 0.136577 -0.194527 0.447580 1.022250 1.361776 0.264252 -0.130660 0.624428 -1.160806
0.181818 1.000000 -0.767909 1.489135 -0.068605 0.136577 -0.224828 0.447580 1.016394 1.390943 0.752142 1.521604 0.634521 -1.105295
0.151513 0.958330 -0.871418 1.350497 -0.077853 0.123862 -0.255133 0.405910 0.970234 1.413994 0.218091 -0.107610 0.607823 -1.009652
0.121212 0.916667 -0.974911 1.211880 -0.087099 0.111148 -0.285434 0.364247 0.924646 1.439328 0.706555 1.546938 0.584461 -0.906119
0.090907 0.874998 -1.078420 1.073242 -0.096346 0.098433 -0.315739 0.322577 0.879707 1.467274 0.173152 -0.079664 0.564841 -0.796111
0.090907 0.791665 -1.078420 0.795987 -0.096346 0.073004 -0.315739 0.239245 0.796867 1.456467 0.623715 1.536131 0.497927 -0.648430
0.060606 0.750002 -1.181913 0.657370 -0.105592 0.060291 -0.346040 0.197581 0.752446 1.490164 0.128731 -0.045967 0.487480 -0.518807
0.060606 0.666669 -1.181913 0.380114 -0.105592 0.034862 -0.346040 0.114249 0.669418 1.480137 0.540686 1.526104 0.432846 -0.318892
0.060606 0.541666 -1.181913 -0.035779 -0.105592 -0.003281 -0.346040 -0.010754 0.545046 1.459372 0.004360 -0.066733 0.371449 0.031067
0.060606 0.458334 -1.181913 -0.313034 -0.105592 -0.028710 -0.346040 -0.094087 0.462323 1.439328 0.457963 1.506061 0.349879 0.265478
0.060606 0.416670 -1.181913 -0.451651 -0.105592 -0.041423 -0.346040 -0.135750 0.421055 1.426356 -0.036908 -0.079704 0.346185 0.373847
0.090907 0.333338 -1.078420 -0.728906 -0.096346 -0.066852 -0.315739 -0.219083 0.345511 1.304554 0.382419 1.384259 0.324137 0.606602
0.151513 0.166672 -0.871418 -1.283417 -0.077853 -0.117709 -0.255133 -0.385748 0.225246 0.833006 -0.157174 -0.551253 0.350257 0.986451
0.212118 0.125002 -0.664416 -1.422055 -0.059359 -0.130425 -0.194527 -0.427418 0.246211 0.532518 0.403385 1.083771 0.342292 1.143692
0.272724 0.083333 -0.457413 -1.560693 -0.040865 -0.143140 -0.133921 -0.469087 0.285172 0.296547 -0.118213 -0.787224 0.349951 1.292701
0.393936 0.000000 -0.043409 -1.837948 -0.003878 -0.168569 -0.012709 -0.552420 0.393936 0.000000 0.512149 0.787224 0.406844 1.547794
0.484847 0.000000 0.267102 -1.837948 0.023863 -0.168569 0.078202 -0.552420 0.484847 0.000000 -0.027302 -0.787224 0.414097 -1.430168
0.636360 0.000000 0.784600 -1.837948 0.070096 -0.168569 0.229714 -0.552420 0.636360 0.000000 0.663662 0.787224 0.467043 -1.176716
0.727271 0.041670 1.095111 -1.699310 0.097837 -0.155853 0.320626 -0.510751 0.728464 0.057233 0.064802 -0.729991 0.485807 -1.010219
0.878788 0.166672 1.612624 -1.283417 0.144072 -0.117709 0.472143 -0.385748 0.894454 0.187435 0.829652 0.917426 0.529628 -0.685031
0.939394 0.208335 1.819626 -1.144800 0.162566 -0.104996 0.532749 -0.344085 0.962219 0.218244 0.132567 -0.699182 0.568461 -0.573465
1.000000 0.375001 2.026628 -0.590289 0.181060 -0.054139 0.593355 -0.177419 1.068001 0.358771 0.935434 1.057953 0.594198 -0.290549
1.000000 0.458334 2.026628 -0.313034 0.181060 -0.028710 0.593355 -0.094087 1.100032 0.429762 0.164598 -0.628191 0.595602 -0.157258
1.000000 0.583336 2.026628 0.102859 0.181060 0.009434 0.593355 0.030916 1.157705 0.528076 0.993107 1.156267 0.619104 0.052056
0.969695 0.708332 1.923120 0.518731 0.171812 0.047576 0.563049 0.155912 1.200851 0.630884 0.207743 -0.525384 0.638780 0.270137
0.939394 0.791665 1.819626 0.795987 0.162566 0.073004 0.532749 0.239245 1.228493 0.700264 1.020750 1.225648 0.657313 0.422085
0.848483 0.874998 1.509115 1.073242 0.134825 0.098433 0.441837 0.322577 1.218829 0.800781 0.198079 -0.424866 0.643874 0.630631
0.818182 0.874998 1.405622 1.073242 0.125579 0.098433 0.411537 0.322577 1.197933 0.818941 0.999853 1.243807 0.623471 0.664807
0.757572 0.874998 1.198604 1.073242 0.107084 0.098433 0.350926 0.322577 1.157383 0.857202 0.157530 -0.386606 0.585238 0.743331
0.696966 0.833334 0.991602 0.934625 0.088590 0.085720 0.290320 0.280914 1.086374 0.874276 0.928844 1.260881 0.516090 0.768933
0.666665 0.791665 0.888109 0.795987 0.079344 0.073004 0.260020 0.239245 1.034976 0.870903 0.106132 -0.389978 0.464597 0.743811
0.636360 0.708332 0.784600 0.518731 0.070096 0.047576 0.229714 0.155912 0.952202 0.838870 0.846069 1.228848 0.379188 0.596301
0.636360 0.666669 0.784600 0.380114 0.070096 0.034862 0.229714 0.114249 0.921630 0.808654 0.075560 -0.420194 0.346959 0.461526
0.636360 0.583336 0.784600 0.102859 0.070096 0.009434 0.229714 0.030916 0.863270 0.741952 0.787710 1.162146 0.289807 0.133779
0.636360 0.541666 0.784600 -0.035779 0.070096 -0.003281 0.229714 -0.010754 0.835677 0.705187 0.047968 -0.456959 0.266457 -0.046780
0.636360 0.458334 0.784600 -0.313034 0.070096 -0.028710 0.229714 -0.094087 0.784234 0.624183 0.736267 1.081142 0.235458 -0.388738
0.606059 0.416670 0.681106 -0.451651 0.060850 -0.041423 0.199414 -0.135750 0.735474 0.602293 -0.000793 -0.478849 0.199666 -0.597686
0.575754 0.375001 0.577598 -0.590289 0.051603 -0.054139 0.169109 -0.177419 0.687109 0.577303 0.687901 1.056153 0.172044 -0.809377
0.575754 0.333338 0.577598 -0.728906 0.051603 -0.066852 0.169109 -0.219083 0.665287 0.524804 -0.022615 -0.531349 0.184314 -0.913430
0.484847 0.291668 0.267102 -0.867545 0.023863 -0.079567 0.078202 -0.260752 0.565816 0.541571 0.588430 1.072919 0.139052 -1.279423
0.454542 0.291668 0.163593 -0.867545 0.014615 -0.079567 0.047897 -0.260752 0.540073 0.570500 -0.048357 -0.502419 0.124555 -1.389135
0.363636 0.250005 -0.146902 -1.006162 -0.013124 -0.092281 -0.043010 -0.302416 0.441286 0.602297 0.489643 1.104717 0.162438 1.429522
0.333330 0.250005 -0.250411 -1.006162 -0.022372 -0.092281 -0.073315 -0.302416 0.416667 0.643515 -0.072976 -0.461202 0.172949 1.332953
0.272724 0.208335 -0.457413 -1.144800 -0.040865 -0.104996 -0.133921 -0.344085 0.343194 0.652340 0.416170 1.113542 0.239294 1.199627
0.242424 0.208335 -0.560907 -1.144800 -0.050112 -0.104996 -0.164222 -0.344085 0.319645 0.709917 -0.096525 -0.403625 0.257480 1.125497
