0.185187 0.764706 -0.987958 0.439031 -0.079076 0.038470 -0.272890 0.132761 0.786810 1.333202 0.786810 1.333202 0.410475 -0.452790
0.203705 0.764706 -0.920919 0.439031 -0.073710 0.038470 -0.254373 0.132761 0.791373 1.310459 0.004563 -0.022743 0.398405 -0.481026
0.222224 0.764706 -0.853871 0.439031 -0.068343 0.038470 -0.235853 0.132761 0.796341 1.287984 0.791778 1.310728 0.386843 -0.512692
0.240741 0.764706 -0.786832 0.439031 -0.062978 0.038470 -0.217336 0.132761 0.801705 1.265803 0.009927 -0.044925 0.375840 -0.548365
0.259261 0.764706 -0.719784 0.439031 -0.057611 0.038470 -0.198816 0.132761 0.807460 1.243924 0.797532 1.288849 0.365443 -0.588759
0.277778 0.764706 -0.652745 0.439031 -0.052245 0.038470 -0.180299 0.132761 0.813594 1.222368 0.016062 -0.066481 0.355709 -0.634701
0.314815 0.764706 -0.518659 0.439031 -0.041513 0.038470 -0.143262 0.132761 0.826973 1.180260 0.810911 1.246741 0.338445 -0.747374
0.333335 0.764706 -0.451610 0.439031 -0.036147 0.038470 -0.124742 0.132761 0.834199 1.159730 0.023288 -0.087011 0.331031 -0.816530
0.351852 0.764706 -0.384572 0.439031 -0.030781 0.038470 -0.106225 0.132761 0.841769 1.139563 0.818481 1.226575 0.324507 -0.895982
0.370372 0.823529 -0.317523 0.633557 -0.025414 0.055516 -0.087705 0.191585 0.902982 1.148161 0.084501 -0.078414 0.375829 -1.141486
0.388889 0.823529 -0.250485 0.633557 -0.020049 0.055516 -0.069188 0.191585 0.910733 1.129617 0.826233 1.208030 0.371944 -1.224236
0.388889 0.882353 -0.250485 0.828082 -0.020049 0.072561 -0.069188 0.250408 0.964252 1.155669 0.138019 -0.052362 0.429880 -1.301221
0.388889 0.911767 -0.250485 0.925352 -0.020049 0.081084 -0.069188 0.279822 0.991238 1.167637 0.853219 1.219998 0.458935 -1.328401
0.370372 0.941176 -0.317523 1.022607 -0.025414 0.089606 -0.087705 0.309232 1.011429 1.195888 0.158210 -0.024110 0.490996 -1.294432
0.333335 0.970590 -0.451610 1.119877 -0.036147 0.098130 -0.124742 0.338646 1.026235 1.239982 0.868025 1.264092 0.527476 -1.217864
0.314815 0.970590 -0.518659 1.119877 -0.041513 0.098130 -0.143262 0.338646 1.020370 1.257148 0.152344 -0.006943 0.532160 -1.170584
0.277778 1.000000 -0.652745 1.217133 -0.052245 0.106652 -0.180299 0.368055 1.037864 1.299849 0.885519 1.306792 0.571129 -1.115287
0.259261 1.000000 -0.719784 1.217133 -0.057611 0.106652 -0.198816 0.368055 1.033062 1.317120 0.147543 0.010328 0.577242 -1.075524
0.222224 1.000000 -0.853871 1.217133 -0.068343 0.106652 -0.235853 0.368055 1.024394 1.352125 0.876852 1.341797 0.591022 -1.000910
0.185187 0.970590 -0.987958 1.119877 -0.079076 0.098130 -0.272890 0.338646 0.988099 1.382264 0.111248 0.040466 0.580636 -0.892513
0.111114 0.941176 -1.256131 1.022607 -0.100540 0.089606 -0.346963 0.309232 0.947713 1.453282 0.836465 1.412816 0.594785 -0.727960
0.092594 0.882353 -1.323180 0.828082 -0.105906 0.072561 -0.365483 0.250408 0.887198 1.466239 0.050733 0.053424 0.559989 -0.600685
0.055557 0.852943 -1.457267 0.730827 -0.116639 0.064039 -0.402520 0.220999 0.854751 1.505753 0.804018 1.452329 0.563863 -0.502104
0.037037 0.823529 -1.524315 0.633557 -0.122005 0.055516 -0.421040 0.191585 0.824362 1.525853 0.020344 0.073524 0.557521 -0.427026
0.018520 0.764706 -1.591354 0.439031 -0.127371 0.038470 -0.439557 0.132761 0.764930 1.546583 0.744586 1.473059 0.535940 -0.293321
0.000000 0.705882 -1.658402 0.244506 -0.132737 0.021425 -0.458077 0.073938 0.705882 1.570796 -0.038704 0.097738 0.520809 -0.160028
0.000000 0.647059 -1.658402 0.049981 -0.132737 0.004380 -0.458077 0.015114 0.647059 1.570796 0.685763 1.473059 0.495529 -0.032982
0.000000 0.588235 -1.658402 -0.144544 -0.132737 -0.012666 -0.458077 -0.043710 0.588235 1.570796 -0.097527 0.097738 0.476210 0.095132
0.000000 0.500002 -1.658402 -0.436325 -0.132737 -0.038233 -0.458077 -0.131943 0.500002 1.570796 0.597530 1.473059 0.459992 0.280445
0.074074 0.352941 -1.390228 -0.922646 -0.111273 -0.080847 -0.384003 -0.279004 0.360631 1.363923 -0.236899 -0.109136 0.398136 0.628334
0.129631 0.294118 -1.189093 -1.117171 -0.095174 -0.097893 -0.328446 -0.337827 0.321418 1.155666 0.558317 1.264802 0.367096 0.799477
0.203705 0.205880 -0.920919 -1.408966 -0.073710 -0.123461 -0.254373 -0.426065 0.289624 0.790710 -0.268693 -0.474092 0.358202 1.032565
0.277778 0.147057 -0.652745 -1.603492 -0.052245 -0.140507 -0.180299 -0.484888 0.314303 0.486892 0.582996 0.960984 0.359502 1.214803
0.370372 0.088233 -0.317523 -1.798017 -0.025414 -0.157552 -0.087705 -0.543712 0.380737 0.233869 -0.202259 -0.727115 0.380101 1.410866
0.555557 0.000000 0.352911 -2.089798 0.028247 -0.183119 0.097480 -0.631945 0.555557 0.000000 0.757816 0.727115 0.468334 -1.417749
0.629631 0.000000 0.621085 -2.089798 0.049711 -0.183119 0.171554 -0.631945 0.629631 0.000000 -0.128185 -0.727115 0.489147 -1.305716
0.703705 0.000000 0.889259 -2.089798 0.071176 -0.183119 0.245627 -0.631945 0.703705 0.000000 0.831889 0.727115 0.519776 -1.200082
0.759261 0.000000 1.090394 -2.089798 0.087274 -0.183119 0.301184 -0.631945 0.759261 0.000000 -0.072628 -0.727115 0.548221 -1.126044
0.814815 0.058824 1.291520 -1.895272 0.103372 -0.166074 0.356738 -0.573121 0.816936 0.072067 0.889564 0.799183 0.535412 -1.014034
0.907409 0.147057 1.626742 -1.603492 0.130203 -0.140507 0.449332 -0.484888 0.919248 0.160665 0.029684 -0.638517 0.546473 -0.823440
0.944446 0.205880 1.760829 -1.408966 0.140936 -0.123461 0.486369 -0.426065 0.966626 0.214633 0.936942 0.853150 0.547867 -0.719403
0.981483 0.323527 1.894916 -1.019916 0.151668 -0.089370 0.523406 -0.308418 1.033430 0.318415 0.096489 -0.534735 0.540423 -0.532479
1.000000 0.411765 1.961954 -0.728120 0.157034 -0.063802 0.541923 -0.220180 1.081457 0.390607 0.984968 0.925342 0.543898 -0.385921
1.000000 0.470588 1.961954 -0.533595 0.157034 -0.046756 0.541923 -0.161357 1.105194 0.439843 0.120225 -0.485500 0.542067 -0.289390
1.000000 0.529412 1.961954 -0.339070 0.157034 -0.029711 0.541923 -0.102533 1.131493 0.486899 1.011268 0.972399 0.546598 -0.186992
1.000000 0.588235 1.961954 -0.144544 0.157034 -0.012666 0.541923 -0.043710 1.160181 0.531724 0.148913 -0.440675 0.557334 -0.080482
0.962963 0.735296 1.827867 0.341776 0.146301 0.029948 0.504886 0.103351 1.211593 0.652134 1.062680 1.092809 0.575986 0.201913
0.925926 0.794120 1.693780 0.536301 0.135569 0.046994 0.467849 0.162175 1.219822 0.708918 0.157142 -0.383891 0.576027 0.333678
0.907409 0.823529 1.626742 0.633557 0.130203 0.055516 0.449332 0.191585 1.225395 0.736977 1.068253 1.120868 0.579184 0.403036
0.833335 0.882353 1.358568 0.828082 0.108739 0.072561 0.375258 0.250408 1.213670 0.813961 0.145417 -0.306907 0.566417 0.588438
0.777778 0.882353 1.157433 0.828082 0.092640 0.072561 0.319701 0.250408 1.176217 0.848307 1.030800 1.155214 0.531243 0.664448
0.740741 0.882353 1.023346 0.828082 0.081908 0.072561 0.282664 0.250408 1.152061 0.872426 0.121261 -0.282788 0.509813 0.724962
0.685187 0.882353 0.822221 0.828082 0.065810 0.072561 0.227110 0.250408 1.117152 0.910521 0.995891 1.193309 0.481237 0.834149
0.648148 0.852943 0.688123 0.730827 0.055077 0.064039 0.190071 0.220999 1.071265 0.920992 0.075374 -0.272317 0.438231 0.860494
0.629631 0.823529 0.621085 0.633557 0.049711 0.055516 0.171554 0.191585 1.036646 0.918047 0.961272 1.190364 0.403715 0.840503
0.592594 0.764706 0.486998 0.439031 0.038979 0.038470 0.134517 0.132761 0.967441 0.911530 0.006169 -0.278834 0.334837 0.778830
0.592594 0.705882 0.486998 0.244506 0.038979 0.021425 0.134517 0.073938 0.921649 0.872425 0.915480 1.151259 0.281961 0.502577
0.592594 0.676473 0.486998 0.147251 0.038979 0.012903 0.134517 0.044528 0.899324 0.851397 -0.016157 -0.299862 0.256498 0.319669
0.611111 0.617649 0.554037 -0.047274 0.044345 -0.004142 0.153034 -0.014296 0.868877 0.790719 0.885034 1.090581 0.221094 -0.093144
0.629631 0.617649 0.621085 -0.047274 0.049711 -0.004142 0.171554 -0.014296 0.882001 0.775792 -0.003033 -0.314789 0.234295 -0.083138
0.648148 0.588235 0.688123 -0.144544 0.055077 -0.012666 0.190071 -0.043710 0.875281 0.736978 0.878313 1.051767 0.230365 -0.226035
0.666668 0.558826 0.755172 -0.241800 0.060443 -0.021188 0.208591 -0.073119 0.869903 0.697626 -0.008410 -0.354142 0.231647 -0.337155
0.648148 0.558826 0.688123 -0.241800 0.055077 -0.021188 0.190071 -0.073119 0.855793 0.711528 0.864203 1.065670 0.215121 -0.367243
0.629631 0.558826 0.621085 -0.241800 0.049711 -0.021188 0.171554 -0.073119 0.841856 0.725891 -0.022347 -0.339778 0.198950 -0.402901
0.574074 0.558826 0.419950 -0.241800 0.033613 -0.021188 0.115997 -0.073119 0.801154 0.771940 0.823501 1.111718 0.153641 -0.562440
0.537037 0.558826 0.285863 -0.241800 0.022880 -0.021188 0.078960 -0.073119 0.775045 0.805278 -0.048456 -0.306440 0.128004 -0.747011
0.425926 0.558826 -0.116398 -0.241800 -0.009316 -0.021188 -0.032151 -0.073119 0.702637 0.919545 0.751093 1.225985 0.105754 1.156535
0.370372 0.558826 -0.317523 -0.241800 -0.025414 -0.021188 -0.087705 -0.073119 0.670419 0.985497 -0.080674 -0.240487 0.133576 0.694951
0.259261 0.588235 -0.719784 -0.144544 -0.057611 -0.012666 -0.198816 -0.043710 0.642835 1.155666 0.723509 1.396153 0.237632 0.216407
0.222224 0.588235 -0.853871 -0.144544 -0.068343 -0.012666 -0.235853 -0.043710 0.628812 1.209589 -0.094698 -0.186564 0.269384 0.183247
0.166668 0.588235 -1.055006 -0.144544 -0.084442 -0.012666 -0.291409 -0.043710 0.611391 1.294698 0.706088 1.481262 0.319156 0.148884
0.148151 0.588235 -1.122045 -0.144544 -0.089808 -0.012666 -0.309927 -0.043710 0.606605 1.324072 -0.099484 -0.157190 0.336148 0.140108
