0.095238 0.615385 -1.184328 0.230061 -0.111894 0.023354 -0.333782 0.069665 0.622711 1.417253 0.622711 1.417253 0.382286 -0.205761
0.119046 0.615385 -1.099853 0.230061 -0.103913 0.023354 -0.309975 0.069665 0.626794 1.379707 0.004083 -0.037545 0.361685 -0.221072
0.142857 0.615385 -1.015366 0.230061 -0.095930 0.023354 -0.286163 0.069665 0.631749 1.342694 0.627666 1.380239 0.341498 -0.238800
0.166665 0.615385 -0.930891 0.230061 -0.087949 0.023354 -0.262356 0.069665 0.637554 1.306311 0.009888 -0.073928 0.321811 -0.259548
0.190476 0.615385 -0.846404 0.230061 -0.079967 0.023354 -0.238544 0.069665 0.644189 1.270625 0.634300 1.344554 0.302713 -0.284141
0.238095 0.653849 -0.677441 0.357085 -0.064004 0.036248 -0.190925 0.108130 0.695851 1.221577 0.061550 -0.122976 0.294958 -0.515306
0.238095 0.692308 -0.677441 0.484090 -0.064004 0.049141 -0.190925 0.146588 0.732106 1.239552 0.670556 1.362529 0.325227 -0.654783
0.285714 0.769231 -0.508479 0.738119 -0.048040 0.074928 -0.143306 0.223511 0.820578 1.215160 0.150022 -0.147368 0.369161 -1.000662
0.285714 0.846154 -0.508479 0.992148 -0.048040 0.100714 -0.143306 0.300434 0.893090 1.245155 0.743067 1.392523 0.441063 -1.125720
0.285714 0.884618 -0.508479 1.119172 -0.048040 0.113609 -0.143306 0.338899 0.929614 1.258392 0.186547 -0.134131 0.477605 -1.170741
0.261903 0.923077 -0.592967 1.246177 -0.056023 0.126501 -0.167117 0.377358 0.959512 1.294334 0.772966 1.428465 0.521555 -1.153894
0.261903 0.961541 -0.592967 1.373202 -0.056023 0.139396 -0.167117 0.415822 0.996572 1.304869 0.223606 -0.123596 0.558128 -1.188656
0.238095 1.000000 -0.677441 1.500207 -0.064004 0.152288 -0.190925 0.454281 1.027954 1.337053 0.804348 1.460649 0.602055 -1.172930
0.214284 1.000000 -0.761929 1.500207 -0.071986 0.152288 -0.214737 0.454281 1.022701 1.359705 0.218353 -0.100944 0.610024 -1.129230
0.142857 1.000000 -1.015366 1.500207 -0.095930 0.152288 -0.286163 0.454281 1.010153 1.428899 0.791800 1.529843 0.638676 -1.008662
0.119046 0.961541 -1.099853 1.373202 -0.103913 0.139396 -0.309975 0.415822 0.968883 1.447616 0.177083 -0.082227 0.616168 -0.930213
0.047619 0.846154 -1.353290 0.992148 -0.127857 0.100714 -0.381401 0.300434 0.847493 1.514579 0.670410 1.596806 0.565214 -0.667203
0.023808 0.769231 -1.437777 0.738119 -0.135839 0.074928 -0.405213 0.223511 0.769599 1.539856 0.099189 -0.056950 0.529094 -0.504063
0.000000 0.692308 -1.522252 0.484090 -0.143820 0.049141 -0.429020 0.146588 0.692308 1.570796 0.593118 1.627746 0.503367 -0.329245
0.000000 0.576926 -1.522252 0.103056 -0.143820 0.010461 -0.429020 0.031207 0.576926 1.570796 -0.016192 -0.056950 0.453800 -0.072611
0.023808 0.500003 -1.437777 -0.150973 -0.135839 -0.015326 -0.405213 -0.045717 0.500569 1.523217 0.516762 1.580167 0.411383 0.112346
0.095238 0.307692 -1.184328 -0.786056 -0.111894 -0.079794 -0.333782 -0.238027 0.322094 1.270625 -0.194667 -0.309542 0.355149 0.619478
0.142857 0.230769 -1.015366 -1.040085 -0.095930 -0.105580 -0.286163 -0.314950 0.271409 1.016489 0.466076 1.326031 0.348128 0.833251
0.214284 0.153846 -0.761929 -1.294114 -0.071986 -0.131367 -0.214737 -0.391873 0.263792 0.622675 -0.202284 -0.703356 0.349045 1.069510
0.309522 0.076923 -0.424005 -1.548143 -0.040059 -0.157154 -0.119498 -0.468796 0.318937 0.243587 0.521221 0.946943 0.371823 1.321207
0.404760 0.038464 -0.086081 -1.675148 -0.008133 -0.170047 -0.024260 -0.507255 0.406584 0.094746 -0.114637 -0.852197 0.391309 1.523006
0.523810 0.038464 0.336331 -1.675148 0.031776 -0.170047 0.094789 -0.507255 0.525220 0.073301 0.639857 0.925498 0.401894 -1.386060
0.619048 0.000000 0.674255 -1.802172 0.063703 -0.182941 0.190027 -0.545719 0.619048 0.000000 -0.020810 -0.925498 0.469222 -1.235713
0.785716 0.038464 1.265629 -1.675148 0.119575 -0.170047 0.356696 -0.507255 0.786657 0.048916 0.807467 0.974414 0.528929 -0.957934
0.857143 0.076923 1.519066 -1.548143 0.143519 -0.157154 0.428122 -0.468796 0.860588 0.089504 0.053121 -0.884910 0.554312 -0.830716
0.928573 0.153846 1.772515 -1.294114 0.167465 -0.131367 0.499553 -0.391873 0.941232 0.164189 0.888111 1.049098 0.570328 -0.665186
0.976192 0.230769 1.941477 -1.040085 0.183428 -0.105580 0.547172 -0.314950 1.003098 0.232136 0.114987 -0.816963 0.581980 -0.522282
1.000000 0.307692 2.025952 -0.786056 0.191409 -0.079794 0.570980 -0.238027 1.046267 0.298499 0.931279 1.115462 0.583728 -0.394969
1.000000 0.423080 2.025952 -0.405002 0.191409 -0.041112 0.570980 -0.122640 1.085816 0.400243 0.154537 -0.715218 0.571010 -0.211574
0.952381 0.576926 1.856990 0.103056 0.175446 0.010461 0.523361 0.031207 1.113496 0.544653 0.958959 1.259871 0.543859 0.059557
0.904762 0.653849 1.688028 0.357085 0.159482 0.036248 0.475741 0.108130 1.116294 0.625783 0.157335 -0.634089 0.526192 0.223490
0.857143 0.692308 1.519066 0.484090 0.143519 0.049141 0.428122 0.146588 1.101809 0.679414 0.944474 1.313503 0.502602 0.329886
0.809524 0.730772 1.350103 0.611114 0.127556 0.062035 0.380503 0.185053 1.090576 0.734315 0.146102 -0.579188 0.485630 0.452657
0.761905 0.769231 1.181141 0.738119 0.111593 0.074928 0.332884 0.223511 1.082689 0.790183 0.936587 1.369370 0.475978 0.591299
0.666667 0.769231 0.843217 0.738119 0.079666 0.074928 0.237646 0.223511 1.017920 0.856706 0.081333 -0.512665 0.414993 0.754757
0.619048 0.730772 0.674255 0.611114 0.063703 0.062035 0.190027 0.185053 0.957731 0.867980 0.876398 1.380645 0.356601 0.772136
0.595240 0.692308 0.589780 0.484090 0.055722 0.049141 0.166219 0.146588 0.913017 0.860645 0.036619 -0.519999 0.311366 0.722722
0.571429 0.653849 0.505293 0.357085 0.047739 0.036248 0.142408 0.108130 0.868360 0.852564 0.831741 1.372563 0.266135 0.649423
0.571429 0.615385 0.505293 0.230061 0.047739 0.023354 0.142408 0.069665 0.839779 0.822418 0.008038 -0.550145 0.234546 0.454965
0.571429 0.538462 0.505293 -0.023968 0.047739 -0.002433 0.142408 -0.007258 0.785157 0.755704 0.777119 1.305849 0.179604 -0.050921
0.571429 0.500003 0.505293 -0.150973 0.047739 -0.015326 0.142408 -0.045717 0.759298 0.718833 -0.017820 -0.587016 0.159118 -0.310632
0.595240 0.423080 0.589780 -0.405002 0.055722 -0.041112 0.166219 -0.122640 0.730279 0.617919 0.748099 1.204935 0.166326 -0.635658
0.547621 0.423080 0.420818 -0.405002 0.039758 -0.041112 0.118600 -0.122640 0.692015 0.657795 -0.056084 -0.547139 0.118749 -0.802140
0.523810 0.384615 0.336331 -0.532027 0.031776 -0.054007 0.094789 -0.161104 0.649850 0.633355 0.705934 1.180494 0.104675 -1.038971
0.452379 0.384615 0.082882 -0.532027 0.007831 -0.054007 0.023359 -0.161104 0.593781 0.704614 -0.112153 -0.475881 0.050174 -1.426808
0.380952 0.384615 -0.170555 -0.532027 -0.016114 -0.054007 -0.048068 -0.161104 0.541344 0.790183 0.653498 1.266064 0.065440 1.280839
0.333333 0.384615 -0.339517 -0.532027 -0.032077 -0.054007 -0.095687 -0.161104 0.508960 0.856706 -0.144538 -0.409358 0.105489 1.034840
0.214284 0.384615 -0.761929 -0.532027 -0.071986 -0.054007 -0.214737 -0.161104 0.440280 1.062489 0.584818 1.471847 0.219280 0.643655
