0.096155 0.645165 -1.214481 0.173674 -0.104461 0.015753 -0.345562 0.052110 0.652291 1.422846 0.652291 1.422846 0.401004 -0.149671
0.096155 0.612904 -1.214481 0.066156 -0.104461 0.006001 -0.345562 0.019850 0.620401 1.415180 -0.031890 -0.007665 0.385640 -0.057380
0.096155 0.580649 -1.214481 -0.041345 -0.104461 -0.003750 -0.345562 -0.012406 0.588556 1.406686 0.620446 1.414352 0.372445 0.035884
0.115387 0.548388 -1.146889 -0.148863 -0.098647 -0.013502 -0.326330 -0.044666 0.560396 1.363410 -0.060050 -0.050942 0.343322 0.136028
0.153849 0.516133 -1.011716 -0.256365 -0.087020 -0.023253 -0.287869 -0.076922 0.538574 1.281102 0.598624 1.332044 0.297332 0.261110
0.192310 0.516133 -0.876543 -0.256365 -0.075394 -0.023253 -0.249407 -0.076922 0.550796 1.214133 -0.047828 -0.117911 0.260272 0.299161
0.230771 0.516133 -0.741370 -0.256365 -0.063767 -0.023253 -0.210946 -0.076922 0.565375 1.150343 0.613203 1.268254 0.223687 0.349666
0.269233 0.516133 -0.606197 -0.256365 -0.052141 -0.023253 -0.172484 -0.076922 0.582133 1.089991 -0.031070 -0.178263 0.187852 0.419491
0.307694 0.548388 -0.471025 -0.148863 -0.040514 -0.013502 -0.134023 -0.044666 0.628813 1.059480 0.659882 1.237743 0.171292 0.321694
0.365385 0.645165 -0.268270 0.173674 -0.023075 0.015753 -0.076332 0.052110 0.741447 1.055492 0.081565 -0.182251 0.217296 -0.599006
0.384617 0.709681 -0.200679 0.388694 -0.017261 0.035255 -0.057100 0.116626 0.807203 1.074148 0.725639 1.256399 0.273979 -1.115504
0.384617 0.774197 -0.200679 0.603713 -0.017261 0.054758 -0.057100 0.181142 0.864471 1.109716 0.138833 -0.146683 0.337347 -1.265433
0.384617 0.838713 -0.200679 0.818733 -0.017261 0.074261 -0.057100 0.245658 0.922697 1.140830 0.783864 1.287513 0.401081 -1.342414
0.384617 0.903228 -0.200679 1.033752 -0.017261 0.093763 -0.057100 0.310174 0.981709 1.168227 0.197845 -0.119286 0.465030 -1.388744
0.365385 0.935484 -0.268270 1.141254 -0.023075 0.103514 -0.076332 0.342430 1.004309 1.198434 0.806464 1.317719 0.499632 -1.351469
0.346156 0.967744 -0.335852 1.248772 -0.028887 0.113266 -0.095562 0.374690 1.027790 1.227284 0.221326 -0.090435 0.534637 -1.321078
0.307694 1.000000 -0.471025 1.356273 -0.040514 0.123016 -0.134023 0.406946 1.046268 1.272296 0.824941 1.362731 0.574144 -1.252645
0.211539 1.000000 -0.808962 1.356273 -0.069581 0.123016 -0.230178 0.406946 1.022130 1.362330 0.197188 -0.000400 0.603872 -1.056038
0.173078 1.000000 -0.944135 1.356273 -0.081208 0.123016 -0.268639 0.406946 1.014867 1.399416 0.817679 1.399817 0.619554 -0.987329
0.153849 1.000000 -1.011716 1.356273 -0.087020 0.123016 -0.287869 0.406946 1.011765 1.418145 0.194086 0.018328 0.628131 -0.955129
0.115387 0.935484 -1.146889 1.141254 -0.098647 0.103514 -0.326330 0.342430 0.942573 1.448071 0.748487 1.429743 0.591859 -0.809468
0.076926 0.903228 -1.282062 1.033752 -0.110274 0.093763 -0.364792 0.310174 0.906498 1.485834 0.158011 0.056090 0.588273 -0.704656
0.019232 0.774197 -1.484826 0.603713 -0.127714 0.054758 -0.422485 0.181142 0.774435 1.545960 0.616424 1.489870 0.537621 -0.405046
0.000000 0.677420 -1.552418 0.281176 -0.133528 0.025503 -0.441717 0.084366 0.677420 1.570796 0.060996 0.080927 0.500670 -0.188723
0.000000 0.612904 -1.552418 0.066156 -0.133528 0.006001 -0.441717 0.019850 0.612904 1.570796 0.551908 1.489870 0.473729 -0.044908
0.000000 0.516133 -1.552418 -0.256365 -0.133528 -0.023253 -0.441717 -0.076922 0.516133 1.570796 -0.035775 0.080927 0.447942 0.172413
0.019232 0.322585 -1.484826 -0.901423 -0.127714 -0.081761 -0.422485 -0.270469 0.323158 1.511248 0.358933 1.430321 0.438960 0.569446
0.076926 0.258069 -1.282062 -1.116443 -0.110274 -0.101263 -0.364792 -0.334985 0.269290 1.281100 -0.089643 -0.149221 0.408411 0.742830
0.134616 0.161292 -1.079308 -1.438980 -0.092834 -0.130518 -0.307101 -0.431762 0.210088 0.875304 0.299731 1.024526 0.415871 0.952544
0.211539 0.096776 -0.808962 -1.654000 -0.069581 -0.150021 -0.230178 -0.496278 0.232625 0.429062 -0.067105 -0.595463 0.414688 1.136518
0.288462 0.064516 -0.538616 -1.761518 -0.046328 -0.159773 -0.153255 -0.528538 0.295589 0.220034 0.362694 0.815497 0.407146 1.288575
0.480769 0.000000 0.137248 -1.976537 0.011805 -0.179276 0.039052 -0.593054 0.480769 0.000000 0.118075 -0.815497 0.443440 -1.505042
0.557692 0.000000 0.407594 -1.976537 0.035058 -0.179276 0.115975 -0.593054 0.557692 0.000000 0.439617 0.815497 0.456688 -1.377678
0.653847 0.000000 0.745532 -1.976537 0.064125 -0.179276 0.212130 -0.593054 0.653847 0.000000 0.214230 -0.815497 0.490014 -1.227287
0.807693 0.129037 1.286223 -1.546482 0.110631 -0.140269 0.365976 -0.464017 0.817935 0.158421 0.603705 0.973918 0.481360 -0.902977
0.865386 0.193553 1.488988 -1.331462 0.128072 -0.120766 0.423669 -0.399501 0.886767 0.220039 0.283062 -0.753879 0.491000 -0.756047
0.942309 0.387101 1.759333 -0.686404 0.151325 -0.062258 0.500592 -0.205953 1.018722 0.389782 0.735659 1.143661 0.503563 -0.390312
0.980771 0.483872 1.894506 -0.363883 0.162952 -0.033005 0.539053 -0.109182 1.093638 0.458321 0.357978 -0.685340 0.540699 -0.199840
1.000000 0.548388 1.962088 -0.148863 0.168764 -0.013502 0.558283 -0.044666 1.140495 0.501605 0.782517 1.186945 0.568382 -0.079836
1.000000 0.645165 1.962088 0.173674 0.168764 0.015753 0.558283 0.052110 1.190058 0.572968 0.407541 -0.613977 0.594197 0.093071
0.980771 0.741936 1.894506 0.496195 0.162952 0.045006 0.539053 0.148882 1.229789 0.647637 0.822248 1.261614 0.617017 0.269474
0.923077 0.903228 1.691742 1.033752 0.145511 0.093763 0.481360 0.310174 1.291469 0.774530 0.469221 -0.487083 0.666858 0.572408
0.884616 0.967744 1.556569 1.248772 0.133885 0.113266 0.442898 0.374690 1.311135 0.830245 0.841913 1.317329 0.687651 0.702165
0.788464 1.000000 1.218642 1.356273 0.104819 0.123016 0.346746 0.406946 1.273450 0.903129 0.431537 -0.414199 0.657201 0.865102
0.730770 1.000000 1.015877 1.356273 0.087378 0.123016 0.289053 0.406946 1.238558 0.939716 0.807021 1.353916 0.628674 0.953193
0.711541 1.000000 0.948296 1.356273 0.081565 0.123016 0.269823 0.406946 1.227310 0.952367 0.420289 -0.401549 0.620068 0.985305
0.673079 0.967744 0.813123 1.248772 0.069939 0.113266 0.231362 0.374690 1.178798 0.963088 0.758509 1.364637 0.574659 1.017626
0.634618 0.903228 0.677950 1.033752 0.058312 0.093763 0.192901 0.310174 1.103885 0.958320 0.345376 -0.406316 0.500203 1.014422
0.634618 0.838713 0.677950 0.818733 0.058312 0.074261 0.192901 0.245658 1.051750 0.923048 0.706374 1.329364 0.441379 0.905121
0.653847 0.709681 0.745532 0.388694 0.064125 0.035255 0.212130 0.116626 0.964968 0.826323 0.258593 -0.503041 0.341765 0.502680
0.653847 0.677420 0.745532 0.281176 0.064125 0.025503 0.212130 0.084366 0.941496 0.803103 0.682903 1.306145 0.317104 0.378530
0.692309 0.580649 0.880704 -0.041345 0.075752 -0.003750 0.250591 -0.012406 0.903573 0.697905 0.220670 -0.608240 0.286527 -0.049465
0.711541 0.548388 0.948296 -0.148863 0.081565 -0.013502 0.269823 -0.044666 0.898343 0.656621 0.677672 1.264861 0.290144 -0.164050
0.730770 0.483872 1.015877 -0.363883 0.087378 -0.033005 0.289053 -0.109182 0.876446 0.584862 0.198773 -0.679999 0.292110 -0.361156
0.711541 0.451617 0.948296 -0.471384 0.081565 -0.042755 0.269823 -0.141437 0.842762 0.565546 0.643989 1.245545 0.270005 -0.482808
0.692309 0.451617 0.880704 -0.471384 0.075752 -0.042755 0.250591 -0.141437 0.826589 0.578014 0.182600 -0.667530 0.250787 -0.513843
0.653847 0.451617 0.745532 -0.471384 0.064125 -0.042755 0.212130 -0.141437 0.794653 0.604462 0.612053 1.271992 0.212361 -0.588060
0.615386 0.451617 0.610359 -0.471384 0.052499 -0.042755 0.173668 -0.141437 0.763320 0.633101 0.151267 -0.638890 0.173950 -0.683467
0.500001 0.419356 0.204840 -0.578902 0.017619 -0.052507 0.058284 -0.173698 0.652580 0.697903 0.501314 1.336793 0.062426 -1.247053
0.442308 0.419356 0.002076 -0.578902 0.000179 -0.052507 0.000591 -0.173698 0.609505 0.758768 0.108191 -0.578025 0.022369 -1.567396
0.365385 0.419356 -0.268270 -0.578902 -0.023075 -0.052507 -0.076332 -0.173698 0.556207 0.854066 0.448016 1.432091 0.079540 1.156747
0.326924 0.419356 -0.403443 -0.578902 -0.034701 -0.052507 -0.114794 -0.173698 0.531732 0.908628 0.083716 -0.523463 0.116951 0.986810
0.269233 0.419356 -0.606197 -0.578902 -0.052141 -0.052507 -0.172484 -0.173698 0.498343 1.000055 0.414627 1.523518 0.173928 0.788903
0.250001 0.419356 -0.673789 -0.578902 -0.057954 -0.052507 -0.191717 -0.173698 0.488221 1.033210 0.073594 -0.490308 0.193016 0.736128
0.230771 0.419356 -0.741370 -0.578902 -0.063767 -0.052507 -0.210946 -0.173698 0.478660 1.067723 0.405066 1.558031 0.212128 0.688862
