0.111109 0.750000 -1.139277 0.448608 -0.082248 0.032365 -0.366782 0.144330 0.758186 1.423720 0.758186 1.423720 0.456697 -0.374894
0.088889 0.718748 -1.208297 0.351470 -0.087230 0.025357 -0.389002 0.113078 0.724223 1.447749 -0.033962 0.024029 0.457531 -0.282891
0.111109 0.687500 -1.139277 0.254345 -0.082248 0.018350 -0.366782 0.081830 0.696421 1.410568 0.730383 1.386539 0.422451 -0.219508
0.133333 0.656248 -1.070246 0.157207 -0.077264 0.011342 -0.344558 0.050578 0.669656 1.370350 -0.060727 -0.016190 0.387984 -0.145750
0.155554 0.656248 -1.001226 0.157207 -0.072281 0.011342 -0.322338 0.050578 0.674432 1.338057 0.735159 1.354246 0.368392 -0.155641
0.177777 0.656248 -0.932196 0.157207 -0.067298 0.011342 -0.300114 0.050578 0.679901 1.306246 -0.055257 -0.048000 0.349112 -0.166960
0.199998 0.656248 -0.863176 0.157207 -0.062315 0.011342 -0.277893 0.050578 0.686047 1.274978 0.741304 1.322979 0.330205 -0.180034
0.222222 0.656248 -0.794145 0.157207 -0.057332 0.011342 -0.255669 0.050578 0.692852 1.244291 -0.048452 -0.078688 0.311734 -0.195304
0.244442 0.687500 -0.725125 0.254345 -0.052349 0.018350 -0.233449 0.081830 0.729663 1.229184 0.778115 1.307872 0.313742 -0.337145
0.266666 0.718748 -0.656095 0.351470 -0.047365 0.025357 -0.211225 0.113078 0.766622 1.215524 -0.011494 -0.092348 0.320356 -0.491521
0.266666 0.750000 -0.656095 0.448608 -0.047365 0.032365 -0.211225 0.144330 0.795997 1.229181 0.807490 1.321529 0.344469 -0.599431
0.266666 0.781252 -0.656095 0.545747 -0.047365 0.039373 -0.211225 0.175583 0.825510 1.241865 0.018019 -0.079664 0.369654 -0.693513
0.288887 0.843752 -0.587075 0.740010 -0.042383 0.053388 -0.189004 0.238083 0.891837 1.240923 0.873818 1.320587 0.411797 -0.899810
0.288887 0.875000 -0.587075 0.837134 -0.042383 0.060395 -0.189004 0.269330 0.921456 1.251908 0.047638 -0.068680 0.439793 -0.958892
0.288887 0.906252 -0.587075 0.934273 -0.042383 0.067403 -0.189004 0.300583 0.951183 1.262209 0.903545 1.330888 0.468205 -1.009474
0.288887 0.937500 -0.587075 1.031397 -0.042383 0.074410 -0.189004 0.331830 0.981000 1.271883 0.077455 -0.059005 0.496954 -1.053044
0.266666 0.937500 -0.656095 1.031397 -0.047365 0.074410 -0.211225 0.331830 0.974688 1.293672 0.897233 1.352677 0.505822 -1.003938
0.266666 0.968752 -0.656095 1.128536 -0.047365 0.081418 -0.211225 0.363083 1.004785 1.302181 0.107552 -0.050496 0.534379 -1.043901
0.266666 1.000000 -0.656095 1.225660 -0.047365 0.088425 -0.211225 0.394330 1.034945 1.310194 0.927393 1.360690 0.563217 -1.079033
0.244442 1.000000 -0.725125 1.225660 -0.052349 0.088425 -0.233449 0.394330 1.029443 1.331055 0.102049 -0.029635 0.571923 -1.036270
0.222222 1.000000 -0.794145 1.225660 -0.057332 0.088425 -0.255669 0.394330 1.024394 1.352128 0.922344 1.381762 0.581347 -0.995572
0.199998 1.000000 -0.863176 1.225660 -0.062315 0.088425 -0.277893 0.394330 1.019804 1.373403 0.097459 -0.008360 0.591458 -0.956908
0.177777 1.000000 -0.932196 1.225660 -0.067298 0.088425 -0.300114 0.394330 1.015679 1.394857 0.918220 1.403217 0.602217 -0.920247
0.155554 1.000000 -1.001226 1.225660 -0.072281 0.088425 -0.322338 0.394330 1.012026 1.416479 0.093806 0.013263 0.613595 -0.885517
0.133333 0.968752 -1.070246 1.128536 -0.077264 0.081418 -0.344558 0.363083 0.977885 1.434022 0.884079 1.420759 0.599721 -0.811570
0.111109 0.937500 -1.139277 1.031397 -0.082248 0.074410 -0.366782 0.331830 0.944061 1.452830 0.059982 0.032071 0.588021 -0.735410
0.088889 0.906252 -1.208297 0.934273 -0.087230 0.067403 -0.389002 0.300583 0.910601 1.473025 0.850619 1.440954 0.578633 -0.657872
0.066665 0.843752 -1.277327 0.740010 -0.092214 0.053388 -0.411226 0.238083 0.846382 1.491950 -0.004237 0.050996 0.550419 -0.524803
0.044444 0.781252 -1.346347 0.545747 -0.097197 0.039373 -0.433447 0.175583 0.782516 1.513969 0.786753 1.462973 0.529060 -0.384882
0.022221 0.718748 -1.415378 0.351470 -0.102180 0.025357 -0.455671 0.113078 0.719091 1.539891 -0.067662 0.076917 0.515410 -0.243243
0.022221 0.656248 -1.415378 0.157207 -0.102180 0.011342 -0.455671 0.050578 0.656624 1.536949 0.724286 1.460032 0.489333 -0.110544
0.000000 0.625000 -1.484398 0.060083 -0.107163 0.004335 -0.477891 0.019330 0.625000 1.570796 -0.099286 0.110764 0.500021 -0.040427
0.000000 0.562500 -1.484398 -0.134180 -0.107163 -0.009680 -0.477891 -0.043170 0.562500 1.570796 0.661786 1.460032 0.485323 0.090089
0.000000 0.500000 -1.484398 -0.328443 -0.107163 -0.023695 -0.477891 -0.105670 0.500000 1.570796 -0.161786 0.110764 0.478402 0.217615
0.000000 0.437500 -1.484398 -0.522706 -0.107163 -0.037711 -0.477891 -0.168170 0.437500 1.570796 0.599286 1.460032 0.479595 0.338366
0.000000 0.375000 -1.484398 -0.716969 -0.107163 -0.051726 -0.477891 -0.230670 0.375000 1.570796 -0.224286 0.110764 0.488842 0.449698
0.044444 0.281248 -1.346347 -1.008371 -0.097197 -0.072749 -0.433447 -0.324422 0.284738 1.414067 0.509023 1.303302 0.475967 0.642521
0.066665 0.218748 -1.277327 -1.202634 -0.092214 -0.086764 -0.411226 -0.386922 0.228680 1.274981 -0.280343 -0.028321 0.486068 0.754957
0.111109 0.187500 -1.139277 -1.299758 -0.082248 -0.093771 -0.366782 -0.418170 0.217948 1.035849 0.498291 1.064170 0.467821 0.850771
0.133333 0.156248 -1.070246 -1.396897 -0.077264 -0.100779 -0.344558 -0.449422 0.205405 0.864364 -0.292887 -0.199806 0.471354 0.916712
0.177777 0.125000 -0.932196 -1.494021 -0.067298 -0.107786 -0.300114 -0.480670 0.217324 0.612821 0.510211 0.812627 0.463250 1.012653
0.222222 0.093748 -0.794145 -1.591160 -0.057332 -0.114794 -0.255669 -0.511922 0.241187 0.399212 -0.269024 -0.413415 0.461447 1.107605
0.311111 0.031248 -0.518044 -1.785423 -0.037399 -0.128809 -0.166781 -0.574422 0.312676 0.100103 0.581700 0.513518 0.476766 1.288221
0.355555 0.031248 -0.379994 -1.785423 -0.027433 -0.128809 -0.122336 -0.574422 0.356925 0.087659 -0.224774 -0.425859 0.463095 1.360959
0.399999 0.000000 -0.241943 -1.882547 -0.017467 -0.135816 -0.077892 -0.605670 0.399999 0.000000 0.624774 0.425859 0.484197 1.442894
0.444444 0.000000 -0.103893 -1.882547 -0.007500 -0.135816 -0.033448 -0.605670 0.444444 0.000000 -0.180330 -0.425859 0.479060 1.515628
0.488888 0.000000 0.034158 -1.882547 0.002466 -0.135816 0.010997 -0.605670 0.488888 0.000000 0.669218 0.425859 0.478018 -1.552642
0.533332 0.000000 0.172208 -1.882547 0.012432 -0.135816 0.055441 -0.605670 0.533332 0.000000 -0.135886 -0.425859 0.481096 -1.479514
0.622221 0.000000 0.448309 -1.882547 0.032365 -0.135816 0.144330 -0.605670 0.622221 0.000000 0.758107 0.425859 0.499211 -1.336861
0.666666 0.000000 0.586360 -1.882547 0.042331 -0.135816 0.188774 -0.605670 0.666666 0.000000 -0.091441 -0.425859 0.513825 -1.268660
0.711110 0.031248 0.724410 -1.785423 0.052297 -0.128809 0.233219 -0.574422 0.711796 0.043914 0.803237 0.469773 0.503866 -1.185123
0.822223 0.062500 1.069542 -1.688284 0.077213 -0.121801 0.344331 -0.543170 0.824595 0.075868 0.021357 -0.393905 0.539550 -1.005802
0.844443 0.125000 1.138562 -1.494021 0.082196 -0.107786 0.366552 -0.480670 0.853645 0.146959 0.832287 0.540865 0.508815 -0.919289
0.888887 0.156248 1.276613 -1.396897 0.092162 -0.100779 0.410996 -0.449422 0.902515 0.174001 0.070228 -0.366863 0.521893 -0.830028
0.933332 0.218748 1.414663 -1.202634 0.102128 -0.086764 0.455441 -0.386922 0.958623 0.230218 0.888395 0.597081 0.524005 -0.704236
0.955556 0.281248 1.483694 -1.008371 0.107112 -0.072749 0.477664 -0.324422 0.996086 0.286246 0.107690 -0.310835 0.516558 -0.596619
0.977776 0.312500 1.552714 -0.911232 0.112095 -0.065741 0.499885 -0.293170 1.026500 0.309343 0.918810 0.620178 0.526535 -0.530415
0.977776 0.375000 1.552714 -0.716969 0.112095 -0.051726 0.499885 -0.230670 1.047221 0.366222 0.128411 -0.253955 0.510364 -0.432331
1.000000 0.468748 1.621744 -0.425582 0.117078 -0.030704 0.522109 -0.136922 1.104411 0.438335 0.976000 0.692290 0.522189 -0.256473
1.000000 0.531248 1.621744 -0.231319 0.117078 -0.016688 0.522109 -0.074422 1.132353 0.488332 0.156353 -0.203958 0.524828 -0.141588
1.000000 0.593748 1.621744 -0.037056 0.117078 -0.002673 0.522109 -0.011922 1.162986 0.535809 1.006633 0.739767 0.534809 -0.022830
1.000000 0.687500 1.621744 0.254345 0.117078 0.018350 0.522109 0.081830 1.213530 0.602287 0.206898 -0.137480 0.562613 0.155466
0.977776 0.718748 1.552714 0.351470 0.112095 0.025357 0.499885 0.113078 1.213526 0.633886 1.006628 0.771366 0.554884 0.222464
0.977776 0.781252 1.552714 0.545747 0.112095 0.039373 0.499885 0.175583 1.251560 0.674137 0.244932 -0.097230 0.584733 0.337785
0.955556 0.843752 1.483694 0.740010 0.107112 0.053388 0.477664 0.238083 1.274757 0.723341 1.029825 0.820571 0.601679 0.462391
0.933332 0.875000 1.414663 0.837134 0.102128 0.060395 0.455441 0.269330 1.279349 0.753152 0.249524 -0.067419 0.604253 0.534044
0.911111 0.906252 1.345643 0.934273 0.097146 0.067403 0.433220 0.300583 1.285075 0.782725 1.035551 0.850143 0.609240 0.606575
0.888887 0.937500 1.276613 1.031397 0.092162 0.074410 0.410996 0.331830 1.291908 0.812009 0.256357 -0.038135 0.616570 0.679225
0.866667 0.937500 1.207593 1.031397 0.087179 0.074410 0.388776 0.331830 1.276721 0.824639 1.020364 0.862774 0.601986 0.706538
0.822223 0.968752 1.069542 1.128536 0.077213 0.081418 0.344331 0.363083 1.270642 0.867032 0.250278 0.004258 0.599590 0.811899
0.799999 1.000000 1.000512 1.225660 0.072230 0.088425 0.322107 0.394330 1.280624 0.896056 1.030346 0.891798 0.613474 0.885867
0.777778 1.000000 0.931491 1.225660 0.067247 0.088425 0.299887 0.394330 1.266862 0.909753 0.236515 0.017955 0.602104 0.920611
0.755554 1.000000 0.862461 1.225660 0.062263 0.088425 0.277663 0.394330 1.253340 0.923750 1.016825 0.905795 0.591350 0.957298
0.733334 1.000000 0.793441 1.225660 0.057281 0.088425 0.255443 0.394330 1.240072 0.938047 0.223247 0.032252 0.581247 0.995977
0.711110 1.000000 0.724410 1.225660 0.052297 0.088425 0.233219 0.394330 1.227060 0.952653 1.003813 0.920400 0.571829 1.036702
0.688889 1.000000 0.655390 1.225660 0.047314 0.088425 0.210998 0.394330 1.214318 0.967566 0.210505 0.047166 0.563132 1.079480
0.688889 0.968752 0.655390 1.128536 0.047314 0.081418 0.210998 0.363083 1.188718 0.952653 0.978213 0.905487 0.534289 1.044367
0.666666 0.937500 0.586360 1.031397 0.042331 0.074410 0.188774 0.331830 1.150369 0.952653 0.172156 0.047166 0.496866 1.053567
0.644442 0.906252 0.517329 0.934273 0.037347 0.067403 0.166550 0.300583 1.112024 0.952655 0.939868 0.905490 0.459600 1.064817
0.644442 0.843752 0.517329 0.740010 0.037347 0.053388 0.166550 0.238083 1.061708 0.918534 0.121839 0.013044 0.401987 0.960373
0.644442 0.812500 0.517329 0.642871 0.037347 0.046380 0.166550 0.206830 1.037045 0.900241 0.915205 0.887197 0.373767 0.892861
0.644442 0.750000 0.517329 0.448608 0.037347 0.032365 0.166550 0.144330 0.988840 0.860953 0.073635 -0.026243 0.319033 0.714045
0.644442 0.718748 0.517329 0.351470 0.037347 0.025357 0.166550 0.113078 0.965351 0.839853 0.891716 0.866096 0.292833 0.596452
0.644442 0.656248 0.517329 0.157207 0.037347 0.011342 0.166550 0.050578 0.919764 0.794475 0.028048 -0.071622 0.244029 0.294829
0.644442 0.593748 0.517329 -0.037056 0.037347 -0.002673 0.166550 -0.011922 0.876266 0.744479 0.848218 0.816101 0.202884 -0.071460
0.644442 0.562500 0.517329 -0.134180 0.037347 -0.009680 0.166550 -0.043170 0.855401 0.717610 0.007184 -0.098490 0.186809 -0.253618
0.644442 0.531248 0.517329 -0.231319 0.037347 -0.016688 0.166550 -0.074422 0.835182 0.689415 0.827999 0.787906 0.174888 -0.420226
0.644442 0.500000 0.517329 -0.328443 0.037347 -0.023695 0.166550 -0.105670 0.815662 0.659850 -0.012336 -0.128055 0.168011 -0.565374
0.666666 0.500000 0.586360 -0.328443 0.042331 -0.023695 0.188774 -0.105670 0.833332 0.643502 0.845669 0.771557 0.190065 -0.510311
0.666666 0.468748 0.586360 -0.425582 0.042331 -0.030704 0.188774 -0.136922 0.814965 0.612819 -0.030704 -0.158738 0.188996 -0.627519
0.644442 0.437500 0.517329 -0.522706 0.037347 -0.037711 0.166550 -0.168170 0.778917 0.596412 0.809621 0.755150 0.171378 -0.790236
0.622221 0.437500 0.448309 -0.522706 0.032365 -0.037711 0.144330 -0.168170 0.760635 0.612821 -0.048986 -0.142329 0.149875 -0.861538
0.599997 0.437500 0.379279 -0.522706 0.027381 -0.037711 0.122106 -0.168170 0.742565 0.630036 0.791551 0.772365 0.128613 -0.942775
0.577777 0.406248 0.310259 -0.619845 0.022398 -0.044719 0.099886 -0.199422 0.706302 0.612818 -0.085249 -0.159547 0.122922 -1.106449
0.555553 0.406248 0.241228 -0.619845 0.017415 -0.044719 0.077662 -0.199422 0.688241 0.631392 0.773490 0.790939 0.105661 -1.199432
0.533332 0.406248 0.172208 -0.619845 0.012432 -0.044719 0.055441 -0.199422 0.670433 0.650957 -0.103057 -0.139982 0.090590 -1.299634
0.511109 0.375000 0.103178 -0.716969 0.007449 -0.051726 0.033217 -0.230670 0.633922 0.632987 0.736979 0.772969 0.108120 -1.427776
