0.069769 0.406248 -1.146692 -0.446383 -0.089343 -0.035793 -0.353430 -0.141592 0.412195 1.400715 0.412195 1.400715 0.353836 0.381042
0.093023 0.406248 -1.071245 -0.446383 -0.083465 -0.035793 -0.330176 -0.141592 0.416762 1.345696 0.004567 -0.055020 0.330611 0.405116
0.116281 0.406248 -0.995787 -0.446383 -0.077585 -0.035793 -0.306919 -0.141592 0.422562 1.292019 0.417995 1.347039 0.307386 0.432238
0.139535 0.406248 -0.920340 -0.446383 -0.071707 -0.035793 -0.283664 -0.141592 0.429543 1.239949 0.011548 -0.107090 0.284171 0.462969
0.162792 0.437500 -0.844882 -0.347857 -0.065828 -0.027893 -0.260407 -0.110339 0.466806 1.214574 0.455258 1.321663 0.260799 0.400785
0.186046 0.468748 -0.769435 -0.249345 -0.059950 -0.019993 -0.237153 -0.079092 0.504319 1.192965 0.049061 -0.128699 0.241487 0.321905
0.209304 0.500000 -0.693977 -0.150819 -0.054070 -0.012093 -0.213895 -0.047839 0.542041 1.174353 0.492980 1.303051 0.227266 0.220036
0.232558 0.562500 -0.618530 0.046220 -0.048192 0.003706 -0.190641 0.014661 0.608678 1.178761 0.115699 -0.124290 0.236112 -0.076751
0.232558 0.593748 -0.618530 0.144731 -0.048192 0.011605 -0.190641 0.045908 0.637667 1.197485 0.521968 1.321775 0.255795 -0.236311
0.255815 0.656252 -0.543071 0.341784 -0.042313 0.027406 -0.167384 0.108413 0.704350 1.199103 0.182381 -0.122672 0.286934 -0.574751
0.255815 0.750000 -0.543071 0.637334 -0.042313 0.051104 -0.167384 0.202161 0.792428 1.242084 0.610046 1.364756 0.367173 -0.879229
0.255815 0.781252 -0.543071 0.735861 -0.042313 0.059004 -0.167384 0.233413 0.822069 1.254357 0.212022 -0.110399 0.395246 -0.948676
0.255815 0.812500 -0.543071 0.834373 -0.042313 0.066903 -0.167384 0.264661 0.851820 1.265772 0.639798 1.376171 0.423760 -1.006860
0.255815 0.875000 -0.543071 1.031411 -0.042313 0.082702 -0.167384 0.327161 0.911628 1.286363 0.271831 -0.089808 0.481811 -1.097891
0.255815 0.906252 -0.543071 1.129937 -0.042313 0.090603 -0.167384 0.358413 0.941666 1.295676 0.669835 1.385484 0.511232 -1.133884
0.232558 0.906252 -0.618530 1.129937 -0.048192 0.090603 -0.190641 0.358413 0.935616 1.319602 0.265780 -0.065883 0.519312 -1.081952
0.209304 0.937500 -0.693977 1.228449 -0.054070 0.098502 -0.213895 0.389661 0.960580 1.351141 0.694800 1.417024 0.557007 -1.068777
0.186046 0.937500 -0.769435 1.228449 -0.059950 0.098502 -0.237153 0.389661 0.955782 1.374892 0.260982 -0.042132 0.566345 -1.024067
0.162792 0.937500 -0.844882 1.228449 -0.065828 0.098502 -0.260407 0.389661 0.951529 1.398866 0.690547 1.440997 0.576470 -0.981670
0.139535 0.937500 -0.920340 1.228449 -0.071707 0.098502 -0.283664 0.389661 0.947827 1.423044 0.257280 -0.017953 0.587342 -0.941539
0.116281 0.937500 -0.995787 1.228449 -0.077585 0.098502 -0.306919 0.389661 0.944684 1.447394 0.687404 1.465347 0.598919 -0.903628
0.093023 0.906252 -1.071245 1.129937 -0.083465 0.090603 -0.330176 0.358413 0.911014 1.468509 0.223611 0.003161 0.585113 -0.826382
0.069769 0.875000 -1.146692 1.031411 -0.089343 0.082702 -0.353430 0.327161 0.877777 1.491229 0.654167 1.488067 0.573617 -0.746819
0.069769 0.843752 -1.146692 0.932899 -0.089343 0.074803 -0.353430 0.295913 0.846632 1.488295 0.192465 0.000228 0.549343 -0.697052
0.046512 0.812500 -1.222150 0.834373 -0.095222 0.066903 -0.376688 0.264661 0.813830 1.513614 0.621365 1.513386 0.541709 -0.612469
0.046512 0.750000 -1.222150 0.637334 -0.095222 0.051104 -0.376688 0.202161 0.751441 1.508860 0.130076 -0.004526 0.498691 -0.492559
0.023258 0.718752 -1.297597 0.538823 -0.101101 0.043205 -0.399942 0.170913 0.719129 1.538449 0.589053 1.542975 0.497298 -0.403855
0.023258 0.656252 -1.297597 0.341784 -0.101101 0.027406 -0.399942 0.108413 0.656664 1.535371 0.067612 -0.007604 0.462890 -0.264711
0.000000 0.562500 -1.373055 0.046220 -0.106980 0.003706 -0.423199 0.014661 0.562500 1.570796 0.494888 1.578400 0.445536 -0.034629
0.000000 0.500000 -1.373055 -0.150819 -0.106980 -0.012093 -0.423199 -0.047839 0.500000 1.570796 0.005112 -0.007604 0.430111 0.112564
0.000000 0.468748 -1.373055 -0.249345 -0.106980 -0.019993 -0.423199 -0.079092 0.468748 1.570796 0.463636 1.578400 0.425643 0.184758
0.000000 0.406248 -1.373055 -0.446383 -0.106980 -0.035793 -0.423199 -0.141592 0.406248 1.570796 -0.057388 -0.007604 0.423538 0.322867
0.023258 0.343748 -1.297597 -0.643422 -0.101101 -0.051592 -0.399942 -0.204092 0.344534 1.503241 0.401922 1.510844 0.407757 0.471856
0.023258 0.312500 -1.297597 -0.741933 -0.101101 -0.059491 -0.399942 -0.235339 0.313364 1.496509 -0.088557 -0.014335 0.414979 0.531872
0.069769 0.218748 -1.146692 -1.037498 -0.089343 -0.083191 -0.353430 -0.329092 0.229605 1.262048 0.318162 1.276383 0.408305 0.749754
0.093023 0.187500 -1.071245 -1.136010 -0.083465 -0.091090 -0.330176 -0.360339 0.209307 1.110255 -0.108855 -0.166128 0.405673 0.829053
0.116281 0.156248 -0.995787 -1.234536 -0.077585 -0.098990 -0.306919 -0.391592 0.194768 0.931013 0.303623 1.097141 0.406770 0.906029
0.162792 0.125000 -0.844882 -1.333048 -0.065828 -0.106889 -0.260407 -0.422839 0.205247 0.654828 -0.098376 -0.442314 0.395897 1.018801
0.232558 0.062500 -0.618530 -1.530086 -0.048192 -0.122688 -0.190641 -0.485339 0.240810 0.262547 0.339185 0.704860 0.407980 1.196512
0.279069 0.031248 -0.467624 -1.628613 -0.036434 -0.130588 -0.144130 -0.516592 0.280813 0.111506 -0.058372 -0.593354 0.417612 1.298714
0.325581 0.000000 -0.316719 -1.727125 -0.024677 -0.138487 -0.097618 -0.547839 0.325581 0.000000 0.383953 0.593354 0.434312 1.394459
0.441861 0.000000 0.060549 -1.727125 0.004718 -0.138487 0.018662 -0.547839 0.441861 0.000000 0.057908 -0.593354 0.423610 -1.536744
0.488373 0.000000 0.211454 -1.727125 0.016475 -0.138487 0.065174 -0.547839 0.488373 0.000000 0.430465 0.593354 0.428188 -1.452388
0.558139 0.000000 0.437806 -1.727125 0.034111 -0.138487 0.134939 -0.547839 0.558139 0.000000 0.127674 -0.593354 0.444192 -1.329292
0.674419 0.031248 0.815075 -1.628613 0.063506 -0.130588 0.251220 -0.516592 0.675143 0.046300 0.547469 0.639653 0.465551 -1.118166
0.720931 0.031248 0.965980 -1.628613 0.075263 -0.130588 0.297732 -0.516592 0.721608 0.043316 0.174139 -0.596337 0.492209 -1.047957
0.767442 0.062500 1.116885 -1.530086 0.087021 -0.122688 0.344243 -0.485339 0.769983 0.081260 0.595844 0.677597 0.498605 -0.953867
0.813954 0.093748 1.267791 -1.431575 0.098778 -0.114789 0.390755 -0.454092 0.819335 0.114670 0.223491 -0.562927 0.511104 -0.860227
0.860465 0.156248 1.418696 -1.234536 0.110536 -0.098990 0.437266 -0.391592 0.874536 0.179628 0.651046 0.742555 0.512313 -0.730348
0.930234 0.218748 1.645059 -1.037498 0.128173 -0.083191 0.507035 -0.329092 0.955608 0.230957 0.304562 -0.511597 0.546704 -0.575708
0.953488 0.281248 1.720506 -0.840460 0.134051 -0.067391 0.530289 -0.266592 0.994103 0.286833 0.689541 0.798430 0.548960 -0.465828
1.000000 0.375000 1.871411 -0.544895 0.145809 -0.043692 0.576801 -0.172839 1.068000 0.358771 0.378460 -0.439660 0.578811 -0.291137
1.000000 0.468748 1.871411 -0.249345 0.145809 -0.019993 0.576801 -0.079092 1.104411 0.438335 0.725951 0.877994 0.578597 -0.136271
1.000000 0.625000 1.871411 0.243258 0.145809 0.019505 0.576801 0.077161 1.179248 0.558599 0.453296 -0.319395 0.611083 0.132984
0.976746 0.687500 1.795964 0.440296 0.139930 0.035305 0.553547 0.139661 1.194441 0.613317 0.741145 0.932712 0.613408 0.247144
0.953488 0.812500 1.720506 0.834373 0.134051 0.066903 0.530289 0.264661 1.252716 0.705732 0.511571 -0.226980 0.657846 0.462917
0.930234 0.843752 1.645059 0.932899 0.128173 0.074803 0.507035 0.295913 1.255888 0.736687 0.744317 0.963667 0.658749 0.528284
0.860465 0.937500 1.418696 1.228449 0.110536 0.098502 0.437266 0.389661 1.272520 0.828217 0.528203 -0.135450 0.675061 0.727892
0.837211 0.937500 1.343249 1.228449 0.104658 0.098502 0.414012 0.389661 1.256913 0.841848 0.728709 0.977298 0.660236 0.755107
0.813954 0.968752 1.267791 1.326976 0.098778 0.106402 0.390755 0.420913 1.265307 0.872014 0.536598 -0.105283 0.671057 0.822537
0.744188 1.000000 1.041438 1.425487 0.081142 0.114301 0.320989 0.452161 1.246522 0.931025 0.709924 1.036308 0.660101 0.953457
0.697677 1.000000 0.890533 1.425487 0.069385 0.114301 0.274478 0.452161 1.219325 0.961631 0.509401 -0.074677 0.638778 1.025220
0.651165 0.968752 0.739628 1.326976 0.057627 0.106402 0.227966 0.420913 1.167261 0.978994 0.657860 1.053671 0.591267 1.074426
0.627908 0.937500 0.664170 1.228449 0.051748 0.098502 0.204709 0.389661 1.128350 0.980650 0.470490 -0.073022 0.553544 1.087074
0.604654 0.906252 0.588723 1.129937 0.045870 0.090603 0.181454 0.358413 1.089449 0.982423 0.618959 1.055445 0.516010 1.102144
0.581396 0.875000 0.513265 1.031411 0.039990 0.082702 0.158197 0.327161 1.050546 0.984328 0.431587 -0.071117 0.478696 1.120399
0.558139 0.781252 0.437806 0.735861 0.034111 0.059004 0.134939 0.233413 0.960143 0.950461 0.528556 1.021578 0.382637 1.046625
0.558139 0.750000 0.437806 0.637334 0.034111 0.051104 0.134939 0.202161 0.934890 0.931027 0.406334 -0.090550 0.353564 0.982227
0.558139 0.718752 0.437806 0.538823 0.034111 0.043205 0.134939 0.170913 0.910013 0.910526 0.503679 1.001076 0.324901 0.902478
0.581396 0.625000 0.513265 0.243258 0.039990 0.019505 0.158197 0.077161 0.853608 0.821526 0.349929 -0.179550 0.256417 0.453800
0.604654 0.562500 0.588723 0.046220 0.045870 0.003706 0.181454 0.014661 0.825840 0.749297 0.475911 0.928847 0.228759 0.080620
0.627908 0.562500 0.664170 0.046220 0.051748 0.003706 0.204709 0.014661 0.843015 0.730508 0.367104 -0.198339 0.247609 0.071496
0.651165 0.500000 0.739628 -0.150819 0.057627 -0.012093 0.227966 -0.047839 0.820985 0.654830 0.453881 0.853170 0.240555 -0.206851
0.674419 0.468748 0.815075 -0.249345 0.063506 -0.019993 0.251220 -0.079092 0.821319 0.607389 0.367438 -0.245781 0.255316 -0.305006
0.674419 0.437500 0.815075 -0.347857 0.063506 -0.027893 0.251220 -0.110339 0.803895 0.575465 0.436457 0.821246 0.251627 -0.413848
0.651165 0.437500 0.739628 -0.347857 0.057627 -0.027893 0.227966 -0.110339 0.784489 0.591598 0.348032 -0.229648 0.228414 -0.450779
0.627908 0.406248 0.664170 -0.446383 0.051748 -0.035793 0.204709 -0.141592 0.747867 0.574254 0.399835 0.803902 0.205409 -0.605116
0.627908 0.375000 0.664170 -0.544895 0.051748 -0.043692 0.204709 -0.172839 0.731364 0.538374 0.331528 -0.265528 0.210306 -0.701187
0.581396 0.375000 0.513265 -0.544895 0.039990 -0.043692 0.158197 -0.172839 0.691843 0.572852 0.360314 0.838380 0.165377 -0.829601
0.558139 0.343748 0.437806 -0.643422 0.034111 -0.051592 0.134939 -0.204092 0.655501 0.552016 0.295186 -0.286364 0.156592 -0.986608
0.534885 0.312500 0.362360 -0.741933 0.028233 -0.059491 0.111685 -0.235339 0.619482 0.528749 0.324296 0.815113 0.157251 -1.127697
