0.083335 0.565219 -1.209012 0.055491 -0.092439 0.004580 -0.351040 0.017393 0.571329 1.424412 0.571329 1.424412 0.374632 -0.049506
0.111111 0.565219 -1.113350 0.055491 -0.085125 0.004580 -0.323264 0.017393 0.576036 1.376692 0.004707 -0.047721 0.348740 -0.053752
0.138890 0.565219 -1.017674 0.055491 -0.077810 0.004580 -0.295484 0.017393 0.582033 1.329842 0.577326 1.377563 0.323158 -0.058794
0.166666 0.565219 -0.922013 0.055491 -0.070496 0.004580 -0.267709 0.017393 0.589279 1.284053 0.011953 -0.093510 0.297973 -0.064878
0.194446 0.521737 -0.826337 -0.083234 -0.063180 -0.006870 -0.239929 -0.026089 0.556794 1.214053 0.544841 1.307563 0.255339 0.108309
0.222221 0.521737 -0.730675 -0.083234 -0.055866 -0.006870 -0.212154 -0.026089 0.567091 1.168142 0.022250 -0.139421 0.229437 0.122356
0.250001 0.565219 -0.634999 0.055491 -0.048551 0.004580 -0.184374 0.017393 0.618040 1.154357 0.595789 1.293778 0.226084 -0.094057
0.277777 0.565219 -0.539338 0.055491 -0.041237 0.004580 -0.156598 0.017393 0.629787 1.114012 0.033998 -0.179766 0.204067 -0.110614
0.277777 0.608694 -0.539338 0.194195 -0.041237 0.016028 -0.156598 0.060868 0.669080 1.142675 0.635082 1.322441 0.234329 -0.370716
0.277777 0.652175 -0.539338 0.332919 -0.041237 0.027478 -0.156598 0.104349 0.708867 1.168144 0.073785 -0.154298 0.268253 -0.587783
0.305556 0.695650 -0.443662 0.471623 -0.033922 0.038926 -0.128818 0.147824 0.759798 1.156927 0.686013 1.311225 0.291305 -0.853991
0.305556 0.739131 -0.443662 0.610348 -0.033922 0.050376 -0.128818 0.191305 0.799800 1.178792 0.113787 -0.132433 0.330864 -0.978170
0.305556 0.782606 -0.443662 0.749052 -0.033922 0.061824 -0.128818 0.234780 0.840141 1.198563 0.726354 1.330996 0.371294 -1.068970
0.305556 0.826088 -0.443662 0.887776 -0.033922 0.073274 -0.128818 0.278262 0.880787 1.216519 0.154432 -0.114477 0.412351 -1.137234
0.305556 0.869562 -0.443662 1.026480 -0.033922 0.084723 -0.128818 0.321736 0.921685 1.232883 0.767253 1.347360 0.453853 -1.189958
0.277777 0.913044 -0.539338 1.165205 -0.041237 0.096172 -0.156598 0.365218 0.954363 1.275462 0.187110 -0.071898 0.503634 -1.165728
0.277777 0.956519 -0.539338 1.303909 -0.041237 0.107621 -0.156598 0.408693 0.996036 1.288166 0.808926 1.360065 0.545121 -1.204883
0.250001 0.956519 -0.634999 1.303909 -0.048551 0.107621 -0.184374 0.408693 0.988650 1.315150 0.179724 -0.044915 0.553740 -1.147003
0.222221 1.000000 -0.730675 1.442633 -0.055866 0.119071 -0.212154 0.452174 1.024394 1.352128 0.844670 1.397043 0.604103 -1.132103
0.194446 1.000000 -0.826337 1.442633 -0.063180 0.119071 -0.239929 0.452174 1.018729 1.378747 0.174060 -0.018296 0.614409 -1.082960
0.166666 1.000000 -0.922013 1.442633 -0.070496 0.119071 -0.267709 0.452174 1.013794 1.405648 0.839734 1.423944 0.625779 -1.036244
0.138890 1.000000 -1.017674 1.442633 -0.077810 0.119071 -0.295484 0.452174 1.009599 1.432789 0.169865 0.008844 0.638156 -0.991982
0.111111 0.956519 -1.113350 1.303909 -0.085125 0.107621 -0.323264 0.408693 0.962950 1.455153 0.793085 1.446309 0.614112 -0.901585
0.083335 0.913044 -1.209012 1.165205 -0.092439 0.096172 -0.351040 0.365218 0.916839 1.479777 0.123754 0.033468 0.593593 -0.805190
0.083335 0.869562 -1.209012 1.026480 -0.092439 0.084723 -0.351040 0.321736 0.873546 1.475252 0.749793 1.441784 0.559122 -0.741870
0.055555 0.826088 -1.304687 0.887776 -0.099754 0.073274 -0.378820 0.278262 0.827953 1.503646 0.078161 0.061862 0.544925 -0.633539
0.027780 0.782606 -1.400349 0.749052 -0.107068 0.061824 -0.406595 0.234780 0.783099 1.535315 0.704938 1.473453 0.535336 -0.523659
0.027780 0.739131 -1.400349 0.610348 -0.107068 0.050376 -0.406595 0.191305 0.739653 1.533230 0.034715 0.059777 0.508130 -0.439775
0.000000 0.695650 -1.496025 0.471623 -0.114384 0.038926 -0.434375 0.147824 0.695650 1.570796 0.660935 1.511020 0.506899 -0.328020
0.000000 0.565219 -1.496025 0.055491 -0.114384 0.004580 -0.434375 0.017393 0.565219 1.570796 -0.095716 0.059777 0.453654 -0.040020
0.000000 0.521737 -1.496025 -0.083234 -0.114384 -0.006870 -0.434375 -0.026089 0.521737 1.570796 0.617454 1.511020 0.443073 0.059988
0.000000 0.478263 -1.496025 -0.221938 -0.114384 -0.018318 -0.434375 -0.069563 0.478263 1.570796 -0.139191 0.059777 0.436586 0.158798
0.000000 0.434781 -1.496025 -0.360662 -0.114384 -0.029768 -0.434375 -0.113045 0.434781 1.570796 0.573972 1.511020 0.434375 0.254599
0.027780 0.304350 -1.400349 -0.776795 -0.107068 -0.064114 -0.406595 -0.243476 0.305615 1.479773 -0.268357 -0.031247 0.426879 0.539549
0.055555 0.260869 -1.304687 -0.915519 -0.099754 -0.075564 -0.378820 -0.286957 0.266719 1.360968 0.535076 1.392215 0.416664 0.648286
0.083335 0.217394 -1.209012 -1.054223 -0.092439 -0.087012 -0.351040 -0.330432 0.232819 1.204737 -0.302256 -0.187478 0.412686 0.755167
0.111111 0.173912 -1.113350 -1.192948 -0.085125 -0.098462 -0.323264 -0.373913 0.206376 1.002272 0.508632 1.189750 0.415139 0.857920
0.194446 0.130438 -0.826337 -1.331651 -0.063180 -0.109910 -0.239929 -0.417388 0.234143 0.590871 -0.274489 -0.598879 0.387226 1.049087
0.250001 0.086956 -0.634999 -1.470376 -0.048551 -0.121360 -0.184374 -0.460870 0.264692 0.334735 0.539181 0.933614 0.393311 1.190241
0.305556 0.043481 -0.443662 -1.609080 -0.033922 -0.132809 -0.128818 -0.504345 0.308635 0.141353 -0.230547 -0.792261 0.411572 1.320725
0.333332 0.043481 -0.348001 -1.609080 -0.026608 -0.132809 -0.101043 -0.504345 0.336156 0.129712 0.566702 0.921973 0.403742 1.373069
0.444443 0.000000 0.034674 -1.747805 0.002651 -0.144259 0.010068 -0.547826 0.444443 0.000000 -0.122260 -0.921973 0.434491 -1.552421
0.499998 0.000000 0.226012 -1.747805 0.017280 -0.144259 0.065623 -0.547826 0.499998 0.000000 0.622258 0.921973 0.439304 -1.451576
0.555553 0.000000 0.417349 -1.747805 0.031910 -0.144259 0.121178 -0.547826 0.555553 0.000000 -0.066705 -0.921973 0.450961 -1.353103
0.666668 0.043481 0.800038 -1.609080 0.061170 -0.132809 0.232293 -0.504345 0.668085 0.065130 0.734789 0.987103 0.454706 -1.139175
0.722223 0.043481 0.991376 -1.609080 0.075799 -0.132809 0.287849 -0.504345 0.723531 0.060132 -0.011258 -0.926970 0.485443 -1.052171
0.777779 0.086956 1.182713 -1.470376 0.090428 -0.121360 0.343404 -0.460870 0.782625 0.111338 0.793883 1.038309 0.488494 -0.930425
0.805554 0.086956 1.278374 -1.470376 0.097742 -0.121360 0.371179 -0.460870 0.810234 0.107529 0.016351 -0.930779 0.508403 -0.892778
0.861110 0.130438 1.469712 -1.331651 0.112372 -0.109910 0.426735 -0.417388 0.870933 0.150333 0.854581 1.081113 0.523909 -0.774326
0.944445 0.217394 1.756725 -1.054223 0.134316 -0.087012 0.510070 -0.330432 0.969142 0.226241 0.114561 -0.854872 0.554303 -0.574839
0.972220 0.260869 1.852387 -0.915519 0.141630 -0.075564 0.537845 -0.286957 1.006610 0.262148 0.892050 1.117019 0.565139 -0.490111
1.000000 0.347825 1.948062 -0.638091 0.148946 -0.052666 0.565625 -0.200001 1.058764 0.334736 0.166715 -0.782284 0.572209 -0.339872
1.000000 0.391306 1.948062 -0.499366 0.148946 -0.041216 0.565625 -0.156520 1.073835 0.372989 0.907120 1.155273 0.567262 -0.269964
1.000000 0.478263 1.948062 -0.221938 0.148946 -0.018318 0.565625 -0.069563 1.108483 0.446107 0.201363 -0.709166 0.567325 -0.122370
1.000000 0.521737 1.948062 -0.083234 0.148946 -0.006870 0.565625 -0.026089 1.127923 0.480886 0.926560 1.190052 0.572332 -0.046091
1.000000 0.608694 1.948062 0.194195 0.148946 0.016028 0.565625 0.060868 1.170687 0.546787 0.244127 -0.643265 0.591877 0.107199
0.944445 0.695650 1.756725 0.471623 0.134316 0.038926 0.510070 0.147824 1.172990 0.634851 0.928862 1.278115 0.573093 0.282083
0.916665 0.739131 1.661049 0.610348 0.127001 0.050376 0.482290 0.191305 1.177535 0.678587 0.248673 -0.599528 0.570509 0.377624
0.888889 0.782606 1.565388 0.749052 0.119687 0.061824 0.454515 0.234780 1.184313 0.721898 0.935640 1.321426 0.572581 0.476801
0.833334 0.826088 1.374050 0.887776 0.105058 0.073274 0.398959 0.278262 1.173399 0.781031 0.237760 -0.540395 0.559113 0.609025
0.805554 0.869562 1.278374 1.026480 0.097742 0.084723 0.371179 0.321736 1.185351 0.823591 0.947591 1.363986 0.571981 0.714164
0.749999 0.869562 1.087037 1.026480 0.083113 0.084723 0.315624 0.321736 1.148319 0.859089 0.200728 -0.504897 0.537594 0.794988
0.694444 0.869562 0.895700 1.026480 0.068484 0.084723 0.260069 0.321736 1.112830 0.896902 0.912102 1.401799 0.506975 0.890997
0.666668 0.869562 0.800038 1.026480 0.061170 0.084723 0.232293 0.321736 1.095712 0.916711 0.183611 -0.485088 0.493303 0.945458
0.638888 0.826088 0.704362 0.887776 0.053854 0.073274 0.204513 0.278262 1.044317 0.912493 0.860707 1.397580 0.441888 0.936985
0.611109 0.782606 0.608686 0.749052 0.046539 0.061824 0.176734 0.234780 0.992938 0.907833 0.132231 -0.489747 0.390512 0.925530
0.583333 0.695650 0.513025 0.471623 0.039225 0.038926 0.148958 0.147824 0.907858 0.872991 0.775627 1.362738 0.300754 0.781577
0.583333 0.652175 0.513025 0.332919 0.039225 0.027478 0.148958 0.104349 0.874991 0.841060 0.099364 -0.521677 0.263866 0.611079
0.583333 0.608694 0.513025 0.194195 0.039225 0.016028 0.148958 0.060868 0.843081 0.806670 0.743716 1.328347 0.229294 0.387918
0.583333 0.565219 0.513025 0.055491 0.039225 0.004580 0.148958 0.017393 0.812250 0.769628 0.068533 -0.558719 0.198264 0.116237
0.611109 0.521737 0.608686 -0.083234 0.046539 -0.006870 0.176734 -0.026089 0.803532 0.706670 0.734999 1.265390 0.197147 -0.146556
0.611109 0.478263 0.608686 -0.221938 0.046539 -0.018318 0.176734 -0.069563 0.776008 0.664050 0.041010 -0.601340 0.182101 -0.374982
0.638888 0.478263 0.704362 -0.221938 0.053854 -0.018318 0.204513 -0.069563 0.798069 0.642595 0.757059 1.243935 0.209170 -0.327865
0.611109 0.478263 0.608686 -0.221938 0.046539 -0.018318 0.176734 -0.069563 0.776008 0.664050 0.018949 -0.579885 0.182101 -0.374982
0.583333 0.434781 0.513025 -0.360662 0.039225 -0.029768 0.148958 -0.113045 0.727538 0.640512 0.708589 1.220397 0.148959 -0.649175
0.555553 0.434781 0.417349 -0.360662 0.031910 -0.029768 0.121178 -0.113045 0.705460 0.664047 -0.003129 -0.556350 0.121179 -0.750686
0.527778 0.434781 0.321688 -0.360662 0.024596 -0.029768 0.093403 -0.113045 0.683801 0.689083 0.686930 1.245434 0.093404 -0.880255
0.499998 0.434781 0.226012 -0.360662 0.017280 -0.029768 0.065623 -0.113045 0.662595 0.715744 -0.024335 -0.529690 0.065624 -1.044835
0.499998 0.391306 0.226012 -0.499366 0.017280 -0.041216 0.065623 -0.156520 0.634916 0.664051 0.659251 1.193740 0.078494 -1.173794
0.472222 0.391306 0.130350 -0.499366 0.009966 -0.041216 0.037848 -0.156520 0.613282 0.691967 -0.045969 -0.501773 0.057335 -1.333544
