0.057143 0.655173 -1.350130 0.256927 -0.118005 0.023314 -0.400894 0.079203 0.657661 1.483799 0.657661 1.483799 0.446742 -0.195054
0.057143 0.620688 -1.350130 0.145060 -0.118005 0.013163 -0.400894 0.044718 0.623313 1.478992 -0.034348 -0.004807 0.432633 -0.111085
0.085716 0.620688 -1.253900 0.145060 -0.109594 0.013163 -0.372320 0.044718 0.626579 1.433566 0.660926 1.438373 0.406298 -0.119533
0.171428 0.586208 -0.965239 0.033210 -0.084364 0.003013 -0.286608 0.010237 0.610760 1.286294 -0.050167 -0.152079 0.313962 -0.035704
0.200002 0.586208 -0.869009 0.033210 -0.075954 0.003013 -0.258035 0.010237 0.619387 1.242002 0.669554 1.394081 0.288114 -0.039654
0.228571 0.586208 -0.772794 0.033210 -0.067544 0.003013 -0.229465 0.010237 0.629194 1.199015 -0.040360 -0.195066 0.262835 -0.044585
0.285714 0.620688 -0.580348 0.145060 -0.050724 0.013163 -0.172323 0.044718 0.683291 1.139395 0.723651 1.334462 0.236961 -0.253899
0.314287 0.655173 -0.484119 0.256927 -0.042313 0.023314 -0.143749 0.079203 0.726656 1.123520 0.003005 -0.210942 0.243981 -0.503595
0.314287 0.689653 -0.484119 0.368778 -0.042313 0.033463 -0.143749 0.113683 0.757891 1.143198 0.754886 1.354140 0.272599 -0.669132
0.314287 0.758624 -0.484119 0.592512 -0.042313 0.053765 -0.143749 0.182653 0.821150 1.178036 0.066264 -0.176104 0.333192 -0.904029
0.314287 0.793104 -0.484119 0.704363 -0.042313 0.063914 -0.143749 0.217134 0.853106 1.193505 0.786843 1.369610 0.364601 -0.986010
0.314287 0.862069 -0.484119 0.928080 -0.042313 0.084214 -0.143749 0.286099 0.917573 1.221198 0.130730 -0.148411 0.428843 -1.105194
0.314287 0.896555 -0.484119 1.039948 -0.042313 0.094365 -0.143749 0.320584 0.950046 1.233632 0.819315 1.382043 0.461478 -1.149276
0.285714 0.931035 -0.580348 1.151798 -0.050724 0.104515 -0.172323 0.355064 0.973888 1.273042 0.154573 -0.109001 0.503411 -1.118955
0.257144 0.965520 -0.676564 1.263666 -0.059133 0.114665 -0.200892 0.389549 0.999176 1.310511 0.844603 1.419512 0.545800 -1.094665
0.228571 1.000000 -0.772794 1.375516 -0.067544 0.124815 -0.229465 0.424030 1.025790 1.346086 0.181187 -0.073426 0.588540 -1.074770
0.171428 1.000000 -0.965239 1.375516 -0.084364 0.124815 -0.286608 0.424030 1.014587 1.401018 0.833401 1.474445 0.613081 -0.976418
0.142859 1.000000 -1.061454 1.375516 -0.092774 0.124815 -0.315177 0.424030 1.010153 1.428897 0.176752 -0.045547 0.626946 -0.931603
0.114285 0.965520 -1.157684 1.263666 -0.101185 0.114665 -0.343751 0.389549 0.972260 1.452978 0.795508 1.498525 0.612947 -0.847772
0.057143 0.896555 -1.350130 1.039948 -0.118005 0.094365 -0.400894 0.320584 0.898374 1.507146 0.102866 0.008621 0.594150 -0.674542
0.028574 0.827589 -1.446345 0.816230 -0.126414 0.074065 -0.429463 0.251619 0.828082 1.536284 0.725217 1.527662 0.566575 -0.529981
0.028574 0.724139 -1.446345 0.480645 -0.126414 0.043614 -0.429463 0.148168 0.724702 1.531358 -0.000514 0.003696 0.505222 -0.332221
0.000000 0.655173 -1.542575 0.256927 -0.134825 0.023314 -0.458036 0.079203 0.655173 1.570796 0.655688 1.567101 0.498659 -0.171225
0.000000 0.448277 -1.542575 -0.414226 -0.134825 -0.037587 -0.458036 -0.127693 0.448277 1.570796 -0.207410 0.003696 0.458140 0.271881
0.028574 0.344827 -1.446345 -0.749811 -0.126414 -0.068038 -0.429463 -0.231144 0.346009 1.488122 0.553419 1.484426 0.444134 0.493751
0.085716 0.275861 -1.253900 -0.973529 -0.109594 -0.088338 -0.372320 -0.300109 0.288872 1.269532 -0.264547 -0.214894 0.414500 0.678420
0.114285 0.206896 -1.157684 -1.197246 -0.101185 -0.108639 -0.343751 -0.369074 0.236362 1.066127 0.500910 1.281021 0.425718 0.820909
0.171428 0.137931 -0.965239 -1.420964 -0.084364 -0.128939 -0.286608 -0.438040 0.220028 0.677538 -0.280881 -0.603483 0.429665 0.991406
0.228571 0.068965 -0.772794 -1.644682 -0.067544 -0.149239 -0.229465 -0.507005 0.238749 0.293038 0.519630 0.896521 0.451698 1.145791
0.314287 0.034485 -0.484119 -1.756532 -0.042313 -0.159388 -0.143749 -0.541485 0.316173 0.109288 -0.203456 -0.787232 0.447280 1.311310
0.371430 0.034485 -0.291673 -1.756532 -0.025493 -0.159388 -0.086606 -0.541485 0.373027 0.092579 0.576484 0.879812 0.432315 1.412197
0.457142 0.000000 -0.003013 -1.868400 -0.000263 -0.169539 -0.000895 -0.575970 0.457142 0.000000 -0.119342 -0.879812 0.458037 1.569243
0.628570 0.000000 0.574323 -1.868400 0.050197 -0.169539 0.170534 -0.575970 0.628570 0.000000 0.747912 0.879812 0.488753 -1.282939
0.714286 0.034485 0.862998 -1.756532 0.075428 -0.159388 0.256250 -0.541485 0.715118 0.048242 -0.032794 -0.831570 0.495035 -1.128789
0.800003 0.103451 1.151674 -1.532815 0.100659 -0.139088 0.341966 -0.472520 0.806664 0.128599 0.839457 0.960169 0.492617 -0.944336
0.857145 0.137931 1.344119 -1.420964 0.117479 -0.128939 0.399109 -0.438040 0.868172 0.159551 0.028715 -0.800618 0.511621 -0.831869
0.914288 0.206896 1.536564 -1.197246 0.134300 -0.108639 0.456252 -0.369074 0.937405 0.222544 0.908690 1.023162 0.520804 -0.680161
0.971431 0.275861 1.729009 -0.973529 0.151120 -0.088338 0.513394 -0.300109 1.009840 0.276690 0.101150 -0.746472 0.544758 -0.528988
1.000000 0.344827 1.825225 -0.749811 0.159529 -0.068038 0.541964 -0.231144 1.057783 0.332059 0.956633 1.078530 0.553661 -0.403135
1.000000 0.517243 1.825225 -0.190508 0.159529 -0.017287 0.541964 -0.058728 1.125851 0.477346 0.169217 -0.601184 0.545188 -0.107940
1.000000 0.620688 1.825225 0.145060 0.159529 0.013163 0.541964 0.044718 1.176968 0.555493 1.007751 1.156677 0.565845 0.082324
0.971431 0.689653 1.729009 0.368778 0.151120 0.033463 0.513394 0.113683 1.191344 0.617363 0.183593 -0.539313 0.563223 0.217918
0.942857 0.758624 1.632780 0.592512 0.142709 0.053765 0.484821 0.182653 1.210161 0.677540 1.026568 1.216854 0.570442 0.360299
0.914288 0.793104 1.536564 0.704363 0.134300 0.063914 0.456252 0.217134 1.210346 0.714541 0.183778 -0.502313 0.566071 0.444188
0.828572 0.896555 1.247889 1.039948 0.109069 0.094365 0.370535 0.320584 1.220795 0.824785 1.037018 1.327098 0.574103 0.713248
0.800003 0.931035 1.151674 1.151798 0.100659 0.104515 0.341966 0.355064 1.227530 0.860950 0.190512 -0.466148 0.583668 0.804187
0.742860 0.931035 0.959228 1.151798 0.083839 0.104515 0.284823 0.355064 1.191078 0.897346 1.000566 1.363494 0.552134 0.894731
0.714286 0.931035 0.862998 1.151798 0.075428 0.104515 0.256250 0.355064 1.173469 0.916380 0.172904 -0.447114 0.537951 0.945654
0.657144 0.896555 0.670553 1.039948 0.058608 0.094365 0.199107 0.320584 1.111597 0.938287 0.938693 1.385400 0.481603 1.015024
0.628570 0.896555 0.574323 1.039948 0.050197 0.094365 0.170534 0.320584 1.094948 0.959336 0.156254 -0.426065 0.470510 1.081919
0.600001 0.862069 0.478108 0.928080 0.041788 0.084214 0.141964 0.286099 1.050316 0.962759 0.894062 1.388824 0.428248 1.110187
0.600001 0.758624 0.478108 0.592512 0.041788 0.053765 0.141964 0.182653 0.967218 0.901625 0.073156 -0.487199 0.332426 0.910092
0.600001 0.689653 0.478108 0.368778 0.041788 0.033463 0.141964 0.113683 0.914124 0.854803 0.840968 1.342003 0.271662 0.675219
0.628570 0.655173 0.574323 0.256927 0.050197 0.023314 0.170534 0.079203 0.907939 0.806118 0.066971 -0.535884 0.260662 0.434798
0.628570 0.551723 0.574323 -0.078658 0.050197 -0.007137 0.170534 -0.024248 0.836360 0.720381 0.769389 1.256265 0.194574 -0.141241
0.657144 0.517243 0.670553 -0.190508 0.058608 -0.017287 0.199107 -0.058728 0.836288 0.666830 0.066899 -0.589435 0.207723 -0.286823
0.657144 0.482757 0.670553 -0.302375 0.058608 -0.027438 0.199107 -0.093213 0.815409 0.633591 0.748511 1.223027 0.200636 -0.437849
0.657144 0.448277 0.670553 -0.414226 0.058608 -0.037587 0.199107 -0.127693 0.795481 0.598652 0.046970 -0.624374 0.199346 -0.570255
0.628570 0.448277 0.574323 -0.414226 0.050197 -0.037587 0.170534 -0.127693 0.772045 0.619510 0.725074 1.243885 0.170813 -0.642724
0.600001 0.448277 0.478108 -0.414226 0.041788 -0.037587 0.141964 -0.127693 0.748968 0.641660 0.023894 -0.602224 0.142299 -0.732524
0.542858 0.413792 0.285663 -0.526093 0.024968 -0.047738 0.084822 -0.162178 0.682582 0.651293 0.658688 1.253518 0.095668 -1.088907
0.485715 0.413792 0.093217 -0.526093 0.008147 -0.047738 0.027679 -0.162178 0.638078 0.705609 -0.020610 -0.547908 0.052189 -1.401755
0.457142 0.379312 -0.003013 -0.637944 -0.000263 -0.057887 -0.000895 -0.196659 0.594017 0.692618 0.614627 1.240526 0.078730 1.566248
0.428573 0.379312 -0.099228 -0.637944 -0.008673 -0.057887 -0.029464 -0.196659 0.572322 0.724499 -0.042306 -0.516028 0.084057 1.422081
