0.000000 0.791664 -1.566893 0.869358 -0.133780 0.066597 -0.517415 0.257573 0.791664 1.570796 0.791664 1.570796 0.585603 -0.461893
0.045455 0.791664 -1.429242 0.869358 -0.122028 0.066597 -0.471960 0.257573 0.792967 1.513443 0.001304 -0.057354 0.545856 -0.499576
0.090909 0.791664 -1.291592 0.869358 -0.110275 0.066597 -0.426505 0.257573 0.796866 1.456464 0.795562 1.513818 0.507069 -0.543294
0.113635 0.791664 -1.222772 0.869358 -0.104399 0.066597 -0.403780 0.257573 0.799777 1.428231 0.004215 -0.085587 0.488109 -0.567826
0.159089 0.750000 -1.085121 0.728736 -0.092647 0.055825 -0.358325 0.215910 0.766687 1.361776 0.762472 1.447362 0.427192 -0.542294
0.181818 0.750000 -1.016291 0.728736 -0.086770 0.055825 -0.335596 0.215910 0.771724 1.332960 0.009252 -0.114402 0.408315 -0.571694
0.204544 0.750000 -0.947471 0.728736 -0.080894 0.055825 -0.312871 0.215910 0.777392 1.304546 0.768140 1.418948 0.389851 -0.604046
0.227273 0.750000 -0.878640 0.728736 -0.075018 0.055825 -0.290142 0.215910 0.783679 1.276562 0.015539 -0.142386 0.371858 -0.639748
0.227273 0.708330 -0.878640 0.588093 -0.075018 0.045051 -0.290142 0.174240 0.743898 1.260316 0.728359 1.402703 0.347320 -0.540812
0.227273 0.666667 -0.878640 0.447470 -0.075018 0.034278 -0.290142 0.132576 0.704342 1.242243 -0.024017 -0.160459 0.326280 -0.428608
0.181818 0.541664 -1.016291 0.025561 -0.086770 0.001958 -0.335596 0.007573 0.571364 1.246948 0.595382 1.407407 0.336471 -0.022563
0.159089 0.458330 -1.085121 -0.255704 -0.092647 -0.019588 -0.358325 -0.075760 0.485156 1.236702 -0.110226 -0.170705 0.363164 0.208360
0.159089 0.374997 -1.085121 -0.536970 -0.092647 -0.041134 -0.358325 -0.159093 0.407348 1.169568 0.517574 1.340273 0.385590 0.417846
0.159089 0.291664 -1.085121 -0.818236 -0.092647 -0.062681 -0.358325 -0.242427 0.332230 1.071450 -0.185343 -0.268824 0.423510 0.594817
0.159089 0.250000 -1.085121 -0.958858 -0.092647 -0.073453 -0.358325 -0.284090 0.296326 1.004072 0.481670 1.272896 0.447110 0.670352
0.159089 0.166667 -1.085121 -1.240123 -0.092647 -0.094999 -0.358325 -0.367424 0.230406 0.808655 -0.251263 -0.464241 0.501419 0.797934
0.159089 0.124997 -1.085121 -1.380767 -0.092647 -0.105773 -0.358325 -0.409093 0.202321 0.665962 0.453584 1.130203 0.531403 0.851456
0.181818 0.083333 -1.016291 -1.521389 -0.086770 -0.116546 -0.335596 -0.450757 0.200006 0.429762 -0.253578 -0.700441 0.548681 0.930813
0.204544 0.083333 -0.947471 -1.521389 -0.080894 -0.116546 -0.312871 -0.450757 0.220868 0.386879 0.474446 1.087319 0.535084 0.964040
0.227273 0.083333 -0.878640 -1.521389 -0.075018 -0.116546 -0.290142 -0.450757 0.242069 0.351445 -0.232377 -0.735875 0.522119 0.998879
0.272727 0.124997 -0.740989 -1.380767 -0.063265 -0.105773 -0.244687 -0.409093 0.300007 0.429753 0.532384 1.165627 0.462454 1.031760
0.295453 0.166667 -0.672169 -1.240123 -0.057389 -0.094999 -0.221962 -0.367424 0.339220 0.513608 -0.193164 -0.652019 0.415080 1.027365
0.295453 0.208330 -0.672169 -1.099501 -0.057389 -0.084227 -0.221962 -0.325760 0.361516 0.614155 0.554680 1.266174 0.380526 0.972686
0.318182 0.208330 -0.603339 -1.099501 -0.051513 -0.084227 -0.199233 -0.325760 0.380317 0.579709 -0.174363 -0.686465 0.367732 1.021896
0.318182 0.250000 -0.603339 -0.958858 -0.051513 -0.073453 -0.199233 -0.284090 0.404648 0.665969 0.579011 1.352434 0.333473 0.959198
0.340907 0.291664 -0.534519 -0.818236 -0.045637 -0.062681 -0.176507 -0.242427 0.448648 0.707708 -0.130362 -0.644727 0.286563 0.941469
0.340907 0.250000 -0.534519 -0.958858 -0.045637 -0.073453 -0.176507 -0.284090 0.422750 0.632751 0.553113 1.277478 0.320414 1.014857
0.363636 0.208330 -0.465688 -1.099501 -0.039760 -0.084227 -0.153778 -0.325760 0.419086 0.520261 -0.134027 -0.757217 0.345226 1.129750
0.363636 0.166667 -0.465688 -1.240123 -0.039760 -0.094999 -0.153778 -0.367424 0.400011 0.429762 0.534038 1.186980 0.382978 1.174418
0.386362 0.083333 -0.396868 -1.521389 -0.033884 -0.116546 -0.131053 -0.450757 0.395247 0.212433 -0.138792 -0.974547 0.453433 1.287857
0.409091 0.083333 -0.328038 -1.521389 -0.028008 -0.116546 -0.108324 -0.450757 0.417492 0.200954 0.556284 1.175501 0.447393 1.334954
0.431816 0.041664 -0.259218 -1.662033 -0.022132 -0.127319 -0.085598 -0.492427 0.433822 0.096187 -0.122462 -1.079314 0.483390 1.398687
0.477274 0.000000 -0.121557 -1.802655 -0.010378 -0.138092 -0.040140 -0.534090 0.477274 0.000000 0.599737 1.079314 0.518969 1.495781
0.500000 0.000000 -0.052737 -1.802655 -0.004503 -0.138092 -0.017415 -0.534090 0.500000 0.000000 -0.099737 -1.079314 0.517707 1.538202
0.522729 0.000000 0.016094 -1.802655 0.001374 -0.138092 0.005314 -0.534090 0.522729 0.000000 0.622466 1.079314 0.517442 -1.560846
0.545455 0.041664 0.084914 -1.662033 0.007250 -0.127319 0.028040 -0.492427 0.547043 0.076235 -0.075422 -1.003079 0.476577 -1.513915
0.568184 0.083333 0.153744 -1.521389 0.013127 -0.116546 0.050769 -0.450757 0.574262 0.145628 0.649684 1.148707 0.437040 -1.458638
0.590909 0.166667 0.222565 -1.240123 0.019002 -0.094999 0.073495 -0.367424 0.613964 0.274910 -0.035721 -0.873797 0.358365 -1.373375
0.590909 0.250000 0.222565 -0.958858 0.019002 -0.073453 0.073495 -0.284090 0.641618 0.400241 0.677339 1.274038 0.277330 -1.317645
0.590909 0.333333 0.222565 -0.677592 0.019002 -0.051907 0.073495 -0.200757 0.678443 0.513606 0.001104 -0.760432 0.198210 -1.219862
0.590909 0.416667 0.222565 -0.396327 0.019002 -0.030360 0.073495 -0.117424 0.723038 0.614159 0.721934 1.374591 0.124706 -1.011555
0.568184 0.583333 0.153744 0.166205 0.013127 0.012732 0.050769 0.049243 0.814316 0.798554 0.092381 -0.576038 0.083203 0.770142
0.545455 0.666667 0.084914 0.447470 0.007250 0.034278 0.028040 0.132576 0.861374 0.885067 0.768992 1.461104 0.151863 1.362367
0.522729 0.708330 0.016094 0.588093 0.001374 0.045051 0.005314 0.174240 0.880328 0.935037 0.111335 -0.526068 0.190990 1.540305
0.500000 0.791664 -0.052737 0.869358 -0.004503 0.066597 -0.017415 0.257573 0.936339 1.007478 0.825004 1.533546 0.274801 -1.503289
0.477274 0.833333 -0.121557 1.010002 -0.010378 0.077371 -0.040140 0.299243 0.960331 1.050670 0.135327 -0.482876 0.318459 -1.437454
0.477274 0.875003 -0.121557 1.150645 -0.010378 0.088145 -0.040140 0.340913 0.996705 1.071450 0.861378 1.554326 0.359834 -1.453593
0.454545 0.875003 -0.190387 1.150645 -0.016255 0.088145 -0.062869 0.340913 0.986023 1.091688 0.124645 -0.462638 0.363073 -1.388431
0.454545 0.916667 -0.190387 1.291267 -0.016255 0.098917 -0.062869 0.382576 1.023176 1.110460 0.898531 1.573098 0.404172 -1.407921
0.477274 0.958336 -0.121557 1.431911 -0.010378 0.109691 -0.040140 0.424246 1.070607 1.108731 0.172076 -0.464367 0.442745 -1.476462
0.500000 0.958336 -0.052737 1.431911 -0.004503 0.109691 -0.017415 0.424246 1.080930 1.089910 0.908853 1.554278 0.441266 -1.529771
0.545455 0.958336 0.084914 1.431911 0.007250 0.109691 0.028040 0.424246 1.102692 1.053356 0.193839 -0.500922 0.441813 1.504799
0.568184 0.958336 0.153744 1.431911 0.013127 0.109691 0.050769 0.424246 1.114110 1.035625 0.920272 1.536546 0.443835 1.451694
0.613638 0.958336 0.291395 1.431911 0.024879 0.109691 0.096224 0.424246 1.137963 1.001259 0.217692 -0.535287 0.451299 1.347759
0.659093 0.958336 0.429046 1.431911 0.036632 0.109691 0.141678 0.424246 1.163104 0.968342 0.945413 1.503629 0.463125 1.248489
0.727273 1.000000 0.635516 1.572533 0.054260 0.120463 0.209858 0.465910 1.236497 0.942000 0.291085 -0.561629 0.526241 1.147588
0.772727 1.000000 0.773167 1.572533 0.066012 0.120463 0.255313 0.465910 1.263767 0.912908 0.972683 1.474536 0.545961 1.069500
0.795456 1.000000 0.841997 1.572533 0.071889 0.120463 0.278042 0.465910 1.277791 0.898832 0.305109 -0.575704 0.556952 1.032754
0.863636 1.000000 1.048468 1.572533 0.089517 0.120463 0.346222 0.465910 1.321313 0.858439 1.016204 1.434143 0.593935 0.931720
0.886365 0.958336 1.117298 1.431911 0.095394 0.109691 0.368951 0.424246 1.305394 0.824393 0.289189 -0.609750 0.574923 0.854998
0.909091 0.958336 1.186119 1.431911 0.101270 0.109691 0.391676 0.424246 1.320930 0.811763 1.031740 1.421513 0.589765 0.825295
0.931820 0.916667 1.254949 1.291267 0.107147 0.098917 0.414405 0.382576 1.307121 0.777201 0.275381 -0.644312 0.575443 0.745483
0.954545 0.916667 1.323769 1.291267 0.113022 0.098917 0.437131 0.382576 1.323418 0.765158 1.048037 1.409470 0.592018 0.718943
0.977274 0.833333 1.392600 1.010002 0.118899 0.077371 0.459860 0.299243 1.284332 0.706066 0.236296 -0.703404 0.557921 0.576886
0.977274 0.750000 1.392600 0.728736 0.118899 0.055825 0.459860 0.215910 1.231895 0.654570 0.995599 1.357974 0.515332 0.438961
1.000000 0.708330 1.461420 0.588093 0.124775 0.045051 0.482585 0.174240 1.225452 0.616295 0.229852 -0.741679 0.518977 0.346489
1.000000 0.541664 1.461420 0.025561 0.124775 0.001958 0.482585 0.007573 1.137277 0.496420 0.907425 1.238099 0.483194 0.015692
1.000000 0.500000 1.461420 -0.115061 0.124775 -0.008814 0.482585 -0.034090 1.118034 0.463648 0.210609 -0.774451 0.482900 -0.070524
0.977274 0.416667 1.392600 -0.396327 0.118899 -0.030360 0.459860 -0.117424 1.062392 0.403018 0.851783 1.177470 0.470767 -0.250004
0.977274 0.374997 1.392600 -0.536970 0.118899 -0.041134 0.459860 -0.159093 1.046751 0.366391 0.194968 -0.811079 0.481408 -0.333072
0.954545 0.374997 1.323769 -0.536970 0.113022 -0.041134 0.437131 -0.159093 1.025563 0.374331 0.830595 1.185410 0.459746 -0.349047
0.909091 0.416667 1.186119 -0.396327 0.101270 -0.030360 0.391676 -0.117424 1.000029 0.429762 0.169434 -0.755647 0.404426 -0.291271
0.886365 0.458330 1.117298 -0.255704 0.095394 -0.019588 0.368951 -0.075760 0.997853 0.477226 0.828419 1.232873 0.373652 -0.202524
0.863636 0.583333 1.048468 0.166205 0.089517 0.012732 0.346222 0.049243 1.042183 0.594051 0.213764 -0.638822 0.352441 0.141282
0.863636 0.624997 1.048468 0.306827 0.089517 0.023504 0.346222 0.090907 1.066062 0.626443 0.852298 1.265265 0.362551 0.256772
0.931820 0.708330 1.254949 0.588093 0.107147 0.045051 0.414405 0.174240 1.170479 0.649970 0.318181 -0.615294 0.456268 0.398017
0.977274 0.708330 1.392600 0.588093 0.118899 0.045051 0.459860 0.174240 1.206978 0.627178 0.888798 1.242473 0.497916 0.362184
