0.000000 0.580644 -1.693585 0.287699 -0.169369 0.024986 -0.531561 0.078419 0.580644 1.570796 0.580644 1.570796 0.533822 -0.146469
0.050846 0.580644 -1.531586 0.287699 -0.153168 0.024986 -0.480715 0.078419 0.582866 1.483451 0.002222 -0.087346 0.483214 -0.161705
0.084747 0.580644 -1.423576 0.287699 -0.142366 0.024986 -0.446814 0.078419 0.586796 1.425866 0.584574 1.513212 0.449502 -0.173737
0.152543 0.580644 -1.207572 0.287699 -0.120765 0.024986 -0.379017 0.078419 0.600347 1.313887 0.015773 -0.199325 0.382182 -0.204021
0.186442 0.580644 -1.099571 0.287699 -0.109964 0.024986 -0.345119 0.078419 0.609842 1.260101 0.594069 1.459425 0.348592 -0.223428
0.237288 0.645160 -0.937572 0.524393 -0.093763 0.045543 -0.294273 0.142935 0.687413 1.218355 0.093344 -0.241070 0.315438 -0.452159
0.254238 0.645160 -0.883567 0.524393 -0.088362 0.045543 -0.277323 0.142935 0.693447 1.195412 0.600103 1.436482 0.299687 -0.475898
0.271186 0.645160 -0.829570 0.524393 -0.082962 0.045543 -0.260375 0.142935 0.699838 1.172880 0.099735 -0.263602 0.284077 -0.502042
0.271186 0.516128 -0.829570 0.051005 -0.082962 0.004430 -0.260375 0.013903 0.583035 1.087017 0.483300 1.350619 0.260832 -0.053344
0.271186 0.451612 -0.829570 -0.185689 -0.082962 -0.016127 -0.260375 -0.050613 0.526778 1.030020 0.043478 -0.320598 0.272373 0.191992
0.237288 0.354840 -0.937572 -0.540720 -0.093763 -0.046961 -0.294273 -0.147385 0.426869 0.981375 0.383391 1.301974 0.343259 0.464323
0.237288 0.193548 -0.937572 -1.132464 -0.093763 -0.098353 -0.294273 -0.308677 0.306213 0.684221 -0.077178 -0.617752 0.448162 0.809283
0.254238 0.096776 -0.883567 -1.487496 -0.088362 -0.129186 -0.277323 -0.405449 0.272034 0.363717 0.349212 0.981469 0.515699 0.970897
0.271186 0.032260 -0.829570 -1.724190 -0.082962 -0.149743 -0.260375 -0.469965 0.273098 0.118404 -0.076114 -0.863065 0.563113 1.064864
0.322035 0.000000 -0.667563 -1.842545 -0.066760 -0.160022 -0.209526 -0.502225 0.322035 0.000000 0.398149 0.863065 0.571365 1.175555
0.338983 0.000000 -0.613566 -1.842545 -0.061360 -0.160022 -0.192578 -0.502225 0.338983 0.000000 -0.059166 -0.863065 0.565370 1.204638
0.355933 0.032260 -0.559561 -1.724190 -0.055960 -0.149743 -0.175628 -0.469965 0.357392 0.090389 0.416558 0.953455 0.529288 1.213162
0.372881 0.096776 -0.505564 -1.487496 -0.050560 -0.129186 -0.158680 -0.405449 0.385235 0.253934 -0.031323 -0.699520 0.462836 1.197753
0.389831 0.193548 -0.451559 -1.132464 -0.045159 -0.098353 -0.141730 -0.308677 0.435235 0.460837 0.466558 1.160357 0.366524 1.140358
0.406779 0.225808 -0.397562 -1.014108 -0.039759 -0.088074 -0.124782 -0.276417 0.465251 0.506760 -0.001307 -0.653597 0.330235 1.146757
0.406779 0.258064 -0.397562 -0.895770 -0.039759 -0.077796 -0.124782 -0.244161 0.481733 0.565336 0.483039 1.218933 0.300618 1.098338
0.406779 0.290324 -0.397562 -0.777414 -0.039759 -0.067517 -0.124782 -0.211901 0.499757 0.619871 0.016718 -0.599062 0.271598 1.038602
0.423730 0.290324 -0.343557 -0.777414 -0.034358 -0.067517 -0.107831 -0.211901 0.513649 0.600699 0.496931 1.199761 0.264240 1.100073
0.423730 0.258064 -0.343557 -0.895770 -0.034358 -0.077796 -0.107831 -0.244161 0.496129 0.547033 -0.000802 -0.652728 0.293987 1.154916
0.423730 0.225808 -0.343557 -1.014108 -0.034358 -0.088074 -0.107831 -0.276417 0.480142 0.489625 0.480944 1.142354 0.324210 1.198850
0.457628 0.161292 -0.235555 -1.250802 -0.023557 -0.108630 -0.073933 -0.340933 0.485220 0.338859 0.004276 -0.803495 0.377578 1.357247
0.491526 0.096776 -0.127553 -1.487496 -0.012756 -0.129186 -0.040035 -0.405449 0.500963 0.194403 0.496686 0.997898 0.436624 1.472373
0.542372 0.064516 0.034445 -1.605852 0.003445 -0.139465 0.010811 -0.437709 0.546196 0.118395 0.049509 -0.879503 0.467170 -1.546102
0.559323 0.064516 0.088450 -1.605852 0.008846 -0.139465 0.027762 -0.437709 0.563031 0.114839 0.513522 0.994342 0.467869 -1.507456
0.610171 0.129032 0.250457 -1.369158 0.025047 -0.118909 0.078610 -0.373193 0.623665 0.208398 0.110143 -0.785944 0.410133 -1.363189
0.627119 0.258064 0.304454 -0.895770 0.030447 -0.077796 0.095558 -0.244161 0.678141 0.390387 0.567998 1.176331 0.289710 -1.197749
0.627119 0.419356 0.304454 -0.304027 0.030447 -0.026404 0.095558 -0.082869 0.754412 0.589411 0.186415 -0.586920 0.147381 -0.714400
0.610171 0.516128 0.250457 0.051005 0.025047 0.004430 0.078610 0.013903 0.799185 0.702094 0.612770 1.289013 0.080111 0.175044
0.576270 0.677420 0.142447 0.642749 0.014246 0.055822 0.044710 0.175195 0.889374 0.865905 0.276603 -0.423108 0.152558 1.320931
0.525424 0.774197 -0.019552 0.997799 -0.001955 0.086657 -0.006137 0.271971 0.935655 0.974529 0.659052 1.397637 0.242713 -1.548237
0.491526 0.870968 -0.127553 1.352830 -0.012756 0.117491 -0.040035 0.368743 1.000092 1.057007 0.341040 -0.340631 0.341760 -1.462649
0.457628 0.903228 -0.235555 1.471186 -0.023557 0.127770 -0.073933 0.401003 1.012544 1.101837 0.671504 1.442467 0.378950 -1.388473
0.457628 0.935484 -0.235555 1.589524 -0.023557 0.138047 -0.073933 0.433259 1.041419 1.115835 0.369915 -0.326632 0.410634 -1.401780
0.474576 0.935484 -0.181559 1.589524 -0.018157 0.138047 -0.056985 0.433259 1.048977 1.101322 0.679062 1.427954 0.407923 -1.440020
0.576270 0.967744 0.142447 1.707880 0.014246 0.148326 0.044710 0.465519 1.126329 1.033709 0.447267 -0.394245 0.438469 1.475048
0.610171 0.967744 0.250457 1.707880 0.025047 0.148326 0.078610 0.465519 1.144045 1.008246 0.696778 1.402491 0.443211 1.403509
0.711866 0.967744 0.574463 1.707880 0.057450 0.148326 0.180305 0.465519 1.201367 0.936580 0.504589 -0.465911 0.471981 1.201268
0.745764 0.967744 0.682465 1.707880 0.068251 0.148326 0.214203 0.465519 1.221758 0.914228 0.717169 1.380139 0.485942 1.139543
0.830509 1.000000 0.952466 1.826218 0.095252 0.158604 0.298948 0.497775 1.299902 0.877727 0.582733 -0.502411 0.555702 1.029959
0.864407 1.000000 1.060467 1.826218 0.106053 0.158604 0.332846 0.497775 1.321817 0.857998 0.739084 1.360409 0.574649 0.981410
0.898305 0.967744 1.168469 1.707880 0.116854 0.148326 0.366744 0.465519 1.320410 0.822593 0.581325 -0.537816 0.569875 0.903528
0.932203 0.935484 1.276471 1.589524 0.127655 0.138047 0.400643 0.433259 1.320657 0.787155 0.739331 1.324971 0.568919 0.824491
0.966102 0.838713 1.384473 1.234492 0.138456 0.107214 0.434541 0.336487 1.279371 0.714932 0.540040 -0.610039 0.532135 0.658905
0.983052 0.709681 1.438478 0.761105 0.143857 0.066101 0.451491 0.207455 1.212451 0.625283 0.672411 1.235322 0.485356 0.430717
0.983052 0.645160 1.438478 0.524393 0.143857 0.045543 0.451491 0.142935 1.175850 0.580779 0.503439 -0.654543 0.465563 0.306600
1.000000 0.516128 1.492475 0.051005 0.149257 0.004430 0.468439 0.013903 1.125339 0.476466 0.621900 1.131010 0.468693 0.029670
0.983052 0.419356 1.438478 -0.304027 0.143857 -0.026404 0.451491 -0.082869 1.068762 0.403213 0.446861 -0.727796 0.465225 -0.181525
0.932203 0.387096 1.276471 -0.422382 0.127655 -0.036683 0.400643 -0.115129 1.009379 0.393582 0.562518 1.121378 0.425893 -0.279822
0.864407 0.387096 1.060467 -0.422382 0.106053 -0.036683 0.332846 -0.115129 0.947123 0.421037 0.384605 -0.700341 0.362845 -0.333012
0.813561 0.451612 0.898469 -0.185689 0.089852 -0.016127 0.282000 -0.050613 0.930502 0.506754 0.545897 1.207096 0.293114 -0.177589
0.813561 0.548388 0.898469 0.169361 0.089852 0.014709 0.282000 0.046163 0.981127 0.593103 0.435230 -0.613993 0.282502 0.162259
0.847459 0.612904 1.006471 0.406055 0.100653 0.035265 0.315898 0.110679 1.045867 0.626144 0.610637 1.240137 0.326203 0.336998
0.915256 0.677420 1.222474 0.642749 0.122255 0.055822 0.383695 0.175195 1.138679 0.637163 0.528043 -0.602974 0.410483 0.428329
