0.000000 0.923077 -1.642187 1.115619 -0.185691 0.120177 -0.541933 0.350733 0.923077 1.570796 0.923077 1.570796 0.662542 -0.574397
0.014926 0.923077 -1.596956 1.115619 -0.180577 0.120177 -0.527007 0.350733 0.923198 1.554627 0.000121 -0.016169 0.650390 -0.587208
0.044777 0.884613 -1.506502 0.993271 -0.170349 0.106998 -0.497156 0.312269 0.885746 1.520222 0.885625 1.536391 0.603816 -0.560833
0.134329 0.846155 -1.235138 0.870942 -0.139664 0.093820 -0.407604 0.273810 0.856751 1.413358 -0.028874 -0.123033 0.508618 -0.591518
0.164180 0.846155 -1.144683 0.870942 -0.129436 0.093820 -0.377753 0.273810 0.861936 1.379147 0.890810 1.502180 0.485024 -0.627203
0.194030 0.807691 -1.054229 0.748594 -0.119208 0.080641 -0.347903 0.235346 0.830669 1.335035 -0.060140 -0.167145 0.437794 -0.594760
0.194030 0.653845 -1.054229 0.259240 -0.119208 0.027926 -0.347903 0.081501 0.682027 1.282321 0.742168 1.449466 0.365459 -0.230114
0.179104 0.461542 -1.099459 -0.352443 -0.124322 -0.037966 -0.362829 -0.110803 0.495075 1.200629 -0.247093 -0.248837 0.371629 0.296390
0.179104 0.269232 -1.099459 -0.964145 -0.124322 -0.103860 -0.362829 -0.303112 0.323364 0.983782 0.570457 1.232620 0.453884 0.695964
0.194030 0.192309 -1.054229 -1.208822 -0.119208 -0.130217 -0.347903 -0.380035 0.273186 0.780944 -0.297271 -0.451676 0.493227 0.829511
0.223881 0.153845 -0.963774 -1.331170 -0.108979 -0.143397 -0.318052 -0.418499 0.271645 0.602066 0.568916 1.053742 0.501766 0.920937
0.313433 0.192309 -0.692410 -1.208822 -0.078295 -0.130217 -0.228500 -0.380035 0.367727 0.550330 -0.201189 -0.503412 0.417671 1.029450
0.373134 0.230768 -0.511501 -1.086493 -0.057838 -0.117040 -0.168799 -0.341576 0.438729 0.553881 0.639917 1.057294 0.354001 1.111819
0.388058 0.269232 -0.466277 -0.964145 -0.052725 -0.103860 -0.153875 -0.303112 0.472308 0.606548 -0.167609 -0.450746 0.313118 1.101048
0.417909 0.269232 -0.375822 -0.964145 -0.042496 -0.103860 -0.124024 -0.303112 0.497126 0.572313 0.664735 1.023058 0.299579 1.182411
0.447762 0.230768 -0.285361 -1.086493 -0.032267 -0.117040 -0.094171 -0.341576 0.503731 0.475876 -0.161004 -0.547182 0.325103 1.301784
0.462686 0.153845 -0.240137 -1.331170 -0.027154 -0.143397 -0.079247 -0.418499 0.487593 0.321004 0.648597 0.868187 0.396096 1.383652
0.522387 0.038464 -0.059228 -1.698177 -0.006697 -0.182932 -0.019546 -0.533880 0.523802 0.073499 -0.124795 -0.794688 0.503848 1.534202
0.582089 0.000000 0.121681 -1.820524 0.013759 -0.196112 0.040156 -0.572344 0.582089 0.000000 0.706884 0.794688 0.543419 -1.500751
0.611939 0.000000 0.212136 -1.820524 0.023987 -0.196112 0.070006 -0.572344 0.611939 0.000000 -0.094945 -0.794688 0.546436 -1.449086
0.626866 0.230768 0.257367 -1.086493 0.029102 -0.117040 0.084933 -0.341576 0.667993 0.352734 0.762938 1.147421 0.322548 -1.327089
0.626866 0.346155 0.257367 -0.719468 0.029102 -0.077503 0.084933 -0.226190 0.716089 0.504530 -0.046848 -0.642891 0.213407 -1.211593
0.567165 0.615387 0.076458 0.136911 0.008645 0.014748 0.025232 0.043043 0.836885 0.826154 0.883733 1.469045 0.077667 1.040587
0.492537 0.807691 -0.149682 0.748594 -0.016925 0.080641 -0.049396 0.235346 0.946021 1.023196 0.062288 -0.445849 0.270309 -1.363912
0.447762 0.923077 -0.285361 1.115619 -0.032267 0.120177 -0.094171 0.350733 1.025945 1.119160 0.963657 1.565009 0.392606 -1.308485
0.462686 0.961536 -0.240137 1.237949 -0.027154 0.133355 -0.079247 0.389192 1.067066 1.122306 0.103409 -0.442704 0.427021 -1.369923
0.537314 0.961536 -0.013997 1.237949 -0.001583 0.133355 -0.004619 0.389192 1.101480 1.061216 0.998070 1.503919 0.419628 -1.558928
0.597015 1.000000 0.166912 1.360296 0.018874 0.146535 0.055082 0.427656 1.164658 1.032574 0.166587 -0.471345 0.461367 1.442701
0.686567 1.000000 0.438276 1.360296 0.049558 0.146535 0.144634 0.427656 1.213002 0.969143 1.046415 1.440488 0.480359 1.244670
0.776119 1.000000 0.709640 1.360296 0.080243 0.146535 0.234186 0.427656 1.265844 0.910788 0.219429 -0.529700 0.514459 1.069794
0.850745 1.000000 0.935773 1.360296 0.105813 0.146535 0.308812 0.427656 1.312923 0.865870 1.093494 1.395570 0.552440 0.945390
0.880595 0.961536 1.026228 1.237949 0.116041 0.133355 0.338662 0.389192 1.303840 0.829308 0.210346 -0.566262 0.539220 0.854709
0.940299 0.846155 1.207144 0.870942 0.136499 0.093820 0.398366 0.273810 1.264966 0.732748 1.054620 1.299010 0.501245 0.602175
0.985074 0.653845 1.342822 0.259240 0.151840 0.027926 0.443141 0.081501 1.182321 0.585983 0.127701 -0.713027 0.457054 0.181884
1.000000 0.576923 1.388053 0.014563 0.156955 0.001569 0.458067 0.004578 1.154487 0.523278 1.026786 1.236305 0.459401 0.009995
1.000000 0.423077 1.388053 -0.474791 0.156955 -0.051146 0.458067 -0.149267 1.085815 0.400241 0.059029 -0.836064 0.473236 -0.315012
0.955223 0.307691 1.252368 -0.841816 0.141612 -0.090683 0.413290 -0.264654 1.003556 0.311619 0.944526 1.147684 0.475056 -0.569568
0.910448 0.384613 1.116689 -0.597139 0.126270 -0.064325 0.368515 -0.187731 0.988354 0.399704 0.043827 -0.747980 0.400691 -0.471160
0.895522 0.538464 1.071458 -0.107766 0.121156 -0.011609 0.353589 -0.033880 1.044941 0.541364 1.001114 1.289344 0.353606 -0.095526
0.925372 0.692309 1.161913 0.381588 0.131384 0.041106 0.383439 0.119965 1.155684 0.642311 0.154570 -0.647034 0.411872 0.303219
0.955223 0.730768 1.252368 0.503917 0.141612 0.054283 0.413290 0.158424 1.202694 0.653047 1.048124 1.300081 0.454387 0.366048
1.000000 0.730768 1.388053 0.503917 0.156955 0.054283 0.458067 0.158424 1.238556 0.631079 0.190433 -0.669002 0.495463 0.332975
