0.000000 0.576920 -1.615040 0.287593 -0.146698 0.023891 -0.500515 0.081513 0.576920 1.570796 0.576920 1.570796 0.506313 -0.161441
0.017240 0.576920 -1.559410 0.287593 -0.141645 0.023891 -0.483275 0.081513 0.577178 1.540922 0.000258 -0.029874 0.489277 -0.167096
0.034483 0.576920 -1.503773 0.287593 -0.136591 0.023891 -0.466032 0.081513 0.577950 1.511097 0.577692 1.540971 0.472254 -0.173157
0.086206 0.576920 -1.336875 0.287593 -0.121432 0.023891 -0.414309 0.081513 0.583325 1.422470 0.005633 -0.118501 0.421295 -0.194264
0.120688 0.576920 -1.225608 0.287593 -0.111325 0.023891 -0.379826 0.081513 0.589409 1.364576 0.583776 1.483077 0.387435 -0.211400
0.137931 0.615385 -1.169970 0.423303 -0.106271 0.035165 -0.362584 0.119978 0.630653 1.350303 0.046877 -0.132774 0.380345 -0.319556
0.189654 0.653849 -1.003073 0.559013 -0.091111 0.046438 -0.310861 0.158442 0.680799 1.288486 0.633922 1.421260 0.346621 -0.471368
0.206897 0.692308 -0.947435 0.694702 -0.086058 0.057710 -0.293618 0.196901 0.722562 1.280394 0.088641 -0.140866 0.350708 -0.590722
0.224137 0.692308 -0.891805 0.694702 -0.081005 0.057710 -0.276378 0.196901 0.727686 1.257693 0.639046 1.398559 0.336407 -0.619021
0.241379 0.692308 -0.836167 0.694702 -0.075951 0.057710 -0.259135 0.196901 0.733181 1.235317 0.094135 -0.163242 0.322391 -0.649767
0.241379 0.615385 -0.836167 0.423303 -0.075951 0.035165 -0.259135 0.119978 0.661031 1.196996 0.566896 1.360238 0.283454 -0.433605
0.241379 0.576920 -0.836167 0.287593 -0.075951 0.023891 -0.259135 0.081513 0.625381 1.174535 0.058484 -0.185703 0.270165 -0.304759
0.241379 0.461538 -0.836167 -0.119495 -0.075951 -0.009927 -0.259135 -0.033869 0.520847 1.088927 0.462363 1.274631 0.262050 0.129962
0.241379 0.384615 -0.836167 -0.390893 -0.075951 -0.032472 -0.259135 -0.110792 0.454085 1.010339 -0.008278 -0.264291 0.283873 0.404023
0.224137 0.269228 -0.891805 -0.798002 -0.081005 -0.066292 -0.276378 -0.226179 0.350315 0.876540 0.358593 1.140831 0.360386 0.685842
0.224137 0.192305 -0.891805 -1.069401 -0.081005 -0.088837 -0.276378 -0.303102 0.295328 0.709109 -0.063266 -0.431723 0.413978 0.831483
0.241379 0.115382 -0.836167 -1.340799 -0.075951 -0.111383 -0.259135 -0.380025 0.267539 0.445901 0.330804 0.877624 0.464197 0.972329
0.241379 0.076923 -0.836167 -1.476489 -0.075951 -0.122655 -0.259135 -0.418484 0.253340 0.308506 -0.077464 -0.569118 0.496569 1.016361
0.275862 0.000000 -0.724900 -1.747887 -0.065844 -0.145201 -0.224653 -0.495407 0.275862 0.000000 0.353326 0.569118 0.548620 1.145060
0.293102 0.000000 -0.669270 -1.747887 -0.060791 -0.145201 -0.207412 -0.495407 0.293102 0.000000 -0.060224 -0.569118 0.541789 1.174299
0.344828 0.000000 -0.502365 -1.747887 -0.045631 -0.145201 -0.155687 -0.495407 0.344828 0.000000 0.405052 0.569118 0.524169 1.266308
0.362068 0.038459 -0.446735 -1.612198 -0.040578 -0.133929 -0.138447 -0.456948 0.364104 0.105823 -0.040947 -0.463295 0.482352 1.276606
0.362068 0.076923 -0.446735 -1.476489 -0.040578 -0.122655 -0.138447 -0.418484 0.370149 0.209342 0.411096 0.672637 0.445643 1.251301
0.379310 0.115382 -0.391097 -1.340799 -0.035524 -0.111383 -0.121204 -0.380025 0.396471 0.295295 -0.014625 -0.377343 0.403755 1.262058
0.379310 0.192305 -0.391097 -1.069401 -0.035524 -0.088837 -0.121204 -0.303102 0.425273 0.469220 0.439899 0.846563 0.331185 1.190394
0.396550 0.230769 -0.335467 -0.933691 -0.030471 -0.077564 -0.103964 -0.264638 0.458810 0.527036 0.018911 -0.319527 0.289087 1.196465
0.396550 0.307692 -0.335467 -0.662292 -0.030471 -0.055018 -0.103964 -0.187715 0.501923 0.659886 0.483012 0.979413 0.219064 1.065009
0.396550 0.346151 -0.335467 -0.526603 -0.030471 -0.043746 -0.103964 -0.149256 0.526377 0.717642 0.043365 -0.261771 0.186109 0.962390
0.413793 0.346151 -0.279829 -0.526603 -0.025418 -0.043746 -0.086722 -0.149256 0.539486 0.696623 0.496121 0.958394 0.177056 1.044446
0.413793 0.269228 -0.279829 -0.798002 -0.025418 -0.066292 -0.086722 -0.226179 0.493668 0.576821 -0.002452 -0.381573 0.247010 1.204665
0.431033 0.230769 -0.224200 -0.933691 -0.020365 -0.077564 -0.069481 -0.264638 0.488921 0.491554 0.491374 0.873127 0.278550 1.314038
0.465516 0.192305 -0.112932 -1.069401 -0.010258 -0.088837 -0.034999 -0.303102 0.503673 0.391749 0.012299 -0.481379 0.310191 1.455837
0.500001 0.115382 -0.001656 -1.340799 -0.000150 -0.111383 -0.000513 -0.380025 0.513142 0.226793 0.500843 0.708172 0.385133 1.569446
0.534484 0.076923 0.109611 -1.476489 0.009956 -0.122655 0.033969 -0.418484 0.539991 0.142939 0.039148 -0.565233 0.424951 -1.489801
0.568967 0.076923 0.220879 -1.476489 0.020063 -0.122655 0.068452 -0.418484 0.574143 0.134383 0.534995 0.699616 0.429087 -1.408660
0.603450 0.076923 0.332146 -1.476489 0.030170 -0.122655 0.102935 -0.418484 0.608333 0.126788 0.073338 -0.572827 0.435919 -1.329613
0.637932 0.230769 0.443414 -0.933691 0.040276 -0.077564 0.137418 -0.264638 0.678389 0.347100 0.605051 0.919927 0.302731 -1.091854
0.637932 0.307692 0.443414 -0.662292 0.040276 -0.055018 0.137418 -0.187715 0.708260 0.449410 0.103209 -0.470517 0.236779 -0.938878
0.637932 0.423074 0.443414 -0.255204 0.040276 -0.021200 0.137418 -0.072333 0.765473 0.585596 0.662265 1.056113 0.157736 -0.484523
0.620690 0.538462 0.387776 0.151904 0.035223 0.012619 0.120175 0.043055 0.821703 0.714579 0.159439 -0.341535 0.126024 0.344019
0.551724 0.692308 0.165241 0.694702 0.015009 0.057710 0.051210 0.196901 0.885262 0.897927 0.725824 1.239462 0.198512 1.316355
0.500001 0.769231 -0.001656 0.966101 -0.000150 0.080256 -0.000513 0.273824 0.917452 0.994420 0.191628 -0.245042 0.268717 -1.568922
0.465516 0.807695 -0.112932 1.101810 -0.010258 0.091530 -0.034999 0.312288 0.932243 1.047947 0.740615 1.292989 0.309168 -1.459190
0.413793 0.884618 -0.279829 1.373209 -0.025418 0.114076 -0.086722 0.389211 0.976614 1.133268 0.235999 -0.159721 0.393772 -1.351564
0.396550 0.923077 -0.335467 1.508898 -0.030471 0.125348 -0.103964 0.427670 1.004651 1.165039 0.768652 1.324760 0.435164 -1.332327
0.413793 0.923077 -0.279829 1.508898 -0.025418 0.125348 -0.086722 0.427670 1.011581 1.149377 0.242929 -0.175383 0.431369 -1.370732
0.448276 0.923077 -0.168562 1.508898 -0.015311 0.125348 -0.052239 0.427670 1.026169 1.118709 0.783240 1.294092 0.425779 -1.449251
0.500001 0.923077 -0.001656 1.508898 -0.000150 0.125348 -0.000513 0.427670 1.049796 1.074372 0.266556 -0.219720 0.422563 -1.569596
0.551724 0.923077 0.165241 1.508898 0.015009 0.125348 0.051210 0.427670 1.075393 1.032069 0.808837 1.251788 0.425654 1.451623
0.689655 0.961541 0.610311 1.644608 0.055436 0.136621 0.189141 0.466134 1.183295 0.948594 0.374458 -0.303195 0.498317 1.185331
0.741381 1.000000 0.777217 1.780297 0.070596 0.147893 0.240866 0.504593 1.244847 0.932834 0.870390 1.236029 0.554529 1.125435
0.827586 1.000000 1.055381 1.780297 0.095863 0.147893 0.327072 0.504593 1.298037 0.879459 0.427647 -0.356570 0.597044 0.995695
0.862069 1.000000 1.166649 1.780297 0.105969 0.147893 0.361554 0.504593 1.320289 0.859337 0.892642 1.215907 0.616609 0.949065
0.896552 1.000000 1.277916 1.780297 0.116076 0.147893 0.396037 0.504593 1.343058 0.839890 0.450416 -0.376017 0.637441 0.905353
0.931034 0.923077 1.389184 1.508898 0.126183 0.125348 0.430520 0.427670 1.311067 0.781106 0.860651 1.157124 0.603246 0.782077
0.948277 0.884618 1.444822 1.373209 0.131237 0.114076 0.447763 0.389211 1.296834 0.750681 0.436183 -0.406443 0.589938 0.715556
0.965517 0.807695 1.500451 1.101810 0.136290 0.091530 0.465003 0.312288 1.258807 0.696629 0.822624 1.103071 0.557304 0.591399
1.000000 0.615385 1.611719 0.423303 0.146396 0.035165 0.499485 0.119978 1.174180 0.551655 0.351556 -0.551416 0.512524 0.235736
1.000000 0.461538 1.611719 -0.119495 0.146396 -0.009927 0.499485 -0.033869 1.101371 0.432408 0.749815 0.983824 0.501004 -0.067703
1.000000 0.384615 1.611719 -0.390893 0.146396 -0.032472 0.499485 -0.110792 1.071414 0.367174 0.321600 -0.616650 0.512756 -0.218278
0.948277 0.307692 1.444822 -0.662292 0.131237 -0.055018 0.447763 -0.187715 0.996947 0.313757 0.675348 0.930407 0.487516 -0.396972
0.913794 0.307692 1.333554 -0.662292 0.121130 -0.055018 0.413280 -0.187715 0.964207 0.324795 0.288859 -0.605613 0.456049 -0.426347
0.879312 0.346151 1.222287 -0.526603 0.111023 -0.043746 0.378797 -0.149256 0.944992 0.375030 0.656133 0.980643 0.409042 -0.375346
0.827586 0.423074 1.055381 -0.255204 0.095863 -0.021200 0.327072 -0.072333 0.929457 0.472579 0.273325 -0.508064 0.336114 -0.217650
0.827586 0.499997 1.055381 0.016195 0.095863 0.001345 0.327072 0.004590 0.966900 0.543475 0.693576 1.051539 0.327072 0.014033
0.896552 0.653849 1.277916 0.559013 0.116076 0.046438 0.396037 0.158442 1.109650 0.630117 0.416075 -0.421422 0.424684 0.380566
0.931034 0.730772 1.389184 0.830412 0.126183 0.068984 0.430520 0.235365 1.183576 0.665468 0.767502 1.086890 0.488227 0.500306
