0.000000 0.833333 -1.301825 0.913795 -0.105058 0.062802 -0.446091 0.266667 0.833333 1.570796 0.833333 1.570796 0.590723 -0.538790
0.018520 0.833333 -1.247779 0.913795 -0.100696 0.062802 -0.427571 0.266667 0.833539 1.548576 0.000206 -0.022220 0.576865 -0.557648
0.037037 0.833333 -1.193740 0.913795 -0.096336 0.062802 -0.409054 0.266667 0.834156 1.526381 0.833950 1.548601 0.563278 -0.577718
0.055557 0.833333 -1.139694 0.913795 -0.091974 0.062802 -0.390534 0.266667 0.835183 1.504227 0.001233 -0.044375 0.549976 -0.599107
0.074074 0.833333 -1.085656 0.913795 -0.087613 0.062802 -0.372017 0.266667 0.836619 1.482141 0.835386 1.526515 0.536985 -0.621921
0.092594 0.805558 -1.031609 0.818615 -0.083251 0.056261 -0.353497 0.238891 0.810862 1.456355 -0.024524 -0.070161 0.504159 -0.594295
0.111111 0.833333 -0.977571 0.913795 -0.078891 0.062802 -0.334980 0.266667 0.840708 1.438245 0.865232 1.508406 0.512024 -0.672339
0.148148 0.833333 -0.869486 0.913795 -0.070168 0.062802 -0.297943 0.266667 0.846400 1.394857 -0.018833 -0.113548 0.488597 -0.730060
0.185185 0.805558 -0.761401 0.818615 -0.061446 0.056261 -0.260906 0.238891 0.826569 1.344838 0.845402 1.458387 0.444172 -0.741379
0.203705 0.833333 -0.707355 0.913795 -0.057084 0.062802 -0.242386 0.266667 0.857869 1.331052 0.012468 -0.127334 0.456846 -0.833060
0.222222 0.833333 -0.653316 0.913795 -0.052723 0.062802 -0.223869 0.266667 0.862454 1.310195 0.849986 1.437529 0.447297 -0.872425
0.240741 0.805558 -0.599270 0.818615 -0.048361 0.056261 -0.205349 0.238891 0.840761 1.280394 -0.009225 -0.157135 0.413987 -0.860759
0.240741 0.833333 -0.599270 0.913795 -0.048361 0.062802 -0.205349 0.266667 0.867410 1.289563 0.876636 1.446698 0.438321 -0.914580
0.240741 0.805558 -0.599270 0.818615 -0.048361 0.056261 -0.205349 0.238891 0.840761 1.280394 -0.035874 -0.166304 0.413987 -0.860759
0.240741 0.777778 -0.599270 0.723421 -0.048361 0.049718 -0.205349 0.211111 0.814183 1.270624 0.850058 1.436928 0.390109 -0.799233
0.222222 0.777778 -0.653316 0.723421 -0.052723 0.049718 -0.223869 0.211111 0.808901 1.292497 -0.041157 -0.144431 0.400167 -0.756077
0.203705 0.750002 -0.707355 0.628241 -0.057084 0.043177 -0.242386 0.183335 0.777174 1.305589 0.818330 1.450020 0.388733 -0.647570
0.203705 0.722222 -0.707355 0.533047 -0.057084 0.036635 -0.242386 0.155556 0.750400 1.295885 -0.067930 -0.154134 0.367423 -0.570566
0.185185 0.694447 -0.761401 0.437867 -0.061446 0.030093 -0.260906 0.127780 0.718714 1.310195 0.786644 1.464330 0.360212 -0.455418
0.185185 0.666667 -0.761401 0.342673 -0.061446 0.023551 -0.260906 0.100000 0.691909 1.299850 -0.094735 -0.164479 0.341651 -0.366010
0.166668 0.583335 -0.815439 0.057119 -0.065806 0.003926 -0.279423 0.016669 0.606678 1.292496 0.701413 1.456976 0.311309 -0.059583
0.148148 0.583335 -0.869486 0.057119 -0.070168 0.003926 -0.297943 0.016669 0.601854 1.322088 -0.099559 -0.134888 0.328034 -0.055888
0.148148 0.555556 -0.869486 -0.038075 -0.070168 -0.002617 -0.297943 -0.011111 0.574969 1.310195 0.674529 1.445082 0.317415 0.037276
0.129631 0.472224 -0.923524 -0.323629 -0.074529 -0.022242 -0.316460 -0.094442 0.489694 1.302885 -0.184835 -0.142197 0.317537 0.290019
0.129631 0.388889 -0.923524 -0.609197 -0.074529 -0.041868 -0.316460 -0.177778 0.409925 1.249043 0.594760 1.391241 0.321588 0.511835
0.129631 0.333333 -0.923524 -0.799571 -0.074529 -0.054952 -0.316460 -0.233333 0.357652 1.199902 -0.237108 -0.191338 0.335948 0.635339
0.129631 0.249998 -0.923524 -1.085139 -0.074529 -0.074578 -0.316460 -0.316669 0.281608 1.092437 0.518716 1.283776 0.372289 0.785728
0.129631 0.194442 -0.923524 -1.275514 -0.074529 -0.087662 -0.316460 -0.372224 0.233692 0.982785 -0.285024 -0.300991 0.404319 0.866194
0.129631 0.166667 -0.923524 -1.370693 -0.074529 -0.094203 -0.316460 -0.400000 0.211144 0.909749 0.496168 1.210740 0.422167 0.901475
0.129631 0.083331 -0.923524 -1.656262 -0.074529 -0.113830 -0.316460 -0.483335 0.154105 0.571322 -0.342064 -0.639417 0.481395 0.991095
0.148148 0.055556 -0.869486 -1.751442 -0.070168 -0.120371 -0.297943 -0.511111 0.158222 0.358772 0.500285 0.998189 0.491210 1.043022
0.166668 0.027776 -0.815439 -1.846636 -0.065806 -0.126913 -0.279423 -0.538891 0.168966 0.165136 -0.331319 -0.833053 0.503055 1.092447
0.185185 0.000000 -0.761401 -1.941816 -0.061446 -0.133455 -0.260906 -0.566667 0.185185 0.000000 0.516504 0.833053 0.516787 1.139309
0.203705 0.000000 -0.707355 -1.941816 -0.057084 -0.133455 -0.242386 -0.566667 0.203705 0.000000 -0.312799 -0.833053 0.507689 1.166607
0.259259 0.000000 -0.545232 -1.941816 -0.044001 -0.133455 -0.186832 -0.566667 0.259259 0.000000 0.572058 0.833053 0.483635 1.252316
0.296295 0.000000 -0.437147 -1.941816 -0.035278 -0.133455 -0.149795 -0.566667 0.296295 0.000000 -0.275762 -0.833053 0.470569 1.312363
0.333332 0.000000 -0.329062 -1.941816 -0.026555 -0.133455 -0.112758 -0.566667 0.333332 0.000000 0.609095 0.833053 0.460121 1.374377
0.333332 0.027776 -0.329062 -1.846636 -0.026555 -0.126913 -0.112758 -0.538891 0.334488 0.083135 -0.274607 -0.749918 0.433246 1.364531
0.333332 0.083331 -0.329062 -1.656262 -0.026555 -0.113830 -0.112758 -0.483335 0.343591 0.244973 0.618198 0.994892 0.379880 1.341604
0.351852 0.166667 -0.275015 -1.370693 -0.022194 -0.094203 -0.094238 -0.400000 0.389330 0.442374 -0.228868 -0.552518 0.294887 1.339420
0.351852 0.249998 -0.275015 -1.085139 -0.022194 -0.074578 -0.094238 -0.316669 0.431624 0.617751 0.660492 1.170269 0.217562 1.281550
0.351852 0.333333 -0.275015 -0.799571 -0.022194 -0.054952 -0.094238 -0.233333 0.484676 0.758377 -0.175815 -0.411892 0.146953 1.186951
0.351852 0.361109 -0.275015 -0.704391 -0.022194 -0.048411 -0.094238 -0.205558 0.504182 0.798381 0.679998 1.210273 0.126897 1.140936
0.370369 0.333333 -0.220977 -0.799571 -0.017833 -0.054952 -0.075721 -0.233333 0.498282 0.732816 -0.181716 -0.477456 0.135823 1.256999
0.370369 0.277778 -0.220977 -0.989945 -0.017833 -0.068036 -0.075721 -0.288889 0.462962 0.643502 0.644678 1.120959 0.184561 1.314451
0.370369 0.249998 -0.220977 -1.085139 -0.017833 -0.074578 -0.075721 -0.316669 0.446847 0.593747 -0.197831 -0.527212 0.210205 1.336085
0.388889 0.194442 -0.166931 -1.275514 -0.013471 -0.087662 -0.057201 -0.372224 0.434790 0.463643 0.632621 0.990855 0.258068 1.418315
0.407406 0.166667 -0.112892 -1.370693 -0.009110 -0.094203 -0.038684 -0.400000 0.440179 0.388320 -0.192442 -0.602535 0.282089 1.474385
0.425926 0.111111 -0.058846 -1.561067 -0.004749 -0.107287 -0.020164 -0.455556 0.440180 0.255182 0.632623 0.857717 0.335586 1.526562
0.444443 0.083331 -0.004808 -1.656262 -0.000388 -0.113830 -0.001647 -0.483335 0.452188 0.185344 -0.180435 -0.672373 0.362763 1.567388
0.481480 0.083331 0.103277 -1.656262 0.008335 -0.113830 0.035390 -0.483335 0.488638 0.171375 0.669073 0.843749 0.364482 -1.497707
0.518520 0.083331 0.211370 -1.656262 0.017058 -0.113830 0.072429 -0.483335 0.525173 0.159347 -0.143900 -0.684402 0.369919 -1.422050
0.592594 0.083331 0.427540 -1.656262 0.034503 -0.113830 0.146503 -0.483335 0.598424 0.139705 0.742324 0.824107 0.391226 -1.276490
0.611111 0.111111 0.481578 -1.561067 0.038864 -0.107287 0.165020 -0.455556 0.621130 0.179854 -0.121194 -0.644253 0.373421 -1.223260
0.629631 0.138887 0.535625 -1.465888 0.043225 -0.100746 0.183540 -0.427780 0.644767 0.217108 0.765961 0.861361 0.357856 -1.165498
0.666668 0.194442 0.643709 -1.275514 0.051948 -0.087662 0.220577 -0.372224 0.694445 0.283791 -0.071516 -0.577570 0.334636 -1.035842
0.685185 0.277778 0.697748 -0.989945 0.056309 -0.068036 0.239094 -0.288889 0.739350 0.385158 0.810866 0.962728 0.292396 -0.879432
0.703705 0.388889 0.751794 -0.609197 0.060670 -0.041868 0.257614 -0.177778 0.804012 0.504861 -0.006855 -0.457867 0.263888 -0.604047
0.722222 0.472224 0.805832 -0.323629 0.065031 -0.022242 0.276131 -0.094442 0.862902 0.579077 0.869757 1.036944 0.277365 -0.329548
0.722222 0.527780 0.805832 -0.133255 0.065031 -0.009158 0.276131 -0.038887 0.894514 0.631082 0.024758 -0.405862 0.287961 -0.139907
0.722222 0.611111 0.805832 0.152299 0.065031 0.010467 0.276131 0.044444 0.946077 0.702257 0.921319 1.108119 0.321683 0.159585
0.722222 0.694447 0.805832 0.437867 0.065031 0.030093 0.276131 0.127780 1.001928 0.765795 0.080609 -0.342325 0.371388 0.433407
0.703705 0.777778 0.751794 0.723421 0.060670 0.049718 0.257614 0.211111 1.048875 0.835356 0.968266 1.177681 0.419978 0.686510
0.666668 0.805558 0.643709 0.818615 0.051948 0.056261 0.220577 0.238891 1.045643 0.879460 0.077377 -0.298221 0.421747 0.825236
0.629631 0.805558 0.535625 0.818615 0.043225 0.056261 0.183540 0.238891 1.022427 0.907371 0.945050 1.205591 0.403613 0.915685
0.592594 0.888889 0.427540 1.104169 0.034503 0.075886 0.146503 0.322222 1.068312 0.982793 0.123262 -0.222798 0.466405 1.144070
0.555557 0.888889 0.319455 1.104169 0.025780 0.075886 0.109466 0.322222 1.048221 1.012196 0.924959 1.234994 0.456128 1.243306
0.518520 0.916669 0.211370 1.199364 0.017058 0.082428 0.072429 0.350002 1.053159 1.056012 0.128200 -0.178982 0.476120 1.366737
0.481480 0.944444 0.103277 1.294543 0.008335 0.088970 0.035390 0.377778 1.060094 1.099338 0.931893 1.278320 0.499609 1.477391
0.462963 0.944444 0.049239 1.294543 0.003974 0.088970 0.016872 0.377778 1.051813 1.115022 0.119920 -0.163297 0.498639 1.526164
0.481480 0.944444 0.103277 1.294543 0.008335 0.088970 0.035390 0.377778 1.060094 1.099338 0.940174 1.262635 0.499609 1.477391
0.537037 0.944444 0.265408 1.294543 0.021419 0.088970 0.090946 0.377778 1.086455 1.053764 0.146281 -0.208870 0.506584 1.334551
0.555557 0.944444 0.319455 1.294543 0.025780 0.088970 0.109466 0.377778 1.095727 1.039071 0.949447 1.247942 0.510235 1.288757
0.666668 0.944444 0.643709 1.294543 0.051948 0.088970 0.220577 0.377778 1.156037 0.956133 0.206590 -0.291809 0.544987 1.042314
0.759259 0.944444 0.913917 1.294543 0.073754 0.088970 0.313168 0.377778 1.211796 0.893669 1.005206 1.185478 0.588584 0.878636
0.851852 0.972224 1.184133 1.389738 0.095560 0.095512 0.405762 0.405558 1.292622 0.851293 0.287417 -0.334185 0.664424 0.785147
0.907406 0.972224 1.346256 1.389738 0.108644 0.095512 0.461316 0.405558 1.329890 0.819869 1.042473 1.154054 0.699735 0.721166
0.944443 1.000000 1.454341 1.484918 0.117366 0.102054 0.498353 0.433333 1.375490 0.813962 0.333017 -0.340091 0.745098 0.715724
0.962963 1.000000 1.508388 1.484918 0.121728 0.102054 0.516872 0.433333 1.388272 0.804264 1.055254 1.144355 0.757610 0.697707
1.000000 0.888889 1.616473 1.104169 0.130450 0.075886 0.553909 0.322222 1.337955 0.726642 0.282701 -0.417713 0.709145 0.526873
1.000000 0.833333 1.616473 0.913795 0.130450 0.062802 0.553909 0.266667 1.301708 0.694738 1.019008 1.112451 0.675850 0.448679
1.000000 0.777778 1.616473 0.723421 0.130450 0.049718 0.553909 0.211111 1.266862 0.661043 0.247854 -0.451408 0.645625 0.364133
0.944443 0.722222 1.454341 0.533047 0.117366 0.036635 0.498353 0.155556 1.188940 0.652847 0.941086 1.104255 0.569740 0.302556
0.925926 0.722222 1.400303 0.533047 0.113005 0.036635 0.479836 0.155556 1.174285 0.662426 0.233199 -0.441829 0.553616 0.313495
0.888889 0.777778 1.292218 0.723421 0.104283 0.049718 0.442799 0.211111 1.181128 0.718830 0.947929 1.160659 0.553251 0.444888
0.870369 0.833333 1.238172 0.913795 0.099921 0.062802 0.424279 0.266667 1.204984 0.763663 0.257055 -0.396996 0.574430 0.561125
0.870369 0.888889 1.238172 1.104169 0.099921 0.075886 0.424279 0.322222 1.244052 0.795925 0.986997 1.192921 0.613256 0.649527
0.870369 0.972224 1.238172 1.389738 0.099921 0.095512 0.424279 0.405558 1.304900 0.840620 0.317903 -0.352301 0.675891 0.762842
0.888889 1.000000 1.292218 1.484918 0.104283 0.102054 0.442799 0.433333 1.337955 0.844154 1.020053 1.196454 0.709145 0.774595
0.907406 1.000000 1.346256 1.484918 0.108644 0.102054 0.461316 0.433333 1.350328 0.833904 0.330276 -0.362550 0.720852 0.754131
