0.000000 0.576920 -1.861320 0.441517 -0.181581 0.041099 -0.558333 0.126372 0.576920 1.570796 0.576920 1.570796 0.558642 -0.222587
0.022221 0.615385 -1.787243 0.575904 -0.174355 0.053608 -0.536112 0.164836 0.615786 1.534704 0.038865 -0.036093 0.539139 -0.298292
0.044444 0.615385 -1.713155 0.575904 -0.167127 0.053608 -0.513888 0.164836 0.616987 1.498699 0.578122 1.534792 0.517046 -0.310394
0.111109 0.615385 -1.490914 0.575904 -0.145446 0.053608 -0.447223 0.164836 0.625335 1.392168 0.047213 -0.142624 0.450848 -0.353127
0.222222 0.615385 -1.120496 0.575904 -0.109310 0.053608 -0.336111 0.164836 0.654279 1.224258 0.607066 1.366882 0.340918 -0.455956
0.266666 0.615385 -0.972332 0.575904 -0.094856 0.053608 -0.291666 0.164836 0.670678 1.161889 0.063612 -0.204993 0.297194 -0.514402
0.311111 0.653843 -0.824167 0.710270 -0.080402 0.066116 -0.247222 0.203295 0.724086 1.126681 0.660474 1.331673 0.265030 -0.688201
0.333331 0.653843 -0.750090 0.710270 -0.073175 0.066116 -0.225002 0.203295 0.733908 1.099337 0.073434 -0.232336 0.244434 -0.734759
0.311111 0.499997 -0.824167 0.172763 -0.080402 0.016082 -0.247222 0.049448 0.588886 1.014195 0.515453 1.246531 0.254011 -0.197411
0.288887 0.423074 -0.898255 -0.095991 -0.087629 -0.008935 -0.269446 -0.027475 0.512296 0.971688 -0.003157 -0.274843 0.301490 0.101616
0.288887 0.346151 -0.898255 -0.364744 -0.087629 -0.033952 -0.269446 -0.104398 0.450861 0.875329 0.454018 1.150172 0.342961 0.369644
0.266666 0.269228 -0.972332 -0.633498 -0.094856 -0.058969 -0.291666 -0.181321 0.378939 0.790178 -0.075079 -0.359994 0.410671 0.556202
0.244442 0.153846 -1.046420 -1.036618 -0.102084 -0.096494 -0.313890 -0.296702 0.288826 0.561740 0.363906 0.921734 0.511993 0.757256
0.244442 0.076923 -1.046420 -1.305372 -0.102084 -0.121511 -0.313890 -0.373626 0.256260 0.304877 -0.107646 -0.616857 0.574702 0.872066
0.222222 0.000000 -1.120496 -1.574126 -0.109310 -0.146528 -0.336111 -0.450549 0.222222 0.000000 0.329868 0.616857 0.651695 0.929858
0.244442 0.000000 -1.046420 -1.574126 -0.102084 -0.146528 -0.313890 -0.450549 0.244442 0.000000 -0.085425 -0.616857 0.640517 0.962299
0.266666 0.000000 -0.972332 -1.574126 -0.094856 -0.146528 -0.291666 -0.450549 0.266666 0.000000 0.352091 0.616857 0.629924 0.996280
0.266666 0.038459 -0.972332 -1.439759 -0.094856 -0.134020 -0.291666 -0.412090 0.269425 0.143233 -0.082666 -0.473624 0.596103 0.954872
0.311111 0.115382 -0.824167 -1.171005 -0.080402 -0.109003 -0.247222 -0.335167 0.331817 0.355145 0.414484 0.828770 0.507271 0.935273
0.377775 0.192305 -0.601926 -0.902252 -0.058721 -0.083986 -0.180557 -0.258244 0.423905 0.470858 0.009421 -0.357912 0.408139 0.960625
0.399999 0.192305 -0.527838 -0.902252 -0.051493 -0.083986 -0.158333 -0.258244 0.443825 0.448140 0.434403 0.806052 0.398806 1.020789
0.444444 0.230769 -0.379673 -0.767865 -0.037039 -0.071477 -0.113889 -0.219779 0.500784 0.478914 0.066381 -0.327137 0.346797 1.092698
0.466664 0.230769 -0.305596 -0.767865 -0.029812 -0.071477 -0.091668 -0.219779 0.520605 0.459244 0.454225 0.786382 0.340148 1.175642
0.511109 0.230769 -0.157431 -0.767865 -0.015358 -0.071477 -0.047224 -0.219779 0.560791 0.424107 0.106566 -0.362275 0.330950 1.359144
0.533332 0.230769 -0.083344 -0.767865 -0.008131 -0.071477 -0.025000 -0.219779 0.581118 0.408369 0.474552 0.770644 0.328516 1.457532
0.555556 0.153846 -0.009256 -1.036618 -0.000903 -0.096494 -0.002776 -0.296702 0.576465 0.270153 0.101913 -0.500491 0.404496 1.561439
0.577777 0.115382 0.064821 -1.171005 0.006324 -0.109003 0.019444 -0.335167 0.589185 0.197107 0.487272 0.697598 0.443378 -1.512848
0.600001 0.076923 0.138909 -1.305372 0.013551 -0.121511 0.041668 -0.373626 0.604912 0.127509 0.117639 -0.570088 0.483209 -1.459732
0.666666 0.076923 0.361151 -1.305372 0.035232 -0.121511 0.108333 -0.373626 0.671089 0.114877 0.553449 0.684965 0.493448 -1.288585
0.688889 0.076923 0.435238 -1.305372 0.042460 -0.121511 0.130557 -0.373626 0.693171 0.111202 0.139721 -0.573763 0.498799 -1.234628
0.733334 0.115382 0.583403 -1.171005 0.056914 -0.109003 0.175001 -0.335167 0.742355 0.156059 0.602634 0.729822 0.476268 -1.089601
0.777778 0.153846 0.731568 -1.036618 0.071368 -0.096494 0.219445 -0.296702 0.792848 0.195281 0.190214 -0.534541 0.460180 -0.933975
0.777778 0.192305 0.731568 -0.902252 0.071368 -0.083986 0.219445 -0.258244 0.801199 0.242388 0.610985 0.776929 0.426770 -0.866441
0.799999 0.269228 0.805645 -0.633498 0.078595 -0.058969 0.241666 -0.181321 0.844086 0.324630 0.233101 -0.452299 0.376808 -0.643690
0.799999 0.307692 0.805645 -0.499111 0.078595 -0.046460 0.241666 -0.142856 0.857130 0.367174 0.624029 0.819473 0.348171 -0.533873
0.777778 0.423074 0.731568 -0.095991 0.071368 -0.008935 0.219445 -0.027475 0.885398 0.498188 0.261369 -0.321285 0.257781 -0.124552
0.733334 0.538462 0.583403 0.307150 0.056914 0.028591 0.175001 0.087913 0.909791 0.633355 0.648422 0.954640 0.176126 0.465531
0.733334 0.576920 0.583403 0.441517 0.056914 0.041099 0.175001 0.126372 0.933068 0.666584 0.284646 -0.288056 0.175985 0.625417
0.711110 0.653843 0.509315 0.710270 0.049686 0.066116 0.152777 0.203295 0.966017 0.743468 0.681371 1.031524 0.180175 0.926332
0.666666 0.730772 0.361151 0.979044 0.035232 0.091134 0.108333 0.280224 0.989177 0.831240 0.307806 -0.200284 0.203645 1.201900
0.666666 0.769231 0.361151 1.113411 0.035232 0.103642 0.108333 0.318682 1.017919 0.856706 0.710113 1.056990 0.237095 1.243111
0.644445 0.807695 0.287074 1.247798 0.028005 0.116151 0.086112 0.357147 1.033286 0.897349 0.323174 -0.159641 0.263812 1.334200
0.644445 0.846154 0.287074 1.382165 0.028005 0.128659 0.086112 0.395605 1.063619 0.919902 0.740445 1.079543 0.300427 1.356467
0.644445 0.884618 0.287074 1.516552 0.028005 0.141168 0.086112 0.434070 1.094467 0.941197 0.354022 -0.138346 0.337458 1.374955
0.711110 0.923077 0.509315 1.650918 0.049686 0.153676 0.152777 0.472528 1.165225 0.914386 0.811203 1.052732 0.395448 1.258086
0.822223 1.000000 0.879733 1.919672 0.085822 0.178693 0.263890 0.549451 1.294623 0.882651 0.483421 -0.170081 0.514498 1.123050
0.911111 1.000000 1.176062 1.919672 0.114731 0.178693 0.352779 0.549451 1.352821 0.831876 0.869400 1.001957 0.565263 1.000026
0.977776 0.961541 1.398303 1.785305 0.136412 0.166185 0.419443 0.510993 1.371353 0.777027 0.501953 -0.224930 0.581816 0.883476
1.000000 0.884618 1.472391 1.516552 0.143639 0.141168 0.441667 0.434070 1.335122 0.724252 0.833169 0.949182 0.549120 0.776723
1.000000 0.769231 1.472391 1.113411 0.143639 0.103642 0.441667 0.318682 1.261632 0.655696 0.428464 -0.293486 0.489436 0.625039
1.000000 0.692308 1.472391 0.844657 0.143639 0.078625 0.441667 0.241759 1.216261 0.605545 0.787797 0.899031 0.461540 0.500828
0.955556 0.615385 1.324227 0.575904 0.129185 0.053608 0.397223 0.164836 1.136567 0.572151 0.348770 -0.326880 0.401299 0.393345
0.933332 0.576920 1.250139 0.441517 0.121957 0.041099 0.374999 0.126372 1.097244 0.553644 0.748474 0.880524 0.375459 0.325039
0.911111 0.576920 1.176062 0.441517 0.114731 0.041099 0.352779 0.126372 1.078407 0.564478 0.329932 -0.316046 0.353268 0.343977
0.911111 0.615385 1.176062 0.575904 0.114731 0.053608 0.352779 0.164836 1.099464 0.594040 0.769532 0.910085 0.357362 0.437107
0.933332 0.653843 1.250139 0.710270 0.121957 0.066116 0.374999 0.203295 1.139570 0.611093 0.370038 -0.298992 0.386971 0.496773
