0.000000 0.656252 -1.519747 0.420385 -0.097852 0.020922 -0.487522 0.104236 0.656252 1.570796 0.656252 1.570796 0.515895 -0.210637
0.017240 0.656252 -1.466005 0.420385 -0.094392 0.020922 -0.470282 0.104236 0.656479 1.544532 0.000226 -0.026264 0.499635 -0.218120
0.034483 0.656252 -1.412254 0.420385 -0.090931 0.020922 -0.453040 0.104236 0.657158 1.518300 0.656931 1.544564 0.483441 -0.226147
0.051723 0.656252 -1.358512 0.420385 -0.087471 0.020922 -0.435800 0.104236 0.658287 1.492144 0.001356 -0.052421 0.467323 -0.234774
0.068965 0.656252 -1.304762 0.420385 -0.084010 0.020922 -0.418557 0.104236 0.659866 1.466091 0.658510 1.518511 0.451287 -0.244073
0.086205 0.656252 -1.251020 0.420385 -0.080549 0.020922 -0.401317 0.104236 0.661890 1.440184 0.003380 -0.078327 0.435345 -0.254121
0.103448 0.656252 -1.197270 0.420385 -0.077089 0.020922 -0.384074 0.104236 0.664356 1.414448 0.660976 1.492776 0.419503 -0.265013
0.120688 0.656252 -1.143527 0.420385 -0.073628 0.020922 -0.366834 0.104236 0.667258 1.388924 0.006282 -0.103852 0.403779 -0.276854
0.137931 0.656252 -1.089777 0.420385 -0.070168 0.020922 -0.349592 0.104236 0.670591 1.363632 0.664309 1.467485 0.388181 -0.289774
0.155171 0.656252 -1.036035 0.420385 -0.066707 0.020922 -0.332352 0.104236 0.674348 1.338611 0.010039 -0.128874 0.372730 -0.303917
0.172413 0.656252 -0.982285 0.420385 -0.063246 0.020922 -0.315109 0.104236 0.678523 1.313878 0.668484 1.442752 0.357440 -0.319464
0.189656 0.656252 -0.928535 0.420385 -0.059786 0.020922 -0.297866 0.104236 0.683108 1.289463 0.014624 -0.153289 0.342336 -0.336625
0.206896 0.656252 -0.874793 0.420385 -0.056325 0.020922 -0.280626 0.104236 0.688094 1.265391 0.673470 1.418680 0.327446 -0.355648
0.224139 0.656252 -0.821042 0.420385 -0.052865 0.020922 -0.263384 0.104236 0.693473 1.241675 0.020004 -0.177005 0.312795 -0.376845
0.241379 0.656252 -0.767300 0.420385 -0.049404 0.020922 -0.246144 0.104236 0.699236 1.218341 0.679232 1.395346 0.298423 -0.400581
0.258621 0.656252 -0.713550 0.420385 -0.045943 0.020922 -0.228901 0.104236 0.705374 1.195397 0.026141 -0.199949 0.284369 -0.427317
0.258621 0.625000 -0.713550 0.294345 -0.045943 0.014649 -0.228901 0.072984 0.676395 1.178455 0.650253 1.378404 0.267013 -0.308655
0.258621 0.593752 -0.713550 0.168323 -0.045943 0.008377 -0.228901 0.041736 0.647632 1.160006 -0.002622 -0.218398 0.252350 -0.180353
0.258621 0.562500 -0.713550 0.042282 -0.045943 0.002104 -0.228901 0.010484 0.619105 1.139846 0.621727 1.358245 0.240868 -0.045770
0.241379 0.531252 -0.767300 -0.083739 -0.049404 -0.004168 -0.246144 -0.020764 0.583518 1.144324 -0.038209 -0.213920 0.249998 0.084156
0.224139 0.500000 -0.821042 -0.209780 -0.052865 -0.010440 -0.263384 -0.052016 0.547940 1.149376 0.586149 1.363296 0.263679 0.194982
0.224139 0.468752 -0.821042 -0.335802 -0.052865 -0.016712 -0.263384 -0.083264 0.519583 1.124773 -0.066566 -0.238523 0.264052 0.306189
0.206896 0.437500 -0.874793 -0.461842 -0.056325 -0.022985 -0.280626 -0.114516 0.483955 1.129059 0.550521 1.367582 0.285050 0.387446
0.206896 0.406252 -0.874793 -0.587864 -0.056325 -0.029257 -0.280626 -0.145764 0.455902 1.099753 -0.094618 -0.267829 0.292157 0.479065
0.206896 0.375000 -0.874793 -0.713905 -0.056325 -0.035529 -0.280626 -0.177016 0.428288 1.066631 0.522907 1.334461 0.302345 0.562751
0.206896 0.343752 -0.874793 -0.839926 -0.056325 -0.041801 -0.280626 -0.208264 0.401213 1.028999 -0.121694 -0.305461 0.315311 0.638451
0.189656 0.312500 -0.928535 -0.965967 -0.059786 -0.048074 -0.297866 -0.239516 0.365548 1.025319 0.487242 1.330781 0.345481 0.677239
0.189656 0.281252 -0.928535 -1.091989 -0.059786 -0.054346 -0.297866 -0.270764 0.339223 0.977509 -0.148019 -0.353271 0.362314 0.737771
0.189656 0.250000 -0.928535 -1.218029 -0.059786 -0.060619 -0.297866 -0.302016 0.313798 0.921799 0.461818 1.275070 0.380974 0.792315
0.189656 0.218752 -0.928535 -1.344051 -0.059786 -0.066890 -0.297866 -0.333264 0.289520 0.856521 -0.172297 -0.418549 0.401200 0.841425
0.189656 0.187500 -0.928535 -1.470092 -0.059786 -0.073163 -0.297866 -0.364516 0.266694 0.779682 0.438991 1.198231 0.422774 0.885682
0.189656 0.156252 -0.928535 -1.596113 -0.059786 -0.079435 -0.297866 -0.395764 0.245732 0.689129 -0.193259 -0.509102 0.445493 0.925610
0.189656 0.125000 -0.928535 -1.722154 -0.059786 -0.085708 -0.297866 -0.427016 0.227144 0.582738 0.420403 1.091839 0.469198 0.961714
0.206896 0.093748 -0.874793 -1.848195 -0.056325 -0.091980 -0.280626 -0.458268 0.227144 0.425441 -0.193259 -0.666398 0.483539 1.021336
0.224139 0.062500 -0.821042 -1.974216 -0.052865 -0.098252 -0.263384 -0.489516 0.232689 0.271938 0.425948 0.938336 0.500015 1.077175
0.224139 0.031248 -0.821042 -2.100257 -0.052865 -0.104525 -0.263384 -0.520768 0.226306 0.138519 -0.199642 -0.799817 0.526837 1.102552
0.241379 0.031248 -0.767300 -2.100257 -0.049404 -0.104525 -0.246144 -0.520768 0.243393 0.128739 0.443035 0.928555 0.518433 1.129263
0.258621 0.000000 -0.713550 -2.226279 -0.045943 -0.110797 -0.228901 -0.552016 0.258621 0.000000 -0.184414 -0.928555 0.538585 1.177713
0.275861 0.000000 -0.659808 -2.226279 -0.042483 -0.110797 -0.211661 -0.552016 0.275861 0.000000 0.460275 0.928555 0.531487 1.204653
0.293104 0.000000 -0.606058 -2.226279 -0.039022 -0.110797 -0.194418 -0.552016 0.293104 0.000000 -0.167171 -0.928555 0.524859 1.232166
0.310344 0.000000 -0.552315 -2.226279 -0.035562 -0.110797 -0.177178 -0.552016 0.310344 0.000000 0.477515 0.928555 0.518720 1.260217
0.327587 0.000000 -0.498565 -2.226279 -0.032101 -0.110797 -0.159936 -0.552016 0.327587 0.000000 -0.149928 -0.928555 0.513086 1.288788
0.344827 0.031248 -0.444823 -2.100257 -0.028641 -0.104525 -0.142696 -0.520768 0.346240 0.090372 0.496168 1.018927 0.478068 1.303351
0.362069 0.062500 -0.391073 -1.974216 -0.025180 -0.098252 -0.125453 -0.489516 0.367424 0.170934 -0.128744 -0.847993 0.443151 1.319916
0.362069 0.093748 -0.391073 -1.848195 -0.025180 -0.091980 -0.125453 -0.458268 0.374009 0.253358 0.502753 1.101350 0.413276 1.303589
0.362069 0.125000 -0.391073 -1.722154 -0.025180 -0.085708 -0.125453 -0.427016 0.383039 0.332426 -0.119714 -0.768924 0.383616 1.285047
0.362069 0.156252 -0.391073 -1.596113 -0.025180 -0.079435 -0.125453 -0.395764 0.394346 0.407409 0.514060 1.176333 0.354229 1.263826
0.362069 0.187500 -0.391073 -1.470092 -0.025180 -0.073163 -0.125453 -0.364516 0.407738 0.477831 -0.106322 -0.698502 0.325195 1.239331
0.362069 0.218752 -0.391073 -1.344051 -0.025180 -0.066890 -0.125453 -0.333264 0.423021 0.543482 0.529343 1.241984 0.296607 1.210766
0.362069 0.250000 -0.391073 -1.218029 -0.025180 -0.060619 -0.125453 -0.302016 0.439993 0.604305 -0.089349 -0.637679 0.268617 1.177098
0.362069 0.281252 -0.391073 -1.091989 -0.025180 -0.054346 -0.125453 -0.270764 0.458473 0.660428 0.547822 1.298108 0.241424 1.136912
0.362069 0.312500 -0.391073 -0.965967 -0.025180 -0.048074 -0.125453 -0.239516 0.478279 0.712047 -0.069543 -0.586061 0.215340 1.088308
0.362069 0.343752 -0.391073 -0.839926 -0.025180 -0.041801 -0.125453 -0.208264 0.499259 0.759453 0.568802 1.345513 0.190809 1.028632
0.362069 0.312500 -0.391073 -0.965967 -0.025180 -0.048074 -0.125453 -0.239516 0.478279 0.712047 -0.090524 -0.633466 0.215340 1.088308
0.379309 0.281252 -0.337331 -1.091989 -0.021720 -0.054346 -0.108213 -0.270764 0.472206 0.638029 0.562730 1.271496 0.232932 1.190584
0.379309 0.250000 -0.337331 -1.218029 -0.021720 -0.060619 -0.108213 -0.302016 0.454286 0.582741 -0.108444 -0.688755 0.261011 1.226745
0.396552 0.218752 -0.283580 -1.344051 -0.018259 -0.066890 -0.090970 -0.333264 0.452886 0.504098 0.561330 1.192853 0.283748 1.304320
0.396552 0.187500 -0.283580 -1.470092 -0.018259 -0.073163 -0.090970 -0.364516 0.438645 0.441673 -0.122685 -0.751180 0.313511 1.326227
0.413792 0.156252 -0.229838 -1.596113 -0.014799 -0.079435 -0.073730 -0.395764 0.442311 0.361058 0.564996 1.112238 0.339376 1.386609
0.413792 0.125000 -0.229838 -1.722154 -0.014799 -0.085708 -0.073730 -0.427016 0.432260 0.293368 -0.132735 -0.818870 0.369944 1.399818
0.431035 0.093748 -0.176088 -1.848195 -0.011338 -0.091980 -0.056488 -0.458268 0.441112 0.214159 0.573847 1.033030 0.397806 1.448152
0.448275 0.093748 -0.122346 -1.848195 -0.007878 -0.091980 -0.039248 -0.458268 0.457973 0.206159 -0.115875 -0.826871 0.395726 1.485362
0.482757 0.062500 -0.014854 -1.974216 -0.000956 -0.098252 -0.004765 -0.489516 0.486786 0.128748 0.602661 0.955619 0.425049 1.561063
0.500000 0.062500 0.038897 -1.974216 0.002504 -0.098252 0.012478 -0.489516 0.503891 0.124355 -0.098770 -0.831264 0.425205 -1.545312
0.517240 0.062500 0.092639 -1.974216 0.005965 -0.098252 0.029718 -0.489516 0.521002 0.120251 0.619772 0.951515 0.426060 -1.510162
0.534483 0.062500 0.146389 -1.974216 0.009426 -0.098252 0.046960 -0.489516 0.538124 0.116407 -0.081648 -0.835108 0.427609 -1.475157
0.551723 0.062500 0.200131 -1.974216 0.012886 -0.098252 0.064200 -0.489516 0.555251 0.112801 0.636899 0.947909 0.429844 -1.440390
0.551723 0.093748 0.200131 -1.848195 0.012886 -0.091980 0.064200 -0.458268 0.559631 0.168310 -0.077268 -0.779598 0.398974 -1.431609
0.568965 0.125000 0.253881 -1.722154 0.016347 -0.085708 0.081443 -0.427016 0.582535 0.216261 0.659803 0.995860 0.371558 -1.382334
0.586205 0.125000 0.307623 -1.722154 0.019807 -0.085708 0.098683 -0.427016 0.599384 0.210089 -0.060419 -0.785770 0.375714 -1.343684
0.586205 0.156252 0.307623 -1.596113 0.019807 -0.079435 0.098683 -0.395764 0.606673 0.260492 0.667091 1.046263 0.345656 -1.326431
0.586205 0.187500 0.307623 -1.470092 0.019807 -0.073163 0.098683 -0.364516 0.615462 0.309570 -0.051630 -0.736692 0.315835 -1.306410
0.586205 0.218752 0.307623 -1.344051 0.019807 -0.066890 0.098683 -0.333264 0.625691 0.357162 0.677321 1.093855 0.286314 -1.282911
0.586205 0.250000 0.307623 -1.218029 0.019807 -0.060619 0.098683 -0.302016 0.637289 0.403117 -0.040032 -0.690738 0.257207 -1.254984
0.586205 0.281252 0.307623 -1.091989 0.019807 -0.054346 0.098683 -0.270764 0.650184 0.447345 0.690216 1.138083 0.228661 -1.221296
0.586205 0.312500 0.307623 -0.965967 0.019807 -0.048074 0.098683 -0.239516 0.664299 0.489768 -0.025917 -0.648316 0.200926 -1.179979
0.586205 0.343752 0.307623 -0.839926 0.019807 -0.041801 0.098683 -0.208264 0.679560 0.530361 0.705478 1.178677 0.174379 -1.128297
0.586205 0.375000 0.307623 -0.713905 0.019807 -0.035529 0.098683 -0.177016 0.695889 0.569106 -0.009589 -0.609571 0.149665 -1.062227
0.586205 0.406252 0.307623 -0.587864 0.019807 -0.029257 0.098683 -0.145764 0.713216 0.606026 0.722805 1.215598 0.127840 -0.975669
0.586205 0.437500 0.307623 -0.461842 0.019807 -0.022985 0.098683 -0.114516 0.731466 0.641145 0.008661 -0.574453 0.110637 -0.859525
0.568965 0.437500 0.253881 -0.461842 0.016347 -0.022985 0.081443 -0.114516 0.717724 0.655513 0.709063 1.229965 0.095578 -0.952597
0.568965 0.468752 0.253881 -0.335802 0.016347 -0.016712 0.081443 -0.083264 0.737191 0.689126 0.028128 -0.540839 0.083578 -0.796451
0.568965 0.500000 0.253881 -0.209780 0.016347 -0.010440 0.081443 -0.052016 0.757444 0.720971 0.729316 1.261811 0.082393 -0.568375
0.568965 0.531252 0.253881 -0.083739 0.016347 -0.004168 0.081443 -0.020764 0.778428 0.751134 0.049112 -0.510677 0.092441 -0.249628
0.551723 0.562500 0.200131 0.042282 0.012886 0.002104 0.064200 0.010484 0.787911 0.795070 0.738799 1.305747 0.098708 0.161873
0.551723 0.593752 0.200131 0.168323 0.012886 0.008377 0.064200 0.041736 0.810518 0.822074 0.071719 -0.483674 0.124123 0.576443
0.534483 0.625000 0.146389 0.294345 0.009426 0.014649 0.046960 0.072984 0.822373 0.863307 0.750654 1.346981 0.145277 0.999051
0.534483 0.656252 0.146389 0.420385 0.009426 0.020922 0.046960 0.104236 0.846368 0.887308 0.095714 -0.459672 0.175143 1.147512
0.517240 0.687500 0.092639 0.546407 0.005965 0.027193 0.029718 0.135484 0.860345 0.925793 0.764630 1.385466 0.202174 1.354871
0.517240 0.718752 0.092639 0.672448 0.005965 0.033466 0.029718 0.166736 0.885518 0.947013 0.120888 -0.438453 0.233132 1.394417
0.500000 0.718752 0.038897 0.672448 0.002504 0.033466 0.012478 0.166736 0.875560 0.962996 0.754672 1.401449 0.231566 1.496101
0.500000 0.750000 0.038897 0.798469 0.002504 0.039738 0.012478 0.197984 0.901388 0.982794 0.146716 -0.418655 0.262774 1.507856
0.482757 0.781252 -0.014854 0.924510 -0.000956 0.046011 -0.004765 0.229236 0.918374 1.017299 0.771658 1.435954 0.293769 -1.550013
0.482757 0.812500 -0.014854 1.050532 -0.000956 0.052283 -0.004765 0.260484 0.945098 1.034680 0.173440 -0.401274 0.325013 -1.552506
0.465517 0.812500 -0.068596 1.050532 -0.004417 0.052283 -0.022005 0.260484 0.936409 1.050508 0.762969 1.451782 0.325722 -1.486519
0.465517 0.843752 -0.068596 1.176572 -0.004417 0.058555 -0.022005 0.291736 0.963652 1.066631 0.200683 -0.385151 0.356909 -1.495511
0.448275 0.875000 -0.122346 1.302594 -0.007878 0.064827 -0.039248 0.322984 0.983146 1.097346 0.782463 1.482497 0.389460 -1.449874
0.448275 0.906252 -0.122346 1.428635 -0.007878 0.071100 -0.039248 0.354236 1.011061 1.111441 0.228598 -0.371057 0.420565 -1.460451
0.431035 0.937500 -0.176088 1.554656 -0.011338 0.077372 -0.056488 0.385484 1.031842 1.139847 0.803244 1.510904 0.453509 -1.425295
0.413792 0.937500 -0.229838 1.554656 -0.014799 0.077372 -0.073730 0.385484 1.024759 1.155135 0.221515 -0.355768 0.455978 -1.381812
0.413792 0.968752 -0.229838 1.680697 -0.014799 0.083644 -0.073730 0.416736 1.053425 1.167115 0.831911 1.522884 0.486845 -1.395685
0.413792 1.000000 -0.229838 1.806718 -0.014799 0.089916 -0.073730 0.447984 1.082231 1.178457 0.250320 -0.344426 0.517754 -1.407676
0.413792 0.968752 -0.229838 1.680697 -0.014799 0.083644 -0.073730 0.416736 1.053425 1.167115 0.803105 1.511542 0.486845 -1.395685
0.413792 0.937500 -0.229838 1.554656 -0.014799 0.077372 -0.073730 0.385484 1.024759 1.155135 0.221653 -0.356406 0.455978 -1.381812
0.431035 0.937500 -0.176088 1.554656 -0.011338 0.077372 -0.056488 0.385484 1.031842 1.139847 0.810188 1.496253 0.453509 -1.425295
0.448275 0.906252 -0.122346 1.428635 -0.007878 0.071100 -0.039248 0.354236 1.011061 1.111441 0.200872 -0.384813 0.420565 -1.460451
0.465517 0.906252 -0.068596 1.428635 -0.004417 0.071100 -0.022005 0.354236 1.018823 1.096270 0.817950 1.481083 0.419308 -1.508757
0.482757 0.906252 -0.014854 1.428635 -0.000956 0.071100 -0.004765 0.354236 1.026814 1.081335 0.208864 -0.399748 0.418757 -1.557346
0.500000 0.906252 0.038897 1.428635 0.002504 0.071100 0.012478 0.354236 1.035033 1.066631 0.826169 1.466380 0.418916 1.535587
0.517240 0.906252 0.092639 1.428635 0.005965 0.071100 0.029718 0.354236 1.043470 1.052165 0.217302 -0.414215 0.419783 1.487100
0.534483 0.906252 0.146389 1.428635 0.009426 0.071100 0.046960 0.354236 1.052124 1.037931 0.834823 1.452146 0.421355 1.438997
0.551723 0.906252 0.200131 1.428635 0.012886 0.071100 0.064200 0.354236 1.060986 1.023934 0.226163 -0.428211 0.423623 1.391506
0.568965 0.906252 0.253881 1.428635 0.016347 0.071100 0.081443 0.354236 1.070054 1.010170 0.843890 1.438382 0.426577 1.344812
0.586205 0.906252 0.307623 1.428635 0.019807 0.071100 0.098683 0.354236 1.079319 0.996642 0.235429 -0.441740 0.430201 1.299105
0.603448 0.906252 0.361374 1.428635 0.023268 0.071100 0.115926 0.354236 1.088780 0.983344 0.853351 1.425084 0.434481 1.254526
0.620688 0.906252 0.415116 1.428635 0.026728 0.071100 0.133166 0.354236 1.098429 0.970280 0.245078 -0.454804 0.439395 1.211216
0.637931 0.906252 0.468866 1.428635 0.030189 0.071100 0.150408 0.354236 1.108264 0.957443 0.863186 1.412247 0.444924 1.169265
0.655171 0.906252 0.522608 1.428635 0.033649 0.071100 0.167648 0.354236 1.118276 0.944836 0.255090 -0.467411 0.451044 1.128763
0.672413 0.937500 0.576358 1.554656 0.037110 0.077372 0.184891 0.385484 1.153710 0.948593 0.898619 1.416004 0.486482 1.123574
0.689653 0.937500 0.630101 1.554656 0.040570 0.077372 0.202131 0.385484 1.163842 0.936555 0.265223 -0.479448 0.493292 1.087854
0.724139 0.937500 0.737601 1.554656 0.047492 0.077372 0.236616 0.385484 1.184602 0.913104 0.919380 1.392552 0.508397 1.020280
0.741379 0.937500 0.791343 1.554656 0.050952 0.077372 0.253856 0.385484 1.195219 0.901688 0.275839 -0.490864 0.516646 0.988442
0.775861 0.968752 0.898835 1.680697 0.057873 0.083644 0.288339 0.416736 1.241145 0.895515 0.965306 1.386379 0.561001 0.965529
0.793104 0.968752 0.952586 1.680697 0.061334 0.083644 0.305582 0.416736 1.251996 0.884765 0.286690 -0.501614 0.570055 0.938087
0.827587 0.968752 1.060078 1.680697 0.068255 0.083644 0.340064 0.416736 1.274120 0.863822 0.987429 1.365436 0.589259 0.886364
0.862069 0.968752 1.167570 1.680697 0.075176 0.083644 0.374547 0.416736 1.296782 0.843603 0.309353 -0.521833 0.609810 0.838665
0.896552 0.968752 1.275063 1.680697 0.082098 0.083644 0.409030 0.416736 1.319957 0.824086 1.010604 1.345919 0.631576 0.794731
0.913792 0.968752 1.328805 1.680697 0.085558 0.083644 0.426270 0.416736 1.331727 0.814585 0.321123 -0.531334 0.642875 0.774090
0.948275 0.937500 1.436297 1.554656 0.092479 0.077372 0.460752 0.385484 1.333466 0.779685 1.012343 1.311019 0.644029 0.696687
0.965517 0.937500 1.490048 1.554656 0.095940 0.077372 0.477995 0.385484 1.345782 0.770677 0.333440 -0.540342 0.656475 0.678668
0.965517 0.906252 1.490048 1.428635 0.095940 0.071100 0.477995 0.354236 1.324204 0.753746 0.990765 1.294088 0.635464 0.637773
0.982757 0.875000 1.543790 1.302594 0.099400 0.064827 0.495235 0.322984 1.315841 0.727459 0.325076 -0.566629 0.628806 0.577909
1.000000 0.843752 1.597540 1.176572 0.102861 0.058555 0.512478 0.291736 1.308403 0.700856 0.983327 1.267485 0.624126 0.517515
1.000000 0.812500 1.597540 1.050532 0.102861 0.052283 0.512478 0.260484 1.288471 0.682317 0.305144 -0.585168 0.606831 0.470253
1.000000 0.781252 1.597540 0.924510 0.102861 0.046011 0.512478 0.229236 1.268998 0.663204 0.963854 1.248373 0.590687 0.420615
0.982757 0.750000 1.543790 0.798469 0.099400 0.039738 0.495235 0.197984 1.236249 0.651870 0.272395 -0.596503 0.560493 0.380315
0.965517 0.750000 1.490048 0.798469 0.095940 0.039738 0.477995 0.197984 1.222589 0.660425 0.950194 1.256928 0.545320 0.392685
0.931035 0.718752 1.382555 0.672448 0.089019 0.033466 0.443512 0.166736 1.176193 0.657429 0.225999 -0.599499 0.500171 0.359599
0.913792 0.718752 1.328805 0.672448 0.085558 0.033466 0.426270 0.166736 1.162592 0.666492 0.936593 1.265991 0.484947 0.372856
0.879309 0.718752 1.221313 0.672448 0.078637 0.033466 0.391787 0.166736 1.135689 0.685264 0.199096 -0.580727 0.454933 0.402361
0.862069 0.718752 1.167570 0.672448 0.075176 0.033466 0.374547 0.166736 1.122394 0.694986 0.923298 1.275712 0.440174 0.418829
0.827587 0.718752 1.060078 0.672448 0.068255 0.033466 0.340064 0.166736 1.096132 0.715132 0.172834 -0.560580 0.411231 0.455864
0.810344 0.718752 1.006328 0.672448 0.064794 0.033466 0.322822 0.166736 1.083172 0.725570 0.910338 1.286151 0.397091 0.476758
0.793104 0.718752 0.952586 0.672448 0.061334 0.033466 0.305582 0.166736 1.070336 0.736259 0.159997 -0.549892 0.383207 0.499487
0.775861 0.718752 0.898835 0.672448 0.057873 0.033466 0.288339 0.166736 1.057623 0.747207 0.897625 1.297099 0.369604 0.524285
0.775861 0.750000 0.898835 0.798469 0.057873 0.039738 0.288339 0.197984 1.079102 0.768451 0.181477 -0.528648 0.389915 0.601701
0.758621 0.781252 0.845093 0.924510 0.054413 0.046011 0.271099 0.229236 1.088973 0.800094 0.907496 1.328741 0.399715 0.701924
0.758621 0.812500 0.845093 1.050532 0.054413 0.052283 0.271099 0.260484 1.111604 0.819678 0.204107 -0.509064 0.423208 0.765432
0.758621 0.843752 0.845093 1.176572 0.054413 0.058555 0.271099 0.291736 1.134647 0.838476 0.930540 1.347540 0.447654 0.822049
0.775861 0.843752 0.898835 1.176572 0.057873 0.058555 0.288339 0.291736 1.146246 0.827292 0.215706 -0.520248 0.458300 0.791255
0.793104 0.843752 0.952586 1.176572 0.061334 0.058555 0.305582 0.291736 1.157986 0.816331 0.942280 1.336579 0.469340 0.762223
0.810344 0.875000 1.006328 1.302594 0.064794 0.064827 0.322822 0.322984 1.192595 0.823743 0.250314 -0.512836 0.504334 0.785650
