0.000000 0.653845 -1.666319 0.217738 -0.207692 0.025649 -0.525000 0.064835 0.653845 1.570796 0.653845 1.570796 0.540579 -0.122873
0.062498 0.653845 -1.467953 0.217738 -0.182968 0.025649 -0.462501 0.064835 0.656825 1.475500 0.002980 -0.095296 0.480113 -0.139276
0.229165 0.692309 -0.938962 0.346914 -0.117034 0.040866 -0.295835 0.103299 0.729252 1.251133 0.726272 1.346430 0.339869 -0.335943
0.250000 0.692309 -0.872834 0.346914 -0.108791 0.040866 -0.275000 0.103299 0.736065 1.224258 0.009793 -0.122172 0.321897 -0.359326
0.229165 0.615381 -0.938962 0.088562 -0.117034 0.010432 -0.295835 0.026371 0.656666 1.214311 0.646873 1.336483 0.309333 -0.088905
0.187498 0.384613 -1.071210 -0.686436 -0.133517 -0.080861 -0.337501 -0.204397 0.427882 1.117200 -0.218991 -0.219283 0.365535 0.544541
0.145832 0.115387 -1.203458 -1.590590 -0.150001 -0.187368 -0.379168 -0.473624 0.185960 0.669372 0.404951 0.888655 0.558168 0.895709
0.145832 0.038464 -1.203458 -1.848923 -0.150001 -0.217799 -0.379168 -0.550546 0.150819 0.257884 -0.254132 -0.630771 0.616835 0.967686
0.208333 0.000000 -1.005081 -1.978099 -0.125275 -0.233015 -0.316666 -0.589010 0.208333 0.000000 0.462465 0.630771 0.613109 1.077504
0.291667 0.153845 -0.740586 -1.461434 -0.092308 -0.172153 -0.233333 -0.435165 0.329754 0.485381 -0.132711 -0.145390 0.438406 1.078614
0.354165 0.346155 -0.542219 -0.815593 -0.067583 -0.096075 -0.170835 -0.242856 0.495233 0.773961 0.627944 0.919350 0.247326 0.957765
0.375000 0.461536 -0.476091 -0.428103 -0.059341 -0.050430 -0.150000 -0.127475 0.594677 0.888477 -0.033267 -0.030873 0.162873 0.704397
0.375000 0.500000 -0.476091 -0.298927 -0.059341 -0.035213 -0.150000 -0.089010 0.625000 0.927295 0.658267 0.958169 0.152069 0.535555
0.375000 0.384613 -0.476091 -0.686436 -0.059341 -0.080861 -0.150000 -0.204397 0.537171 0.798053 -0.121097 -0.160116 0.205447 0.937703
0.416667 0.230768 -0.343843 -1.203101 -0.042857 -0.141722 -0.108333 -0.358242 0.476303 0.505789 0.597400 0.665905 0.313542 1.277138
0.458333 0.153845 -0.211595 -1.461434 -0.026374 -0.172153 -0.066666 -0.435165 0.483464 0.323845 -0.113936 -0.342059 0.377094 1.418780
0.562498 0.115387 0.119019 -1.590590 0.014835 -0.187368 0.037499 -0.473624 0.574211 0.202326 0.688147 0.544385 0.411326 -1.491787
0.604168 0.230768 0.251276 -1.203101 0.031319 -0.141722 0.079169 -0.358242 0.646740 0.364858 -0.041407 -0.179527 0.304697 -1.353301
0.645835 0.423077 0.383524 -0.557260 0.047803 -0.065644 0.120835 -0.165933 0.772073 0.579942 0.813480 0.759469 0.158080 -0.941383
0.625000 0.653845 0.317395 0.217738 0.039561 0.025649 0.100000 0.064835 0.904510 0.807950 0.091030 0.048481 0.163099 0.575212
0.562498 0.769232 0.119019 0.605246 0.014835 0.071297 0.037499 0.180222 0.952955 0.939406 0.861925 0.890925 0.247094 1.365654
0.500000 0.846155 -0.079348 0.863579 -0.009890 0.101728 -0.025000 0.257144 0.982842 1.037089 0.120917 0.146164 0.322127 -1.473880
0.479165 0.884613 -0.145477 0.992735 -0.018132 0.116942 -0.045835 0.295603 1.006051 1.074374 0.885134 0.928210 0.362523 -1.416966
0.520832 0.884613 -0.013229 0.992735 -0.001649 0.116942 -0.004168 0.295603 1.026551 1.038677 0.141416 0.110466 0.359638 -1.556697
0.625000 0.923077 0.317395 1.121911 0.039561 0.132159 0.100000 0.334067 1.114763 0.975617 0.973347 0.865151 0.410446 1.279943
0.770835 0.961536 0.780267 1.251068 0.097254 0.147373 0.245835 0.372525 1.232371 0.895038 0.259024 0.029887 0.500998 0.987482
0.916667 1.000000 1.243129 1.380244 0.154945 0.162589 0.391667 0.410990 1.356568 0.828849 1.097545 0.798962 0.615653 0.809467
0.958333 1.000000 1.375376 1.380244 0.171429 0.162589 0.433334 0.410990 1.385064 0.806672 0.287520 0.007709 0.642964 0.758941
1.000000 0.961536 1.507624 1.251068 0.187912 0.147373 0.475000 0.372525 1.387282 0.765791 1.099762 0.758082 0.645127 0.665072
1.000000 0.807691 1.507624 0.734403 0.187912 0.086511 0.475000 0.218680 1.285443 0.679413 0.185681 -0.078669 0.552756 0.431451
0.937502 0.653845 1.309258 0.217738 0.163188 0.025649 0.412502 0.064835 1.142989 0.609002 0.957308 0.687671 0.432156 0.155899
0.875000 0.653845 1.110881 0.217738 0.138462 0.025649 0.350000 0.064835 1.092309 0.641740 0.135001 -0.045931 0.372963 0.183166
0.875000 0.807691 1.110881 0.734403 0.138462 0.086511 0.350000 0.218680 1.190793 0.745418 1.055792 0.791349 0.449905 0.558455
0.895835 0.961536 1.177010 1.251068 0.146704 0.147373 0.370835 0.372525 1.314181 0.820756 0.258389 0.029407 0.572785 0.787672
0.916667 1.000000 1.243129 1.380244 0.154945 0.162589 0.391667 0.410990 1.356568 0.828849 1.098180 0.799442 0.615653 0.809467
