0.000000 0.838713 -1.442603 0.913567 -0.112483 0.067224 -0.479655 0.286659 0.838713 1.570796 0.838713 1.570796 0.599159 -0.538678
0.016130 0.806452 -1.394090 0.810755 -0.108700 0.059658 -0.463525 0.254398 0.806613 1.550798 -0.032099 -0.019999 0.567143 -0.501947
0.032258 0.774197 -1.345584 0.707958 -0.104918 0.052094 -0.447397 0.222143 0.774868 1.529154 0.806967 1.549153 0.535648 -0.460861
0.064516 0.774197 -1.248566 0.707958 -0.097354 0.052094 -0.415139 0.222143 0.776880 1.487656 -0.030087 -0.061497 0.509014 -0.491335
0.096774 0.774197 -1.151547 0.707958 -0.089789 0.052094 -0.382881 0.222143 0.780221 1.446442 0.810309 1.507939 0.483066 -0.525723
0.129032 0.774197 -1.054529 0.707958 -0.082224 0.052094 -0.350623 0.222143 0.784875 1.405649 -0.025433 -0.102291 0.457921 -0.564734
0.145162 0.774197 -1.006016 0.707958 -0.078441 0.052094 -0.334493 0.222143 0.787688 1.385448 0.813121 1.487739 0.445691 -0.586235
0.177420 0.774197 -0.908997 0.707958 -0.070877 0.052094 -0.302235 0.222143 0.794266 1.345519 -0.018855 -0.142219 0.422020 -0.633831
0.193548 0.774197 -0.860492 0.707958 -0.067095 0.052094 -0.286107 0.222143 0.798023 1.325819 0.816879 1.468038 0.410624 -0.660203
0.209678 0.774197 -0.811979 0.707958 -0.063312 0.052094 -0.269977 0.222143 0.802088 1.306308 -0.014791 -0.161730 0.399553 -0.688501
0.225806 0.774197 -0.763473 0.707958 -0.059530 0.052094 -0.253849 0.222143 0.806454 1.287004 0.821245 1.448734 0.388837 -0.718884
0.225806 0.741936 -0.763473 0.605145 -0.059530 0.044529 -0.253849 0.189882 0.775537 1.275356 -0.045708 -0.173378 0.365008 -0.642227
0.209678 0.709681 -0.811979 0.502349 -0.063312 0.036965 -0.269977 0.157627 0.740008 1.283515 0.785716 1.456893 0.354682 -0.528461
0.177420 0.645160 -0.908997 0.296724 -0.070877 0.021834 -0.302235 0.093106 0.669111 1.302428 -0.116605 -0.154465 0.344584 -0.298832
0.145162 0.580644 -1.006016 0.091114 -0.078441 0.006705 -0.334493 0.028590 0.598514 1.325816 0.715119 1.480280 0.349406 -0.085265
0.129032 0.483872 -1.054529 -0.217292 -0.082224 -0.015989 -0.350623 -0.068182 0.500781 1.310195 -0.214338 -0.170085 0.350649 0.192062
0.112904 0.419356 -1.103034 -0.422901 -0.086006 -0.031119 -0.366751 -0.132698 0.434289 1.307800 0.648628 1.477885 0.371675 0.347165
0.096774 0.354840 -1.151547 -0.628511 -0.089789 -0.046248 -0.382881 -0.197214 0.367800 1.304546 -0.280828 -0.173339 0.402712 0.475637
0.080646 0.258064 -1.200053 -0.936932 -0.093571 -0.068943 -0.399009 -0.293990 0.270372 1.267907 0.551199 1.441247 0.456411 0.635000
0.080646 0.193548 -1.200053 -1.142542 -0.093571 -0.084073 -0.399009 -0.358506 0.209677 1.176000 -0.341522 -0.265247 0.490985 0.731981
0.096774 0.161292 -1.151547 -1.245339 -0.089789 -0.091637 -0.382881 -0.390762 0.188097 1.030383 0.529619 1.295630 0.497949 0.795584
0.112904 0.129032 -1.103034 -1.348151 -0.086006 -0.099202 -0.366751 -0.423022 0.171454 0.851961 -0.358164 -0.443669 0.507389 0.856527
0.145162 0.129032 -1.006016 -1.348151 -0.078441 -0.099202 -0.334493 -0.423022 0.194220 0.726638 0.552384 1.170307 0.484585 0.901738
0.161290 0.096776 -0.957510 -1.450948 -0.074659 -0.106766 -0.318365 -0.455278 0.188096 0.540431 -0.364288 -0.629877 0.497949 0.960555
0.177420 0.096776 -0.908997 -1.450948 -0.070877 -0.106766 -0.302235 -0.455278 0.202098 0.499354 0.566386 1.129231 0.487793 0.984747
0.209678 0.096776 -0.811979 -1.450948 -0.063312 -0.106766 -0.269977 -0.455278 0.230934 0.432415 -0.335452 -0.696816 0.468491 1.035544
0.225806 0.096776 -0.763473 -1.450948 -0.059530 -0.106766 -0.253849 -0.455278 0.245670 0.404901 0.581122 1.101717 0.459386 1.062159
0.241936 0.129032 -0.714960 -1.348151 -0.055747 -0.099202 -0.237719 -0.423022 0.274194 0.489955 -0.306928 -0.611762 0.423612 1.058821
0.258064 0.161292 -0.666455 -1.245339 -0.051965 -0.091637 -0.221591 -0.390762 0.304323 0.558606 0.611251 1.170368 0.387889 1.054938
0.274194 0.193548 -0.617942 -1.142542 -0.048182 -0.084073 -0.205461 -0.358506 0.335624 0.614661 -0.275627 -0.555707 0.352238 1.050388
0.290322 0.225808 -0.569436 -1.039729 -0.044400 -0.076507 -0.189334 -0.326246 0.367799 0.661048 0.643426 1.216755 0.316679 1.044958
0.290322 0.258064 -0.569436 -0.936932 -0.044400 -0.068943 -0.189334 -0.293990 0.388438 0.726642 -0.254989 -0.490113 0.291462 0.998641
0.290322 0.290324 -0.569436 -0.834120 -0.044400 -0.061378 -0.189334 -0.261730 0.410579 0.785402 0.665568 1.275515 0.267756 0.944542
0.306452 0.290324 -0.520923 -0.834120 -0.040618 -0.061378 -0.173203 -0.261730 0.422139 0.758380 -0.243429 -0.517135 0.256604 0.986195
0.290322 0.290324 -0.569436 -0.834120 -0.044400 -0.061378 -0.189334 -0.261730 0.410579 0.785402 0.654008 1.302538 0.267756 0.944542
0.290322 0.258064 -0.569436 -0.936932 -0.044400 -0.068943 -0.189334 -0.293990 0.388438 0.726642 -0.265570 -0.575895 0.291462 0.998641
0.290322 0.225808 -0.569436 -1.039729 -0.044400 -0.076507 -0.189334 -0.326246 0.367799 0.661048 0.633369 1.236944 0.316679 1.044958
0.290322 0.193548 -0.569436 -1.142542 -0.044400 -0.084073 -0.189334 -0.358506 0.348923 0.588003 -0.284446 -0.648941 0.343081 1.084908
0.290322 0.129032 -0.569436 -1.348151 -0.044400 -0.099202 -0.189334 -0.423022 0.317704 0.418224 0.602150 1.067166 0.398477 1.149962
0.290322 0.096776 -0.569436 -1.450948 -0.044400 -0.106766 -0.189334 -0.455278 0.306027 0.321758 -0.296123 -0.745407 0.427134 1.176689
0.306452 0.064516 -0.520923 -1.553760 -0.040618 -0.114332 -0.173203 -0.487538 0.313170 0.207495 0.609293 0.952903 0.449822 1.229442
0.338710 0.032260 -0.423905 -1.656557 -0.033053 -0.121896 -0.140945 -0.519794 0.340243 0.094958 -0.269050 -0.857944 0.469071 1.306007
0.387096 0.000000 -0.278380 -1.759370 -0.021706 -0.129461 -0.092560 -0.552054 0.387096 0.000000 0.656146 0.857944 0.488504 1.404677
0.419354 0.000000 -0.181362 -1.759370 -0.014141 -0.129461 -0.060302 -0.552054 0.419354 0.000000 -0.236792 -0.857944 0.483431 1.461996
0.451612 0.000000 -0.084343 -1.759370 -0.006576 -0.129461 -0.028044 -0.552054 0.451612 0.000000 0.688404 0.857944 0.480474 1.520041
0.483870 0.032260 0.012675 -1.656557 0.000988 -0.121896 0.004214 -0.519794 0.484944 0.066573 -0.203460 -0.791371 0.447415 -1.562689
0.516130 0.064516 0.109701 -1.553760 0.008554 -0.114332 0.036475 -0.487538 0.520147 0.124354 0.723606 0.915726 0.416739 -1.496121
0.532258 0.129032 0.158207 -1.348151 0.012336 -0.099202 0.052603 -0.423022 0.547675 0.237835 -0.175932 -0.677890 0.354547 -1.447082
0.580646 0.258064 0.303738 -0.936932 0.023683 -0.068943 0.100991 -0.293990 0.635411 0.418223 0.811342 1.096113 0.243520 -1.239908
0.580646 0.322580 0.303738 -0.731323 0.023683 -0.053814 0.100991 -0.229474 0.664235 0.507097 -0.147108 -0.589016 0.186740 -1.156208
0.596774 0.387096 0.352244 -0.525714 0.027465 -0.038684 0.117119 -0.164958 0.711324 0.575424 0.858432 1.164440 0.149278 -0.953397
0.596774 0.451612 0.352244 -0.320104 0.027465 -0.023554 0.117119 -0.100442 0.748393 0.647810 -0.110039 -0.516630 0.120429 -0.708896
0.596774 0.612904 0.352244 0.193927 0.027465 0.014270 0.117119 0.060850 0.855448 0.798732 0.965486 1.315361 0.177404 0.479174
0.596774 0.677420 0.352244 0.399536 0.027465 0.029399 0.117119 0.125366 0.902794 0.848606 -0.062692 -0.466755 0.229843 0.819398
0.596774 0.709681 0.352244 0.502349 0.027465 0.036965 0.117119 0.157627 0.927246 0.871606 0.989939 1.338362 0.258125 0.931782
0.580646 0.806452 0.303738 0.810755 0.023683 0.059658 0.100991 0.254398 0.993738 0.946773 0.003799 -0.391589 0.342046 1.192897
0.564516 0.838713 0.255225 0.913567 0.019900 0.067224 0.084861 0.286659 1.010998 0.978371 1.007199 1.369960 0.368949 1.282982
0.564516 0.870968 0.255225 1.016364 0.019900 0.074788 0.084861 0.318914 1.037913 0.995724 0.030714 -0.374235 0.400408 1.310730
0.564516 0.903228 0.255225 1.119177 0.019900 0.082353 0.084861 0.351175 1.065129 1.012198 1.034415 1.386434 0.431990 1.333694
0.580646 0.903228 0.303738 1.119177 0.023683 0.082353 0.100991 0.351175 1.073765 0.999459 0.039350 -0.386974 0.435446 1.290773
0.612904 0.903228 0.400757 1.119177 0.031248 0.082353 0.133249 0.351175 1.091546 0.974598 1.052196 1.361572 0.444038 1.208141
0.645162 0.903228 0.497775 1.119177 0.038813 0.082353 0.165507 0.351175 1.109980 0.950548 0.057784 -0.411025 0.454760 1.130375
0.677420 0.903228 0.594794 1.119177 0.046377 0.082353 0.197765 0.351175 1.129035 0.927296 1.071251 1.338321 0.467467 1.057911
0.709678 0.935484 0.691812 1.221973 0.053942 0.089917 0.230023 0.383430 1.174212 0.921800 0.102961 -0.416520 0.510578 1.030445
0.790322 0.935484 0.934355 1.221973 0.072854 0.089917 0.310666 0.383430 1.224638 0.869313 1.121677 1.285834 0.551628 0.889849
0.822580 0.935484 1.031374 1.221973 0.080419 0.089917 0.342924 0.383430 1.245700 0.849531 0.124023 -0.436303 0.570418 0.841106
0.870968 0.935484 1.176905 1.221973 0.091766 0.089917 0.391313 0.383430 1.278169 0.821097 1.154146 1.257400 0.600754 0.775224
0.887096 0.935484 1.225411 1.221973 0.095548 0.089917 0.407440 0.383430 1.289213 0.811941 0.135067 -0.445459 0.611382 0.755048
0.903226 0.903228 1.273924 1.119177 0.099331 0.082353 0.423571 0.351175 1.277356 0.785400 1.142290 1.230858 0.599021 0.692224
0.935484 0.870968 1.370942 1.016364 0.106895 0.074788 0.455829 0.318914 1.278169 0.749699 0.135879 -0.481159 0.600754 0.610482
0.935484 0.838713 1.370942 0.913567 0.106895 0.067224 0.455829 0.286659 1.256411 0.730908 1.120532 1.212067 0.580260 0.561380
0.951612 0.774197 1.419448 0.707958 0.110678 0.052094 0.471956 0.222143 1.226762 0.682957 0.106230 -0.529111 0.556325 0.439921
0.951612 0.741936 1.419448 0.605145 0.110678 0.044529 0.471956 0.189882 1.206662 0.662216 1.100432 1.191327 0.539939 0.382513
0.935484 0.677420 1.370942 0.399536 0.106895 0.029399 0.455829 0.125366 1.155001 0.626743 0.054569 -0.564584 0.496881 0.268393
0.919354 0.645160 1.322429 0.296724 0.103113 0.021834 0.439698 0.093106 1.123140 0.611902 1.068570 1.176486 0.469815 0.208667
0.903226 0.645160 1.273924 0.296724 0.099331 0.021834 0.423571 0.093106 1.109977 0.620248 0.041406 -0.556237 0.454757 0.216371
0.887096 0.645160 1.225411 0.296724 0.095548 0.021834 0.407440 0.093106 1.096891 0.628796 1.055485 1.185033 0.439772 0.224656
0.870968 0.709681 1.176905 0.502349 0.091766 0.036965 0.391313 0.157627 1.123491 0.683711 0.068006 -0.501322 0.453913 0.382931
0.854838 0.741936 1.128392 0.605145 0.087983 0.044529 0.375182 0.189882 1.131909 0.714809 1.063902 1.216131 0.457770 0.468521
0.854838 0.774197 1.128392 0.707958 0.087983 0.052094 0.375182 0.222143 1.153312 0.735936 0.089409 -0.480195 0.476987 0.534585
0.854838 0.838713 1.128392 0.913567 0.087983 0.067224 0.375182 0.286659 1.197575 0.775877 1.108166 1.256072 0.519311 0.652433
0.887096 0.903228 1.225411 1.119177 0.095548 0.082353 0.407440 0.351175 1.266002 0.794409 0.157836 -0.461663 0.587726 0.711364
0.903226 0.935484 1.273924 1.221973 0.099331 0.089917 0.423571 0.383430 1.300364 0.802940 1.142528 1.264603 0.622247 0.735699
0.935484 0.967744 1.370942 1.324786 0.106895 0.097483 0.455829 0.415691 1.345979 0.802347 0.203451 -0.462256 0.667840 0.739375
0.951612 0.967744 1.419448 1.324786 0.110678 0.097483 0.471956 0.415691 1.357238 0.793803 1.153787 1.256059 0.678951 0.722095
0.967742 1.000000 1.467961 1.427583 0.114460 0.105047 0.488087 0.447946 1.391591 0.801790 0.237804 -0.454269 0.713433 0.742541
0.983870 1.000000 1.516466 1.427583 0.118242 0.105047 0.504214 0.447946 1.402854 0.793529 1.165051 1.247798 0.724562 0.726371
1.000000 1.000000 1.564979 1.427583 0.122025 0.105047 0.520345 0.447946 1.414214 0.785398 0.249163 -0.462400 0.735878 0.710768
