0.000000 0.933333 -1.634900 1.383770 -0.190043 0.140420 -0.563390 0.416279 0.933333 1.570796 0.933333 1.570796 0.673993 -0.636347
0.032258 0.933333 -1.541291 1.383770 -0.179162 0.140420 -0.531132 0.416279 0.933891 1.536248 0.000557 -0.034548 0.647271 -0.664758
0.064516 0.933333 -1.447682 1.383770 -0.168281 0.140420 -0.498874 0.416279 0.935560 1.501782 0.935003 1.536330 0.621074 -0.695389
0.129032 0.933333 -1.260463 1.383770 -0.146518 0.140420 -0.434358 0.416279 0.942210 1.433419 0.007207 -0.102912 0.570548 -0.764147
0.225806 0.966669 -0.979635 1.494584 -0.113874 0.151665 -0.337585 0.449615 0.992692 1.341319 0.985485 1.444231 0.525925 -0.926764
0.258064 0.966669 -0.886026 1.494584 -0.102993 0.151665 -0.305327 0.449615 1.000523 1.309918 0.015038 -0.134313 0.505824 -0.974246
0.290322 1.000000 -0.792416 1.605380 -0.092112 0.162908 -0.273069 0.482946 1.041291 1.288242 1.026253 1.422555 0.514970 -1.056189
0.241936 0.833336 -0.932827 1.051365 -0.108433 0.106688 -0.321454 0.316282 0.867745 1.288241 -0.158508 -0.134313 0.419766 -0.777287
0.225806 0.700003 -0.979635 0.608146 -0.113874 0.061712 -0.337585 0.182948 0.735521 1.258756 0.894029 1.393069 0.364179 -0.496629
0.209678 0.400000 -1.026436 -0.389105 -0.119315 -0.039485 -0.353712 -0.117054 0.451625 1.087980 -0.442404 -0.305089 0.389627 0.319587
0.225806 0.266667 -0.979635 -0.832324 -0.113874 -0.084461 -0.337585 -0.250388 0.349427 0.868179 0.791832 1.173268 0.449453 0.638170
0.241936 0.166664 -0.932827 -1.164747 -0.108433 -0.118194 -0.321454 -0.350390 0.293786 0.603222 -0.498046 -0.570046 0.510612 0.828441
0.322580 0.033331 -0.698807 -1.607965 -0.081230 -0.163170 -0.240811 -0.483724 0.324297 0.102960 0.822343 0.673007 0.582197 1.108889
0.419354 0.033331 -0.417979 -1.607965 -0.048587 -0.163170 -0.144037 -0.483724 0.420676 0.079315 -0.401667 -0.593692 0.549281 1.281390
0.451612 0.033331 -0.324370 -1.607965 -0.037705 -0.163170 -0.111779 -0.483724 0.452840 0.073671 0.854507 0.667363 0.541717 1.343703
0.467742 0.166664 -0.277562 -1.164747 -0.032264 -0.118194 -0.095648 -0.350390 0.496548 0.342291 -0.357959 -0.325072 0.408094 1.304312
0.483870 0.233331 -0.230761 -0.943137 -0.026824 -0.095706 -0.079521 -0.283724 0.537190 0.449321 0.895150 0.774393 0.339504 1.297532
0.483870 0.266667 -0.230761 -0.832324 -0.026824 -0.084461 -0.079521 -0.250388 0.552486 0.503697 -0.342663 -0.270696 0.307195 1.263281
0.500000 0.266667 -0.183952 -0.832324 -0.021383 -0.084461 -0.063390 -0.250388 0.566667 0.489957 0.909330 0.760654 0.303419 1.322837
0.516128 0.166664 -0.137151 -1.164747 -0.015943 -0.118194 -0.047263 -0.350390 0.542370 0.312343 -0.366960 -0.448311 0.399532 1.436720
0.548386 0.099997 -0.043542 -1.386356 -0.005061 -0.140682 -0.015005 -0.417057 0.557428 0.180367 0.924389 0.628678 0.463636 1.534834
0.612902 0.033331 0.143677 -1.607965 0.016701 -0.163170 0.049511 -0.483724 0.613807 0.054328 -0.310581 -0.574350 0.532367 -1.468797
0.693548 0.000000 0.377703 -1.718762 0.043905 -0.174413 0.130157 -0.517054 0.693548 0.000000 1.004129 0.574350 0.578230 -1.324191
0.741936 0.066667 0.518121 -1.497152 0.060227 -0.151925 0.178546 -0.450388 0.744925 0.089614 -0.259204 -0.484735 0.527838 -1.193374
0.774194 0.299997 0.611730 -0.721528 0.071109 -0.073218 0.210804 -0.217057 0.830286 0.369681 1.089490 0.854416 0.337363 -0.800012
0.758064 0.533333 0.564922 0.054114 0.065667 0.005491 0.194673 0.016279 0.926879 0.613102 -0.162611 -0.241314 0.196980 0.083428
0.725806 0.633336 0.471313 0.386536 0.054786 0.039224 0.162415 0.116282 0.963280 0.717467 1.125891 0.958781 0.176836 0.621351
0.661290 0.766669 0.284094 0.829755 0.033024 0.084200 0.097899 0.249615 1.012465 0.859062 -0.113426 -0.099720 0.225625 1.197030
0.612902 0.833336 0.143677 1.051365 0.016701 0.106688 0.049511 0.316282 1.034455 0.936653 1.147881 1.036373 0.274448 1.415515
0.596774 0.833336 0.096875 1.051365 0.011261 0.106688 0.033384 0.316282 1.024982 0.949329 -0.122899 -0.087044 0.272002 1.465636
0.661290 0.866667 0.284094 1.162161 0.033024 0.117932 0.097899 0.349612 1.090145 0.919010 1.213043 1.006054 0.318686 1.297766
0.709678 0.900003 0.424512 1.272974 0.049346 0.129176 0.146288 0.382948 1.146145 0.903089 -0.066899 -0.102965 0.367026 1.205899
0.790322 0.933333 0.658531 1.383770 0.076549 0.140420 0.226931 0.416279 1.222996 0.868178 1.289895 0.971143 0.434000 1.071690
0.887096 0.900003 0.939359 1.272974 0.109193 0.129176 0.323705 0.382948 1.263702 0.792620 -0.026193 -0.178523 0.467004 0.869038
0.935484 0.833336 1.079777 1.051365 0.125515 0.106688 0.372094 0.316282 1.252828 0.727713 1.279021 0.906236 0.459700 0.704497
1.000000 0.666667 1.266995 0.497333 0.147278 0.050467 0.436610 0.149612 1.201850 0.588003 -0.077171 -0.318233 0.448658 0.330129
1.000000 0.566669 1.266995 0.164927 0.147278 0.016736 0.436610 0.049615 1.149397 0.515551 1.226568 0.833784 0.436622 0.113151
1.000000 0.333333 1.266995 -0.610715 0.147278 -0.061973 0.436610 -0.183721 1.054093 0.321751 -0.172475 -0.512034 0.493512 -0.398299
0.983870 0.233331 1.220187 -0.943137 0.141837 -0.095706 0.420479 -0.283724 1.011159 0.232854 1.183635 0.744888 0.534549 -0.593586
0.967742 0.200000 1.173386 -1.053933 0.136396 -0.106949 0.404352 -0.317054 0.988193 0.203798 -0.195442 -0.541090 0.543648 -0.664974
0.935484 0.333333 1.079777 -0.610715 0.125515 -0.061973 0.372094 -0.183721 0.993097 0.342296 1.188539 0.883386 0.437470 -0.458635
0.919354 0.533333 1.032969 0.054114 0.120074 0.005491 0.355963 0.016279 1.062853 0.525672 -0.125686 -0.357714 0.357230 0.045700
0.919354 0.600000 1.032969 0.275723 0.120074 0.027979 0.355963 0.082946 1.097821 0.578223 1.223507 0.935938 0.357841 0.228932
