0.000000 0.657144 -1.205232 0.560894 -0.085380 0.036897 -0.416275 0.179894 0.657144 1.570796 0.657144 1.570796 0.480939 -0.407913
0.028169 0.657144 -1.123675 0.560894 -0.079602 0.036897 -0.388106 0.179894 0.657747 1.527957 0.000603 -0.042840 0.456776 -0.434039
0.056338 0.685713 -1.042118 0.649970 -0.073825 0.042757 -0.359937 0.208464 0.688023 1.488821 0.687420 1.531660 0.449613 -0.524960
0.084507 0.714286 -0.960561 0.739060 -0.068047 0.048617 -0.331768 0.237037 0.719268 1.453034 0.031848 -0.078626 0.445961 -0.620369
0.112676 0.714286 -0.879004 0.739060 -0.062269 0.048617 -0.303599 0.237037 0.723119 1.414339 0.691271 1.492966 0.425421 -0.662896
0.126759 0.714286 -0.838229 0.739060 -0.059381 0.048617 -0.289516 0.237037 0.725447 1.395162 0.034176 -0.097804 0.415488 -0.686061
0.140845 0.742856 -0.797447 0.828136 -0.056492 0.054477 -0.275430 0.265606 0.756090 1.383421 0.721914 1.481225 0.427220 -0.767242
0.154928 0.742856 -0.756672 0.828136 -0.053603 0.054477 -0.261347 0.265606 0.758839 1.365186 0.036926 -0.116039 0.418278 -0.793481
0.169014 0.742856 -0.715890 0.828136 -0.050714 0.054477 -0.247261 0.265606 0.761840 1.347085 0.724914 1.463124 0.409625 -0.821152
0.183097 0.714286 -0.675115 0.739060 -0.047826 0.048617 -0.233178 0.237037 0.737380 1.319863 0.012466 -0.143261 0.378395 -0.793605
0.183097 0.685713 -0.675115 0.649970 -0.047826 0.042757 -0.233178 0.208464 0.709737 1.309866 0.697271 1.453128 0.356326 -0.729496
0.169014 0.657144 -0.715890 0.560894 -0.050714 0.036897 -0.247261 0.179894 0.678530 1.319058 -0.018741 -0.134070 0.345189 -0.628976
0.169014 0.628570 -0.715890 0.471804 -0.050714 0.031037 -0.247261 0.151321 0.650896 1.308123 0.669637 1.442193 0.325895 -0.549187
0.154928 0.600001 -0.756672 0.382728 -0.053603 0.025177 -0.261347 0.122752 0.619680 1.318102 -0.049957 -0.124090 0.319464 -0.439106
0.140845 0.571427 -0.797447 0.293639 -0.056492 0.019316 -0.275430 0.094178 0.588529 1.329134 0.638486 1.453224 0.316123 -0.329468
0.126759 0.542858 -0.838229 0.204562 -0.059381 0.013457 -0.289516 0.065609 0.557461 1.341403 -0.081025 -0.111822 0.315979 -0.222852
0.112676 0.514285 -0.879004 0.115473 -0.062269 0.007596 -0.303599 0.037035 0.526483 1.355112 0.607508 1.466933 0.319027 -0.121388
0.098590 0.485715 -0.919786 0.026397 -0.065158 0.001736 -0.317685 0.008466 0.495620 1.370537 -0.111887 -0.096396 0.325185 -0.026643
0.084507 0.457142 -0.960561 -0.062693 -0.068047 -0.004124 -0.331768 -0.020107 0.464887 1.388001 0.576775 1.484397 0.334276 0.060533
0.070421 0.428573 -1.001343 -0.151769 -0.070936 -0.009984 -0.345854 -0.048677 0.434320 1.407936 -0.142455 -0.076461 0.346072 0.139825
0.056338 0.399999 -1.042118 -0.240859 -0.073825 -0.015844 -0.359937 -0.077250 0.403947 1.430872 0.546402 1.507333 0.360305 0.211414
0.042252 0.371430 -1.082900 -0.329935 -0.076714 -0.021704 -0.374023 -0.105819 0.373825 1.457527 -0.172577 -0.049805 0.376702 0.275716
0.028169 0.342856 -1.123675 -0.419024 -0.079602 -0.027565 -0.388106 -0.134393 0.344012 1.488821 0.516588 1.538626 0.394990 0.333356
0.028169 0.314287 -1.123675 -0.508101 -0.079602 -0.033424 -0.388106 -0.162962 0.315547 1.481407 -0.201041 -0.057219 0.401283 0.397535
0.014083 0.285714 -1.164457 -0.597190 -0.082491 -0.039285 -0.402192 -0.191536 0.286061 1.521544 0.487102 1.578763 0.422853 0.444451
0.000000 0.257144 -1.205232 -0.686266 -0.085380 -0.045144 -0.416275 -0.220105 0.257144 1.570796 -0.229957 -0.007967 0.445654 0.486381
0.000000 0.200002 -1.205232 -0.864432 -0.085380 -0.056865 -0.416275 -0.277248 0.200002 1.570796 0.429959 1.578763 0.469105 0.587555
0.000000 0.171428 -1.205232 -0.953522 -0.085380 -0.062725 -0.416275 -0.305821 0.171428 1.570796 -0.258531 -0.007967 0.482944 0.633611
0.000000 0.142859 -1.205232 -1.042598 -0.085380 -0.068585 -0.416275 -0.334390 0.142859 1.570796 0.401390 1.578763 0.498038 0.676745
0.000000 0.085716 -1.205232 -1.220764 -0.085380 -0.080305 -0.416275 -0.391533 0.085716 1.570796 -0.315674 -0.007967 0.531558 0.754779
0.014083 0.057143 -1.164457 -1.309853 -0.082491 -0.086166 -0.402192 -0.420107 0.058853 1.329152 0.374526 1.337119 0.539198 0.807181
0.028169 0.057143 -1.123675 -1.309853 -0.079602 -0.086166 -0.388106 -0.420107 0.063709 1.112798 -0.310818 -0.224321 0.528775 0.824971
0.042252 0.028574 -1.082900 -1.398929 -0.076714 -0.092025 -0.374023 -0.448676 0.051007 0.594613 0.361825 0.818934 0.538707 0.875892
0.070421 0.028574 -1.001343 -1.398929 -0.070936 -0.092025 -0.345854 -0.448676 0.075997 0.385454 -0.285827 -0.433480 0.519545 0.914095
0.084507 0.000000 -0.960561 -1.488019 -0.068047 -0.097886 -0.331768 -0.477249 0.084507 0.000000 0.370334 0.433480 0.532311 0.963321
0.112676 0.000000 -0.879004 -1.488019 -0.062269 -0.097886 -0.303599 -0.477249 0.112676 0.000000 -0.257658 -0.433480 0.515226 1.004223
0.154928 0.028574 -0.756672 -1.398929 -0.053603 -0.092025 -0.261347 -0.448676 0.157541 0.182381 0.415199 0.615861 0.467563 1.043355
0.169014 0.028574 -0.715890 -1.398929 -0.050714 -0.092025 -0.247261 -0.448676 0.171412 0.167477 -0.243787 -0.448384 0.459838 1.067116
0.197183 0.057143 -0.634333 -1.309853 -0.044937 -0.086166 -0.219092 -0.420107 0.205296 0.282069 0.449083 0.730453 0.420687 1.090084
0.211266 0.085716 -0.593558 -1.220764 -0.042048 -0.080305 -0.205009 -0.391533 0.227993 0.385433 -0.221090 -0.345020 0.388970 1.088443
0.225352 0.114285 -0.552776 -1.131688 -0.039159 -0.074445 -0.190923 -0.362964 0.252675 0.469345 0.473765 0.814366 0.357281 1.086556
0.239435 0.142859 -0.512001 -1.042598 -0.036271 -0.068585 -0.176840 -0.334390 0.278815 0.537952 -0.194950 -0.276413 0.325621 1.084341
0.253521 0.171428 -0.471219 -0.953522 -0.033382 -0.062725 -0.162754 -0.305821 0.306040 0.594567 0.500990 0.870980 0.294005 1.081731
0.253521 0.200002 -0.471219 -0.864432 -0.033382 -0.056865 -0.162754 -0.277248 0.322914 0.667934 -0.178076 -0.203046 0.270672 1.039963
0.267604 0.200002 -0.430444 -0.864432 -0.030493 -0.056865 -0.148671 -0.277248 0.334085 0.641821 0.512161 0.844867 0.262445 1.078579
0.281690 0.228571 -0.389662 -0.775356 -0.027604 -0.051005 -0.134585 -0.248678 0.362759 0.681670 -0.149402 -0.163197 0.230968 1.074732
0.281690 0.257144 -0.389662 -0.686266 -0.027604 -0.045144 -0.134585 -0.220105 0.381408 0.739877 0.530810 0.903074 0.208413 1.021993
0.281690 0.228571 -0.389662 -0.775356 -0.027604 -0.051005 -0.134585 -0.248678 0.362759 0.681670 -0.168052 -0.221404 0.230968 1.074732
0.267604 0.200002 -0.430444 -0.864432 -0.030493 -0.056865 -0.148671 -0.277248 0.334085 0.641821 0.502137 0.863225 0.262445 1.078579
0.267604 0.171428 -0.430444 -0.953522 -0.030493 -0.062725 -0.148671 -0.305821 0.317804 0.569741 -0.184332 -0.293484 0.286449 1.118300
0.267604 0.142859 -0.430444 -1.042598 -0.030493 -0.068585 -0.148671 -0.334390 0.303349 0.490355 0.487681 0.783839 0.311223 1.152439
0.267604 0.114285 -0.430444 -1.131688 -0.030493 -0.074445 -0.148671 -0.362964 0.290987 0.403622 -0.196695 -0.380217 0.336602 1.182039
0.281690 0.085716 -0.389662 -1.220764 -0.027604 -0.080305 -0.134585 -0.391533 0.294443 0.295391 0.491137 0.675608 0.356907 1.239710
0.295773 0.057143 -0.348887 -1.309853 -0.024715 -0.086166 -0.120502 -0.420107 0.301243 0.190846 -0.189895 -0.484761 0.378810 1.291459
0.323944 0.028574 -0.267323 -1.398929 -0.018937 -0.092025 -0.092331 -0.448676 0.325202 0.087977 0.515097 0.572739 0.398544 1.367844
0.338028 0.028574 -0.226548 -1.398929 -0.016049 -0.092025 -0.078247 -0.448676 0.339233 0.084330 -0.175864 -0.488409 0.395519 1.398136
0.352113 0.000000 -0.185766 -1.488019 -0.013160 -0.097886 -0.064162 -0.477249 0.352113 0.000000 0.527977 0.488409 0.421191 1.437157
0.394366 0.000000 -0.063434 -1.488019 -0.004494 -0.097886 -0.021909 -0.477249 0.394366 0.000000 -0.133611 -0.488409 0.416851 1.524921
0.422535 0.000000 0.018123 -1.488019 0.001284 -0.097886 0.006260 -0.477249 0.422535 0.000000 0.556146 0.488409 0.416322 -1.557681
0.450704 0.000000 0.099680 -1.488019 0.007061 -0.097886 0.034429 -0.477249 0.450704 0.000000 -0.105442 -0.488409 0.417697 -1.498782
0.492958 0.028574 0.222019 -1.398929 0.015728 -0.092025 0.076683 -0.448676 0.493786 0.057899 0.599228 0.546308 0.395212 -1.401522
0.521127 0.028574 0.303576 -1.398929 0.021506 -0.092025 0.104852 -0.448676 0.521910 0.054775 -0.077318 -0.491532 0.401630 -1.341224
0.535211 0.057143 0.344351 -1.309853 0.024394 -0.086166 0.118935 -0.420107 0.538253 0.106364 0.615570 0.597896 0.378314 -1.294908
0.577465 0.085716 0.466690 -1.220764 0.033061 -0.080305 0.161190 -0.391533 0.583792 0.147359 -0.031778 -0.450537 0.367765 -1.180254
0.591549 0.114285 0.507465 -1.131688 0.035949 -0.074445 0.175273 -0.362964 0.602487 0.190846 0.634266 0.641382 0.349168 -1.120926
0.605634 0.142859 0.548247 -1.042598 0.038838 -0.068585 0.189359 -0.334390 0.622255 0.231649 -0.012010 -0.409734 0.332586 -1.055539
0.633803 0.171428 0.629804 -0.953522 0.044616 -0.062725 0.217528 -0.305821 0.656578 0.264155 0.668588 0.673889 0.327519 -0.952532
0.647887 0.257144 0.670579 -0.686266 0.047504 -0.045144 0.231611 -0.220105 0.697051 0.377829 0.028463 -0.296060 0.281010 -0.759931
0.661972 0.314287 0.711361 -0.508101 0.050393 -0.033424 0.245697 -0.162962 0.732792 0.443264 0.704328 0.739324 0.266024 -0.585644
0.661972 0.342856 0.711361 -0.419024 0.050393 -0.027565 0.245697 -0.134393 0.745492 0.477890 0.041163 -0.261434 0.256432 -0.500526
0.661972 0.457142 0.711361 -0.062693 0.050393 -0.004124 0.245697 -0.020107 0.804479 0.604373 0.763315 0.865807 0.249072 -0.081656
0.661972 0.571427 0.711361 0.293639 0.050393 0.019316 0.245697 0.094178 0.874492 0.712119 0.111177 -0.153688 0.290584 0.366036
0.661972 0.600001 0.711361 0.382728 0.050393 0.025177 0.245697 0.122752 0.893425 0.736331 0.782248 0.890019 0.306793 0.463332
0.647887 0.657144 0.670579 0.560894 0.047504 0.036897 0.231611 0.179894 0.922819 0.792491 0.140571 -0.097527 0.334158 0.660376
0.633803 0.714286 0.629804 0.739060 0.044616 0.048617 0.217528 0.237037 0.954941 0.845029 0.814370 0.942556 0.368957 0.828290
0.619718 0.742856 0.589022 0.828136 0.041727 0.054477 0.203442 0.265606 0.967411 0.875525 0.153041 -0.067031 0.384764 0.917162
0.605634 0.771429 0.548247 0.917225 0.038838 0.060338 0.189359 0.294180 0.980763 0.905219 0.827722 0.972250 0.402481 0.998874
0.577465 0.800003 0.466690 1.006315 0.033061 0.066198 0.161190 0.322753 0.986646 0.945570 0.158924 -0.026681 0.416208 1.107612
0.549296 0.828572 0.385133 1.095391 0.027283 0.072058 0.133021 0.351323 0.994111 0.985376 0.835187 1.012056 0.433224 1.208848
0.549296 0.857145 0.385133 1.184481 0.027283 0.077918 0.133021 0.379896 1.018049 1.000885 0.182862 -0.011172 0.460501 1.233987
0.535211 0.857145 0.344351 1.184481 0.024394 0.077918 0.118935 0.379896 1.010519 1.012621 0.827657 1.023793 0.456631 1.267389
0.535211 0.885715 0.344351 1.273557 0.024394 0.083778 0.118935 0.408465 1.034863 1.027243 0.207206 0.003450 0.484272 1.287454
0.549296 0.885715 0.385133 1.273557 0.027283 0.083778 0.133021 0.408465 1.042217 1.015676 0.835011 1.012225 0.487922 1.255967
0.563380 0.885715 0.425908 1.273557 0.030172 0.083778 0.147104 0.408465 1.049708 1.004274 0.214697 -0.007952 0.491948 1.225117
0.577465 0.885715 0.466690 1.273557 0.033061 0.083778 0.161190 0.408465 1.057335 0.993033 0.842638 1.000984 0.496342 1.194933
0.619718 0.914288 0.589022 1.362647 0.041727 0.089638 0.203442 0.437039 1.104524 0.975116 0.261886 -0.025869 0.537964 1.135126
0.676056 0.914288 0.752136 1.362647 0.053282 0.089638 0.259780 0.437039 1.137090 0.934092 0.875204 0.959961 0.561696 1.034497
0.746479 0.942857 0.956032 1.451723 0.067726 0.095498 0.330204 0.465608 1.202585 0.901124 0.327381 -0.058836 0.621549 0.953930
0.774648 0.942857 1.037589 1.451723 0.073504 0.095498 0.358373 0.465608 1.220270 0.883025 0.892889 0.941861 0.636961 0.914814
0.802817 0.971431 1.119146 1.540812 0.079281 0.101359 0.386542 0.494182 1.260235 0.880147 0.367346 -0.061713 0.676470 0.907012
0.859155 0.971431 1.282260 1.540812 0.090836 0.101359 0.442880 0.494182 1.296852 0.846655 0.929506 0.908368 0.710169 0.840091
0.915493 1.000000 1.445374 1.629889 0.102392 0.107218 0.499218 0.522751 1.355776 0.829487 0.426270 -0.078881 0.768084 0.808421
0.943662 1.000000 1.526931 1.629889 0.108169 0.107218 0.527387 0.522751 1.374954 0.814376 0.948684 0.893256 0.786684 0.780984
0.971831 1.000000 1.608488 1.629889 0.113947 0.107218 0.555556 0.522751 1.394437 0.799683 0.445753 -0.093574 0.805839 0.754985
0.985917 0.971431 1.649269 1.540812 0.116836 0.101359 0.569641 0.494182 1.384091 0.777998 0.938338 0.871571 0.795417 0.714584
1.000000 0.942857 1.690045 1.451723 0.119724 0.095498 0.583725 0.465608 1.374402 0.755995 0.436063 -0.115576 0.786145 0.673306
1.000000 0.885715 1.690045 1.273557 0.119724 0.083778 0.583725 0.408465 1.335848 0.724866 0.899785 0.840443 0.749071 0.610563
0.985917 0.800003 1.649269 1.006315 0.116836 0.066198 0.569641 0.322753 1.269660 0.681672 0.369875 -0.158771 0.686832 0.515491
0.985917 0.771429 1.649269 0.917225 0.116836 0.060338 0.569641 0.294180 1.251852 0.663947 0.881978 0.822718 0.671286 0.476705
0.957748 0.742856 1.567712 0.828136 0.111058 0.054477 0.541472 0.265606 1.212070 0.659702 0.330093 -0.163015 0.632335 0.456040
0.929579 0.742856 1.486155 0.828136 0.105281 0.054477 0.513303 0.265606 1.189937 0.674211 0.859844 0.837227 0.608387 0.477506
0.915493 0.742856 1.445374 0.828136 0.102392 0.054477 0.499218 0.265606 1.178966 0.681670 0.319122 -0.155557 0.596551 0.488954
0.887324 0.800003 1.363817 1.006315 0.096614 0.066198 0.471049 0.322753 1.194717 0.733693 0.875595 0.889250 0.607564 0.600710
0.873241 0.828572 1.323041 1.095391 0.093726 0.072058 0.456965 0.351323 1.203778 0.759156 0.328183 -0.130093 0.615472 0.655435
0.887324 0.885715 1.363817 1.273557 0.096614 0.083778 0.471049 0.408465 1.253728 0.784490 0.925545 0.914584 0.665026 0.714361
0.901410 0.942857 1.404598 1.451723 0.099503 0.095498 0.485134 0.465608 1.304423 0.807868 0.378878 -0.106716 0.715992 0.764863
0.915493 0.942857 1.445374 1.451723 0.102392 0.095498 0.499218 0.465608 1.314195 0.800122 0.935317 0.906838 0.725608 0.750577
0.929579 0.971431 1.486155 1.540812 0.105281 0.101359 0.513303 0.494182 1.344542 0.807410 0.409225 -0.099427 0.756094 0.766421
