0.000000 0.680001 -1.454340 0.577311 -0.125112 0.049343 -0.465956 0.183769 0.680001 1.570796 0.680001 1.570796 0.512767 -0.375662
0.056602 0.719998 -1.277673 0.702961 -0.109914 0.060083 -0.409353 0.223766 0.722219 1.492343 0.042218 -0.078453 0.481775 -0.500254
0.075472 0.719998 -1.218778 0.702961 -0.104848 0.060083 -0.390484 0.223766 0.723943 1.466356 0.681724 1.544809 0.465849 -0.520365
0.113207 0.719998 -1.100997 0.702961 -0.094715 0.060083 -0.352748 0.223766 0.728843 1.414840 0.047119 -0.129969 0.434705 -0.565294
0.132074 0.719998 -1.042111 0.702961 -0.089650 0.060083 -0.333882 0.223766 0.732011 1.389377 0.684892 1.519345 0.419541 -0.590441
0.150943 0.719998 -0.983216 0.702961 -0.084583 0.060083 -0.315012 0.223766 0.735650 1.364145 0.050758 -0.155200 0.404685 -0.617632
0.169810 0.760001 -0.924330 0.828630 -0.079517 0.070824 -0.296146 0.263769 0.778740 1.350973 0.727982 1.506174 0.417331 -0.727637
0.188679 0.760001 -0.865435 0.828630 -0.074451 0.070824 -0.277277 0.263769 0.783071 1.327454 0.055089 -0.178719 0.404159 -0.760437
0.188679 0.719998 -0.865435 0.702961 -0.074451 0.060083 -0.277277 0.223766 0.744309 1.314504 0.689220 1.493224 0.376058 -0.679002
0.169810 0.639998 -0.924330 0.451642 -0.079517 0.038602 -0.296146 0.143766 0.662143 1.311444 -0.027078 -0.181780 0.343501 -0.451945
0.132074 0.559998 -1.042111 0.200322 -0.089650 0.017122 -0.333882 0.063766 0.575362 1.339182 0.602440 1.520962 0.346873 -0.188712
0.113207 0.520001 -1.100997 0.074672 -0.094715 0.006382 -0.352748 0.023769 0.532182 1.356435 -0.070258 -0.164526 0.356865 -0.067282
0.075472 0.440002 -1.218778 -0.176648 -0.104848 -0.015098 -0.390484 -0.056230 0.446427 1.400924 0.516686 1.565450 0.391346 0.143019
0.056602 0.360002 -1.277673 -0.427967 -0.109914 -0.036579 -0.409353 -0.136230 0.364424 1.414845 -0.152261 -0.150605 0.422843 0.321265
0.037736 0.280002 -1.336559 -0.679287 -0.114980 -0.058059 -0.428220 -0.216230 0.282534 1.436834 0.434795 1.587439 0.466852 0.467600
0.037736 0.239999 -1.336559 -0.804956 -0.114980 -0.068800 -0.428220 -0.256233 0.242948 1.414840 -0.191847 -0.172598 0.484178 0.539218
0.037736 0.160000 -1.336559 -1.056276 -0.114980 -0.090281 -0.428220 -0.336233 0.164389 1.339180 0.356236 1.511778 0.526290 0.665643
0.037736 0.080000 -1.336559 -1.307595 -0.114980 -0.111761 -0.428220 -0.416232 0.088453 1.130045 -0.267783 -0.381733 0.576484 0.771203
0.056602 0.040003 -1.277673 -1.433246 -0.109914 -0.122501 -0.409353 -0.456229 0.069311 0.615233 0.337094 0.996966 0.590767 0.839500
0.113207 0.000000 -1.100997 -1.558915 -0.094715 -0.133242 -0.352748 -0.496232 0.113207 0.000000 -0.223887 -0.996966 0.584419 0.952823
0.169810 0.000000 -0.924330 -1.558915 -0.079517 -0.133242 -0.296146 -0.496232 0.169810 0.000000 0.393697 0.996966 0.552102 1.032741
0.207545 0.000000 -0.806549 -1.558915 -0.069385 -0.133242 -0.258410 -0.496232 0.207545 0.000000 -0.186151 -0.996966 0.532814 1.090691
0.245284 0.040003 -0.688760 -1.433246 -0.059252 -0.122501 -0.220672 -0.456229 0.248525 0.161665 0.434676 1.158631 0.479720 1.120285
0.283020 0.120003 -0.570979 -1.181926 -0.049120 -0.101020 -0.182936 -0.376229 0.307410 0.401030 -0.127266 -0.757601 0.391343 1.118222
0.301886 0.160000 -0.512093 -1.056276 -0.044054 -0.090281 -0.164069 -0.336233 0.341665 0.487358 0.468931 1.244959 0.347171 1.116824
0.320756 0.200002 -0.453198 -0.930607 -0.038987 -0.079540 -0.145200 -0.296230 0.378002 0.557545 -0.090930 -0.687414 0.303009 1.115052
0.339622 0.200002 -0.394312 -0.930607 -0.033921 -0.079540 -0.126333 -0.296230 0.394137 0.532215 0.485067 1.219629 0.294434 1.167680
0.358491 0.239999 -0.335417 -0.804956 -0.028855 -0.068800 -0.107464 -0.256233 0.431411 0.589941 -0.053656 -0.629688 0.250210 1.173678
0.358491 0.280002 -0.335417 -0.679287 -0.028855 -0.058059 -0.107464 -0.216230 0.454882 0.663083 0.508537 1.292771 0.214773 1.109559
0.358491 0.239999 -0.335417 -0.804956 -0.028855 -0.068800 -0.107464 -0.256233 0.431411 0.589941 -0.077126 -0.702830 0.250210 1.173678
0.358491 0.200002 -0.335417 -0.930607 -0.028855 -0.079540 -0.107464 -0.296230 0.410508 0.508888 0.487634 1.211719 0.286844 1.222788
0.358491 0.160000 -0.335417 -1.056276 -0.028855 -0.090281 -0.107464 -0.336233 0.392576 0.419784 -0.095058 -0.791935 0.324280 1.261445
0.377358 0.120003 -0.276531 -1.181926 -0.023789 -0.101020 -0.088598 -0.376229 0.395979 0.307894 0.491037 1.099829 0.357118 1.339521
0.396227 0.080000 -0.217636 -1.307595 -0.018723 -0.111761 -0.069728 -0.416232 0.404223 0.199225 -0.086815 -0.900604 0.392204 1.404815
0.415094 0.040003 -0.158750 -1.433246 -0.013657 -0.122501 -0.050862 -0.456229 0.417017 0.096074 0.503832 0.996678 0.428979 1.459772
0.452830 0.040003 -0.040969 -1.433246 -0.003524 -0.122501 -0.013126 -0.456229 0.454593 0.088111 -0.049239 -0.908567 0.426155 1.542033
0.509435 0.040003 0.135707 -1.433246 0.011674 -0.122501 0.043479 -0.456229 0.511003 0.078363 0.560241 0.986930 0.428166 -1.475782
0.584906 0.040003 0.371268 -1.433246 0.031939 -0.122501 0.118951 -0.456229 0.586273 0.068286 0.026031 -0.918644 0.442250 -1.315749
0.622642 0.120003 0.489049 -1.181926 0.042071 -0.101020 0.156686 -0.376229 0.634101 0.190397 0.608070 1.109041 0.379782 -1.176177
0.641509 0.160000 0.547935 -1.056276 0.047137 -0.090281 0.175553 -0.336233 0.661160 0.244425 0.053091 -0.864617 0.352743 -1.089612
0.660378 0.319999 0.606830 -0.553637 0.052204 -0.047320 0.194422 -0.176233 0.733824 0.451227 0.680734 1.315844 0.243112 -0.736364
0.660378 0.440002 0.606830 -0.176648 0.052204 -0.015098 0.194422 -0.056230 0.793537 0.587740 0.112803 -0.728104 0.196147 -0.281536
0.660378 0.520001 0.606830 0.074672 0.052204 0.006382 0.194422 0.023769 0.840536 0.667029 0.727733 1.395133 0.201794 0.121653
0.641509 0.600001 0.547935 0.325991 0.047137 0.027863 0.175553 0.103769 0.878370 0.751978 0.150638 -0.643155 0.220878 0.533849
0.603773 0.680001 0.430154 0.577311 0.037005 0.049343 0.137817 0.183769 0.909364 0.844707 0.758726 1.487862 0.254576 0.927329
0.566037 0.760001 0.312373 0.828630 0.026873 0.070824 0.100081 0.263769 0.947628 0.930641 0.188902 -0.557221 0.310610 1.208149
0.547170 0.799998 0.253487 0.954281 0.021807 0.081563 0.081215 0.303766 0.969222 0.970913 0.780320 1.528134 0.343773 1.309547
0.509435 0.840000 0.135707 1.079950 0.011674 0.092304 0.043479 0.343768 0.982407 1.025633 0.202087 -0.502501 0.376563 1.444987
0.490565 0.840000 0.076812 1.079950 0.006608 0.092304 0.024610 0.343768 0.972756 1.042220 0.770669 1.544721 0.374854 1.499330
0.528301 0.840000 0.194593 1.079950 0.016740 0.092304 0.062345 0.343768 0.992322 1.009376 0.221653 -0.535344 0.379205 1.391387
0.584906 0.840000 0.371268 1.079950 0.031939 0.092304 0.118951 0.343768 1.023580 0.962547 0.801927 1.497891 0.392503 1.237672
0.641509 0.879997 0.547935 1.205600 0.047137 0.103044 0.175553 0.383765 1.089003 0.940878 0.287076 -0.557013 0.449721 1.141766
0.716980 0.879997 0.783497 1.205600 0.067402 0.103044 0.251024 0.383765 1.135102 0.887124 0.848026 1.444137 0.484194 0.991538
0.792452 0.879997 1.019059 1.205600 0.087666 0.103044 0.326496 0.383765 1.184219 0.837696 0.336193 -0.606441 0.527286 0.865855
0.849057 0.920000 1.195734 1.331269 0.102865 0.113785 0.383101 0.423768 1.251918 0.825479 0.915724 1.431920 0.594073 0.835757
0.905662 0.920000 1.372410 1.331269 0.118064 0.113785 0.439706 0.423768 1.290978 0.793252 0.375254 -0.638668 0.632059 0.766942
0.962264 0.879997 1.549077 1.205600 0.133262 0.103044 0.496309 0.383765 1.303974 0.740772 0.928720 1.379441 0.646338 0.658209
1.000000 0.840000 1.666858 1.079950 0.143395 0.092304 0.534044 0.343768 1.305987 0.698660 0.377266 -0.680781 0.652007 0.571939
1.000000 0.799998 1.666858 0.954281 0.143395 0.081563 0.534044 0.303766 1.280623 0.674739 0.903357 1.355520 0.629911 0.517164
1.000000 0.680001 1.666858 0.577311 0.143395 0.049343 0.534044 0.183769 1.209298 0.597177 0.305941 -0.758343 0.575342 0.331416
0.981134 0.639998 1.607972 0.451642 0.138329 0.038602 0.515178 0.143766 1.171418 0.577994 0.865477 1.336337 0.543782 0.272138
0.962264 0.600001 1.549077 0.325991 0.133262 0.027863 0.496309 0.103769 1.133999 0.557542 0.268522 -0.778795 0.514092 0.206113
0.924528 0.600001 1.431296 0.325991 0.123130 0.027863 0.458573 0.103769 1.102159 0.575658 0.833637 1.354453 0.477763 0.222539
0.905662 0.600001 1.372410 0.325991 0.118064 0.027863 0.439706 0.103769 1.086382 0.585113 0.252744 -0.769340 0.459684 0.231756
0.867926 0.719998 1.254629 0.702961 0.107932 0.060083 0.401970 0.223766 1.127694 0.692508 0.874949 1.461848 0.475518 0.507951
0.867926 0.760001 1.254629 0.828630 0.107932 0.070824 0.401970 0.263769 1.153645 0.719199 0.278696 -0.742650 0.498039 0.580714
0.886793 0.879997 1.313515 1.205600 0.112998 0.103044 0.420837 0.383765 1.249318 0.781552 0.970622 1.524202 0.590368 0.739356
0.905662 0.959997 1.372410 1.456920 0.118064 0.124524 0.439706 0.463765 1.319780 0.814514 0.349157 -0.709688 0.661376 0.812021
0.924528 1.000000 1.431296 1.582589 0.123130 0.135265 0.458573 0.503768 1.361893 0.824594 1.012736 1.534282 0.703912 0.832328
