0.000000 0.714287 -1.437810 0.755771 -0.146736 0.068033 -0.487390 0.225975 0.714287 1.570796 0.714287 1.570796 0.537616 -0.434141
0.032258 0.714287 -1.342649 0.755771 -0.137024 0.068033 -0.455132 0.225975 0.715015 1.525666 0.000728 -0.045130 0.508554 -0.460847
0.064516 0.714287 -1.247487 0.755771 -0.127313 0.068033 -0.422874 0.225975 0.717194 1.480719 0.716466 1.525849 0.479901 -0.490771
0.096774 0.714287 -1.152325 0.755771 -0.117601 0.068033 -0.390616 0.225975 0.720813 1.436133 0.004346 -0.089716 0.451733 -0.524467
0.129032 0.714287 -1.057164 0.755771 -0.107889 0.068033 -0.358358 0.225975 0.725848 1.392079 0.721501 1.481795 0.424149 -0.562604
0.145162 0.714287 -1.009579 0.755771 -0.103033 0.068033 -0.342228 0.225975 0.728888 1.370300 0.007386 -0.111495 0.410612 -0.583585
0.161290 0.714287 -0.962002 0.755771 -0.098177 0.068033 -0.326100 0.225975 0.732270 1.348715 0.724884 1.460210 0.397270 -0.605986
0.161290 0.666664 -0.962002 0.596498 -0.098177 0.053696 -0.326100 0.178352 0.685898 1.333422 -0.038986 -0.126789 0.372130 -0.500479
0.161290 0.571427 -0.962002 0.277976 -0.098177 0.025023 -0.326100 0.083114 0.593753 1.295695 0.632739 1.422483 0.336754 -0.249561
0.161290 0.428573 -0.962002 -0.199795 -0.098177 -0.017985 -0.326100 -0.059739 0.457919 1.210850 -0.174820 -0.211633 0.331362 0.181182
0.161290 0.333336 -0.962002 -0.518317 -0.098177 -0.046658 -0.326100 -0.154976 0.370307 1.120139 0.545127 1.331772 0.360658 0.443645
0.161290 0.190476 -0.962002 -0.996112 -0.098177 -0.089668 -0.326100 -0.297837 0.249590 0.868177 -0.295537 -0.463594 0.441021 0.740130
0.161290 0.142860 -0.962002 -1.155361 -0.098177 -0.104003 -0.326100 -0.345452 0.215461 0.724878 0.510998 1.188472 0.474386 0.814207
0.177420 0.047622 -0.914417 -1.473883 -0.093321 -0.132676 -0.309970 -0.440690 0.183700 0.262235 -0.327298 -0.926237 0.538031 0.957809
0.209678 0.047622 -0.819256 -1.473883 -0.083609 -0.132676 -0.277712 -0.440690 0.215018 0.223333 0.542316 1.149570 0.520115 1.008484
0.241936 0.047622 -0.724094 -1.473883 -0.073898 -0.132676 -0.245454 -0.440690 0.246579 0.194354 -0.295737 -0.955216 0.503630 1.062612
0.274194 0.047622 -0.628932 -1.473883 -0.064186 -0.132676 -0.213196 -0.440690 0.278299 0.171966 0.574036 1.127182 0.488721 1.120210
0.306452 0.095238 -0.533771 -1.314634 -0.054474 -0.118341 -0.180938 -0.393074 0.320910 0.301313 -0.253126 -0.825869 0.431882 1.139398
0.322580 0.095238 -0.486193 -1.314634 -0.049619 -0.118341 -0.164810 -0.393074 0.336345 0.287082 0.589472 1.112951 0.425377 1.173776
0.354838 0.142860 -0.391032 -1.155361 -0.039907 -0.104003 -0.132552 -0.345452 0.382517 0.382752 -0.206955 -0.730200 0.369149 1.204414
0.370968 0.142860 -0.343447 -1.155361 -0.035051 -0.104003 -0.116422 -0.345452 0.397525 0.367597 0.604480 1.097796 0.363669 1.245737
0.387096 0.095238 -0.295870 -1.314634 -0.030195 -0.118341 -0.100294 -0.393074 0.398639 0.241240 -0.205841 -0.856556 0.404774 1.320973
0.403226 0.047622 -0.248285 -1.473883 -0.025339 -0.132676 -0.084164 -0.440690 0.406028 0.117559 0.611869 0.974115 0.447749 1.382086
0.435484 0.047622 -0.153124 -1.473883 -0.015627 -0.132676 -0.051906 -0.440690 0.438080 0.108922 -0.173789 -0.865193 0.442820 1.453553
0.467742 0.000000 -0.057962 -1.633156 -0.005915 -0.147014 -0.019648 -0.488312 0.467742 0.000000 0.641531 0.865193 0.487786 1.530581
0.500000 0.000000 0.037200 -1.633156 0.003796 -0.147014 0.012610 -0.488312 0.500000 0.000000 -0.141531 -0.865193 0.487553 -1.544978
0.532258 0.000000 0.132361 -1.633156 0.013508 -0.147014 0.044868 -0.488312 0.532258 0.000000 0.673789 0.865193 0.489451 -1.479170
0.564516 0.000000 0.227523 -1.633156 0.023220 -0.147014 0.077126 -0.488312 0.564516 0.000000 -0.109273 -0.865193 0.493455 -1.414146
0.596774 0.047622 0.322685 -1.473883 0.032932 -0.132676 0.109384 -0.440690 0.598671 0.079631 0.707944 0.944824 0.453167 -1.327502
0.596774 0.142860 0.322685 -1.155361 0.032932 -0.104003 0.109384 -0.345452 0.613635 0.234966 -0.094309 -0.709858 0.361477 -1.264144
0.596774 0.238098 0.322685 -0.836839 0.032932 -0.075331 0.109384 -0.250214 0.642518 0.379623 0.736827 1.089481 0.272234 -1.158670
0.580646 0.380951 0.275107 -0.359068 0.028076 -0.032323 0.093256 -0.107361 0.694459 0.580638 -0.042368 -0.508843 0.141513 -0.855590
0.516130 0.571427 0.084784 0.277976 0.008653 0.025023 0.028740 0.083114 0.770012 0.836199 0.812380 1.345042 0.088815 1.237877
0.500000 0.666664 0.037200 0.596498 0.003796 0.053696 0.012610 0.178352 0.833331 0.927293 0.020951 -0.417748 0.179717 1.500211
0.467742 0.714287 -0.057962 0.755771 -0.005915 0.068033 -0.019648 0.225975 0.853808 0.991028 0.832857 1.408776 0.227746 -1.484067
0.467742 0.761902 -0.057962 0.915020 -0.005915 0.082368 -0.019648 0.273590 0.894023 1.020209 0.061166 -0.388567 0.275214 -1.499104
0.467742 0.809524 -0.057962 1.074293 -0.005915 0.096706 -0.019648 0.321212 0.934940 1.046861 0.873773 1.435428 0.322733 -1.509704
0.467742 0.857140 -0.057962 1.233542 -0.005915 0.111041 -0.019648 0.368828 0.976458 1.071260 0.102685 -0.364168 0.370271 -1.517575
0.483872 0.904762 -0.010378 1.392815 -0.001059 0.125379 -0.003518 0.416450 1.026025 1.079693 0.923340 1.443862 0.417387 -1.562349
0.532258 0.904762 0.132361 1.392815 0.013508 0.125379 0.044868 0.416450 1.049711 1.039035 0.126371 -0.404826 0.419777 1.463471
0.645162 1.000000 0.465431 1.711337 0.047500 0.154051 0.157772 0.511688 1.190056 0.997830 1.063685 1.402656 0.536340 1.271709
0.709678 1.000000 0.655754 1.711337 0.066923 0.154051 0.222288 0.511688 1.226231 0.953604 0.162546 -0.449051 0.558732 1.160973
0.790322 1.000000 0.893655 1.711337 0.091202 0.154051 0.302932 0.511688 1.274601 0.901985 1.112055 1.351036 0.595430 1.036262
0.903226 0.952378 1.226725 1.552064 0.125194 0.139714 0.415836 0.464066 1.312570 0.811880 0.200515 -0.539156 0.623805 0.840156
0.935484 0.857140 1.321886 1.233542 0.134905 0.111041 0.448094 0.368828 1.268786 0.741722 1.068272 1.280878 0.580950 0.688671
0.967742 0.809524 1.417048 1.074293 0.144617 0.096706 0.480352 0.321212 1.261687 0.696609 0.193415 -0.584269 0.578367 0.589411
1.000000 0.714287 1.512210 0.755771 0.154329 0.068033 0.512610 0.225975 1.228904 0.620250 1.035489 1.204519 0.560581 0.415203
1.000000 0.666664 1.512210 0.596498 0.154329 0.053696 0.512610 0.178352 1.201849 0.588001 0.166360 -0.616518 0.543055 0.334829
1.000000 0.619049 1.512210 0.437249 0.154329 0.039360 0.512610 0.130737 1.176104 0.554308 1.009744 1.170827 0.529248 0.249718
0.951614 0.571427 1.369471 0.277976 0.139762 0.025023 0.464224 0.083114 1.109999 0.540773 0.100255 -0.630053 0.471769 0.177162
0.935484 0.571427 1.321886 0.277976 0.134905 0.025023 0.448094 0.083114 1.096202 0.548348 0.995947 1.178402 0.455906 0.183400
0.887096 0.619049 1.179140 0.437249 0.120337 0.039360 0.399706 0.130737 1.081740 0.609273 0.085793 -0.569128 0.420831 0.316115
0.887096 0.666664 1.179140 0.596498 0.120337 0.053696 0.399706 0.178352 1.109676 0.644469 1.023883 1.213597 0.438068 0.419697
0.887096 0.761902 1.179140 0.915020 0.120337 0.082368 0.399706 0.273590 1.169373 0.709622 0.145490 -0.503975 0.484893 0.600233
0.887096 0.857140 1.179140 1.233542 0.120337 0.111041 0.399706 0.368828 1.233543 0.768226 1.088053 1.272200 0.544499 0.745242
