0.000000 1.000000 -1.204993 1.414989 -0.136529 0.140717 -0.452779 0.466668 1.000000 1.570796 1.000000 1.570796 0.710253 -0.800504
0.015626 1.000000 -1.163406 1.414989 -0.131817 0.140717 -0.437152 0.466668 1.000122 1.555171 0.000122 -0.015625 0.700395 -0.818043
0.046876 1.000000 -1.080240 1.414989 -0.122394 0.140717 -0.405902 0.466668 1.001098 1.523955 1.000976 1.539579 0.681328 -0.854926
0.109376 1.000000 -0.913907 1.414989 -0.103548 0.140717 -0.343403 0.466668 1.005964 1.461853 0.004988 -0.077726 0.646047 -0.936406
0.140626 0.944440 -0.830741 1.246526 -0.094125 0.123964 -0.312153 0.411108 0.954852 1.422984 0.949865 1.500710 0.582383 -0.921373
0.156250 0.833329 -0.789161 0.909625 -0.089414 0.090460 -0.296529 0.299997 0.847851 1.385448 -0.102014 -0.115262 0.482440 -0.791212
0.156250 0.777778 -0.789161 0.741187 -0.089414 0.073709 -0.296529 0.244446 0.793317 1.372543 0.895331 1.487805 0.439948 -0.689418
0.109376 0.555556 -0.913907 0.067385 -0.103548 0.006701 -0.343403 0.022224 0.566220 1.376406 -0.329111 -0.111399 0.358453 -0.064626
0.062500 0.333333 -1.038660 -0.606418 -0.117683 -0.060307 -0.390279 -0.199999 0.339142 1.385449 0.668253 1.496848 0.408148 0.473558
0.046876 0.166662 -1.080240 -1.111782 -0.122394 -0.110564 -0.405902 -0.366669 0.173129 1.296616 -0.495124 -0.200231 0.496608 0.734659
0.046876 0.111111 -1.080240 -1.280220 -0.122394 -0.127315 -0.405902 -0.422221 0.120595 1.171567 0.615718 1.371799 0.530560 0.805101
0.062500 0.055551 -1.038660 -1.448683 -0.117683 -0.144068 -0.390279 -0.477780 0.083619 0.726606 -0.532099 -0.645193 0.556872 0.885860
0.093750 0.000000 -0.955494 -1.617121 -0.108260 -0.160819 -0.359029 -0.533332 0.093750 0.000000 0.625849 0.645193 0.577850 0.978297
0.156250 0.000000 -0.789161 -1.617121 -0.089414 -0.160819 -0.296529 -0.533332 0.156250 0.000000 -0.469599 -0.645193 0.541237 1.063363
0.218749 0.111111 -0.622828 -1.280220 -0.070568 -0.127315 -0.234029 -0.422221 0.245351 0.469978 0.714950 1.115170 0.414133 1.064672
0.250002 0.166662 -0.539656 -1.111782 -0.061144 -0.110564 -0.202777 -0.366669 0.300462 0.587988 -0.414488 -0.527183 0.350686 1.065635
0.265626 0.166662 -0.498076 -1.111782 -0.056433 -0.110564 -0.187153 -0.366669 0.313581 0.560348 0.728069 1.087530 0.341890 1.098853
0.281252 0.166662 -0.456489 -1.111782 -0.051721 -0.110564 -0.171527 -0.366669 0.326923 0.534941 -0.401146 -0.552589 0.333592 1.133241
0.312502 0.111111 -0.373323 -1.280220 -0.042298 -0.127315 -0.140277 -0.422221 0.331667 0.341614 0.732813 0.894203 0.369343 1.250034
0.375001 0.000000 -0.206990 -1.617121 -0.023453 -0.160819 -0.077777 -0.533332 0.375001 0.000000 -0.357812 -0.894203 0.459410 1.425985
0.421875 0.000000 -0.082244 -1.617121 -0.009318 -0.160819 -0.030903 -0.533332 0.421875 0.000000 0.779687 0.894203 0.453832 1.512917
0.500001 0.000000 0.125675 -1.617121 0.014239 -0.160819 0.047223 -0.533332 0.500001 0.000000 -0.279686 -0.894203 0.455234 -1.482484
0.531251 0.000000 0.208841 -1.617121 0.023662 -0.160819 0.078473 -0.533332 0.531251 0.000000 0.810937 0.894203 0.459528 -1.424708
0.562501 0.166662 0.292008 -1.111782 0.033085 -0.110564 0.109722 -0.366669 0.586672 0.288048 -0.224265 -0.606154 0.306433 -1.280036
0.546875 0.444444 0.250421 -0.269516 0.028373 -0.026803 0.094096 -0.088887 0.704701 0.682436 0.928965 1.288591 0.094465 -0.756939
0.515625 0.555556 0.167255 0.067385 0.018950 0.006701 0.062846 0.022224 0.757965 0.822658 -0.171000 -0.465933 0.120469 0.339896
0.437501 0.777778 -0.040658 0.741187 -0.004607 0.073709 -0.015277 0.244446 0.892382 1.058406 1.063382 1.524338 0.325358 -1.508380
0.406251 0.944440 -0.123824 1.246526 -0.014030 0.123964 -0.046527 0.411108 1.028109 1.164571 -0.035274 -0.359767 0.493858 -1.458101
0.390625 0.944440 -0.165410 1.246526 -0.018741 0.123964 -0.062153 0.411108 1.022035 1.178617 1.057309 1.538384 0.495575 -1.420748
0.406251 1.000000 -0.123824 1.414989 -0.014030 0.140717 -0.046527 0.466668 1.079370 1.184912 0.022062 -0.353471 0.549196 -1.471424
0.500001 1.000000 0.125675 1.414989 0.014239 0.140717 0.047223 0.466668 1.118035 1.107148 1.095973 1.460619 0.549255 1.469949
0.625001 1.000000 0.458340 1.414989 0.051931 0.140717 0.172222 0.466668 1.179248 1.012196 0.083275 -0.448423 0.573683 1.217255
0.703125 1.000000 0.666253 1.414989 0.075488 0.140717 0.250346 0.466668 1.222450 0.957976 1.139175 1.406399 0.601768 1.078413
0.859377 0.944440 1.082091 1.246526 0.122604 0.123964 0.406598 0.411108 1.276909 0.832521 0.137734 -0.573878 0.638007 0.790914
0.953126 0.888889 1.331590 1.078088 0.150873 0.107213 0.500348 0.355557 1.303293 0.750539 1.165560 1.324417 0.663732 0.617818
1.000000 0.722218 1.456336 0.572724 0.165007 0.056956 0.547221 0.188886 1.233531 0.625482 0.067972 -0.698935 0.609958 0.332368
1.000000 0.611107 1.456336 0.235823 0.165007 0.023452 0.547221 0.077775 1.171944 0.548546 1.103972 1.247481 0.569666 0.141182
0.953126 0.444444 1.331590 -0.269516 0.150873 -0.026803 0.500348 -0.088887 1.051656 0.436327 -0.052316 -0.811154 0.500417 -0.175817
0.906250 0.388885 1.206837 -0.437980 0.136738 -0.043556 0.453472 -0.144447 0.986165 0.405350 1.038481 1.216504 0.457951 -0.308375
0.890626 0.388885 1.165257 -0.437980 0.132027 -0.043556 0.437848 -0.144447 0.971827 0.411690 -0.066654 -0.804814 0.442485 -0.318660
0.859377 0.444444 1.082091 -0.269516 0.122604 -0.026803 0.406598 -0.088887 0.967501 0.477290 1.034155 1.282104 0.406683 -0.215226
0.859377 0.555556 1.082091 0.067385 0.122604 0.006701 0.406598 0.022224 1.023313 0.573885 -0.010842 -0.708218 0.419386 0.054603
0.859377 0.666667 1.082091 0.404286 0.122604 0.040205 0.406598 0.133335 1.087645 0.659782 1.098488 1.368001 0.459424 0.316878
0.890626 0.777778 1.165257 0.741187 0.132027 0.073709 0.437848 0.244446 1.182436 0.717862 0.083948 -0.650138 0.545285 0.509185
0.890626 0.833329 1.165257 0.909625 0.132027 0.090460 0.437848 0.299997 1.219694 0.752174 1.135746 1.402313 0.580112 0.600699
