0.000000 0.823526 -1.625156 0.978032 -0.134251 0.079992 -0.490981 0.292547 0.823526 1.570796 0.823526 1.570796 0.592999 -0.537356
0.039216 0.764707 -1.495352 0.781391 -0.123528 0.063909 -0.451765 0.233728 0.765712 1.519559 -0.057814 -0.051237 0.528221 -0.477443
0.058825 0.764707 -1.430445 0.781391 -0.118166 0.063909 -0.432156 0.233728 0.766966 1.494023 0.824780 1.545260 0.511551 -0.495784
0.098041 0.764707 -1.300640 0.781391 -0.107443 0.063909 -0.392941 0.233728 0.770966 1.443285 -0.053814 -0.101975 0.478882 -0.536600
0.137256 0.764707 -1.170836 0.781391 -0.096720 0.063909 -0.353725 0.233728 0.776927 1.393199 0.830741 1.495173 0.447266 -0.583903
0.176472 0.764707 -1.041031 0.781391 -0.085998 0.063909 -0.314509 0.233728 0.784805 1.343996 -0.045936 -0.151177 0.416944 -0.639103
0.196078 0.764707 -0.976134 0.781391 -0.080637 0.063909 -0.294903 0.233728 0.789445 1.319794 0.835381 1.470971 0.402360 -0.670187
0.215687 0.823526 -0.911227 0.978032 -0.075275 0.079992 -0.275294 0.292547 0.851302 1.314643 0.015921 -0.156329 0.431709 -0.815772
0.235294 0.823526 -0.846330 0.978032 -0.069914 0.079992 -0.255687 0.292547 0.856480 1.292496 0.840559 1.448825 0.419478 -0.852530
0.254903 0.823526 -0.781423 0.978032 -0.064552 0.079992 -0.236078 0.292547 0.862073 1.270623 0.021515 -0.178202 0.407822 -0.891816
0.235294 0.823526 -0.846330 0.978032 -0.069914 0.079992 -0.255687 0.292547 0.856480 1.292496 0.834965 1.470698 0.419478 -0.852530
0.235294 0.764707 -0.846330 0.781391 -0.069914 0.063909 -0.255687 0.233728 0.800087 1.272298 -0.034878 -0.198400 0.374569 -0.740559
0.215687 0.764707 -0.911227 0.781391 -0.075275 0.063909 -0.275294 0.233728 0.794542 1.295885 0.829420 1.494285 0.388217 -0.703921
0.196078 0.705879 -0.976134 0.584720 -0.080637 0.047824 -0.294903 0.174900 0.732606 1.299849 -0.096814 -0.194436 0.364896 -0.535313
0.176472 0.647060 -1.041031 0.388079 -0.085998 0.031741 -0.314509 0.116081 0.670693 1.304543 0.767507 1.498980 0.351108 -0.353576
0.156863 0.588233 -1.105939 0.191408 -0.091359 0.015655 -0.334119 0.057254 0.608789 1.310193 -0.158719 -0.188786 0.347984 -0.169709
0.156863 0.529414 -1.105939 -0.005233 -0.091359 -0.000428 -0.334119 -0.001565 0.552164 1.282742 0.710883 1.471529 0.336322 0.004685
0.137256 0.411767 -1.170836 -0.398545 -0.096720 -0.032597 -0.353725 -0.119212 0.434041 1.249045 -0.276842 -0.222484 0.362486 0.325064
0.137256 0.294112 -1.170836 -0.791887 -0.096720 -0.064768 -0.353725 -0.236867 0.324563 1.134158 0.601404 1.356642 0.404819 0.590056
0.137256 0.235293 -1.170836 -0.988528 -0.096720 -0.080851 -0.353725 -0.295686 0.272401 1.042716 -0.329004 -0.313926 0.436460 0.696263
0.137256 0.176465 -1.170836 -1.185199 -0.096720 -0.096936 -0.353725 -0.354514 0.223560 0.909734 0.552564 1.223660 0.473330 0.786512
0.156863 0.117647 -1.105939 -1.381840 -0.091359 -0.113019 -0.334119 -0.413333 0.196078 0.643500 -0.356486 -0.580161 0.501013 0.890983
0.176472 0.058819 -1.041031 -1.578511 -0.085998 -0.129105 -0.314509 -0.472160 0.186016 0.321724 0.542502 0.901885 0.534491 0.983181
0.196078 0.058819 -0.976134 -1.578511 -0.080637 -0.129105 -0.294903 -0.472160 0.204710 0.291435 -0.337792 -0.610450 0.523194 1.012497
0.235294 0.000000 -0.846330 -1.775152 -0.069914 -0.145188 -0.255687 -0.530979 0.235294 0.000000 0.573086 0.610450 0.553569 1.122026
0.274509 0.000000 -0.716525 -1.775152 -0.059191 -0.145188 -0.216472 -0.530979 0.274509 0.000000 -0.298577 -0.610450 0.536584 1.183683
0.294119 0.000000 -0.651618 -1.775152 -0.053829 -0.145188 -0.196862 -0.530979 0.294119 0.000000 0.592695 0.610450 0.528978 1.215754
0.333334 0.000000 -0.521814 -1.775152 -0.043106 -0.145188 -0.157647 -0.530979 0.333334 0.000000 -0.259361 -0.610450 0.515669 1.282188
0.352941 0.058819 -0.456916 -1.578511 -0.037745 -0.129105 -0.138040 -0.472160 0.357808 0.165136 0.617169 0.775586 0.453673 1.286364
0.372550 0.117647 -0.392009 -1.381840 -0.032383 -0.113019 -0.118431 -0.413333 0.390684 0.305877 -0.226485 -0.469709 0.391669 1.291745
0.392156 0.235293 -0.327112 -0.988528 -0.027022 -0.080851 -0.098825 -0.295686 0.457329 0.540418 0.683813 1.010127 0.274122 1.248246
0.392156 0.294112 -0.327112 -0.791887 -0.027022 -0.064768 -0.098825 -0.236867 0.490192 0.643492 -0.193621 -0.366635 0.220281 1.175537
0.392156 0.352940 -0.327112 -0.595216 -0.027022 -0.048682 -0.098825 -0.178040 0.527592 0.732814 0.721213 1.099448 0.169770 1.064067
0.392156 0.411767 -0.327112 -0.398545 -0.027022 -0.032597 -0.098825 -0.119212 0.568629 0.809787 -0.152584 -0.289661 0.126654 0.878630
0.372550 0.411767 -0.392009 -0.398545 -0.032383 -0.032597 -0.118431 -0.119212 0.555289 0.835358 0.707873 1.125019 0.142481 0.788683
0.392156 0.352940 -0.327112 -0.595216 -0.027022 -0.048682 -0.098825 -0.178040 0.527592 0.732814 -0.180281 -0.392206 0.169770 1.064067
0.392156 0.294112 -0.327112 -0.791887 -0.027022 -0.064768 -0.098825 -0.236867 0.490192 0.643492 0.670473 1.035698 0.220281 1.175537
0.411766 0.235293 -0.262205 -0.988528 -0.021660 -0.080851 -0.079216 -0.295686 0.474251 0.519143 -0.196223 -0.516555 0.267678 1.309039
0.450981 0.176465 -0.132400 -1.185199 -0.010937 -0.096936 -0.040000 -0.354514 0.484277 0.372977 0.680500 0.889532 0.317049 1.458441
0.470588 0.117647 -0.067503 -1.381840 -0.005576 -0.113019 -0.020394 -0.413333 0.485070 0.244978 -0.195429 -0.644554 0.373891 1.521497
0.509803 0.117647 0.062301 -1.381840 0.005147 -0.113019 0.018822 -0.413333 0.523202 0.226798 0.718631 0.871352 0.373809 -1.525290
0.529412 0.117647 0.127209 -1.381840 0.010508 -0.113019 0.038431 -0.413333 0.542327 0.218668 -0.176304 -0.652685 0.375307 -1.478084
0.588237 0.117647 0.321920 -1.381840 0.026593 -0.113019 0.097256 -0.413333 0.599887 0.197394 0.776191 0.850079 0.385795 -1.339702
0.607844 0.176465 0.386817 -1.185199 0.031954 -0.096936 0.116863 -0.354514 0.632941 0.282547 -0.143250 -0.567532 0.335525 -1.252372
0.627453 0.294112 0.451725 -0.791887 0.037316 -0.064768 0.136472 -0.236867 0.692964 0.438328 0.836214 1.005860 0.239546 -1.048096
0.627453 0.352940 0.451725 -0.595216 0.037316 -0.048682 0.136472 -0.178040 0.719905 0.512386 -0.116309 -0.493473 0.194113 -0.916802
0.627453 0.411767 0.451725 -0.398545 0.037316 -0.032597 0.136472 -0.119212 0.750500 0.580758 0.866808 1.074231 0.157795 -0.717995
0.607844 0.529414 0.386817 -0.005233 0.031954 -0.000428 0.116863 -0.001565 0.806073 0.716543 -0.060736 -0.357688 0.123020 -0.013394
0.607844 0.588233 0.386817 0.191408 0.031954 0.015655 0.116863 0.057254 0.845867 0.769003 0.906603 1.126692 0.152035 0.455552
0.588237 0.588233 0.321920 0.191408 0.026593 0.015655 0.097256 0.057254 0.831890 0.785394 -0.074713 -0.341297 0.137538 0.532060
0.588237 0.647060 0.321920 0.388079 0.026593 0.031741 0.097256 0.116081 0.874477 0.832981 0.949190 1.174278 0.183901 0.873410
0.588237 0.705879 0.321920 0.584720 0.026593 0.047824 0.097256 0.174900 0.918852 0.876054 -0.030338 -0.298224 0.235881 1.063306
0.627453 0.705879 0.451725 0.584720 0.037316 0.047824 0.136472 0.174900 0.944438 0.844150 0.974776 1.142374 0.254570 0.908193
0.666669 0.764707 0.581529 0.781391 0.048039 0.063909 0.175688 0.233728 1.014507 0.853784 0.039730 -0.288590 0.325257 0.926223
0.745100 0.764707 0.841138 0.781391 0.069485 0.063909 0.254119 0.233728 1.067685 0.798384 1.027954 1.086974 0.373500 0.743624
0.764706 0.823526 0.906035 0.978032 0.074846 0.079992 0.273725 0.292547 1.123820 0.822416 0.095865 -0.264558 0.430710 0.818623
0.823531 0.882353 1.100747 1.174703 0.090931 0.096078 0.332550 0.351374 1.206959 0.819867 1.111094 1.084425 0.513578 0.812915
0.843137 0.882353 1.165644 1.174703 0.096292 0.096078 0.352156 0.351374 1.220421 0.808122 0.109327 -0.276303 0.526485 0.784286
0.843137 0.941172 1.165644 1.371344 0.096292 0.112161 0.352156 0.410193 1.263600 0.840286 1.154273 1.116589 0.571565 0.861380
0.823531 0.941172 1.100747 1.371344 0.090931 0.112161 0.332550 0.410193 1.250603 0.851963 0.096330 -0.264626 0.559698 0.889555
0.823531 0.882353 1.100747 1.174703 0.090931 0.096078 0.332550 0.351374 1.206959 0.819867 1.110629 1.084492 0.513578 0.812915
0.823531 0.823526 1.100747 0.978032 0.090931 0.079992 0.332550 0.292547 1.164645 0.785395 0.054016 -0.299097 0.470293 0.721490
0.823531 0.705879 1.100747 0.584720 0.090931 0.047824 0.332550 0.174900 1.084652 0.708623 1.030636 1.007721 0.395943 0.484180
0.843137 0.647060 1.165644 0.388079 0.096292 0.031741 0.352156 0.116081 1.062811 0.654572 0.032176 -0.353149 0.385195 0.318414
0.862747 0.588233 1.230551 0.191408 0.101653 0.015655 0.371766 0.057254 1.044198 0.598416 1.012023 0.951565 0.384275 0.152804
0.921569 0.529414 1.425253 -0.005233 0.117737 -0.000428 0.430588 -0.001565 1.062811 0.521436 0.050789 -0.430129 0.432299 -0.003635
0.960784 0.529414 1.555057 -0.005233 0.128460 -0.000428 0.469803 -0.001565 1.096989 0.503628 1.046201 0.933756 0.471373 -0.003332
1.000000 0.588233 1.684862 0.191408 0.139183 0.015655 0.509019 0.057254 1.160180 0.531722 0.113979 -0.402034 0.518226 0.112007
1.000000 0.647060 1.684862 0.388079 0.139183 0.031741 0.509019 0.116081 1.191087 0.574306 1.077107 0.976340 0.532411 0.224215
1.000000 0.764707 1.684862 0.781391 0.139183 0.063909 0.509019 0.233728 1.258879 0.652847 0.181772 -0.323493 0.577950 0.430456
0.980394 0.823526 1.619964 0.978032 0.133822 0.079992 0.489413 0.292547 1.280377 0.698657 1.098605 1.022150 0.591701 0.538764
0.960784 0.882353 1.555057 1.174703 0.128460 0.096078 0.469803 0.351374 1.304475 0.742871 0.205869 -0.279279 0.611463 0.642167
0.941178 0.941172 1.490160 1.371344 0.123099 0.112161 0.450197 0.410193 1.331023 0.785395 1.125153 1.064674 0.636671 0.738937
0.941178 1.000000 1.490160 1.568015 0.123099 0.128246 0.450197 0.469021 1.373250 0.815691 0.248097 -0.248983 0.679542 0.805873
0.921569 1.000000 1.425253 1.568015 0.117737 0.128246 0.430588 0.469021 1.359886 0.826192 1.111789 1.075175 0.666713 0.828094
