0.013332 0.387096 -1.899449 -0.149926 -0.147604 -0.010940 -0.557454 -0.041318 0.387325 1.536368 0.387325 1.536368 0.586938 0.073985
0.000000 0.354835 -1.944877 -0.266985 -0.151135 -0.019482 -0.570786 -0.073579 0.354835 1.570796 -0.032490 0.034428 0.610271 0.128201
0.013332 0.354835 -1.899449 -0.266985 -0.147604 -0.019482 -0.557454 -0.073579 0.355086 1.533241 0.387576 1.498813 0.597820 0.131232
0.053333 0.354835 -1.763152 -0.266985 -0.137013 -0.019482 -0.517453 -0.073579 0.358821 1.421609 -0.028755 -0.077204 0.560707 0.141247
0.080000 0.354835 -1.672289 -0.266985 -0.129952 -0.019482 -0.490786 -0.073579 0.363742 1.349048 0.392496 1.426251 0.536196 0.148812
0.133333 0.387096 -1.490563 -0.149926 -0.115830 -0.010940 -0.437453 -0.041318 0.409415 1.239080 0.016919 -0.187172 0.474455 0.094173
0.186666 0.387096 -1.308837 -0.149926 -0.101709 -0.010940 -0.384120 -0.041318 0.429753 1.121472 0.412834 1.308644 0.425782 0.107155
0.213333 0.419351 -1.217975 -0.032885 -0.094648 -0.002400 -0.357453 -0.009063 0.470496 1.100197 0.057662 -0.208447 0.388208 0.025349
0.253334 0.451612 -1.081677 0.084173 -0.084056 0.006142 -0.317452 0.023198 0.517814 1.059582 0.460152 1.268029 0.339085 -0.072944
0.280000 0.451612 -0.990814 0.084173 -0.076995 0.006142 -0.290786 0.023198 0.531369 1.015799 0.071217 -0.252230 0.314259 -0.079607
0.293332 0.451612 -0.945386 0.084173 -0.073465 0.006142 -0.277453 0.023198 0.538514 0.994756 0.467296 1.246986 0.301965 -0.083415
0.306667 0.451612 -0.899951 0.084173 -0.069934 0.006142 -0.264119 0.023198 0.545892 0.974270 0.078595 -0.272716 0.289761 -0.087605
0.319999 0.483867 -0.854523 0.201214 -0.066404 0.014683 -0.250787 0.055453 0.580109 0.986493 0.501514 1.259209 0.265422 -0.217615
0.319999 0.451612 -0.854523 0.084173 -0.066404 0.006142 -0.250787 0.023198 0.553491 0.954341 0.051977 -0.304868 0.277663 -0.092236
0.319999 0.419351 -0.854523 -0.032885 -0.066404 -0.002400 -0.250787 -0.009063 0.527499 0.918976 0.475522 1.223844 0.292962 0.036122
0.319999 0.387096 -0.854523 -0.149926 -0.066404 -0.010940 -0.250787 -0.041318 0.502238 0.880006 0.026716 -0.343838 0.310864 0.163288
0.306667 0.322580 -0.899951 -0.384026 -0.069934 -0.028023 -0.264119 -0.105834 0.445087 0.810682 0.418371 1.154520 0.362443 0.381116
0.306667 0.290319 -0.899951 -0.501084 -0.069934 -0.036565 -0.264119 -0.138095 0.422291 0.758022 0.003920 -0.396498 0.385254 0.481760
0.306667 0.225803 -0.899951 -0.735184 -0.069934 -0.053648 -0.264119 -0.202611 0.380830 0.634685 0.376910 1.031184 0.434479 0.654367
0.319999 0.193548 -0.854523 -0.852225 -0.066404 -0.062189 -0.250787 -0.234866 0.373979 0.543970 -0.002931 -0.487214 0.452993 0.752628
0.319999 0.129032 -0.854523 -1.086324 -0.066404 -0.079271 -0.250787 -0.299382 0.345034 0.383284 0.347965 0.870498 0.507977 0.873498
0.333333 0.096772 -0.809088 -1.203383 -0.062873 -0.087813 -0.237453 -0.331643 0.347096 0.282548 -0.000869 -0.587950 0.530164 0.949420
0.346666 0.064516 -0.763660 -1.320424 -0.059343 -0.096354 -0.224120 -0.363898 0.352618 0.183999 0.353487 0.771950 0.553660 1.018777
0.360000 0.032256 -0.718225 -1.437483 -0.055813 -0.104896 -0.210786 -0.396159 0.361442 0.089360 0.007955 -0.682590 0.578313 1.081819
0.373332 0.000000 -0.672797 -1.554524 -0.052282 -0.113437 -0.197454 -0.428414 0.373332 0.000000 0.365377 0.682590 0.603974 1.138920
0.399999 0.000000 -0.581935 -1.554524 -0.045222 -0.113437 -0.170787 -0.428414 0.399999 0.000000 0.034622 -0.682590 0.595789 1.191455
0.413333 0.000000 -0.536500 -1.554524 -0.041691 -0.113437 -0.157453 -0.428414 0.413333 0.000000 0.378711 0.682590 0.592105 1.218595
0.440000 0.032256 -0.445637 -1.437483 -0.034630 -0.104896 -0.130786 -0.396159 0.441180 0.073177 0.062469 -0.609412 0.554184 1.251926
0.453332 0.064516 -0.400209 -1.320424 -0.031100 -0.096354 -0.117454 -0.363898 0.457900 0.141366 0.395431 0.750778 0.519716 1.258586
0.466666 0.129032 -0.354774 -1.086324 -0.027569 -0.079271 -0.104120 -0.299382 0.484176 0.269758 0.088746 -0.481020 0.453858 1.236099
0.466666 0.193548 -0.354774 -0.852225 -0.027569 -0.062189 -0.104120 -0.234866 0.505211 0.393153 0.416466 0.874174 0.391343 1.153516
0.466666 0.258064 -0.354774 -0.618125 -0.027569 -0.045106 -0.104120 -0.170350 0.533268 0.505139 0.116802 -0.369034 0.329600 1.022176
0.466666 0.290319 -0.354774 -0.501084 -0.027569 -0.036565 -0.104120 -0.138095 0.549602 0.556521 0.432800 0.925556 0.299169 0.924758
0.466666 0.322580 -0.354774 -0.384026 -0.027569 -0.028023 -0.104120 -0.105834 0.567305 0.604825 0.134505 -0.320731 0.269160 0.793565
0.466666 0.354835 -0.354774 -0.266985 -0.027569 -0.019482 -0.104120 -0.073579 0.586247 0.650100 0.451742 0.970831 0.239741 0.615192
0.466666 0.387096 -0.354774 -0.149926 -0.027569 -0.010940 -0.104120 -0.041318 0.606317 0.692467 0.154575 -0.278364 0.211147 0.377776
0.466666 0.354835 -0.354774 -0.266985 -0.027569 -0.019482 -0.104120 -0.073579 0.586247 0.650100 0.431672 0.928464 0.239741 0.615192
0.466666 0.322580 -0.354774 -0.384026 -0.027569 -0.028023 -0.104120 -0.105834 0.567305 0.604825 0.135633 -0.323639 0.269160 0.793565
0.466666 0.290319 -0.354774 -0.501084 -0.027569 -0.036565 -0.104120 -0.138095 0.549602 0.556521 0.413969 0.880160 0.299169 0.924758
0.466666 0.225803 -0.354774 -0.735184 -0.027569 -0.053648 -0.104120 -0.202611 0.518425 0.450656 0.104456 -0.429504 0.360352 1.096099
0.479999 0.193548 -0.309346 -0.852225 -0.024039 -0.062189 -0.090787 -0.234866 0.517551 0.383284 0.413095 0.812788 0.388009 1.201939
0.493333 0.161287 -0.263911 -0.969283 -0.020508 -0.070731 -0.077453 -0.267127 0.519029 0.315981 0.105934 -0.496808 0.416759 1.288586
0.506665 0.096772 -0.218483 -1.203383 -0.016978 -0.087813 -0.064121 -0.331643 0.515824 0.188724 0.409890 0.685532 0.478332 1.379810
0.519999 0.064516 -0.173048 -1.320424 -0.013447 -0.096354 -0.050787 -0.363898 0.523986 0.123439 0.114096 -0.562093 0.508811 1.432130
0.573333 0.032256 0.008677 -1.437483 0.000674 -0.104896 0.002547 -0.396159 0.574239 0.056201 0.460143 0.618294 0.538536 -1.564368
0.586667 0.000000 0.054112 -1.554524 0.004205 -0.113437 0.015881 -0.428414 0.586667 0.000000 0.126524 -0.618294 0.571007 -1.533744
0.613333 0.000000 0.144975 -1.554524 0.011266 -0.113437 0.042548 -0.428414 0.613333 0.000000 0.486810 0.618294 0.572370 -1.471807
0.653332 0.032256 0.281266 -1.437483 0.021857 -0.104896 0.082546 -0.396159 0.654128 0.049331 0.167318 -0.568963 0.544820 -1.365369
0.679999 0.032256 0.372129 -1.437483 0.028918 -0.104896 0.109213 -0.396159 0.680764 0.047399 0.513445 0.616362 0.549493 -1.301798
0.693333 0.064516 0.417564 -1.320424 0.032448 -0.096354 0.122547 -0.363898 0.696328 0.092785 0.182883 -0.523577 0.520891 -1.245963
0.693333 0.193548 0.417564 -0.852225 0.032448 -0.062189 0.122547 -0.234866 0.719842 0.272226 0.536958 0.795803 0.396644 -1.089881
0.693333 0.258064 0.417564 -0.618125 0.032448 -0.045106 0.122547 -0.170350 0.739803 0.356320 0.202844 -0.439483 0.335876 -0.947179
0.679999 0.354835 0.372129 -0.266985 0.028918 -0.019482 0.109213 -0.073579 0.767012 0.480949 0.564167 0.920432 0.241996 -0.592869
0.666667 0.451612 0.326701 0.084173 0.025388 0.006142 0.095881 0.023198 0.805231 0.595409 0.241064 -0.325023 0.152956 0.237380
0.640000 0.612899 0.235838 0.669413 0.018327 0.048849 0.069214 0.184485 0.886141 0.763771 0.645077 1.088794 0.081019 1.211872
0.613333 0.677415 0.144975 0.903513 0.011266 0.065931 0.042548 0.249001 0.913821 0.835004 0.268745 -0.253790 0.114805 1.401558
0.599999 0.741931 0.099540 1.137613 0.007735 0.083014 0.029213 0.313517 0.954181 0.890773 0.685436 1.144563 0.173621 1.477885
0.586667 0.774192 0.054112 1.254671 0.004205 0.091556 0.015881 0.345777 0.971365 0.922335 0.285929 -0.222229 0.204025 1.524900
0.560000 0.806447 -0.036751 1.371712 -0.002856 0.100097 -0.010786 0.378033 0.981813 0.963836 0.695884 1.186064 0.235908 -1.542273
0.560000 0.838708 -0.036751 1.488771 -0.002856 0.108639 -0.010786 0.410293 1.008479 0.982083 0.312595 -0.203982 0.268139 -1.544515
0.573333 0.838708 0.008677 1.488771 0.000674 0.108639 0.002547 0.410293 1.015943 0.971169 0.703348 1.175150 0.267934 1.564589
0.599999 0.838708 0.099540 1.488771 0.007735 0.108639 0.029213 0.410293 1.031227 0.949819 0.327879 -0.225331 0.269510 1.499715
0.626666 0.838708 0.190403 1.488771 0.014796 0.108639 0.055880 0.410293 1.046967 0.929102 0.719088 1.154433 0.273687 1.435434
0.720000 0.870968 0.508427 1.605829 0.039509 0.117181 0.149214 0.442554 1.130038 0.880006 0.410950 -0.274428 0.335222 1.245601
0.773333 0.870968 0.690152 1.605829 0.053631 0.117181 0.202547 0.442554 1.164744 0.844706 0.753795 1.119134 0.362125 1.141576
0.813332 0.870968 0.826443 1.605829 0.064222 0.117181 0.242546 0.442554 1.191677 0.819604 0.437882 -0.299530 0.385925 1.069444
0.879999 0.903224 1.053604 1.722870 0.081875 0.125722 0.309213 0.474809 1.261036 0.798421 0.823154 1.097951 0.454013 0.993552
0.906666 0.903224 1.144467 1.722870 0.088935 0.125722 0.335880 0.474809 1.279787 0.783496 0.456634 -0.314455 0.472578 0.955121
0.919998 0.935484 1.189895 1.839929 0.092466 0.134264 0.349212 0.507070 1.312070 0.793744 0.855436 1.108199 0.504930 0.967703
0.933333 0.935484 1.235329 1.839929 0.095996 0.134264 0.362547 0.507070 1.321454 0.786549 0.466018 -0.321649 0.514242 0.950085
0.933333 0.903224 1.235329 1.722870 0.095996 0.125722 0.362547 0.474809 1.298816 0.769005 0.832798 1.090655 0.491889 0.918672
0.933333 0.806447 1.235329 1.371712 0.095996 0.100097 0.362547 0.378033 1.233477 0.712595 0.400680 -0.378059 0.432408 0.806306
0.933333 0.741931 1.235329 1.137613 0.095996 0.083014 0.362547 0.313517 1.192297 0.671640 0.791617 1.049699 0.400912 0.713003
0.933333 0.612899 1.235329 0.669413 0.095996 0.048849 0.362547 0.184485 1.116582 0.581056 0.324965 -0.468644 0.364984 0.470709
0.919998 0.516128 1.189895 0.318273 0.092466 0.023225 0.349212 0.087713 1.054886 0.511257 0.729921 0.979900 0.353464 0.246085
0.919998 0.451612 1.189895 0.084173 0.092466 0.006142 0.349212 0.023198 1.024866 0.456328 0.294944 -0.523572 0.368987 0.066331
0.933333 0.419351 1.235329 -0.032885 0.095996 -0.002400 0.362547 -0.009063 1.023213 0.422276 0.728269 0.945849 0.392903 -0.024993
0.946665 0.354835 1.280757 -0.266985 0.099526 -0.019482 0.375879 -0.073579 1.010981 0.358619 0.282712 -0.587230 0.433497 -0.193307
0.959999 0.354835 1.326192 -0.266985 0.103057 -0.019482 0.389213 -0.073579 1.023478 0.354046 0.740765 0.941276 0.445108 -0.186840
0.973333 0.354835 1.371627 -0.266985 0.106588 -0.019482 0.402547 -0.073579 1.035995 0.349584 0.295230 -0.591692 0.456814 -0.180787
1.000000 0.354835 1.462490 -0.266985 0.113649 -0.019482 0.429214 -0.073579 1.061088 0.340976 0.765858 0.932668 0.480478 -0.169777
1.000000 0.387096 1.462490 -0.149926 0.113649 -0.010940 0.429214 -0.041318 1.072307 0.369333 0.306449 -0.563335 0.466869 -0.095970
1.000000 0.516128 1.462490 0.318273 0.113649 0.023225 0.429214 0.087713 1.125339 0.476466 0.818890 1.039802 0.432680 0.201583
1.000000 0.580644 1.462490 0.552373 0.113649 0.040308 0.429214 0.152229 1.156351 0.526065 0.337461 -0.513736 0.429327 0.340829
0.973333 0.709676 1.371627 1.020572 0.106588 0.074473 0.402547 0.281261 1.204582 0.630003 0.867121 1.143739 0.425834 0.609855
0.946665 0.838708 1.280757 1.488771 0.099526 0.108639 0.375879 0.410293 1.264755 0.725004 0.397634 -0.418735 0.461592 0.829145
0.933333 0.903224 1.235329 1.722870 0.095996 0.125722 0.362547 0.474809 1.298816 0.769005 0.901182 1.187740 0.491889 0.918672
0.906666 1.000000 1.144467 2.074029 0.088935 0.151346 0.335880 0.571586 1.349831 0.834311 0.448649 -0.353430 0.545014 1.039523
0.893332 1.000000 1.099032 2.074029 0.085405 0.151346 0.322546 0.571586 1.340911 0.841678 0.892262 1.195107 0.536899 1.057041
