0.000000 0.843748 -1.409264 1.147635 -0.085757 0.060624 -0.480841 0.339918 0.843748 1.570796 0.843748 1.570796 0.602420 -0.615357
0.015153 0.843748 -1.364854 1.147635 -0.083055 0.060624 -0.465689 0.339918 0.843884 1.552840 0.000136 -0.017957 0.590396 -0.630529
0.045456 0.843748 -1.276042 1.147635 -0.077650 0.060624 -0.435386 0.339918 0.844972 1.516975 0.844836 1.534932 0.566800 -0.662878
0.075759 0.843748 -1.187229 1.147635 -0.072246 0.060624 -0.405083 0.339918 0.847143 1.481248 0.002307 -0.053683 0.543869 -0.698150
0.106062 0.843748 -1.098416 1.147635 -0.066841 0.060624 -0.374780 0.339918 0.850388 1.445749 0.848082 1.499433 0.521691 -0.736658
0.136364 0.843748 -1.009603 1.147635 -0.061437 0.060624 -0.344477 0.339918 0.854697 1.410564 0.006615 -0.088868 0.500366 -0.778737
0.151515 0.843748 -0.965200 1.147635 -0.058735 0.060624 -0.329326 0.339918 0.857244 1.393117 0.850629 1.481985 0.490059 -0.801222
0.181818 0.843748 -0.876387 1.147635 -0.053330 0.060624 -0.299023 0.339918 0.863116 1.358554 0.012487 -0.123431 0.470230 -0.849314
0.196970 0.843748 -0.831977 1.147635 -0.050628 0.060624 -0.283871 0.339918 0.866434 1.341457 0.853948 1.464888 0.460743 -0.875006
0.212121 0.843748 -0.787574 1.147635 -0.047926 0.060624 -0.268721 0.339918 0.870004 1.324498 0.016056 -0.140390 0.451567 -0.901847
0.227273 0.843748 -0.743165 1.147635 -0.045223 0.060624 -0.253568 0.339918 0.873822 1.307680 0.857766 1.448070 0.442717 -0.929880
0.242424 0.843748 -0.698761 1.147635 -0.042521 0.060624 -0.238418 0.339918 0.877884 1.291015 0.020118 -0.157055 0.434217 -0.959133
0.227273 0.812501 -0.743165 1.042137 -0.045223 0.055051 -0.253568 0.308670 0.843689 1.298047 0.823571 1.455102 0.417486 -0.883091
0.212121 0.812501 -0.787574 1.042137 -0.047926 0.055051 -0.268721 0.308670 0.839734 1.315425 0.016163 -0.139677 0.426859 -0.854478
0.196970 0.781249 -0.831977 0.936623 -0.050628 0.049477 -0.283871 0.277418 0.805696 1.323821 0.789533 1.463498 0.413313 -0.773902
0.181818 0.750001 -0.876387 0.831124 -0.053330 0.043904 -0.299023 0.246170 0.771725 1.332961 -0.017808 -0.130536 0.402321 -0.688756
0.166667 0.718749 -0.920790 0.725610 -0.056032 0.038330 -0.314174 0.214918 0.737820 1.342938 0.755628 1.473474 0.394088 -0.599957
0.151515 0.687501 -0.965200 0.620112 -0.058735 0.032757 -0.329326 0.183671 0.703999 1.353879 -0.051629 -0.119595 0.388799 -0.508748
0.151515 0.656249 -0.965200 0.514598 -0.058735 0.027184 -0.329326 0.152418 0.673513 1.343892 0.725142 1.463487 0.373127 -0.433463
0.136364 0.625002 -1.009603 0.409099 -0.061437 0.021611 -0.344477 0.121171 0.639705 1.355980 -0.085437 -0.107507 0.373425 -0.338236
0.121212 0.593750 -1.054013 0.303585 -0.064139 0.016037 -0.359629 0.089919 0.605996 1.369417 0.691433 1.476924 0.376937 -0.245008
0.121212 0.562502 -1.054013 0.198087 -0.064139 0.010464 -0.359629 0.058671 0.575414 1.358555 -0.116019 -0.118369 0.368784 -0.161719
0.106062 0.500002 -1.098416 -0.012926 -0.066841 -0.000683 -0.374780 -0.003828 0.511128 1.361773 0.627146 1.480142 0.375269 0.010215
0.106062 0.468750 -1.098416 -0.118440 -0.066841 -0.006257 -0.374780 -0.035081 0.480599 1.348279 -0.146547 -0.131863 0.374975 0.093332
0.106062 0.437503 -1.098416 -0.223938 -0.066841 -0.011830 -0.374780 -0.066328 0.450175 1.332960 0.596722 1.464823 0.377277 0.175165
0.090909 0.406250 -1.142826 -0.329453 -0.069544 -0.017403 -0.389932 -0.097580 0.416298 1.350648 -0.180424 -0.114176 0.397003 0.245214
0.090909 0.375003 -1.142826 -0.434951 -0.069544 -0.022976 -0.389932 -0.128828 0.385865 1.332963 0.566289 1.447138 0.404041 0.319095
0.090909 0.343751 -1.142826 -0.540465 -0.069544 -0.028550 -0.389932 -0.160080 0.355569 1.312254 -0.210721 -0.134885 0.413329 0.389553
0.090909 0.312499 -1.142826 -0.645979 -0.069544 -0.034124 -0.389932 -0.191332 0.325453 1.287700 0.536174 1.422584 0.424719 0.456164
0.075759 0.281251 -1.187229 -0.751478 -0.072246 -0.039697 -0.405083 -0.222580 0.291276 1.307679 -0.244898 -0.114906 0.451584 0.502434
0.075759 0.218751 -1.187229 -0.962490 -0.072246 -0.050843 -0.405083 -0.285080 0.231498 1.237401 0.476397 1.352307 0.482476 0.613243
0.075759 0.187499 -1.187229 -1.068004 -0.072246 -0.056417 -0.405083 -0.316332 0.202226 1.186806 -0.274171 -0.165502 0.500142 0.662990
0.090909 0.156252 -1.142826 -1.173503 -0.069544 -0.061990 -0.389932 -0.347579 0.180773 1.043859 0.454944 1.209360 0.507352 0.728034
0.090909 0.124999 -1.142826 -1.279017 -0.069544 -0.067564 -0.389932 -0.378831 0.154562 0.941999 -0.300382 -0.267361 0.527893 0.770959
0.090909 0.093752 -1.142826 -1.384515 -0.069544 -0.073137 -0.389932 -0.410079 0.130590 0.800793 0.430973 1.068154 0.549441 0.810576
0.106062 0.062500 -1.098416 -1.490030 -0.066841 -0.078711 -0.374780 -0.441331 0.123107 0.532498 -0.307866 -0.535656 0.561667 0.866765
0.121212 0.031252 -1.054013 -1.595528 -0.064139 -0.084284 -0.359629 -0.472579 0.125176 0.252336 0.433042 0.787991 0.575729 0.920296
0.136364 0.031252 -1.009603 -1.595528 -0.061437 -0.084284 -0.344477 -0.472579 0.139900 0.225291 -0.293142 -0.562701 0.566387 0.940917
0.151515 0.031252 -0.965200 -1.595528 -0.058735 -0.084284 -0.329326 -0.472579 0.154704 0.203412 0.447847 0.766113 0.557303 0.962173
0.166667 0.031252 -0.920790 -1.595528 -0.056032 -0.084284 -0.314174 -0.472579 0.169572 0.185360 -0.278274 -0.580753 0.548485 0.984082
0.181818 0.031252 -0.876387 -1.595528 -0.053330 -0.084284 -0.299023 -0.472579 0.184484 0.170224 0.462759 0.750977 0.539949 1.006644
0.196970 0.031252 -0.831977 -1.595528 -0.050628 -0.084284 -0.283871 -0.472579 0.199434 0.157353 -0.263324 -0.593624 0.531708 1.029873
0.212121 0.031252 -0.787574 -1.595528 -0.047926 -0.084284 -0.268721 -0.472579 0.214411 0.146280 0.477735 0.739904 0.523776 1.053765
0.227273 0.031252 -0.743165 -1.595528 -0.045223 -0.084284 -0.253568 -0.472579 0.229412 0.136652 -0.248323 -0.603252 0.516166 1.078328
0.242424 0.031252 -0.698761 -1.595528 -0.042521 -0.084284 -0.238418 -0.472579 0.244430 0.128209 0.492753 0.731460 0.508894 1.103552
0.272727 0.093752 -0.609949 -1.384515 -0.037117 -0.073137 -0.208115 -0.410079 0.288391 0.331103 -0.204362 -0.400357 0.439488 1.101168
0.287879 0.124999 -0.565539 -1.279017 -0.034414 -0.067564 -0.192962 -0.378831 0.313846 0.409644 0.518208 0.810001 0.404793 1.099688
0.303032 0.156252 -0.521129 -1.173503 -0.031712 -0.061990 -0.177809 -0.347579 0.340944 0.476071 -0.177264 -0.333930 0.370101 1.097940
0.318182 0.218751 -0.476726 -0.962490 -0.029010 -0.050843 -0.162659 -0.285080 0.386124 0.602290 0.563388 0.936219 0.308462 1.052295
0.333335 0.249999 -0.432316 -0.856992 -0.026308 -0.045271 -0.147506 -0.253832 0.416667 0.643497 -0.146721 -0.292723 0.273946 1.044376
0.333335 0.281251 -0.432316 -0.751478 -0.026308 -0.039697 -0.147506 -0.222580 0.436136 0.700854 0.582857 0.993577 0.248182 0.985536
0.348485 0.375003 -0.387913 -0.434951 -0.023605 -0.022976 -0.132356 -0.128828 0.511927 0.822034 -0.070930 -0.171542 0.169469 0.771891
0.348485 0.406250 -0.387913 -0.329453 -0.023605 -0.017403 -0.132356 -0.097580 0.535240 0.861786 0.606169 1.033328 0.151927 0.635295
0.363638 0.437503 -0.343503 -0.223938 -0.020903 -0.011830 -0.117203 -0.066328 0.568895 0.877338 -0.037275 -0.155991 0.124959 0.514986
0.363638 0.500002 -0.343503 -0.012926 -0.020903 -0.000683 -0.117203 -0.003828 0.618251 0.942000 0.655526 1.097991 0.118759 0.032654
0.363638 0.531250 -0.343503 0.092573 -0.020903 0.004890 -0.117203 0.027419 0.643785 0.970552 -0.011741 -0.127439 0.127584 -0.229811
0.363638 0.562502 -0.343503 0.198087 -0.020903 0.010464 -0.117203 0.058671 0.669807 0.996910 0.681548 1.124349 0.142847 -0.464122
0.363638 0.593750 -0.343503 0.303585 -0.020903 0.016037 -0.117203 0.089919 0.696255 1.021278 0.014707 -0.103071 0.162742 -0.654420
0.363638 0.625002 -0.343503 0.409099 -0.020903 0.021611 -0.117203 0.121171 0.723090 1.043853 0.708383 1.146924 0.185793 -0.802041
0.363638 0.656249 -0.343503 0.514598 -0.020903 0.027184 -0.117203 0.152418 0.750264 1.064799 0.041880 -0.082125 0.210961 -0.915272
0.363638 0.687501 -0.343503 0.620112 -0.020903 0.032757 -0.117203 0.183671 0.777747 1.084276 0.735867 1.166401 0.237582 -1.002820
0.363638 0.718749 -0.343503 0.725610 -0.020903 0.038330 -0.117203 0.214918 0.805501 1.102415 0.069634 -0.063986 0.265211 -1.071538
0.363638 0.687501 -0.343503 0.620112 -0.020903 0.032757 -0.117203 0.183671 0.777747 1.084276 0.708113 1.148262 0.237582 -1.002820
0.363638 0.656249 -0.343503 0.514598 -0.020903 0.027184 -0.117203 0.152418 0.750264 1.064799 0.042151 -0.083463 0.210961 -0.915272
0.363638 0.593750 -0.343503 0.303585 -0.020903 0.016037 -0.117203 0.089919 0.696255 1.021278 0.654104 1.104741 0.162742 -0.654420
0.378788 0.531250 -0.299100 0.092573 -0.018201 0.004890 -0.102053 0.027419 0.652462 0.951390 -0.001642 -0.153351 0.113824 -0.262476
0.378788 0.468750 -0.299100 -0.118440 -0.018201 -0.006257 -0.102053 -0.035081 0.602667 0.891147 0.604309 1.044498 0.102767 0.331096
0.393941 0.375003 -0.254691 -0.434951 -0.015499 -0.022976 -0.086900 -0.128828 0.543890 0.760775 -0.060418 -0.283723 0.136943 0.977358
0.393941 0.343751 -0.254691 -0.540465 -0.015499 -0.028550 -0.086900 -0.160080 0.522833 0.717466 0.583251 1.001190 0.162313 1.073454
0.393941 0.312499 -0.254691 -0.645979 -0.015499 -0.034124 -0.086900 -0.191332 0.502837 0.670619 -0.080414 -0.330570 0.189449 1.144467
0.409091 0.249999 -0.210287 -0.856992 -0.012797 -0.045271 -0.071750 -0.253832 0.479432 0.548547 0.559846 0.879117 0.241736 1.295316
0.409091 0.218751 -0.210287 -0.962490 -0.012797 -0.050843 -0.071750 -0.285080 0.463905 0.491040 -0.095942 -0.388077 0.271734 1.324233
0.409091 0.156252 -0.210287 -1.173503 -0.012797 -0.061990 -0.071750 -0.347579 0.437916 0.364848 0.533857 0.752925 0.332425 1.367228
0.409091 0.124999 -0.210287 -1.279017 -0.012797 -0.067564 -0.071750 -0.378831 0.427762 0.296544 -0.106095 -0.456381 0.363003 1.383615
0.424244 0.093752 -0.165878 -1.384515 -0.010094 -0.073137 -0.056597 -0.410079 0.434479 0.217491 0.540574 0.673872 0.391205 1.433647
0.424244 0.062500 -0.165878 -1.490030 -0.010094 -0.078711 -0.056597 -0.441331 0.428823 0.146268 -0.111752 -0.527603 0.422153 1.443250
0.424244 0.031252 -0.165878 -1.595528 -0.010094 -0.084284 -0.056597 -0.472579 0.425393 0.073533 0.537145 0.601136 0.453137 1.451601
0.439394 0.000000 -0.121475 -1.701042 -0.007392 -0.089857 -0.041447 -0.503831 0.439394 0.000000 -0.097751 -0.601136 0.482624 1.488717
0.454547 0.000000 -0.077065 -1.701042 -0.004690 -0.089857 -0.026295 -0.503831 0.454547 0.000000 0.552297 0.601136 0.481560 1.518654
0.469697 0.000000 -0.032662 -1.701042 -0.001988 -0.089857 -0.011144 -0.503831 0.469697 0.000000 -0.082600 -0.601136 0.480970 1.548681
0.484850 0.000000 0.011748 -1.701042 0.000715 -0.089857 0.004008 -0.503831 0.484850 0.000000 0.567450 0.601136 0.480858 -1.562841
0.500000 0.000000 0.056151 -1.701042 0.003417 -0.089857 0.019159 -0.503831 0.500000 0.000000 -0.067450 -0.601136 0.481223 -1.532788
0.515153 0.031252 0.100561 -1.595528 0.006119 -0.084284 0.034311 -0.472579 0.516100 0.060592 0.583550 0.661728 0.450896 -1.498319
0.530303 0.062500 0.144964 -1.490030 0.008821 -0.078711 0.049462 -0.441331 0.533973 0.117315 -0.049577 -0.544413 0.421255 -1.459188
0.545456 0.093752 0.189374 -1.384515 0.011524 -0.073137 0.064614 -0.410079 0.553454 0.170215 0.603030 0.714628 0.392445 -1.414516
0.560606 0.124999 0.233777 -1.279017 0.014226 -0.067564 0.079765 -0.378831 0.574373 0.219383 -0.028658 -0.495244 0.364672 -1.363273
0.560606 0.156252 0.233777 -1.173503 0.014226 -0.061990 0.079765 -0.347579 0.581974 0.271821 0.610632 0.767065 0.334247 -1.345216
0.575759 0.156252 0.278187 -1.173503 0.016928 -0.061990 0.094917 -0.347579 0.596584 0.265001 -0.014048 -0.502064 0.338183 -1.304215
0.575759 0.249999 0.278187 -0.856992 0.016928 -0.045271 0.094917 -0.253832 0.627692 0.409644 0.641740 0.911707 0.249595 -1.212958
0.590909 0.312499 0.322590 -0.645979 0.019630 -0.034124 0.110068 -0.191332 0.668452 0.486456 0.026713 -0.425252 0.201132 -1.048760
0.590909 0.343751 0.322590 -0.540465 0.019630 -0.028550 0.110068 -0.160080 0.683621 0.526879 0.656908 0.952131 0.175809 -0.968456
0.590909 0.437503 0.322590 -0.223938 0.019630 -0.011830 0.110068 -0.066328 0.735243 0.637322 0.078334 -0.314809 0.118293 -0.542339
0.590909 0.500002 0.322590 -0.012926 0.019630 -0.000683 0.110068 -0.003828 0.774064 0.702259 0.695730 1.017068 0.111723 -0.034769
0.590909 0.562502 0.322590 0.198087 0.019630 0.010464 0.110068 0.058671 0.815832 0.760775 0.120102 -0.256294 0.137052 0.489734
0.590909 0.593750 0.322590 0.303585 0.019630 0.016037 0.110068 0.089919 0.837682 0.787796 0.717581 1.044090 0.157681 0.684986
0.590909 0.687501 0.322590 0.620112 0.019630 0.032757 0.110068 0.183671 0.906549 0.860812 0.188969 -0.183278 0.234144 1.030916
0.575759 0.718749 0.278187 0.725610 0.016928 0.038330 0.094917 0.214918 0.920922 0.895411 0.731954 1.078690 0.256143 1.154913
0.575759 0.750001 0.278187 0.831124 0.016928 0.043904 0.094917 0.246170 0.945516 0.916078 0.213562 -0.162612 0.285406 1.202786
0.560606 0.812501 0.233777 1.042137 0.014226 0.055051 0.079765 0.308670 0.987136 0.966830 0.773574 1.129442 0.341117 1.317914
0.545456 0.875001 0.189374 1.253150 0.011524 0.066198 0.064614 0.371170 1.031091 1.013365 0.257517 -0.116077 0.399420 1.398441
0.530303 0.875001 0.144964 1.253150 0.008821 0.066198 0.049462 0.371170 1.023156 1.025933 0.765639 1.142010 0.397251 1.438318
0.515153 0.906248 0.100561 1.358648 0.006119 0.071771 0.034311 0.402417 1.042434 1.053902 0.276795 -0.088108 0.426788 1.485739
0.500000 0.906248 0.056151 1.358648 0.003417 0.071771 0.019159 0.402417 1.035029 1.066629 0.758234 1.154737 0.425838 1.523223
0.484850 0.906248 0.011748 1.358648 0.000715 0.071771 0.004008 0.402417 1.027796 1.079536 0.269562 -0.075201 0.425426 1.560836
0.469697 0.906248 -0.032662 1.358648 -0.001988 0.071771 -0.011144 0.402417 1.020735 1.092626 0.751174 1.167827 0.425553 -1.543110
0.454547 0.906248 -0.077065 1.358648 -0.004690 0.071771 -0.026295 0.402417 1.013853 1.105894 0.262680 -0.061933 0.426219 -1.505548
0.439394 0.906248 -0.121475 1.358648 -0.007392 0.071771 -0.041447 0.402417 1.007151 1.119342 0.744471 1.181276 0.427421 -1.468163
0.454547 0.906248 -0.077065 1.358648 -0.004690 0.071771 -0.026295 0.402417 1.013853 1.105894 0.269382 -0.075382 0.426219 -1.505548
0.469697 0.906248 -0.032662 1.358648 -0.001988 0.071771 -0.011144 0.402417 1.020735 1.092626 0.751354 1.168008 0.425553 -1.543110
0.500000 0.906248 0.056151 1.358648 0.003417 0.071771 0.019159 0.402417 1.035029 1.066629 0.283676 -0.101379 0.425838 1.523223
0.545456 0.906248 0.189374 1.358648 0.011524 0.071771 0.064614 0.402417 1.057737 1.028993 0.774061 1.130372 0.430286 1.411590
0.575759 0.937500 0.278187 1.464162 0.016928 0.077344 0.094917 0.433669 1.100184 1.020043 0.326123 -0.110329 0.466419 1.355324
0.636364 0.968748 0.455812 1.569660 0.027737 0.082917 0.155523 0.464917 1.159065 0.989590 0.832942 1.099919 0.512094 1.247980
0.651515 0.968748 0.500215 1.569660 0.030439 0.082917 0.170674 0.464917 1.167452 0.978743 0.334509 -0.121175 0.516897 1.218965
0.666667 0.968748 0.544625 1.569660 0.033142 0.082917 0.185826 0.464917 1.175975 0.968051 0.841466 1.089227 0.522096 1.190551
0.727273 0.968748 0.722251 1.569660 0.043951 0.082917 0.246432 0.464917 1.211362 0.926825 0.369897 -0.162402 0.546609 1.083394
0.742424 0.968748 0.766654 1.569660 0.046653 0.082917 0.261582 0.464917 1.220518 0.916898 0.850622 1.079300 0.553605 1.058298
0.787879 1.000000 0.899876 1.675175 0.054760 0.088491 0.307038 0.496169 1.273088 0.903490 0.422466 -0.175810 0.603157 1.016655
0.803032 1.000000 0.944286 1.675175 0.057462 0.088491 0.322191 0.496169 1.282521 0.894209 0.860055 1.070019 0.611010 0.994874
0.863638 1.000000 1.121912 1.675175 0.068271 0.088491 0.382797 0.496169 1.321314 0.858438 0.461259 -0.211581 0.645026 0.913674
0.878788 1.000000 1.166315 1.675175 0.070973 0.088491 0.397947 0.496169 1.331266 0.849825 0.870007 1.061406 0.654131 0.894813
0.909091 1.000000 1.255128 1.675175 0.076378 0.088491 0.428250 0.496169 1.351461 0.832981 0.481454 -0.228425 0.672996 0.858739
0.939394 1.000000 1.343941 1.675175 0.081782 0.088491 0.458553 0.496169 1.372028 0.816638 0.890574 1.045063 0.692673 0.824778
0.954547 0.968748 1.388351 1.569660 0.084485 0.082917 0.473705 0.464917 1.360012 0.792782 0.469438 -0.252281 0.680037 0.776035
0.984850 0.906248 1.477163 1.358648 0.089889 0.071771 0.504008 0.402417 1.338363 0.743858 0.868925 0.996139 0.659542 0.673785
0.984850 0.875001 1.477163 1.253150 0.089889 0.066198 0.504008 0.371170 1.317405 0.726403 0.448480 -0.269736 0.639833 0.634763
1.000000 0.812501 1.521566 1.042137 0.092591 0.055051 0.519159 0.308670 1.288471 0.682317 0.839991 0.952053 0.616055 0.536408
1.000000 0.781249 1.521566 0.936623 0.092591 0.049477 0.519159 0.277418 1.268995 0.663202 0.429004 -0.288851 0.599809 0.490757
1.000000 0.718749 1.521566 0.725610 0.092591 0.038330 0.519159 0.214918 1.231503 0.623199 0.802499 0.912049 0.571074 0.392494
1.000000 0.656249 1.521566 0.514598 0.092591 0.027184 0.519159 0.152418 1.196103 0.580756 0.393604 -0.331293 0.547991 0.285563
1.000000 0.562502 1.521566 0.198087 0.092591 0.010464 0.519159 0.058671 1.147348 0.512391 0.753744 0.843685 0.525542 0.112535
1.000000 0.468750 1.521566 -0.118440 0.092591 -0.006257 0.519159 -0.035081 1.104412 0.438337 0.350668 -0.405348 0.519300 -0.067470
0.984850 0.375003 1.477163 -0.434951 0.089889 -0.022976 0.504008 -0.128828 1.053829 0.363821 0.703161 0.769169 0.515001 -0.250248
0.984850 0.281251 1.477163 -0.751478 0.089889 -0.039697 0.504008 -0.222580 1.024222 0.278173 0.321061 -0.490996 0.542089 -0.415863
0.969697 0.156252 1.432754 -1.173503 0.087187 -0.061990 0.488856 -0.347579 0.982205 0.159761 0.661144 0.650757 0.586804 -0.618074
0.954547 0.093752 1.388351 -1.384515 0.084485 -0.073137 0.473705 -0.410079 0.959140 0.097902 0.297996 -0.552855 0.611748 -0.713529
0.954547 0.062500 1.388351 -1.490030 0.084485 -0.078711 0.473705 -0.441331 0.956591 0.065382 0.658595 0.618237 0.631986 -0.750033
0.939394 0.000000 1.343941 -1.701042 0.081782 -0.089857 0.458553 -0.503831 0.939394 0.000000 0.280799 -0.618237 0.664439 -0.832411
0.924244 0.000000 1.299538 -1.701042 0.079080 -0.089857 0.443403 -0.503831 0.924244 0.000000 0.643445 0.618237 0.654075 -0.849106
0.893941 0.000000 1.210725 -1.701042 0.073676 -0.089857 0.413100 -0.503831 0.893941 0.000000 0.250496 -0.618237 0.633924 -0.884028
0.878788 0.000000 1.166315 -1.701042 0.070973 -0.089857 0.397947 -0.503831 0.878788 0.000000 0.628292 0.618237 0.624155 -0.902280
0.863638 0.000000 1.121912 -1.701042 0.068271 -0.089857 0.382797 -0.503831 0.863638 0.000000 0.235346 -0.618237 0.614607 -0.921070
0.848485 0.031252 1.077502 -1.595528 0.065569 -0.084284 0.367644 -0.472579 0.849061 0.036816 0.613715 0.655054 0.580769 -0.909644
0.848485 0.124999 1.077502 -1.279017 0.065569 -0.067564 0.367644 -0.378831 0.857643 0.146269 0.243929 -0.508785 0.511650 -0.800384
0.833335 0.218751 1.033099 -0.962490 0.062867 -0.050843 0.352494 -0.285080 0.861568 0.256709 0.617639 0.765494 0.439253 -0.680054
0.833335 0.375003 1.033099 -0.434951 0.062867 -0.022976 0.352494 -0.128828 0.913824 0.422856 0.296185 -0.342638 0.368040 -0.350395
0.833335 0.468750 1.033099 -0.118440 0.062867 -0.006257 0.352494 -0.035081 0.956124 0.512389 0.659940 0.855027 0.352701 -0.099195
0.833335 0.593750 1.033099 0.303585 0.062867 0.016037 0.352494 0.089919 1.023223 0.619065 0.363283 -0.235962 0.370135 0.249766
0.848485 0.656249 1.077502 0.514598 0.065569 0.027184 0.367644 0.152418 1.072656 0.658332 0.709372 0.894295 0.407345 0.393013
0.848485 0.718749 1.077502 0.725610 0.065569 0.038330 0.367644 0.214918 1.111992 0.702806 0.402620 -0.191488 0.437907 0.529006
0.863638 0.812501 1.121912 1.042137 0.068271 0.055051 0.382797 0.308670 1.185761 0.754899 0.783140 0.946387 0.506489 0.678604
0.878788 0.843748 1.166315 1.147635 0.070973 0.060624 0.397947 0.339918 1.218269 0.765059 0.435129 -0.181328 0.538575 0.706915
0.878788 0.906248 1.166315 1.358648 0.070973 0.071771 0.397947 0.402417 1.262361 0.800780 0.827232 0.982109 0.582523 0.790983
0.893941 0.937500 1.210725 1.464162 0.073676 0.077344 0.413100 0.433669 1.295391 0.809178 0.468159 -0.172931 0.615783 0.809686
0.924244 1.000000 1.299538 1.675175 0.079080 0.088491 0.443403 0.496169 1.361700 0.824747 0.893541 0.997678 0.682738 0.841500
