0.000000 0.833329 -1.648824 0.837894 -0.168142 0.077107 -0.529448 0.242796 0.833329 1.570796 0.833329 1.570796 0.610458 -0.429969
0.032789 0.833329 -1.546710 0.837894 -0.157729 0.077107 -0.496659 0.242796 0.833974 1.531469 0.000645 -0.039327 0.582249 -0.454695
0.065576 0.833329 -1.444605 0.837894 -0.147317 0.077107 -0.463872 0.242796 0.835905 1.492267 0.835260 1.531594 0.554546 -0.482201
0.147542 0.833329 -1.189344 0.837894 -0.121286 0.077107 -0.381906 0.242796 0.846290 1.395561 0.011029 -0.136032 0.488053 -0.566290
0.180328 0.833329 -1.087239 0.837894 -0.110873 0.077107 -0.349119 0.242796 0.852617 1.357687 0.841588 1.493719 0.462848 -0.607667
0.213115 0.833329 -0.985133 0.837894 -0.100461 0.077107 -0.316333 0.242796 0.860149 1.320423 0.018561 -0.173296 0.438646 -0.654628
0.245902 0.833329 -0.883028 0.837894 -0.090049 0.077107 -0.283546 0.242796 0.868853 1.283856 0.850292 1.457152 0.415623 -0.708131
0.245902 0.777778 -0.883028 0.646185 -0.090049 0.059465 -0.283546 0.187244 0.815724 1.264581 -0.034568 -0.192571 0.376916 -0.583629
0.245902 0.722218 -0.883028 0.454447 -0.090049 0.041820 -0.283546 0.131685 0.762933 1.242626 0.797501 1.435197 0.342868 -0.434781
0.245902 0.555556 -0.883028 -0.120709 -0.090049 -0.011108 -0.283546 -0.034978 0.607544 1.154094 -0.189957 -0.281104 0.284745 0.122739
0.245902 0.388885 -0.883028 -0.695895 -0.090049 -0.064040 -0.283546 -0.201649 0.460108 1.006946 0.650065 1.288050 0.316475 0.618182
0.245902 0.333333 -0.883028 -0.887604 -0.090049 -0.081682 -0.283546 -0.257200 0.414221 0.935210 -0.235844 -0.352840 0.344760 0.736716
0.245902 0.277774 -0.883028 -1.079342 -0.090049 -0.099326 -0.283546 -0.312760 0.370980 0.846185 0.606823 1.199024 0.379128 0.834351
0.262297 0.111111 -0.831971 -1.654498 -0.084842 -0.152255 -0.267151 -0.479422 0.284860 0.400692 -0.321964 -0.798333 0.496362 1.062415
0.311475 0.111111 -0.678816 -1.654498 -0.069224 -0.152255 -0.217972 -0.479422 0.330700 0.342653 0.652664 1.140986 0.471718 1.144077
0.344262 0.111111 -0.576711 -1.654498 -0.058811 -0.152255 -0.185186 -0.479422 0.361749 0.312197 -0.290915 -0.828789 0.457492 1.202184
0.360657 0.166662 -0.525654 -1.462789 -0.053605 -0.134613 -0.168791 -0.423871 0.397303 0.432877 0.688218 1.261667 0.400129 1.191831
0.393444 0.333333 -0.423549 -0.887604 -0.043192 -0.081682 -0.136004 -0.257200 0.515664 0.702878 -0.172554 -0.558789 0.238659 1.084385
0.393444 0.444444 -0.423549 -0.504157 -0.043192 -0.046395 -0.136004 -0.146089 0.593573 0.846191 0.766127 1.404980 0.160383 0.821133
0.393444 0.499996 -0.423549 -0.312448 -0.043192 -0.028753 -0.136004 -0.090538 0.636234 0.904098 -0.129893 -0.500882 0.139157 0.587331
0.393444 0.444444 -0.423549 -0.504157 -0.043192 -0.046395 -0.136004 -0.146089 0.593573 0.846191 0.723466 1.347073 0.160383 0.821133
0.393444 0.333333 -0.423549 -0.887604 -0.043192 -0.081682 -0.136004 -0.257200 0.515664 0.702878 -0.207803 -0.644195 0.238659 1.084385
0.393444 0.277774 -0.423549 -1.079342 -0.043192 -0.099326 -0.136004 -0.312760 0.481618 0.614745 0.689421 1.258941 0.286072 1.160611
0.409836 0.166662 -0.372500 -1.462789 -0.037986 -0.134613 -0.119612 -0.423871 0.442427 0.386232 -0.246994 -0.872709 0.381995 1.295758
0.426230 0.111111 -0.321443 -1.654498 -0.032780 -0.152255 -0.103217 -0.479422 0.440475 0.255008 0.687468 1.127717 0.430882 1.358738
0.459017 0.055551 -0.219337 -1.846236 -0.022367 -0.169900 -0.070431 -0.534982 0.462366 0.120437 -0.225102 -1.007280 0.479102 1.439899
0.508196 0.000000 -0.066183 -2.037945 -0.006749 -0.187542 -0.021252 -0.590533 0.508196 0.000000 0.733298 1.007280 0.529874 1.534824
0.557377 0.055551 0.086979 -1.846236 0.008870 -0.169900 0.027930 -0.534982 0.560139 0.099338 -0.173159 -0.907943 0.474719 -1.518637
0.590164 0.222222 0.189085 -1.271051 0.019282 -0.116968 0.060716 -0.368311 0.630616 0.360123 0.803775 1.268066 0.313168 -1.407415
0.590164 0.333333 0.189085 -0.887604 0.019282 -0.081682 0.060716 -0.257200 0.677794 0.514146 -0.125981 -0.753920 0.205298 -1.338974
0.573772 0.555556 0.138036 -0.120709 0.014077 -0.011108 0.044324 -0.034978 0.798659 0.769269 0.924640 1.523189 0.051442 -0.668081
0.557377 0.666667 0.086979 0.262738 0.008870 0.024178 0.027930 0.076133 0.868973 0.874447 -0.055667 -0.648741 0.140032 1.219188
0.524591 0.888889 -0.015126 1.029632 -0.001543 0.094752 -0.004857 0.298355 1.032143 1.037640 1.087810 1.686382 0.359474 -1.554518
0.508196 0.944440 -0.066183 1.221341 -0.006749 0.112394 -0.021252 0.353907 1.072488 1.077141 -0.015322 -0.609240 0.415536 -1.510819
0.491804 1.000000 -0.117232 1.413079 -0.011955 0.130039 -0.037644 0.409467 1.114393 1.113727 1.129715 1.722967 0.472056 -1.479120
0.524591 1.000000 -0.015126 1.413079 -0.001543 0.130039 -0.004857 0.409467 1.129245 1.087670 -0.000469 -0.635297 0.470577 -1.558935
0.573772 1.000000 0.138036 1.413079 0.014077 0.130039 0.044324 0.409467 1.152916 1.049885 1.153385 1.685183 0.472635 1.462967
0.688525 1.000000 0.495402 1.413079 0.050520 0.130039 0.159077 0.409467 1.214111 0.967814 0.060727 -0.717369 0.496714 1.200245
0.754098 1.000000 0.699613 1.413079 0.071345 0.130039 0.224650 0.409467 1.252463 0.924678 1.191737 1.642047 0.521428 1.068997
0.836066 1.000000 0.954881 1.413079 0.097376 0.130039 0.306618 0.409467 1.303459 0.874447 0.111723 -0.767599 0.561635 0.928048
0.901640 1.000000 1.159092 1.413079 0.118201 0.130039 0.372192 0.409467 1.346460 0.837076 1.234737 1.604675 0.599955 0.833049
0.918032 1.000000 1.210141 1.413079 0.123407 0.130039 0.388584 0.409467 1.357491 0.828108 0.122754 -0.776568 0.610260 0.811559
0.901640 0.888889 1.159092 1.029632 0.118201 0.094752 0.372192 0.298355 1.266127 0.778277 1.143373 1.554845 0.517421 0.675726
0.885245 0.833329 1.108035 0.837894 0.112994 0.077107 0.355797 0.242796 1.215770 0.755199 0.072397 -0.799646 0.467906 0.598815
0.868853 0.666667 1.056987 0.262738 0.107788 0.024178 0.339405 0.076133 1.095148 0.654478 1.022751 1.454124 0.366094 0.220661
0.868853 0.555556 1.056987 -0.120709 0.107788 -0.011108 0.339405 -0.034978 1.031284 0.568896 0.008533 -0.885228 0.340408 -0.102694
0.901640 0.444444 1.159092 -0.504157 0.118201 -0.046395 0.372192 -0.146089 1.005229 0.457975 0.996696 1.343203 0.381775 -0.374033
0.918032 0.444444 1.210141 -0.504157 0.123407 -0.046395 0.388584 -0.146089 1.019958 0.450869 0.023262 -0.892334 0.397773 -0.359605
0.950819 0.444444 1.312247 -0.504157 0.133819 -0.046395 0.421371 -0.146089 1.049565 0.437257 1.026303 1.329590 0.429859 -0.333731
0.983605 0.499996 1.414352 -0.312448 0.144232 -0.028753 0.454158 -0.090538 1.103393 0.470289 0.077089 -0.859301 0.455112 -0.196773
1.000000 0.666667 1.465409 0.262738 0.149438 0.024178 0.470552 0.076133 1.201850 0.588003 1.124761 1.447304 0.490151 0.160405
0.983605 0.833329 1.414352 0.837894 0.144232 0.077107 0.454158 0.242796 1.289154 0.702877 0.164393 -0.744427 0.546446 0.490948
0.983605 0.888889 1.414352 1.029632 0.144232 0.094752 0.454158 0.298355 1.325746 0.734858 1.161354 1.479285 0.579186 0.581240
0.950819 1.000000 1.312247 1.413079 0.133819 0.130039 0.421371 0.409467 1.379875 0.810603 0.218522 -0.668681 0.631643 0.771071
