0.000000 0.560004 -1.723718 0.234615 -0.131526 0.018298 -0.507410 0.070590 0.560004 1.570796 0.560004 1.570796 0.510128 -0.138231
0.012986 0.560004 -1.679603 0.234615 -0.128160 0.018298 -0.494424 0.070590 0.560155 1.547611 0.000151 -0.023185 0.497213 -0.141814
0.038962 0.560004 -1.591361 0.234615 -0.121427 0.018298 -0.468448 0.070590 0.561358 1.501334 0.561208 1.524519 0.471391 -0.149564
0.064936 0.560004 -1.503125 0.234615 -0.114694 0.018298 -0.442474 0.070590 0.563757 1.455356 0.002549 -0.069163 0.445589 -0.158202
0.090910 0.560004 -1.414889 0.234615 -0.107961 0.018298 -0.416500 0.070590 0.567335 1.409863 0.564786 1.479026 0.419808 -0.167889
0.116884 0.560004 -1.326653 0.234615 -0.101229 0.018298 -0.390526 0.070590 0.572072 1.365031 0.007286 -0.113995 0.394052 -0.178826
0.155844 0.560004 -1.194303 0.234615 -0.091130 0.018298 -0.351566 0.070590 0.581285 1.299374 0.573999 1.413368 0.355479 -0.198153
0.181818 0.560004 -1.106067 0.234615 -0.084397 0.018298 -0.325592 0.070590 0.588781 1.256861 0.014782 -0.156507 0.329813 -0.213501
0.194806 0.560004 -1.061946 0.234615 -0.081030 0.018298 -0.312604 0.070590 0.592920 1.236025 0.578138 1.392532 0.316998 -0.222088
0.220780 0.560004 -0.973710 0.234615 -0.074298 0.018298 -0.286630 0.070590 0.601954 1.195260 0.023816 -0.197272 0.291416 -0.241471
0.207792 0.520001 -1.017831 0.101660 -0.077664 0.007929 -0.299618 0.030587 0.559981 1.190636 0.536166 1.387909 0.299883 -0.101735
0.207792 0.480005 -1.017831 -0.031274 -0.077664 -0.002439 -0.299618 -0.009410 0.523050 1.162258 -0.013115 -0.225651 0.300869 0.031395
0.194806 0.440002 -1.061946 -0.164229 -0.081030 -0.012808 -0.312604 -0.049413 0.481197 1.153998 0.494312 1.379649 0.319790 0.156770
0.168832 0.360002 -1.150182 -0.430118 -0.087763 -0.033545 -0.338578 -0.129412 0.397625 1.132276 -0.096687 -0.247373 0.369276 0.365088
0.168832 0.280002 -1.150182 -0.696007 -0.087763 -0.054282 -0.338578 -0.209412 0.326964 1.028199 0.423651 1.275572 0.407860 0.553914
0.168832 0.200002 -1.150182 -0.961896 -0.087763 -0.075019 -0.338578 -0.289412 0.261735 0.869709 -0.161917 -0.405863 0.457312 0.707266
0.168832 0.120003 -1.150182 -1.227785 -0.087763 -0.095755 -0.338578 -0.369412 0.207135 0.617926 0.369051 1.023789 0.514509 0.828921
0.181818 0.080000 -1.106067 -1.360739 -0.084397 -0.106125 -0.325592 -0.409414 0.198639 0.414507 -0.170412 -0.609282 0.537299 0.898950
0.194806 0.040003 -1.061946 -1.493674 -0.081030 -0.116492 -0.312604 -0.449411 0.198870 0.202532 0.369282 0.811815 0.562309 0.963039
0.220780 0.040003 -0.973710 -1.493674 -0.074298 -0.116492 -0.286630 -0.449411 0.224374 0.179245 -0.144908 -0.632570 0.548294 1.003052
0.233766 0.040003 -0.929595 -1.493674 -0.070932 -0.116492 -0.273644 -0.449411 0.237164 0.169482 0.382071 0.802052 0.541619 1.023862
0.259739 0.040003 -0.841359 -1.493674 -0.064199 -0.116492 -0.247671 -0.449411 0.262802 0.152811 -0.119270 -0.649241 0.528971 1.067109
0.272727 0.080000 -0.797238 -1.360739 -0.060832 -0.106125 -0.234683 -0.409414 0.284219 0.285328 0.403488 0.934570 0.487602 1.050304
0.285713 0.120003 -0.753123 -1.227785 -0.057466 -0.095755 -0.221697 -0.369412 0.309892 0.397637 -0.093597 -0.536933 0.446356 1.030278
0.285713 0.160000 -0.753123 -1.094850 -0.057466 -0.085388 -0.221697 -0.329415 0.327463 0.510488 0.421060 1.047421 0.412121 0.978421
0.311687 0.280002 -0.664888 -0.696007 -0.050733 -0.054282 -0.195723 -0.209412 0.418987 0.731899 -0.002072 -0.315522 0.300036 0.819175
0.311687 0.320005 -0.664888 -0.563052 -0.050733 -0.043913 -0.195723 -0.169409 0.446713 0.798565 0.448785 1.114087 0.270976 0.713457
0.324675 0.360002 -0.620766 -0.430118 -0.047367 -0.033545 -0.182735 -0.129412 0.484784 0.836948 0.035999 -0.277138 0.234779 0.616207
0.324675 0.400005 -0.620766 -0.297163 -0.047367 -0.023176 -0.182735 -0.089409 0.515187 0.888975 0.479189 1.166113 0.211962 0.455039
0.324675 0.440002 -0.620766 -0.164229 -0.047367 -0.012808 -0.182735 -0.049413 0.546823 0.935087 0.067635 -0.231026 0.194771 0.264090
0.337661 0.440002 -0.576652 -0.164229 -0.044001 -0.012808 -0.169749 -0.049413 0.554632 0.916246 0.486997 1.147272 0.182643 0.283265
0.337661 0.400005 -0.576652 -0.297163 -0.044001 -0.023176 -0.169749 -0.089409 0.523468 0.869712 0.036471 -0.277560 0.200874 0.484791
0.337661 0.360002 -0.576652 -0.430118 -0.044001 -0.033545 -0.169749 -0.129412 0.493575 0.817409 0.457104 1.094969 0.224819 0.651375
0.350649 0.320005 -0.532530 -0.563052 -0.040634 -0.043913 -0.156761 -0.169409 0.474719 0.739737 0.017615 -0.355232 0.244325 0.824157
0.350649 0.280002 -0.532530 -0.696007 -0.040634 -0.054282 -0.156761 -0.209412 0.448727 0.673841 0.431113 1.029073 0.276203 0.928208
0.363635 0.200002 -0.488416 -0.961896 -0.037268 -0.075019 -0.143775 -0.289412 0.415008 0.502850 -0.016105 -0.526224 0.339368 1.109726
0.376623 0.160000 -0.444295 -1.094850 -0.033901 -0.085388 -0.130787 -0.329415 0.409200 0.401724 0.425305 0.927947 0.371213 1.192855
0.389609 0.080000 -0.400180 -1.360739 -0.030535 -0.106125 -0.117801 -0.409414 0.397738 0.202518 -0.027567 -0.725429 0.443347 1.290634
0.415583 0.040003 -0.311944 -1.493674 -0.023802 -0.116492 -0.091827 -0.449411 0.417504 0.095962 0.445071 0.821390 0.476342 1.369244
0.441559 0.000000 -0.223702 -1.626628 -0.017069 -0.126861 -0.065851 -0.489414 0.441559 0.000000 -0.003512 -0.821390 0.511665 1.437049
0.506493 0.000000 -0.003115 -1.626628 -0.000238 -0.126861 -0.000917 -0.489414 0.506493 0.000000 0.510005 0.821390 0.507411 1.568923
0.532467 0.000000 0.085121 -1.626628 0.006495 -0.126861 0.025057 -0.489414 0.532467 0.000000 0.022462 -0.821390 0.508028 -1.519643
0.558441 0.000000 0.173357 -1.626628 0.013228 -0.126861 0.051031 -0.489414 0.558441 0.000000 0.535979 0.821390 0.509970 -1.466902
0.571429 0.040003 0.217478 -1.493674 0.016594 -0.116492 0.064019 -0.449411 0.572827 0.069891 0.036848 -0.751499 0.471771 -1.429298
0.597403 0.080000 0.305714 -1.360739 0.023327 -0.106125 0.089993 -0.409414 0.602735 0.133121 0.565887 0.884620 0.436782 -1.354429
0.610389 0.160000 0.349828 -1.094850 0.026693 -0.085388 0.102979 -0.329415 0.631011 0.256360 0.065123 -0.628260 0.362352 -1.267810
0.610389 0.240005 0.349828 -0.828941 0.026693 -0.064649 0.102979 -0.249409 0.655879 0.374631 0.590755 1.002892 0.286548 -1.179226
0.610389 0.440002 0.349828 -0.164229 0.026693 -0.012808 0.102979 -0.049413 0.752447 0.624586 0.161691 -0.378306 0.123079 -0.447383
0.610389 0.520001 0.349828 0.101660 0.026693 0.007929 0.102979 0.030587 0.801858 0.705607 0.640167 1.083913 0.103746 0.288725
0.584415 0.640004 0.261592 0.500504 0.019960 0.039035 0.077005 0.150590 0.866687 0.830768 0.226520 -0.253145 0.153333 1.098106
0.571429 0.680001 0.217478 0.633438 0.016594 0.049402 0.064019 0.190587 0.888219 0.871940 0.661698 1.125085 0.184082 1.246734
0.519481 0.800004 0.041006 1.032282 0.003129 0.080508 0.012071 0.310589 0.953869 0.994879 0.292171 -0.130206 0.292843 1.531951
0.493507 0.800004 -0.047230 1.032282 -0.003604 0.080508 -0.013903 0.310589 0.939976 1.018057 0.647805 1.148262 0.292924 -1.526063
0.480519 0.840000 -0.091351 1.165216 -0.006970 0.090876 -0.026891 0.350586 0.967729 1.051185 0.319924 -0.097078 0.333676 -1.494243
0.454545 0.840000 -0.179587 1.165216 -0.013703 0.090876 -0.052865 0.350586 0.955098 1.074793 0.635174 1.171870 0.336766 -1.421134
0.454545 0.800004 -0.179587 1.032282 -0.013703 0.080508 -0.052865 0.310589 0.920118 1.054103 0.284944 -0.117767 0.297331 -1.402204
0.467533 0.800004 -0.135466 1.032282 -0.010337 0.080508 -0.039877 0.310589 0.926603 1.041916 0.641659 1.159683 0.295298 -1.443104
0.493507 0.800004 -0.047230 1.032282 -0.003604 0.080508 -0.013903 0.310589 0.939976 1.018057 0.298317 -0.141626 0.292924 -1.526063
0.532467 0.800004 0.085121 1.032282 0.006495 0.080508 0.025057 0.310589 0.961003 0.983546 0.662686 1.125172 0.293665 1.490295
0.584415 0.800004 0.261592 1.032282 0.019960 0.080508 0.077005 0.310589 0.990730 0.939883 0.328044 -0.185290 0.302557 1.327766
0.623377 0.840000 0.393950 1.165216 0.030060 0.090876 0.115967 0.350586 1.046040 0.932361 0.717996 1.117650 0.352228 1.251346
0.740259 0.840000 0.791008 1.165216 0.060357 0.090876 0.232849 0.350586 1.119635 0.848432 0.401640 -0.269218 0.405999 0.984525
0.779220 0.840000 0.923365 1.165216 0.070456 0.090876 0.271810 0.350586 1.145768 0.822917 0.744129 1.092136 0.429532 0.911297
0.831168 0.880003 1.099837 1.298171 0.083922 0.101245 0.323758 0.390589 1.210474 0.813929 0.466345 -0.278206 0.493604 0.878682
0.896104 0.880003 1.320430 1.298171 0.100754 0.101245 0.388694 0.390589 1.255949 0.776333 0.789604 1.054539 0.538432 0.787830
0.909090 0.880003 1.364544 1.298171 0.104120 0.101245 0.401680 0.390589 1.265247 0.769142 0.475643 -0.285398 0.547880 0.771400
0.935064 0.880003 1.452780 1.298171 0.110853 0.101245 0.427654 0.390589 1.284037 0.755072 0.808394 1.040470 0.567198 0.740131
0.948052 0.880003 1.496901 1.298171 0.114219 0.101245 0.440642 0.390589 1.293526 0.748191 0.485132 -0.292279 0.577054 0.725255
0.935064 0.840000 1.452780 1.165216 0.110853 0.090876 0.427654 0.350586 1.256959 0.731894 0.771827 1.024173 0.541761 0.686692
0.922078 0.840000 1.408665 1.165216 0.107486 0.090876 0.414668 0.350586 1.247329 0.738852 0.475501 -0.285321 0.531569 0.701854
0.909090 0.800004 1.364544 1.032282 0.104120 0.080508 0.401680 0.310589 1.210971 0.721657 0.735470 1.006979 0.496949 0.658201
0.896104 0.760001 1.320430 0.899327 0.100754 0.070139 0.388694 0.270587 1.174991 0.703400 0.439521 -0.303579 0.463557 0.608132
0.896104 0.680001 1.320430 0.633438 0.100754 0.049402 0.388694 0.190587 1.124902 0.649136 0.685380 0.952715 0.425289 0.455878
0.896104 0.600001 1.320430 0.367549 0.100754 0.028665 0.388694 0.110587 1.078427 0.590007 0.393046 -0.362708 0.399570 0.277185
0.896104 0.560004 1.320430 0.234615 0.100754 0.018298 0.388694 0.070590 1.056697 0.558551 0.663650 0.921258 0.392236 0.179650
0.909090 0.520001 1.364544 0.101660 0.104120 0.007929 0.401680 0.030587 1.047304 0.519578 0.383654 -0.401680 0.401877 0.076002
0.948052 0.480005 1.496901 -0.031274 0.114219 -0.002439 0.440642 -0.009410 1.062642 0.468680 0.678987 0.870360 0.441494 -0.021351
0.961038 0.480005 1.541016 -0.031274 0.117585 -0.002439 0.453628 -0.009410 1.074243 0.463219 0.395256 -0.407140 0.454455 -0.020740
0.987012 0.560004 1.629252 0.234615 0.124318 0.018298 0.479602 0.070590 1.134812 0.516084 0.739556 0.923224 0.482477 0.146136
0.987012 0.600001 1.629252 0.367549 0.124318 0.028665 0.479602 0.110587 1.155073 0.546206 0.415517 -0.377019 0.488458 0.226620
1.000000 0.640004 1.673373 0.500504 0.127685 0.039035 0.492590 0.150590 1.187268 0.569316 0.771751 0.946335 0.510124 0.296687
1.000000 0.760001 1.673373 0.899327 0.127685 0.070139 0.492590 0.270587 1.256026 0.649871 0.484275 -0.296464 0.553577 0.502316
0.974026 0.880003 1.585137 1.298171 0.120952 0.101245 0.466616 0.390589 1.312681 0.734729 0.828406 1.031193 0.597123 0.696938
0.961038 0.920000 1.541016 1.431105 0.117585 0.111613 0.453628 0.430586 1.330411 0.763585 0.502005 -0.267608 0.613196 0.759345
0.948052 1.000000 1.496901 1.696994 0.114219 0.132349 0.440642 0.510586 1.377971 0.812058 0.875965 1.079666 0.660916 0.858796
