0.000000 0.800002 -1.901394 0.659357 -0.315320 0.110437 -0.608612 0.213160 0.800002 1.570796 0.800002 1.570796 0.637996 -0.336888
0.127274 0.800002 -1.503772 0.659357 -0.249380 0.110437 -0.481339 0.213160 0.810062 1.413027 0.010061 -0.157769 0.517993 -0.416890
0.200001 0.800002 -1.276563 0.659357 -0.211701 0.110437 -0.408612 0.213160 0.824623 1.325817 0.814562 1.483587 0.451213 -0.480831
0.218184 0.399997 -1.219756 -0.577958 -0.202280 -0.096804 -0.390429 -0.186845 0.455633 1.071443 -0.358929 -0.412144 0.442668 0.446352
0.345454 0.050003 -0.822143 -1.660577 -0.136341 -0.278135 -0.263158 -0.536838 0.349055 0.143748 0.707983 0.555892 0.617492 1.115020
0.436365 0.199998 -0.538127 -1.196604 -0.089241 -0.200423 -0.172248 -0.386843 0.480014 0.429759 -0.227969 -0.126134 0.443435 1.151887
0.509092 0.099999 -0.310917 -1.505927 -0.051561 -0.252232 -0.099521 -0.486843 0.518820 0.193957 0.746789 0.320091 0.518258 1.369154
0.636362 0.000000 0.086695 -1.815250 0.014377 -0.304041 0.027750 -0.586842 0.636362 0.000000 -0.110427 -0.320091 0.609245 -1.523544
0.690909 0.350001 0.257107 -0.732608 0.042638 -0.122707 0.082297 -0.236841 0.774504 0.468898 0.884930 0.788990 0.271390 -1.236371
0.599999 0.699995 -0.026909 0.350010 -0.004463 0.058624 -0.008613 0.113153 0.921950 0.862167 0.037019 0.073178 0.091788 -1.494822
0.490908 0.800002 -0.367724 0.659357 -0.060982 0.110437 -0.117704 0.213160 0.938613 1.020412 0.901593 0.947234 0.224687 -1.066276
0.654546 0.949997 0.143502 1.123330 0.023798 0.188150 0.045933 0.363155 1.153657 0.967493 0.252063 0.020259 0.344461 1.444980
0.909090 1.000000 0.938736 1.278003 0.155677 0.214056 0.300478 0.413158 1.351460 0.832982 1.099397 0.812723 0.493428 0.942002
1.000000 0.550000 1.222753 -0.113962 0.202777 -0.019088 0.391388 -0.036842 1.141271 0.502843 0.041874 -0.309880 0.395752 -0.093856
0.927273 0.450000 0.995543 -0.423285 0.165097 -0.070897 0.318661 -0.136841 1.030697 0.451814 0.988823 0.761694 0.355953 -0.405614
0.909090 0.649999 0.938736 0.195361 0.155677 0.032721 0.300478 0.063157 1.117561 0.620722 0.128739 -0.140972 0.303314 0.207173
0.945453 0.800002 1.052341 0.659357 0.174517 0.110437 0.336841 0.213160 1.238501 0.702258 1.109762 0.843231 0.387417 0.564203
0.981817 0.849997 1.165946 0.814007 0.193356 0.136340 0.373205 0.263156 1.298638 0.713561 0.188875 -0.129670 0.444464 0.614157
0.981817 0.900001 1.165946 0.968680 0.193356 0.162247 0.373205 0.313159 1.331903 0.741948 1.143028 0.871618 0.473486 0.698136
