0.000000 0.888889 -1.551989 1.124197 -0.142477 0.092183 -0.510068 0.330014 0.888889 1.570796 0.888889 1.570796 0.635354 -0.574264
0.015872 0.888889 -1.503696 1.124197 -0.138043 0.092183 -0.494196 0.330014 0.889031 1.552942 0.000142 -0.017854 0.622684 -0.588773
0.047618 0.833338 -1.407102 0.934961 -0.129176 0.076666 -0.462450 0.274463 0.834697 1.513717 0.834555 1.531571 0.564237 -0.535624
0.079364 0.833338 -1.310508 0.934961 -0.120308 0.076666 -0.430705 0.274463 0.837108 1.475847 0.002553 -0.055725 0.538525 -0.567354
0.111110 0.833338 -1.213915 0.934961 -0.111441 0.076666 -0.398959 0.274463 0.840712 1.438247 0.838159 1.493972 0.513489 -0.602592
0.158730 0.833338 -1.069020 0.934961 -0.098139 0.076666 -0.351338 0.274463 0.848320 1.382576 0.010161 -0.111396 0.477432 -0.663168
0.190476 0.777778 -0.972426 0.745696 -0.089271 0.061146 -0.319592 0.218903 0.800762 1.330626 0.790601 1.442021 0.416902 -0.600551
0.222222 0.777778 -0.875833 0.745696 -0.080404 0.061146 -0.287846 0.218903 0.808901 1.292497 0.018300 -0.149524 0.393095 -0.650179
0.238094 0.777778 -0.827539 0.745696 -0.075970 0.061146 -0.271975 0.218903 0.813405 1.273734 0.795104 1.423258 0.381626 -0.677702
0.253968 0.777778 -0.779239 0.745696 -0.071536 0.061146 -0.256100 0.218903 0.818192 1.255181 0.023087 -0.168077 0.370480 -0.707249
0.269840 0.777778 -0.730946 0.745696 -0.067103 0.061146 -0.240229 0.218903 0.823257 1.236853 0.800169 1.404930 0.359692 -0.738985
0.269840 0.722226 -0.730946 0.556460 -0.067103 0.045629 -0.240229 0.163352 0.770989 1.213234 -0.029180 -0.191696 0.320501 -0.597167
0.269840 0.666667 -0.730946 0.367195 -0.067103 0.030109 -0.240229 0.107792 0.719206 1.186194 0.748387 1.377889 0.286763 -0.421778
0.238094 0.555556 -0.827539 -0.011306 -0.075970 -0.000927 -0.271975 -0.003319 0.604426 1.165907 -0.143961 -0.211983 0.275752 0.012202
0.238094 0.444444 -0.827539 -0.389807 -0.075970 -0.031964 -0.271975 -0.114430 0.504202 1.078990 0.648163 1.290972 0.279780 0.398255
0.222222 0.388893 -0.875833 -0.579043 -0.080404 -0.047481 -0.287846 -0.169981 0.447907 1.051655 -0.200256 -0.239317 0.312312 0.533426
0.222222 0.277782 -0.875833 -0.957544 -0.080404 -0.078517 -0.287846 -0.281092 0.355732 0.896063 0.555988 1.135380 0.369882 0.773528
0.222222 0.166671 -0.875833 -1.336045 -0.080404 -0.109554 -0.287846 -0.392204 0.277780 0.643514 -0.278208 -0.491867 0.448082 0.937666
0.238094 0.055560 -0.827539 -1.714546 -0.075970 -0.140590 -0.271975 -0.503315 0.244490 0.229250 0.522698 0.721117 0.529668 1.075379
0.269840 0.055560 -0.730946 -1.714546 -0.067103 -0.140590 -0.240229 -0.503315 0.275500 0.203061 -0.247198 -0.518055 0.514089 1.125479
0.285714 0.000000 -0.682645 -1.903811 -0.062669 -0.156110 -0.224354 -0.558874 0.285714 0.000000 0.532912 0.518055 0.557229 1.189050
0.317460 0.000000 -0.586051 -1.903811 -0.053801 -0.156110 -0.192608 -0.558874 0.317460 0.000000 -0.215452 -0.518055 0.545223 1.238908
0.333332 0.000000 -0.537758 -1.903811 -0.049368 -0.156110 -0.176737 -0.558874 0.333332 0.000000 0.548784 0.518055 0.539820 1.264511
0.349206 0.055560 -0.489457 -1.714546 -0.044934 -0.140590 -0.160862 -0.503315 0.353598 0.157781 -0.195186 -0.360275 0.482136 1.261451
0.380952 0.277782 -0.392864 -0.957544 -0.036066 -0.078517 -0.129116 -0.281092 0.471473 0.630042 0.666659 0.990316 0.265759 1.140204
0.380952 0.388893 -0.392864 -0.579043 -0.036066 -0.047481 -0.129116 -0.169981 0.544392 0.795713 -0.122267 -0.194603 0.177072 0.921185
0.380952 0.444444 -0.392864 -0.389807 -0.036066 -0.031964 -0.129116 -0.114430 0.585368 0.862171 0.707635 1.056774 0.144836 0.725169
0.380952 0.500004 -0.392864 -0.200542 -0.036066 -0.016444 -0.129116 -0.058870 0.628593 0.919724 -0.079043 -0.137050 0.129508 0.427789
0.380952 0.555556 -0.392864 -0.011306 -0.036066 -0.000927 -0.129116 -0.003319 0.673622 0.969723 0.752664 1.106773 0.136895 0.025699
0.380952 0.500004 -0.392864 -0.200542 -0.036066 -0.016444 -0.129116 -0.058870 0.628593 0.919724 -0.124072 -0.187049 0.129508 0.427789
0.380952 0.444444 -0.392864 -0.389807 -0.036066 -0.031964 -0.129116 -0.114430 0.585368 0.862171 0.709439 1.049219 0.144836 0.725169
0.396824 0.277782 -0.344570 -0.957544 -0.031632 -0.078517 -0.113245 -0.281092 0.484388 0.610735 -0.225051 -0.438484 0.258421 1.187816
0.396824 0.222222 -0.344570 -1.146809 -0.031632 -0.094037 -0.113245 -0.336652 0.454810 0.510490 0.679861 0.948974 0.309321 1.246302
0.412698 0.111111 -0.296270 -1.525310 -0.027198 -0.125073 -0.097370 -0.447763 0.427394 0.262995 -0.252467 -0.685979 0.410668 1.356671
0.476190 0.000000 -0.103082 -1.903811 -0.009463 -0.156110 -0.033878 -0.558874 0.476190 0.000000 0.728657 0.685979 0.511192 1.510251
0.507936 0.000000 -0.006488 -1.903811 -0.000596 -0.156110 -0.002132 -0.558874 0.507936 0.000000 -0.220721 -0.685979 0.510073 1.566981
0.539682 0.000000 0.090106 -1.903811 0.008272 -0.156110 0.029614 -0.558874 0.539682 0.000000 0.760403 0.685979 0.510927 -1.517858
0.587302 0.111111 0.235000 -1.525310 0.021574 -0.125073 0.077234 -0.447763 0.597720 0.186979 -0.162683 -0.499000 0.406364 -1.399989
0.603174 0.222222 0.283293 -1.146809 0.026007 -0.094037 0.093106 -0.336652 0.642807 0.352991 0.805491 0.851991 0.302529 -1.300977
0.619048 0.333333 0.331594 -0.768308 0.030441 -0.063000 0.108980 -0.225541 0.703087 0.493941 -0.102403 -0.358050 0.207634 -1.120685
0.619048 0.500004 0.331594 -0.200542 0.030441 -0.016444 0.108980 -0.058870 0.795754 0.679418 0.898158 1.037467 0.109444 -0.495284
0.603174 0.611115 0.283293 0.177959 0.026007 0.014592 0.093106 0.052241 0.858650 0.791938 -0.039507 -0.245529 0.137401 0.511320
0.571428 0.833338 0.186699 0.934961 0.017140 0.076666 0.061360 0.274463 1.010436 0.969725 1.049943 1.215255 0.329041 1.350851
0.555556 0.888889 0.138406 1.124197 0.012706 0.092183 0.045488 0.330014 1.048220 1.012197 -0.001723 -0.203058 0.381542 1.433824
0.539682 0.944449 0.090106 1.313462 0.008272 0.107702 0.029614 0.385574 1.087768 1.051653 1.089491 1.254711 0.435389 1.494143
0.555556 0.944449 0.138406 1.313462 0.012706 0.107702 0.045488 0.385574 1.095731 1.039074 0.006240 -0.215637 0.436756 1.453365
0.587302 0.944449 0.235000 1.313462 0.021574 0.107702 0.077234 0.385574 1.112163 1.014468 1.105924 1.230105 0.441193 1.373104
0.634920 0.944449 0.379887 1.313462 0.034875 0.107702 0.124852 0.385574 1.138027 0.978928 0.032104 -0.251177 0.451967 1.257644
0.682540 0.944449 0.524781 1.313462 0.048176 0.107702 0.172472 0.385574 1.165266 0.945006 1.133162 1.196184 0.467368 1.150180
0.809524 0.944449 0.911157 1.313462 0.083647 0.107702 0.299456 0.385574 1.243910 0.862172 0.110748 -0.334011 0.527598 0.910457
0.857142 1.000000 1.056044 1.502698 0.096948 0.123219 0.347074 0.441126 1.317077 0.862171 1.206329 1.196182 0.600411 0.904162
0.904762 1.000000 1.200938 1.502698 0.110249 0.123219 0.394694 0.441126 1.348553 0.835356 0.142224 -0.360826 0.629139 0.840894
0.920634 1.000000 1.249231 1.502698 0.114683 0.123219 0.410566 0.441126 1.359252 0.826698 1.217028 1.187523 0.639216 0.821264
0.904762 0.944449 1.200938 1.313462 0.110249 0.107702 0.394694 0.385574 1.307890 0.806856 0.090862 -0.380667 0.586915 0.773711
0.888888 0.833338 1.152638 0.934961 0.105815 0.076666 0.378820 0.274463 1.218431 0.753154 1.127568 1.133821 0.498003 0.626995
0.873016 0.722226 1.104344 0.556460 0.101382 0.045629 0.362948 0.163352 1.133035 0.691154 0.005466 -0.442668 0.420407 0.422912
0.873016 0.666667 1.104344 0.367195 0.101382 0.030109 0.362948 0.107792 1.098454 0.652171 1.092988 1.094839 0.395290 0.288694
0.873016 0.500004 1.104344 -0.200542 0.101382 -0.016444 0.362948 -0.058870 1.006062 0.520128 -0.086925 -0.574711 0.363087 -0.160800
0.888888 0.444444 1.152638 -0.389807 0.105815 -0.031964 0.378820 -0.114430 0.993807 0.463648 1.080732 1.038359 0.384462 -0.293355
0.936508 0.333333 1.297532 -0.768308 0.119117 -0.063000 0.426440 -0.225541 0.994062 0.341950 -0.086671 -0.696409 0.461612 -0.486494
0.952382 0.333333 1.345833 -0.768308 0.123551 -0.063000 0.442314 -0.225541 1.009031 0.336674 1.095702 1.033084 0.476316 -0.471546
0.984128 0.388893 1.442426 -0.579043 0.132419 -0.047481 0.474060 -0.169981 1.058181 0.376331 -0.037521 -0.656752 0.489302 -0.344285
1.000000 0.500004 1.490720 -0.200542 0.136852 -0.016444 0.489932 -0.058870 1.118036 0.463651 1.155557 1.120403 0.490035 -0.119587
0.984128 0.722226 1.442426 0.556460 0.132419 0.045629 0.474060 0.163352 1.220704 0.633101 0.065148 -0.487303 0.519369 0.331839
0.984128 0.833338 1.442426 0.934961 0.132419 0.076666 0.474060 0.274463 1.289558 0.702620 1.224410 1.189923 0.573791 0.524807
0.968254 0.944449 1.394126 1.313462 0.127985 0.107702 0.458186 0.385574 1.352590 0.772953 0.128179 -0.416970 0.631364 0.699553
0.952382 1.000000 1.345833 1.502698 0.123551 0.123219 0.442314 0.441126 1.380953 0.809783 1.252774 1.226753 0.660057 0.784053
