0.000000 0.608700 -1.746887 0.289732 -0.150517 0.024359 -0.525799 0.085095 0.608700 1.570796 0.608700 1.570796 0.532295 -0.160447
0.014926 0.608700 -1.697296 0.289732 -0.146244 0.024359 -0.510873 0.085095 0.608883 1.546279 0.000183 -0.024517 0.517555 -0.165052
0.059701 0.608700 -1.548538 0.289732 -0.133427 0.024359 -0.466098 0.085095 0.611621 1.473029 0.611438 1.497546 0.473413 -0.180579
0.089552 0.608700 -1.449364 0.289732 -0.124881 0.024359 -0.436247 0.085095 0.615252 1.424724 0.003814 -0.072822 0.444054 -0.192642
0.134329 0.608700 -1.300599 0.289732 -0.112063 0.024359 -0.391470 0.085095 0.623346 1.353596 0.619532 1.426418 0.400152 -0.214042
0.164180 0.608700 -1.201425 0.289732 -0.103518 0.024359 -0.361620 0.085095 0.630453 1.307344 0.010921 -0.119074 0.371000 -0.231111
0.179104 0.608700 -1.151842 0.289732 -0.099246 0.024359 -0.346695 0.085095 0.634503 1.284632 0.623582 1.403706 0.356469 -0.240687
0.208955 0.608700 -1.052668 0.289732 -0.090701 0.024359 -0.316845 0.085095 0.643567 1.240121 0.019985 -0.163585 0.327511 -0.262377
0.223881 0.652175 -1.003077 0.437757 -0.086428 0.036805 -0.301918 0.128569 0.689532 1.240117 0.669548 1.403703 0.327300 -0.402584
0.238805 0.608700 -0.953493 0.289732 -0.082156 0.024359 -0.286994 0.085095 0.653868 1.196928 -0.015679 -0.206775 0.298728 -0.288245
0.238805 0.565219 -0.953493 0.141686 -0.082156 0.011912 -0.286994 0.041613 0.613596 1.171045 0.629275 1.377819 0.289689 -0.143993
0.223881 0.521744 -1.003077 -0.006338 -0.086428 -0.000533 -0.301918 -0.001862 0.567749 1.165457 -0.061526 -0.212362 0.301946 0.006166
0.208955 0.434788 -1.052668 -0.302409 -0.090701 -0.025425 -0.316845 -0.088818 0.482392 1.122797 0.543918 1.335159 0.329657 0.273305
0.208955 0.347832 -1.052668 -0.598480 -0.090701 -0.050318 -0.316845 -0.175774 0.405769 1.029837 -0.138149 -0.305323 0.363405 0.506493
0.194030 0.260875 -1.102251 -0.894551 -0.094973 -0.075210 -0.331769 -0.262730 0.325121 0.931297 0.463270 1.236619 0.424565 0.669787
0.194030 0.217394 -1.102251 -1.042597 -0.094973 -0.087657 -0.331769 -0.306212 0.291390 0.842124 -0.171880 -0.394495 0.452973 0.745360
0.194030 0.130438 -1.102251 -1.338668 -0.094973 -0.112549 -0.331769 -0.393168 0.233799 0.591861 0.405679 0.986356 0.516122 0.869892
0.208955 0.086963 -1.052668 -1.486692 -0.090701 -0.124995 -0.316845 -0.436643 0.226328 0.394377 -0.179351 -0.591979 0.541265 0.943070
0.238805 0.043481 -0.953493 -1.634739 -0.082156 -0.137442 -0.286994 -0.480124 0.242731 0.180106 0.422082 0.772085 0.561245 1.032033
0.283582 0.000000 -0.804728 -1.782785 -0.069338 -0.149889 -0.242217 -0.523606 0.283582 0.000000 -0.138500 -0.772085 0.578908 1.137518
0.313433 0.000000 -0.705554 -1.782785 -0.060793 -0.149889 -0.212366 -0.523606 0.313433 0.000000 0.451933 0.772085 0.567066 1.185485
0.343284 0.000000 -0.606380 -1.782785 -0.052247 -0.149889 -0.182516 -0.523606 0.343284 0.000000 -0.108649 -0.772085 0.556576 1.235392
0.373134 0.043481 -0.507206 -1.634739 -0.043702 -0.137442 -0.152665 -0.480124 0.375659 0.116007 0.484308 0.888092 0.505902 1.262936
0.388058 0.086963 -0.457623 -1.486692 -0.039430 -0.124995 -0.137741 -0.436643 0.397683 0.220455 -0.086625 -0.667637 0.459946 1.265222
0.402985 0.260875 -0.408032 -0.894551 -0.035157 -0.075210 -0.122814 -0.262730 0.480055 0.574515 0.566680 1.242152 0.292007 1.133523
0.417909 0.304350 -0.358449 -0.746527 -0.030885 -0.062765 -0.107890 -0.219255 0.516988 0.629447 -0.049692 -0.612705 0.246333 1.113508
0.417909 0.347832 -0.358449 -0.598480 -0.030885 -0.050318 -0.107890 -0.175774 0.543723 0.694136 0.593415 1.306841 0.208117 1.020291
0.417909 0.391306 -0.358449 -0.450456 -0.030885 -0.037872 -0.107890 -0.132299 0.572511 0.752535 -0.020904 -0.554306 0.172420 0.886674
0.432835 0.434788 -0.308858 -0.302409 -0.026612 -0.025425 -0.092964 -0.088818 0.613504 0.787648 0.634408 1.341954 0.130098 0.762595
0.432835 0.391306 -0.308858 -0.450456 -0.026612 -0.037872 -0.092964 -0.132299 0.583496 0.735050 -0.050912 -0.606904 0.163495 0.958275
0.432835 0.347832 -0.308858 -0.598480 -0.026612 -0.050318 -0.092964 -0.175774 0.555278 0.676939 0.606190 1.283843 0.200785 1.084311
0.432835 0.304350 -0.308858 -0.746527 -0.026612 -0.062765 -0.092964 -0.219255 0.529127 0.612840 -0.077062 -0.671003 0.240171 1.169775
0.447762 0.260875 -0.259267 -0.894551 -0.022339 -0.075210 -0.078037 -0.262730 0.518215 0.527542 0.595277 1.198546 0.276178 1.282072
0.477613 0.173919 -0.160093 -1.190622 -0.013794 -0.100102 -0.048187 -0.349687 0.508293 0.349218 -0.086984 -0.849328 0.355164 1.433859
0.507463 0.130438 -0.060919 -1.338668 -0.005249 -0.112549 -0.018336 -0.393168 0.523959 0.251592 0.610943 1.100920 0.395787 1.524193
0.537314 0.130438 0.038255 -1.338668 0.003296 -0.112549 0.011515 -0.393168 0.552920 0.238152 -0.058024 -0.862768 0.395529 -1.541518
0.597015 0.086963 0.236604 -1.486692 0.020386 -0.124995 0.071216 -0.436643 0.603316 0.144645 0.661339 1.007414 0.444578 -1.409121
0.626866 0.130438 0.335778 -1.338668 0.028932 -0.112549 0.101067 -0.393168 0.640293 0.205152 -0.021047 -0.802262 0.408075 -1.319187
0.641790 0.173919 0.385361 -1.190622 0.033204 -0.100102 0.115991 -0.349687 0.664938 0.264635 0.685984 1.066897 0.370504 -1.250517
0.656716 0.260875 0.434952 -0.894551 0.037477 -0.075210 0.130917 -0.262730 0.706635 0.378126 0.020650 -0.688770 0.295506 -1.108514
0.656716 0.347832 0.434952 -0.598480 0.037477 -0.050318 0.130917 -0.175774 0.743144 0.487087 0.722494 1.175858 0.220934 -0.930629
0.641790 0.478263 0.385361 -0.154385 0.033204 -0.012980 0.115991 -0.045343 0.800393 0.640423 0.077899 -0.535435 0.125354 -0.372654
0.626866 0.565219 0.335778 0.141686 0.028932 0.011912 0.101067 0.041613 0.844057 0.733731 0.766158 1.269166 0.108482 0.390587
0.611939 0.652175 0.286187 0.437757 0.024659 0.036805 0.086140 0.128569 0.894317 0.817217 0.128158 -0.451949 0.152941 0.980497
0.567165 0.739131 0.137430 0.733827 0.011841 0.061697 0.041365 0.215526 0.931660 0.916290 0.803502 1.368239 0.217305 1.381175
0.552238 0.782613 0.087839 0.881874 0.007568 0.074144 0.026439 0.259007 0.957836 0.956299 0.154334 -0.411940 0.258171 1.469071
0.552238 0.826088 0.087839 1.029898 0.007568 0.086589 0.026439 0.302482 0.993674 0.981527 0.839340 1.393467 0.301450 1.483612
0.552238 0.869569 0.087839 1.177945 0.007568 0.099036 0.026439 0.345963 1.030105 1.004988 0.190766 -0.388479 0.344785 1.494524
0.567165 0.869569 0.137430 1.177945 0.011841 0.099036 0.041365 0.345963 1.038184 0.992851 0.847418 1.381329 0.346249 1.451796
0.597015 0.869569 0.236604 1.177945 0.020386 0.099036 0.071216 0.345963 1.054788 0.969145 0.207370 -0.412185 0.351069 1.367784
0.641790 0.869569 0.385361 1.177945 0.033204 0.099036 0.115991 0.345963 1.080761 0.934984 0.873391 1.347169 0.362810 1.247305
0.686567 0.913044 0.534126 1.325969 0.046022 0.111482 0.160768 0.389438 1.142376 0.926046 0.268985 -0.421123 0.419291 1.179287
0.761193 0.913044 0.782058 1.325969 0.067384 0.111482 0.235393 0.389438 1.188723 0.875849 0.919739 1.296972 0.453176 1.027116
0.805970 0.956525 0.930823 1.474015 0.080202 0.123929 0.280170 0.432920 1.250811 0.870613 0.331072 -0.426359 0.513829 0.996417
0.835820 0.956525 1.029997 1.474015 0.088747 0.123929 0.310021 0.432920 1.270250 0.852641 0.939178 1.279001 0.530696 0.949335
0.895522 1.000000 1.228345 1.622040 0.105838 0.136374 0.369722 0.476394 1.342371 0.840461 0.403192 -0.438540 0.601299 0.910809
0.925372 1.000000 1.327519 1.622040 0.114383 0.136374 0.399573 0.476394 1.362466 0.824139 0.959274 1.262679 0.620101 0.872873
0.940299 1.000000 1.377110 1.622040 0.118656 0.136374 0.414499 0.476394 1.372648 0.816158 0.413374 -0.446521 0.629822 0.854762
0.970149 0.913044 1.476284 1.325969 0.127201 0.111482 0.444350 0.389438 1.332231 0.755084 0.918857 1.201605 0.589411 0.719635
0.985074 0.869569 1.525868 1.177945 0.131473 0.099036 0.459274 0.345963 1.313971 0.723200 0.395114 -0.478405 0.573681 0.645599
1.000000 0.782613 1.575458 0.881874 0.135746 0.074144 0.474201 0.259007 1.269836 0.664049 0.874721 1.142453 0.539277 0.499919
1.000000 0.739131 1.575458 0.733827 0.135746 0.061697 0.474201 0.215526 1.243509 0.636509 0.368788 -0.505945 0.519978 0.426592
1.000000 0.695656 1.575458 0.585803 0.135746 0.049252 0.474201 0.172051 1.218170 0.607805 0.849382 1.113750 0.503704 0.348052
0.985074 0.652175 1.525868 0.437757 0.131473 0.036805 0.459274 0.128569 1.181398 0.584805 0.332016 -0.528945 0.476344 0.272954
0.970149 0.652175 1.476284 0.437757 0.127201 0.036805 0.444350 0.128569 1.168983 0.591852 0.836967 1.120797 0.461972 0.281651
0.940299 0.652175 1.377110 0.437757 0.118656 0.036805 0.414499 0.128569 1.144331 0.606406 0.307364 -0.514391 0.433337 0.300770
0.925372 0.652175 1.327519 0.437757 0.114383 0.036805 0.399573 0.128569 1.132098 0.613920 0.824734 1.128312 0.419082 0.311305
0.925372 0.739131 1.327519 0.733827 0.114383 0.061697 0.399573 0.215526 1.184326 0.673972 0.359593 -0.454340 0.452956 0.494661
0.925372 0.782613 1.327519 0.881874 0.114383 0.074144 0.399573 0.259007 1.211939 0.702008 0.852347 1.156348 0.474986 0.575116
0.955223 0.913044 1.426693 1.325969 0.122928 0.111482 0.429424 0.389438 1.321401 0.762825 0.469054 -0.393523 0.578241 0.736606
