0.000000 0.727275 -1.521884 0.527821 -0.138080 0.041068 -0.529528 0.157493 0.727275 1.570796 0.727275 1.570796 0.565246 -0.289089
0.052630 0.727275 -1.370623 0.527821 -0.124356 0.041068 -0.476898 0.157493 0.729176 1.498556 0.001902 -0.072240 0.516270 -0.318968
0.087718 0.727275 -1.269780 0.527821 -0.115207 0.041068 -0.441810 0.157493 0.732545 1.450764 0.730644 1.523005 0.484045 -0.342429
0.140351 0.772725 -1.118511 0.680145 -0.101482 0.052920 -0.389177 0.202944 0.785368 1.391124 0.054724 -0.131881 0.458916 -0.480675
0.175438 0.772725 -1.017667 0.680145 -0.092333 0.052920 -0.354089 0.202944 0.792391 1.347543 0.737666 1.479423 0.429563 -0.520437
0.228069 0.818183 -0.866406 0.832491 -0.078609 0.064773 -0.301459 0.248401 0.849376 1.298947 0.111709 -0.180476 0.417372 -0.689203
0.245614 0.818183 -0.815980 0.832491 -0.074034 0.064773 -0.283914 0.248401 0.854254 1.279161 0.742545 1.459637 0.404882 -0.718783
0.263156 0.818183 -0.765563 0.832491 -0.069459 0.064773 -0.266372 0.248401 0.859462 1.259611 0.116917 -0.200026 0.392779 -0.750503
0.280701 0.818183 -0.715137 0.832491 -0.064884 0.064773 -0.248826 0.248401 0.864995 1.240301 0.748078 1.440327 0.381099 -0.784543
0.228069 0.681817 -0.866406 0.375474 -0.078609 0.029214 -0.301459 0.112035 0.718950 1.247995 -0.029128 -0.192332 0.337742 -0.355824
0.210526 0.636359 -0.916824 0.223128 -0.083183 0.017361 -0.319002 0.066578 0.670279 1.251301 0.699407 1.443633 0.336415 -0.205752
0.175438 0.545451 -1.017667 -0.081542 -0.092333 -0.006345 -0.354089 -0.024331 0.572971 1.259607 -0.126437 -0.184026 0.354447 0.068606
0.157893 0.454542 -1.068093 -0.386213 -0.096908 -0.030050 -0.371635 -0.115239 0.481185 1.236469 0.607622 1.420495 0.379124 0.300686
0.140351 0.363634 -1.118511 -0.690883 -0.101482 -0.053755 -0.389177 -0.206148 0.389779 1.202446 -0.217842 -0.218049 0.423060 0.487126
0.122806 0.318183 -1.168936 -0.843207 -0.106057 -0.065607 -0.406722 -0.251599 0.341060 1.202453 0.558902 1.420502 0.458355 0.553984
0.122806 0.227275 -1.168936 -1.147877 -0.106057 -0.089312 -0.406722 -0.342507 0.258331 1.075400 -0.300571 -0.345102 0.506735 0.699899
0.140351 0.181817 -1.118511 -1.300223 -0.101482 -0.101166 -0.389177 -0.387965 0.229686 0.913405 0.530257 1.258507 0.521883 0.783838
0.175438 0.090908 -1.017667 -1.604894 -0.092333 -0.124871 -0.354089 -0.478873 0.197593 0.478085 -0.332664 -0.780422 0.563708 0.934100
0.210526 0.090908 -0.916824 -1.604894 -0.083183 -0.124871 -0.319002 -0.478873 0.229315 0.407629 0.561979 1.188051 0.542355 0.983151
0.245614 0.045458 -0.815980 -1.757217 -0.074034 -0.136723 -0.283914 -0.524324 0.249785 0.183007 -0.312194 -1.005044 0.561187 1.074513
0.280701 0.045458 -0.715137 -1.757217 -0.064884 -0.136723 -0.248826 -0.524324 0.284358 0.160549 0.596553 1.165594 0.544278 1.127702
0.315789 0.090908 -0.614294 -1.604894 -0.055735 -0.124871 -0.213739 -0.478873 0.328614 0.280298 -0.267939 -0.885295 0.487925 1.150993
0.333332 0.136366 -0.563876 -1.452547 -0.051160 -0.113018 -0.196196 -0.433416 0.360147 0.388327 0.628086 1.273622 0.439396 1.145720
0.350877 0.181817 -0.513450 -1.300223 -0.046585 -0.101166 -0.178651 -0.387965 0.395186 0.478085 -0.232900 -0.795538 0.390921 1.139259
0.368422 0.227275 -0.463025 -1.147877 -0.042010 -0.089312 -0.161106 -0.342507 0.432884 0.552744 0.665784 1.348281 0.342509 1.131130
0.368422 0.272725 -0.463025 -0.995553 -0.042010 -0.077461 -0.161106 -0.297056 0.458382 0.637234 -0.207402 -0.711048 0.303154 1.073852
0.385964 0.272725 -0.412607 -0.995553 -0.037436 -0.077461 -0.143563 -0.297056 0.472597 0.615147 0.679999 1.326195 0.294207 1.120608
0.385964 0.318183 -0.412607 -0.843207 -0.037436 -0.065607 -0.143563 -0.251599 0.500209 0.689434 -0.179790 -0.636761 0.255494 1.052271
0.385964 0.272725 -0.412607 -0.995553 -0.037436 -0.077461 -0.143563 -0.297056 0.472597 0.615147 0.652386 1.251908 0.294207 1.120608
0.403510 0.227275 -0.362181 -1.147877 -0.032861 -0.089312 -0.126018 -0.342507 0.463113 0.512955 -0.189273 -0.738953 0.327472 1.218239
0.421052 0.181817 -0.311764 -1.300223 -0.028286 -0.101166 -0.108476 -0.387965 0.458631 0.407629 0.647904 1.146582 0.364239 1.298157
0.438597 0.090908 -0.261338 -1.604894 -0.023711 -0.124871 -0.090931 -0.478873 0.447920 0.204377 -0.199985 -0.942205 0.447946 1.383146
0.473685 0.045458 -0.160495 -1.757217 -0.014562 -0.136723 -0.055843 -0.524324 0.475861 0.095673 0.675846 1.037878 0.487281 1.464692
0.508773 0.000000 -0.059651 -1.909564 -0.005412 -0.148577 -0.020755 -0.569782 0.508773 0.000000 -0.167073 -1.037878 0.529934 1.534386
0.561403 0.000000 0.091610 -1.909564 0.008312 -0.148577 0.031875 -0.569782 0.561403 0.000000 0.728476 1.037878 0.530486 -1.514912
0.631578 0.000000 0.293297 -1.909564 0.026611 -0.148577 0.102050 -0.569782 0.631578 0.000000 -0.096898 -1.037878 0.539272 -1.393571
0.666666 0.045458 0.394140 -1.757217 0.035760 -0.136723 0.137138 -0.524324 0.668214 0.068081 0.765112 1.105960 0.503121 -1.314975
0.684211 0.136366 0.444566 -1.452547 0.040335 -0.113018 0.154683 -0.433416 0.697668 0.196726 -0.067444 -0.909233 0.422496 -1.227994
0.701753 0.227275 0.494983 -1.147877 0.044910 -0.089312 0.172226 -0.342507 0.737639 0.313207 0.805083 1.222440 0.347877 -1.104881
0.719299 0.318183 0.545409 -0.843207 0.049485 -0.065607 0.189771 -0.251599 0.786531 0.416476 -0.018552 -0.805964 0.284041 -0.924574
0.719299 0.454542 0.545409 -0.386213 0.049485 -0.030050 0.189771 -0.115239 0.850881 0.563563 0.869434 1.369527 0.204048 -0.545737
0.684211 0.636359 0.444566 0.223128 0.040335 0.017361 0.154683 0.066578 0.934397 0.749178 0.064963 -0.620349 0.187989 0.406446
0.666666 0.727275 0.394140 0.527821 0.035760 0.041068 0.137138 0.157493 0.986596 0.828851 0.921633 1.449200 0.240646 0.854375
0.631578 0.818183 0.293297 0.832491 0.026611 0.064773 0.102050 0.248401 1.033593 0.913409 0.111960 -0.535791 0.306164 1.180990
0.596490 0.863634 0.192453 0.984815 0.017461 0.076625 0.066963 0.293852 1.049602 0.966356 0.937642 1.502147 0.340750 1.346744
0.578948 0.909092 0.142035 1.137161 0.012887 0.088479 0.049420 0.339310 1.077789 1.003727 0.140147 -0.498421 0.382768 1.426164
0.561403 0.954542 0.091610 1.289485 0.008312 0.100330 0.031875 0.384761 1.107395 1.039144 0.967248 1.537565 0.426208 1.488141
0.526315 0.954542 -0.009233 1.289485 -0.000838 0.100330 -0.003213 0.384761 1.090027 1.066895 0.122779 -0.470671 0.425027 -1.562447
0.543860 0.954542 0.041192 1.289485 0.003737 0.100330 0.014332 0.384761 1.098606 1.052909 0.975827 1.523580 0.425256 1.533563
0.578948 0.954542 0.142035 1.289485 0.012887 0.100330 0.049420 0.384761 1.116392 1.025597 0.140565 -0.497982 0.427878 1.443052
0.614036 0.954542 0.242879 1.289485 0.022036 0.100330 0.084508 0.384761 1.134985 0.999161 0.994420 1.497144 0.433335 1.354592
0.666666 0.954542 0.394140 1.289485 0.035760 0.100330 0.137138 0.384761 1.164300 0.961136 0.169880 -0.536008 0.446592 1.228410
0.719299 0.954542 0.545409 1.289485 0.049485 0.100330 0.189771 0.384761 1.195216 0.925025 1.025336 1.461033 0.465457 1.112589
0.771929 0.954542 0.696670 1.289485 0.063209 0.100330 0.242401 0.384761 1.227610 0.890779 0.202273 -0.570254 0.489281 1.008606
0.842104 1.000000 0.898357 1.441832 0.081508 0.112184 0.312576 0.430218 1.307341 0.870904 1.105067 1.441158 0.564843 0.942471
0.877192 1.000000 0.999200 1.441832 0.090657 0.112184 0.347664 0.430218 1.330213 0.850726 0.225145 -0.590432 0.584991 0.891129
0.929825 1.000000 1.150469 1.441832 0.104382 0.112184 0.400297 0.430218 1.365494 0.821746 1.140349 1.412178 0.617723 0.821410
0.964912 1.000000 1.251313 1.441832 0.113531 0.112184 0.435385 0.430218 1.389624 0.803253 0.249276 -0.608924 0.641018 0.779430
0.982457 1.000000 1.301738 1.441832 0.118106 0.112184 0.452930 0.430218 1.401864 0.794247 1.152588 1.403171 0.653062 0.759687
1.000000 1.000000 1.352156 1.441832 0.122681 0.112184 0.470472 0.430218 1.414214 0.785398 0.261625 -0.617773 0.665348 0.740736
1.000000 0.954542 1.352156 1.289485 0.122681 0.100330 0.470472 0.384761 1.382444 0.762145 1.120819 1.379918 0.634020 0.685512
1.000000 0.863634 1.352156 0.984815 0.122681 0.076625 0.470472 0.293852 1.321311 0.712356 0.200493 -0.667562 0.577036 0.558304
1.000000 0.818183 1.352156 0.832491 0.122681 0.064773 0.470472 0.248401 1.292062 0.685730 1.091569 1.353292 0.551966 0.485783
0.982457 0.772725 1.301738 0.680145 0.118106 0.052920 0.452930 0.202944 1.249931 0.666469 0.158362 -0.686823 0.514092 0.421247
0.947370 0.681817 1.200895 0.375474 0.108957 0.029214 0.417842 0.112035 1.167212 0.623822 1.008850 1.310645 0.444729 0.261966
0.929825 0.681817 1.150469 0.375474 0.104382 0.029214 0.400297 0.112035 1.153017 0.632711 0.144167 -0.677934 0.428287 0.272898
0.894737 0.636359 1.049626 0.223128 0.095232 0.017361 0.365209 0.066578 1.097956 0.618220 0.953789 1.296154 0.380514 0.180320
0.894737 0.681817 1.049626 0.375474 0.095232 0.029214 0.365209 0.112035 1.124913 0.651156 0.171124 -0.644997 0.395689 0.297656
0.894737 0.772725 1.049626 0.680145 0.095232 0.052920 0.365209 0.202944 1.182226 0.712356 1.011103 1.357354 0.438774 0.507203
0.894737 0.863634 1.049626 0.984815 0.095232 0.076625 0.365209 0.293852 1.243550 0.767711 0.232448 -0.589642 0.494979 0.677548
0.912282 0.954542 1.100051 1.289485 0.099807 0.100330 0.382754 0.384761 1.320382 0.808032 1.087935 1.397674 0.571960 0.788012
