0.013890 0.714287 -1.484773 0.622722 -0.143272 0.062021 -0.442085 0.191375 0.714422 1.551353 0.714422 1.551353 0.512020 -0.408536
0.000000 0.714287 -1.531423 0.622722 -0.147774 0.062021 -0.455975 0.191375 0.714287 1.570796 -0.000135 0.019443 0.524059 -0.397377
0.041668 0.714287 -1.391479 0.622722 -0.134270 0.062021 -0.414307 0.191375 0.715501 1.512528 0.715636 1.493084 0.488237 -0.432718
0.069445 0.714287 -1.298186 0.622722 -0.125268 0.062021 -0.386530 0.191375 0.717655 1.473878 0.002019 -0.019207 0.464898 -0.459728
0.111111 0.714287 -1.158249 0.622722 -0.111765 0.062021 -0.344864 0.191375 0.722877 1.416478 0.720858 1.435685 0.430878 -0.506619
0.180556 0.714287 -0.925012 0.622722 -0.089259 0.062021 -0.275419 0.191375 0.736754 1.323204 0.015895 -0.112480 0.377598 -0.607262
0.194444 0.714287 -0.878369 0.622722 -0.084758 0.062021 -0.261531 0.191375 0.740280 1.305015 0.724384 1.417496 0.367591 -0.631717
0.222222 0.714287 -0.785076 0.622722 -0.075755 0.062021 -0.233753 0.191375 0.748056 1.269178 0.023672 -0.148317 0.348376 -0.686043
0.194444 0.666664 -0.878369 0.467761 -0.084758 0.046588 -0.261531 0.143752 0.694442 1.287002 0.670770 1.435319 0.335840 -0.502580
0.166666 0.619049 -0.971663 0.312824 -0.093760 0.031156 -0.289309 0.096137 0.641092 1.307803 -0.029678 -0.127517 0.332103 -0.320820
0.125001 0.523811 -1.111599 0.002926 -0.107263 0.000291 -0.330974 0.000899 0.538520 1.336540 0.568198 1.464057 0.337855 -0.002717
0.069445 0.333336 -1.298186 -0.616869 -0.125268 -0.061438 -0.386530 -0.189576 0.340493 1.365400 -0.227705 -0.098657 0.405519 0.455984
0.055555 0.285713 -1.344836 -0.771830 -0.129769 -0.076872 -0.400420 -0.237199 0.291064 1.378748 0.518769 1.477405 0.435115 0.534794
0.069445 0.095238 -1.298186 -1.391625 -0.125268 -0.138602 -0.386530 -0.427674 0.117868 0.940755 -0.400901 -0.536651 0.528712 0.835889
0.097223 0.047622 -1.204893 -1.546563 -0.116265 -0.154033 -0.358752 -0.475289 0.108260 0.455476 0.509161 0.992127 0.543557 0.924226
0.180556 0.047622 -0.925012 -1.546563 -0.089259 -0.154033 -0.275419 -0.475289 0.186731 0.257881 -0.322430 -0.734245 0.492552 1.045605
0.249999 0.095238 -0.691783 -1.391625 -0.066753 -0.138602 -0.205976 -0.427674 0.267526 0.363978 0.589956 1.098224 0.415400 1.121962
0.291667 0.238098 -0.551839 -0.926767 -0.053249 -0.092303 -0.164308 -0.284814 0.376511 0.684622 -0.213445 -0.413602 0.272887 1.047539
0.305555 0.285713 -0.505196 -0.771830 -0.048749 -0.076872 -0.150420 -0.237199 0.418325 0.751853 0.631770 1.165455 0.227190 1.005643
0.305555 0.380951 -0.505196 -0.461932 -0.048749 -0.046007 -0.150420 -0.141961 0.488352 0.894786 -0.143418 -0.270669 0.168092 0.756474
0.305555 0.428573 -0.505196 -0.306971 -0.048749 -0.030573 -0.150420 -0.094338 0.526345 0.951427 0.669763 1.222096 0.152896 0.560156
0.305555 0.380951 -0.505196 -0.461932 -0.048749 -0.046007 -0.150420 -0.141961 0.488352 0.894786 -0.181411 -0.327310 0.168092 0.756474
0.305555 0.285713 -0.505196 -0.771830 -0.048749 -0.076872 -0.150420 -0.237199 0.418325 0.751853 0.599737 1.079163 0.227190 1.005643
0.305555 0.238098 -0.505196 -0.926767 -0.048749 -0.092303 -0.150420 -0.284814 0.387369 0.661948 -0.212368 -0.417215 0.264758 1.084895
0.375000 0.095238 -0.271959 -1.391625 -0.026243 -0.138602 -0.080975 -0.427674 0.386905 0.248709 0.599273 0.665924 0.369714 1.383674
0.430556 0.047622 -0.085372 -1.546563 -0.008238 -0.154033 -0.025419 -0.475289 0.433181 0.110159 -0.166091 -0.555765 0.409143 1.517366
0.513889 0.000000 0.194508 -1.701523 0.018769 -0.169467 0.057914 -0.522912 0.513889 0.000000 0.679980 0.555765 0.459638 -1.460493
0.541667 0.047622 0.287801 -1.546563 0.027771 -0.154033 0.085692 -0.475289 0.543756 0.087693 -0.136224 -0.468072 0.417247 -1.392419
0.597222 0.190476 0.474388 -1.081728 0.045776 -0.107737 0.141247 -0.332436 0.626861 0.308737 0.763086 0.776809 0.300734 -1.169024
0.625000 0.380951 0.567681 -0.461932 0.054778 -0.046007 0.169025 -0.141961 0.731948 0.547391 -0.031137 -0.229417 0.184927 -0.698591
0.597222 0.619049 0.474388 0.312824 0.045776 0.031156 0.141247 0.096137 0.860172 0.803342 0.891309 1.032759 0.215740 0.597608
0.541667 0.809524 0.287801 0.932620 0.027771 0.092886 0.085692 0.286613 0.974029 0.981099 0.082720 -0.051660 0.363786 1.280275
0.513889 0.904762 0.194508 1.242518 0.018769 0.123751 0.057914 0.381850 1.040517 1.054252 0.957798 1.105912 0.452509 1.420277
0.458333 0.952385 0.007921 1.397478 0.000764 0.139185 0.002358 0.429473 1.056932 1.122262 0.099135 0.016350 0.496415 1.565305
0.430556 1.000000 -0.085372 1.552416 -0.008238 0.154616 -0.025419 0.477088 1.088751 1.164229 0.989616 1.147879 0.544619 -1.517567
0.430556 0.952385 -0.085372 1.397478 -0.008238 0.139185 -0.025419 0.429473 1.045187 1.146213 0.055571 -0.001667 0.497060 -1.511678
0.458333 0.904762 0.007921 1.242518 0.000764 0.123751 0.002358 0.381850 1.014231 1.101899 0.958660 1.103566 0.448793 1.564620
0.541667 0.857147 0.287801 1.087581 0.027771 0.108320 0.085692 0.334235 1.013954 1.007221 0.055294 -0.096345 0.410222 1.319821
0.638890 0.857147 0.614331 1.087581 0.059280 0.108320 0.182915 0.334235 1.069056 0.930267 1.013762 1.026612 0.440904 1.070057
0.722223 0.904762 0.894211 1.242518 0.086286 0.123751 0.266248 0.381850 1.157670 0.897126 0.143908 -0.129486 0.521822 0.961914
0.763888 0.904762 1.034148 1.242518 0.099789 0.123751 0.307913 0.381850 1.184112 0.869622 1.040203 0.999108 0.544262 0.892182
0.847224 0.904762 1.314035 1.242518 0.126797 0.123751 0.391249 0.381850 1.239509 0.818228 0.199306 -0.180880 0.595387 0.773242
0.916667 0.809524 1.547265 0.932620 0.149302 0.092886 0.460692 0.286613 1.222951 0.723409 1.023645 0.904289 0.580719 0.556537
0.972222 0.714287 1.733851 0.622722 0.167307 0.062021 0.516247 0.191375 1.206409 0.633634 0.182764 -0.270655 0.577266 0.354999
0.986112 0.666664 1.780501 0.467761 0.171808 0.046588 0.530137 0.143752 1.190319 0.594473 1.007555 0.865128 0.570469 0.264793
1.000000 0.523811 1.827145 0.002926 0.176309 0.000291 0.544025 0.000899 1.128884 0.482515 0.121329 -0.382613 0.548238 0.001653
0.958334 0.380951 1.687208 -0.461932 0.162806 -0.046007 0.502359 -0.141961 1.031275 0.378361 0.909946 0.760974 0.507931 -0.275407
0.930557 0.333336 1.593915 -0.616869 0.153804 -0.061438 0.474582 -0.189576 0.988458 0.343971 0.078511 -0.417003 0.490172 -0.380040
0.888889 0.285713 1.453971 -0.771830 0.140300 -0.076872 0.432914 -0.237199 0.933679 0.310997 0.855167 0.728001 0.465192 -0.501238
0.847224 0.285713 1.314035 -0.771830 0.126797 -0.076872 0.391249 -0.237199 0.894103 0.325258 0.038935 -0.402743 0.426690 -0.545010
0.819444 0.380951 1.220734 -0.461932 0.117794 -0.046007 0.363469 -0.141961 0.903666 0.435167 0.864730 0.837910 0.371131 -0.372353
0.819444 0.619049 1.220734 0.312824 0.117794 0.031156 0.363469 0.096137 1.026991 0.646980 0.162260 -0.190930 0.398375 0.258577
0.833334 0.714287 1.267385 0.622722 0.122296 0.062021 0.377359 0.191375 1.097566 0.708627 0.935305 0.899557 0.457301 0.469346
