0.000000 0.600002 -1.579003 0.277524 -0.150621 0.024589 -0.503673 0.082224 0.600002 1.570796 0.600002 1.570796 0.512802 -0.161821
0.050849 0.600002 -1.419594 0.277524 -0.135415 0.024589 -0.452824 0.082224 0.602153 1.486251 0.002151 -0.084545 0.462957 -0.179623
0.118645 0.666663 -1.207054 0.502521 -0.115141 0.044523 -0.385028 0.148885 0.677139 1.394672 0.674988 1.479217 0.418106 -0.368977
0.152543 0.666663 -1.100784 0.502521 -0.105003 0.044523 -0.351130 0.148885 0.683893 1.345853 0.008905 -0.133364 0.387115 -0.401039
0.186441 0.666663 -0.994514 0.502521 -0.094866 0.044523 -0.317232 0.148885 0.692243 1.298100 0.683338 1.431464 0.356654 -0.438809
0.220339 0.666663 -0.888244 0.502521 -0.084729 0.044523 -0.283333 0.148885 0.702132 1.251588 0.018794 -0.179876 0.326870 -0.483821
0.237290 0.666663 -0.835105 0.502521 -0.079660 0.044523 -0.266383 0.148885 0.707634 1.228843 0.688840 1.408719 0.312291 -0.509661
0.220339 0.600002 -0.888244 0.277524 -0.084729 0.024589 -0.283333 0.082224 0.639181 1.218854 -0.049660 -0.189865 0.299261 -0.282444
0.169493 0.399998 -1.047645 -0.397534 -0.099935 -0.035221 -0.334179 -0.117780 0.434427 1.169997 0.484086 1.359862 0.349892 0.338852
0.135595 0.333337 -1.153915 -0.622531 -0.110072 -0.055156 -0.368078 -0.184441 0.359860 1.184457 -0.124226 -0.175404 0.405580 0.464522
0.118645 0.266665 -1.207054 -0.847562 -0.115141 -0.075094 -0.385028 -0.251113 0.291868 1.152174 0.416094 1.327579 0.452127 0.577916
0.101697 0.200004 -1.260185 -1.072558 -0.120209 -0.095029 -0.401976 -0.317774 0.224374 1.100392 -0.191719 -0.227187 0.503785 0.668940
0.101697 0.066671 -1.260185 -1.522586 -0.120209 -0.134901 -0.401976 -0.451107 0.121603 0.580293 0.313323 0.807481 0.593763 0.842927
0.135595 0.066671 -1.153915 -1.522586 -0.110072 -0.134901 -0.368078 -0.451107 0.151100 0.456981 -0.162223 -0.350500 0.571359 0.886409
0.186441 0.066671 -0.994514 -1.522586 -0.094866 -0.134901 -0.317232 -0.451107 0.198004 0.343429 0.360227 0.693929 0.540006 0.957906
0.220339 0.066671 -0.888244 -1.522586 -0.084729 -0.134901 -0.283333 -0.451107 0.230205 0.293827 -0.130021 -0.400103 0.520815 1.009982
0.254238 0.200004 -0.781974 -1.072558 -0.074592 -0.095029 -0.249435 -0.317774 0.323479 0.666567 0.453500 1.066670 0.392979 0.905303
0.288136 0.266665 -0.675704 -0.847562 -0.064455 -0.075094 -0.215537 -0.251113 0.392597 0.746718 -0.060902 -0.319951 0.320357 0.861487
0.305086 0.333337 -0.622565 -0.622531 -0.059386 -0.055156 -0.198587 -0.184441 0.451875 0.829620 0.512777 1.149571 0.261632 0.748485
0.305086 0.399998 -0.622565 -0.397534 -0.059386 -0.035221 -0.198587 -0.117780 0.503067 0.919205 -0.009711 -0.230367 0.224020 0.535324
0.322034 0.466669 -0.569434 -0.172503 -0.054318 -0.015284 -0.181639 -0.051109 0.566997 0.966767 0.576708 1.197134 0.185370 0.274283
0.322034 0.399998 -0.569434 -0.397534 -0.054318 -0.035221 -0.181639 -0.117780 0.513521 0.892960 -0.063187 -0.304174 0.209144 0.575271
0.322034 0.266665 -0.569434 -0.847562 -0.054318 -0.075094 -0.181639 -0.251113 0.418110 0.691622 0.481297 0.995795 0.298605 0.944580
0.338984 0.200004 -0.516295 -1.072558 -0.049249 -0.095029 -0.164688 -0.317774 0.393589 0.533041 -0.087709 -0.462754 0.345452 1.092650
0.372882 0.133333 -0.410025 -1.297589 -0.039112 -0.114966 -0.130790 -0.384445 0.396004 0.343405 0.483712 0.806159 0.392757 1.242874
0.423728 0.066671 -0.250624 -1.522586 -0.023907 -0.134901 -0.079944 -0.451107 0.428942 0.156065 -0.054771 -0.650094 0.444254 1.395399
0.474577 0.000000 -0.091215 -1.747617 -0.008701 -0.154839 -0.029096 -0.517778 0.474577 0.000000 0.529348 0.650094 0.504512 1.514662
0.525423 0.000000 0.068186 -1.747617 0.006504 -0.154839 0.021750 -0.517778 0.525423 0.000000 -0.003925 -0.650094 0.504142 -1.528814
0.576272 0.000000 0.227595 -1.747617 0.021710 -0.154839 0.072599 -0.517778 0.576272 0.000000 0.580196 0.650094 0.508878 -1.431492
0.610170 0.066671 0.333865 -1.522586 0.031847 -0.134901 0.106497 -0.451107 0.613801 0.108835 0.033605 -0.541259 0.449791 -1.338962
0.644068 0.200004 0.440136 -1.072558 0.041984 -0.095029 0.140395 -0.317774 0.674407 0.301091 0.640802 0.842350 0.334553 -1.154776
0.661018 0.466669 0.493275 -0.172503 0.047053 -0.015284 0.157345 -0.051109 0.809151 0.614732 0.168349 -0.227618 0.161638 -0.314067
0.661018 0.600002 0.493275 0.277524 0.047053 0.024589 0.157345 0.082224 0.892719 0.737049 0.724370 0.964668 0.184491 0.481540
0.644068 0.733335 0.440136 0.727552 0.041984 0.064461 0.140395 0.215557 0.976014 0.850116 0.251644 -0.114552 0.269175 0.993498
0.610170 0.799996 0.333865 0.952549 0.031847 0.084396 0.106497 0.282218 1.006132 0.919207 0.754488 1.033759 0.314879 1.209961
0.525423 0.933329 0.068186 1.402576 0.006504 0.124268 0.021750 0.415551 1.071061 1.058061 0.316573 0.024302 0.430206 1.518503
0.491525 1.000000 -0.038084 1.627607 -0.003633 0.144206 -0.012148 0.482222 1.114270 1.113952 0.797696 1.089650 0.496476 -1.545610
0.474577 1.000000 -0.091215 1.627607 -0.008701 0.144206 -0.029096 0.482222 1.106898 1.127693 0.309202 0.038043 0.497179 -1.510532
0.457627 1.000000 -0.144354 1.627607 -0.013770 0.144206 -0.046046 0.482222 1.099737 1.141618 0.790536 1.103575 0.498459 -1.475598
0.474577 1.000000 -0.091215 1.627607 -0.008701 0.144206 -0.029096 0.482222 1.106898 1.127693 0.316362 0.024118 0.497179 -1.510532
0.508475 1.000000 0.015055 1.627607 0.001436 0.144206 0.004802 0.482222 1.121850 1.100392 0.805487 1.076274 0.496350 1.560838
0.576272 1.000000 0.227595 1.627607 0.021710 0.144206 0.072599 0.482222 1.154162 1.048007 0.348674 -0.028267 0.501609 1.421368
0.644068 1.000000 0.440136 1.627607 0.041984 0.144206 0.140395 0.482222 1.189464 0.998603 0.840789 1.026869 0.515802 1.287486
0.711864 1.000000 0.652676 1.627607 0.062259 0.144206 0.208191 0.482222 1.227498 0.952152 0.386708 -0.074717 0.538223 1.163236
0.830509 0.933329 1.024625 1.402576 0.097739 0.124268 0.326836 0.415551 1.249339 0.843625 0.862630 0.918342 0.539839 0.904333
0.898305 0.933329 1.237165 1.402576 0.118013 0.124268 0.394633 0.415551 1.295398 0.804517 0.432767 -0.113825 0.583386 0.811211
0.983050 0.866667 1.502836 1.177580 0.143355 0.104334 0.479377 0.348889 1.310534 0.722562 0.877767 0.836387 0.601305 0.629139
1.000000 0.866667 1.555975 1.177580 0.148424 0.104334 0.496327 0.348889 1.323296 0.714091 0.445529 -0.122296 0.614903 0.612698
1.000000 0.733335 1.555975 0.727552 0.148424 0.064461 0.496327 0.215557 1.240072 0.632750 0.794543 0.755046 0.546887 0.409724
1.000000 0.666663 1.555975 0.502521 0.148424 0.044523 0.496327 0.148885 1.201849 0.588000 0.407305 -0.167046 0.522405 0.291433
0.966102 0.466669 1.449705 -0.172503 0.138287 -0.015284 0.462429 -0.051109 1.072909 0.449991 0.665603 0.617036 0.463907 -0.110075
0.932204 0.399998 1.343435 -0.397534 0.128150 -0.035221 0.428531 -0.117780 1.014397 0.405329 0.348794 -0.211708 0.440894 -0.268223
0.864407 0.333337 1.130895 -0.622531 0.107876 -0.055156 0.360735 -0.184441 0.926452 0.368053 0.577658 0.579760 0.398928 -0.472642
0.830509 0.333337 1.024625 -0.622531 0.097739 -0.055156 0.326836 -0.184441 0.894907 0.381682 0.317249 -0.198078 0.368560 -0.513773
0.796611 0.399998 0.918355 -0.397534 0.087602 -0.035221 0.292938 -0.117780 0.891396 0.465346 0.574147 0.663424 0.310743 -0.382285
0.796611 0.466669 0.918355 -0.172503 0.087602 -0.015284 0.292938 -0.051109 0.923238 0.529927 0.349091 -0.133498 0.295266 -0.172731
0.796611 0.533331 0.918355 0.052494 0.087602 0.004651 0.292938 0.015553 0.958661 0.589961 0.609569 0.723459 0.294436 0.053042
0.847457 0.666663 1.077756 0.502521 0.102807 0.044523 0.343784 0.148885 1.078250 0.666556 0.468681 -0.056903 0.380465 0.408693
0.881355 0.666663 1.184026 0.502521 0.112944 0.044523 0.377682 0.148885 1.105091 0.647589 0.636411 0.704492 0.411351 0.375503
0.915253 0.666663 1.290296 0.502521 0.123081 0.044523 0.411580 0.148885 1.132311 0.629528 0.495900 -0.074964 0.442679 0.347095
