0.000000 0.678574 -1.605339 0.426501 -0.137405 0.030217 -0.552566 0.121518 0.678574 1.570796 0.678574 1.570796 0.566751 -0.216470
0.051725 0.678574 -1.455064 0.426501 -0.124542 0.030217 -0.500841 0.121518 0.680543 1.494717 0.001969 -0.076079 0.516449 -0.238028
0.086208 0.678574 -1.354884 0.426501 -0.115967 0.030217 -0.466358 0.121518 0.684028 1.444430 0.682060 1.520510 0.483082 -0.254900
0.137931 0.678574 -1.204617 0.426501 -0.103106 0.030217 -0.414635 0.121518 0.692451 1.370263 0.010391 -0.150247 0.433360 -0.285089
0.172413 0.678574 -1.104436 0.426501 -0.094531 0.030217 -0.380153 0.121518 0.700135 1.321980 0.689744 1.472227 0.400492 -0.309391
0.189656 0.678574 -1.054342 0.426501 -0.090243 0.030217 -0.362910 0.121518 0.704579 1.298259 0.014835 -0.173968 0.384164 -0.323109
0.224139 0.678574 -0.954162 0.426501 -0.081669 0.030217 -0.328427 0.121518 0.714633 1.251771 0.699798 1.425739 0.351771 -0.354379
0.241381 0.678574 -0.904068 0.426501 -0.077381 0.030217 -0.311185 0.121518 0.720228 1.229036 0.020429 -0.196702 0.335729 -0.372291
0.258621 0.678574 -0.853981 0.426501 -0.073094 0.030217 -0.293945 0.121518 0.726187 1.206667 0.705758 1.403369 0.319815 -0.392008
0.275864 0.678574 -0.803887 0.426501 -0.068806 0.030217 -0.276702 0.121518 0.732505 1.184669 0.026747 -0.218700 0.304043 -0.413807
0.275864 0.642857 -0.803887 0.301143 -0.068806 0.021336 -0.276702 0.085801 0.699547 1.165440 0.672800 1.384140 0.291061 -0.300683
0.258621 0.607140 -0.853981 0.175784 -0.073094 0.012454 -0.293945 0.050084 0.659927 1.168107 -0.012873 -0.216032 0.298968 -0.168765
0.241381 0.535712 -0.904068 -0.074915 -0.077381 -0.005308 -0.311185 -0.021345 0.587581 1.147460 0.600454 1.363492 0.311641 0.068484
0.206899 0.428571 -1.004248 -0.450953 -0.085956 -0.031950 -0.345667 -0.128485 0.475900 1.121033 -0.124554 -0.242459 0.367234 0.355875
0.189656 0.357143 -1.054342 -0.701652 -0.090243 -0.049712 -0.362910 -0.199913 0.404377 1.082629 0.528931 1.325088 0.412182 0.503505
0.172413 0.285714 -1.104436 -0.952350 -0.094531 -0.067474 -0.380153 -0.271342 0.333705 1.027846 -0.195226 -0.297241 0.464463 0.619909
0.172413 0.214286 -1.104436 -1.203049 -0.094531 -0.085235 -0.380153 -0.342770 0.275036 0.893259 0.470262 1.190501 0.508871 0.733734
0.172413 0.142857 -1.104436 -1.453748 -0.094531 -0.102997 -0.380153 -0.414199 0.223907 0.691923 -0.246354 -0.498578 0.558907 0.828233
0.189656 0.107140 -1.054342 -1.579106 -0.090243 -0.111879 -0.362910 -0.449916 0.217827 0.514225 0.464181 1.012803 0.574550 0.892034
0.206899 0.035712 -1.004248 -1.829805 -0.085956 -0.129641 -0.345667 -0.521345 0.209958 0.170920 -0.254223 -0.841883 0.621791 0.985315
0.241381 0.035712 -0.904068 -1.829805 -0.077381 -0.129641 -0.311185 -0.521345 0.244009 0.146881 0.498232 0.988764 0.603303 1.032668
0.275864 0.000000 -0.803887 -1.955145 -0.068806 -0.138521 -0.276702 -0.557056 0.275864 0.000000 -0.222368 -0.988764 0.617975 1.109775
0.293104 0.000000 -0.753800 -1.955145 -0.064519 -0.138521 -0.259462 -0.557056 0.293104 0.000000 0.515472 0.988764 0.610450 1.134903
0.327587 0.000000 -0.653620 -1.955145 -0.055945 -0.138521 -0.224979 -0.557056 0.327587 0.000000 -0.187885 -0.988764 0.596611 1.186957
0.344829 0.035712 -0.603526 -1.829805 -0.051657 -0.129641 -0.207737 -0.521345 0.346674 0.103195 0.534558 1.091959 0.557039 1.191615
0.379312 0.071429 -0.503345 -1.704446 -0.043082 -0.120759 -0.173254 -0.485628 0.385979 0.186131 -0.148580 -0.905828 0.511381 1.228109
0.379312 0.142857 -0.503345 -1.453748 -0.043082 -0.102997 -0.173254 -0.414199 0.405322 0.360192 0.553901 1.266020 0.444835 1.174626
0.413795 0.214286 -0.403165 -1.203049 -0.034508 -0.085235 -0.138771 -0.342770 0.465988 0.477830 -0.087914 -0.788190 0.365638 1.186114
0.413795 0.249997 -0.403165 -1.077709 -0.034508 -0.076355 -0.138771 -0.307059 0.483451 0.543471 0.571365 1.331661 0.332874 1.146333
0.413795 0.285714 -0.403165 -0.952350 -0.034508 -0.067474 -0.138771 -0.271342 0.502851 0.604304 -0.068514 -0.727358 0.300778 1.098050
0.431035 0.321426 -0.353078 -0.827011 -0.030221 -0.058593 -0.121531 -0.235630 0.537685 0.640748 0.606199 1.368106 0.261143 1.094612
0.431035 0.285714 -0.353078 -0.952350 -0.030221 -0.067474 -0.121531 -0.271342 0.517130 0.585360 -0.089069 -0.782746 0.293223 1.149699
0.431035 0.249997 -0.353078 -1.077709 -0.030221 -0.076355 -0.121531 -0.307059 0.498287 0.525579 0.587356 1.308325 0.326064 1.193923
0.448277 0.178569 -0.302984 -1.328408 -0.025933 -0.094117 -0.104289 -0.378487 0.482534 0.379078 -0.104822 -0.929246 0.388265 1.301928
0.465517 0.142857 -0.252898 -1.453748 -0.021646 -0.102997 -0.087049 -0.414199 0.486944 0.297755 0.591766 1.227001 0.418854 1.363650
0.482760 0.107140 -0.202803 -1.579106 -0.017358 -0.111879 -0.069806 -0.449916 0.494506 0.218393 -0.097260 -1.008608 0.450863 1.416870
0.517243 0.071429 -0.102623 -1.704446 -0.008784 -0.120759 -0.035323 -0.485628 0.522151 0.137227 0.619411 1.145835 0.482432 1.498187
0.551725 0.071429 -0.002442 -1.704446 -0.000209 -0.120759 -0.000841 -0.485628 0.556330 0.128748 -0.063081 -1.017088 0.481138 1.569065
0.586208 0.035712 0.097738 -1.829805 0.008366 -0.129641 0.033642 -0.521345 0.587295 0.060844 0.650376 1.077932 0.517948 -1.506356
0.637931 0.071429 0.248005 -1.704446 0.021227 -0.120759 0.085365 -0.485628 0.641917 0.111505 -0.008459 -0.966427 0.488652 -1.396792
0.655173 0.107140 0.298099 -1.579106 0.025515 -0.111879 0.102607 -0.449916 0.663876 0.162095 0.672335 1.128522 0.457091 -1.346572
0.655173 0.142857 0.298099 -1.453748 0.025515 -0.102997 0.102607 -0.414199 0.670567 0.214685 -0.001768 -0.913837 0.422362 -1.327960
0.672413 0.178569 0.348186 -1.328408 0.029802 -0.094117 0.119847 -0.378487 0.695720 0.259573 0.697488 1.173410 0.392731 -1.264137
0.672413 0.357143 0.348186 -0.701652 0.029802 -0.049712 0.119847 -0.199913 0.761374 0.488245 0.063887 -0.685165 0.229246 -1.030747
0.655173 0.428571 0.298099 -0.450953 0.025515 -0.031950 0.102607 -0.128485 0.782896 0.579276 0.719009 1.264441 0.160944 -0.896912
0.655173 0.535712 0.298099 -0.074915 0.025515 -0.005308 0.102607 -0.021345 0.846309 0.685419 0.127300 -0.579022 0.103982 -0.205097
0.637931 0.607140 0.248005 0.175784 0.021227 0.012454 0.085365 0.050084 0.880667 0.760673 0.753367 1.339695 0.101319 0.530587
0.620691 0.678574 0.197919 0.426501 0.016940 0.030217 0.068125 0.121518 0.919630 0.829920 0.166263 -0.509776 0.143245 1.059841
0.603448 0.821431 0.147825 0.927898 0.012653 0.065741 0.050882 0.264375 1.019264 0.937205 0.853001 1.446980 0.273638 1.380660
0.586208 0.857143 0.097738 1.053238 0.008366 0.074621 0.033642 0.300087 1.038428 0.970951 0.185428 -0.476029 0.306429 1.459155
0.568965 0.928571 0.047644 1.303937 0.004078 0.092383 0.016399 0.371515 1.089021 1.021068 0.903593 1.497097 0.376363 1.526683
0.551725 0.964288 -0.002442 1.429296 -0.000209 0.101265 -0.000841 0.407232 1.110969 1.051101 0.207376 -0.445996 0.411723 -1.568732
0.551725 1.000000 -0.002442 1.554635 -0.000209 0.110145 -0.000841 0.442944 1.142104 1.066629 0.934728 1.512626 0.447435 -1.568898
0.568965 1.000000 0.047644 1.554635 0.004078 0.110145 0.016399 0.442944 1.150531 1.053509 0.215803 -0.459117 0.447734 1.533790
0.603448 0.964288 0.147825 1.429296 0.012653 0.101265 0.050882 0.407232 1.137542 1.011625 0.921739 1.470741 0.414855 1.446494
0.637931 0.964288 0.248005 1.429296 0.021227 0.101265 0.085365 0.407232 1.156204 0.986340 0.234465 -0.484401 0.420479 1.364166
0.672413 0.964288 0.348186 1.429296 0.029802 0.101265 0.119847 0.407232 1.175581 0.961874 0.941116 1.446275 0.428811 1.284579
0.775864 0.964288 0.648735 1.429296 0.055527 0.101265 0.223298 0.407232 1.237666 0.893258 0.296550 -0.553017 0.468377 1.069236
0.827587 0.964288 0.799002 1.429296 0.068388 0.101265 0.275021 0.407232 1.270729 0.861540 0.974179 1.414557 0.495128 0.976812
0.862069 0.964288 0.899183 1.429296 0.076963 0.101265 0.309503 0.407232 1.293451 0.841309 0.319272 -0.573249 0.515080 0.920915
0.879312 0.964288 0.949277 1.429296 0.081251 0.101265 0.326746 0.407232 1.305006 0.831458 0.985734 1.404707 0.525622 0.894619
0.913795 0.964288 1.049458 1.429296 0.089825 0.101265 0.361229 0.407232 1.328485 0.812277 0.342751 -0.592430 0.547724 0.845191
0.931035 0.964288 1.099544 1.429296 0.094112 0.101265 0.378469 0.407232 1.340402 0.802942 0.997651 1.395371 0.559244 0.821991
0.913795 0.964288 1.049458 1.429296 0.089825 0.101265 0.361229 0.407232 1.328485 0.812277 0.330834 -0.583094 0.547724 0.845191
0.896552 0.928571 0.999363 1.303937 0.085538 0.092383 0.343986 0.371515 1.290756 0.802940 0.959922 1.386034 0.509614 0.823855
0.879312 0.928571 0.949277 1.303937 0.081251 0.092383 0.326746 0.371515 1.278841 0.812638 0.318919 -0.573395 0.498140 0.849426
0.862069 0.892860 0.899183 1.178597 0.076963 0.083503 0.309503 0.335804 1.241113 0.802942 0.922194 1.376337 0.459992 0.826132
0.827587 0.821431 0.799002 0.927898 0.068388 0.065741 0.275021 0.264375 1.166040 0.781665 0.243846 -0.594671 0.384610 0.765665
0.827587 0.785714 0.799002 0.802540 0.068388 0.056860 0.275021 0.228658 1.141160 0.759450 0.897314 1.354121 0.360548 0.693609
0.827587 0.750003 0.799002 0.677200 0.068388 0.047979 0.275021 0.192947 1.116872 0.736259 0.219558 -0.617862 0.338552 0.611779
0.844829 0.678574 0.849096 0.426501 0.072676 0.030217 0.292263 0.121518 1.083605 0.676694 0.864047 1.294556 0.318270 0.394037
0.862069 0.642857 0.899183 0.301143 0.076963 0.021336 0.309503 0.085801 1.075374 0.640752 0.211327 -0.653804 0.322405 0.270430
0.913795 0.607140 1.049458 0.175784 0.089825 0.012454 0.361229 0.050084 1.097105 0.586443 0.885778 1.240247 0.365328 0.137771
0.948277 0.607140 1.149638 0.175784 0.098400 0.012454 0.395711 0.050084 1.125988 0.569495 0.240210 -0.670752 0.399457 0.125898
0.982760 0.678574 1.249819 0.426501 0.106975 0.030217 0.430194 0.121518 1.194270 0.604307 0.954060 1.275059 0.448269 0.275300
1.000000 0.714286 1.299905 0.551841 0.111262 0.039098 0.447434 0.157230 1.228904 0.620249 0.274844 -0.654809 0.475763 0.337924
1.000000 0.821431 1.299905 0.927898 0.111262 0.065741 0.447434 0.264375 1.294121 0.687673 1.019277 1.342482 0.522002 0.533679
1.000000 0.892860 1.299905 1.178597 0.111262 0.083503 0.447434 0.335804 1.340596 0.728856 0.321319 -0.613626 0.562136 0.643827
0.982760 0.964288 1.249819 1.429296 0.106975 0.101265 0.430194 0.407232 1.376833 0.775911 1.055514 1.389538 0.595468 0.757986
0.948277 1.000000 1.149638 1.554635 0.098400 0.110145 0.395711 0.442944 1.378125 0.811940 0.322611 -0.577598 0.597315 0.841658
0.931035 1.000000 1.099544 1.554635 0.094112 0.110145 0.378469 0.442944 1.366318 0.821097 1.043707 1.398695 0.586034 0.863731
0.913795 1.000000 1.049458 1.554635 0.089825 0.110145 0.361229 0.442944 1.354629 0.830412 0.310923 -0.568283 0.575051 0.886665
