0.000000 0.846149 -1.521301 0.903829 -0.120758 0.062685 -0.514572 0.267113 0.846149 1.570796 0.846149 1.570796 0.612150 -0.478809
0.014492 0.846149 -1.478457 0.903829 -0.117358 0.062685 -0.500081 0.267113 0.846273 1.553671 0.000124 -0.017125 0.600020 -0.490586
0.028985 0.846149 -1.435607 0.903829 -0.113956 0.062685 -0.485587 0.267113 0.846645 1.536554 0.846521 1.553679 0.587995 -0.502907
0.057971 0.846149 -1.349913 0.903829 -0.107154 0.062685 -0.456602 0.267113 0.848132 1.502392 0.001611 -0.051287 0.564294 -0.529320
0.101448 0.846149 -1.221376 0.903829 -0.096951 0.062685 -0.413124 0.267113 0.852209 1.451472 0.850597 1.502759 0.529731 -0.573960
0.144927 0.807691 -1.092832 0.773698 -0.086747 0.053660 -0.369645 0.228655 0.820590 1.393251 -0.030007 -0.109508 0.471758 -0.553969
0.173913 0.807691 -1.007139 0.773698 -0.079945 0.053660 -0.340660 0.228655 0.826202 1.358713 0.856209 1.468221 0.449408 -0.591143
0.202898 0.807691 -0.921445 0.773698 -0.073143 0.053660 -0.311674 0.228655 0.832786 1.324681 -0.023424 -0.143540 0.427854 -0.632945
0.231884 0.807691 -0.835751 0.773698 -0.066341 0.053660 -0.282689 0.228655 0.840318 1.291221 0.863742 1.434761 0.407224 -0.680119
0.260869 0.807691 -0.750057 0.773698 -0.059538 0.053660 -0.253703 0.228655 0.848774 1.258391 -0.014968 -0.176370 0.387664 -0.733516
0.275363 0.807691 -0.707207 0.773698 -0.056137 0.053660 -0.239209 0.228655 0.853340 1.242228 0.868308 1.418597 0.378338 -0.762844
0.289855 0.807691 -0.664364 0.773698 -0.052736 0.053660 -0.224718 0.228655 0.858126 1.226243 -0.010182 -0.192355 0.369346 -0.794083
0.275363 0.769226 -0.707207 0.643547 -0.056137 0.044633 -0.239209 0.190191 0.817028 1.227035 0.827210 1.419390 0.349385 -0.671734
0.260869 0.730768 -0.750057 0.513415 -0.059538 0.035608 -0.253703 0.151732 0.775935 1.227917 -0.051275 -0.191473 0.333325 -0.539000
0.217390 0.653845 -0.878601 0.253133 -0.069742 0.017556 -0.297182 0.074810 0.689037 1.249815 0.740312 1.441287 0.328199 -0.246606
0.188404 0.615381 -0.964295 0.122982 -0.076544 0.008529 -0.326168 0.036346 0.643576 1.273699 -0.096736 -0.167589 0.341391 -0.110974
0.173913 0.538458 -1.007139 -0.137300 -0.079945 -0.009523 -0.340660 -0.040577 0.565847 1.258390 0.662583 1.425979 0.341496 0.118555
0.144927 0.461536 -1.092832 -0.397582 -0.086747 -0.027575 -0.369645 -0.117500 0.483755 1.266535 -0.178828 -0.159443 0.373431 0.307771
0.115942 0.346155 -1.178526 -0.787996 -0.093550 -0.054652 -0.398631 -0.232881 0.365056 1.247598 0.543884 1.407042 0.432748 0.528722
0.115942 0.307691 -1.178526 -0.918147 -0.093550 -0.063678 -0.398631 -0.271345 0.328810 1.210437 -0.215074 -0.196605 0.449117 0.597650
0.115942 0.230768 -1.178526 -1.178429 -0.093550 -0.081730 -0.398631 -0.348268 0.258256 1.105216 0.473330 1.301821 0.489338 0.718071
0.130434 0.192309 -1.135682 -1.308560 -0.090149 -0.090756 -0.384139 -0.386726 0.232370 0.974819 -0.240960 -0.327003 0.501414 0.788754
0.144927 0.153845 -1.092832 -1.438711 -0.086747 -0.099782 -0.369645 -0.425190 0.211358 0.815238 0.452318 1.142240 0.516490 0.855167
0.173913 0.115387 -1.007139 -1.568843 -0.079945 -0.108808 -0.340660 -0.463649 0.208710 0.585790 -0.243608 -0.556451 0.524784 0.937136
0.202898 0.115387 -0.921445 -1.568843 -0.073143 -0.108808 -0.311674 -0.463649 0.233413 0.517081 0.477022 1.073532 0.506448 0.978959
0.231884 0.115387 -0.835751 -1.568843 -0.066341 -0.108808 -0.282689 -0.463649 0.259006 0.461731 -0.218016 -0.611801 0.489144 1.023272
0.246378 0.115387 -0.792901 -1.568843 -0.062939 -0.108808 -0.268195 -0.463649 0.272059 0.437995 0.490075 1.049796 0.480913 1.046378
0.275363 0.115387 -0.707207 -1.568843 -0.056137 -0.108808 -0.239209 -0.463649 0.298561 0.396808 -0.191513 -0.652988 0.465371 1.094488
0.289855 0.115387 -0.664364 -1.568843 -0.052736 -0.108808 -0.224718 -0.463649 0.311977 0.378854 0.503491 1.031843 0.458091 1.119486
0.318840 0.153845 -0.578670 -1.438711 -0.045934 -0.099782 -0.195732 -0.425190 0.354016 0.449562 -0.149474 -0.582281 0.410409 1.139377
0.333334 0.192309 -0.535820 -1.308560 -0.042533 -0.090756 -0.181238 -0.386726 0.384831 0.523281 0.534305 1.105562 0.369731 1.132543
0.347826 0.230768 -0.492976 -1.178429 -0.039132 -0.081730 -0.166747 -0.348268 0.417417 0.585778 -0.116888 -0.519784 0.329165 1.124261
0.362320 0.269232 -0.450126 -1.048278 -0.035730 -0.072704 -0.152253 -0.309803 0.451399 0.639057 0.568288 1.158841 0.288744 1.114012
0.376811 0.346155 -0.407282 -0.787996 -0.032329 -0.054652 -0.137761 -0.232881 0.511673 0.743020 -0.056614 -0.415821 0.217584 1.036611
0.376811 0.384613 -0.407282 -0.657865 -0.032329 -0.045626 -0.137761 -0.194422 0.538437 0.795644 0.595051 1.211465 0.189387 0.954344
0.376811 0.346155 -0.407282 -0.787996 -0.032329 -0.054652 -0.137761 -0.232881 0.511673 0.743020 -0.083377 -0.468446 0.217584 1.036611
0.376811 0.307691 -0.407282 -0.918147 -0.032329 -0.063678 -0.137761 -0.271345 0.486477 0.684760 0.569855 1.153205 0.248552 1.101009
0.376811 0.269232 -0.407282 -1.048278 -0.032329 -0.072704 -0.137761 -0.309803 0.463112 0.620392 -0.106743 -0.532813 0.281372 1.152381
0.391305 0.230768 -0.364432 -1.178429 -0.028928 -0.081730 -0.123267 -0.348268 0.454283 0.532841 0.561026 1.065654 0.309419 1.230612
0.391305 0.192309 -0.364432 -1.308560 -0.028928 -0.090756 -0.123267 -0.386726 0.436008 0.456790 -0.125019 -0.608864 0.345034 1.262231
0.420290 0.115387 -0.278739 -1.568843 -0.022126 -0.108808 -0.094282 -0.463649 0.435842 0.267939 0.560861 0.876803 0.410169 1.370184
0.434782 0.076923 -0.235895 -1.698994 -0.018725 -0.117834 -0.079790 -0.502113 0.441534 0.175110 -0.119326 -0.701693 0.444864 1.413205
0.463768 0.038464 -0.150201 -1.829125 -0.011923 -0.126860 -0.050805 -0.540571 0.465360 0.082749 0.584686 0.784442 0.478811 1.477088
0.507247 0.000000 -0.021658 -1.959276 -0.001719 -0.135886 -0.007326 -0.579035 0.507247 0.000000 -0.077439 -0.784442 0.514625 1.558146
0.536232 0.000000 0.064036 -1.959276 0.005083 -0.135886 0.021660 -0.579035 0.536232 0.000000 0.613672 0.784442 0.515028 -1.533407
0.565218 0.000000 0.149730 -1.959276 0.011885 -0.135886 0.050645 -0.579035 0.565218 0.000000 -0.048454 -0.784442 0.517059 -1.483553
0.579710 0.000000 0.192574 -1.959276 0.015286 -0.135886 0.065137 -0.579035 0.579710 0.000000 0.628163 0.784442 0.518679 -1.458775
0.623189 0.076923 0.321117 -1.698994 0.025490 -0.117834 0.108616 -0.502113 0.627918 0.122813 -0.000245 -0.661630 0.450927 -1.357760
0.623189 0.153845 0.321117 -1.438711 0.025490 -0.099782 0.108616 -0.425190 0.641898 0.242029 0.642143 0.903658 0.376725 -1.320692
0.637680 0.192309 0.363961 -1.308560 0.028891 -0.090756 0.123108 -0.386726 0.666048 0.292903 0.023905 -0.610756 0.344977 -1.262605
0.637680 0.269232 0.363961 -1.048278 0.028891 -0.072704 0.123108 -0.309803 0.692187 0.399501 0.668282 1.010257 0.274495 -1.192555
0.637680 0.423077 0.363961 -0.527714 0.028891 -0.036600 0.123108 -0.155958 0.765265 0.585781 0.096983 -0.424475 0.153385 -0.902573
0.637680 0.500000 0.363961 -0.267431 0.028891 -0.018548 0.123108 -0.079035 0.810331 0.664965 0.713348 1.089441 0.123967 -0.570732
0.623189 0.576923 0.321117 -0.007149 0.025490 -0.000496 0.108616 -0.002113 0.849237 0.746866 0.135890 -0.342575 0.125240 -0.019450
0.608695 0.730768 0.278267 0.513415 0.022088 0.035608 0.094123 0.151732 0.951069 0.876283 0.815179 1.218858 0.235795 1.015570
0.594203 0.769226 0.235424 0.643547 0.018688 0.044633 0.079631 0.190191 0.972001 0.913070 0.156823 -0.305788 0.266814 1.174283
0.565218 0.846149 0.149730 0.903829 0.011885 0.062685 0.050645 0.267113 1.017565 0.981879 0.860743 1.287667 0.335422 1.383418
0.565218 0.884613 0.149730 1.033980 0.011885 0.071712 0.050645 0.305578 1.049767 1.002233 0.189025 -0.285434 0.373490 1.406553
0.550724 0.923077 0.106880 1.164131 0.008484 0.080739 0.036152 0.344042 1.074881 1.032868 0.885856 1.318302 0.410101 1.466102
0.550724 0.961536 0.106880 1.294262 0.008484 0.089764 0.036152 0.382500 1.108083 1.050651 0.222227 -0.267651 0.448423 1.476562
0.550724 1.000000 0.106880 1.424413 0.008484 0.098791 0.036152 0.420965 1.141620 1.067397 0.919393 1.335048 0.486772 1.485129
0.579710 1.000000 0.192574 1.424413 0.015286 0.098791 0.065137 0.420965 1.155882 1.045430 0.236489 -0.289618 0.489778 1.417281
0.608695 1.000000 0.278267 1.424413 0.022088 0.098791 0.094123 0.420965 1.170688 1.024008 0.934199 1.313626 0.494468 1.350826
0.652174 1.000000 0.406811 1.424413 0.032292 0.098791 0.137602 0.420965 1.193872 0.992894 0.259673 -0.320732 0.504553 1.254872
0.710145 1.000000 0.578199 1.424413 0.045896 0.098791 0.195573 0.420965 1.226502 0.953294 0.966828 1.274026 0.523344 1.135882
0.753625 1.000000 0.706742 1.424413 0.056100 0.098791 0.239052 0.420965 1.252178 0.924980 0.285350 -0.349047 0.541097 1.054339
0.826087 1.000000 0.920973 1.424413 0.073105 0.098791 0.311515 0.420965 1.297081 0.880350 1.011732 1.229396 0.576785 0.933725
0.855073 1.000000 1.006667 1.424413 0.079908 0.098791 0.340500 0.420965 1.315731 0.863365 0.304000 -0.366032 0.592942 0.890678
0.898552 1.000000 1.135211 1.424413 0.090111 0.098791 0.383979 0.420965 1.344394 0.838782 1.040394 1.204813 0.618935 0.831313
0.913044 1.000000 1.178055 1.424413 0.093512 0.098791 0.398471 0.420965 1.354123 0.830821 0.313729 -0.373992 0.628028 0.812841
0.927537 1.000000 1.220905 1.424413 0.096913 0.098791 0.412965 0.420965 1.363938 0.822974 1.050209 1.196966 0.637322 0.794991
0.913044 0.961536 1.178055 1.294262 0.093512 0.089764 0.398471 0.382500 1.325971 0.811261 0.275762 -0.385705 0.598795 0.764951
0.898552 0.961536 1.135211 1.294262 0.090111 0.089764 0.383979 0.382500 1.316034 0.819246 1.040272 1.204951 0.589251 0.783468
0.884058 0.923077 1.092361 1.164131 0.086710 0.080739 0.369486 0.344042 1.278136 0.806987 0.237863 -0.397964 0.550814 0.749754
0.855073 0.923077 1.006667 1.164131 0.079908 0.080739 0.340500 0.344042 1.258261 0.823624 1.020398 1.221589 0.531805 0.790572
0.826087 0.846149 0.920973 0.903829 0.073105 0.062685 0.311515 0.267113 1.182535 0.797395 0.162137 -0.424194 0.454955 0.708813
0.811596 0.807691 0.878130 0.773698 0.069705 0.053660 0.297023 0.228655 1.145011 0.782987 0.982875 1.207181 0.417302 0.656067
0.797102 0.730768 0.835280 0.513415 0.066303 0.035608 0.282529 0.151732 1.081385 0.742010 0.098510 -0.465171 0.355757 0.492847
0.811596 0.653845 0.878130 0.253133 0.069705 0.017556 0.297023 0.074810 1.042210 0.678164 0.943700 1.143335 0.328054 0.246733
0.826087 0.615381 0.920973 0.122982 0.073105 0.008529 0.311515 0.036346 1.030104 0.640251 0.086404 -0.503084 0.327420 0.116149
0.855073 0.576923 1.006667 -0.007149 0.079908 -0.000496 0.340500 -0.002113 1.031498 0.593548 0.945094 1.096631 0.346162 -0.006205
0.898552 0.576923 1.135211 -0.007149 0.090111 -0.000496 0.383979 -0.002113 1.067818 0.570772 0.122724 -0.525860 0.389009 -0.005502
0.942029 0.576923 1.263748 -0.007149 0.100314 -0.000496 0.427457 -0.002113 1.104653 0.549506 0.981929 1.075365 0.431980 -0.004943
0.985508 0.615381 1.392292 0.122982 0.110518 0.008529 0.470936 0.036346 1.161861 0.558189 0.179931 -0.517176 0.481605 0.077025
0.985508 0.653845 1.392292 0.253133 0.110518 0.017556 0.470936 0.074810 1.182684 0.585779 1.002752 1.102955 0.491098 0.157537
1.000000 0.730768 1.435136 0.513415 0.113919 0.035608 0.485428 0.151732 1.238556 0.631079 0.235804 -0.471877 0.531395 0.302953
1.000000 0.807691 1.435136 0.773698 0.113919 0.053660 0.485428 0.228655 1.285443 0.679413 1.049639 1.151289 0.567061 0.440211
0.985508 0.884613 1.392292 1.033980 0.110518 0.071712 0.470936 0.305578 1.324299 0.731499 0.274660 -0.419790 0.598925 0.575583
0.956523 0.923077 1.306598 1.164131 0.103716 0.080739 0.441950 0.344042 1.329288 0.767606 1.054629 1.187396 0.601828 0.661470
0.927537 0.923077 1.220905 1.164131 0.096913 0.080739 0.412965 0.344042 1.308586 0.782988 0.253957 -0.404408 0.580875 0.694602
0.913044 0.961536 1.178055 1.294262 0.093512 0.089764 0.398471 0.382500 1.325971 0.811261 1.072014 1.215669 0.598795 0.764951
