0.000000 0.600000 -1.376996 0.335982 -0.115304 0.027475 -0.466934 0.111261 0.600000 1.570796 0.600000 1.570796 0.485525 -0.233919
0.021275 0.600000 -1.314256 0.335982 -0.110050 0.027475 -0.445659 0.111261 0.600377 1.535353 0.000377 -0.035443 0.465101 -0.244655
0.085106 0.566664 -1.126016 0.235316 -0.094288 0.019243 -0.381828 0.077926 0.573019 1.421722 0.572642 1.457166 0.394637 -0.201321
0.127659 0.566664 -1.000526 0.235316 -0.083780 0.019243 -0.339275 0.077926 0.580866 1.349213 0.008223 -0.107953 0.353629 -0.225767
0.170212 0.600000 -0.875037 0.335982 -0.073272 0.027475 -0.296722 0.111261 0.623676 1.294372 0.615453 1.402324 0.325193 -0.358743
0.191487 0.600000 -0.812297 0.335982 -0.068018 0.027475 -0.275447 0.111261 0.629815 1.261868 0.014362 -0.140456 0.305904 -0.383890
0.212766 0.600000 -0.749547 0.335982 -0.062764 0.027475 -0.254169 0.111261 0.636608 1.230021 0.622245 1.370477 0.286894 -0.412617
0.170212 0.566664 -0.875037 0.235316 -0.073272 0.019243 -0.296722 0.077926 0.591676 1.278994 -0.030569 -0.091482 0.313033 -0.256822
0.127659 0.499997 -1.000526 0.033999 -0.083780 0.002780 -0.339275 0.011259 0.516037 1.320817 0.546606 1.412299 0.340882 -0.033173
0.085106 0.433331 -1.126016 -0.167318 -0.094288 -0.013682 -0.381828 -0.055408 0.441609 1.376865 -0.104997 -0.035435 0.383304 0.144106
0.063828 0.400000 -1.188766 -0.267969 -0.099542 -0.021913 -0.403106 -0.088739 0.405061 1.412560 0.510058 1.447995 0.408625 0.216681
0.021275 0.333333 -1.314256 -0.469286 -0.110050 -0.038375 -0.445659 -0.155405 0.334012 1.507058 -0.176046 0.059063 0.465254 0.335524
0.000000 0.266667 -1.376996 -0.670603 -0.115304 -0.054838 -0.466934 -0.222072 0.266667 1.570796 0.442713 1.511733 0.508069 0.443934
0.000000 0.200000 -1.376996 -0.871920 -0.115304 -0.071300 -0.466934 -0.288739 0.200000 1.570796 -0.242713 0.059063 0.537849 0.553818
0.000000 0.133333 -1.376996 -1.073237 -0.115304 -0.087763 -0.466934 -0.355405 0.133333 1.570796 0.376046 1.511733 0.573862 0.650597
0.000000 0.066667 -1.376996 -1.274554 -0.115304 -0.104225 -0.466934 -0.422072 0.066667 1.570796 -0.309379 0.059063 0.615014 0.734978
0.021275 0.033331 -1.314256 -1.375220 -0.110050 -0.112457 -0.445659 -0.455408 0.039542 1.002692 0.348921 0.943629 0.621791 0.796217
0.042553 0.000000 -1.251506 -1.475871 -0.104796 -0.120688 -0.424381 -0.488739 0.042553 0.000000 -0.306368 -0.943629 0.630973 0.855763
0.085106 0.000000 -1.126016 -1.475871 -0.094288 -0.120688 -0.381828 -0.488739 0.085106 0.000000 0.391474 0.943629 0.603175 0.907592
0.127659 0.000000 -1.000526 -1.475871 -0.083780 -0.120688 -0.339275 -0.488739 0.127659 0.000000 -0.263815 -0.943629 0.577178 0.963984
0.170212 0.033331 -0.875037 -1.375220 -0.073272 -0.112457 -0.296722 -0.455408 0.173445 0.193372 0.437260 1.137001 0.525410 0.993331
0.212766 0.066667 -0.749547 -1.274554 -0.062764 -0.104225 -0.254169 -0.422072 0.222966 0.303644 -0.214295 -0.833357 0.474147 1.028766
0.234041 0.099997 -0.686807 -1.173903 -0.057510 -0.095995 -0.232894 -0.388741 0.254508 0.403788 0.468803 1.237145 0.434606 1.031041
0.255319 0.133333 -0.624057 -1.073237 -0.052256 -0.087763 -0.211615 -0.355405 0.288037 0.481268 -0.180766 -0.755877 0.395058 1.033751
0.255319 0.166664 -0.624057 -0.972586 -0.052256 -0.079532 -0.211615 -0.322074 0.304901 0.578319 0.485667 1.334197 0.367346 0.989489
0.276594 0.166664 -0.561317 -0.972586 -0.047002 -0.079532 -0.190340 -0.322074 0.322926 0.542299 -0.162741 -0.791897 0.355516 1.037033
0.276594 0.200000 -0.561317 -0.871920 -0.047002 -0.071300 -0.190340 -0.288739 0.341327 0.626050 0.504068 1.417947 0.327847 0.987971
0.276594 0.166664 -0.561317 -0.972586 -0.047002 -0.079532 -0.190340 -0.322074 0.322926 0.542299 -0.181142 -0.875648 0.355516 1.037033
0.276594 0.133333 -0.561317 -1.073237 -0.047002 -0.087763 -0.190340 -0.355405 0.307053 0.449189 0.488196 1.324837 0.384082 1.079108
0.297872 0.099997 -0.498567 -1.173903 -0.041748 -0.095995 -0.169062 -0.388741 0.314209 0.323885 -0.173987 -1.000952 0.404011 1.160573
0.297872 0.066667 -0.498567 -1.274554 -0.041748 -0.104225 -0.169062 -0.422072 0.305241 0.220181 0.479228 1.221133 0.434507 1.189813
0.340425 0.033331 -0.373077 -1.375220 -0.031240 -0.112457 -0.126509 -0.455408 0.342053 0.097598 -0.137175 -1.123535 0.451682 1.299835
0.382978 0.000000 -0.247588 -1.475871 -0.020732 -0.120688 -0.083956 -0.488739 0.382978 0.000000 0.520153 1.123535 0.474422 1.400676
0.425531 0.000000 -0.122098 -1.475871 -0.010224 -0.120688 -0.041403 -0.488739 0.425531 0.000000 -0.094622 -1.123535 0.468766 1.486284
0.468084 0.000000 0.003392 -1.475871 0.000284 -0.120688 0.001150 -0.488739 0.468084 0.000000 0.562707 1.123535 0.466936 -1.568443
0.510637 0.000000 0.128882 -1.475871 0.010792 -0.120688 0.043703 -0.488739 0.510637 0.000000 -0.052069 -1.123535 0.468975 -1.481613
0.574466 0.099997 0.317112 -1.173903 0.026554 -0.095995 0.107531 -0.388741 0.583104 0.172344 0.635173 1.295879 0.382368 -1.300930
0.595744 0.166664 0.379861 -0.972586 0.031808 -0.079532 0.128810 -0.322074 0.618617 0.272784 -0.016556 -1.023094 0.326732 -1.190344
0.595744 0.233331 0.379861 -0.771269 0.031808 -0.063070 0.128810 -0.255408 0.639808 0.373299 0.656363 1.396393 0.266763 -1.103692
0.574466 0.333333 0.317112 -0.469286 0.026554 -0.038375 0.107531 -0.155405 0.664170 0.525770 0.007807 -0.870623 0.171500 -0.965499
0.553191 0.433331 0.254371 -0.167318 0.021300 -0.013682 0.086256 -0.055408 0.702706 0.664493 0.694899 1.535116 0.092571 -0.570987
0.531912 0.533333 0.191622 0.134665 0.016046 0.011012 0.064978 0.044595 0.753243 0.786732 0.058344 -0.748384 0.092903 0.601473
0.510637 0.600000 0.128882 0.335982 0.010792 0.027475 0.043703 0.111261 0.787877 0.865686 0.729533 1.614070 0.140059 1.196514
0.446806 0.700003 -0.059358 0.637965 -0.004970 0.052169 -0.020128 0.211264 0.830445 1.002696 0.100912 -0.611374 0.233936 -1.475809
0.425531 0.766669 -0.122098 0.839282 -0.010224 0.068631 -0.041403 0.277931 0.876846 1.064093 0.775934 1.675467 0.302581 -1.422915
0.404253 0.800000 -0.184848 0.939933 -0.015478 0.076862 -0.062681 0.311261 0.896337 1.102905 0.120404 -0.572562 0.338913 -1.372076
0.404253 0.833336 -0.184848 1.040599 -0.015478 0.085094 -0.062681 0.344597 0.926212 1.119138 0.805809 1.691700 0.371725 -1.390867
0.425531 0.833336 -0.122098 1.040599 -0.010224 0.085094 -0.041403 0.344597 0.935695 1.098676 0.129887 -0.593024 0.368733 -1.451221
0.446806 0.833336 -0.059358 1.040599 -0.004970 0.085094 -0.020128 0.344597 0.945560 1.078636 0.815674 1.671660 0.366954 -1.512452
0.510637 0.833336 0.128882 1.040599 0.010792 0.085094 0.043703 0.344597 0.977343 1.021045 0.161669 -0.650615 0.368999 1.444646
0.574466 0.866667 0.317112 1.141250 0.026554 0.093325 0.107531 0.377928 1.039770 0.985444 0.878101 1.636059 0.413943 1.293593
0.659575 0.900003 0.568101 1.241916 0.047570 0.101556 0.192641 0.411264 1.115815 0.938356 0.237714 -0.697703 0.473982 1.132737
0.787234 0.933333 0.944570 1.342567 0.079094 0.109787 0.320300 0.444595 1.221003 0.870108 0.983289 1.567812 0.565792 0.946489
0.808509 0.933333 1.007310 1.342567 0.084348 0.109787 0.341575 0.444595 1.234827 0.856938 0.251538 -0.710874 0.578102 0.915696
0.872341 0.966669 1.195550 1.443233 0.100110 0.118019 0.405406 0.477931 1.302086 0.836646 1.050547 1.547520 0.643498 0.867317
0.893616 0.966669 1.258290 1.443233 0.105364 0.118019 0.426681 0.477931 1.316434 0.824648 0.265886 -0.722872 0.657109 0.841991
0.914894 0.966669 1.321039 1.443233 0.110618 0.118019 0.447960 0.477931 1.330970 0.812908 1.065083 1.535780 0.671121 0.817757
0.936169 0.933333 1.383780 1.342567 0.115872 0.109787 0.469235 0.444595 1.321939 0.783882 0.256856 -0.751899 0.661596 0.758441
0.936169 0.900003 1.383780 1.241916 0.115872 0.101556 0.469235 0.411264 1.298621 0.765704 1.041765 1.517603 0.638537 0.719655
0.957447 0.833336 1.446529 1.040599 0.121126 0.085094 0.490513 0.344597 1.269312 0.716203 0.227547 -0.801400 0.612252 0.612418
0.957447 0.766669 1.446529 0.839282 0.121126 0.068631 0.490513 0.277931 1.226575 0.675194 0.999028 1.476594 0.574842 0.515508
0.957447 0.633331 1.446529 0.436633 0.121126 0.035705 0.490513 0.144592 1.147960 0.584402 0.148932 -0.892191 0.517968 0.286659
0.957447 0.600000 1.446529 0.335982 0.121126 0.027475 0.490513 0.111261 1.129914 0.559797 0.980981 1.451988 0.508241 0.223052
0.936169 0.566664 1.383780 0.235316 0.115872 0.019243 0.469235 0.077926 1.094313 0.544308 0.113331 -0.907680 0.479716 0.164568
0.872341 0.566664 1.195550 0.235316 0.100110 0.019243 0.405406 0.077926 1.040234 0.576087 0.926902 1.483767 0.417493 0.189900
0.829788 0.600000 1.070060 0.335982 0.089602 0.027475 0.362853 0.111261 1.023986 0.626046 0.097084 -0.857721 0.386483 0.297527
0.808509 0.633331 1.007310 0.436633 0.084348 0.035705 0.341575 0.144592 1.027032 0.664494 0.929949 1.522215 0.379949 0.400438
0.808509 0.700003 1.007310 0.637965 0.084348 0.052169 0.341575 0.211264 1.069435 0.713592 0.139486 -0.808623 0.413515 0.553911
0.829788 0.766669 1.070060 0.839282 0.089602 0.068631 0.362853 0.277931 1.129747 0.745882 0.990261 1.554505 0.470642 0.653636
0.893616 0.866667 1.258290 1.141250 0.105364 0.093325 0.426681 0.377928 1.244853 0.770090 0.254592 -0.784415 0.584673 0.724880
0.914894 0.900003 1.321039 1.241916 0.110618 0.101556 0.447960 0.411264 1.283369 0.777193 1.028776 1.561608 0.623070 0.742716
0.957447 0.966669 1.446529 1.443233 0.121126 0.118019 0.490513 0.477931 1.360571 0.790191 0.331795 -0.771417 0.700241 0.772407
0.978722 0.966669 1.509269 1.443233 0.126380 0.118019 0.511788 0.477931 1.375626 0.779203 1.043831 1.550620 0.715305 0.751203
1.000000 1.000000 1.572019 1.543884 0.131634 0.126250 0.533066 0.511261 1.414214 0.785398 0.370383 -0.765222 0.753869 0.764522
