0.000000 0.642854 -1.416154 0.365425 -0.136493 0.034459 -0.467333 0.117982 0.642854 1.570796 0.642854 1.570796 0.499207 -0.247291
0.048780 0.642854 -1.268336 0.365425 -0.122246 0.034459 -0.418553 0.117982 0.644702 1.495060 0.001848 -0.075736 0.453866 -0.274752
0.073169 0.642854 -1.194432 0.365425 -0.115123 0.034459 -0.394165 0.117982 0.647004 1.457465 0.645156 1.533201 0.431478 -0.290835
0.121949 0.642854 -1.046613 0.365425 -0.100876 0.034459 -0.345384 0.117982 0.654318 1.383324 0.009162 -0.149877 0.387424 -0.329169
0.146341 0.642854 -0.972698 0.365425 -0.093752 0.034459 -0.320992 0.117982 0.659300 1.346968 0.650138 1.496845 0.365846 -0.352227
0.170730 0.642854 -0.898795 0.365425 -0.086629 0.034459 -0.296604 0.117982 0.665139 1.311208 0.015001 -0.185637 0.344647 -0.378588
0.195122 0.642854 -0.824880 0.365425 -0.079504 0.034459 -0.272212 0.117982 0.671813 1.276110 0.656813 1.461746 0.323893 -0.408981
0.170730 0.607142 -0.898795 0.254816 -0.086629 0.024029 -0.296604 0.082271 0.630690 1.296673 -0.026122 -0.165073 0.327903 -0.270574
0.170730 0.571425 -0.898795 0.144191 -0.086629 0.013597 -0.296604 0.046554 0.596386 1.280461 0.622508 1.445533 0.314339 -0.155687
0.121949 0.499997 -1.046613 -0.077043 -0.100876 -0.007265 -0.345384 -0.024874 0.514654 1.331567 -0.107854 -0.113966 0.346925 0.071895
0.073169 0.357141 -1.194432 -0.519510 -0.115123 -0.048989 -0.394165 -0.167731 0.364559 1.368719 0.472413 1.482685 0.409278 0.402323
0.048780 0.285713 -1.268336 -0.740743 -0.122246 -0.069851 -0.418553 -0.239159 0.289847 1.401695 -0.182566 -0.080990 0.456260 0.519120
0.024388 0.142856 -1.342250 -1.183211 -0.129370 -0.111574 -0.442945 -0.382015 0.144923 1.401707 0.327489 1.482698 0.549077 0.711674
0.048780 0.035717 -1.268336 -1.515053 -0.122246 -0.142867 -0.418553 -0.489155 0.060458 0.632009 -0.267031 -0.850689 0.601232 0.863022
0.097561 0.000000 -1.120517 -1.625678 -0.107999 -0.153298 -0.369773 -0.524871 0.097561 0.000000 0.364591 0.850689 0.595930 0.957056
0.121949 0.000000 -1.046613 -1.625678 -0.100876 -0.153298 -0.345384 -0.524871 0.121949 0.000000 -0.242642 -0.850689 0.581112 0.988793
0.195122 0.035717 -0.824880 -1.515053 -0.079504 -0.142867 -0.272212 -0.489155 0.198364 0.181045 0.441006 1.031734 0.510286 1.062981
0.219510 0.071428 -0.750976 -1.404444 -0.072381 -0.132436 -0.247824 -0.453443 0.230839 0.314592 -0.210167 -0.717141 0.467073 1.070616
0.219510 0.107145 -0.750976 -1.293819 -0.072381 -0.122005 -0.247824 -0.417727 0.244264 0.454090 0.454430 1.171232 0.437210 1.035342
0.243902 0.142856 -0.677061 -1.183211 -0.065257 -0.111574 -0.223431 -0.382015 0.282659 0.529848 -0.171771 -0.641384 0.393963 1.041572
0.243902 0.178573 -0.677061 -1.072585 -0.065257 -0.101143 -0.223431 -0.346298 0.302286 0.631980 0.474057 1.273364 0.365108 0.997803
0.268290 0.214285 -0.603158 -0.961977 -0.058134 -0.090713 -0.199043 -0.310587 0.343362 0.673950 -0.130695 -0.599414 0.321950 1.000872
0.268290 0.178573 -0.603158 -1.072585 -0.058134 -0.101143 -0.199043 -0.346298 0.322286 0.587261 0.452980 1.186675 0.350715 1.049132
0.292682 0.142856 -0.529243 -1.183211 -0.051010 -0.111574 -0.174651 -0.382015 0.325685 0.454077 -0.127295 -0.732598 0.368495 1.141985
0.317071 0.107145 -0.455339 -1.293819 -0.043887 -0.122005 -0.150263 -0.417727 0.334685 0.325874 0.461980 1.058472 0.390275 1.225493
0.390243 0.071428 -0.233606 -1.404444 -0.022516 -0.132436 -0.077090 -0.453443 0.396726 0.181031 -0.065254 -0.877441 0.403341 1.402396
0.487804 0.035717 0.062032 -1.515053 0.005979 -0.142867 0.020471 -0.489155 0.489110 0.073089 0.554364 0.950530 0.432102 -1.528972
0.585365 0.071428 0.357669 -1.404444 0.034473 -0.132436 0.118031 -0.453443 0.589707 0.121423 0.035343 -0.829107 0.413125 -1.316147
0.634145 0.178573 0.505487 -1.072585 0.048720 -0.101143 0.166812 -0.346298 0.658808 0.274489 0.623465 1.103596 0.333480 -1.121896
0.634145 0.285713 0.505487 -0.740743 0.048720 -0.069851 0.166812 -0.239159 0.695537 0.423309 0.072072 -0.680286 0.246601 -0.961754
0.634145 0.357141 0.505487 -0.519510 0.048720 -0.048989 0.166812 -0.167731 0.727798 0.512910 0.655726 1.193196 0.199921 -0.788145
0.560976 0.499997 0.283765 -0.077043 0.027350 -0.007265 0.093643 -0.024874 0.751460 0.727987 0.095734 -0.465209 0.099176 -0.259632
0.512192 0.642854 0.135935 0.365425 0.013102 0.034459 0.044859 0.117982 0.821950 0.898042 0.726216 1.363251 0.181162 1.207459
0.487804 0.678570 0.062032 0.476050 0.005979 0.044891 0.020471 0.153699 0.835710 0.947518 0.109493 -0.415733 0.212227 1.438390
0.439024 0.749999 -0.085787 0.697283 -0.008268 0.065752 -0.028310 0.225127 0.869045 1.041207 0.759552 1.456940 0.284079 -1.445702
0.439024 0.821427 -0.085787 0.918517 -0.008268 0.086614 -0.028310 0.296555 0.931388 1.079959 0.171836 -0.376981 0.355223 -1.475622
0.439024 0.857144 -0.085787 1.029142 -0.008268 0.097046 -0.028310 0.332272 0.963035 1.097441 0.791199 1.474422 0.390837 -1.485801
0.487804 0.857144 0.062032 1.029142 0.005979 0.097046 0.020471 0.332272 0.986229 1.053404 0.195030 -0.421018 0.390347 1.509266
0.585365 0.892855 0.357669 1.139751 0.034473 0.107476 0.118031 0.367984 1.067634 0.990487 0.872604 1.411505 0.441588 1.260412
0.707318 0.964283 0.727221 1.360984 0.070092 0.128338 0.239984 0.439412 1.195885 0.937928 0.323281 -0.473577 0.551862 1.070915
0.780486 1.000000 0.948943 1.471609 0.091462 0.138770 0.313153 0.475129 1.268526 0.908068 0.945245 1.381645 0.617898 0.988057
0.804878 1.000000 1.022858 1.471609 0.098586 0.138770 0.337545 0.475129 1.283678 0.893088 0.338433 -0.488557 0.630611 0.953105
0.878047 1.000000 1.244580 1.471609 0.119956 0.138770 0.410714 0.475129 1.330777 0.850243 0.992344 1.338800 0.672621 0.857986
0.902439 1.000000 1.318495 1.471609 0.127081 0.138770 0.435106 0.475129 1.346995 0.836635 0.354651 -0.502165 0.687787 0.829340
0.951220 0.821427 1.466313 0.918517 0.141328 0.086614 0.483886 0.296555 1.256806 0.712309 0.902154 1.214474 0.599606 0.549823
0.951220 0.785715 1.466313 0.807909 0.141328 0.076184 0.483886 0.260844 1.233762 0.690400 0.331607 -0.524074 0.579235 0.494406
0.951220 0.642854 1.466313 0.365425 0.141328 0.034459 0.483886 0.117982 1.148076 0.594313 0.816469 1.118387 0.514736 0.239156
0.926828 0.607142 1.392399 0.254816 0.134204 0.024029 0.459494 0.082271 1.107985 0.579935 0.291516 -0.538452 0.480293 0.177169
0.853659 0.571425 1.170676 0.144191 0.112833 0.013597 0.386325 0.046554 1.027259 0.589881 0.735743 1.128333 0.400103 0.119926
0.829267 0.642854 1.096761 0.365425 0.105709 0.034459 0.361933 0.117982 1.049259 0.659440 0.313516 -0.468894 0.402248 0.315116
0.829267 0.678570 1.096761 0.476050 0.105709 0.044891 0.361933 0.153699 1.071514 0.685787 0.757998 1.154680 0.419067 0.401584
0.829267 0.785715 1.096761 0.807909 0.105709 0.076184 0.361933 0.260844 1.142380 0.758438 0.384382 -0.396243 0.482040 0.624481
0.853659 0.821427 1.170676 0.918517 0.112833 0.086614 0.386325 0.296555 1.184684 0.766159 0.800301 1.162401 0.524051 0.654690
0.926828 0.928572 1.392399 1.250376 0.134204 0.117908 0.459494 0.403700 1.311966 0.786338 0.511665 -0.376063 0.651057 0.720852
0.975608 0.964283 1.540217 1.360984 0.148451 0.128338 0.508274 0.439412 1.371734 0.779560 0.860069 1.155624 0.710846 0.712862
1.000000 1.000000 1.614132 1.471609 0.155575 0.138770 0.532667 0.475129 1.414214 0.785398 0.554145 -0.370225 0.753304 0.728367
