0.000000 0.800001 -1.555013 0.895036 -0.118906 0.061953 -0.538755 0.280703 0.800001 1.570796 0.800001 1.570796 0.598754 -0.480323
0.022725 0.800001 -1.489420 0.895036 -0.113891 0.061953 -0.516030 0.280703 0.800324 1.542397 0.000323 -0.028399 0.578391 -0.498199
0.090909 0.833332 -1.292622 1.001312 -0.098842 0.069309 -0.447847 0.314034 0.838276 1.462135 0.837953 1.490534 0.536043 -0.611536
0.136363 0.833332 -1.161427 1.001312 -0.088810 0.069309 -0.402392 0.314034 0.844415 1.408598 0.006462 -0.081937 0.498693 -0.662685
0.181818 0.833332 -1.030232 1.001312 -0.078778 0.069309 -0.356938 0.314034 0.852936 1.355981 0.846474 1.437918 0.462796 -0.721542
0.227272 0.833332 -0.899036 1.001312 -0.068746 0.069309 -0.311483 0.314034 0.863767 1.304545 0.017294 -0.133373 0.428716 -0.789475
0.250001 0.833332 -0.833434 1.001312 -0.063730 0.069309 -0.288754 0.314034 0.870024 1.279338 0.852730 1.412711 0.412498 -0.827311
0.272726 0.833332 -0.767841 1.001312 -0.058714 0.069309 -0.266029 0.314034 0.876825 1.254511 0.024094 -0.158201 0.396921 -0.867968
0.295455 0.833332 -0.702239 1.001312 -0.053698 0.069309 -0.243300 0.314034 0.884158 1.230076 0.860064 1.388277 0.382060 -0.911638
0.318181 0.833332 -0.636646 1.001312 -0.048682 0.069309 -0.220575 0.314034 0.892009 1.206062 0.031945 -0.182215 0.368006 -0.958467
0.318181 0.800001 -0.636646 0.895036 -0.048682 0.061953 -0.220575 0.280703 0.860953 1.192252 0.829008 1.374468 0.341910 -0.904778
0.295455 0.800001 -0.702239 0.895036 -0.053698 0.061953 -0.243300 0.280703 0.852816 1.217016 0.023808 -0.157452 0.356993 -0.856657
0.250001 0.733335 -0.833434 0.682467 -0.063730 0.047239 -0.288754 0.214037 0.774778 1.242243 0.750969 1.399694 0.348196 -0.637872
0.204546 0.699999 -0.964629 0.576174 -0.073762 0.039882 -0.334209 0.180701 0.729272 1.286502 -0.021697 -0.113192 0.371073 -0.495662
0.181818 0.633333 -1.030232 0.363605 -0.078778 0.025168 -0.356938 0.114035 0.658914 1.291234 0.680611 1.404426 0.369255 -0.309232
0.159092 0.599997 -1.095824 0.257313 -0.083794 0.017811 -0.379663 0.080699 0.620731 1.311606 -0.059881 -0.092820 0.384571 -0.209437
0.113634 0.533331 -1.227030 0.044744 -0.093827 0.003097 -0.425121 0.014033 0.545302 1.360870 0.605183 1.453690 0.425156 -0.032997
0.090909 0.433334 -1.292622 -0.274102 -0.098842 -0.018973 -0.447847 -0.085964 0.442767 1.364006 -0.162416 -0.089685 0.460087 0.189644
0.090909 0.366667 -1.292622 -0.486671 -0.098842 -0.033686 -0.447847 -0.152631 0.377769 1.327764 0.540185 1.417449 0.479772 0.328465
0.068180 0.300001 -1.358225 -0.699240 -0.103859 -0.048400 -0.470575 -0.219297 0.307651 1.347327 -0.232534 -0.070122 0.527679 0.436095
0.045454 0.233335 -1.423818 -0.911809 -0.108874 -0.063114 -0.493301 -0.285963 0.237721 1.378402 0.470254 1.448525 0.580196 0.525354
0.045454 0.199999 -1.423818 -1.018101 -0.108874 -0.070471 -0.493301 -0.319299 0.205099 1.347319 -0.265155 -0.101205 0.598416 0.574454
0.045454 0.133333 -1.423818 -1.230670 -0.108874 -0.085185 -0.493301 -0.385965 0.140868 1.242243 0.406023 1.343448 0.638524 0.663925
0.045454 0.100002 -1.423818 -1.336947 -0.108874 -0.092541 -0.493301 -0.419296 0.109848 1.144178 -0.296175 -0.199270 0.660190 0.704483
0.090909 0.033336 -1.292622 -1.549516 -0.098842 -0.107255 -0.447847 -0.485962 0.096828 0.351469 0.393003 0.550739 0.675289 0.826193
0.136363 0.000000 -1.161427 -1.655808 -0.088810 -0.114612 -0.402392 -0.519298 0.136363 0.000000 -0.256640 -0.550739 0.672441 0.911563
0.181818 0.000000 -1.030232 -1.655808 -0.078778 -0.114612 -0.356938 -0.519298 0.181818 0.000000 0.438458 0.550739 0.646268 0.968613
0.204546 0.000000 -0.964629 -1.655808 -0.073762 -0.114612 -0.334209 -0.519298 0.204546 0.000000 -0.233911 -0.550739 0.633997 0.998949
0.250001 0.000000 -0.833434 -1.655808 -0.063730 -0.114612 -0.288754 -0.519298 0.250001 0.000000 0.483912 0.550739 0.611258 1.063322
0.272726 0.000000 -0.767841 -1.655808 -0.058714 -0.114612 -0.266029 -0.519298 0.272726 0.000000 -0.211186 -0.550739 0.600857 1.097369
0.295455 0.033336 -0.702239 -1.549516 -0.053698 -0.107255 -0.243300 -0.485962 0.297330 0.112353 0.508516 0.663092 0.560931 1.106624
0.340910 0.100002 -0.571043 -1.336947 -0.043666 -0.092541 -0.197846 -0.419296 0.355274 0.285334 -0.153241 -0.377758 0.481298 1.129920
0.363635 0.133333 -0.505451 -1.230670 -0.038650 -0.085185 -0.175120 -0.385965 0.387309 0.351444 0.540550 0.729202 0.441627 1.144853
0.386364 0.166668 -0.439848 -1.124378 -0.033634 -0.077827 -0.152391 -0.352630 0.420780 0.407259 -0.119771 -0.321943 0.402084 1.162880
0.386364 0.199999 -0.439848 -1.018101 -0.033634 -0.070471 -0.152391 -0.319299 0.435059 0.477663 0.554830 0.799606 0.371455 1.125499
0.409090 0.233335 -0.374255 -0.911809 -0.028618 -0.063114 -0.129666 -0.285963 0.470956 0.518352 -0.083874 -0.281254 0.331806 1.145090
0.409090 0.266665 -0.374255 -0.805532 -0.028618 -0.055758 -0.129666 -0.252633 0.488328 0.577675 0.572203 0.858929 0.301407 1.096599
0.409090 0.300001 -0.374255 -0.699240 -0.028618 -0.048400 -0.129666 -0.219297 0.507302 0.632752 -0.064901 -0.226177 0.271693 1.036814
0.431818 0.266665 -0.308653 -0.805532 -0.023602 -0.055758 -0.106937 -0.252633 0.507521 0.553217 0.572422 0.779394 0.292350 1.170375
0.431818 0.233335 -0.308653 -0.911809 -0.023602 -0.063114 -0.106937 -0.285963 0.490828 0.495407 -0.081594 -0.283987 0.323600 1.212944
0.454544 0.199999 -0.243060 -1.018101 -0.018586 -0.070471 -0.084211 -0.319299 0.496598 0.414506 0.578192 0.698493 0.349066 1.312930
0.454544 0.133333 -0.243060 -1.230670 -0.018586 -0.085185 -0.084211 -0.385965 0.473696 0.285329 -0.104496 -0.413164 0.414076 1.355979
0.477273 0.100002 -0.177457 -1.336947 -0.013570 -0.092541 -0.061482 -0.419296 0.487637 0.206540 0.592133 0.619704 0.443040 1.425201
0.499998 0.066666 -0.111865 -1.443239 -0.008554 -0.099898 -0.038757 -0.452632 0.504423 0.132551 -0.087710 -0.487153 0.473677 1.485379
0.522727 0.066666 -0.046262 -1.443239 -0.003537 -0.099898 -0.016028 -0.452632 0.526961 0.126851 0.614671 0.614004 0.472361 1.535400
0.590907 0.033336 0.150526 -1.549516 0.011510 -0.107255 0.052152 -0.485962 0.591847 0.056355 -0.022825 -0.557649 0.508103 -1.463889
0.613636 0.000000 0.216129 -1.655808 0.016527 -0.114612 0.074881 -0.519298 0.613636 0.000000 0.636461 0.557649 0.543934 -1.427587
0.636361 0.000000 0.281721 -1.655808 0.021542 -0.114612 0.097606 -0.519298 0.636361 0.000000 -0.000099 -0.557649 0.547526 -1.385006
0.681816 0.000000 0.412917 -1.655808 0.031574 -0.114612 0.143061 -0.519298 0.681816 0.000000 0.681915 0.557649 0.557426 -1.301976
0.704545 0.000000 0.478519 -1.655808 0.036591 -0.114612 0.165789 -0.519298 0.704545 0.000000 0.022630 -0.557649 0.563687 -1.261768
0.727270 0.033336 0.544112 -1.549516 0.041606 -0.107255 0.188515 -0.485962 0.728034 0.045805 0.705404 0.603454 0.539432 -1.200746
0.749999 0.066666 0.609715 -1.443239 0.046623 -0.099898 0.211244 -0.452632 0.752956 0.088656 0.047552 -0.514798 0.517196 -1.134141
0.749999 0.100002 0.609715 -1.336947 0.046623 -0.092541 0.211244 -0.419296 0.756637 0.132554 0.709085 0.647353 0.486958 -1.104109
0.749999 0.166668 0.609715 -1.124378 0.046623 -0.077827 0.211244 -0.352630 0.768295 0.218671 0.059210 -0.428681 0.427870 -1.031073
0.749999 0.233335 0.609715 -0.911809 0.046623 -0.063114 0.211244 -0.285963 0.785458 0.301621 0.726248 0.730302 0.371357 -0.934560
0.749999 0.300001 0.609715 -0.699240 0.046623 -0.048400 0.211244 -0.219297 0.807774 0.380508 0.081527 -0.349794 0.318791 -0.804101
0.727270 0.399998 0.544112 -0.380394 0.041606 -0.026330 0.188515 -0.119300 0.830012 0.502843 0.748485 0.852637 0.234076 -0.564218
0.704545 0.466664 0.478519 -0.167825 0.036591 -0.011617 0.165789 -0.052634 0.845079 0.585017 0.096594 -0.267620 0.180785 -0.307409
0.681816 0.533331 0.412917 0.044744 0.031574 0.003097 0.143061 0.014033 0.865629 0.663806 0.769036 0.931425 0.143163 0.097776
0.659090 0.666663 0.347324 0.469882 0.026559 0.032524 0.120335 0.147365 0.937465 0.791110 0.168429 -0.140315 0.175616 0.886029
0.636361 0.699999 0.281721 0.576174 0.021542 0.039882 0.097606 0.180701 0.946020 0.832982 0.777591 0.973297 0.188485 1.075545
0.590907 0.766665 0.150526 0.788743 0.011510 0.054595 0.052152 0.247367 0.967960 0.914147 0.190369 -0.059150 0.233801 1.363012
0.590907 0.800001 0.150526 0.895036 0.011510 0.061953 0.052152 0.280703 0.994572 0.934610 0.804203 0.993760 0.266400 1.387101
0.568182 0.833332 0.084933 1.001312 0.006495 0.069309 0.029426 0.314034 1.008599 0.972377 0.204396 -0.021383 0.296042 1.477365
0.568182 0.866667 0.084933 1.107605 0.006495 0.076666 0.029426 0.347369 1.036312 0.990499 0.831916 1.011882 0.329230 1.486286
0.590907 0.866667 0.150526 1.107605 0.011510 0.076666 0.052152 0.347369 1.048944 0.972379 0.217028 -0.039503 0.332033 1.421776
0.613636 0.866667 0.216129 1.107605 0.016527 0.076666 0.074881 0.347369 1.061914 0.954694 0.844886 0.994197 0.336353 1.358480
0.636361 0.866667 0.281721 1.107605 0.021542 0.076666 0.097606 0.347369 1.075206 0.937443 0.230320 -0.056754 0.342130 1.296873
0.681816 0.866667 0.412917 1.107605 0.031574 0.076666 0.143061 0.347369 1.102717 0.904212 0.872397 0.960965 0.357761 1.180125
0.772725 0.899998 0.675307 1.213881 0.051638 0.084023 0.233969 0.380700 1.186212 0.861339 0.313815 -0.099626 0.430393 1.019728
0.818179 0.899998 0.806503 1.213881 0.061670 0.084023 0.279424 0.380700 1.216311 0.832982 0.902496 0.932608 0.456699 0.937631
0.886362 0.933334 1.003300 1.320174 0.076719 0.091380 0.347607 0.414036 1.287148 0.811205 0.384652 -0.121403 0.525854 0.872396
0.909091 0.933334 1.068903 1.320174 0.081735 0.091380 0.370336 0.414036 1.302904 0.798555 0.918252 0.919958 0.541148 0.841054
0.931817 0.933334 1.134496 1.320174 0.086751 0.091380 0.393061 0.414036 1.318861 0.786211 0.400609 -0.133746 0.556946 0.811380
0.954546 0.933334 1.200098 1.320174 0.091767 0.091380 0.415790 0.414036 1.335017 0.774163 0.934408 0.907909 0.573213 0.783284
0.977271 0.933334 1.265691 1.320174 0.096783 0.091380 0.438516 0.414036 1.351359 0.762406 0.416951 -0.145504 0.589905 0.756692
1.000000 0.899998 1.331294 1.213881 0.101799 0.084023 0.461245 0.380700 1.345361 0.732814 0.928410 0.878318 0.585869 0.690023
1.000000 0.833332 1.331294 1.001312 0.101799 0.069309 0.461245 0.314034 1.301707 0.694737 0.373297 -0.183580 0.547286 0.597751
1.000000 0.800001 1.331294 0.895036 0.101799 0.061953 0.461245 0.280703 1.280625 0.674742 0.907328 0.858322 0.530091 0.546702
1.000000 0.733335 1.331294 0.682467 0.101799 0.047239 0.461245 0.214037 1.240072 0.632750 0.332744 -0.225572 0.500607 0.434469
1.000000 0.699999 1.331294 0.576174 0.101799 0.039882 0.461245 0.180701 1.220655 0.610725 0.887911 0.836298 0.488617 0.373390
0.954546 0.666663 1.200098 0.469882 0.091767 0.032524 0.415790 0.147365 1.164301 0.609657 0.276391 -0.226640 0.435020 0.340609
0.931817 0.633333 1.134496 0.363605 0.086751 0.025168 0.393061 0.114035 1.126673 0.596954 0.850283 0.823595 0.404280 0.282367
0.909091 0.633333 1.068903 0.363605 0.081735 0.025168 0.370336 0.114035 1.107952 0.608485 0.257669 -0.215110 0.382222 0.298709
0.886362 0.633333 1.003300 0.363605 0.076719 0.025168 0.347607 0.114035 1.089380 0.620411 0.831711 0.835521 0.360244 0.316994
0.886362 0.666663 1.003300 0.469882 0.076719 0.032524 0.347607 0.147365 1.109089 0.644866 0.277378 -0.190656 0.370393 0.400974
0.863637 0.699999 0.937708 0.576174 0.071703 0.039882 0.324882 0.180701 1.111696 0.681126 0.834317 0.871781 0.362695 0.507595
0.863637 0.766665 0.937708 0.788743 0.071703 0.054595 0.324882 0.247367 1.154835 0.725987 0.320518 -0.145794 0.396851 0.650762
0.863637 0.800001 0.937708 0.895036 0.071703 0.061953 0.324882 0.280703 1.177230 0.747166 0.856712 0.892960 0.416890 0.712575
0.886362 0.866667 1.003300 1.107605 0.076719 0.076666 0.347607 0.347369 1.239657 0.774164 0.382945 -0.118796 0.477867 0.785056
0.909091 0.866667 1.068903 1.107605 0.081735 0.076666 0.370336 0.347369 1.256009 0.761512 0.873064 0.880308 0.494646 0.753409
0.931817 0.933334 1.134496 1.320174 0.086751 0.091380 0.393061 0.414036 1.318861 0.786211 0.445797 -0.094096 0.556946 0.811380
0.954546 0.966664 1.200098 1.426450 0.091767 0.098736 0.415790 0.447366 1.358528 0.791706 0.912731 0.885802 0.596647 0.821964
0.977271 0.966664 1.265691 1.426450 0.096783 0.098736 0.438516 0.447366 1.374590 0.779942 0.461860 -0.105861 0.612701 0.795388
1.000000 1.000000 1.331294 1.532743 0.101799 0.106094 0.461245 0.480702 1.414214 0.785398 0.952354 0.891259 0.652299 0.806052
