-104.764156 -108.835632 -191.677354 1 1
-150.562394 -138.203182 -239.783900 2 1
-231.439295 -195.199411 -296.951388 2 1
-173.233151 -160.904829 -251.051330 2 1
-133.419051 -133.609667 -207.704851 1 1
-148.130377 -127.150386 -218.300046 2 1
-170.429333 -127.795387 -249.277140 2 1
-175.273809 -156.449572 -305.979398 2 1
-123.752330 -110.531350 -204.312006 2 1
-537.710715 -338.562625 -485.161493 2 1
-122.682511 -132.798644 -231.877095 1 1
-119.902804 -121.125534 -214.936226 1 1
-140.685339 -143.289994 -221.353376 1 1
-153.290996 -135.772873 -264.244802 2 1
-151.572852 -139.164149 -209.914122 2 1
-110.670719 -117.291561 -188.123977 1 1
-129.944882 -121.745600 -216.318844 2 1
-141.266784 -142.503907 -198.997040 1 1
-149.882253 -96.088434 -161.639700 2 2
-244.685876 -160.568565 -206.083204 2 2
-210.732475 -130.069033 -231.336310 2 2
-151.098246 -105.903038 -171.753538 2 2
-210.456798 -152.261732 -200.830161 2 2
-245.548708 -148.149834 -255.123629 2 2
-182.132576 -101.034429 -182.152962 2 2
-187.684938 -120.874949 -241.092451 2 2
-177.514845 -111.715606 -203.537155 2 2
-178.696617 -103.460838 -174.850885 2 2
-158.645339 -99.111011 -205.534186 2 2
-149.482566 -108.757458 -190.711737 2 2
-154.424589 -125.989310 -169.676138 2 2
-217.678267 -151.752460 -222.975142 2 2
-210.836896 -112.940032 -251.055811 2 2
-312.707794 -206.949205 -266.811784 2 2
-215.137012 -130.031721 -256.299737 2 2
-144.814043 -100.590989 -186.617710 2 2
-210.878194 -162.074072 -131.114491 3 3
-268.645589 -194.163637 -160.446233 3 3
-288.512736 -171.228362 -154.368312 3 3
-219.761324 -180.641698 -148.662167 3 3
-225.674726 -192.109762 -165.104630 3 3
-350.377374 -224.872289 -216.203856 3 3
-282.310419 -216.033494 -175.387682 3 3
-330.452540 -221.060645 -233.665502 2 3
-307.531272 -206.439292 -186.391962 3 3
-231.325451 -193.571776 -160.054617 3 3
-274.839459 -183.083009 -134.374454 3 3
-256.216317 -188.395619 -146.694432 3 3
-226.794592 -162.900563 -122.791936 3 3
-211.403471 -186.227511 -146.645591 3 3
-293.399863 -215.949740 -170.058122 3 3
-234.229518 -169.464281 -150.214940 3 3
-251.630455 -172.797212 -159.965493 3 3
-286.422830 -227.293980 -161.009088 3 3
