-92.193658 -197.018737 -204.901377 1 1
-107.549698 -248.729925 -247.272989 1 1
-233.915590 -314.857430 -366.837451 1 1
-145.887168 -411.787533 -283.903842 1 1
-109.916562 -306.537999 -256.837951 1 1
-108.787082 -349.556730 -233.628946 1 1
-188.968652 -371.861711 -249.002916 1 1
-134.612388 -319.815477 -296.823298 1 1
-84.151066 -231.982679 -202.353707 1 1
-446.507885 -723.842171 -483.329255 1 1
-80.301566 -277.637006 -243.667852 1 1
-98.798397 -242.322561 -220.936023 1 1
-103.366489 -274.640643 -242.579535 1 1
-107.111685 -275.935703 -255.550917 1 1
-121.989159 -348.159651 -232.452891 1 1
-91.644534 -219.547826 -181.568988 1 1
-119.605860 -238.047922 -243.389856 1 1
-78.243364 -259.563445 -217.148502 1 1
-188.853631 -109.286285 -147.453734 2 2
-291.620623 -163.459869 -196.586834 2 2
-272.268663 -183.244750 -234.222875 2 2
-208.199823 -95.120804 -142.944625 2 2
-250.184326 -151.999673 -183.150896 2 2
-302.408730 -182.213623 -214.230173 2 2
-242.344948 -125.150726 -187.033255 2 2
-263.646755 -110.922818 -203.458977 2 2
-233.548690 -134.551593 -175.151099 2 2
-218.919753 -129.635630 -168.191665 2 2
-247.345852 -99.344354 -217.290585 2 2
-218.241451 -97.748274 -163.351276 2 2
-206.497676 -159.996487 -188.153534 2 2
-265.681487 -182.298119 -238.179058 2 2
-319.111722 -136.902872 -273.191012 2 2
-278.342119 -248.243614 -224.603588 3 2
-289.136064 -197.658964 -281.234563 2 2
-205.506585 -114.839976 -161.995679 2 2
-197.585019 -289.004616 -111.962071 3 3
-303.094229 -383.468675 -148.796111 3 3
-326.868563 -325.039139 -125.875449 3 3
-227.826076 -366.587286 -128.692956 3 3
-228.278314 -334.473689 -160.260235 3 3
-340.353281 -417.446358 -185.736416 3 3
-307.138252 -374.934678 -165.448523 3 3
-375.109094 -364.367436 -210.567145 3 3
-305.820698 -347.175395 -148.245778 3 3
-264.556470 -327.918829 -132.357790 3 3
-290.029889 -286.765716 -92.212176 3 3
-277.582087 -297.916098 -107.290971 3 3
-227.536528 -317.983059 -104.517014 3 3
-223.675576 -283.022492 -124.561750 3 3
-325.402649 -380.977902 -136.069343 3 3
-233.365043 -286.684160 -156.189929 3 3
-292.778441 -229.405095 -154.829102 3 3
-289.843852 -418.022661 -149.537093 3 3
-92.193658 -197.018737 -204.901377 1 1
-107.549698 -248.729925 -247.272989 1 1
-233.915590 -314.857430 -366.837451 1 1
-145.887168 -411.787533 -283.903842 1 1
-109.916562 -306.537999 -256.837951 1 1
-108.787082 -349.556730 -233.628946 1 1
-188.968652 -371.861711 -249.002916 1 1
-134.612388 -319.815477 -296.823298 1 1
-84.151066 -231.982679 -202.353707 1 1
-446.507885 -723.842171 -483.329255 1 1
-80.301566 -277.637006 -243.667852 1 1
-98.798397 -242.322561 -220.936023 1 1
-103.366489 -274.640643 -242.579535 1 1
-107.111685 -275.935703 -255.550917 1 1
-121.989159 -348.159651 -232.452891 1 1
-91.644534 -219.547826 -181.568988 1 1
-119.605860 -238.047922 -243.389856 1 1
-78.243364 -259.563445 -217.148502 1 1
-188.853631 -109.286285 -147.453734 2 2
-291.620623 -163.459869 -196.586834 2 2
-272.268663 -183.244750 -234.222875 2 2
-208.199823 -95.120804 -142.944625 2 2
-250.184326 -151.999673 -183.150896 2 2
-302.408730 -182.213623 -214.230173 2 2
-242.344948 -125.150726 -187.033255 2 2
-263.646755 -110.922818 -203.458977 2 2
-233.548690 -134.551593 -175.151099 2 2
-218.919753 -129.635630 -168.191665 2 2
-247.345852 -99.344354 -217.290585 2 2
-218.241451 -97.748274 -163.351276 2 2
-206.497676 -159.996487 -188.153534 2 2
-265.681487 -182.298119 -238.179058 2 2
-319.111722 -136.902872 -273.191012 2 2
-278.342119 -248.243614 -224.603588 3 2
-289.136064 -197.658964 -281.234563 2 2
-205.506585 -114.839976 -161.995679 2 2
-197.585019 -289.004616 -111.962071 3 3
-303.094229 -383.468675 -148.796111 3 3
-326.868563 -325.039139 -125.875449 3 3
-227.826076 -366.587286 -128.692956 3 3
-228.278314 -334.473689 -160.260235 3 3
-340.353281 -417.446358 -185.736416 3 3
-307.138252 -374.934678 -165.448523 3 3
-375.109094 -364.367436 -210.567145 3 3
-305.820698 -347.175395 -148.245778 3 3
-264.556470 -327.918829 -132.357790 3 3
-290.029889 -286.765716 -92.212176 3 3
-277.582087 -297.916098 -107.290971 3 3
-227.536528 -317.983059 -104.517014 3 3
-223.675576 -283.022492 -124.561750 3 3
-325.402649 -380.977902 -136.069343 3 3
-233.365043 -286.684160 -156.189929 3 3
-292.778441 -229.405095 -154.829102 3 3
-289.843852 -418.022661 -149.537093 3 3
-92.193658 -197.018737 -204.901377 1 1
-107.549698 -248.729925 -247.272989 1 1
-233.915590 -314.857430 -366.837451 1 1
-145.887168 -411.787533 -283.903842 1 1
-109.916562 -306.537999 -256.837951 1 1
-108.787082 -349.556730 -233.628946 1 1
-188.968652 -371.861711 -249.002916 1 1
-134.612388 -319.815477 -296.823298 1 1
-84.151066 -231.982679 -202.353707 1 1
-446.507885 -723.842171 -483.329255 1 1
-80.301566 -277.637006 -243.667852 1 1
-98.798397 -242.322561 -220.936023 1 1
-103.366489 -274.640643 -242.579535 1 1
-107.111685 -275.935703 -255.550917 1 1
-121.989159 -348.159651 -232.452891 1 1
-91.644534 -219.547826 -181.568988 1 1
-119.605860 -238.047922 -243.389856 1 1
-78.243364 -259.563445 -217.148502 1 1
-188.853631 -109.286285 -147.453734 2 2
-291.620623 -163.459869 -196.586834 2 2
-272.268663 -183.244750 -234.222875 2 2
-208.199823 -95.120804 -142.944625 2 2
-250.184326 -151.999673 -183.150896 2 2
-302.408730 -182.213623 -214.230173 2 2
-242.344948 -125.150726 -187.033255 2 2
-263.646755 -110.922818 -203.458977 2 2
-233.548690 -134.551593 -175.151099 2 2
-218.919753 -129.635630 -168.191665 2 2
-247.345852 -99.344354 -217.290585 2 2
-218.241451 -97.748274 -163.351276 2 2
-206.497676 -159.996487 -188.153534 2 2
-265.681487 -182.298119 -238.179058 2 2
-319.111722 -136.902872 -273.191012 2 2
-278.342119 -248.243614 -224.603588 3 2
-289.136064 -197.658964 -281.234563 2 2
-205.506585 -114.839976 -161.995679 2 2
-197.585019 -289.004616 -111.962071 3 3
-303.094229 -383.468675 -148.796111 3 3
-326.868563 -325.039139 -125.875449 3 3
-227.826076 -366.587286 -128.692956 3 3
-228.278314 -334.473689 -160.260235 3 3
-340.353281 -417.446358 -185.736416 3 3
-307.138252 -374.934678 -165.448523 3 3
-375.109094 -364.367436 -210.567145 3 3
-305.820698 -347.175395 -148.245778 3 3
-264.556470 -327.918829 -132.357790 3 3
-290.029889 -286.765716 -92.212176 3 3
-277.582087 -297.916098 -107.290971 3 3
-227.536528 -317.983059 -104.517014 3 3
-223.675576 -283.022492 -124.561750 3 3
-325.402649 -380.977902 -136.069343 3 3
-233.365043 -286.684160 -156.189929 3 3
-292.778441 -229.405095 -154.829102 3 3
-289.843852 -418.022661 -149.537093 3 3
-108.034311 -202.346702 -226.410122 1 1
-143.782666 -245.398415 -276.064074 1 1
-257.942145 -299.516631 -327.573192 1 1
-181.549913 -308.638052 -312.832038 1 1
-138.728733 -296.500978 -280.804822 1 1
-140.883484 -252.004580 -260.486277 1 1
-191.957126 -250.342666 -271.063982 1 1
-180.367222 -302.626446 -337.510849 1 1
-116.553579 -212.764102 -232.252136 1 1
-471.104783 -629.967714 -515.932756 1 1
-113.471339 -256.579481 -272.704585 1 1
-127.201032 -241.791532 -248.353513 1 1
-146.849975 -255.466045 -267.450811 1 1
-147.392680 -252.112135 -290.894539 1 1
-144.975512 -246.779813 -246.754463 1 1
-119.744476 -192.753432 -203.355088 1 1
-151.956778 -241.783546 -269.844655 1 1
-110.189953 -243.614353 -244.672085 1 1
-164.852594 -123.175466 -166.229479 2 2
-248.461115 -163.243305 -211.539329 2 2
-265.554189 -179.570897 -254.121659 2 2
-194.194594 -109.146282 -163.380066 2 2
-250.546281 -175.156671 -204.335808 2 2
-281.762968 -180.303615 -235.868035 2 2
-221.604380 -123.857699 -182.003321 2 2
-227.581389 -115.181308 -216.000149 2 2
-222.169519 -134.556249 -185.109708 2 2
-209.839025 -133.723795 -185.044438 2 2
-213.349772 -103.277155 -194.100449 2 2
-194.563401 -105.347725 -166.551571 2 2
-180.003643 -154.765358 -190.433488 2 2
-265.362777 -196.250253 -260.601196 2 2
-263.830894 -125.403279 -241.903432 2 2
-268.577671 -259.923634 -235.161462 3 2
-293.188219 -207.654179 -301.033269 2 2
-175.906034 -118.092853 -176.147867 2 2
-210.576875 -208.586823 -141.094002 3 3
-301.654390 -270.921049 -173.848031 3 3
-309.133165 -248.774398 -149.166635 3 3
-225.427719 -243.253206 -158.100330 3 3
-241.011444 -262.781643 -182.651510 3 3
-350.309453 -331.686861 -221.415564 3 3
-291.906026 -300.701348 -190.536192 3 3
-392.373164 -295.618144 -244.096737 3 3
-314.271917 -259.540576 -174.472894 3 3
-266.358067 -249.634093 -160.414405 3 3
-284.975508 -231.486115 -124.605400 3 3
-274.147627 -225.419409 -135.982296 3 3
-219.463947 -223.445089 -128.280260 3 3
-230.982959 -217.990626 -150.599854 3 3
-317.892530 -246.887391 -158.609145 3 3
-241.795272 -249.649017 -181.079225 3 3
-291.146202 -259.043647 -179.728672 3 3
-294.952011 -302.635402 -180.714668 3 3
-136.591379 -239.211545 -255.121681 1 1
-178.179820 -289.680213 -298.733495 1 1
-304.779002 -340.845213 -357.552803 1 1
-224.892625 -347.525634 -343.395138 1 1
-172.867538 -325.254071 -311.397506 1 1
-186.735661 -302.833967 -299.441465 1 1
-227.112629 -297.133759 -317.243764 1 1
-233.098434 -348.073990 -363.782979 1 1
-155.286830 -259.756959 -263.976343 1 1
-558.362023 -599.102544 -583.358575 1 1
-153.662238 -300.148274 -302.721211 1 1
-161.568086 -279.691439 -276.315880 1 1
-177.885977 -301.584991 -299.048717 1 1
-188.548211 -305.988078 -322.820865 1 1
-183.039427 -295.360384 -286.846105 1 1
-152.022803 -233.608363 -234.912217 1 1
-184.439605 -276.338426 -296.289189 1 1
-148.551521 -284.793059 -277.400658 1 1
-206.639923 -160.108854 -193.269860 2 2
-282.371711 -219.227258 -252.598353 2 2
-303.459939 -222.470677 -277.497209 2 2
-224.007400 -155.441322 -200.225282 2 2
-288.997619 -225.893025 -233.588191 2 2
-333.533648 -252.837845 -297.072912 2 2
-270.086125 -175.771586 -223.164942 2 2
-270.522115 -180.928044 -265.280160 2 2
-260.797858 -188.039152 -226.637438 2 2
-243.539691 -176.239225 -216.400232 2 2
-244.695892 -159.844764 -232.672412 2 2
-232.611080 -155.224722 -212.062671 2 2
-215.211454 -208.381455 -224.617714 2 2
-322.355063 -252.836659 -284.878317 2 2
-308.453726 -191.656320 -287.603107 2 2
-352.258356 -339.437833 -303.810991 3 2
-340.774235 -248.595663 -333.600219 2 2
-209.395132 -161.906015 -214.287333 2 2
-246.930095 -249.440223 -179.501839 3 3
-335.798955 -297.443717 -210.695044 3 3
-357.897654 -288.648584 -207.238179 3 3
-272.238296 -288.714691 -196.992012 3 3
-295.592579 -299.774737 -223.338305 3 3
-437.271567 -400.351326 -293.650197 3 3
-359.461958 -325.206587 -240.294312 3 3
-469.148210 -354.342857 -310.320975 3 3
-360.453855 -300.289361 -227.753893 3 3
-300.327720 -276.496803 -196.090338 3 3
-325.705960 -257.819202 -175.011698 3 3
-312.011995 -265.380389 -180.118200 3 3
-256.911866 -253.054426 -162.961774 3 3
-271.026070 -257.961673 -189.088353 3 3
-374.022242 -305.716793 -222.886688 3 3
-294.777559 -286.608490 -218.915360 3 3
-319.538966 -243.274016 -217.038389 3 3
-339.957501 -346.019995 -225.515819 3 3
-60.135331 -89.694846 -159.997629 1 1
-108.270914 -135.672872 -199.832924 1 1
-160.712914 -170.580407 -247.942034 1 1
-116.359015 -162.466863 -196.172133 1 1
-81.578892 -99.794121 -171.352940 1 1
-97.344115 -120.315184 -168.296381 1 1
-111.052230 -125.040430 -202.830152 1 1
-107.915537 -130.777936 -249.132949 1 1
-75.585917 -88.528598 -166.555695 1 1
-449.030825 -338.568896 -375.779198 2 1
-94.387600 -110.237497 -197.110051 1 1
-82.946935 -107.484371 -170.613902 1 1
-92.098075 -133.590228 -167.930757 1 1
-101.181709 -134.094892 -206.397044 1 1
-99.527685 -122.360257 -163.221048 1 1
-73.998159 -115.143841 -152.681830 1 1
-82.342099 -109.801115 -186.325888 1 1
-99.040128 -120.992800 -167.297430 1 1
-98.657695 -90.529397 -127.760567 2 2
-218.589520 -153.673245 -174.897600 2 2
-168.214938 -111.141473 -199.343781 2 2
-112.468356 -83.783240 -134.128920 2 2
-153.242005 -128.272015 -152.280539 2 2
-188.984277 -137.785481 -203.665719 2 2
-133.264763 -89.070946 -142.930621 2 2
-153.532178 -94.022501 -204.972064 2 2
-130.762407 -89.174029 -166.321817 2 2
-142.749058 -99.563378 -138.857657 2 2
-132.590569 -81.535202 -180.760585 2 2
-108.054514 -84.611301 -152.882761 2 2
-117.616713 -114.112296 -134.205691 2 2
-190.033546 -135.237820 -185.974454 2 2
-146.657100 -97.632215 -209.003855 2 2
-229.798174 -174.059753 -178.554742 2 2
-168.797763 -119.807069 -230.155869 2 2
-100.870212 -90.052338 -149.894996 2 2
-165.718675 -150.846899 -99.459147 3 3
-217.357134 -187.250038 -126.829832 3 3
-237.218215 -161.823149 -111.173954 3 3
-177.890121 -173.156705 -96.961965 3 3
-188.472851 -176.651066 -127.813051 3 3
-262.949941 -213.986150 -146.832495 3 3
-246.124870 -194.511321 -123.635397 3 3
-283.830927 -185.783083 -184.558133 3 3
-248.622789 -192.204125 -144.895536 3 3
-190.458982 -191.279539 -131.218880 3 3
-233.146294 -177.895722 -96.858982 3 3
-209.880071 -182.293509 -98.720839 3 3
-197.517379 -171.193370 -94.501568 3 3
-172.651068 -168.075020 -98.041633 3 3
-249.411708 -189.767018 -123.113174 3 3
-190.217360 -168.956615 -118.139654 3 3
-227.037435 -176.158829 -135.975170 3 3
-230.698812 -210.877126 -124.112765 3 3
-105.718354 -134.338291 -192.246777 1 1
-147.801556 -175.119983 -237.583876 1 1
-231.503143 -214.398782 -290.210906 2 1
-170.692213 -196.298970 -256.421222 1 1
-136.144461 -150.044094 -207.305754 1 1
-153.610721 -165.641970 -220.032043 1 1
-170.645072 -170.678823 -245.773651 1 1
-173.995850 -201.101323 -304.561493 1 1
-122.296894 -143.698778 -206.745039 1 1
-551.315862 -451.359518 -473.194316 2 1
-124.889035 -152.924519 -231.706378 1 1
-122.945822 -152.822987 -212.704762 1 1
-141.851035 -178.138169 -224.028295 1 1
-147.061617 -176.946654 -261.010249 1 1
-151.958159 -169.054422 -208.066833 1 1
-112.298386 -153.231023 -198.309303 1 1
-132.414771 -156.787088 -221.270003 1 1
-141.139847 -174.849762 -199.570358 1 1
-144.680086 -127.036346 -162.336817 2 2
-244.583048 -197.875439 -210.064777 2 2
-208.251192 -155.216415 -226.695683 2 2
-145.113431 -124.898771 -163.929541 2 2
-203.617294 -169.351608 -188.466381 2 2
-257.616096 -203.526787 -251.628871 2 2
-179.602825 -126.575849 -176.665310 2 2
-177.352342 -145.026629 -242.886221 2 2
-169.325672 -129.858902 -196.886269 2 2
-188.071677 -135.090520 -172.361325 2 2
-150.790434 -118.893523 -204.681538 2 2
-144.053431 -127.990032 -189.752150 2 2
-150.961579 -147.913810 -167.798555 2 2
-232.365647 -183.468122 -223.875373 2 2
-199.589178 -146.672341 -254.108011 2 2
-304.610956 -260.028959 -259.624021 3 2
-231.538042 -158.200084 -260.410985 2 2
-143.285846 -126.111816 -184.522462 2 2
-200.095532 -191.671121 -132.876933 3 3
-268.742267 -231.210159 -160.781012 3 3
-277.518655 -205.071747 -153.671493 3 3
-225.212435 -216.595459 -148.884649 3 3
-232.684464 -212.817618 -153.451267 3 3
-334.559219 -285.296876 -212.881702 3 3
-293.854973 -233.324173 -159.018697 3 3
-323.560846 -221.623977 -216.157323 3 3
-291.508157 -232.228246 -185.668291 3 3
-228.533426 -226.729562 -161.601695 3 3
-267.823003 -221.522808 -134.595228 3 3
-253.661474 -219.579111 -147.456370 3 3
-228.757703 -205.956145 -122.379031 3 3
-213.852196 -214.383018 -144.290298 3 3
-280.662713 -234.280034 -163.681804 3 3
-235.026200 -206.856795 -148.528542 3 3
-248.126894 -194.102350 -162.992889 3 3
-279.725348 -249.187496 -160.382873 3 3
-107.708684 -147.491200 -201.924432 1 1
-147.530234 -179.013054 -245.375181 1 1
-248.729537 -229.280796 -329.185185 2 1
-176.738847 -203.758669 -258.667916 1 1
-130.343822 -178.107212 -235.567516 1 1
-151.535293 -177.446922 -217.715004 1 1
-171.830064 -180.533863 -264.934354 1 1
-174.571793 -213.954998 -302.069453 1 1
-123.442724 -157.371439 -206.950205 1 1
-567.756155 -452.136694 -467.646567 2 1
-127.027919 -167.109589 -237.220930 1 1
-120.750917 -162.431573 -210.154733 1 1
-144.216551 -189.031429 -228.537303 1 1
-148.856095 -191.220970 -260.203202 1 1
-154.338167 -188.215322 -216.752222 1 1
-121.427586 -156.541238 -181.278353 1 1
-127.846396 -168.467574 -234.905887 1 1
-142.797518 -190.594067 -201.904899 1 1
-159.145725 -134.329156 -176.800056 2 2
-270.547478 -209.769147 -233.007179 2 2
-248.136113 -176.249430 -266.122051 2 2
-151.094696 -135.913569 -182.067718 2 2
-222.299540 -182.049572 -213.697859 2 2
-273.077111 -217.742484 -262.766336 2 2
-200.428862 -144.140634 -205.860301 2 2
-188.792995 -165.535859 -259.525940 2 2
-181.906530 -145.019417 -211.764990 2 2
-212.764534 -154.895976 -212.839411 2 2
-158.127505 -139.760630 -229.795720 2 2
-147.257100 -146.179521 -197.446001 2 2
-155.756937 -162.915273 -189.538424 1 2
-291.501428 -218.730846 -276.294438 2 2
-213.161627 -160.440754 -268.058688 2 2
-325.394258 -273.557524 -256.294827 3 2
-262.632932 -180.294431 -297.855136 2 2
-143.944921 -139.699363 -204.200184 2 2
-202.970050 -199.304160 -142.428412 3 3
-267.208332 -227.348826 -167.621833 3 3
-285.064165 -217.393964 -161.329574 3 3
-226.072410 -217.716365 -150.650931 3 3
-256.016819 -226.452736 -177.196951 3 3
-366.608712 -295.687782 -219.780604 3 3
-319.420300 -251.523038 -185.837049 3 3
-366.981555 -260.955455 -256.576584 3 3
-305.272439 -242.067209 -184.900977 3 3
-238.128744 -230.251019 -164.823471 3 3
-265.448916 -225.314272 -131.708804 3 3
-252.845016 -219.656259 -146.903291 3 3
-223.623090 -208.793894 -122.496315 3 3
-216.569549 -221.592693 -148.628161 3 3
-294.673143 -253.576154 -187.610807 3 3
-252.768444 -216.864749 -171.128181 3 3
-249.157808 -196.809703 -157.609218 3 3
-279.950011 -263.045922 -170.401934 3 3
-33.032396 -72.657441 -111.173615 1 1
-70.889276 -103.566137 -143.991445 1 1
-100.336518 -117.681497 -183.988021 1 1
-87.286411 -134.755062 -141.011711 1 1
-71.904669 -82.344149 -93.049815 1 1
-90.020653 -112.430375 -100.654445 1 1
-87.711513 -92.890163 -116.893328 1 1
-81.434746 -117.016734 -144.442908 1 1
-50.641351 -82.174827 -113.916294 1 1
-367.664155 -267.029363 -256.994384 3 1
-42.941559 -90.720037 -133.901415 1 1
-56.423985 -90.844984 -111.075171 1 1
-68.640950 -106.115560 -118.889269 1 1
-55.005308 -105.867675 -135.396491 1 1
-82.397828 -108.279371 -94.222244 1 1
-52.962189 -94.438946 -90.343525 1 1
-50.759870 -92.912241 -127.506844 1 1
-68.426028 -102.011878 -106.603869 1 1
-105.826978 -67.292718 -86.511715 2 2
-149.602879 -109.996661 -107.358936 3 2
-138.001634 -93.316905 -139.252991 2 2
-107.395979 -79.109869 -90.616182 2 2
-129.656621 -95.591033 -116.689104 2 2
-201.904256 -88.415222 -90.886400 2 2
-123.272788 -64.211463 -76.045144 2 2
-117.533588 -83.548681 -99.597204 2 2
-108.292114 -71.481769 -83.913200 2 2
-152.774621 -69.795034 -70.262033 2 2
-91.199291 -56.996944 -82.061020 2 2
-95.294573 -76.138464 -77.915107 2 2
-89.706182 -80.587108 -85.316300 2 2
-171.959082 -100.309003 -119.789410 2 2
-129.928943 -68.276221 -101.506829 2 2
-229.323116 -113.971318 -115.020833 2 2
-133.129462 -84.969367 -122.721084 2 2
-73.130154 -72.062430 -86.880761 2 2
-94.109618 -95.160495 -63.269406 3 3
-122.056865 -107.685188 -80.709592 3 3
-129.692770 -86.548455 -65.383444 3 3
-107.039630 -117.302687 -77.960317 3 3
-118.187224 -124.112383 -91.989675 3 3
-193.753441 -106.586085 -88.578272 3 3
-134.810343 -118.389673 -96.977281 3 3
-173.317975 -110.196379 -118.554953 2 3
-141.740197 -112.034401 -92.110384 3 3
-105.985273 -108.500980 -88.151156 3 3
-115.756279 -77.072963 -61.018457 3 3
-106.192009 -107.095504 -83.417639 3 3
-99.461783 -90.393559 -72.838078 3 3
-104.338799 -110.838970 -72.714213 3 3
-153.897083 -126.868819 -91.579671 3 3
-150.060504 -93.106541 -82.523020 3 3
-154.404849 -144.298481 -116.560786 3 3
-115.037156 -112.264907 -93.715588 3 3
-32.972786 -112.110569 -124.580185 1 1
-74.662158 -138.471650 -160.632312 1 1
-113.103090 -159.528303 -196.314202 1 1
-85.540384 -167.090666 -140.208865 1 1
-69.946757 -115.617063 -101.258323 1 1
-91.823313 -158.377176 -154.860573 1 1
-84.347240 -137.953207 -120.357989 1 1
-78.126021 -160.948688 -159.428998 1 1
-48.137466 -128.920136 -126.153175 1 1
-384.685812 -353.738418 -273.822500 3 1
-41.736155 -130.884421 -152.248010 1 1
-52.603285 -128.712582 -115.462836 1 1
-73.031379 -149.719024 -139.394774 1 1
-52.265515 -157.796040 -146.287975 1 1
-86.746267 -156.578595 -120.163597 1 1
-51.438680 -121.822452 -92.101426 1 1
-51.772803 -122.068604 -143.889506 1 1
-63.802041 -145.698798 -103.788060 1 1
-114.948632 -99.319831 -146.960722 2 2
-194.827996 -145.906605 -174.727206 2 2
-163.365857 -106.105720 -161.378860 2 2
-122.001568 -112.611348 -150.435021 2 2
-157.251044 -131.704538 -170.932779 2 2
-187.002188 -148.967360 -170.432844 2 2
-138.900177 -94.711742 -144.796713 2 2
-137.242114 -118.369989 -198.612648 2 2
-105.187713 -106.171270 -96.816895 3 2
-174.372599 -97.494816 -136.382304 2 2
-93.215868 -90.352160 -125.866325 2 2
-116.834197 -107.050352 -152.853329 2 2
-101.573199 -107.914507 -107.156120 1 2
-203.880767 -131.986008 -207.500308 2 2
-124.720782 -108.426145 -117.495933 2 2
-238.550363 -183.848545 -185.720763 2 2
-162.018441 -110.010749 -176.310268 2 2
-85.925073 -99.488501 -127.741289 1 2
-81.972033 -123.778695 -53.686620 3 3
-99.339492 -132.082078 -70.614108 3 3
-117.196440 -115.138470 -58.985606 3 3
-95.570754 -146.987240 -66.193619 3 3
-118.022566 -145.069606 -81.370945 3 3
-191.628115 -163.994549 -108.440604 3 3
-141.540620 -154.680024 -89.160212 3 3
-193.521008 -145.453045 -133.438144 3 3
-133.079908 -147.364331 -83.121565 3 3
-91.197403 -146.737130 -68.972908 3 3
-91.586777 -116.785191 -43.720933 3 3
-91.444338 -129.845811 -73.520664 3 3
-82.513592 -127.678204 -55.473120 3 3
-92.701602 -145.293797 -61.124458 3 3
-143.006172 -161.197512 -91.619294 3 3
-148.517764 -129.516419 -106.911904 3 3
-145.337813 -131.829498 -101.342800 3 3
-98.845677 -154.888932 -78.866900 3 3
-66.106896 -99.263738 -149.295842 1 1
-108.107534 -141.160659 -197.516219 1 1
-156.203359 -167.241902 -230.551925 1 1
-134.512929 -170.138524 -197.785546 1 1
-106.482582 -132.527991 -160.183692 1 1
-130.913964 -176.107984 -144.802412 1 1
-126.726146 -146.395096 -170.867712 1 1
-129.527634 -171.942912 -206.552468 1 1
-91.098947 -135.554874 -158.764161 1 1
-469.368279 -287.731876 -338.207097 2 1
-80.708491 -132.066338 -185.242013 1 1
-92.193555 -120.778730 -147.895928 1 1
-111.975924 -157.686503 -166.590351 1 1
-102.395283 -150.155697 -184.044154 1 1
-123.339571 -166.251783 -146.070080 1 1
-86.294722 -118.601902 -125.268077 1 1
-86.734090 -122.614059 -181.777492 1 1
-104.690418 -132.425916 -144.930999 1 1
-138.807511 -109.067123 -116.955327 2 2
-213.049868 -155.777900 -163.543728 2 2
-189.976665 -141.148458 -184.298394 2 2
-140.245435 -116.055375 -119.032284 2 2
-176.593266 -141.393741 -165.018082 2 2
-256.465050 -158.329613 -155.594213 3 2
-171.319380 -109.749390 -128.356926 2 2
-159.950300 -132.621569 -158.018450 2 2
-150.310495 -111.196857 -128.727917 2 2
-200.598653 -128.429678 -141.328405 2 2
-124.494113 -103.928951 -129.694997 2 2
-125.891698 -120.446808 -124.759600 2 2
-125.867069 -125.806651 -123.627027 3 2
-246.969549 -171.936746 -209.633559 2 2
-178.764337 -118.177449 -158.251643 2 2
-296.560285 -158.347874 -163.737071 2 2
-202.582882 -145.646938 -194.795347 2 2
-113.683961 -106.741372 -125.311027 2 2
-133.145350 -168.018996 -105.120185 3 3
-155.106530 -197.001594 -136.221166 3 3
-176.799014 -189.689886 -120.727717 3 3
-149.524769 -189.130873 -121.155427 3 3
-168.305514 -183.525767 -145.724690 3 3
-282.256935 -236.278024 -170.502824 3 3
-204.617776 -204.734937 -156.689589 3 3
-253.293293 -217.139670 -204.320862 3 3
-196.028435 -216.302264 -150.191366 3 3
-145.620655 -188.444534 -129.456270 3 3
-152.874331 -166.765029 -103.747341 3 3
-140.364697 -183.251635 -124.246597 3 3
-131.258557 -170.112660 -107.783060 3 3
-150.728144 -193.925456 -117.849737 3 3
-204.433401 -219.345779 -156.483967 3 3
-179.175093 -171.212876 -158.757005 3 3
-185.008967 -158.981774 -127.780327 3 3
-158.843447 -213.493715 -150.582605 3 3
-66.106896 -99.263738 -149.295842 1 1
-108.107534 -141.160659 -197.516219 1 1
-156.203359 -167.241902 -230.551925 1 1
-134.512929 -170.138524 -197.785546 1 1
-106.482582 -132.527991 -160.183692 1 1
-130.913964 -176.107984 -144.802412 1 1
-126.726146 -146.395096 -170.867712 1 1
-129.527634 -171.942912 -206.552468 1 1
-91.098947 -135.554874 -158.764161 1 1
-469.368279 -287.731876 -338.207097 2 1
-80.708491 -132.066338 -185.242013 1 1
-92.193555 -120.778730 -147.895928 1 1
-111.975924 -157.686503 -166.590351 1 1
-102.395283 -150.155697 -184.044154 1 1
-123.339571 -166.251783 -146.070080 1 1
-86.294722 -118.601902 -125.268077 1 1
-86.734090 -122.614059 -181.777492 1 1
-104.690418 -132.425916 -144.930999 1 1
-138.807511 -109.067123 -116.955327 2 2
-213.049868 -155.777900 -163.543728 2 2
-189.976665 -141.148458 -184.298394 2 2
-140.245435 -116.055375 -119.032284 2 2
-176.593266 -141.393741 -165.018082 2 2
-256.465050 -158.329613 -155.594213 3 2
-171.319380 -109.749390 -128.356926 2 2
-159.950300 -132.621569 -158.018450 2 2
-150.310495 -111.196857 -128.727917 2 2
-200.598653 -128.429678 -141.328405 2 2
-124.494113 -103.928951 -129.694997 2 2
-125.891698 -120.446808 -124.759600 2 2
-125.867069 -125.806651 -123.627027 3 2
-246.969549 -171.936746 -209.633559 2 2
-178.764337 -118.177449 -158.251643 2 2
-296.560285 -158.347874 -163.737071 2 2
-202.582882 -145.646938 -194.795347 2 2
-113.683961 -106.741372 -125.311027 2 2
-133.145350 -168.018996 -105.120185 3 3
-155.106530 -197.001594 -136.221166 3 3
-176.799014 -189.689886 -120.727717 3 3
-149.524769 -189.130873 -121.155427 3 3
-168.305514 -183.525767 -145.724690 3 3
-282.256935 -236.278024 -170.502824 3 3
-204.617776 -204.734937 -156.689589 3 3
-253.293293 -217.139670 -204.320862 3 3
-196.028435 -216.302264 -150.191366 3 3
-145.620655 -188.444534 -129.456270 3 3
-152.874331 -166.765029 -103.747341 3 3
-140.364697 -183.251635 -124.246597 3 3
-131.258557 -170.112660 -107.783060 3 3
-150.728144 -193.925456 -117.849737 3 3
-204.433401 -219.345779 -156.483967 3 3
-179.175093 -171.212876 -158.757005 3 3
-185.008967 -158.981774 -127.780327 3 3
-158.843447 -213.493715 -150.582605 3 3
-149.012056 -253.852528 -327.723821 1 1
-198.458957 -345.340301 -382.437067 1 1
-366.512064 -467.755093 -501.329485 1 1
-238.547357 -372.085403 -442.455659 1 1
-215.617137 -386.656423 -406.875796 1 1
-188.901053 -336.540334 -357.136153 1 1
-255.011275 -339.053685 -465.920011 1 1
-255.531600 -388.244815 -519.916672 1 1
-151.453358 -298.397726 -365.953276 1 1
-730.283416 -847.070227 -786.567074 1 1
-164.337196 -356.298917 -406.180349 1 1
-157.420351 -309.139396 -353.688007 1 1
-161.699893 -349.650445 -383.326747 1 1
-199.199427 -329.908802 -439.977236 1 1
-182.387492 -326.551499 -367.041825 1 1
-156.621691 -263.246476 -262.656220 1 1
-192.463471 -322.819529 -356.979989 1 1
-144.489276 -334.804252 -350.483058 1 1
-271.953795 -144.406209 -207.565427 2 2
-386.854208 -194.778211 -258.526024 2 2
-379.249515 -241.129505 -321.224387 2 2
-253.872726 -150.528137 -196.846587 2 2
-336.188601 -234.375157 -275.675845 2 2
-446.374659 -230.541540 -289.312299 2 2
-311.310104 -159.696592 -216.924258 2 2
-331.110651 -194.542518 -309.698155 2 2
-279.647961 -162.812499 -262.567373 2 2
-317.898392 -164.928981 -275.003573 2 2
-262.168288 -156.345255 -303.261535 2 2
-225.523745 -129.239172 -216.986271 2 2
-271.206549 -209.455479 -282.423060 2 2
-423.905699 -239.951705 -332.986387 2 2
-385.617649 -187.465486 -273.961032 2 2
-390.141419 -299.304293 -293.116606 3 2
-394.362788 -243.827750 -375.387610 2 2
-242.541555 -199.163372 -247.410684 2 2
-297.170902 -288.373348 -151.600798 3 3
-434.632662 -455.720392 -203.087234 3 3
-493.582853 -451.976690 -169.523818 3 3
-394.779939 -363.654045 -175.306572 3 3
-384.681809 -360.948289 -200.399931 3 3
-579.536422 -465.421944 -272.984160 3 3
-449.576809 -451.792736 -260.589049 3 3
-616.481321 -581.025152 -311.367894 3 3
-502.366363 -466.165238 -197.203639 3 3
-351.593442 -394.099853 -206.483693 3 3
-479.185792 -439.703866 -176.994063 3 3
-434.872560 -416.267523 -156.272653 3 3
-401.731222 -399.175406 -151.510600 3 3
-365.478203 -381.871630 -186.289454 3 3
-457.780581 -422.221199 -197.074639 3 3
-389.252145 -358.843553 -236.544645 3 3
-466.319530 -398.814134 -215.698877 3 3
-435.058581 -504.313134 -204.975785 3 3
-135.303141 -232.342523 -250.474145 1 1
-199.429717 -334.790125 -325.125529 1 1
-394.571681 -431.280163 -463.011123 1 1
-229.581574 -332.975983 -346.284333 1 1
-190.358882 -349.563020 -314.633399 1 1
-167.619574 -315.053469 -295.126035 1 1
-246.969102 -360.270908 -357.604704 1 1
-225.060806 -381.838348 -420.241304 1 1
-131.217913 -283.453229 -270.516969 1 1
-792.587266 -765.737159 -719.437332 3 1
-151.987010 -340.971127 -327.414961 1 1
-147.303354 -304.002683 -294.372554 1 1
-160.023064 -325.447044 -319.263964 1 1
-181.312646 -315.757285 -340.046398 1 1
-176.923260 -322.504429 -268.209848 1 1
-132.962742 -225.825961 -233.698025 1 1
-184.887785 -298.145379 -313.452766 1 1
-142.484024 -307.826697 -275.516898 1 1
-302.527023 -143.889665 -217.246523 2 2
-368.090466 -214.766792 -281.930235 2 2
-382.271680 -230.775448 -325.302668 2 2
-287.986713 -164.115716 -207.582878 2 2
-304.863649 -231.811654 -244.334061 2 2
-483.416379 -225.396231 -311.064843 2 2
-343.233819 -159.637330 -252.589677 2 2
-390.934577 -184.813638 -373.099737 2 2
-305.659709 -169.406160 -351.863612 2 2
-336.117552 -161.352303 -241.876032 2 2
-283.744855 -154.039798 -381.643368 2 2
-262.486700 -135.713207 -301.017953 2 2
-314.046834 -201.878000 -259.639493 2 2
-424.915760 -242.819714 -312.628154 2 2
-378.843139 -184.399346 -392.422596 2 2
-388.719467 -319.827628 -333.045971 2 2
-370.562942 -243.690016 -340.711838 2 2
-287.720294 -188.625688 -253.703520 2 2
-314.299911 -290.258722 -158.166006 3 3
-415.622263 -460.390268 -198.766750 3 3
-452.435463 -376.650189 -196.745176 3 3
-321.667465 -385.008813 -174.998802 3 3
-327.287949 -378.296779 -200.005978 3 3
-556.235605 -388.979675 -274.567342 3 3
-446.199830 -383.732092 -264.037699 3 3
-562.301226 -522.600991 -310.369667 3 3
-470.531021 -384.199219 -208.208246 3 3
-362.335205 -377.355365 -202.024577 3 3
-365.989182 -329.322290 -180.042785 3 3
-338.456032 -353.366929 -171.550090 3 3
-313.831156 -372.750344 -145.356557 3 3
-325.199710 -349.987497 -180.370488 3 3
-425.792948 -395.555789 -214.148055 3 3
-350.162235 -367.394888 -245.368083 3 3
-403.352812 -345.600267 -228.497299 3 3
-464.945661 -491.408169 -201.454208 3 3
