-33.355115 -69.572939 -115.339706 1 1
-68.145545 -90.477412 -161.772318 1 1
-100.995339 -110.890012 -187.975334 1 1
-87.341418 -113.510488 -170.446497 1 1
-71.246349 -76.956640 -123.293591 1 1
-88.720751 -135.445504 -133.784727 1 1
-86.907645 -104.389279 -142.397059 1 1
-80.710893 -111.234879 -180.801416 1 1
-50.966459 -98.110353 -137.487522 1 1
-368.672773 -242.549880 -344.783581 2 1
-43.268959 -94.668981 -146.610633 1 1
-56.669473 -78.588205 -142.064639 1 1
-68.991532 -105.363627 -152.162158 1 1
-55.332043 -106.516004 -161.814400 1 1
-82.486890 -123.016406 -126.746280 1 1
-53.291777 -82.597229 -115.731889 1 1
-50.790191 -76.508512 -147.483590 1 1
-68.776608 -99.955013 -130.995200 1 1
-108.148234 -68.555185 -113.616932 2 2
-151.315678 -106.040634 -140.775164 2 2
-140.643057 -92.984088 -147.073621 2 2
-109.511058 -73.148297 -110.385545 2 2
-130.964765 -88.302287 -138.174357 2 2
-171.170838 -99.030756 -154.665179 2 2
-124.166228 -61.227244 -107.953810 2 2
-125.888770 -74.971670 -141.334005 2 2
-109.018700 -64.423785 -117.223264 2 2
-139.857233 -77.794617 -110.076853 2 2
-92.616473 -55.015848 -114.595530 2 2
-96.553559 -72.307712 -108.666355 2 2
-89.728454 -88.402652 -114.276852 2 2
-168.550382 -101.959837 -156.792523 2 2
-131.914847 -58.991582 -144.306135 2 2
-212.734821 -113.013557 -197.078901 2 2
-124.079577 -93.421400 -149.138726 2 2
-74.358308 -70.204915 -116.176159 2 2
-94.779132 -118.600375 -98.241217 1 3
-119.416967 -149.321612 -115.403568 3 3
-131.138773 -140.340954 -100.967022 3 3
-110.765069 -136.866270 -115.668986 1 3
-118.972322 -130.123596 -112.150661 3 3
-188.022948 -162.942012 -160.887682 3 3
-137.664811 -145.711190 -125.530323 3 3
-179.428087 -145.708522 -139.808234 3 3
-140.319868 -154.762499 -126.794858 3 3
-105.155076 -137.896887 -118.857825 1 3
-118.573956 -143.665057 -104.214802 3 3
-105.873758 -142.334800 -116.269812 1 3
-103.244531 -127.792991 -107.582920 1 3
-105.349645 -142.976242 -108.876553 1 3
-155.714656 -152.993506 -132.547927 3 3
-138.204385 -131.154794 -129.835305 3 3
-156.158519 -153.289189 -121.498069 3 3
-114.616200 -149.114212 -127.815353 1 3
