-1.119620709999999946e+02 3.000000000000000000e+00
-1.487961109999999962e+02 3.000000000000000000e+00
-1.258754490000000033e+02 3.000000000000000000e+00
-1.286929560000000095e+02 3.000000000000000000e+00
-1.602602349999999944e+02 3.000000000000000000e+00
-1.857364159999999913e+02 3.000000000000000000e+00
-1.654485229999999945e+02 3.000000000000000000e+00
-2.105671450000000107e+02 3.000000000000000000e+00
-1.482457780000000014e+02 3.000000000000000000e+00
-1.323577899999999943e+02 3.000000000000000000e+00
-9.221217599999999948e+01 3.000000000000000000e+00
-1.072909709999999990e+02 3.000000000000000000e+00
-1.045170140000000032e+02 3.000000000000000000e+00
-1.245617500000000035e+02 3.000000000000000000e+00
-1.360693430000000035e+02 3.000000000000000000e+00
-1.561899290000000065e+02 3.000000000000000000e+00
-1.548291020000000060e+02 3.000000000000000000e+00
-1.495370929999999987e+02 3.000000000000000000e+00
