0.285713 0.920000 -0.391675 1.205416 -0.035727 0.096325 -0.141478 0.381449 0.963344 1.269682 0.963344 1.269682 0.512715 -1.215629
0.261906 0.920000 -0.457585 1.205416 -0.041739 0.096325 -0.165285 0.381449 0.956554 1.293453 -0.006791 0.023771 0.519789 -1.161909
0.238094 0.920000 -0.523505 1.205416 -0.047752 0.096325 -0.189097 0.381449 0.950310 1.317554 0.957101 1.293783 0.527843 -1.110568
0.214287 0.920000 -0.589416 1.205416 -0.053764 0.096325 -0.212904 0.381449 0.944627 1.341956 -0.012474 0.048173 0.536833 -1.061720
0.166668 0.880003 -0.721246 1.079022 -0.065789 0.086225 -0.260523 0.341452 0.895647 1.383619 0.908122 1.335446 0.522409 -0.919036
0.095238 0.760001 -0.918997 0.699802 -0.083826 0.055921 -0.331953 0.221449 0.765945 1.446133 -0.142177 0.110688 0.470059 -0.588309
0.071430 0.639998 -0.984908 0.320581 -0.089839 0.025618 -0.355761 0.101446 0.643972 1.459646 0.786149 1.348959 0.414551 -0.277781
0.023811 0.559998 -1.116738 0.067774 -0.101863 0.005416 -0.403380 0.021447 0.560504 1.528302 -0.225645 0.179343 0.424680 -0.053118
0.000000 0.440002 -1.182659 -0.311428 -0.107876 -0.024886 -0.427191 -0.098550 0.440002 1.570796 0.665646 1.391453 0.427383 0.226726
0.000000 0.319999 -1.182659 -0.690648 -0.107876 -0.055190 -0.427191 -0.218553 0.319999 1.570796 -0.345647 0.179343 0.440434 0.472888
0.000000 0.200002 -1.182659 -1.069849 -0.107876 -0.085492 -0.427191 -0.338549 0.200002 1.570796 0.545650 1.391453 0.483846 0.670152
0.023811 0.120003 -1.116738 -1.322657 -0.101863 -0.105694 -0.403380 -0.418549 0.122342 1.374918 -0.423307 -0.016535 0.507030 0.803852
0.071430 0.080000 -0.984908 -1.449070 -0.089839 -0.115796 -0.355761 -0.458552 0.107248 0.841929 0.530556 0.858465 0.497099 0.910964
0.119049 0.040003 -0.853077 -1.575464 -0.077814 -0.125896 -0.308142 -0.498549 0.125590 0.324167 -0.404966 -0.534298 0.494839 1.017190
0.142857 0.040003 -0.787167 -1.575464 -0.071802 -0.125896 -0.284334 -0.498549 0.148352 0.273028 0.553317 0.807326 0.480375 1.052483
0.214287 0.040003 -0.589416 -1.575464 -0.053764 -0.125896 -0.212904 -0.498549 0.217989 0.184555 -0.335329 -0.622771 0.441863 1.167192
0.238094 0.080000 -0.523505 -1.449070 -0.047752 -0.115796 -0.189097 -0.458552 0.251175 0.324149 0.586504 0.946920 0.395347 1.179665
0.285713 0.120003 -0.391675 -1.322657 -0.035727 -0.105694 -0.141478 -0.418549 0.309891 0.397637 -0.276612 -0.549283 0.338202 1.244834
0.309524 0.160000 -0.325754 -1.196263 -0.029714 -0.095594 -0.117666 -0.378552 0.348433 0.477092 0.625045 1.026375 0.291953 1.269431
0.309524 0.200002 -0.325754 -1.069849 -0.029714 -0.085492 -0.117666 -0.338549 0.368519 0.573671 -0.256526 -0.452704 0.255852 1.236296
0.333332 0.200002 -0.259844 -1.069849 -0.023702 -0.085492 -0.093859 -0.338549 0.388730 0.540426 0.645256 0.993130 0.245813 1.300350
0.333332 0.239999 -0.259844 -0.943455 -0.023702 -0.075392 -0.093859 -0.298552 0.410743 0.624023 -0.234513 -0.369107 0.209404 1.266200
0.333332 0.200002 -0.259844 -1.069849 -0.023702 -0.085492 -0.093859 -0.338549 0.388730 0.540426 0.623243 0.909533 0.245813 1.300350
0.333332 0.160000 -0.259844 -1.196263 -0.023702 -0.095594 -0.093859 -0.378552 0.369743 0.447520 -0.253500 -0.462013 0.283197 1.327756
0.404762 0.080000 -0.062093 -1.449070 -0.005664 -0.115796 -0.022429 -0.458552 0.412592 0.195131 0.666092 0.657144 0.347915 1.521923
0.428570 0.040003 0.003818 -1.575464 0.000348 -0.125896 0.001379 -0.498549 0.430433 0.093071 -0.235659 -0.564073 0.387190 -1.568030
0.476189 0.000000 0.135648 -1.701877 0.012373 -0.135998 0.048998 -0.538552 0.476189 0.000000 0.711848 0.564073 0.429992 -1.480065
0.523808 0.000000 0.267479 -1.701877 0.024398 -0.135998 0.096617 -0.538552 0.523808 0.000000 -0.188041 -0.564073 0.437980 -1.393284
0.571427 0.000000 0.399310 -1.701877 0.036423 -0.135998 0.144236 -0.538552 0.571427 0.000000 0.759467 0.564073 0.450884 -1.309116
0.595238 0.000000 0.465230 -1.701877 0.042436 -0.135998 0.168047 -0.538552 0.595238 0.000000 -0.164229 -0.564073 0.459055 -1.268335
0.619049 0.080000 0.531150 -1.449070 0.048449 -0.115796 0.191858 -0.458552 0.624197 0.128518 0.788426 0.692591 0.396675 -1.174529
0.619049 0.160000 0.531150 -1.196263 0.048449 -0.095594 0.191858 -0.378552 0.639392 0.252925 -0.149035 -0.439666 0.328939 -1.101707
0.619049 0.239999 0.531150 -0.943455 0.048449 -0.075392 0.191858 -0.298552 0.663944 0.369850 0.812978 0.809516 0.268049 -0.999621
0.571427 0.360002 0.399310 -0.564235 0.036423 -0.045088 0.144236 -0.178550 0.675374 0.562191 -0.137605 -0.247325 0.159117 -0.891307
0.523808 0.440002 0.267479 -0.311428 0.024398 -0.024886 0.096617 -0.098550 0.684088 0.698663 0.821692 0.945988 0.097462 -0.795303
0.404762 0.639998 -0.062093 0.320581 -0.005664 0.025618 -0.022429 0.101446 0.757252 1.006863 -0.064441 0.060874 0.213986 -1.353208
0.357143 0.720004 -0.193923 0.573407 -0.017689 0.045821 -0.070048 0.181452 0.803714 1.110330 0.868155 1.049456 0.301075 -1.202383
0.309524 0.800004 -0.325754 0.826215 -0.029714 0.066023 -0.117666 0.261452 0.857794 1.201630 -0.010361 0.152175 0.390941 -1.147901
0.238094 0.840000 -0.523505 0.952609 -0.047752 0.076123 -0.189097 0.301449 0.873092 1.294595 0.883453 1.142421 0.454059 -1.010550
0.190476 0.880003 -0.655336 1.079022 -0.059777 0.086225 -0.236715 0.341452 0.900382 1.357636 0.016929 0.215215 0.510953 -0.964607
0.095238 0.880003 -0.918997 1.079022 -0.083826 0.086225 -0.331953 0.341452 0.885142 1.462992 0.868213 1.247776 0.561455 -0.799503
0.047619 0.920000 -1.050828 1.205416 -0.095851 0.096325 -0.379572 0.381449 0.921232 1.519083 0.053019 0.271306 0.622042 -0.787864
0.023811 0.920000 -1.116738 1.205416 -0.101863 0.096325 -0.403380 0.381449 0.920308 1.544920 0.867290 1.273614 0.636849 -0.757462
0.000000 0.920000 -1.182659 1.205416 -0.107876 0.096325 -0.427191 0.381449 0.920000 1.570796 0.052710 0.297182 0.652191 -0.728891
0.047619 0.960003 -1.050828 1.331829 -0.095851 0.106427 -0.379572 0.421452 0.961183 1.521234 0.908473 1.224052 0.654189 -0.837633
0.071430 0.960003 -0.984908 1.331829 -0.089839 0.106427 -0.355761 0.421452 0.962657 1.496527 0.054184 0.272475 0.640667 -0.869719
0.142857 1.000000 -0.787167 1.458223 -0.071802 0.116527 -0.284334 0.461448 1.010152 1.428900 0.955969 1.156424 0.639497 -1.018566
0.285713 1.000000 -0.391675 1.458223 -0.035727 0.116527 -0.141478 0.461448 1.040015 1.292498 0.084047 0.136073 0.590022 -1.273300
0.357143 1.000000 -0.193923 1.458223 -0.017689 0.116527 -0.070048 0.461448 1.061862 1.227772 0.977815 1.091699 0.577076 -1.420147
0.404762 1.000000 -0.062093 1.458223 -0.005664 0.116527 -0.022429 0.461448 1.078811 1.186191 0.100995 0.094493 0.573248 -1.522230
0.476189 1.000000 0.135648 1.458223 0.012373 0.116527 0.048998 0.461448 1.107590 1.126379 1.006595 1.031886 0.574901 1.465010
0.619049 1.000000 0.531150 1.458223 0.048449 0.116527 0.191858 0.461448 1.176104 1.016488 0.169510 -0.015398 0.604086 1.176766
0.690476 1.000000 0.728891 1.458223 0.066486 0.116527 0.263285 0.461448 1.215219 0.966491 1.045709 0.981889 0.630420 1.052304
0.738094 1.000000 0.860722 1.458223 0.078511 0.116527 0.310903 0.461448 1.242893 0.934958 0.197184 -0.046931 0.651745 0.977902
0.833332 0.960003 1.124383 1.331829 0.102561 0.106427 0.406141 0.421452 1.271239 0.855915 1.074055 0.902846 0.669955 0.803896
0.880951 0.920000 1.256214 1.205416 0.114586 0.096325 0.453760 0.381449 1.273764 0.807077 0.199709 -0.095769 0.669895 0.699035
0.928570 0.880003 1.388045 1.079022 0.126611 0.086225 0.501379 0.341452 1.279315 0.758551 1.079606 0.854320 0.675589 0.597877
0.976189 0.760001 1.519876 0.699802 0.138636 0.055921 0.548998 0.221449 1.237152 0.661517 0.157546 -0.192803 0.641998 0.383408
1.000000 0.680001 1.585796 0.446994 0.144649 0.035720 0.572809 0.141449 1.209298 0.597177 1.051752 0.789980 0.626118 0.242096
1.000000 0.600001 1.585796 0.194187 0.144649 0.015518 0.572809 0.061450 1.166191 0.540420 0.114439 -0.249560 0.598309 0.106869
1.000000 0.479999 1.585796 -0.185034 0.144649 -0.014786 0.572809 -0.058553 1.109233 0.447519 0.994794 0.697079 0.575238 -0.101867
0.976189 0.399999 1.519876 -0.437841 0.138636 -0.034988 0.548998 -0.138553 1.054961 0.388888 0.060167 -0.308191 0.549671 -0.247212
0.928570 0.399999 1.388045 -0.437841 0.126611 -0.034988 0.501379 -0.138553 1.011059 0.406747 0.950892 0.714937 0.502116 -0.269615
0.880951 0.360002 1.256214 -0.564235 0.114586 -0.045088 0.453760 -0.178550 0.951670 0.387942 0.000778 -0.326995 0.458707 -0.374881
0.809524 0.360002 1.058473 -0.564235 0.096549 -0.045088 0.382334 -0.178550 0.885963 0.418444 0.885185 0.745439 0.388192 -0.436901
0.785713 0.440002 0.992553 -0.311428 0.090536 -0.024886 0.358522 -0.098550 0.900526 0.510491 0.015340 -0.234949 0.358751 -0.268253
0.833332 0.559998 1.124383 0.067774 0.102561 0.005416 0.406141 0.021447 1.004012 0.591685 0.988672 0.826634 0.427304 0.052757
0.857143 0.639998 1.190304 0.320581 0.108574 0.025618 0.429952 0.101446 1.069716 0.641363 0.081044 -0.185271 0.479735 0.231710
0.928570 0.720004 1.388045 0.573407 0.126611 0.045821 0.501379 0.181452 1.175010 0.659554 1.093965 0.844825 0.580621 0.347242
