0.406779 0.749997 -0.379048 0.601826 -0.039767 0.054577 -0.132076 0.181265 0.853209 1.073827 0.853209 1.073827 0.249048 -0.941109
0.389831 0.749997 -0.427686 0.601826 -0.044870 0.054577 -0.149024 0.181265 0.845260 1.091453 -0.007949 0.017626 0.258436 -0.882704
0.355933 0.749997 -0.524972 0.601826 -0.055076 0.054577 -0.182922 0.181265 0.830171 1.127691 0.838120 1.110066 0.279359 -0.780848
0.322035 0.749997 -0.622257 0.601826 -0.065283 0.054577 -0.216821 0.181265 0.816212 1.165221 -0.021908 0.055155 0.302642 -0.696318
0.237288 0.642857 -0.865473 0.246105 -0.090799 0.022318 -0.301568 0.074125 0.685252 1.217196 0.707160 1.162041 0.318997 -0.241021
0.203390 0.571429 -0.962759 0.008952 -0.101006 0.000812 -0.335466 0.002696 0.606546 1.228847 -0.100614 0.066806 0.337043 -0.008037
0.152541 0.428571 -1.108690 -0.465354 -0.116316 -0.042201 -0.386314 -0.140161 0.454909 1.228850 0.555523 1.162043 0.401748 0.348046
0.152541 0.249997 -1.108690 -1.058246 -0.116316 -0.095968 -0.386314 -0.318735 0.292861 1.022932 -0.262663 -0.139111 0.482367 0.689839
0.169491 0.142857 -1.060044 -1.413967 -0.111212 -0.128227 -0.369364 -0.425875 0.221665 0.700333 0.484328 0.839444 0.541520 0.856341
0.220340 0.035712 -0.914112 -1.769706 -0.095902 -0.160488 -0.318515 -0.533021 0.223215 0.160678 -0.261113 -0.678766 0.595488 1.032168
0.305084 0.000000 -0.670903 -1.888273 -0.070387 -0.171241 -0.233771 -0.568732 0.305084 0.000000 0.566197 0.678766 0.587379 1.180810
0.389831 0.071429 -0.427686 -1.651120 -0.044870 -0.149734 -0.149024 -0.497304 0.396321 0.181219 -0.169876 -0.497547 0.490608 1.279648
0.423730 0.107140 -0.330401 -1.532553 -0.034663 -0.138982 -0.115126 -0.461592 0.437065 0.247660 0.606941 0.745207 0.446802 1.326373
0.457628 0.178569 -0.233116 -1.295399 -0.024457 -0.117475 -0.081228 -0.390164 0.491233 0.372034 -0.115708 -0.373173 0.369330 1.365540
0.491526 0.214286 -0.135831 -1.176814 -0.014250 -0.106721 -0.047329 -0.354447 0.536205 0.411117 0.651913 0.784290 0.328002 1.438052
0.508474 0.214286 -0.087192 -1.176814 -0.009148 -0.106721 -0.030381 -0.354447 0.551783 0.398842 -0.100130 -0.385448 0.325988 1.485290
0.525424 0.178569 -0.038546 -1.295399 -0.004044 -0.117475 -0.013431 -0.390164 0.554939 0.327610 0.655070 0.713057 0.360537 1.536386
0.593221 0.107140 0.156024 -1.532553 0.016369 -0.138982 0.054366 -0.461592 0.602818 0.178681 -0.052251 -0.534376 0.435125 -1.453558
0.627119 0.035712 0.253310 -1.769706 0.026575 -0.160488 0.088264 -0.533021 0.628135 0.056884 0.680386 0.591260 0.510827 -1.406694
0.677965 0.000000 0.399234 -1.888273 0.041885 -0.171241 0.139110 -0.568732 0.677965 0.000000 -0.002421 -0.591260 0.556522 -1.330910
0.711866 0.035712 0.496526 -1.769706 0.052092 -0.160488 0.173011 -0.533021 0.712761 0.050124 0.715182 0.641384 0.532059 -1.256939
0.728814 0.178569 0.545165 -1.295399 0.057195 -0.117475 0.189959 -0.390164 0.750371 0.240279 0.035189 -0.401105 0.407297 -1.117708
0.711866 0.249997 0.496526 -1.058246 0.052092 -0.095968 0.173011 -0.318735 0.754488 0.337731 0.719299 0.738836 0.336707 -1.073494
0.694916 0.464283 0.447880 -0.346787 0.046988 -0.031449 0.156060 -0.104449 0.835743 0.589004 0.116444 -0.149831 0.172962 -0.589815
0.644067 0.678569 0.301949 0.364673 0.031678 0.033071 0.105212 0.109836 0.935563 0.811478 0.819119 0.961309 0.174898 0.806901
0.593221 0.749997 0.156024 0.601826 0.016369 0.054577 0.054366 0.181265 0.956246 0.901589 0.137127 -0.059720 0.218029 1.279410
0.474576 0.892854 -0.184477 1.076133 -0.019354 0.097591 -0.064280 0.324122 1.011143 1.082247 0.874016 1.141967 0.359788 -1.375017
0.338983 0.964288 -0.573618 1.313304 -0.060180 0.119099 -0.199873 0.395556 1.022136 1.232753 0.148119 0.090787 0.470045 -1.102921
0.271186 0.964288 -0.768188 1.313304 -0.080593 0.119099 -0.267669 0.395556 1.001696 1.296648 0.853576 1.205861 0.502633 -0.975886
0.135593 1.000000 -1.157329 1.431871 -0.121419 0.129851 -0.403262 0.431268 1.009151 1.436025 0.155575 0.230164 0.612597 -0.818944
0.050846 1.000000 -1.400545 1.431871 -0.146936 0.129851 -0.488009 0.431268 1.001292 1.519994 0.845717 1.289830 0.671422 -0.723752
0.016948 1.000000 -1.497831 1.431871 -0.157142 0.129851 -0.521907 0.431268 1.000144 1.553850 0.154427 0.264020 0.696449 -0.690591
0.000000 1.000000 -1.546470 1.431871 -0.162245 0.129851 -0.538855 0.431268 1.000000 1.570796 0.845573 1.306776 0.709239 -0.674949
0.101695 0.964288 -1.254614 1.313304 -0.131625 0.119099 -0.437161 0.395556 0.969636 1.465724 0.124063 0.158947 0.610002 -0.735477
0.254238 0.964288 -0.816827 1.313304 -0.085696 0.119099 -0.284617 0.395556 0.997241 1.313009 0.873178 1.154062 0.511860 -0.947079
0.406779 0.964288 -0.379048 1.313304 -0.039767 0.119099 -0.132076 0.395556 1.046576 1.171602 0.173398 0.017540 0.445463 -1.248536
0.474576 0.964288 -0.184477 1.313304 -0.019354 0.119099 -0.064280 0.395556 1.074744 1.113447 0.901346 1.095907 0.430262 -1.409700
0.610169 1.000000 0.204663 1.431871 0.021472 0.129851 0.071313 0.431268 1.171455 1.022933 0.270109 -0.072974 0.466626 1.406922
0.728814 1.000000 0.545165 1.431871 0.057195 0.129851 0.189959 0.431268 1.237404 0.940993 0.967296 1.013967 0.498737 1.155900
0.762712 1.000000 0.642450 1.431871 0.067401 0.129851 0.223857 0.431268 1.257668 0.919209 0.290373 -0.094758 0.512607 1.092012
0.881357 0.964288 0.982952 1.313304 0.103125 0.119099 0.342502 0.395556 1.306385 0.830301 1.016013 0.925059 0.546169 0.857158
0.898305 0.964288 1.031591 1.313304 0.108227 0.119099 0.359450 0.395556 1.317879 0.820809 0.301866 -0.104250 0.556954 0.833184
0.949154 0.821426 1.177522 0.838979 0.123538 0.076084 0.410299 0.252694 1.255242 0.713384 0.953377 0.817634 0.498188 0.552012
0.983052 0.678569 1.274808 0.364673 0.133744 0.033071 0.444197 0.109836 1.194507 0.604164 0.241130 -0.213470 0.465651 0.242407
1.000000 0.535712 1.323446 -0.109633 0.138847 -0.009942 0.461145 -0.033021 1.134454 0.491807 0.893324 0.705277 0.461155 -0.071484
1.000000 0.464283 1.323446 -0.346787 0.138847 -0.031449 0.461145 -0.104449 1.102524 0.434668 0.209200 -0.270609 0.467135 -0.222742
0.966102 0.392854 1.226161 -0.583940 0.128640 -0.052955 0.427246 -0.175878 1.042922 0.386216 0.833723 0.656825 0.451504 -0.390513
0.932203 0.392854 1.128876 -0.583940 0.118434 -0.052955 0.393348 -0.175878 1.011602 0.398839 0.177879 -0.257986 0.419570 -0.420465
0.898305 0.428571 1.031591 -0.465354 0.108227 -0.042201 0.359450 -0.140161 0.995302 0.445151 0.817423 0.703137 0.375988 -0.371797
0.881357 0.500000 0.982952 -0.228201 0.103125 -0.020695 0.342502 -0.068732 1.013307 0.516033 0.195884 -0.187104 0.344699 -0.198046
0.915256 0.571429 1.080237 0.008952 0.113331 0.000812 0.376400 0.002696 1.078992 0.558123 0.883108 0.745227 0.377807 0.007163
0.949154 0.607140 1.177522 0.127520 0.123538 0.011564 0.410299 0.038408 1.126726 0.569075 0.243619 -0.176152 0.415942 0.093338
0.983052 0.607140 1.274808 0.127520 0.133744 0.011564 0.444197 0.038408 1.155427 0.553266 0.911808 0.729417 0.449415 0.086251
