0.327868 0.903228 -0.445776 1.058855 -0.050989 0.109661 -0.151735 0.326333 0.960895 1.222591 0.960895 1.222591 0.449979 -1.135562
0.295082 0.903228 -0.542098 1.058855 -0.062007 0.109661 -0.184522 0.326333 0.950208 1.255031 -0.010687 0.032440 0.462067 -1.056175
0.213116 0.838713 -0.782902 0.849520 -0.089551 0.087981 -0.266488 0.261817 0.865365 1.321964 0.876053 1.289524 0.447186 -0.776556
0.163934 0.774197 -0.927389 0.640184 -0.106078 0.066301 -0.315670 0.197301 0.791363 1.362131 -0.084690 0.072607 0.431778 -0.558616
0.098361 0.548388 -1.120035 -0.092499 -0.128114 -0.009580 -0.381243 -0.028508 0.557139 1.393320 0.641829 1.320713 0.387399 0.074637
0.098361 0.322580 -1.120035 -0.825182 -0.128114 -0.085461 -0.381243 -0.254316 0.337243 1.274833 -0.304587 -0.045880 0.412314 0.588282
0.114755 0.225808 -1.071870 -1.139178 -0.122604 -0.117980 -0.364849 -0.351087 0.253295 1.100612 0.557882 1.146493 0.444440 0.766179
0.147542 0.161292 -0.975547 -1.348513 -0.111587 -0.139660 -0.332062 -0.415603 0.218595 0.829892 -0.339286 -0.316600 0.459986 0.896673
0.213116 0.064516 -0.782902 -1.662525 -0.089551 -0.172181 -0.266488 -0.512380 0.222667 0.293957 0.561953 0.610558 0.493269 1.091199
0.278689 0.096776 -0.590256 -1.557849 -0.067516 -0.161340 -0.200914 -0.480119 0.295014 0.334228 -0.266939 -0.276330 0.432346 1.174472
0.311476 0.161292 -0.493933 -1.348513 -0.056498 -0.139660 -0.168128 -0.415603 0.350760 0.477811 0.617699 0.754141 0.359985 1.186384
0.360655 0.258064 -0.349453 -1.034518 -0.039972 -0.107141 -0.118949 -0.318832 0.443474 0.621081 -0.174225 -0.133061 0.251453 1.213714
0.393442 0.290324 -0.253130 -0.929842 -0.028954 -0.096300 -0.086162 -0.286572 0.488963 0.635718 0.663188 0.768778 0.207968 1.278731
0.409837 0.225808 -0.204965 -1.139178 -0.023445 -0.117980 -0.069767 -0.351087 0.467927 0.503589 -0.195261 -0.265189 0.263210 1.374635
0.426229 0.161292 -0.156807 -1.348513 -0.017936 -0.139660 -0.053375 -0.415603 0.455726 0.361763 0.650988 0.626953 0.322755 1.443068
0.524590 0.064516 0.132161 -1.662525 0.015117 -0.172181 0.044986 -0.512380 0.528542 0.122369 -0.122446 -0.504583 0.417518 -1.483223
0.590166 0.000000 0.324814 -1.871861 0.037153 -0.193861 0.110562 -0.576896 0.590166 0.000000 0.712611 0.504583 0.492183 -1.381443
0.672132 0.000000 0.565617 -1.871861 0.064697 -0.193861 0.192528 -0.576896 0.672132 0.000000 -0.040480 -0.504583 0.516804 -1.248688
0.688526 0.161292 0.613782 -1.348513 0.070207 -0.139660 0.208922 -0.415603 0.707166 0.230108 0.747646 0.734691 0.380750 -1.104994
0.655739 0.290324 0.517459 -0.929842 0.059189 -0.096300 0.176136 -0.286572 0.717135 0.416803 -0.030511 -0.317888 0.258555 -1.019689
0.540984 0.516133 0.180326 -0.197159 0.020626 -0.020419 0.061380 -0.060763 0.747701 0.761894 0.778212 1.079782 0.071428 -0.780345
0.377050 0.709681 -0.301288 0.430848 -0.034462 0.044621 -0.102554 0.132785 0.803625 1.082427 0.025413 0.002645 0.251898 -0.913155
0.295082 0.774197 -0.542098 0.640184 -0.062007 0.066301 -0.184522 0.197301 0.828525 1.206649 0.803112 1.204004 0.347611 -0.818853
0.131147 0.870968 -1.023712 0.954180 -0.117096 0.098821 -0.348456 0.294072 0.880787 1.421343 0.077675 0.217339 0.524011 -0.700959
0.016392 0.903228 -1.360846 1.058855 -0.155658 0.109661 -0.463212 0.326333 0.903377 1.552650 0.825702 1.335311 0.627712 -0.613740
0.000000 0.935484 -1.409003 1.163515 -0.161167 0.120501 -0.479604 0.358588 0.935484 1.570796 0.109782 0.235485 0.661700 -0.642012
0.032787 0.967744 -1.312681 1.268191 -0.150149 0.131341 -0.446817 0.390849 0.968300 1.536930 0.858518 1.301444 0.661760 -0.718683
0.180329 0.967744 -0.879224 1.268191 -0.100569 0.131341 -0.299275 0.390849 0.984402 1.386570 0.125884 0.085125 0.572579 -0.917319
0.393442 0.967744 -0.253130 1.268191 -0.028954 0.131341 -0.086162 0.390849 1.044666 1.184651 0.918781 1.099526 0.495686 -1.353819
0.475410 1.000000 -0.012319 1.372851 -0.001409 0.142181 -0.004193 0.423104 1.107256 1.127013 0.188474 0.027487 0.520413 -1.560886
0.639345 1.000000 0.469294 1.372851 0.053680 0.142181 0.159741 0.423104 1.186913 1.001948 0.998438 0.974461 0.544361 1.209796
0.737705 1.000000 0.758263 1.372851 0.086733 0.142181 0.258101 0.423104 1.242662 0.935210 0.244224 -0.039250 0.580886 1.023043
0.786887 1.000000 0.902751 1.372851 0.103260 0.142181 0.307283 0.423104 1.272474 0.904103 1.028250 0.943353 0.604347 0.942664
0.868853 0.935484 1.143554 1.163515 0.130804 0.120501 0.389249 0.358588 1.276728 0.822310 0.248478 -0.121043 0.599451 0.744422
0.934426 0.838713 1.336199 0.849520 0.152839 0.087981 0.454822 0.261817 1.255624 0.731471 1.007146 0.852514 0.579502 0.522320
0.967213 0.774197 1.432522 0.640184 0.163857 0.066301 0.487609 0.197301 1.238903 0.675009 0.231757 -0.177504 0.569691 0.384490
1.000000 0.612904 1.528845 0.116837 0.174875 0.012100 0.520396 0.036008 1.172882 0.549854 0.941124 0.727358 0.537197 0.069084
0.967213 0.516133 1.432522 -0.197159 0.163857 -0.020419 0.487609 -0.060763 1.096309 0.490187 0.155185 -0.237171 0.488976 -0.123975
0.934426 0.483872 1.336199 -0.301835 0.152839 -0.031260 0.454822 -0.093024 1.052276 0.477808 0.897091 0.714979 0.454843 -0.201745
0.836066 0.516133 1.047231 -0.197159 0.119786 -0.020419 0.356462 -0.060763 0.982547 0.553068 0.085456 -0.161911 0.358329 -0.168839
0.803279 0.612904 0.950908 0.116837 0.108768 0.012100 0.323675 0.036008 1.010400 0.651771 0.924944 0.813682 0.350049 0.110793
0.836066 0.709681 1.047231 0.430848 0.119786 0.044621 0.356462 0.132785 1.096655 0.703816 0.171711 -0.109865 0.424265 0.356584
0.885247 0.741936 1.191719 0.535508 0.136313 0.055460 0.405643 0.165040 1.155046 0.697552 0.983335 0.807417 0.483078 0.386407
