0.390625 0.818182 -0.240696 0.814718 -0.017828 0.051769 -0.081073 0.235419 0.906647 1.125366 0.906647 1.125366 0.355842 -1.239140
0.390625 0.863640 -0.240696 0.972035 -0.017828 0.061765 -0.081073 0.280877 0.947872 1.146030 0.041225 0.020664 0.400239 -1.289793
0.374999 0.909091 -0.287088 1.129328 -0.021264 0.071760 -0.096699 0.326328 0.983397 1.179562 0.942173 1.158898 0.447955 -1.282715
0.359375 0.909091 -0.333474 1.129328 -0.024700 0.071760 -0.112323 0.326328 0.977546 1.194337 0.035374 0.035439 0.451585 -1.239296
0.343749 0.909091 -0.379866 1.129328 -0.028136 0.071760 -0.127949 0.326328 0.971910 1.209290 0.936537 1.173850 0.455723 -1.197131
0.328125 0.863640 -0.426251 0.972035 -0.031572 0.061765 -0.143573 0.280877 0.923872 1.207708 -0.012664 0.033858 0.417410 -1.098262
0.312499 0.863640 -0.472644 0.972035 -0.035008 0.061765 -0.159199 0.280877 0.918439 1.223613 0.931103 1.189755 0.423040 -1.055153
0.281249 0.818182 -0.565421 0.814718 -0.041880 0.051769 -0.190449 0.235419 0.865172 1.239701 -0.065931 0.049946 0.395375 -0.890605
0.249999 0.772731 -0.658199 0.657425 -0.048752 0.041774 -0.221699 0.189968 0.812165 1.257897 0.878096 1.207951 0.373860 -0.708472
0.218749 0.727273 -0.750976 0.500108 -0.055624 0.031778 -0.252948 0.144510 0.759458 1.278624 -0.118638 0.070672 0.359585 -0.519051
0.203126 0.636364 -0.797362 0.185497 -0.059060 0.011787 -0.268572 0.053601 0.667996 1.261821 0.786634 1.191149 0.315033 -0.196989
0.171876 0.590913 -0.890139 0.028204 -0.065931 0.001792 -0.299822 0.008150 0.615401 1.287741 -0.171233 0.096592 0.322654 -0.027175
0.156250 0.545455 -0.936532 -0.129113 -0.069368 -0.008204 -0.315448 -0.037308 0.567393 1.291810 0.738625 1.195218 0.323956 0.117724
0.140626 0.454545 -0.982917 -0.443723 -0.072803 -0.028195 -0.331072 -0.128217 0.475802 1.270759 -0.262824 0.075542 0.331516 0.369492
0.140626 0.409094 -0.982917 -0.601017 -0.072803 -0.038190 -0.331072 -0.173668 0.432590 1.239701 0.695413 1.164159 0.336939 0.483105
0.140626 0.318185 -0.982917 -0.915627 -0.072803 -0.058181 -0.331072 -0.264578 0.347876 1.154647 -0.347538 -0.009513 0.364931 0.674225
0.140626 0.272727 -0.982917 -1.072944 -0.072803 -0.068177 -0.331072 -0.310036 0.306848 1.094725 0.654386 1.104237 0.386262 0.752597
0.140626 0.227276 -0.982917 -1.230237 -0.072803 -0.078172 -0.331072 -0.355487 0.267264 1.016708 -0.387122 -0.087529 0.411523 0.820944
0.156250 0.181818 -0.936532 -1.387554 -0.069368 -0.088169 -0.315448 -0.400945 0.239733 0.860886 0.626855 0.948415 0.428413 0.904179
0.171876 0.136367 -0.890139 -1.544848 -0.065931 -0.098163 -0.299822 -0.446396 0.219402 0.670707 -0.407453 -0.277708 0.449822 0.979351
0.187500 0.090909 -0.843754 -1.702165 -0.062496 -0.108160 -0.284198 -0.491854 0.208376 0.451454 0.615829 0.729162 0.475151 1.046852
0.203126 0.045451 -0.797362 -1.859482 -0.059060 -0.118156 -0.268572 -0.537312 0.208149 0.220133 -0.407680 -0.509030 0.503803 1.107273
0.218749 0.045451 -0.750976 -1.859482 -0.055624 -0.118156 -0.252948 -0.537312 0.223421 0.204862 0.631101 0.713892 0.495650 1.130808
0.234376 0.045451 -0.704584 -1.859482 -0.052188 -0.118156 -0.237322 -0.537312 0.238742 0.191547 -0.392359 -0.522345 0.487861 1.154879
0.249999 0.045451 -0.658199 -1.859482 -0.048752 -0.118156 -0.221699 -0.537312 0.254097 0.179841 0.646457 0.702186 0.480455 1.179469
0.265626 0.045451 -0.611807 -1.859482 -0.045316 -0.118156 -0.206072 -0.537312 0.269486 0.169469 -0.376971 -0.532718 0.473447 1.204573
0.281249 0.090909 -0.565421 -1.702165 -0.041880 -0.108160 -0.190449 -0.491854 0.295577 0.312633 0.672548 0.845350 0.425759 1.201368
0.281249 0.136367 -0.565421 -1.544848 -0.041880 -0.098163 -0.190449 -0.446396 0.312565 0.451464 -0.359982 -0.393887 0.385639 1.167540
0.296875 0.136367 -0.519029 -1.544848 -0.038444 -0.098163 -0.174823 -0.446396 0.326697 0.430595 0.686679 0.824481 0.378166 1.197525
0.296875 0.181818 -0.519029 -1.387554 -0.038444 -0.088169 -0.174823 -0.400945 0.348128 0.549516 -0.338552 -0.274965 0.338516 1.159623
0.328125 0.136367 -0.426251 -1.544848 -0.031572 -0.098163 -0.143573 -0.446396 0.355334 0.393877 0.693886 0.668843 0.364774 1.259619
0.343749 0.090909 -0.379866 -1.702165 -0.028136 -0.108160 -0.127949 -0.491854 0.355567 0.258544 -0.338318 -0.410298 0.401710 1.316301
0.359375 0.045451 -0.333474 -1.859482 -0.024700 -0.118156 -0.112323 -0.537312 0.362238 0.125805 0.700557 0.536103 0.440798 1.364718
0.374999 0.045451 -0.287088 -1.859482 -0.021264 -0.118156 -0.096699 -0.537312 0.377743 0.120615 -0.322813 -0.415488 0.437078 1.392734
0.390625 0.000000 -0.240696 -2.016775 -0.017828 -0.128151 -0.081073 -0.582763 0.390625 0.000000 0.713438 0.415488 0.478614 1.432566
0.421875 0.000000 -0.147918 -2.016775 -0.010956 -0.128151 -0.049823 -0.582763 0.421875 0.000000 -0.291563 -0.415488 0.474322 1.485510
0.453125 0.000000 -0.055141 -2.016775 -0.004084 -0.128151 -0.018573 -0.582763 0.453125 0.000000 0.744688 0.415488 0.472063 1.538937
0.468749 0.000000 -0.008756 -2.016775 -0.000649 -0.128151 -0.002949 -0.582763 0.468749 0.000000 -0.275939 -0.415488 0.471707 1.565736
0.499999 0.000000 0.084022 -2.016775 0.006223 -0.128151 0.028301 -0.582763 0.499999 0.000000 0.775938 0.415488 0.472546 -1.522271
0.515625 0.000000 0.130414 -2.016775 0.009660 -0.128151 0.043927 -0.582763 0.515625 0.000000 -0.260313 -0.415488 0.473739 -1.495561
0.546875 0.045451 0.223192 -1.859482 0.016532 -0.118156 0.075177 -0.537312 0.548760 0.082920 0.809074 0.498408 0.432826 -1.431786
0.546875 0.090909 0.223192 -1.702165 0.016532 -0.108160 0.075177 -0.491854 0.554379 0.164727 -0.254694 -0.333681 0.388139 -1.419126
0.562501 0.136367 0.269584 -1.544848 0.019968 -0.098163 0.090803 -0.446396 0.578795 0.237841 0.833489 0.571522 0.347408 -1.370120
0.578125 0.181818 0.315970 -1.387554 0.023403 -0.088169 0.106427 -0.400945 0.606041 0.304703 -0.227447 -0.266819 0.308799 -1.311339
0.578125 0.272727 0.315970 -1.072944 0.023403 -0.068177 0.106427 -0.310036 0.639225 0.440789 0.866672 0.707608 0.225646 -1.240127
0.578125 0.318185 0.315970 -0.915627 0.023403 -0.058181 0.106427 -0.264578 0.659902 0.503131 -0.206771 -0.204477 0.186796 -1.188350
0.578125 0.409094 0.315970 -0.601017 0.023403 -0.038190 0.106427 -0.173668 0.708228 0.615824 0.914998 0.820301 0.123474 -1.021006
0.546875 0.500003 0.223192 -0.286406 0.016532 -0.018199 0.075177 -0.082759 0.740996 0.740655 -0.174002 -0.079645 0.080329 -0.833371
0.531249 0.545455 0.176800 -0.129113 0.013095 -0.008204 0.059551 -0.037308 0.761410 0.798591 0.935413 0.878237 0.094796 -0.559673
0.499999 0.590913 0.084022 0.028204 0.006223 0.001792 0.028301 0.008150 0.774065 0.868543 -0.161348 -0.009693 0.122528 0.280382
0.484375 0.681822 0.037637 0.342814 0.002788 0.021783 0.012677 0.099059 0.836361 0.953116 0.997709 0.962809 0.210506 1.443513
0.453125 0.681822 -0.055141 0.342814 -0.004084 0.021783 -0.018573 0.099059 0.818659 0.984240 -0.179049 0.021431 0.210943 -1.385455
0.406249 0.727273 -0.194311 0.500108 -0.014392 0.031778 -0.065449 0.144510 0.833045 1.061380 1.012094 1.039950 0.263822 -1.145531
0.374999 0.772731 -0.287088 0.657425 -0.021264 0.041774 -0.096699 0.189968 0.858916 1.118985 -0.153178 0.079036 0.316182 -1.099953
0.343749 0.818182 -0.379866 0.814718 -0.028136 0.051769 -0.127949 0.235419 0.887460 1.173051 1.040638 1.094016 0.369353 -1.072962
0.265626 0.863640 -0.611807 0.972035 -0.045316 0.061765 -0.206072 0.280877 0.903566 1.272414 -0.137073 0.178398 0.442814 -0.937825
0.234376 0.863640 -0.704584 0.972035 -0.052188 0.061765 -0.237322 0.280877 0.894877 1.305798 1.031950 1.127400 0.458192 -0.869251
0.187500 0.863640 -0.843754 0.972035 -0.062496 0.061765 -0.284198 0.280877 0.883759 1.357010 -0.148191 0.229610 0.484135 -0.779520
0.156250 0.863640 -0.936532 0.972035 -0.069368 0.061765 -0.315448 0.280877 0.877660 1.391812 1.025851 1.162202 0.503116 -0.727489
0.078124 0.863640 -1.168479 0.972035 -0.086548 0.061765 -0.393574 0.280877 0.867166 1.480583 -0.158685 0.318381 0.555445 -0.619833
0.062500 0.863640 -1.214865 0.972035 -0.089983 0.061765 -0.409198 0.280877 0.865898 1.498554 1.024584 1.180173 0.566623 -0.601546
0.031250 0.818182 -1.307642 0.814718 -0.096855 0.051769 -0.440448 0.235419 0.818778 1.532621 -0.205805 0.352447 0.560398 -0.490864
0.000000 0.772731 -1.400420 0.657425 -0.103727 0.041774 -0.471698 0.189968 0.772731 1.570796 0.978536 1.218349 0.559571 -0.382859
0.000000 0.727273 -1.400420 0.500108 -0.103727 0.031778 -0.471698 0.144510 0.727273 1.570796 -0.251263 0.352447 0.536486 -0.297282
0.046874 0.727273 -1.261257 0.500108 -0.093420 0.031778 -0.424824 0.144510 0.728782 1.506434 0.980045 1.153987 0.495776 -0.327886
0.062500 0.727273 -1.214865 0.500108 -0.089983 0.031778 -0.409198 0.144510 0.729953 1.485070 -0.250092 0.331083 0.482454 -0.339482
0.093750 0.727273 -1.122087 0.500108 -0.083112 0.031778 -0.377948 0.144510 0.733290 1.442597 0.983382 1.111514 0.456249 -0.365202
0.171876 0.727273 -0.890139 0.500108 -0.065931 0.031778 -0.299822 0.144510 0.747306 1.338725 -0.236075 0.227211 0.393969 -0.449132
0.218749 0.727273 -0.750976 0.500108 -0.055624 0.031778 -0.252948 0.144510 0.759458 1.278624 0.995534 1.051413 0.359585 -0.519051
0.265626 0.772731 -0.611807 0.657425 -0.045316 0.041774 -0.206072 0.189968 0.817111 1.239701 -0.178423 0.188288 0.364810 -0.744757
0.312499 0.772731 -0.472644 0.657425 -0.035008 0.041774 -0.159199 0.189968 0.833528 1.186495 1.011951 0.998207 0.340536 -0.873293
0.437499 0.818182 -0.101533 0.814718 -0.007520 0.051769 -0.034199 0.235419 0.927808 1.079759 -0.084143 0.081553 0.348168 -1.426537
0.484375 0.863640 0.037637 0.972035 0.002788 0.061765 0.012677 0.280877 0.990198 1.059659 1.074342 0.978106 0.392147 1.525693
0.546875 0.863640 0.223192 0.972035 0.016532 0.061765 0.075177 0.280877 1.022226 1.006307 -0.052116 0.028201 0.399086 1.309276
0.640625 0.909091 0.501525 1.129328 0.037147 0.071760 0.168927 0.326328 1.112136 0.956932 1.164252 0.928731 0.468880 1.093122
0.671875 0.954549 0.594303 1.286645 0.044019 0.081756 0.200177 0.371786 1.167296 0.957480 0.003044 0.028750 0.522700 1.076888
0.718751 0.954549 0.733472 1.286645 0.054327 0.081756 0.247053 0.371786 1.194892 0.925394 1.191848 0.896645 0.542384 0.984294
0.750001 1.000000 0.826250 1.443939 0.061199 0.091751 0.278303 0.417237 1.250000 0.927295 0.058152 0.030650 0.597123 0.982554
0.796874 1.000000 0.965413 1.443939 0.071507 0.091751 0.325176 0.417237 1.278675 0.897964 1.220522 0.867314 0.620357 0.908771
0.843750 1.000000 1.104583 1.443939 0.081815 0.091751 0.372052 0.417237 1.308402 0.869942 0.087879 0.002628 0.646163 0.842583
0.859374 1.000000 1.150968 1.443939 0.085251 0.091751 0.387676 0.417237 1.318531 0.860885 1.230652 0.858258 0.655283 0.822107
0.875000 1.000000 1.197361 1.443939 0.088687 0.091751 0.403302 0.417237 1.328768 0.851966 0.098117 -0.006291 0.664647 0.802379
0.859374 1.000000 1.150968 1.443939 0.085251 0.091751 0.387676 0.417237 1.318531 0.860885 1.220414 0.867177 0.655283 0.822107
0.843750 0.954549 1.104583 1.286645 0.081815 0.081756 0.372052 0.371786 1.274001 0.846933 0.053587 -0.020243 0.609564 0.785040
0.828124 0.954549 1.058191 1.286645 0.078379 0.081756 0.356426 0.371786 1.263706 0.856198 1.210119 0.876441 0.600154 0.806488
0.812500 0.909091 1.011805 1.129328 0.074943 0.071760 0.340802 0.326328 1.219263 0.841445 0.009144 -0.034997 0.554490 0.763705
0.796874 0.863640 0.965413 0.972035 0.071507 0.061765 0.325176 0.280877 1.175110 0.825584 1.165965 0.860581 0.509272 0.712433
0.781251 0.818182 0.919028 0.814718 0.068071 0.051769 0.309553 0.235419 1.131271 0.808484 -0.034695 -0.052097 0.464622 0.650196
0.781251 0.772731 0.919028 0.657425 0.068071 0.041774 0.309553 0.189968 1.098847 0.779916 1.133542 0.832012 0.431791 0.550422
0.781251 0.727273 0.919028 0.500108 0.068071 0.031778 0.309553 0.144510 1.067370 0.749632 -0.066172 -0.082381 0.401424 0.436765
0.796874 0.636364 0.965413 0.185497 0.071507 0.011787 0.325176 0.053601 1.019788 0.673871 1.085960 0.756252 0.364492 0.163367
0.828124 0.590913 1.058191 0.028204 0.078379 0.001792 0.356426 0.008150 1.017333 0.619766 -0.068627 -0.136486 0.375835 0.022861
0.843750 0.545455 1.104583 -0.129113 0.081815 -0.008204 0.372052 -0.037308 1.004707 0.573886 1.073333 0.710372 0.379293 -0.099943
0.890624 0.545455 1.243746 -0.129113 0.092123 -0.008204 0.418926 -0.037308 1.044381 0.549517 -0.028952 -0.160855 0.425369 -0.088823
0.921874 0.545455 1.336524 -0.129113 0.098995 -0.008204 0.450176 -0.037308 1.071155 0.534280 1.100107 0.695134 0.456178 -0.082686
0.968750 0.545455 1.475693 -0.129113 0.109303 -0.008204 0.497052 -0.037308 1.111754 0.512807 0.011648 -0.182327 0.502495 -0.074919
0.984374 0.590913 1.522079 0.028204 0.112738 0.001792 0.512676 0.008150 1.148116 0.540635 1.136468 0.722962 0.526354 0.015895
1.000000 0.590913 1.568471 0.028204 0.116175 0.001792 0.528302 0.008150 1.161541 0.533711 0.025073 -0.189251 0.541586 0.015425
1.000000 0.681822 1.568471 0.342814 0.116175 0.021783 0.528302 0.099059 1.210323 0.598421 1.185250 0.787673 0.568555 0.185352
1.000000 0.772731 1.568471 0.657425 0.116175 0.041774 0.528302 0.189968 1.263769 0.657891 0.078520 -0.129782 0.608049 0.345186
0.984374 0.818182 1.522079 0.814718 0.112738 0.051769 0.512676 0.235419 1.280005 0.693460 1.201486 0.823242 0.618779 0.430475
0.953124 0.909091 1.429301 1.129328 0.105867 0.071760 0.481426 0.326328 1.317153 0.761757 0.115667 -0.061485 0.650449 0.595696
0.906250 0.954549 1.290138 1.286645 0.095559 0.081756 0.434552 0.371786 1.316227 0.811348 1.200560 0.872833 0.649600 0.707714
0.875000 0.954549 1.197361 1.286645 0.088687 0.081756 0.403302 0.371786 1.294909 0.828851 0.094349 -0.043982 0.629125 0.744759
0.843750 0.954549 1.104583 1.286645 0.081815 0.081756 0.372052 0.371786 1.274001 0.846933 1.179652 0.890916 0.609564 0.785040
0.812500 0.909091 1.011805 1.129328 0.074943 0.071760 0.340802 0.326328 1.219263 0.841445 0.039612 -0.049471 0.554490 0.763705
