0.288136 0.628570 -0.285659 0.291909 -0.018264 0.016134 -0.097487 0.086119 0.691464 1.140980 0.691464 1.140980 0.261777 -0.723559
0.288136 0.657144 -0.285659 0.388763 -0.018264 0.021487 -0.097487 0.114692 0.717537 1.157575 0.026073 0.016595 0.288491 -0.866308
0.288136 0.685713 -0.285659 0.485601 -0.018264 0.026840 -0.097487 0.143262 0.743790 1.172999 0.717717 1.156405 0.315528 -0.973288
0.288136 0.714286 -0.285659 0.582454 -0.018264 0.032193 -0.097487 0.171835 0.770212 1.187371 0.052495 0.030967 0.342817 -1.054745
0.288136 0.742856 -0.285659 0.679293 -0.018264 0.037546 -0.097487 0.200404 0.796779 1.200785 0.744284 1.169819 0.370296 -1.118045
0.288136 0.771429 -0.285659 0.776146 -0.018264 0.042899 -0.097487 0.228978 0.823483 1.213333 0.079200 0.043515 0.397932 -1.168291
0.254238 0.799998 -0.384988 0.872984 -0.024615 0.048251 -0.131385 0.257547 0.839425 1.263092 0.760225 1.219578 0.434706 -1.099068
0.237287 0.799998 -0.434656 0.872984 -0.027791 0.048251 -0.148336 0.257547 0.834447 1.282453 0.074222 0.062875 0.440125 -1.048244
0.220339 0.799998 -0.484317 0.872984 -0.030966 0.048251 -0.165284 0.257547 0.829787 1.302035 0.755565 1.239160 0.446123 -1.000235
0.203389 0.771429 -0.533986 0.776146 -0.034141 0.042899 -0.182234 0.228978 0.797791 1.313010 0.042226 0.073850 0.426680 -0.898586
0.186441 0.771429 -0.583646 0.776146 -0.037316 0.042899 -0.199182 0.228978 0.793639 1.333661 0.751413 1.259810 0.434189 -0.854877
0.152543 0.742856 -0.682975 0.679293 -0.043667 0.037546 -0.233080 0.200404 0.758356 1.368265 0.006943 0.108454 0.426546 -0.710161
0.135593 0.685713 -0.732644 0.485601 -0.046843 0.026840 -0.250030 0.143262 0.698990 1.375575 0.692048 1.267121 0.390601 -0.520312
0.101695 0.657144 -0.831973 0.388763 -0.053194 0.021487 -0.283929 0.114692 0.664966 1.417262 -0.027082 0.150141 0.392860 -0.383905
0.084747 0.628570 -0.881633 0.291909 -0.056369 0.016134 -0.300876 0.086119 0.634257 1.436780 0.661339 1.286639 0.386717 -0.278773
0.067796 0.600001 -0.931302 0.195071 -0.059544 0.010782 -0.317827 0.057550 0.603819 1.458280 -0.057520 0.171641 0.383369 -0.179131
0.050849 0.542858 -0.980963 0.001379 -0.062720 0.000076 -0.334775 0.000407 0.545234 1.477401 0.602754 1.305759 0.369861 -0.001215
0.033898 0.514285 -1.030631 -0.095474 -0.065895 -0.005277 -0.351725 -0.028167 0.515401 1.504978 -0.087354 0.199219 0.374519 0.079911
0.016950 0.457142 -1.080292 -0.289166 -0.069070 -0.015983 -0.368673 -0.085309 0.457456 1.533734 0.544810 1.334515 0.375546 0.227394
0.016950 0.428573 -1.080292 -0.386004 -0.069070 -0.021335 -0.368673 -0.113879 0.428908 1.531266 -0.115902 0.196751 0.371166 0.299591
0.000000 0.371430 -1.129960 -0.579696 -0.072246 -0.032041 -0.385623 -0.171021 0.371430 1.570796 0.487332 1.374046 0.385884 0.417430
0.000000 0.342856 -1.129960 -0.676549 -0.072246 -0.037394 -0.385623 -0.199595 0.342856 1.570796 -0.144476 0.196751 0.387987 0.477621
0.000000 0.314287 -1.129960 -0.773388 -0.072246 -0.042746 -0.385623 -0.228164 0.314287 1.570796 0.458763 1.374046 0.392166 0.534277
0.000000 0.285714 -1.129960 -0.870241 -0.072246 -0.048100 -0.385623 -0.256738 0.285714 1.570796 -0.173049 0.196751 0.398355 0.587384
0.000000 0.257144 -1.129960 -0.967079 -0.072246 -0.053452 -0.385623 -0.285307 0.257144 1.570796 0.430194 1.374046 0.406463 0.636979
0.000000 0.228571 -1.129960 -1.063932 -0.072246 -0.058805 -0.385623 -0.313880 0.228571 1.570796 -0.201623 0.196751 0.416378 0.683193
0.000000 0.200002 -1.129960 -1.160771 -0.072246 -0.064158 -0.385623 -0.342450 0.200002 1.570796 0.401624 1.374046 0.427972 0.726169
0.000000 0.171428 -1.129960 -1.257624 -0.072246 -0.069511 -0.385623 -0.371023 0.171428 1.570796 -0.230196 0.196751 0.441117 0.766105
0.000000 0.142855 -1.129960 -1.354477 -0.072246 -0.074864 -0.385623 -0.399597 0.142855 1.570796 0.373051 1.374046 0.455677 0.803192
0.016950 0.114285 -1.080292 -1.451316 -0.069070 -0.080216 -0.368673 -0.428166 0.115536 1.423554 -0.257515 0.049508 0.457759 0.859921
0.033898 0.085712 -1.030631 -1.548169 -0.065895 -0.085570 -0.351725 -0.456739 0.092172 1.194184 0.349687 1.144676 0.462231 0.914569
0.033898 0.057143 -1.030631 -1.645007 -0.065895 -0.090922 -0.351725 -0.485309 0.066441 1.035378 -0.283246 -0.109299 0.481259 0.943655
0.050849 0.057143 -0.980963 -1.645007 -0.062720 -0.090922 -0.334775 -0.485309 0.076491 0.843617 0.359737 0.952915 0.469013 0.966937
0.067796 0.028569 -0.931302 -1.741861 -0.059544 -0.096275 -0.317827 -0.513882 0.073570 0.398815 -0.286167 -0.554100 0.478018 1.016898
0.084747 0.028569 -0.881633 -1.741861 -0.056369 -0.096275 -0.300876 -0.513882 0.089433 0.325148 0.375600 0.879248 0.466920 1.041109
0.101695 0.028569 -0.831973 -1.741861 -0.053194 -0.096275 -0.283929 -0.513882 0.105631 0.273872 -0.269969 -0.605376 0.456183 1.066023
0.118645 0.028569 -0.782304 -1.741861 -0.050018 -0.096275 -0.266978 -0.513882 0.122036 0.236297 0.392005 0.841673 0.445830 1.091645
0.118645 0.000000 -0.782304 -1.838699 -0.050018 -0.101628 -0.266978 -0.542451 0.118645 0.000000 -0.273360 -0.841673 0.469023 1.113432
0.135593 0.000000 -0.732644 -1.838699 -0.046843 -0.101628 -0.250030 -0.542451 0.135593 0.000000 0.408952 0.841673 0.459587 1.138893
0.169491 0.028569 -0.633315 -1.741861 -0.040492 -0.096275 -0.216132 -0.513882 0.171882 0.166989 -0.237071 -0.674684 0.417373 1.172669
0.186441 0.028569 -0.583646 -1.741861 -0.037316 -0.096275 -0.199182 -0.513882 0.188617 0.152052 0.425688 0.826736 0.408853 1.201023
0.203389 0.057143 -0.533986 -1.645007 -0.034141 -0.090922 -0.182234 -0.485309 0.211264 0.273892 -0.214424 -0.552844 0.375644 1.211586
0.220339 0.057143 -0.484317 -1.645007 -0.030966 -0.090922 -0.165284 -0.485309 0.227629 0.253749 0.442053 0.806593 0.367720 1.242543
0.220339 0.085712 -0.484317 -1.548169 -0.030966 -0.085570 -0.165284 -0.456739 0.236423 0.370987 -0.205629 -0.435606 0.342440 1.223580
0.237287 0.114285 -0.434656 -1.451316 -0.027791 -0.080216 -0.148336 -0.428166 0.263375 0.448847 0.469004 0.884452 0.309237 1.237292
0.254238 0.142855 -0.384988 -1.354477 -0.024615 -0.074864 -0.131385 -0.399597 0.291623 0.511929 -0.177381 -0.372523 0.276041 1.253136
0.254238 0.171428 -0.384988 -1.257624 -0.024615 -0.069511 -0.131385 -0.371023 0.306634 0.593257 0.484015 0.965780 0.251280 1.230459
0.271185 0.171428 -0.335327 -1.257624 -0.021440 -0.069511 -0.114438 -0.371023 0.320826 0.563720 -0.163189 -0.402060 0.242849 1.271616
0.271185 0.200002 -0.335327 -1.160771 -0.021440 -0.064158 -0.114438 -0.342450 0.336960 0.635459 0.500150 1.037519 0.218063 1.248289
0.271185 0.228571 -0.335327 -1.063932 -0.021440 -0.058805 -0.114438 -0.313880 0.354663 0.700333 -0.145486 -0.337186 0.194323 1.221183
0.288136 0.228571 -0.285659 -1.063932 -0.018264 -0.058805 -0.097487 -0.313880 0.367786 0.670627 0.513273 1.007813 0.184849 1.269655
0.288136 0.257144 -0.285659 -0.967079 -0.018264 -0.053452 -0.097487 -0.285307 0.386194 0.728624 -0.127079 -0.279189 0.161278 1.241541
0.288136 0.285714 -0.285659 -0.870241 -0.018264 -0.048100 -0.097487 -0.256738 0.405776 0.781177 0.532855 1.060366 0.139591 1.207898
0.271185 0.285714 -0.335327 -0.870241 -0.021440 -0.048100 -0.114438 -0.256738 0.393921 0.811480 -0.138934 -0.248886 0.151914 1.151492
0.271185 0.257144 -0.335327 -0.967079 -0.021440 -0.053452 -0.114438 -0.285307 0.373718 0.758828 0.512652 1.007715 0.172054 1.189339
0.271185 0.228571 -0.335327 -1.063932 -0.021440 -0.058805 -0.114438 -0.313880 0.354663 0.700333 -0.157988 -0.307381 0.194323 1.221183
0.271185 0.200002 -0.335327 -1.160771 -0.021440 -0.064158 -0.114438 -0.342450 0.336960 0.635459 0.494949 0.942840 0.218063 1.248289
0.271185 0.171428 -0.335327 -1.257624 -0.021440 -0.069511 -0.114438 -0.371023 0.320826 0.563720 -0.174123 -0.379120 0.242849 1.271616
0.271185 0.142855 -0.335327 -1.354477 -0.021440 -0.074864 -0.114438 -0.399597 0.306511 0.484840 0.480634 0.863960 0.268389 1.291878
0.271185 0.114285 -0.335327 -1.451316 -0.021440 -0.080216 -0.114438 -0.428166 0.294283 0.398842 -0.186350 -0.465118 0.294483 1.309627
0.288136 0.114285 -0.285659 -1.451316 -0.018264 -0.080216 -0.097487 -0.428166 0.309973 0.377604 0.496324 0.842722 0.288319 1.346927
0.305084 0.085712 -0.235998 -1.548169 -0.015089 -0.085570 -0.080540 -0.456739 0.316895 0.273886 -0.179429 -0.568837 0.310537 1.396255
0.322034 0.085712 -0.186330 -1.548169 -0.011913 -0.085570 -0.063589 -0.456739 0.333245 0.260128 0.512674 0.828964 0.306578 1.432461
0.338982 0.057143 -0.136669 -1.645007 -0.008738 -0.090922 -0.046641 -0.485309 0.343764 0.167002 -0.168909 -0.661963 0.331775 1.474984
0.372882 0.057143 -0.037333 -1.645007 -0.002387 -0.090922 -0.012741 -0.485309 0.377236 0.152063 0.546145 0.814026 0.328727 1.544550
0.406781 0.057143 0.061996 -1.645007 0.003964 -0.090922 0.021158 -0.485309 0.410775 0.139562 -0.135370 -0.674463 0.329161 -1.527228
0.423728 0.057143 0.111657 -1.645007 0.007139 -0.090922 0.038105 -0.485309 0.427564 0.134048 0.562935 0.808512 0.330683 -1.492439
0.457627 0.057143 0.210986 -1.645007 0.013490 -0.090922 0.072004 -0.485309 0.461180 0.124225 -0.101754 -0.684287 0.336279 -1.423504
0.508475 0.085712 0.359984 -1.548169 0.023016 -0.085570 0.122852 -0.456739 0.515649 0.166997 0.617403 0.851284 0.324098 -1.308039
0.525423 0.114285 0.409644 -1.451316 0.026191 -0.080216 0.139800 -0.428166 0.537709 0.214175 -0.079694 -0.637108 0.305235 -1.255200
0.559321 0.171428 0.508973 -1.257624 0.032542 -0.069511 0.173698 -0.371023 0.585002 0.297403 0.664697 0.934512 0.275772 -1.132944
0.576272 0.228571 0.558642 -1.063932 0.035718 -0.058805 0.190648 -0.313880 0.619946 0.377604 -0.044750 -0.556907 0.247006 -1.024959
0.593219 0.257144 0.608302 -0.967079 0.038893 -0.053452 0.207596 -0.285307 0.646554 0.409025 0.691304 0.965933 0.244137 -0.941770
0.627118 0.371430 0.707631 -0.579696 0.045244 -0.032041 0.241494 -0.171021 0.728860 0.534725 0.037555 -0.431208 0.241911 -0.616194
0.627118 0.399999 0.707631 -0.482857 0.045244 -0.026688 0.241494 -0.142452 0.743825 0.567778 0.706270 0.998986 0.241922 -0.532943
0.644068 0.457142 0.757300 -0.289166 0.048419 -0.015983 0.258445 -0.085309 0.789811 0.617255 0.083542 -0.381731 0.268158 -0.318826
0.644068 0.485715 0.757300 -0.192312 0.048419 -0.010629 0.258445 -0.056736 0.806686 0.646144 0.723145 1.027874 0.277150 -0.216100
0.644068 0.571427 0.757300 0.098218 0.048419 0.005429 0.258445 0.028976 0.861018 0.725707 0.137874 -0.302167 0.318303 0.111651
0.627118 0.628570 0.707631 0.291909 0.045244 0.016134 0.241494 0.086119 0.887906 0.786555 0.750032 1.088722 0.342553 0.342549
0.610170 0.714286 0.657971 0.582454 0.042069 0.032193 0.224547 0.171835 0.939421 0.863848 0.189389 -0.224875 0.398046 0.653192
0.593219 0.742856 0.608302 0.679293 0.038893 0.037546 0.207596 0.200404 0.950654 0.896930 0.761265 1.121805 0.413172 0.767773
0.576272 0.799998 0.558642 0.872984 0.035718 0.048251 0.190648 0.257547 0.985944 0.946549 0.224679 -0.175256 0.456129 0.933566
0.525423 0.857141 0.409644 1.066676 0.026191 0.058957 0.139800 0.314690 1.005366 1.020877 0.780687 1.196133 0.491806 1.152737
0.508475 0.885715 0.359984 1.163529 0.023016 0.064310 0.122852 0.343263 1.021292 1.049650 0.240605 -0.146482 0.514960 1.227106
0.474577 0.942857 0.260654 1.357221 0.016665 0.075016 0.088954 0.400406 1.055558 1.104481 0.814953 1.250963 0.564290 1.352187
0.440679 0.971426 0.161325 1.454059 0.010315 0.080368 0.055056 0.428975 1.066709 1.144919 0.251756 -0.106045 0.588385 1.443152
0.423728 1.000000 0.111657 1.550913 0.007139 0.085721 0.038105 0.457549 1.086069 1.170003 0.834313 1.276048 0.615557 1.487706
0.372882 1.000000 -0.037333 1.550913 -0.002387 0.085721 -0.012741 0.457549 1.067259 1.213883 0.232946 -0.062164 0.614509 -1.542958
0.338982 1.000000 -0.136669 1.550913 -0.008738 0.085721 -0.046641 0.457549 1.055892 1.243971 0.822947 1.306135 0.616145 -1.469210
0.288136 1.000000 -0.285659 1.550913 -0.018264 0.085721 -0.097487 0.457549 1.040684 1.290259 0.217737 -0.015876 0.622063 -1.360871
0.254238 1.000000 -0.384988 1.550913 -0.024615 0.085721 -0.131385 0.457549 1.031812 1.321833 0.814076 1.337709 0.628268 -1.291169
0.220339 1.000000 -0.484317 1.550913 -0.030966 0.085721 -0.165284 0.457549 1.023987 1.353922 0.209911 0.016213 0.636221 -1.224146
0.203389 0.971426 -0.533986 1.454059 -0.034141 0.080368 -0.182234 0.428975 0.992490 1.364406 0.782579 1.348193 0.613494 -1.169085
0.169491 0.971426 -0.633315 1.454059 -0.040492 0.080368 -0.216132 0.428975 0.986102 1.398059 0.203523 0.049866 0.624403 -1.104086
0.152543 0.971426 -0.682975 1.454059 -0.043667 0.080368 -0.233080 0.428975 0.983330 1.415038 0.779807 1.365172 0.630470 -1.073080
0.135593 0.942857 -0.732644 1.357221 -0.046843 0.075016 -0.250030 0.400406 0.952557 1.427965 0.172750 0.062793 0.610758 -1.012598
0.118645 0.914284 -0.782304 1.260368 -0.050018 0.069662 -0.266978 0.371833 0.921950 1.441749 0.749200 1.378957 0.592249 -0.948087
0.101695 0.885715 -0.831973 1.163529 -0.053194 0.064310 -0.283929 0.343263 0.891534 1.456481 0.142334 0.077524 0.575071 -0.879721
0.101695 0.857141 -0.831973 1.066676 -0.053194 0.058957 -0.283929 0.314690 0.863153 1.452704 0.720819 1.375181 0.550404 -0.836740
0.101695 0.828572 -0.831973 0.969838 -0.053194 0.053604 -0.283929 0.286121 0.834789 1.448672 0.113970 0.073492 0.526136 -0.789243
0.101695 0.799998 -0.831973 0.872984 -0.053194 0.048251 -0.283929 0.257547 0.806436 1.444356 0.692466 1.370864 0.502317 -0.736715
0.152543 0.742856 -0.682975 0.679293 -0.043667 0.037546 -0.233080 0.200404 0.758356 1.368265 0.065890 -0.002599 0.426546 -0.710161
0.169491 0.742856 -0.633315 0.679293 -0.040492 0.037546 -0.216132 0.200404 0.761946 1.346475 0.696056 1.349074 0.417526 -0.747657
0.220339 0.742856 -0.484317 0.679293 -0.030966 0.037546 -0.165284 0.200404 0.774844 1.282451 0.078789 -0.066623 0.393616 -0.881144
0.237287 0.714286 -0.434656 0.582454 -0.027791 0.032193 -0.148336 0.171835 0.752669 1.250064 0.673880 1.316688 0.360587 -0.858663
0.288136 0.714286 -0.285659 0.582454 -0.018264 0.032193 -0.097487 0.171835 0.770212 1.187371 0.096332 -0.129316 0.342817 -1.054745
0.322034 0.714286 -0.186330 0.582454 -0.011913 0.032193 -0.063589 0.171835 0.783525 1.147238 0.687192 1.276555 0.334758 -1.216364
0.355932 0.714286 -0.087001 0.582454 -0.005563 0.032193 -0.029691 0.171835 0.798056 1.108506 0.110863 -0.168049 0.330002 -1.399698
0.406781 0.742856 0.061996 0.679293 0.003964 0.037546 0.021158 0.200404 0.846939 1.069805 0.736075 1.237853 0.357858 1.465611
0.440679 0.742856 0.161325 0.679293 0.010315 0.037546 0.055056 0.200404 0.863732 1.035375 0.127656 -0.202478 0.361450 1.302687
0.491525 0.799998 0.310315 0.872984 0.019841 0.048251 0.105902 0.257547 0.938932 1.019850 0.811276 1.222329 0.427694 1.180678
0.525423 0.799998 0.409644 0.872984 0.026191 0.048251 0.139800 0.257547 0.957114 0.989669 0.145838 -0.232659 0.437322 1.073488
0.576272 0.828572 0.558642 0.969838 0.035718 0.053604 0.190648 0.286121 1.009267 0.963097 0.863429 1.195756 0.482235 0.983032
0.593219 0.857141 0.608302 1.066676 0.038893 0.058957 0.207596 0.314690 1.042401 0.965398 0.178972 -0.230358 0.515194 0.987642
0.644068 0.885715 0.757300 1.163529 0.048419 0.064310 0.258445 0.343263 1.095132 0.942065 0.916160 1.172423 0.562926 0.925438
0.711864 0.914284 0.955958 1.260368 0.061121 0.069662 0.326241 0.371833 1.158734 0.909239 0.242574 -0.263184 0.621221 0.850616
0.762710 0.942857 1.104948 1.357221 0.070647 0.075016 0.377087 0.400406 1.212727 0.890631 0.970153 1.153815 0.672833 0.815382
0.813559 0.971426 1.253945 1.454059 0.080173 0.080368 0.427936 0.428975 1.267102 0.873611 0.296949 -0.280204 0.725462 0.786611
0.830507 0.971426 1.303606 1.454059 0.083348 0.080368 0.444883 0.428975 1.278050 0.863444 0.981100 1.143649 0.735586 0.767196
0.864405 0.971426 1.402935 1.454059 0.089699 0.080368 0.478782 0.428975 1.300333 0.843628 0.319232 -0.300020 0.756570 0.730586
0.898305 1.000000 1.502271 1.550913 0.096050 0.085721 0.512682 0.457549 1.344229 0.838918 1.024997 1.138938 0.800189 0.728634
0.915253 1.000000 1.551932 1.550913 0.099226 0.085721 0.529630 0.457549 1.355614 0.829618 0.330617 -0.309321 0.811152 0.712510
0.898305 0.971426 1.502271 1.454059 0.096050 0.080368 0.512682 0.428975 1.323111 0.824486 0.992494 1.133807 0.778466 0.696738
0.881355 0.942857 1.452603 1.357221 0.092875 0.075016 0.495732 0.400406 1.290646 0.819100 0.298152 -0.314707 0.745829 0.679422
0.881355 0.914284 1.452603 1.260368 0.092875 0.069662 0.495732 0.371833 1.269922 0.803734 0.971770 1.118441 0.724729 0.643544
0.847457 0.857141 1.353274 1.066676 0.086524 0.058957 0.461834 0.314690 1.205352 0.791079 0.233582 -0.327362 0.660015 0.598128
0.847457 0.771429 1.353274 0.776146 0.086524 0.042899 0.461834 0.228978 1.145987 0.738470 0.912405 1.065832 0.601778 0.460283
0.830507 0.714286 1.303606 0.582454 0.083348 0.032193 0.444883 0.171835 1.095421 0.710306 0.183016 -0.355526 0.553119 0.368595
0.847457 0.657144 1.353274 0.388763 0.086524 0.021487 0.461834 0.114692 1.072390 0.659579 0.889375 1.015104 0.535737 0.243417
0.864405 0.600001 1.402935 0.195071 0.089699 0.010782 0.478782 0.057550 1.052234 0.606769 0.162859 -0.408335 0.524585 0.119626
0.898305 0.571427 1.502271 0.098218 0.096050 0.005429 0.512682 0.028976 1.064651 0.566554 0.901792 0.974889 0.545313 0.056459
0.915253 0.571427 1.551932 0.098218 0.099226 0.005429 0.529630 0.028976 1.078989 0.558123 0.177197 -0.416766 0.561277 0.054656
0.949151 0.571427 1.651261 0.098218 0.105576 0.005429 0.563528 0.028976 1.107889 0.541918 0.930691 0.958684 0.593370 0.051374
1.000000 0.657144 1.800259 0.388763 0.115103 0.021487 0.614377 0.114692 1.196594 0.581381 0.265903 -0.377303 0.671701 0.184556
1.000000 0.714286 1.800259 0.582454 0.115103 0.032193 0.614377 0.171835 1.228904 0.620250 0.963001 0.997553 0.696763 0.272721
1.000000 0.771429 1.800259 0.776146 0.115103 0.042899 0.614377 0.228978 1.262974 0.657075 0.299973 -0.340478 0.725469 0.356752
1.000000 0.857141 1.800259 1.066676 0.115103 0.058957 0.614377 0.314690 1.317077 0.708625 1.017104 1.049103 0.774460 0.473368
0.966102 0.914284 1.700930 1.260368 0.108752 0.069662 0.580479 0.371833 1.330138 0.757848 0.313034 -0.291255 0.785135 0.569712
0.932204 0.971426 1.601600 1.454059 0.102401 0.080368 0.546581 0.428975 1.346355 0.805999 1.033321 1.097255 0.801197 0.665425
0.864405 0.971426 1.402935 1.454059 0.089699 0.080368 0.478782 0.428975 1.300333 0.843628 0.267011 -0.253626 0.756570 0.730586
0.847457 0.971426 1.353274 1.454059 0.086524 0.080368 0.461834 0.428975 1.289129 0.853450 1.022117 1.107076 0.745960 0.748529
