0.163265 0.727276 -0.874017 0.582546 -0.055452 0.036433 -0.280732 0.184445 0.745376 1.349969 0.745376 1.349969 0.398820 -0.581290
0.183672 0.727276 -0.810484 0.582546 -0.051421 0.036433 -0.260326 0.184445 0.750110 1.323421 0.004734 -0.026547 0.384729 -0.616419
0.204081 0.727276 -0.746941 0.582546 -0.047389 0.036433 -0.239916 0.184445 0.755367 1.297221 0.750633 1.323769 0.371223 -0.655419
0.183672 0.727276 -0.810484 0.582546 -0.051421 0.036433 -0.260326 0.184445 0.750110 1.323421 -0.000523 -0.000347 0.384729 -0.616419
0.163265 0.696970 -0.874017 0.486830 -0.055452 0.030446 -0.280732 0.154140 0.715837 1.340696 0.716360 1.341043 0.377897 -0.502124
0.122449 0.666665 -1.001092 0.391115 -0.063514 0.024460 -0.321548 0.123834 0.677817 1.389147 -0.038543 0.048105 0.391119 -0.367613
0.102039 0.636364 -1.064634 0.295414 -0.067545 0.018475 -0.341958 0.093534 0.644493 1.411803 0.683036 1.363698 0.392352 -0.266993
0.081633 0.575759 -1.128167 0.103998 -0.071576 0.006504 -0.362365 0.032928 0.581517 1.429953 -0.101519 0.066254 0.385576 -0.090620
0.061223 0.545453 -1.191710 0.008283 -0.075608 0.000518 -0.382774 0.002623 0.548878 1.459022 0.650398 1.392768 0.395992 -0.006851
0.061223 0.484847 -1.191710 -0.183133 -0.075608 -0.011453 -0.382774 -0.057983 0.488697 1.445189 -0.161700 0.052421 0.384948 0.150339
0.040816 0.424241 -1.255242 -0.374549 -0.079638 -0.023424 -0.403181 -0.118589 0.426200 1.474882 0.587901 1.422461 0.403665 0.286067
0.020407 0.393941 -1.318785 -0.470250 -0.083670 -0.029410 -0.423591 -0.148890 0.394469 1.519041 -0.193432 0.096581 0.426538 0.338006
0.020407 0.333335 -1.318785 -0.661666 -0.083670 -0.041381 -0.423591 -0.209496 0.333959 1.509653 0.527391 1.413072 0.437807 0.459295
0.000000 0.272729 -1.382318 -0.853082 -0.087701 -0.053352 -0.443997 -0.270102 0.272729 1.570796 -0.254662 0.157724 0.475885 0.546530
0.000000 0.242424 -1.382318 -0.948797 -0.087701 -0.059338 -0.443997 -0.300407 0.242424 1.570796 0.497086 1.413072 0.487612 0.594846
0.000000 0.181818 -1.382318 -1.140213 -0.087701 -0.071309 -0.443997 -0.361013 0.181818 1.570796 -0.315268 0.157724 0.515627 0.682676
0.000000 0.151517 -1.382318 -1.235914 -0.087701 -0.077294 -0.443997 -0.391314 0.151517 1.570796 0.466785 1.413072 0.531675 0.722411
0.000000 0.121212 -1.382318 -1.331629 -0.087701 -0.083280 -0.443997 -0.421619 0.121212 1.570796 -0.345573 0.157724 0.548930 0.759552
0.000000 0.090911 -1.382318 -1.427330 -0.087701 -0.089266 -0.443997 -0.451920 0.090911 1.570796 0.436484 1.413072 0.567277 0.794241
0.020407 0.060606 -1.318785 -1.523045 -0.083670 -0.095252 -0.423591 -0.482225 0.063949 1.246010 -0.372535 -0.167062 0.571330 0.850039
0.040816 0.030305 -1.255242 -1.618746 -0.079638 -0.101237 -0.403181 -0.512525 0.050837 0.638671 0.423372 0.805733 0.577664 0.904246
0.061223 0.030305 -1.191710 -1.618746 -0.075608 -0.101237 -0.382774 -0.512525 0.068313 0.459639 -0.355059 -0.346094 0.563611 0.929321
0.081633 0.000000 -1.128167 -1.714462 -0.071576 -0.107223 -0.362365 -0.542831 0.081633 0.000000 0.436691 0.346094 0.573098 0.982185
0.102039 0.000000 -1.064634 -1.714462 -0.067545 -0.107223 -0.341958 -0.542831 0.102039 0.000000 -0.334652 -0.346094 0.560418 1.008643
0.122449 0.000000 -1.001092 -1.714462 -0.063514 -0.107223 -0.321548 -0.542831 0.122449 0.000000 0.457101 0.346094 0.548203 1.036017
0.142855 0.000000 -0.937559 -1.714462 -0.059483 -0.107223 -0.301142 -0.542831 0.142855 0.000000 -0.314246 -0.346094 0.536488 1.064305
0.163265 0.000000 -0.874017 -1.714462 -0.055452 -0.107223 -0.280732 -0.542831 0.163265 0.000000 0.477511 0.346094 0.525304 1.093513
0.183672 0.030305 -0.810484 -1.618746 -0.051421 -0.101237 -0.260326 -0.512525 0.186155 0.163524 -0.291356 -0.182570 0.488785 1.100827
0.204081 0.060606 -0.746941 -1.523045 -0.047389 -0.095252 -0.239916 -0.482225 0.212890 0.288674 0.504246 0.471245 0.452270 1.109136
0.224488 0.090911 -0.683409 -1.427330 -0.043359 -0.089266 -0.219509 -0.451920 0.242198 0.384785 -0.262048 -0.086460 0.415757 1.118633
0.224488 0.121212 -0.683409 -1.331629 -0.043359 -0.083280 -0.219509 -0.421619 0.255122 0.495093 0.517170 0.581553 0.390352 1.090778
0.244898 0.121212 -0.619866 -1.331629 -0.039327 -0.083280 -0.199100 -0.421619 0.273253 0.459599 -0.243917 -0.121954 0.379251 1.129613
0.244898 0.151517 -0.619866 -1.235914 -0.039327 -0.077294 -0.199100 -0.391314 0.287980 0.554053 0.531897 0.676007 0.353815 1.100135
0.244898 0.181818 -0.619866 -1.140213 -0.039327 -0.071309 -0.199100 -0.361013 0.305012 0.638635 -0.226885 -0.037373 0.329209 1.066800
0.265304 0.212123 -0.556333 -1.044498 -0.035296 -0.065323 -0.178693 -0.330708 0.339680 0.674464 0.566565 0.711837 0.292740 1.075404
0.265304 0.242424 -0.556333 -0.948797 -0.035296 -0.059338 -0.178693 -0.300407 0.359382 0.740364 -0.207182 0.028527 0.269375 1.034182
0.265304 0.212123 -0.556333 -1.044498 -0.035296 -0.065323 -0.178693 -0.330708 0.339680 0.674464 0.546862 0.645937 0.292740 1.075404
0.265304 0.181818 -0.556333 -1.140213 -0.035296 -0.071309 -0.178693 -0.361013 0.321627 0.600804 -0.225235 -0.045133 0.317284 1.111175
0.285714 0.181818 -0.492791 -1.140213 -0.031265 -0.071309 -0.158283 -0.361013 0.338659 0.566729 0.563894 0.611862 0.306254 1.157595
0.285714 0.151517 -0.492791 -1.235914 -0.031265 -0.077294 -0.158283 -0.391314 0.323404 0.487601 -0.240491 -0.124261 0.332563 1.186423
0.306120 0.121212 -0.429258 -1.331629 -0.027234 -0.083280 -0.137877 -0.421619 0.329245 0.377020 0.569736 0.501281 0.350999 1.254741
0.326530 0.121212 -0.365716 -1.331629 -0.023203 -0.083280 -0.117467 -0.421619 0.348302 0.355445 -0.221434 -0.145835 0.343495 1.299077
0.346937 0.121212 -0.302183 -1.331629 -0.019172 -0.083280 -0.097060 -0.421619 0.367502 0.336120 0.588935 0.481955 0.337062 1.344529
0.367346 0.121212 -0.238641 -1.331629 -0.015140 -0.083280 -0.076651 -0.421619 0.386828 0.318717 -0.202108 -0.163238 0.331762 1.390959
0.387753 0.121212 -0.175108 -1.331629 -0.011110 -0.083280 -0.056244 -0.421619 0.406257 0.302977 0.608364 0.466215 0.327649 1.438179
0.408163 0.121212 -0.111565 -1.331629 -0.007078 -0.083280 -0.035835 -0.421619 0.425781 0.288674 -0.182584 -0.177541 0.324768 1.486007
0.428569 0.151517 -0.048033 -1.235914 -0.003047 -0.077294 -0.015428 -0.391314 0.454565 0.339827 0.637149 0.517367 0.292887 1.531391
0.448979 0.151517 0.015510 -1.235914 0.000984 -0.077294 0.004982 -0.391314 0.473856 0.325469 -0.163293 -0.191898 0.292522 -1.558066
0.469385 0.181818 0.079043 -1.140213 0.005015 -0.071309 0.025388 -0.361013 0.503369 0.369556 0.666662 0.561454 0.263406 -1.500587
0.489795 0.212123 0.142585 -1.044498 0.009046 -0.065323 0.045798 -0.330708 0.533756 0.408699 -0.132906 -0.152755 0.236354 -1.433187
0.489795 0.242424 0.142585 -0.948797 0.009046 -0.059338 0.045798 -0.300407 0.546506 0.459599 0.679411 0.612354 0.206711 -1.419508
0.489795 0.303030 0.142585 -0.757381 0.009046 -0.047367 0.045798 -0.239801 0.575957 0.554046 -0.103455 -0.058308 0.148220 -1.382086
0.489795 0.333335 0.142585 -0.661666 0.009046 -0.041381 0.045798 -0.209496 0.592462 0.597559 0.695917 0.655867 0.119765 -1.355572
0.510202 0.363636 0.206118 -0.565965 0.013077 -0.035396 0.066205 -0.179195 0.626527 0.619218 -0.069389 -0.036649 0.104120 -1.216896
0.510202 0.424241 0.206118 -0.374549 0.013077 -0.023424 0.066205 -0.118589 0.663541 0.693665 0.732930 0.730315 0.069089 -1.061628
0.510202 0.484847 0.206118 -0.183133 0.013077 -0.011453 0.066205 -0.057983 0.703834 0.759923 -0.029096 0.029608 0.077793 -0.719295
0.510202 0.515153 0.206118 -0.087418 0.013077 -0.005467 0.066205 -0.027678 0.725043 0.790227 0.754139 0.760618 0.097191 -0.395986
0.489795 0.575759 0.142585 0.103998 0.009046 0.006504 0.045798 0.032928 0.755908 0.865899 0.001769 0.105280 0.139494 0.623350
0.489795 0.606059 0.142585 0.199699 0.009046 0.012489 0.045798 0.063228 0.779235 0.891097 0.777466 0.785817 0.168409 0.943930
0.469385 0.636364 0.079043 0.295414 0.005015 0.018475 0.025388 0.093534 0.790748 0.935275 0.013282 0.149459 0.194035 1.305747
0.469385 0.666665 0.079043 0.391115 0.005015 0.024460 0.025388 0.123834 0.815331 0.957337 0.802049 0.807879 0.224111 1.368580
0.448979 0.696970 0.015510 0.486830 0.000984 0.030446 0.004982 0.154140 0.829066 0.998519 0.027016 0.190640 0.253022 1.538488
0.448979 0.727276 0.015510 0.582546 0.000984 0.036433 0.004982 0.184445 0.854700 1.017722 0.827684 0.827082 0.283322 1.543794
0.428569 0.757576 -0.048033 0.678246 -0.003047 0.042418 -0.015428 0.214746 0.870398 1.055971 0.042715 0.228889 0.313958 -1.499077
0.408163 0.787882 -0.111565 0.773962 -0.007078 0.048404 -0.035835 0.245051 0.887330 1.092813 0.844615 0.863923 0.345746 -1.425592
0.387753 0.818182 -0.175108 0.869663 -0.011110 0.054389 -0.056244 0.275351 0.905414 1.128230 0.060799 0.264306 0.378389 -1.369305
0.367346 0.818182 -0.238641 0.869663 -0.015140 0.054389 -0.076651 0.275351 0.896864 1.148792 0.836065 0.884486 0.381955 -1.299296
0.346937 0.848487 -0.302183 0.965378 -0.019172 0.060375 -0.097060 0.305657 0.916677 1.182651 0.080611 0.298165 0.415973 -1.263320
0.306120 0.848487 -0.429258 0.965378 -0.027234 0.060375 -0.137877 0.305657 0.902020 1.224547 0.821409 0.926382 0.427343 -1.147042
0.285714 0.848487 -0.492791 0.965378 -0.031265 0.060375 -0.158283 0.305657 0.895301 1.245989 0.073892 0.319607 0.434357 -1.092974
0.265304 0.848487 -0.556333 0.965378 -0.035296 0.060375 -0.178693 0.305657 0.888998 1.267748 0.815106 0.948141 0.442203 -1.041763
0.244898 0.848487 -0.619866 0.965378 -0.039327 0.060375 -0.199100 0.305657 0.883123 1.289805 0.068017 0.341663 0.450836 -0.993450
0.224488 0.848487 -0.683409 0.965378 -0.043359 0.060375 -0.219509 0.305657 0.877682 1.312148 0.809666 0.970485 0.460214 -0.947989
0.204081 0.848487 -0.746941 0.965378 -0.047389 0.060375 -0.239916 0.305657 0.872686 1.334756 0.063020 0.364271 0.470289 -0.905319
0.183672 0.848487 -0.810484 0.965378 -0.051421 0.060375 -0.260326 0.305657 0.868140 1.357616 0.805119 0.993345 0.481022 -0.865321
0.163265 0.818182 -0.874017 0.869663 -0.055452 0.054389 -0.280732 0.275351 0.834313 1.373837 0.029193 0.380492 0.467787 -0.775723
0.142855 0.818182 -0.937559 0.869663 -0.059483 0.054389 -0.301142 0.275351 0.830560 1.397938 0.801367 1.017446 0.480313 -0.740691
0.142855 0.787882 -0.937559 0.773962 -0.059483 0.048404 -0.301142 0.245051 0.800728 1.391429 -0.000639 0.373984 0.457103 -0.683062
0.163265 0.787882 -0.874017 0.773962 -0.055452 0.048404 -0.280732 0.245051 0.804620 1.366468 0.805259 0.992484 0.443922 -0.717639
0.183672 0.787882 -0.810484 0.773962 -0.051421 0.048404 -0.260326 0.245051 0.809007 1.341766 0.003749 0.349282 0.431307 -0.755183
0.204081 0.787882 -0.746941 0.773962 -0.047389 0.048404 -0.239916 0.245051 0.813884 1.317341 0.810135 0.968060 0.419304 -0.795986
0.224488 0.787882 -0.683409 0.773962 -0.043359 0.048404 -0.219509 0.245051 0.819239 1.293226 0.009104 0.325166 0.407972 -0.840323
0.244898 0.787882 -0.619866 0.773962 -0.039327 0.048404 -0.199100 0.245051 0.825065 1.269433 0.815961 0.944267 0.397363 -0.888490
0.285714 0.787882 -0.492791 0.773962 -0.031265 0.048404 -0.158283 0.245051 0.838087 1.222910 0.022126 0.278642 0.378563 -0.997294
0.326530 0.818182 -0.365716 0.869663 -0.023203 0.054389 -0.117467 0.275351 0.880934 1.191073 0.858808 0.912431 0.392190 -1.167565
0.387753 0.818182 -0.175108 0.869663 -0.011110 0.054389 -0.056244 0.275351 0.905414 1.128230 0.046606 0.215799 0.378389 -1.369305
0.448979 0.878788 0.015510 1.061079 0.000984 0.066360 0.004982 0.335957 0.986839 1.098461 0.940233 0.882662 0.434820 1.555969
0.489795 0.878788 0.142585 1.061079 0.009046 0.066360 0.045798 0.335957 1.006066 1.062325 0.065833 0.179663 0.437196 1.435311
0.551021 0.909093 0.333203 1.156794 0.021140 0.072346 0.107024 0.366263 1.063050 1.025888 0.997217 0.846225 0.477251 1.286506
0.571428 0.909093 0.396736 1.156794 0.025171 0.072346 0.127431 0.366263 1.073769 1.009635 0.076552 0.163410 0.482238 1.235975
0.632654 0.939394 0.587353 1.252495 0.037264 0.078331 0.188656 0.396563 1.132569 0.978099 1.056016 0.814689 0.530103 1.126754
0.693876 0.939394 0.777961 1.252495 0.049357 0.078331 0.249879 0.396563 1.167872 0.934604 0.111856 0.119915 0.554849 1.008529
0.714286 0.939394 0.841504 1.252495 0.053389 0.078331 0.270289 0.396563 1.180113 0.920692 1.068257 0.800777 0.564335 0.972541
0.734693 0.939394 0.905036 1.252495 0.057420 0.078331 0.290696 0.396563 1.192575 0.907071 0.124318 0.106294 0.574388 0.938240
0.795919 0.939394 1.095654 1.252495 0.069513 0.078331 0.351922 0.396563 1.231238 0.867890 1.106920 0.761597 0.607673 0.844970
0.857142 0.939394 1.286262 1.252495 0.081606 0.078331 0.413144 0.396563 1.271673 0.831150 0.164753 0.069553 0.645063 0.764923
0.897958 0.939394 1.413337 1.252495 0.089669 0.078331 0.453961 0.396563 1.299534 0.807947 1.134781 0.738393 0.671936 0.718016
0.918367 0.939394 1.476880 1.252495 0.093700 0.078331 0.474370 0.396563 1.313720 0.796716 0.178939 0.058323 0.685890 0.696297
0.959184 0.909093 1.603955 1.156794 0.101762 0.072346 0.515187 0.366263 1.321546 0.758594 1.142608 0.700271 0.694069 0.618025
0.979590 0.878788 1.667488 1.061079 0.105793 0.066360 0.535593 0.335957 1.316004 0.731209 0.173396 0.030938 0.689857 0.560225
0.979590 0.848487 1.667488 0.965378 0.105793 0.060375 0.535593 0.305657 1.295966 0.713805 1.122570 0.682866 0.671172 0.518588
1.000000 0.787882 1.731030 0.773962 0.109825 0.048404 0.556003 0.245051 1.273090 0.667308 0.150520 -0.015558 0.653755 0.415124
1.000000 0.696970 1.731030 0.486830 0.109825 0.030446 0.556003 0.154140 1.218921 0.608690 1.068401 0.624248 0.610847 0.270437
1.000000 0.636364 1.731030 0.295414 0.109825 0.018475 0.556003 0.093534 1.185310 0.566730 0.116909 -0.057518 0.588340 0.166665
1.000000 0.575759 1.731030 0.103998 0.109825 0.006504 0.556003 0.032928 1.153906 0.522404 1.036997 0.579922 0.571402 0.059153
0.979590 0.484847 1.667488 -0.183133 0.105793 -0.011453 0.535593 -0.057983 1.093012 0.459599 0.056015 -0.120324 0.537149 -0.107840
0.959184 0.424241 1.603955 -0.374549 0.101762 -0.023424 0.515187 -0.118589 1.048816 0.416427 0.992801 0.536751 0.515565 -0.226246
0.918367 0.393941 1.476880 -0.470250 0.093700 -0.029410 0.474370 -0.148890 0.999294 0.405218 0.006493 -0.131533 0.477004 -0.304131
0.877551 0.363636 1.349805 -0.565965 0.085638 -0.035396 0.433554 -0.179195 0.949909 0.392837 0.943416 0.524370 0.440939 -0.391933
0.857142 0.363636 1.286262 -0.565965 0.081606 -0.035396 0.413144 -0.179195 0.931087 0.401229 -0.012329 -0.123141 0.420887 -0.409246
0.836735 0.363636 1.222729 -0.565965 0.077576 -0.035396 0.392738 -0.179195 0.912336 0.409964 0.924665 0.533106 0.400875 -0.428057
0.795919 0.393941 1.095654 -0.470250 0.069513 -0.029410 0.351922 -0.148890 0.888074 0.459600 -0.036590 -0.073505 0.355464 -0.400241
0.775509 0.424241 1.032112 -0.374549 0.065482 -0.023424 0.331512 -0.118589 0.883966 0.500575 0.920556 0.574080 0.332100 -0.343538
0.775509 0.515153 1.032112 -0.087418 0.065482 -0.005467 0.331512 -0.027678 0.931019 0.586346 0.010463 0.012266 0.339062 -0.083297
0.775509 0.545453 1.032112 0.008283 0.065482 0.000518 0.331512 0.002623 0.948121 0.612970 0.937658 0.600704 0.346689 0.007911
0.795919 0.666665 1.095654 0.391115 0.069513 0.024460 0.351922 0.123834 1.038234 0.697254 0.100576 0.096550 0.416449 0.338349
0.795919 0.727276 1.095654 0.582546 0.069513 0.036433 0.351922 0.184445 1.078154 0.740363 0.977578 0.643814 0.451769 0.482748
0.836735 0.818182 1.222729 0.869663 0.077576 0.054389 0.392738 0.275351 1.170277 0.774188 0.192698 0.130374 0.542455 0.611469
0.857142 0.848487 1.286262 0.965378 0.081606 0.060375 0.413144 0.305657 1.206077 0.780324 1.013379 0.649950 0.578187 0.636961
0.877551 0.909093 1.349805 1.156794 0.085638 0.072346 0.433554 0.366263 1.263545 0.803051 0.250166 0.153101 0.635833 0.701462
0.897958 0.939394 1.413337 1.252495 0.089669 0.078331 0.453961 0.396563 1.299534 0.807947 1.049368 0.654846 0.671936 0.718016
0.918367 0.969699 1.476880 1.348210 0.093700 0.084317 0.474370 0.426869 1.335558 0.812579 0.286190 0.157733 0.708089 0.732740
0.938774 0.969699 1.540413 1.348210 0.097731 0.084317 0.494777 0.426869 1.349672 0.801601 1.063482 0.643868 0.721919 0.711849
0.959184 1.000000 1.603955 1.443911 0.101762 0.090303 0.515187 0.457169 1.385653 0.806228 0.322171 0.162361 0.757995 0.725802
0.979590 0.969699 1.667488 1.348210 0.105793 0.084317 0.535593 0.426869 1.378374 0.780324 1.056202 0.617963 0.750482 0.672910
0.979590 0.939394 1.667488 1.252495 0.105793 0.078331 0.535593 0.396563 1.357225 0.764455 0.301022 0.146491 0.729574 0.637341
1.000000 0.939394 1.731030 1.252495 0.109825 0.078331 0.556003 0.396563 1.372028 0.754158 1.071006 0.607667 0.744686 0.619557
