0.290324 0.937500 -0.359441 1.036704 -0.030104 0.081258 -0.122538 0.330762 0.981425 1.270483 0.981425 1.270483 0.538758 -1.216003
0.274194 0.937500 -0.406756 1.036704 -0.034066 0.081258 -0.138668 0.330762 0.976775 1.286259 -0.004650 0.015775 0.542655 -1.173817
0.241936 0.906252 -0.501379 0.938765 -0.041991 0.073582 -0.170926 0.299515 0.937991 1.309917 0.942641 1.294142 0.522159 -1.052218
0.193548 0.906252 -0.643317 0.938765 -0.053879 0.073582 -0.219314 0.299515 0.926690 1.360388 -0.015951 0.066246 0.539938 -0.938765
0.161290 0.843752 -0.737940 0.742872 -0.061803 0.058227 -0.251572 0.237015 0.859030 1.381917 0.874981 1.315671 0.498954 -0.755613
0.129032 0.781252 -0.832563 0.546979 -0.069728 0.042873 -0.283830 0.174515 0.791836 1.407114 -0.083145 0.091443 0.465049 -0.551272
0.096774 0.718752 -0.927185 0.351086 -0.077653 0.027519 -0.316088 0.112015 0.725238 1.436960 0.808383 1.345517 0.439864 -0.340570
0.064516 0.625000 -1.021808 0.057240 -0.085578 0.004487 -0.348346 0.018262 0.628321 1.467935 -0.180062 0.122418 0.407857 -0.052378
0.048388 0.500000 -1.069116 -0.334546 -0.089540 -0.026222 -0.364474 -0.106738 0.502336 1.474320 0.682398 1.351902 0.374745 0.284888
0.048388 0.406252 -1.069116 -0.628378 -0.089540 -0.049253 -0.364474 -0.200485 0.409124 1.452246 -0.273274 0.100344 0.364534 0.502895
0.048388 0.312500 -1.069116 -0.922225 -0.089540 -0.072285 -0.364474 -0.294238 0.316224 1.417174 0.589498 1.316830 0.378039 0.679173
0.048388 0.218748 -1.069116 -1.216071 -0.089540 -0.095317 -0.364474 -0.387990 0.224036 1.353096 -0.365462 0.036266 0.412942 0.816640
0.080646 0.156248 -0.974493 -1.411964 -0.081615 -0.110671 -0.332216 -0.450490 0.175833 1.094318 0.541295 1.058051 0.419783 0.935373
0.096774 0.125000 -0.927185 -1.509903 -0.077653 -0.118348 -0.316088 -0.481738 0.158083 0.911991 -0.383212 -0.146060 0.427523 0.990116
0.129032 0.093748 -0.832563 -1.607857 -0.069728 -0.126026 -0.283830 -0.512990 0.159493 0.628321 0.542704 0.774381 0.427075 1.065434
0.161290 0.093748 -0.737940 -1.607857 -0.061803 -0.126026 -0.251572 -0.512990 0.186556 0.526509 -0.356149 -0.247872 0.406352 1.114856
0.193548 0.125000 -0.643317 -1.509903 -0.053879 -0.118348 -0.219314 -0.481738 0.230404 0.573442 0.586552 0.821314 0.361888 1.143580
0.209678 0.187500 -0.596002 -1.314010 -0.049916 -0.102994 -0.203184 -0.419238 0.281285 0.729617 -0.305267 -0.091697 0.303433 1.119504
0.209678 0.218748 -0.596002 -1.216071 -0.049916 -0.095317 -0.203184 -0.387990 0.303011 0.806564 0.608278 0.898261 0.281005 1.088382
0.225806 0.250000 -0.548694 -1.118118 -0.045954 -0.087639 -0.187056 -0.356738 0.336880 0.836203 -0.271398 -0.062058 0.248020 1.087858
0.225806 0.281252 -0.548694 -1.020164 -0.045954 -0.079962 -0.187056 -0.325485 0.360682 0.894315 0.632079 0.956373 0.228716 1.049189
0.241936 0.312500 -0.501379 -0.922225 -0.041991 -0.072285 -0.170926 -0.294238 0.395208 0.911989 -0.236871 -0.044384 0.198212 1.044531
0.241936 0.281252 -0.501379 -1.020164 -0.041991 -0.079962 -0.170926 -0.325485 0.370993 0.860405 0.607865 0.904788 0.215724 1.087239
0.241936 0.218748 -0.501379 -1.216071 -0.041991 -0.095317 -0.170926 -0.387990 0.326165 0.735106 -0.281700 -0.169683 0.258642 1.155836
0.241936 0.187500 -0.501379 -1.314010 -0.041991 -0.102994 -0.170926 -0.419238 0.306087 0.659309 0.587787 0.828991 0.282849 1.183664
0.258066 0.125000 -0.454064 -1.509903 -0.038028 -0.118348 -0.154796 -0.481738 0.286746 0.451067 -0.301041 -0.377925 0.326843 1.259890
0.274194 0.062500 -0.406756 -1.705796 -0.034066 -0.133702 -0.138668 -0.544238 0.281227 0.224112 0.582268 0.602036 0.376805 1.321312
0.306452 0.031248 -0.312133 -1.803750 -0.026142 -0.141380 -0.106410 -0.575490 0.308041 0.101615 -0.274227 -0.500422 0.396172 1.387958
0.338710 0.000000 -0.217511 -1.901689 -0.018217 -0.149057 -0.074152 -0.606738 0.338710 0.000000 0.612937 0.500422 0.419468 1.449186
0.387098 0.000000 -0.075573 -1.901689 -0.006329 -0.149057 -0.025764 -0.606738 0.387098 0.000000 -0.225839 -0.500422 0.413665 1.528359
0.435484 0.000000 0.066358 -1.901689 0.005558 -0.149057 0.022622 -0.606738 0.435484 0.000000 0.661323 0.500422 0.413481 -1.533529
0.467742 0.062500 0.160981 -1.705796 0.013482 -0.133702 0.054880 -0.544238 0.471899 0.132834 -0.189423 -0.367588 0.354634 -1.470297
0.500000 0.156248 0.255604 -1.411964 0.021407 -0.110671 0.087138 -0.450490 0.523845 0.302881 0.713268 0.670468 0.271005 -1.379726
0.516130 0.250000 0.302919 -1.118118 0.025370 -0.087639 0.103268 -0.356738 0.573490 0.451069 -0.139778 -0.219400 0.192843 -1.289019
0.532258 0.343752 0.350227 -0.824271 0.029332 -0.064607 0.119396 -0.262985 0.633612 0.573444 0.773391 0.792843 0.137955 -1.144618
0.548388 0.437500 0.397542 -0.530439 0.033295 -0.041576 0.135526 -0.169238 0.701524 0.673393 -0.071867 -0.119450 0.137748 -0.895565
0.532258 0.562500 0.350227 -0.138653 0.029332 -0.010868 0.119396 -0.044238 0.774406 0.813016 0.846273 0.932465 0.191434 -0.354829
0.516130 0.656252 0.302919 0.155193 0.025370 0.012164 0.103268 0.049515 0.834900 0.904353 -0.011373 -0.028112 0.264392 0.447094
0.419356 0.812500 0.019050 0.644918 0.001595 0.050549 0.006494 0.205762 0.914339 1.094328 0.925712 1.122440 0.399691 1.539244
0.370968 0.875000 -0.122888 0.840811 -0.010292 0.065904 -0.041894 0.268262 0.950391 1.169804 0.024679 0.047364 0.464033 -1.415880
0.306452 0.937500 -0.312133 1.036704 -0.026142 0.081258 -0.106410 0.330762 0.986316 1.254863 0.961637 1.207499 0.535321 -1.259543
0.258066 0.968752 -0.454064 1.134658 -0.038028 0.088936 -0.154796 0.362015 1.002536 1.310452 0.040899 0.102953 0.577041 -1.166730
0.145162 0.968752 -0.785248 1.134658 -0.065766 0.088936 -0.267700 0.362015 0.979568 1.422059 0.938669 1.319106 0.616991 -0.934067
0.096774 0.968752 -0.927185 1.134658 -0.077653 0.088936 -0.316088 0.362015 0.973574 1.471231 0.034905 0.152126 0.639473 -0.853023
0.064516 0.968752 -1.021808 1.134658 -0.085578 0.088936 -0.348346 0.362015 0.970898 1.504298 0.935993 1.352172 0.656018 -0.804638
0.032258 0.937500 -1.116431 1.036704 -0.093503 0.081258 -0.380604 0.330762 0.938055 1.536401 0.002062 0.184229 0.648155 -0.715448
0.000000 0.906252 -1.211054 0.938765 -0.101427 0.073582 -0.412862 0.299515 0.906252 1.570796 0.904191 1.386567 0.643342 -0.627610
0.000000 0.875000 -1.211054 0.840811 -0.101427 0.065904 -0.412862 0.268262 0.875000 1.570796 -0.029191 0.184229 0.619699 -0.576209
0.032258 0.875000 -1.116431 0.840811 -0.093503 0.065904 -0.380604 0.268262 0.875594 1.533947 0.904785 1.349717 0.598691 -0.613963
0.064516 0.875000 -1.021808 0.840811 -0.085578 0.065904 -0.348346 0.268262 0.877375 1.497197 -0.027410 0.147480 0.578720 -0.656244
0.129032 0.875000 -0.832563 0.840811 -0.069728 0.065904 -0.283830 0.268262 0.884463 1.424386 0.911872 1.276907 0.542339 -0.757208
0.193548 0.906252 -0.643317 0.938765 -0.053879 0.073582 -0.219314 0.299515 0.926690 1.360388 0.014817 0.083481 0.539938 -0.938765
0.258066 0.906252 -0.454064 0.938765 -0.038028 0.073582 -0.154796 0.299515 0.942280 1.293377 0.927463 1.209896 0.517103 -1.093783
0.322582 0.937500 -0.264818 1.036704 -0.022179 0.081258 -0.090280 0.330762 0.991446 1.239398 0.063984 0.029502 0.532349 -1.304343
0.467742 0.968752 0.160981 1.134658 0.013482 0.088936 0.054880 0.362015 1.075762 1.120979 1.011778 1.091477 0.558593 1.420345
0.532258 1.000000 0.350227 1.232597 0.029332 0.096612 0.119396 0.393262 1.132828 1.081677 0.121049 -0.009801 0.599155 1.276036
0.596774 1.000000 0.539472 1.232597 0.045182 0.096612 0.183912 0.393262 1.164534 1.032752 1.043484 1.042553 0.615268 1.133356
0.709678 1.000000 0.870656 1.232597 0.072919 0.096612 0.296816 0.393262 1.226231 0.953604 0.182747 -0.088949 0.657899 0.924260
0.758066 1.000000 1.012594 1.232597 0.084806 0.096612 0.345204 0.393262 1.254856 0.922153 1.072110 1.011101 0.681100 0.850384
0.806452 1.000000 1.154524 1.232597 0.096693 0.096612 0.393590 0.393262 1.284665 0.892134 0.212556 -0.118968 0.706855 0.784982
0.887098 0.968752 1.391085 1.134658 0.116505 0.088936 0.474236 0.362015 1.313554 0.829368 1.100998 0.948336 0.730695 0.651999
0.919356 0.937500 1.485708 1.036704 0.124430 0.081258 0.506494 0.330762 1.313058 0.795169 0.212060 -0.153167 0.729234 0.578511
0.967742 0.875000 1.627639 0.840811 0.136317 0.065904 0.554880 0.268262 1.304665 0.735112 1.092605 0.888279 0.722124 0.450328
0.983872 0.812500 1.674954 0.644918 0.140280 0.050549 0.571010 0.205762 1.275994 0.690287 0.183389 -0.197992 0.696967 0.345864
0.983872 0.718752 1.674954 0.351086 0.140280 0.027519 0.571010 0.112015 1.218446 0.630926 1.035056 0.828918 0.647782 0.193710
1.000000 0.656252 1.722262 0.155193 0.144242 0.012164 0.587138 0.049515 1.196105 0.580758 0.161049 -0.248160 0.635586 0.084133
1.000000 0.625000 1.722262 0.057240 0.144242 0.004487 0.587138 0.018262 1.179248 0.558599 1.018199 0.806760 0.624287 0.031094
0.951614 0.593752 1.580331 -0.040699 0.132355 -0.003190 0.538752 -0.012985 1.121656 0.557838 0.103457 -0.248921 0.568309 -0.024098
0.935484 0.593752 1.533016 -0.040699 0.128392 -0.003190 0.522622 -0.012985 1.108004 0.565545 1.004547 0.814466 0.553042 -0.024841
0.903226 0.593752 1.438393 -0.040699 0.120467 -0.003190 0.490364 -0.012985 1.080907 0.581538 0.076360 -0.232928 0.522665 -0.026475
0.870968 0.625000 1.343770 0.057240 0.112543 0.004487 0.458106 0.018262 1.072012 0.622436 0.995652 0.855364 0.504840 0.039844
0.854840 0.656252 1.296462 0.155193 0.108580 0.012164 0.441978 0.049515 1.077692 0.654727 0.082039 -0.200637 0.504563 0.111565
0.838710 0.750000 1.249147 0.449025 0.104618 0.035195 0.425848 0.143262 1.125138 0.729618 1.043098 0.930255 0.543147 0.324523
0.838710 0.812500 1.249147 0.644918 0.104618 0.050549 0.425848 0.205762 1.167729 0.769526 0.124630 -0.160729 0.584001 0.450103
0.838710 0.843752 1.249147 0.742872 0.104618 0.058227 0.425848 0.237015 1.189686 0.788395 1.065056 0.949124 0.605816 0.507874
0.838710 0.875000 1.249147 0.840811 0.104618 0.065904 0.425848 0.268262 1.212048 0.806571 0.146992 -0.142553 0.628425 0.562150
0.854840 0.906252 1.296462 0.938765 0.108580 0.073582 0.441978 0.299515 1.245811 0.814583 1.098819 0.957136 0.662404 0.595580
