0.368422 0.828572 -0.267792 0.759300 -0.024041 0.059912 -0.094143 0.234609 0.906789 1.152403 0.906789 1.152403 0.377920 -1.189189
0.350877 0.828572 -0.317700 0.759300 -0.028522 0.059912 -0.111688 0.234609 0.899803 1.170221 -0.006986 0.017818 0.382668 -1.126482
0.315789 0.828572 -0.417507 0.759300 -0.037482 0.059912 -0.146776 0.234609 0.886710 1.206667 0.893695 1.188849 0.394340 -1.011751
0.280701 0.828572 -0.517314 0.759300 -0.046443 0.059912 -0.181864 0.234609 0.874828 1.244154 -0.018867 0.055305 0.408700 -0.911375
0.245614 0.828572 -0.617122 0.759300 -0.055403 0.059912 -0.216951 0.234609 0.864209 1.282618 0.883076 1.227313 0.425475 -0.824481
0.210526 0.799998 -0.716929 0.666823 -0.064363 0.052615 -0.252039 0.206035 0.827235 1.313472 -0.055841 0.086160 0.421171 -0.685305
0.157896 0.714286 -0.866637 0.389421 -0.077804 0.030727 -0.304669 0.120323 0.731530 1.353241 0.787371 1.267081 0.395205 -0.376129
0.122808 0.600001 -0.966444 0.019541 -0.086764 0.001542 -0.339757 0.006038 0.612440 1.368905 -0.174930 0.101824 0.366502 -0.017769
0.105263 0.514285 -1.016352 -0.257875 -0.091244 -0.020347 -0.357302 -0.079678 0.524947 1.368906 0.699877 1.267083 0.361026 0.219410
0.087721 0.399999 -1.066252 -0.627754 -0.095724 -0.049533 -0.374845 -0.193964 0.409505 1.354912 -0.290372 0.087830 0.380030 0.477511
0.087721 0.285714 -1.066252 -0.997633 -0.095724 -0.078718 -0.374845 -0.308249 0.298877 1.272909 0.589249 1.185080 0.414469 0.688214
0.087721 0.199997 -1.066252 -1.275050 -0.095724 -0.100607 -0.374845 -0.393966 0.218389 1.157456 -0.370860 -0.027624 0.457657 0.810264
0.105263 0.142855 -1.016352 -1.459989 -0.091244 -0.115200 -0.357302 -0.451108 0.177448 0.935762 0.548308 0.963386 0.479458 0.900919
0.175438 0.057143 -0.816737 -1.737391 -0.073324 -0.137088 -0.287127 -0.536820 0.184510 0.314878 -0.363798 -0.648508 0.496799 1.079647
0.228071 0.028569 -0.667022 -1.829868 -0.059883 -0.144385 -0.234494 -0.565394 0.229854 0.124615 0.593651 0.773124 0.493295 1.177644
0.263159 0.028569 -0.567214 -1.829868 -0.050922 -0.144385 -0.199406 -0.565394 0.264705 0.108139 -0.328946 -0.664985 0.477614 1.231731
0.298247 0.057143 -0.467407 -1.737391 -0.041962 -0.137088 -0.164319 -0.536820 0.303671 0.189302 0.632617 0.854286 0.437456 1.273756
0.333334 0.085712 -0.367599 -1.644929 -0.033002 -0.129792 -0.129231 -0.508251 0.344178 0.251683 -0.288440 -0.602603 0.398395 1.321807
0.350877 0.114285 -0.317700 -1.552452 -0.028522 -0.122495 -0.111688 -0.479677 0.369020 0.314878 0.657460 0.917481 0.365750 1.342032
0.385964 0.171428 -0.217892 -1.367512 -0.019562 -0.107903 -0.076601 -0.422535 0.422322 0.417983 -0.235137 -0.499498 0.301046 1.391455
0.385964 0.142855 -0.217892 -1.459989 -0.019562 -0.115200 -0.076601 -0.451108 0.411553 0.354489 0.646690 0.853987 0.328759 1.402595
0.403510 0.085712 -0.167985 -1.644929 -0.015081 -0.129792 -0.059056 -0.508251 0.412512 0.209305 -0.234178 -0.644682 0.381452 1.455121
0.403510 0.057143 -0.167985 -1.737391 -0.015081 -0.137088 -0.059056 -0.536820 0.407536 0.140679 0.641714 0.785361 0.409701 1.461227
0.421052 0.028569 -0.118085 -1.829868 -0.010601 -0.144385 -0.041513 -0.565394 0.422020 0.067748 -0.219693 -0.717612 0.435977 1.497505
0.491227 0.000000 0.081530 -1.922331 0.007319 -0.151681 0.028662 -0.593963 0.491227 0.000000 0.710921 0.717612 0.463452 -1.522578
0.526315 0.000000 0.181338 -1.922331 0.016280 -0.151681 0.063750 -0.593963 0.526315 0.000000 -0.184606 -0.717612 0.466937 -1.463876
0.561403 0.000000 0.281145 -1.922331 0.025240 -0.151681 0.098838 -0.593963 0.561403 0.000000 0.746009 0.717612 0.473007 -1.405904
0.596490 0.057143 0.380953 -1.737391 0.034201 -0.137088 0.133925 -0.536820 0.599221 0.095507 -0.146787 -0.622106 0.426970 -1.326308
0.614036 0.142855 0.430860 -1.459989 0.038681 -0.115200 0.151470 -0.451108 0.630434 0.228583 0.777221 0.850688 0.353777 -1.246851
0.631581 0.228571 0.480768 -1.182573 0.043162 -0.093310 0.169016 -0.365392 0.671669 0.347239 -0.105553 -0.503449 0.288651 -1.137547
0.631581 0.314283 0.480768 -0.905170 0.043162 -0.071422 0.169016 -0.279680 0.705456 0.461736 0.811008 0.965185 0.224842 -1.027208
0.614036 0.399999 0.430860 -0.627754 0.038681 -0.049533 0.151470 -0.193964 0.732829 0.577377 -0.078179 -0.387808 0.163884 -0.907797
0.596490 0.514285 0.380953 -0.257875 0.034201 -0.020347 0.133925 -0.079678 0.787585 0.711525 0.865764 1.099333 0.143565 -0.536695
0.543860 0.600001 0.231245 0.019541 0.020760 0.001542 0.081295 0.006038 0.809806 0.834439 -0.055958 -0.264894 0.159679 0.074136
0.491227 0.657144 0.081530 0.204481 0.007319 0.016134 0.028662 0.063181 0.820452 0.928885 0.876410 1.193779 0.196678 1.144906
0.438597 0.742856 -0.068177 0.481883 -0.006121 0.038023 -0.023968 0.148893 0.862671 1.037450 -0.013739 -0.156329 0.281313 -1.411191
0.315789 0.828572 -0.417507 0.759300 -0.037482 0.059912 -0.146776 0.234609 0.886710 1.206667 0.900449 1.362996 0.394340 -1.011751
0.263159 0.885715 -0.567214 0.944239 -0.050922 0.074505 -0.199406 0.291752 0.923982 1.281989 0.023533 -0.081007 0.467780 -0.971244
0.210526 0.914284 -0.716929 1.036702 -0.064363 0.081800 -0.252039 0.320321 0.938209 1.344478 0.914676 1.425485 0.517275 -0.904136
0.157896 0.914284 -0.866637 1.036702 -0.077804 0.081800 -0.304669 0.320321 0.927818 1.399784 0.013142 -0.025701 0.544861 -0.810436
0.070175 0.942857 -1.116159 1.129179 -0.100205 0.089097 -0.392390 0.348894 0.945465 1.496505 0.932323 1.522206 0.620202 -0.726790
0.035088 0.942857 -1.215967 1.129179 -0.109165 0.089097 -0.427477 0.348894 0.943510 1.533599 0.011187 0.011393 0.642976 -0.684523
0.017543 0.942857 -1.265874 1.129179 -0.113646 0.089097 -0.445023 0.348894 0.943020 1.552193 0.931833 1.540800 0.654771 -0.664904
0.000000 0.942857 -1.315774 1.129179 -0.118125 0.089097 -0.462565 0.348894 0.942857 1.570796 0.011024 0.029997 0.666819 -0.646222
0.017543 0.942857 -1.265874 1.129179 -0.113646 0.089097 -0.445023 0.348894 0.943020 1.552193 0.931997 1.522196 0.654771 -0.664904
0.052630 0.971426 -1.166067 1.221642 -0.104685 0.096393 -0.409935 0.377464 0.972851 1.516671 0.040854 -0.005525 0.653442 -0.744183
0.105263 0.971426 -1.016352 1.221642 -0.091244 0.096393 -0.357302 0.377464 0.977113 1.462858 0.936258 1.468383 0.621775 -0.812831
0.175438 0.971426 -0.816737 1.221642 -0.073324 0.096393 -0.287127 0.377464 0.987141 1.392124 0.050883 -0.076260 0.584279 -0.920499
0.263159 0.971426 -0.567214 1.221642 -0.050922 0.096393 -0.199406 0.377464 1.006440 1.306246 0.955557 1.382506 0.546537 -1.084782
0.333334 0.971426 -0.367599 1.221642 -0.033002 0.096393 -0.129231 0.377464 1.027025 1.240247 0.071468 -0.142259 0.525015 -1.240938
0.491227 0.971426 0.081530 1.221642 0.007319 0.096393 0.028662 0.377464 1.088565 1.102618 1.017097 1.244877 0.509668 1.495008
0.561403 0.971426 0.281145 1.221642 0.025240 0.096393 0.098838 0.377464 1.121981 1.046773 0.104884 -0.198104 0.518371 1.314699
0.614036 0.971426 0.430860 1.221642 0.038681 0.096393 0.151470 0.377464 1.149221 1.007110 1.044337 1.205214 0.530927 1.189183
0.754386 0.942857 0.830090 1.129179 0.074522 0.089097 0.291821 0.348894 1.207509 0.895990 0.163173 -0.309223 0.561997 0.874241
0.807019 0.914284 0.979805 1.036702 0.087963 0.081800 0.344454 0.320321 1.219506 0.847634 1.056333 1.156857 0.568065 0.749111
0.859649 0.885715 1.129512 0.944239 0.101404 0.074505 0.397084 0.291752 1.234296 0.800331 0.177963 -0.356526 0.580285 0.633660
0.912282 0.857141 1.279227 0.851763 0.114844 0.067208 0.449717 0.263178 1.251779 0.754245 1.073816 1.110771 0.598277 0.529472
0.964912 0.771429 1.428935 0.574360 0.128285 0.045320 0.502347 0.177466 1.235378 0.674424 0.161562 -0.436346 0.589703 0.339588
0.982457 0.714286 1.478842 0.389421 0.132765 0.030727 0.519892 0.120323 1.214672 0.628644 1.053109 1.064991 0.577626 0.227435
1.000000 0.628570 1.528742 0.112004 0.137245 0.008838 0.537435 0.034607 1.181144 0.561162 0.128034 -0.503828 0.562489 0.064304
1.000000 0.600001 1.528742 0.019541 0.137245 0.001542 0.537435 0.006038 1.166191 0.540420 1.038157 1.044248 0.554729 0.011234
0.982457 0.571427 1.478842 -0.072935 0.132765 -0.005755 0.519892 -0.022536 1.136553 0.526803 0.098396 -0.517445 0.531168 -0.043320
0.947370 0.542858 1.379035 -0.165398 0.123805 -0.013051 0.484805 -0.051105 1.091881 0.520342 0.993485 1.037787 0.491409 -0.105025
0.912282 0.571427 1.279227 -0.072935 0.114844 -0.005755 0.449717 -0.022536 1.076470 0.559585 0.082985 -0.478203 0.462705 -0.050069
0.877194 0.628570 1.179420 0.112004 0.105884 0.008838 0.414629 0.034607 1.079153 0.621760 0.996168 1.099962 0.446626 0.083272
0.859649 0.685713 1.129512 0.296944 0.101404 0.023430 0.397084 0.091750 1.099636 0.673316 0.103468 -0.426646 0.455490 0.227074
0.859649 0.799998 1.129512 0.666823 0.101404 0.052615 0.397084 0.206035 1.174306 0.749472 1.070838 1.176118 0.521092 0.478630
0.859649 0.857141 1.129512 0.851763 0.101404 0.067208 0.397084 0.263178 1.213955 0.783937 0.143118 -0.392181 0.559791 0.585305
0.859649 0.885715 1.129512 0.944239 0.101404 0.074505 0.397084 0.291752 1.234296 0.800331 1.091179 1.192512 0.580285 0.633660
0.894737 0.971426 1.229320 1.221642 0.110364 0.096393 0.432172 0.377464 1.320691 0.826470 0.229512 -0.366042 0.667617 0.717929
0.912282 1.000000 1.279227 1.314119 0.114844 0.103690 0.449717 0.406037 1.353610 0.831237 1.124097 1.197279 0.700772 0.734400
