0.145831 0.642857 -0.905533 0.487139 -0.066519 0.039300 -0.267403 0.157985 0.659190 1.347723 0.659190 1.347723 0.352464 -0.533635
0.104165 0.571429 -1.046632 0.266892 -0.076884 0.021532 -0.309070 0.086556 0.580845 1.390488 -0.078345 0.042765 0.347202 -0.273058
0.083333 0.464283 -1.117176 -0.063487 -0.082066 -0.005122 -0.329901 -0.020590 0.471702 1.393200 0.550048 1.350435 0.333828 0.062330
0.041667 0.357143 -1.258276 -0.393849 -0.092431 -0.031774 -0.371568 -0.127730 0.359565 1.454655 -0.190483 0.104220 0.375778 0.331104
0.020832 0.285714 -1.328831 -0.614096 -0.097614 -0.049543 -0.392403 -0.199158 0.286473 1.498014 0.476955 1.393794 0.412603 0.469658
0.000000 0.214286 -1.399375 -0.834343 -0.102796 -0.067311 -0.413234 -0.270587 0.214286 1.570796 -0.262670 0.177002 0.458632 0.579744
0.000000 0.142857 -1.399375 -1.054590 -0.102796 -0.085080 -0.413234 -0.342015 0.142857 1.570796 0.405527 1.393794 0.493828 0.691378
0.000000 0.107140 -1.399375 -1.164722 -0.102796 -0.093965 -0.413234 -0.377732 0.107140 1.570796 -0.298387 0.177002 0.514253 0.740544
0.041667 0.035712 -1.258276 -1.384969 -0.092431 -0.111733 -0.371568 -0.449161 0.054876 0.708591 0.353263 0.531588 0.529704 0.879660
0.062498 0.000000 -1.187731 -1.495084 -0.087249 -0.120617 -0.350736 -0.484873 0.062498 0.000000 -0.290765 -0.531588 0.542013 0.944566
0.104165 0.000000 -1.046632 -1.495084 -0.076884 -0.120617 -0.309070 -0.484873 0.104165 0.000000 0.394930 0.531588 0.516030 1.003312
0.125000 0.000000 -0.976077 -1.495084 -0.071701 -0.120617 -0.288235 -0.484873 0.125000 0.000000 -0.269930 -0.531588 0.503827 1.034464
0.145831 0.000000 -0.905533 -1.495084 -0.066519 -0.120617 -0.267403 -0.484873 0.145831 0.000000 0.415761 0.531588 0.492206 1.066809
0.166666 0.035712 -0.834978 -1.384969 -0.061336 -0.111733 -0.246568 -0.449161 0.170449 0.211079 -0.245312 -0.320510 0.450910 1.068757
0.187498 0.071429 -0.764433 -1.274837 -0.056154 -0.102848 -0.225737 -0.413444 0.200643 0.363983 0.445955 0.684493 0.409620 1.071036
0.208333 0.107140 -0.693878 -1.164722 -0.050971 -0.093965 -0.204902 -0.377732 0.234268 0.475002 -0.211687 -0.209491 0.368346 1.073766
0.229164 0.142857 -0.623334 -1.054590 -0.045789 -0.085080 -0.184070 -0.342015 0.270045 0.557436 0.481732 0.766926 0.327087 1.077064
0.249999 0.178569 -0.552779 -0.944475 -0.040606 -0.076196 -0.163235 -0.306304 0.307224 0.620244 -0.174508 -0.146682 0.285856 1.081161
0.249999 0.214286 -0.552779 -0.834343 -0.040606 -0.067311 -0.163235 -0.270587 0.329269 0.708628 0.503777 0.855310 0.257345 1.027980
0.249999 0.249997 -0.552779 -0.724228 -0.040606 -0.058428 -0.163235 -0.234875 0.353551 0.785394 -0.150226 -0.069916 0.230851 0.963443
0.270834 0.285714 -0.482224 -0.614096 -0.035424 -0.049543 -0.142400 -0.199158 0.393680 0.812128 0.543906 0.882044 0.191152 0.950067
0.270834 0.321426 -0.482224 -0.503981 -0.035424 -0.040659 -0.142400 -0.163447 0.420316 0.870613 -0.123590 -0.011431 0.169430 0.854103
0.270834 0.357143 -0.482224 -0.393849 -0.035424 -0.031774 -0.142400 -0.127730 0.448221 0.921982 0.571811 0.933413 0.153049 0.731142
0.270834 0.321426 -0.482224 -0.503981 -0.035424 -0.040659 -0.142400 -0.163447 0.420316 0.870613 -0.151495 -0.062800 0.169430 0.854103
0.270834 0.285714 -0.482224 -0.614096 -0.035424 -0.049543 -0.142400 -0.199158 0.393680 0.812128 0.545174 0.874929 0.191152 0.950067
0.270834 0.249997 -0.482224 -0.724228 -0.035424 -0.058428 -0.142400 -0.234875 0.368578 0.745413 -0.176596 -0.129516 0.216620 1.025771
0.291666 0.214286 -0.411680 -0.834343 -0.030241 -0.067311 -0.121569 -0.270587 0.361922 0.633635 0.538518 0.763151 0.233151 1.148543
0.312501 0.178569 -0.341125 -0.944475 -0.025059 -0.076196 -0.100734 -0.306304 0.359921 0.519139 -0.178597 -0.244012 0.255373 1.253069
0.333332 0.142857 -0.270580 -1.054590 -0.019876 -0.085080 -0.079902 -0.342015 0.362655 0.404893 0.541252 0.648905 0.281937 1.341291
0.374999 0.107140 -0.129481 -1.164722 -0.009512 -0.093965 -0.038236 -0.377732 0.390004 0.278294 -0.151248 -0.370611 0.308473 1.469916
0.395834 0.107140 -0.058926 -1.164722 -0.004329 -0.093965 -0.017401 -0.377732 0.410077 0.264336 0.561325 0.634947 0.306588 1.524762
0.437500 0.107140 0.082173 -1.164722 0.006036 -0.093965 0.024266 -0.377732 0.450428 0.240165 -0.110897 -0.394782 0.307055 -1.506644
0.458332 0.107140 0.152718 -1.164722 0.011218 -0.093965 0.045097 -0.377732 0.470688 0.229638 0.581585 0.624419 0.309399 -1.451969
0.499998 0.107140 0.293817 -1.164722 0.021583 -0.093965 0.086764 -0.377732 0.511349 0.211089 -0.070236 -0.413330 0.318154 -1.345016
0.541665 0.142857 0.434917 -1.054590 0.031948 -0.085080 0.128431 -0.342015 0.560187 0.257865 0.630423 0.671196 0.299330 -1.211578
0.541665 0.178569 0.434917 -0.944475 0.031948 -0.076196 0.128431 -0.306304 0.570340 0.318447 -0.060083 -0.352749 0.267511 -1.173771
0.562500 0.249997 0.505472 -0.724228 0.037131 -0.058428 0.149265 -0.234875 0.615552 0.418220 0.675635 0.770969 0.221193 -1.004676
0.562500 0.285714 0.505472 -0.614096 0.037131 -0.049543 0.149265 -0.199158 0.630903 0.469977 -0.044732 -0.300993 0.196320 -0.927627
0.541665 0.357143 0.434917 -0.393849 0.031948 -0.031774 0.128431 -0.127730 0.648808 0.582915 0.693540 0.883908 0.140145 -0.782662
0.520833 0.428571 0.364372 -0.173602 0.026766 -0.014005 0.107599 -0.056301 0.674493 0.688524 -0.019047 -0.195384 0.108686 -0.482074
0.499998 0.500000 0.293817 0.046645 0.021583 0.003763 0.086764 0.015127 0.707106 0.785400 0.726153 0.980784 0.122704 0.172617
0.437500 0.607140 0.082173 0.377007 0.006036 0.030415 0.024266 0.122268 0.748349 0.946384 0.022196 -0.034400 0.195418 1.374878
0.395834 0.642857 -0.058926 0.487139 -0.004329 0.039300 -0.017401 0.157985 0.754950 1.018883 0.732754 1.053283 0.230281 -1.461096
0.354167 0.678569 -0.200025 0.597254 -0.014694 0.048184 -0.059067 0.193696 0.765434 1.089757 0.032680 0.036474 0.271829 -1.274806
0.312501 0.714286 -0.341125 0.707386 -0.025059 0.057069 -0.100734 0.229413 0.779654 1.158385 0.746974 1.121911 0.317457 -1.157049
0.249999 0.749997 -0.552779 0.817501 -0.040606 0.065953 -0.163235 0.265125 0.790567 1.249046 0.043593 0.127135 0.374239 -1.018918
0.208333 0.749997 -0.693878 0.817501 -0.050971 0.065953 -0.204902 0.265125 0.778395 1.299849 0.734802 1.172715 0.394200 -0.912831
0.187498 0.749997 -0.764433 0.817501 -0.056154 0.065953 -0.225737 0.265125 0.773079 1.325820 0.038277 0.153105 0.405421 -0.865470
0.145831 0.749997 -0.905533 0.817501 -0.066519 0.065953 -0.267403 0.265125 0.764044 1.378750 0.725767 1.225645 0.430016 -0.781120
0.104165 0.749997 -1.046632 0.817501 -0.076884 0.065953 -0.309070 0.265125 0.757196 1.432792 0.031430 0.207147 0.457092 -0.709014
0.083333 0.749997 -1.117176 0.817501 -0.082066 0.065953 -0.329901 0.265125 0.754613 1.460139 0.723183 1.252992 0.471428 -0.676962
0.062498 0.749997 -1.187731 0.817501 -0.087249 0.065953 -0.350736 0.265125 0.752597 1.487657 0.029414 0.234665 0.486236 -0.647272
0.041667 0.749997 -1.258276 0.817501 -0.092431 0.065953 -0.371568 0.265125 0.751154 1.515298 0.721740 1.280633 0.501470 -0.619749
0.020832 0.749997 -1.328831 0.817501 -0.097614 0.065953 -0.392403 0.265125 0.750287 1.543028 0.028546 0.262395 0.517097 -0.594192
0.000000 0.714286 -1.399375 0.707386 -0.102796 0.057069 -0.413234 0.229413 0.714286 1.570796 0.685739 1.308401 0.511268 -0.506800
0.020832 0.678569 -1.328831 0.597254 -0.097614 0.048184 -0.392403 0.193696 0.678888 1.540107 -0.006851 0.231705 0.473690 -0.458527
0.062498 0.678569 -1.187731 0.597254 -0.087249 0.048184 -0.350736 0.193696 0.681441 1.478952 0.688292 1.247247 0.439793 -0.504574
0.104165 0.642857 -1.046632 0.487139 -0.076884 0.039300 -0.309070 0.157985 0.651242 1.410158 -0.037050 0.162911 0.385033 -0.472537
0.145831 0.642857 -0.905533 0.487139 -0.066519 0.039300 -0.267403 0.157985 0.659190 1.347723 0.696240 1.184812 0.352464 -0.533635
0.229164 0.678569 -0.623334 0.597254 -0.045789 0.048184 -0.184070 0.193696 0.716221 1.245105 0.019980 0.060294 0.322930 -0.810874
0.395834 0.749997 -0.058926 0.817501 -0.004329 0.065953 -0.017401 0.265125 0.848045 1.085172 0.828065 1.024879 0.337212 -1.505258
0.479167 0.785714 0.223273 0.927633 0.016401 0.074837 0.065932 0.300842 0.920298 1.023167 0.092233 -0.001712 0.378270 1.355048
0.541665 0.821426 0.434917 1.037748 0.031948 0.083721 0.128431 0.336553 0.983942 0.987827 0.891709 0.989539 0.427919 1.206247
0.624998 0.857143 0.717115 1.147880 0.052678 0.092606 0.211764 0.372270 1.060809 0.940764 0.169100 -0.048775 0.491832 1.053601
0.749998 0.892854 1.140413 1.257995 0.083773 0.101490 0.336763 0.407982 1.166056 0.872137 0.996955 0.920912 0.586042 0.880737
0.812499 0.928571 1.352068 1.368127 0.099321 0.110375 0.399265 0.443699 1.233856 0.851967 0.236900 -0.068945 0.651908 0.838061
0.895832 0.928571 1.634266 1.368127 0.120051 0.110375 0.482598 0.443699 1.290256 0.803341 1.053356 0.872287 0.706026 0.743429
0.916667 0.892854 1.704821 1.257995 0.125234 0.101490 0.503432 0.407982 1.279636 0.772239 0.226280 -0.100047 0.695327 0.681051
0.958333 0.821426 1.845921 1.037748 0.135599 0.083721 0.545099 0.336553 1.262198 0.708625 1.035918 0.808672 0.680994 0.553128
0.979165 0.785714 1.916465 0.927633 0.140781 0.074837 0.565931 0.300842 1.255433 0.676223 0.219515 -0.132449 0.677509 0.488597
0.979165 0.749997 1.916465 0.817501 0.140781 0.065953 0.565931 0.265125 1.233394 0.653635 1.013879 0.786084 0.658549 0.438112
1.000000 0.714286 1.987020 0.707386 0.145964 0.057069 0.586766 0.229413 1.228904 0.620249 0.215025 -0.165835 0.659489 0.372706
1.000000 0.678569 1.987020 0.597254 0.145964 0.048184 0.586766 0.193696 1.208493 0.596197 0.993468 0.762032 0.643969 0.318845
0.958333 0.607140 1.845921 0.377007 0.135599 0.030415 0.545099 0.122268 1.134470 0.564715 0.141002 -0.197317 0.578561 0.220651
0.958333 0.571429 1.845921 0.266892 0.135599 0.021532 0.545099 0.086556 1.115766 0.537675 0.974764 0.734991 0.567590 0.157475
0.937499 0.535712 1.775366 0.156760 0.130416 0.012647 0.524264 0.050839 1.079764 0.519145 0.105000 -0.215847 0.538381 0.096670
0.916667 0.535712 1.704821 0.156760 0.125234 0.012647 0.503432 0.050839 1.061727 0.528879 0.956728 0.744726 0.518117 0.100644
0.895832 0.535712 1.634266 0.156760 0.120051 0.012647 0.482598 0.050839 1.043792 0.538951 0.087065 -0.205775 0.497897 0.104957
0.874997 0.535712 1.563711 0.156760 0.114868 0.012647 0.461763 0.050839 1.025966 0.549374 0.938902 0.755149 0.477730 0.109656
0.874997 0.571429 1.563711 0.266892 0.114868 0.021532 0.461763 0.086556 1.045060 0.578526 0.106158 -0.176623 0.488109 0.185297
0.854166 0.714286 1.493167 0.707386 0.109686 0.057069 0.440931 0.229413 1.113464 0.696450 1.007306 0.873073 0.533903 0.479750
0.854166 0.821426 1.493167 1.037748 0.109686 0.083721 0.440931 0.336553 1.185048 0.765861 0.177742 -0.107212 0.600866 0.651945
0.854166 0.928571 1.493167 1.368127 0.109686 0.110375 0.440931 0.443699 1.261683 0.827111 1.083941 0.934323 0.678227 0.788527
0.854166 0.964288 1.493167 1.478258 0.109686 0.119260 0.440931 0.479416 1.288197 0.845883 0.204256 -0.088440 0.705748 0.827189
0.874997 1.000000 1.563711 1.588374 0.114868 0.128143 0.461763 0.515127 1.328766 0.851968 1.124510 0.940408 0.746672 0.839971
