0.255321 0.821427 -0.398745 0.926911 -0.040803 0.084937 -0.139478 0.290343 0.860192 1.269437 0.860192 1.269437 0.448849 -1.122959
0.234043 0.821427 -0.459576 0.926911 -0.047028 0.084937 -0.160756 0.290343 0.854118 1.293229 -0.006074 0.023792 0.455910 -1.065135
0.191490 0.821427 -0.581228 0.926911 -0.059476 0.084937 -0.203309 0.290343 0.843452 1.341768 0.849526 1.317976 0.472595 -0.959911
0.148937 0.785715 -0.702881 0.812904 -0.071925 0.074490 -0.245862 0.254632 0.799707 1.383463 -0.049819 0.065487 0.461805 -0.802918
0.106384 0.714282 -0.824533 0.584854 -0.084373 0.053593 -0.288415 0.183198 0.722161 1.422945 0.771979 1.357458 0.430410 -0.565892
0.042553 0.571425 -1.007016 0.128789 -0.103046 0.011802 -0.352246 0.040342 0.573008 1.496465 -0.198972 0.139008 0.394048 -0.114030
0.021278 0.428569 -1.067838 -0.327276 -0.109270 -0.029990 -0.373521 -0.102515 0.429097 1.521188 0.628069 1.382180 0.375044 0.267860
0.000000 0.321430 -1.128668 -0.669316 -0.115495 -0.061332 -0.394799 -0.209654 0.321430 1.570796 -0.306639 0.188616 0.401559 0.488171
0.000000 0.214285 -1.128668 -1.011373 -0.115495 -0.092677 -0.394799 -0.316799 0.214285 1.570796 0.520924 1.382180 0.434110 0.676222
0.000000 0.107145 -1.128668 -1.353413 -0.115495 -0.124019 -0.394799 -0.423939 0.107145 1.570796 -0.413779 0.188616 0.488478 0.820974
0.021278 0.071428 -1.067838 -1.467437 -0.109270 -0.134468 -0.373521 -0.459656 0.074530 1.281272 0.488309 1.092656 0.494051 0.888413
0.063831 0.000000 -0.946185 -1.695470 -0.096821 -0.155363 -0.330968 -0.531084 0.063831 0.000000 -0.424478 -1.092656 0.515176 1.013497
0.085106 0.000000 -0.885364 -1.695470 -0.090598 -0.155363 -0.309693 -0.531084 0.085106 0.000000 0.509584 1.092656 0.501773 1.042871
0.127659 0.000000 -0.763712 -1.695470 -0.078149 -0.155363 -0.267140 -0.531084 0.127659 0.000000 -0.381925 -1.092656 0.476687 1.104744
0.170212 0.035717 -0.642059 -1.581445 -0.065701 -0.144915 -0.224587 -0.495367 0.173919 0.206836 0.555844 1.299492 0.423532 1.145139
0.191490 0.071428 -0.581228 -1.467437 -0.059476 -0.134468 -0.203309 -0.459656 0.204378 0.357027 -0.351466 -0.942465 0.381973 1.154358
0.212765 0.071428 -0.520407 -1.467437 -0.053252 -0.134468 -0.182034 -0.459656 0.224435 0.323892 0.575900 1.266357 0.371086 1.193723
0.234043 0.071428 -0.459576 -1.467437 -0.047028 -0.134468 -0.160756 -0.459656 0.244700 0.296214 -0.331200 -0.970143 0.361125 1.234361
0.276596 0.035717 -0.337924 -1.581445 -0.034579 -0.144915 -0.118203 -0.495367 0.278893 0.128419 0.610093 1.098562 0.378037 1.336559
0.319149 0.035717 -0.216272 -1.581445 -0.022131 -0.144915 -0.075650 -0.495367 0.321141 0.111449 -0.288951 -0.987113 0.366965 1.419252
0.361702 0.035717 -0.094619 -1.581445 -0.009682 -0.144915 -0.033097 -0.495367 0.363461 0.098427 0.652413 1.085540 0.360604 1.504082
0.446808 0.035717 0.148685 -1.581445 0.015215 -0.144915 0.052009 -0.495367 0.448233 0.079768 -0.204179 -1.005772 0.362829 -1.466189
0.489361 0.071428 0.270338 -1.467437 0.027663 -0.134468 0.094562 -0.459656 0.494546 0.144939 0.698726 1.150711 0.336913 -1.367904
0.489361 0.142856 0.270338 -1.239405 0.027663 -0.113572 0.094562 -0.388228 0.509786 0.284032 -0.188939 -0.866679 0.269104 -1.331875
0.489361 0.250001 0.270338 -0.897348 0.027663 -0.082228 0.094562 -0.281083 0.549522 0.472308 0.738462 1.338988 0.172940 -1.246270
0.468086 0.357141 0.209516 -0.555308 0.021439 -0.050885 0.073287 -0.173943 0.588773 0.651758 -0.149688 -0.687230 0.082396 -1.172040
0.425533 0.464286 0.087864 -0.213251 0.008991 -0.019541 0.030734 -0.066798 0.629793 0.828922 0.779482 1.516152 0.075980 -1.139572
0.382980 0.535714 -0.033789 0.014782 -0.003458 0.001355 -0.011819 0.004630 0.658531 0.950143 -0.120951 -0.566010 0.141410 -0.373380
0.340427 0.642854 -0.155441 0.356822 -0.015906 0.032697 -0.054372 0.111770 0.727428 1.083784 0.848379 1.649794 0.253944 -1.118036
0.276596 0.678570 -0.337924 0.470846 -0.034579 0.043146 -0.118203 0.147487 0.732778 1.183742 -0.115601 -0.466052 0.307406 -0.895172
0.191490 0.785715 -0.581228 0.812904 -0.059476 0.074490 -0.203309 0.254632 0.808713 1.331742 0.924314 1.797794 0.440625 -0.897005
0.148937 0.821427 -0.702881 0.926911 -0.071925 0.084937 -0.245862 0.290343 0.834820 1.391430 -0.089494 -0.406364 0.492402 -0.868164
0.127659 0.821427 -0.763712 0.926911 -0.078149 0.084937 -0.267140 0.290343 0.831287 1.416618 0.920782 1.822983 0.503364 -0.826995
0.106384 0.857144 -0.824533 1.040936 -0.084373 0.095386 -0.288415 0.326060 0.863720 1.447313 -0.057061 -0.375670 0.544927 -0.846585
0.127659 0.892855 -0.763712 1.154944 -0.078149 0.105833 -0.267140 0.361771 0.901935 1.428780 0.958996 1.804450 0.565176 -0.934746
0.170212 0.892855 -0.642059 1.154944 -0.065701 0.105833 -0.224587 0.361771 0.908935 1.382419 -0.050062 -0.422031 0.546351 -1.015224
0.234043 0.928572 -0.459576 1.268968 -0.047028 0.116281 -0.160756 0.397488 0.957613 1.323893 1.007674 1.745924 0.557455 -1.186477
0.340427 0.964283 -0.155441 1.382976 -0.015906 0.126728 -0.054372 0.433199 1.022611 1.231419 0.014936 -0.514505 0.572074 -1.445937
0.425533 0.964283 0.087864 1.382976 0.008991 0.126728 0.030734 0.433199 1.054002 1.155205 1.039066 1.669710 0.570313 1.499968
0.531914 1.000000 0.391990 1.497001 0.040112 0.137177 0.137115 0.468916 1.132666 1.081945 0.093600 -0.587766 0.620539 1.286319
0.638298 1.000000 0.696125 1.497001 0.071233 0.137177 0.243499 0.468916 1.186349 1.002691 1.092749 1.590457 0.652350 1.091844
0.744679 1.000000 1.000251 1.497001 0.102354 0.137177 0.349880 0.468916 1.246815 0.930709 0.154066 -0.659748 0.699059 0.929766
0.893616 0.964283 1.426039 1.382976 0.145924 0.126728 0.498817 0.433199 1.314683 0.823416 1.160617 1.483164 0.757054 0.715110
0.936169 0.892855 1.547691 1.154944 0.158372 0.105833 0.541370 0.361771 1.293678 0.761721 0.133061 -0.721443 0.735623 0.589099
1.000000 0.785715 1.730174 0.812904 0.177046 0.074490 0.605201 0.254632 1.271750 0.665970 1.138690 1.387412 0.720475 0.398256
1.000000 0.714282 1.730174 0.584854 0.177046 0.053593 0.605201 0.183198 1.228901 0.620247 0.090212 -0.767166 0.684352 0.293937
0.978722 0.642854 1.669344 0.356822 0.170821 0.032697 0.583923 0.111770 1.170964 0.581161 1.080753 1.348327 0.634426 0.189124
0.914894 0.571425 1.486870 0.128789 0.152149 0.011802 0.520095 0.040342 1.078684 0.558298 -0.002069 -0.790029 0.549268 0.077411
0.872338 0.571425 1.365208 0.128789 0.139699 0.011802 0.477539 0.040342 1.042833 0.579918 1.044902 1.369947 0.509156 0.084278
0.851063 0.571425 1.304387 0.128789 0.133476 0.011802 0.456264 0.040342 1.025103 0.591290 -0.019799 -0.778657 0.489258 0.088188
0.808510 0.607142 1.182734 0.242814 0.121027 0.022250 0.413711 0.076058 1.011094 0.644102 1.030893 1.422759 0.465023 0.181814
0.787232 0.678570 1.121904 0.470846 0.114802 0.043146 0.392433 0.147487 1.039323 0.711403 0.008430 -0.711356 0.484283 0.359495
0.808510 0.749999 1.182734 0.698879 0.121027 0.064041 0.413711 0.218915 1.102808 0.747873 1.094378 1.459229 0.545274 0.486694
0.808510 0.785715 1.182734 0.812904 0.121027 0.074490 0.413711 0.254632 1.127403 0.771101 0.033024 -0.688128 0.569186 0.551725
