0.249999 0.760001 -0.570590 0.643746 -0.069901 0.072746 -0.194257 0.202163 0.800063 1.253000 0.800063 1.253000 0.370716 -0.805339
0.249999 0.799998 -0.570590 0.771107 -0.069901 0.087138 -0.194257 0.242160 0.838150 1.267911 0.038087 0.014912 0.405324 -0.894725
0.208333 0.799998 -0.692977 0.771107 -0.084894 0.087138 -0.235923 0.242160 0.826679 1.316038 0.788592 1.301126 0.426863 -0.798442
0.104165 0.680001 -0.998949 0.389003 -0.122378 0.043959 -0.340091 0.122163 0.687933 1.418795 -0.100659 0.117669 0.413809 -0.344853
0.062498 0.559998 -1.121336 0.006880 -0.137371 0.000777 -0.381758 0.002161 0.563475 1.459652 0.664134 1.341983 0.398918 -0.005659
0.000000 0.319999 -1.304912 -0.757348 -0.159860 -0.085583 -0.444256 -0.237839 0.319999 1.570796 -0.344135 0.228813 0.461306 0.491537
0.000000 0.239999 -1.304912 -1.012091 -0.159860 -0.114370 -0.444256 -0.317839 0.239999 1.570796 0.584134 1.341983 0.488962 0.621013
0.062498 0.080000 -1.121336 -1.521576 -0.137371 -0.171944 -0.381758 -0.477838 0.101518 0.907606 -0.482616 -0.434378 0.527657 0.896710
0.187501 0.080000 -0.754166 -1.521576 -0.092390 -0.171944 -0.256755 -0.477838 0.203854 0.403278 0.686470 0.837656 0.445652 1.077735
0.208333 0.120003 -0.692977 -1.394195 -0.084894 -0.157550 -0.235923 -0.437835 0.240423 0.522596 -0.446048 -0.315060 0.400999 1.076561
0.249999 0.120003 -0.570590 -1.394195 -0.069901 -0.157550 -0.194257 -0.437835 0.277309 0.447530 0.723356 0.762590 0.377989 1.153214
0.291666 0.120003 -0.448203 -1.394195 -0.054908 -0.157550 -0.152590 -0.437835 0.315388 0.390329 -0.407969 -0.372261 0.358363 1.235449
0.333332 0.080000 -0.325816 -1.521576 -0.039915 -0.171944 -0.110924 -0.477838 0.342798 0.235545 0.750766 0.607806 0.380771 1.342699
0.374999 0.040003 -0.203429 -1.648937 -0.024921 -0.186337 -0.069257 -0.517835 0.377126 0.106273 -0.373640 -0.501533 0.410143 1.437841
0.458332 0.000000 0.041345 -1.776318 0.005065 -0.200731 0.014076 -0.557838 0.458332 0.000000 0.831972 0.501533 0.444479 -1.545569
0.541665 0.040003 0.286119 -1.648937 0.035051 -0.186337 0.097409 -0.517835 0.543140 0.073718 -0.288832 -0.427815 0.415823 -1.384861
0.541665 0.200002 0.286119 -1.139452 0.035051 -0.128763 0.097409 -0.357835 0.577410 0.353708 0.866241 0.781524 0.262961 -1.305019
0.541665 0.280002 0.286119 -0.884710 0.035051 -0.099976 0.097409 -0.277836 0.609756 0.477099 -0.256486 -0.304425 0.190966 -1.233588
0.437500 0.520001 -0.019844 -0.120482 -0.002431 -0.013615 -0.006756 -0.037836 0.679565 0.871349 0.936050 1.175774 0.076046 1.394103
0.374999 0.600001 -0.203429 0.134261 -0.024921 0.015172 -0.069257 0.042163 0.707549 1.012199 -0.228501 -0.163574 0.170450 -0.546861
0.249999 0.760001 -0.570590 0.643746 -0.069901 0.072746 -0.194257 0.202163 0.800063 1.253000 1.028564 1.416574 0.370716 -0.805339
0.187501 0.840000 -0.754166 0.898488 -0.092390 0.101533 -0.256755 0.282163 0.860673 1.351181 -0.167891 -0.065393 0.471738 -0.832509
0.166666 0.840000 -0.815364 0.898488 -0.099887 0.101533 -0.277590 0.282163 0.856375 1.374928 1.024267 1.440321 0.483394 -0.793567
0.166666 0.879997 -0.815364 1.025850 -0.099887 0.115925 -0.277590 0.322160 0.895641 1.383619 -0.128625 -0.056702 0.516649 -0.859576
0.249999 0.920000 -0.570590 1.153231 -0.069901 0.130320 -0.194257 0.362162 0.953362 1.305465 1.081988 1.362167 0.513876 -1.078470
0.437500 0.959997 -0.019844 1.280593 -0.002431 0.144712 -0.006756 0.402159 1.054989 1.143187 -0.026999 -0.218980 0.515785 -1.553999
0.562500 0.959997 0.347317 1.280593 0.042549 0.144712 0.118244 0.402159 1.112655 1.040780 1.139654 1.259760 0.529122 1.284833
0.854166 1.000000 1.204026 1.407973 0.147501 0.159107 0.409909 0.442162 1.315142 0.863889 0.175488 -0.395871 0.690563 0.823232
0.958333 0.959997 1.509998 1.280593 0.184985 0.144712 0.514077 0.402159 1.356465 0.786265 1.180977 1.182136 0.728193 0.663851
1.000000 0.879997 1.632385 1.025850 0.199978 0.115925 0.555744 0.322160 1.332064 0.721653 0.151087 -0.460483 0.706202 0.525352
1.000000 0.760001 1.632385 0.643746 0.199978 0.072746 0.555744 0.202163 1.256026 0.649871 1.104939 1.110354 0.639176 0.348889
0.958333 0.680001 1.509998 0.389003 0.184985 0.043959 0.514077 0.122163 1.175076 0.617117 0.070138 -0.493236 0.565554 0.233308
0.875000 0.639998 1.265224 0.261622 0.154998 0.029564 0.430744 0.082160 1.084077 0.631507 1.013939 1.124744 0.473134 0.188476
0.854166 0.639998 1.204026 0.261622 0.147501 0.029564 0.409909 0.082160 1.067331 0.643032 0.053392 -0.481712 0.454247 0.197814
0.812499 0.719998 1.081639 0.516365 0.132508 0.058351 0.368243 0.162160 1.085611 0.725112 1.032219 1.206823 0.460040 0.414810
0.812499 0.840000 1.081639 0.898488 0.132508 0.101533 0.368243 0.282163 1.168655 0.802039 0.136436 -0.404784 0.540571 0.653814
0.812499 0.920000 1.081639 1.153231 0.132508 0.130320 0.368243 0.362162 1.227418 0.847369 1.090982 1.252153 0.601611 0.777074
