0.235293 0.846155 -0.611777 0.790975 -0.042226 0.054053 -0.195437 0.250178 0.878260 1.299575 0.878260 1.299575 0.459100 -0.907627
0.205884 0.846155 -0.703837 0.790975 -0.048580 0.054053 -0.224847 0.250178 0.870842 1.332118 -0.007418 0.032542 0.472370 -0.838673
0.176470 0.846155 -0.795911 0.790975 -0.054935 0.054053 -0.254261 0.250178 0.864361 1.365188 0.871779 1.332646 0.487058 -0.777304
0.147060 0.846155 -0.887971 0.790975 -0.061289 0.054053 -0.283670 0.250178 0.858839 1.398717 -0.012940 0.066071 0.503037 -0.722742
0.117647 0.846155 -0.980045 0.790975 -0.067644 0.054053 -0.313084 0.250178 0.854294 1.432645 0.867234 1.366575 0.520191 -0.674176
0.088237 0.846155 -1.072105 0.790975 -0.073999 0.054053 -0.342493 0.250178 0.850743 1.466892 -0.016491 0.100317 0.538404 -0.630877
0.088237 0.769238 -1.072105 0.547790 -0.073999 0.037434 -0.342493 0.173261 0.774282 1.456588 0.790773 1.356271 0.481549 -0.468341
0.058823 0.769238 -1.164179 0.547790 -0.080354 0.037434 -0.371907 0.173261 0.771484 1.494475 -0.019289 0.138204 0.502894 -0.435973
0.029414 0.692309 -1.256239 0.304569 -0.086708 0.020813 -0.401317 0.096332 0.692934 1.528335 0.712223 1.390131 0.479039 -0.235583
0.029414 0.615393 -1.256239 0.061385 -0.086708 0.004195 -0.401317 0.019415 0.616095 1.523036 -0.096128 0.132905 0.441764 -0.048342
0.000000 0.538464 -1.348313 -0.181836 -0.093063 -0.012426 -0.430731 -0.057513 0.538464 1.570796 0.634592 1.437892 0.443999 0.132739
0.000000 0.461547 -1.348313 -0.425021 -0.093063 -0.029045 -0.430731 -0.134430 0.461547 1.570796 -0.173045 0.132905 0.431832 0.302518
0.000000 0.384619 -1.348313 -0.668242 -0.093063 -0.045666 -0.430731 -0.211358 0.384619 1.570796 0.557664 1.437892 0.433192 0.456178
0.000000 0.307691 -1.348313 -0.911463 -0.093063 -0.062287 -0.430731 -0.288287 0.307691 1.570796 -0.249973 0.132905 0.447959 0.589821
0.000000 0.230774 -1.348313 -1.154647 -0.093063 -0.078905 -0.430731 -0.365204 0.230774 1.570796 0.480747 1.437892 0.474881 0.703256
0.000000 0.153845 -1.348313 -1.397868 -0.093063 -0.095526 -0.430731 -0.442132 0.153845 1.570796 -0.326902 0.132905 0.512049 0.798460
0.000000 0.076928 -1.348313 -1.641053 -0.093063 -0.112145 -0.430731 -0.519049 0.076928 1.570796 0.403830 1.437892 0.557409 0.878120
0.029414 0.000000 -1.256239 -1.884274 -0.086708 -0.128766 -0.401317 -0.595977 0.029414 0.000000 -0.374416 -1.437892 0.588714 0.978163
0.058823 0.000000 -1.164179 -1.884274 -0.080354 -0.128766 -0.371907 -0.595977 0.058823 0.000000 0.433240 1.437892 0.569073 1.012895
0.088237 0.000000 -1.072105 -1.884274 -0.073999 -0.128766 -0.342493 -0.595977 0.088237 0.000000 -0.345002 -1.437892 0.550300 1.049206
0.117647 0.000000 -0.980045 -1.884274 -0.067644 -0.128766 -0.313084 -0.595977 0.117647 0.000000 0.462649 1.437892 0.532495 1.087092
0.147060 0.000000 -0.887971 -1.884274 -0.061289 -0.128766 -0.283670 -0.595977 0.147060 0.000000 -0.315589 -1.437892 0.515750 1.126553
0.176470 0.076928 -0.795911 -1.641053 -0.054935 -0.112145 -0.254261 -0.519049 0.192509 0.411092 0.508097 1.848983 0.435689 1.115294
0.205884 0.153845 -0.703837 -1.397868 -0.048580 -0.095526 -0.224847 -0.442132 0.257014 0.641735 -0.251083 -1.207249 0.356681 1.100331
0.235293 0.230774 -0.611777 -1.154647 -0.042226 -0.078905 -0.195437 -0.365204 0.329574 0.775702 0.580657 1.982950 0.279604 1.079428
0.264707 0.230774 -0.519703 -1.154647 -0.035871 -0.078905 -0.166024 -0.365204 0.351178 0.717019 -0.229479 -1.265931 0.259897 1.144119
0.294116 0.230774 -0.427643 -1.154647 -0.029517 -0.078905 -0.136614 -0.365204 0.373846 0.665301 0.603325 1.931232 0.242170 1.212835
0.323530 0.230774 -0.335569 -1.154647 -0.023162 -0.078905 -0.107200 -0.365204 0.397402 0.619596 -0.205923 -1.311636 0.226880 1.285280
0.323530 0.153845 -0.335569 -1.397868 -0.023162 -0.095526 -0.107200 -0.442132 0.358246 0.443873 0.564169 1.755509 0.296913 1.332924
0.352940 0.153845 -0.243509 -1.397868 -0.016807 -0.095526 -0.077791 -0.442132 0.385013 0.411064 -0.179156 -1.344445 0.287605 1.396634
0.382353 0.153845 -0.151435 -1.397868 -0.010452 -0.095526 -0.048377 -0.442132 0.412144 0.382543 0.591300 1.726988 0.281080 1.461812
0.411763 0.153845 -0.059374 -1.397868 -0.004098 -0.095526 -0.018968 -0.442132 0.439565 0.357565 -0.151736 -1.369422 0.277534 1.527922
0.441177 0.230774 0.032700 -1.154647 0.002257 -0.078905 0.010446 -0.365204 0.497889 0.481946 0.649624 1.851368 0.200230 -1.542200
0.470586 0.307691 0.124760 -0.911463 0.008611 -0.062287 0.039856 -0.288287 0.562250 0.579074 -0.087375 -1.272295 0.129334 -1.433417
0.470586 0.384619 0.124760 -0.668242 0.008611 -0.045666 0.039856 -0.211358 0.607769 0.685212 0.695144 1.957507 0.060949 -1.384416
0.470586 0.461547 0.124760 -0.425021 0.008611 -0.029045 0.039856 -0.134430 0.659149 0.775702 -0.035995 -1.181805 0.050380 -1.282573
0.470586 0.538464 0.124760 -0.181836 0.008611 -0.012426 0.039856 -0.057513 0.715119 0.852566 0.751114 2.034372 0.114870 -0.964795
0.441177 0.538464 0.032700 -0.181836 0.002257 -0.012426 0.010446 -0.057513 0.696118 0.884383 -0.054995 -1.149989 0.108239 -1.391124
0.441177 0.615393 0.032700 0.061385 0.002257 0.004195 0.010446 0.019415 0.757196 0.948816 0.812191 2.098805 0.184957 1.077186
0.411763 0.615393 -0.059374 0.061385 -0.004098 0.004195 -0.018968 0.019415 0.740444 0.981107 -0.071747 -1.117698 0.185634 -0.797063
0.382353 0.692309 -0.151435 0.304569 -0.010452 0.020813 -0.048377 0.096332 0.790877 1.066199 0.862624 2.183897 0.266015 -1.105398
0.352940 0.692309 -0.243509 0.304569 -0.016807 0.020813 -0.077791 0.096332 0.777084 1.099339 -0.085541 -1.084558 0.272901 -0.891482
0.323530 0.769238 -0.335569 0.547790 -0.023162 0.037434 -0.107200 0.173261 0.834505 1.172671 0.920046 2.257229 0.355076 -1.016724
0.294116 0.769238 -0.427643 0.547790 -0.029517 0.037434 -0.136614 0.173261 0.823548 1.205599 -0.096498 -1.051629 0.365035 -0.903114
0.264707 0.769238 -0.519703 0.547790 -0.035871 0.037434 -0.166024 0.173261 0.813509 1.239373 0.910007 2.291002 0.377029 -0.806725
0.235293 0.769238 -0.611777 0.547790 -0.042226 0.037434 -0.195437 0.173261 0.804419 1.273955 -0.105588 -1.017047 0.390875 -0.725322
0.205884 0.769238 -0.703837 0.547790 -0.048580 0.037434 -0.224847 0.173261 0.796313 1.309280 0.901901 2.326326 0.406378 -0.656538
0.176470 0.769238 -0.795911 0.547790 -0.054935 0.037434 -0.254261 0.173261 0.789220 1.345290 -0.112681 -0.981037 0.423362 -0.598153
0.147060 0.769238 -0.887971 0.547790 -0.061289 0.037434 -0.283670 0.173261 0.783169 1.381899 0.895850 2.362935 0.441651 -0.548310
0.117647 0.769238 -0.980045 0.547790 -0.067644 0.037434 -0.313084 0.173261 0.778182 1.419033 -0.117668 -0.943902 0.461095 -0.505450
0.088237 0.769238 -1.072105 0.547790 -0.073999 0.037434 -0.342493 0.173261 0.774282 1.456588 0.891950 2.400491 0.481549 -0.468341
0.058823 0.769238 -1.164179 0.547790 -0.080354 0.037434 -0.371907 0.173261 0.771484 1.494475 -0.120466 -0.906015 0.502894 -0.435973
0.029414 0.769238 -1.256239 0.547790 -0.086708 0.037434 -0.401317 0.173261 0.769800 1.532577 0.890266 2.438593 0.525017 -0.407558
0.000000 0.769238 -1.348313 0.547790 -0.093063 0.037434 -0.430731 0.173261 0.769238 1.570796 -0.121028 -0.867796 0.547828 -0.382443
0.029414 0.769238 -1.256239 0.547790 -0.086708 0.037434 -0.401317 0.173261 0.769800 1.532577 0.890828 2.400373 0.525017 -0.407558
0.058823 0.769238 -1.164179 0.547790 -0.080354 0.037434 -0.371907 0.173261 0.771484 1.494475 -0.119345 -0.905898 0.502894 -0.435973
0.088237 0.769238 -1.072105 0.547790 -0.073999 0.037434 -0.342493 0.173261 0.774282 1.456588 0.893627 2.362486 0.481549 -0.468341
0.117647 0.769238 -0.980045 0.547790 -0.067644 0.037434 -0.313084 0.173261 0.778182 1.419033 -0.115444 -0.943453 0.461095 -0.505450
0.176470 0.846155 -0.795911 0.790975 -0.054935 0.054053 -0.254261 0.250178 0.864361 1.365188 0.979805 2.308642 0.487058 -0.777304
0.205884 0.846155 -0.703837 0.790975 -0.048580 0.054053 -0.224847 0.250178 0.870842 1.332118 -0.108963 -0.976524 0.472370 -0.838673
0.294116 0.923083 -0.427643 1.034196 -0.029517 0.070674 -0.136614 0.327106 0.968807 1.262342 1.077770 2.238866 0.510955 -1.175172
0.323530 0.923083 -0.335569 1.034196 -0.023162 0.070674 -0.107200 0.327106 0.978138 1.233686 -0.099632 -1.005180 0.503888 -1.254103
0.382353 1.000000 -0.151435 1.277380 -0.010452 0.087292 -0.048377 0.404023 1.070605 1.205594 1.170236 2.210775 0.571321 -1.451625
0.411763 1.000000 -0.059374 1.277380 -0.004098 0.087292 -0.018968 0.404023 1.081457 1.180191 -0.088780 -1.030584 0.569585 -1.523884
0.470586 1.000000 0.124760 1.277380 0.008611 0.087292 0.039856 0.404023 1.105193 1.130955 1.193973 2.161539 0.570663 1.472468
0.500000 1.000000 0.216834 1.277380 0.014966 0.087292 0.069269 0.404023 1.118034 1.107149 -0.075939 -1.054390 0.573468 1.400998
0.529409 1.000000 0.308894 1.277380 0.021320 0.087292 0.098679 0.404023 1.131492 1.083899 1.207431 2.138289 0.577759 1.331245
0.558823 1.000000 0.400968 1.277380 0.027675 0.087292 0.128093 0.404023 1.145549 1.061204 -0.061881 -1.077085 0.583503 1.263778
0.617647 1.000000 0.585102 1.277380 0.040385 0.087292 0.186916 0.404023 1.175367 1.017502 1.237248 2.094587 0.599170 1.137483
0.647056 1.000000 0.677162 1.277380 0.046739 0.087292 0.216325 0.404023 1.191084 0.996494 -0.046164 -1.098094 0.608986 1.079209
0.676470 1.000000 0.769236 1.277380 0.053094 0.087292 0.245739 0.404023 1.207316 0.976038 1.253480 2.074132 0.620045 1.024346
0.705879 1.000000 0.861296 1.277380 0.059448 0.087292 0.275149 0.404023 1.224037 0.956135 -0.029443 -1.117996 0.632277 0.972921
0.735293 1.000000 0.953370 1.277380 0.065803 0.087292 0.304563 0.404023 1.241232 0.936774 1.270675 2.054770 0.645621 0.924852
0.735293 0.923083 0.953370 1.034196 0.065803 0.070674 0.304563 0.327106 1.180143 0.898155 -0.090531 -1.156615 0.578938 0.821072
0.735293 0.846155 0.953370 0.790975 0.065803 0.054053 0.304563 0.250178 1.120997 0.855385 1.211528 2.012000 0.515107 0.687674
0.735293 0.769238 0.953370 0.547790 0.065803 0.037434 0.304563 0.173261 1.064135 0.807956 -0.147393 -1.204044 0.455352 0.517226
0.735293 0.692309 0.953370 0.304569 0.065803 0.020813 0.304563 0.096332 1.009925 0.755298 1.157318 1.959342 0.401475 0.306340
0.735293 0.615393 0.953370 0.061385 0.065803 0.004195 0.304563 0.019415 0.958835 0.696860 -0.198484 -1.262482 0.356172 0.063662
0.705879 0.538464 0.861296 -0.181836 0.059448 -0.012426 0.275149 -0.057513 0.887811 0.651660 1.086295 1.914143 0.295488 -0.206058
0.705879 0.461547 0.861296 -0.425021 0.059448 -0.029045 0.275149 -0.134430 0.843381 0.579085 -0.242914 -1.335058 0.276869 -0.454463
0.705879 0.384619 0.861296 -0.668242 0.059448 -0.045666 0.275149 -0.211358 0.803864 0.498903 1.046778 1.833961 0.278986 -0.655023
0.705879 0.307691 0.861296 -0.911463 0.059448 -0.062287 0.275149 -0.288287 0.770025 0.411064 -0.276753 -1.422897 0.301406 -0.808712
0.735293 0.230774 0.953370 -1.154647 0.065803 -0.078905 0.304563 -0.365204 0.770657 0.304117 1.047410 1.727013 0.364336 -0.875693
0.764702 0.153845 1.045430 -1.397868 0.072157 -0.095526 0.333972 -0.442132 0.780025 0.198533 -0.267385 -1.528481 0.433823 -0.923869
0.794116 0.153845 1.137504 -1.397868 0.078513 -0.095526 0.363386 -0.442132 0.808881 0.191361 1.076267 1.719841 0.456853 -0.882847
0.823526 0.153845 1.229564 -1.397868 0.084867 -0.095526 0.392795 -0.442132 0.837773 0.184684 -0.238494 -1.535157 0.480576 -0.844421
0.852940 0.153845 1.321638 -1.397868 0.091222 -0.095526 0.422209 -0.442132 0.866703 0.178452 1.105197 1.713609 0.504902 -0.808444
0.882349 0.153845 1.413699 -1.397868 0.097576 -0.095526 0.451618 -0.442132 0.895661 0.172623 -0.209536 -1.540986 0.529740 -0.774784
0.911763 0.153845 1.505773 -1.397868 0.103931 -0.095526 0.481032 -0.442132 0.924651 0.167159 1.134188 1.708145 0.555029 -0.743285
0.941177 0.230774 1.597847 -1.154647 0.110286 -0.078905 0.510446 -0.365204 0.969056 0.240453 -0.165131 -1.467692 0.548213 -0.621026
0.970586 0.307691 1.689907 -0.911463 0.116640 -0.062287 0.539856 -0.288287 1.018190 0.306993 1.183321 1.774685 0.553699 -0.490482
1.000000 0.384619 1.781981 -0.668242 0.122995 -0.045666 0.569269 -0.211358 1.071416 0.367177 -0.111906 -1.407508 0.571134 -0.355505
1.000000 0.461547 1.781981 -0.425021 0.122995 -0.029045 0.569269 -0.134430 1.101375 0.432415 1.213280 1.839923 0.570103 -0.231896
1.000000 0.538464 1.781981 -0.181836 0.122995 -0.012426 0.569269 -0.057513 1.135757 0.493943 -0.077523 -1.345980 0.579374 -0.100688
1.000000 0.615393 1.781981 0.061385 0.122995 0.004195 0.569269 0.019415 1.174184 0.551661 1.251707 1.897641 0.598471 0.034093
0.970586 0.692309 1.689907 0.304569 0.116640 0.020813 0.539856 0.096332 1.192195 0.619590 -0.059512 -1.278051 0.599890 0.176582
0.941177 0.769238 1.597847 0.547790 0.110286 0.037434 0.510446 0.173261 1.215541 0.685210 1.275053 1.963261 0.612489 0.327227
0.911763 0.846155 1.505773 0.790975 0.103931 0.054053 0.481032 0.250178 1.243901 0.748094 -0.031152 -1.215167 0.635586 0.479586
0.882349 0.846155 1.413699 0.790975 0.097576 0.054053 0.451618 0.250178 1.222505 0.764462 1.253657 1.979628 0.613626 0.505877
0.852940 0.846155 1.321638 0.790975 0.091222 0.054053 0.422209 0.250178 1.201451 0.781405 -0.052206 -1.198223 0.592316 0.534919
0.794116 0.923083 1.137504 1.034196 0.078513 0.070674 0.363386 0.327106 1.217663 0.860360 1.269869 2.058584 0.611932 0.732904
0.764702 0.923083 1.045430 1.034196 0.072157 0.070674 0.333972 0.327106 1.198688 0.878964 -0.071182 -1.179620 0.594936 0.775013
0.735293 0.923083 0.953370 1.034196 0.065803 0.070674 0.304563 0.327106 1.180143 0.898155 1.251325 2.077775 0.578938 0.821072
0.705879 1.000000 0.861296 1.277380 0.059448 0.087292 0.275149 0.404023 1.224037 0.956135 -0.027288 -1.121640 0.632277 0.972921
0.676470 1.000000 0.769236 1.277380 0.053094 0.087292 0.245739 0.404023 1.207316 0.976038 1.234604 2.097678 0.620045 1.024346
0.647056 1.000000 0.677162 1.277380 0.046739 0.087292 0.216325 0.404023 1.191084 0.996494 -0.043520 -1.101184 0.608986 1.079209
0.617647 1.000000 0.585102 1.277380 0.040385 0.087292 0.186916 0.404023 1.175367 1.017502 1.218887 2.118686 0.599170 1.137483
