0.187498 0.947373 -0.597265 1.043044 -0.057768 0.092629 -0.213631 0.342553 0.965749 1.375407 0.965749 1.375407 0.586532 -1.013173
0.166667 0.947373 -0.655506 1.043044 -0.063401 0.092629 -0.234463 0.342553 0.961921 1.396653 -0.003827 0.021246 0.594436 -0.970578
0.145832 0.947373 -0.713756 1.043044 -0.069035 0.092629 -0.255298 0.342553 0.958531 1.418062 0.962358 1.396816 0.602958 -0.930323
0.104165 0.894737 -0.830247 0.882774 -0.080302 0.078396 -0.296965 0.289918 0.900780 1.454898 -0.061578 0.058082 0.576052 -0.773392
0.083333 0.789475 -0.888488 0.562258 -0.085935 0.049932 -0.317796 0.184655 0.793860 1.465630 0.855439 1.407548 0.501803 -0.526368
0.041667 0.684212 -1.004978 0.241743 -0.097202 0.021468 -0.359463 0.079392 0.685479 1.509974 -0.169959 0.102426 0.457547 -0.217374
0.020832 0.526322 -1.063228 -0.239019 -0.102836 -0.021226 -0.380298 -0.078498 0.526734 1.531237 0.696693 1.428811 0.400374 0.203553
0.000000 0.315796 -1.121469 -0.880050 -0.108469 -0.078154 -0.401130 -0.289023 0.315796 1.570796 -0.380897 0.141985 0.410106 0.624368
0.020832 0.210525 -1.063228 -1.200590 -0.102836 -0.106620 -0.380298 -0.394294 0.211554 1.472166 0.592450 1.330181 0.425390 0.803465
0.041667 0.052635 -1.004978 -1.681351 -0.097202 -0.149315 -0.359463 -0.552184 0.067131 0.901192 -0.525319 -0.428989 0.500662 0.993730
0.104165 0.000000 -0.830247 -1.841621 -0.080302 -0.163548 -0.296965 -0.604819 0.104165 0.000000 0.629484 0.428989 0.499092 1.114377
0.145832 0.000000 -0.713756 -1.841621 -0.069035 -0.163548 -0.255298 -0.604819 0.145832 0.000000 -0.483653 -0.428989 0.475481 1.171379
0.166667 0.052635 -0.655506 -1.681351 -0.063401 -0.149315 -0.234463 -0.552184 0.174781 0.305899 0.658433 0.734888 0.420025 1.169256
0.208333 0.105263 -0.539016 -1.521105 -0.052134 -0.135084 -0.192796 -0.499557 0.233416 0.467848 -0.425017 -0.267041 0.353140 1.202473
0.229165 0.210525 -0.480775 -1.200590 -0.046501 -0.106620 -0.171965 -0.394294 0.311187 0.743031 0.736205 1.010072 0.256713 1.159534
0.250000 0.263161 -0.422525 -1.040320 -0.040867 -0.092387 -0.151130 -0.341659 0.362979 0.811039 -0.373226 -0.199033 0.204635 1.154330
0.250000 0.315796 -0.422525 -0.880050 -0.040867 -0.078154 -0.151130 -0.289023 0.402774 0.901168 0.776000 1.100200 0.173557 1.088998
0.270832 0.368424 -0.364284 -0.719804 -0.035234 -0.063923 -0.130298 -0.236396 0.457259 0.936893 -0.318741 -0.163307 0.134340 1.067043
0.270832 0.421059 -0.364284 -0.559534 -0.035234 -0.049690 -0.130298 -0.183761 0.500640 0.999205 0.819381 1.162512 0.131813 0.954013
0.250000 0.368424 -0.422525 -0.719804 -0.040867 -0.063923 -0.151130 -0.236396 0.445237 0.974600 -0.374144 -0.187912 0.154628 1.001974
0.250000 0.315796 -0.422525 -0.880050 -0.040867 -0.078154 -0.151130 -0.289023 0.402774 0.901168 0.776919 1.089079 0.173557 1.088998
0.270832 0.210525 -0.364284 -1.200590 -0.035234 -0.106620 -0.130298 -0.394294 0.343032 0.660764 -0.433887 -0.428316 0.230884 1.251635
0.291667 0.105263 -0.306034 -1.521105 -0.029600 -0.135084 -0.109463 -0.499557 0.310080 0.346353 0.743967 0.774669 0.315467 1.355085
0.312498 0.052635 -0.247793 -1.681351 -0.023967 -0.149315 -0.088631 -0.552184 0.316900 0.166868 -0.427067 -0.607801 0.359588 1.411643
0.354165 0.052635 -0.131303 -1.681351 -0.012700 -0.149315 -0.046965 -0.552184 0.358055 0.147538 0.785122 0.755339 0.351645 1.485948
0.395835 0.052635 -0.014803 -1.681351 -0.001432 -0.149315 -0.005295 -0.552184 0.399319 0.132197 -0.385803 -0.623142 0.348535 1.561208
0.437502 0.052635 0.101688 -1.681351 0.009835 -0.149315 0.036372 -0.552184 0.440656 0.119733 0.826459 0.742875 0.350387 -1.505022
0.458333 0.157898 0.159928 -1.360836 0.015468 -0.120851 0.057204 -0.446921 0.484769 0.331771 -0.341690 -0.411104 0.249868 -1.443494
0.500000 0.421059 0.276419 -0.559534 0.026735 -0.049690 0.098870 -0.183761 0.653675 0.699900 0.995365 1.111004 0.100859 -1.077183
0.479168 0.578949 0.218178 -0.078773 0.021102 -0.006996 0.078039 -0.025870 0.751521 0.879420 -0.243843 -0.231584 0.194190 -0.320107
0.395835 0.789475 -0.014803 0.562258 -0.001432 0.049932 -0.005295 0.184655 0.883151 1.106037 1.126994 1.337621 0.388381 -1.542130
0.333333 0.842110 -0.189544 0.722528 -0.018333 0.064165 -0.067796 0.237290 0.905682 1.193889 -0.221312 -0.143732 0.446161 -1.292500
0.250000 0.947373 -0.422525 1.043044 -0.040867 0.092629 -0.151130 0.342553 0.979803 1.312790 1.201116 1.456522 0.566764 -1.155296
0.166667 0.947373 -0.655506 1.043044 -0.063401 0.092629 -0.234463 0.342553 0.961921 1.396653 -0.239194 -0.059869 0.594436 -0.970578
0.104165 1.000000 -0.830247 1.203289 -0.080302 0.106860 -0.296965 0.395181 1.005411 1.467006 1.244605 1.526874 0.668456 -0.926358
0.062498 1.000000 -0.946737 1.203289 -0.091569 0.106860 -0.338631 0.395181 1.001951 1.508379 -0.242654 -0.018495 0.687980 -0.862308
0.000000 1.000000 -1.121469 1.203289 -0.108469 0.106860 -0.401130 0.395181 1.000000 1.570796 1.242654 1.589292 0.720799 -0.777927
0.020832 1.000000 -1.063228 1.203289 -0.102836 0.106860 -0.380298 0.395181 1.000217 1.549968 -0.242437 -0.039324 0.709417 -0.804587
0.083333 1.000000 -0.888488 1.203289 -0.085935 0.106860 -0.317796 0.395181 1.003466 1.487655 1.245903 1.526979 0.677968 -0.893512
0.166667 1.000000 -0.655506 1.203289 -0.063401 0.106860 -0.234463 0.395181 1.013794 1.405648 -0.232109 -0.121332 0.643132 -1.035313
0.270832 1.000000 -0.364284 1.203289 -0.035234 0.106860 -0.130298 0.395181 1.036026 1.306309 1.268135 1.427641 0.612881 -1.252303
0.375000 1.000000 -0.073053 1.203289 -0.007066 0.106860 -0.026130 0.395181 1.068000 1.212026 -0.200135 -0.215615 0.599440 -1.504771
0.500000 1.000000 0.276419 1.203289 0.026735 0.106860 0.098870 0.395181 1.118034 1.107149 1.318169 1.322764 0.606977 1.325639
0.708333 1.000000 0.858873 1.203289 0.083070 0.106860 0.307204 0.395181 1.225453 0.954499 -0.092715 -0.368265 0.673067 0.910004
0.791667 1.000000 1.091854 1.203289 0.105604 0.106860 0.390537 0.395181 1.275436 0.901157 1.368151 1.269422 0.714958 0.791308
0.937502 0.947373 1.499576 1.043044 0.145039 0.092629 0.536372 0.342553 1.332826 0.790635 -0.035325 -0.478787 0.765556 0.568354
0.979168 0.894737 1.616066 0.882774 0.156306 0.078396 0.578039 0.289918 1.326396 0.740372 1.361721 1.219159 0.760116 0.464890
1.000000 0.842110 1.674307 0.722528 0.161939 0.064165 0.598870 0.237290 1.307344 0.699896 -0.054377 -0.519264 0.743713 0.377252
1.000000 0.736847 1.674307 0.402012 0.161939 0.035701 0.598870 0.132028 1.242153 0.635030 1.296529 1.154294 0.686551 0.216990
0.958333 0.631584 1.557817 0.081497 0.150672 0.007237 0.557204 0.026765 1.147738 0.582707 -0.148792 -0.571587 0.602980 0.047998
0.916667 0.578949 1.441326 -0.078773 0.139405 -0.006996 0.515537 -0.025870 1.084186 0.563318 1.232978 1.134904 0.545342 -0.050139
0.833333 0.578949 1.208345 -0.078773 0.116871 -0.006996 0.432204 -0.025870 1.014705 0.607186 -0.218273 -0.527718 0.467354 -0.059786
0.791667 0.578949 1.091854 -0.078773 0.105604 -0.006996 0.390537 -0.025870 0.980774 0.631428 1.199047 1.159146 0.429114 -0.066147
0.770835 0.631584 1.033613 0.081497 0.099971 0.007237 0.369705 0.026765 0.996537 0.686429 -0.202511 -0.472716 0.435650 0.072269
0.770835 0.789475 1.033613 0.562258 0.099971 0.049932 0.369705 0.184655 1.103384 0.797344 1.305895 1.270060 0.536184 0.463220
0.875000 0.894737 1.324835 0.882774 0.128138 0.078396 0.473870 0.289918 1.251471 0.796550 -0.054424 -0.473510 0.684252 0.549057
0.916667 0.894737 1.441326 0.882774 0.139405 0.078396 0.515537 0.289918 1.280950 0.773292 1.335374 1.246802 0.713741 0.512284
0.979168 0.894737 1.616066 0.882774 0.156306 0.078396 0.578039 0.289918 1.326396 0.740372 -0.008978 -0.506430 0.760116 0.464890
1.000000 0.842110 1.674307 0.722528 0.161939 0.064165 0.598870 0.237290 1.307344 0.699896 1.316322 1.206325 0.743713 0.377252
