0.235294 0.699999 -0.623855 0.634454 -0.048869 0.048783 -0.200748 0.200395 0.738486 1.246527 0.738486 1.246527 0.331622 -0.784518
0.215687 0.699999 -0.684784 0.634454 -0.053642 0.048783 -0.220354 0.200395 0.732475 1.271902 -0.006011 0.025375 0.343845 -0.737996
0.196078 0.699999 -0.745723 0.634454 -0.058415 0.048783 -0.239964 0.200395 0.726942 1.297684 0.732953 1.272309 0.356730 -0.695783
0.176472 0.699999 -0.806653 0.634454 -0.063188 0.048783 -0.259570 0.200395 0.721901 1.323839 -0.011053 0.051531 0.370203 -0.657449
0.156863 0.699999 -0.867592 0.634454 -0.067962 0.048783 -0.279179 0.200395 0.717359 1.350349 0.728412 1.298818 0.384206 -0.622572
0.137256 0.666668 -0.928521 0.528929 -0.072735 0.040669 -0.298785 0.167064 0.680651 1.367750 -0.047761 0.068932 0.377441 -0.509836
0.117647 0.633333 -0.989460 0.423387 -0.077508 0.032554 -0.318395 0.133728 0.644167 1.387131 0.691928 1.318199 0.374565 -0.397635
0.078431 0.600002 -1.111329 0.317861 -0.087055 0.024440 -0.357610 0.100398 0.605107 1.440815 -0.086821 0.122616 0.393406 -0.273700
0.058825 0.533336 -1.172259 0.106794 -0.091827 0.008211 -0.377217 0.033731 0.536570 1.460944 0.623391 1.338329 0.389562 -0.089185
0.039216 0.466669 -1.233197 -0.104273 -0.096601 -0.008017 -0.396826 -0.032935 0.468314 1.486960 -0.155077 0.148632 0.398006 0.082806
0.019609 0.400003 -1.294127 -0.315340 -0.101374 -0.024246 -0.416432 -0.099601 0.400483 1.521813 0.555560 1.373181 0.417989 0.234767
0.000000 0.333337 -1.355066 -0.526407 -0.106147 -0.040475 -0.436042 -0.166268 0.333337 1.570796 -0.222224 0.197615 0.447974 0.364292
0.000000 0.266670 -1.355066 -0.737474 -0.106147 -0.056704 -0.436042 -0.232934 0.266670 1.570796 0.488894 1.373181 0.467781 0.490633
0.000000 0.233335 -1.355066 -0.843016 -0.106147 -0.064819 -0.436042 -0.266270 0.233335 1.570796 -0.255559 0.197615 0.480856 0.548215
0.000000 0.166668 -1.355066 -1.054083 -0.106147 -0.081048 -0.436042 -0.332936 0.166668 1.570796 0.422228 1.373181 0.512537 0.652112
0.019609 0.100002 -1.294127 -1.265150 -0.101374 -0.097277 -0.416432 -0.399602 0.101906 1.377164 -0.320321 0.003983 0.535106 0.764777
0.039216 0.066671 -1.233197 -1.370675 -0.096601 -0.105391 -0.396826 -0.432933 0.077349 1.039104 0.397671 1.035121 0.542130 0.828886
0.078431 0.033336 -1.111329 -1.476217 -0.087055 -0.113506 -0.357610 -0.466269 0.085222 0.401897 -0.312449 -0.633224 0.538570 0.916527
0.098041 0.033336 -1.050390 -1.476217 -0.082281 -0.113506 -0.338001 -0.466269 0.103553 0.327756 0.416002 0.960980 0.525754 0.943549
0.156863 0.000000 -0.867592 -1.581758 -0.067962 -0.121621 -0.279179 -0.499604 0.156863 0.000000 -0.259140 -0.960980 0.517758 1.061222
0.176472 0.033336 -0.806653 -1.476217 -0.063188 -0.113506 -0.259570 -0.466269 0.179593 0.186701 0.438732 1.147681 0.479112 1.062827
0.196078 0.033336 -0.745723 -1.476217 -0.058415 -0.113506 -0.239964 -0.466269 0.198892 0.168402 -0.239841 -0.979279 0.468780 1.095500
0.215687 0.066671 -0.684784 -1.370675 -0.053642 -0.105391 -0.220354 -0.432933 0.225757 0.299794 0.465597 1.279073 0.430105 1.099990
0.235294 0.100002 -0.623855 -1.265150 -0.048869 -0.097277 -0.200748 -0.399602 0.255663 0.401878 -0.209935 -0.877195 0.391436 1.105255
0.254903 0.166668 -0.562916 -1.054083 -0.044095 -0.081048 -0.181139 -0.332936 0.304555 0.579077 0.514490 1.456272 0.324612 1.072522
0.274509 0.233335 -0.501986 -0.843016 -0.039322 -0.064819 -0.161532 -0.266270 0.360278 0.704498 -0.154211 -0.751774 0.259196 1.025502
0.274509 0.266670 -0.501986 -0.737474 -0.039322 -0.056704 -0.161532 -0.232934 0.382712 0.770914 0.536923 1.522688 0.234050 0.964468
0.274509 0.300001 -0.501986 -0.631948 -0.039322 -0.048590 -0.161532 -0.199603 0.406640 0.829740 -0.130284 -0.692948 0.211187 0.890430
0.294119 0.266670 -0.441047 -0.737474 -0.034549 -0.056704 -0.141923 -0.232934 0.397012 0.736491 0.527296 1.429439 0.220972 1.023578
0.294119 0.233335 -0.441047 -0.843016 -0.034549 -0.064819 -0.141923 -0.266270 0.375434 0.670664 -0.151862 -0.758775 0.247452 1.081095
0.313725 0.200004 -0.380118 -0.948541 -0.029776 -0.072933 -0.122317 -0.299600 0.372055 0.567547 0.523917 1.326323 0.265848 1.183184
0.313725 0.166668 -0.380118 -1.054083 -0.029776 -0.081048 -0.122317 -0.332936 0.355249 0.488339 -0.168668 -0.837984 0.295843 1.218716
0.333334 0.133338 -0.319179 -1.159608 -0.025002 -0.089162 -0.102707 -0.366267 0.359014 0.380517 0.527682 1.218501 0.319654 1.297401
0.352941 0.100002 -0.258249 -1.265150 -0.020230 -0.097277 -0.083101 -0.399602 0.366834 0.276103 -0.160847 -0.942398 0.346162 1.365759
0.372550 0.066671 -0.197310 -1.370675 -0.015456 -0.105391 -0.063492 -0.432933 0.378469 0.177085 0.539316 1.119483 0.374787 1.425179
0.392156 0.066671 -0.136381 -1.370675 -0.010683 -0.105391 -0.043885 -0.432933 0.397783 0.168402 -0.141532 -0.951081 0.371968 1.469774
0.450981 0.033336 0.046427 -1.476217 0.003637 -0.113506 0.014940 -0.466269 0.452212 0.073784 0.593744 1.024865 0.402983 -1.538767
0.470590 0.033336 0.107366 -1.476217 0.008410 -0.113506 0.034549 -0.466269 0.471770 0.070720 -0.121974 -0.954145 0.404185 -1.496835
0.490197 0.066671 0.168295 -1.370675 0.013183 -0.105391 0.054155 -0.432933 0.494710 0.135180 0.616684 1.089325 0.373319 -1.446354
0.509806 0.066671 0.229234 -1.370675 0.017957 -0.105391 0.073764 -0.432933 0.514147 0.130040 -0.102537 -0.959285 0.376664 -1.402034
0.529412 0.100002 0.290164 -1.265150 0.022730 -0.097277 0.093371 -0.399602 0.538774 0.186693 0.641312 1.145978 0.348770 -1.341255
0.549022 0.166668 0.351103 -1.054083 0.027503 -0.081048 0.112980 -0.332936 0.573762 0.294732 -0.067549 -0.851246 0.292107 -1.243645
0.549022 0.200004 0.351103 -0.948541 0.027503 -0.072933 0.112980 -0.299600 0.584317 0.349350 0.651866 1.200596 0.261684 -1.210183
0.549022 0.366667 0.351103 -0.420881 0.027503 -0.032361 0.112980 -0.132937 0.660204 0.588825 0.008338 -0.611770 0.132579 -0.866374
0.529412 0.433334 0.290164 -0.209814 0.022730 -0.016133 0.093371 -0.066271 0.684146 0.685931 0.675808 1.297701 0.093410 -0.617245
0.509806 0.500000 0.229234 0.001253 0.017957 0.000096 0.073764 0.000396 0.714074 0.775688 0.038267 -0.522014 0.097631 0.005365
0.470590 0.600002 0.107366 0.317861 0.008410 0.024440 0.034549 0.100398 0.762534 0.905693 0.724267 1.427707 0.167561 1.239370
0.392156 0.699999 -0.136381 0.634454 -0.010683 0.048783 -0.043885 0.200395 0.802362 1.060137 0.078095 -0.367569 0.267581 -1.355205
0.352941 0.733335 -0.258249 0.739996 -0.020230 0.056898 -0.083101 0.233730 0.813847 1.122235 0.735752 1.489804 0.308689 -1.229193
0.313725 0.733335 -0.380118 0.739996 -0.029776 0.056898 -0.122317 0.233730 0.797623 1.166551 0.061871 -0.323253 0.321472 -1.088664
0.274509 0.766665 -0.501986 0.845521 -0.039322 0.065012 -0.161532 0.267061 0.814329 1.226962 0.752457 1.550215 0.367974 -1.026817
0.215687 0.766665 -0.684784 0.845521 -0.053642 0.065012 -0.220354 0.267061 0.796428 1.296553 0.043970 -0.253662 0.397326 -0.880932
0.196078 0.766665 -0.745723 0.845521 -0.058415 0.065012 -0.239964 0.267061 0.791342 1.320409 0.747372 1.574071 0.408527 -0.838792
0.176472 0.800001 -0.806653 0.951063 -0.063188 0.073127 -0.259570 0.300397 0.819234 1.353684 0.071862 -0.220388 0.447038 -0.858179
0.156863 0.800001 -0.867592 0.951063 -0.067962 0.073127 -0.279179 0.300397 0.815235 1.377175 0.743373 1.597562 0.458702 -0.821991
0.176472 0.800001 -0.806653 0.951063 -0.063188 0.073127 -0.259570 0.300397 0.819234 1.353684 0.075861 -0.243879 0.447038 -0.858179
0.196078 0.800001 -0.745723 0.951063 -0.058415 0.073127 -0.239964 0.300397 0.823680 1.330437 0.747819 1.574316 0.435946 -0.896774
0.313725 0.833332 -0.380118 1.056588 -0.029776 0.081241 -0.122317 0.333727 0.890430 1.210737 0.142611 -0.363579 0.415693 -1.219484
0.411766 0.866667 -0.075442 1.162130 -0.005910 0.089356 -0.024276 0.367063 0.959512 1.127255 0.816901 1.490834 0.431309 -1.504756
0.490197 0.866667 0.168295 1.162130 0.013183 0.089356 0.054155 0.367063 0.995693 1.056047 0.178792 -0.434788 0.434018 1.424317
0.588237 0.899998 0.472971 1.267655 0.037050 0.097470 0.152196 0.400394 1.075184 0.991896 0.896391 1.426683 0.488282 1.207549
0.666669 0.933334 0.716708 1.373197 0.056142 0.105585 0.230627 0.433729 1.146978 0.950546 0.250587 -0.476138 0.548168 1.082088
0.725491 0.933334 0.899507 1.373197 0.070462 0.105585 0.289449 0.433729 1.182137 0.910044 0.931550 1.386182 0.575396 0.982321
0.803922 0.966664 1.143244 1.478722 0.089555 0.113698 0.367880 0.467060 1.257271 0.877055 0.325721 -0.509126 0.645675 0.903631
0.823531 0.966664 1.204183 1.478722 0.094328 0.113698 0.387489 0.467060 1.269899 0.865182 0.944178 1.374309 0.657045 0.878244
0.843137 0.966664 1.265112 1.478722 0.099101 0.113698 0.407096 0.467060 1.282701 0.853547 0.338522 -0.520762 0.668795 0.853888
0.843137 0.933334 1.265112 1.373197 0.099101 0.105585 0.407096 0.433729 1.257773 0.836127 0.919250 1.356889 0.642671 0.817063
0.843137 0.899998 1.265112 1.267655 0.099101 0.097470 0.407096 0.400394 1.233239 0.818006 0.313988 -0.538883 0.617238 0.777098
0.843137 0.833332 1.265112 1.056588 0.099101 0.081241 0.407096 0.333727 1.185463 0.779549 0.871475 1.318432 0.568829 0.686684
0.843137 0.766665 1.265112 0.845521 0.099101 0.065012 0.407096 0.267061 1.139586 0.737930 0.268111 -0.580502 0.524442 0.580592
0.843137 0.666668 1.265112 0.528929 0.099101 0.040669 0.407096 0.167064 1.074862 0.669044 0.806750 1.249546 0.467884 0.389423
0.843137 0.600002 1.265112 0.317861 0.099101 0.024440 0.407096 0.100398 1.034835 0.618489 0.228084 -0.631058 0.438874 0.241794
0.882353 0.533336 1.386981 0.106794 0.108647 0.008211 0.446311 0.033731 1.031016 0.543683 0.802932 1.174741 0.456793 0.075435
0.901962 0.500000 1.447920 0.001253 0.113421 0.000096 0.465921 0.000396 1.031279 0.506174 0.228347 -0.668566 0.470290 0.000849
0.941178 0.466669 1.569788 -0.104273 0.122967 -0.008017 0.505136 -0.032935 1.050522 0.460310 0.822175 1.128877 0.506064 -0.065108
0.980394 0.500000 1.691657 0.001253 0.132514 0.000096 0.544352 0.000396 1.100532 0.471615 0.278358 -0.657262 0.548096 0.000727
1.000000 0.533336 1.752587 0.106794 0.137287 0.008211 0.563958 0.033731 1.133334 0.489959 0.854977 1.147221 0.572289 0.059741
1.000000 0.566666 1.752587 0.212320 0.137287 0.016325 0.563958 0.067062 1.149396 0.515549 0.294419 -0.631672 0.578888 0.118357
1.000000 0.699999 1.752587 0.634454 0.137287 0.048783 0.563958 0.200395 1.220655 0.610725 0.926236 1.242397 0.622674 0.341421
1.000000 0.766665 1.752587 0.845521 0.137287 0.065012 0.563958 0.267061 1.260070 0.654082 0.333834 -0.588315 0.653729 0.442263
0.980394 0.866667 1.691657 1.162130 0.132514 0.089356 0.544352 0.367063 1.308543 0.723904 0.974709 1.312220 0.694088 0.593277
0.941178 0.933334 1.569788 1.373197 0.122967 0.105585 0.505136 0.433729 1.325492 0.781213 0.350783 -0.531006 0.708846 0.709488
0.921569 0.966664 1.508849 1.478722 0.118194 0.113698 0.485527 0.467060 1.335563 0.809276 0.984780 1.340282 0.719234 0.766014
0.901962 1.000000 1.447920 1.584264 0.113421 0.121813 0.465921 0.500396 1.346676 0.836898 0.361896 -0.503384 0.731527 0.821060
