0.217391 0.718749 -0.673435 0.669152 -0.056374 0.052477 -0.231508 0.215503 0.750905 1.277086 0.750905 1.277086 0.355549 -0.749609
0.195651 0.718749 -0.736677 0.669152 -0.061669 0.052477 -0.253248 0.215503 0.744902 1.305026 -0.006003 0.027940 0.370073 -0.705048
0.173913 0.718749 -0.799910 0.669152 -0.066962 0.052477 -0.274986 0.215503 0.739490 1.333393 0.745494 1.305453 0.385274 -0.664715
0.130435 0.656249 -0.926384 0.475086 -0.077549 0.037258 -0.318464 0.153003 0.669086 1.374595 -0.076407 0.069142 0.380018 -0.447878
0.086957 0.593750 -1.052859 0.281020 -0.088137 0.022039 -0.361942 0.090503 0.600083 1.425377 0.676491 1.356235 0.389851 -0.245025
0.065216 0.499998 -1.116101 -0.010087 -0.093431 -0.000791 -0.383683 -0.003249 0.504233 1.441096 -0.172258 0.084862 0.387071 0.008466
0.043478 0.437498 -1.179333 -0.204153 -0.098724 -0.016010 -0.405421 -0.065748 0.439653 1.471742 0.611911 1.386881 0.405581 0.160773
0.021737 0.343751 -1.242575 -0.495245 -0.104018 -0.038839 -0.427161 -0.159495 0.344437 1.507644 -0.267474 0.120764 0.439912 0.357354
0.000000 0.281251 -1.305808 -0.689311 -0.109312 -0.054058 -0.448899 -0.221995 0.281251 1.570796 0.548725 1.450033 0.479183 0.459264
0.000000 0.218751 -1.305808 -0.883377 -0.109312 -0.069277 -0.448899 -0.284495 0.218751 1.570796 -0.329973 0.120764 0.504458 0.564875
0.000000 0.124999 -1.305808 -1.174483 -0.109312 -0.092107 -0.448899 -0.378247 0.124999 1.570796 0.454973 1.450033 0.553553 0.700188
0.021737 0.093752 -1.242575 -1.271509 -0.104018 -0.099716 -0.427161 -0.409494 0.096239 1.342960 -0.358734 -0.107072 0.555514 0.764285
0.043478 0.031252 -1.179333 -1.465575 -0.098724 -0.114935 -0.405421 -0.471994 0.053545 0.623233 0.412279 0.730305 0.582061 0.861127
0.086957 0.000000 -1.052859 -1.562616 -0.088137 -0.122546 -0.361942 -0.503246 0.086957 0.000000 -0.325322 -0.730305 0.576639 0.947290
0.108694 0.000000 -0.989626 -1.562616 -0.082843 -0.122546 -0.340205 -0.503246 0.108694 0.000000 0.434016 0.730305 0.563249 0.976346
0.152172 0.000000 -0.863152 -1.562616 -0.072256 -0.122546 -0.296727 -0.503246 0.152172 0.000000 -0.281844 -0.730305 0.538105 1.038040
0.173913 0.000000 -0.799910 -1.562616 -0.066962 -0.122546 -0.274986 -0.503246 0.173913 0.000000 0.455757 0.730305 0.526429 1.070703
0.239129 0.062500 -0.610203 -1.368550 -0.051081 -0.107326 -0.209770 -0.440746 0.247161 0.255645 -0.208595 -0.474660 0.439668 1.126579
0.260870 0.124999 -0.546961 -1.174483 -0.045787 -0.092107 -0.188029 -0.378247 0.289271 0.446841 0.497867 0.921500 0.374521 1.109465
0.282607 0.156252 -0.483728 -1.077443 -0.040494 -0.084497 -0.166292 -0.346995 0.322926 0.505062 -0.174940 -0.416438 0.336594 1.123899
0.304348 0.187499 -0.420486 -0.980417 -0.035200 -0.076888 -0.144551 -0.315747 0.357468 0.552151 0.532409 0.968589 0.298705 1.141469
0.326085 0.218751 -0.357254 -0.883377 -0.029906 -0.069277 -0.122814 -0.284495 0.392662 0.590887 -0.139746 -0.377702 0.260866 1.163273
0.326085 0.249999 -0.357254 -0.786351 -0.029906 -0.061668 -0.122814 -0.253247 0.410891 0.654083 0.550637 1.031785 0.233761 1.119257
0.326085 0.281251 -0.357254 -0.689311 -0.029906 -0.054058 -0.122814 -0.221995 0.430620 0.711711 -0.120017 -0.320075 0.207820 1.065479
0.347826 0.281251 -0.294012 -0.689311 -0.024612 -0.054058 -0.101073 -0.221995 0.447309 0.679961 0.567325 1.000035 0.195759 1.143550
0.347826 0.249999 -0.294012 -0.786351 -0.024612 -0.061668 -0.101073 -0.253247 0.428348 0.623197 -0.138977 -0.376838 0.223107 1.191060
0.369564 0.218751 -0.230780 -0.883377 -0.019319 -0.069277 -0.079335 -0.284495 0.429452 0.534456 0.568429 0.911294 0.243438 1.298842
0.369564 0.187499 -0.230780 -0.980417 -0.019319 -0.076888 -0.079335 -0.315747 0.414407 0.469513 -0.154022 -0.441781 0.273174 1.324630
0.391304 0.156252 -0.167538 -1.077443 -0.014025 -0.084497 -0.057595 -0.346995 0.421347 0.379911 0.575370 0.821693 0.298261 1.406315
0.413042 0.124999 -0.104305 -1.174483 -0.008732 -0.092107 -0.035857 -0.378247 0.431542 0.293869 -0.143828 -0.527824 0.325878 1.476281
0.456520 0.062500 0.022169 -1.368550 0.001856 -0.107326 0.007621 -0.440746 0.460778 0.136059 0.604606 0.663882 0.386474 -1.553506
0.500002 0.031252 0.148653 -1.465575 0.012444 -0.114935 0.051103 -0.471994 0.500977 0.062423 -0.103629 -0.601459 0.420761 -1.462946
0.521739 0.031252 0.211886 -1.465575 0.017737 -0.114935 0.072840 -0.471994 0.522674 0.059829 0.626303 0.661288 0.423951 -1.417680
0.565217 0.031252 0.338360 -1.465575 0.028325 -0.114935 0.116319 -0.471994 0.566081 0.055236 -0.060222 -0.606052 0.433542 -1.329170
0.586958 0.031252 0.401602 -1.465575 0.033619 -0.114935 0.138059 -0.471994 0.587790 0.053194 0.648012 0.659246 0.439874 -1.286232
0.608696 0.062500 0.464835 -1.368550 0.038912 -0.107326 0.159797 -0.440746 0.611896 0.102320 -0.036116 -0.556926 0.418138 -1.222977
0.630436 0.124999 0.528077 -1.174483 0.044206 -0.092107 0.181538 -0.378247 0.642709 0.195736 0.678825 0.752662 0.371304 -1.123321
0.630436 0.249999 0.528077 -0.786351 0.044206 -0.061668 0.181538 -0.253247 0.678196 0.377528 -0.000629 -0.375134 0.269290 -0.948858
0.608696 0.312499 0.464835 -0.592285 0.038912 -0.046449 0.159797 -0.190748 0.684226 0.474302 0.684856 0.849437 0.210095 -0.873463
0.586958 0.406250 0.401602 -0.301179 0.033619 -0.023619 0.138059 -0.096996 0.713834 0.605423 0.028978 -0.244013 0.144497 -0.612446
0.543480 0.499998 0.275128 -0.010087 0.023031 -0.000791 0.094581 -0.003249 0.738490 0.743752 0.709512 0.987765 0.107502 -0.034333
0.478261 0.593750 0.085411 0.281020 0.007150 0.022039 0.029362 0.090503 0.762412 0.892715 0.052900 -0.095050 0.147797 1.257080
0.434783 0.687497 -0.041063 0.572111 -0.003437 0.044867 -0.014116 0.184251 0.813442 1.006883 0.760542 1.101933 0.239015 -1.494331
0.282607 0.812496 -0.483728 0.960244 -0.040494 0.075306 -0.166292 0.309250 0.860242 1.236060 0.099700 0.134127 0.399820 -1.077425
0.217391 0.843748 -0.673435 1.057284 -0.056374 0.082916 -0.231508 0.340502 0.871304 1.318631 0.771603 1.184505 0.457714 -0.973688
0.173913 0.843748 -0.799910 1.057284 -0.066962 0.082916 -0.274986 0.340502 0.861485 1.367524 0.089882 0.183019 0.481169 -0.891445
0.108694 0.843748 -0.989626 1.057284 -0.082843 0.082916 -0.340205 0.340502 0.850721 1.442679 0.760839 1.259660 0.521196 -0.785835
0.065216 0.843748 -1.116101 1.057284 -0.093431 0.082916 -0.383683 0.340502 0.846265 1.493657 0.085426 0.233997 0.550562 -0.725842
0.043478 0.843748 -1.179333 1.057284 -0.098724 0.082916 -0.405421 0.340502 0.844868 1.519312 0.759442 1.285315 0.565926 -0.698586
0.021737 0.812496 -1.242575 0.960244 -0.104018 0.075306 -0.427161 0.309250 0.812787 1.544049 0.053345 0.258733 0.560954 -0.626630
0.065216 0.812496 -1.116101 0.960244 -0.093431 0.075306 -0.383683 0.309250 0.815109 1.490702 0.761764 1.231969 0.528598 -0.678391
0.130435 0.843748 -0.926384 1.057284 -0.077549 0.082916 -0.318464 0.340502 0.853771 1.417421 0.092007 0.185452 0.507273 -0.818829
0.304348 0.906248 -0.420486 1.251350 -0.035200 0.098135 -0.144551 0.403002 0.955988 1.246798 0.863981 1.061346 0.479649 -1.226405
0.413042 0.937500 -0.104305 1.348390 -0.008732 0.105745 -0.035857 0.434254 1.024456 1.155805 0.160475 0.094459 0.489915 -1.488412
0.500002 0.937500 0.148653 1.348390 0.012444 0.105745 0.051103 0.434254 1.062501 1.080838 0.902026 0.986378 0.491267 1.453656
0.652174 0.968748 0.591309 1.445416 0.049500 0.113354 0.203275 0.465502 1.167820 0.978275 0.265794 -0.008103 0.558179 1.159075
0.717393 0.968748 0.781026 1.445416 0.065381 0.113354 0.268494 0.465502 1.205456 0.933380 0.939663 0.941483 0.585091 1.047622
0.804349 1.000000 1.033975 1.542457 0.086556 0.120965 0.355451 0.496754 1.283346 0.893409 0.343684 -0.048074 0.655788 0.949712
0.847828 1.000000 1.160449 1.542457 0.097143 0.120965 0.398929 0.496754 1.311035 0.867565 0.967351 0.915639 0.680336 0.894185
0.869565 1.000000 1.223682 1.542457 0.102437 0.120965 0.420666 0.496754 1.325196 0.855053 0.357845 -0.060586 0.693306 0.868145
0.891306 1.000000 1.286924 1.542457 0.107731 0.120965 0.442407 0.496754 1.339562 0.842805 0.981717 0.903391 0.706708 0.843201
0.891306 0.968748 1.286924 1.445416 0.107731 0.113354 0.442407 0.465502 1.316396 0.827008 0.334679 -0.076383 0.682618 0.810830
0.847828 0.875001 1.160449 1.154324 0.097143 0.090526 0.398929 0.371754 1.218375 0.801169 0.883696 0.877552 0.583701 0.750153
0.826087 0.812496 1.097207 0.960244 0.091849 0.075306 0.377188 0.309250 1.158693 0.777104 0.274997 -0.100448 0.523902 0.686748
0.826087 0.718749 1.097207 0.669152 0.091849 0.052477 0.377188 0.215503 1.094998 0.716028 0.820001 0.816476 0.463778 0.519080
0.826087 0.656249 1.097207 0.475086 0.091849 0.037258 0.377188 0.153003 1.055027 0.671321 0.235027 -0.145154 0.430424 0.385360
0.826087 0.593750 1.097207 0.281020 0.091849 0.022039 0.377188 0.090503 1.017329 0.623199 0.782302 0.768353 0.404045 0.235490
0.847828 0.499998 1.160449 -0.010087 0.097143 -0.000791 0.398929 -0.003249 0.984281 0.532841 0.201979 -0.235512 0.402188 -0.008143
0.891306 0.468750 1.286924 -0.107113 0.107731 -0.008400 0.442407 -0.034496 1.007052 0.484163 0.805073 0.719676 0.442852 -0.077816
0.934784 0.468750 1.413398 -0.107113 0.118318 -0.008400 0.485885 -0.034496 1.045729 0.464809 0.240656 -0.254866 0.486291 -0.070877
0.978263 0.468750 1.539873 -0.107113 0.128906 -0.008400 0.529364 -0.034496 1.084769 0.446842 0.844113 0.701708 0.529736 -0.065073
1.000000 0.593750 1.603105 0.281020 0.134199 0.022039 0.551101 0.090503 1.162987 0.535811 0.318874 -0.165897 0.569819 0.162770
1.000000 0.687497 1.603105 0.572111 0.134199 0.044867 0.551101 0.184251 1.213529 0.602285 0.894655 0.768183 0.600534 0.322649
0.978263 0.781249 1.539873 0.863218 0.128906 0.067696 0.529364 0.278003 1.251937 0.673892 0.357282 -0.094291 0.625046 0.483575
0.956522 0.906248 1.476631 1.251350 0.123611 0.098135 0.507623 0.403002 1.317657 0.758416 0.960375 0.852707 0.683264 0.671011
0.934784 0.968748 1.413398 1.445416 0.118318 0.113354 0.485885 0.465502 1.346215 0.803239 0.385840 -0.049468 0.711567 0.763976
0.913043 1.000000 1.350156 1.542457 0.113024 0.120965 0.464145 0.496754 1.354123 0.830821 0.968283 0.880290 0.720516 0.819321
