0.229165 0.814813 -0.621344 0.911222 -0.057724 0.077546 -0.215822 0.289931 0.846425 1.296630 0.846425 1.296630 0.428194 -0.930895
0.250000 0.814813 -0.561361 0.911222 -0.052152 0.077546 -0.194987 0.289931 0.852302 1.273095 0.005877 -0.023535 0.418080 -0.978746
0.229165 0.814813 -0.621344 0.911222 -0.057724 0.077546 -0.215822 0.289931 0.846425 1.296630 0.840549 1.320165 0.428194 -0.930895
0.166667 0.777773 -0.801275 0.794810 -0.074440 0.067639 -0.278320 0.252891 0.795430 1.359702 -0.045119 0.039537 0.433830 -0.737565
0.145832 0.740739 -0.861258 0.678415 -0.080013 0.057734 -0.299155 0.215857 0.754957 1.376409 0.800076 1.336872 0.420670 -0.625047
0.104165 0.703699 -0.981215 0.562004 -0.091157 0.047827 -0.340822 0.178817 0.711367 1.423838 -0.088710 0.086967 0.427892 -0.483184
0.041667 0.518517 -1.161146 -0.020003 -0.107873 -0.001702 -0.403320 -0.006365 0.520188 1.490611 0.608898 1.403645 0.409968 0.015779
0.020832 0.444443 -1.221129 -0.252810 -0.113446 -0.021514 -0.424155 -0.080438 0.444931 1.523959 -0.163967 0.120314 0.424155 0.187418
0.000000 0.296295 -1.281103 -0.718422 -0.119018 -0.061138 -0.444987 -0.228586 0.296295 1.570796 0.460262 1.450482 0.469172 0.474541
0.000000 0.148148 -1.281103 -1.184035 -0.119018 -0.100762 -0.444987 -0.376734 0.148148 1.570796 -0.312115 0.120314 0.534908 0.702528
0.041667 0.074074 -1.161146 -1.416841 -0.107873 -0.120574 -0.403320 -0.450808 0.084989 1.058406 0.397103 0.938091 0.547945 0.840939
0.062498 0.037034 -1.101172 -1.533253 -0.102301 -0.130481 -0.382488 -0.487848 0.072647 0.534932 -0.324456 -0.403159 0.559216 0.905868
0.125000 0.000000 -0.921232 -1.649647 -0.085585 -0.140386 -0.319987 -0.524882 0.125000 0.000000 0.449456 0.403159 0.548092 1.023322
0.145832 0.000000 -0.861258 -1.649647 -0.080013 -0.140386 -0.299155 -0.524882 0.145832 0.000000 -0.303624 -0.403159 0.536197 1.052767
0.229165 0.037034 -0.621344 -1.533253 -0.057724 -0.130481 -0.215822 -0.487848 0.232138 0.160219 0.535763 0.563379 0.461524 1.154284
0.270832 0.111108 -0.501387 -1.300447 -0.046580 -0.110669 -0.174155 -0.413774 0.292737 0.389309 -0.243026 -0.174070 0.376570 1.172408
0.291667 0.185182 -0.441404 -1.067640 -0.041007 -0.090857 -0.153320 -0.339700 0.345488 0.565693 0.588514 0.739763 0.301671 1.146829
0.312498 0.259256 -0.381430 -0.834834 -0.035436 -0.071045 -0.132488 -0.265626 0.406040 0.692544 -0.182473 -0.047219 0.228143 1.108127
0.312498 0.333330 -0.381430 -0.602028 -0.035436 -0.051233 -0.132488 -0.191552 0.456907 0.817642 0.639380 0.864861 0.173264 0.965692
0.312498 0.370369 -0.381430 -0.485616 -0.035436 -0.041326 -0.132488 -0.154512 0.484591 0.869943 -0.154789 0.005082 0.152056 0.861986
0.312498 0.333330 -0.381430 -0.602028 -0.035436 -0.051233 -0.132488 -0.191552 0.456907 0.817642 0.611696 0.812560 0.173264 0.965692
0.312498 0.259256 -0.381430 -0.834834 -0.035436 -0.071045 -0.132488 -0.265626 0.406040 0.692544 -0.205655 -0.120016 0.228143 1.108127
0.312498 0.222222 -0.381430 -0.951228 -0.035436 -0.080950 -0.132488 -0.302660 0.383455 0.618145 0.589110 0.738161 0.259186 1.158179
0.312498 0.148148 -0.381430 -1.184035 -0.035436 -0.100762 -0.132488 -0.376734 0.345837 0.442693 -0.243274 -0.295468 0.325064 1.232629
0.333333 0.111108 -0.321447 -1.300447 -0.029863 -0.110669 -0.111653 -0.413774 0.351363 0.321742 0.594637 0.617210 0.352053 1.307232
0.375000 0.037034 -0.201490 -1.533253 -0.018719 -0.130481 -0.069987 -0.487848 0.376824 0.098439 -0.217813 -0.518771 0.413912 1.428308
0.416667 0.000000 -0.081533 -1.649647 -0.007575 -0.140386 -0.028320 -0.524882 0.416667 0.000000 0.634479 0.518771 0.445887 1.516893
0.458333 0.000000 0.038424 -1.649647 0.003570 -0.140386 0.013347 -0.524882 0.458333 0.000000 -0.176146 -0.518771 0.445187 -1.545374
0.500000 0.000000 0.158381 -1.649647 0.014714 -0.140386 0.055013 -0.524882 0.500000 0.000000 0.676146 0.518771 0.448375 -1.466367
0.541667 0.000000 0.278338 -1.649647 0.025858 -0.140386 0.096680 -0.524882 0.541667 0.000000 -0.134479 -0.518771 0.455368 -1.388644
0.562502 0.074074 0.338321 -1.416841 0.031431 -0.120574 0.117515 -0.450808 0.567358 0.130933 0.701837 0.649704 0.389084 -1.315795
0.583333 0.222222 0.398295 -0.951228 0.037003 -0.080950 0.138347 -0.302660 0.624228 0.363978 -0.077609 -0.285726 0.262229 -1.142052
0.583333 0.296295 0.398295 -0.718422 0.037003 -0.061138 0.138347 -0.228586 0.654270 0.469976 0.731879 0.755702 0.203098 -1.026542
0.541667 0.481477 0.278338 -0.136415 0.025858 -0.011609 0.096680 -0.043404 0.724723 0.726638 -0.007156 -0.029064 0.103337 -0.421980
0.479165 0.666665 0.098398 0.445609 0.009141 0.037922 0.034178 0.141783 0.821000 0.947597 0.828156 0.976661 0.224297 1.334249
0.416667 0.777773 -0.081533 0.794810 -0.007575 0.067639 -0.028320 0.252891 0.882350 1.078984 0.054194 0.102324 0.333989 -1.459275
0.312498 0.888886 -0.381430 1.144028 -0.035436 0.097358 -0.132488 0.364005 0.942218 1.232731 0.888024 1.130407 0.463249 -1.221727
0.208333 0.925921 -0.681318 1.260422 -0.063296 0.107263 -0.236653 0.401039 0.949069 1.349481 0.061045 0.219073 0.536006 -1.037687
0.125000 0.925921 -0.921232 1.260422 -0.085585 0.107263 -0.319987 0.401039 0.934320 1.436607 0.873275 1.217534 0.577658 -0.897340
0.062498 0.888886 -1.101172 1.144028 -0.102301 0.097358 -0.382488 0.364005 0.891081 1.500601 0.017806 0.283067 0.585956 -0.760643
0.041667 0.888886 -1.161146 1.144028 -0.107873 0.097358 -0.403320 0.364005 0.889862 1.523955 0.872057 1.240888 0.599762 -0.734206
0.083333 0.888886 -1.041189 1.144028 -0.096729 0.097358 -0.361653 0.364005 0.892784 1.477319 0.020727 0.236431 0.572573 -0.788638
0.125000 0.888886 -0.921232 1.144028 -0.085585 0.097358 -0.319987 0.364005 0.897632 1.431087 0.876905 1.194656 0.547210 -0.849664
0.250000 0.888886 -0.561361 1.144028 -0.052152 0.097358 -0.194987 0.364005 0.923374 1.296628 0.046469 0.101972 0.484837 -1.079021
0.395832 0.888886 -0.141516 1.144028 -0.013147 0.097358 -0.049155 0.364005 0.973037 1.151848 0.926569 1.049876 0.446613 -1.436569
0.562502 0.925921 0.338321 1.260422 0.031431 0.107263 0.117515 0.401039 1.083391 1.024877 0.156823 -0.024999 0.495083 1.285750
0.729168 0.925921 0.818149 1.260422 0.076008 0.107263 0.284181 0.401039 1.178565 0.903720 1.021742 0.928719 0.558620 0.954313
0.770835 0.962960 0.938106 1.376834 0.087152 0.117170 0.325848 0.438079 1.233482 0.895760 0.211740 -0.032959 0.611942 0.931267
0.854168 0.962960 1.178020 1.376834 0.109441 0.117170 0.409181 0.438079 1.287205 0.845197 1.075464 0.878156 0.660095 0.819492
0.916667 1.000000 1.357951 1.493246 0.126157 0.127077 0.471680 0.475118 1.356568 0.828849 0.281104 -0.049307 0.728369 0.789030
0.895835 0.962960 1.297977 1.376834 0.120585 0.117170 0.450848 0.438079 1.315223 0.821495 1.034120 0.870802 0.686703 0.771034
0.833333 0.814813 1.118037 0.911222 0.103868 0.077546 0.388347 0.289931 1.165489 0.774161 0.131369 -0.096641 0.536269 0.641307
0.833333 0.740739 1.118037 0.678415 0.103868 0.057734 0.388347 0.215857 1.114961 0.726641 0.983592 0.823282 0.488142 0.507313
0.812502 0.629625 1.058063 0.329197 0.098297 0.028015 0.367515 0.104743 1.027904 0.659261 0.044312 -0.164020 0.411289 0.277643
0.812502 0.555551 1.058063 0.096391 0.098297 0.008203 0.367515 0.030670 0.984274 0.599739 0.939962 0.763760 0.383786 0.083258
0.875000 0.444443 1.237994 -0.252810 0.115013 -0.021514 0.430013 -0.080438 0.981404 0.469976 0.041442 -0.293784 0.430014 -0.184923
0.895835 0.444443 1.297977 -0.252810 0.120585 -0.021514 0.450848 -0.080438 1.000025 0.460540 0.958583 0.754324 0.450848 -0.176558
0.937502 0.407403 1.417934 -0.369222 0.131729 -0.031421 0.492515 -0.117478 1.022197 0.409943 0.063614 -0.344382 0.493947 -0.234152
0.979168 0.481477 1.537891 -0.136415 0.142874 -0.011609 0.534181 -0.043404 1.091142 0.457002 1.027528 0.801384 0.535426 -0.081076
1.000000 0.629625 1.597865 0.329197 0.148445 0.028015 0.555013 0.104743 1.181705 0.561918 0.154178 -0.239466 0.584920 0.186528
1.000000 0.777773 1.597865 0.794810 0.148445 0.067639 0.555013 0.252891 1.266859 0.661040 1.112681 0.900506 0.647137 0.427542
0.979168 0.888886 1.537891 1.144028 0.142874 0.097358 0.534181 0.364005 1.322456 0.737106 0.209775 -0.163399 0.694548 0.598151
0.937502 0.925921 1.417934 1.260422 0.131729 0.107263 0.492515 0.401039 1.317664 0.779183 1.107889 0.942583 0.688381 0.683380
0.916667 0.925921 1.357951 1.260422 0.126157 0.107263 0.471680 0.401039 1.302922 0.790420 0.195034 -0.152162 0.673631 0.704631
