0.205128 0.703705 -0.698988 0.592954 -0.057999 0.046963 -0.236430 0.191439 0.732992 1.287159 0.732992 1.287159 0.353016 -0.680632
0.179485 0.703705 -0.774799 0.592954 -0.064290 0.046963 -0.262073 0.191439 0.726233 1.321064 -0.006759 0.033905 0.370679 -0.630891
0.153846 0.703705 -0.850599 0.592954 -0.070580 0.046963 -0.287712 0.191439 0.720325 1.355560 0.727084 1.321655 0.389229 -0.587115
0.128203 0.703705 -0.926411 0.592954 -0.076870 0.046963 -0.313355 0.191439 0.715287 1.390590 -0.011797 0.068935 0.408549 -0.548420
0.102564 0.629631 -1.002211 0.363521 -0.083160 0.028791 -0.338994 0.117365 0.637930 1.409319 0.649726 1.340384 0.387670 -0.333300
0.076921 0.555557 -1.078022 0.134088 -0.089450 0.010620 -0.364636 0.043291 0.560857 1.433214 -0.088870 0.092829 0.382041 -0.118171
0.025639 0.444443 -1.229634 -0.210070 -0.102031 -0.016638 -0.415918 -0.067822 0.445182 1.513172 0.534052 1.420343 0.415928 0.161644
0.000000 0.370369 -1.305434 -0.439503 -0.108320 -0.034809 -0.441557 -0.141896 0.370369 1.570796 -0.163682 0.150453 0.447259 0.310931
0.000000 0.259261 -1.305434 -0.783644 -0.108320 -0.062065 -0.441557 -0.253004 0.259261 1.570796 0.422944 1.420343 0.477708 0.520316
0.000000 0.185187 -1.305434 -1.013077 -0.108320 -0.080237 -0.441557 -0.327078 0.185187 1.570796 -0.237756 0.150453 0.510587 0.637547
0.000000 0.148148 -1.305434 -1.127803 -0.108320 -0.089323 -0.441557 -0.364118 0.148148 1.570796 0.385904 1.420343 0.530153 0.689575
0.025639 0.074074 -1.229634 -1.357236 -0.102031 -0.107495 -0.415918 -0.438192 0.078386 1.237575 -0.307518 -0.182768 0.555007 0.811470
0.051282 0.037040 -1.153822 -1.471944 -0.095740 -0.116580 -0.390276 -0.475226 0.063260 0.625520 0.370778 0.808288 0.562094 0.883236
0.128203 0.000000 -0.926411 -1.586669 -0.076870 -0.125666 -0.313355 -0.512266 0.128203 0.000000 -0.242575 -0.808288 0.541446 1.021816
0.153846 0.000000 -0.850599 -1.586669 -0.070580 -0.125666 -0.287712 -0.512266 0.153846 0.000000 0.396421 0.808288 0.527021 1.059056
0.179485 0.000000 -0.774799 -1.586669 -0.064290 -0.125666 -0.262073 -0.512266 0.179485 0.000000 -0.216936 -0.808288 0.513474 1.097916
0.230767 0.000000 -0.623188 -1.586669 -0.051710 -0.125666 -0.210791 -0.512266 0.230767 0.000000 0.447703 0.808288 0.489291 1.180427
0.256410 0.074074 -0.547376 -1.357236 -0.045419 -0.107495 -0.185148 -0.438192 0.266895 0.281232 -0.180808 -0.527056 0.411490 1.171022
0.256410 0.148148 -0.547376 -1.127803 -0.045419 -0.089323 -0.185148 -0.364118 0.296131 0.523919 0.476939 1.050975 0.346942 1.100385
0.282049 0.185187 -0.471576 -1.013077 -0.039130 -0.080237 -0.159509 -0.327078 0.337411 0.580987 -0.139529 -0.469989 0.301941 1.117055
0.282049 0.259261 -0.471576 -0.783644 -0.039130 -0.062065 -0.159509 -0.253004 0.383103 0.743326 0.522632 1.213315 0.242229 1.008282
0.282049 0.296295 -0.471576 -0.668936 -0.039130 -0.052980 -0.159509 -0.215970 0.409075 0.810027 -0.113557 -0.403288 0.215741 0.934652
0.307692 0.370369 -0.395765 -0.439503 -0.032839 -0.034809 -0.133866 -0.141896 0.481506 0.877573 0.595062 1.280861 0.151617 0.814511
0.307692 0.333335 -0.395765 -0.554211 -0.032839 -0.043894 -0.133866 -0.178930 0.453637 0.825381 -0.141425 -0.455480 0.172140 0.928484
0.307692 0.296295 -0.395765 -0.668936 -0.032839 -0.052980 -0.133866 -0.215970 0.427159 0.766532 0.568585 1.222012 0.197538 1.015920
0.307692 0.259261 -0.395765 -0.783644 -0.032839 -0.062065 -0.133866 -0.253004 0.402356 0.700183 -0.166228 -0.521830 0.226168 1.084137
0.333331 0.185187 -0.319965 -1.013077 -0.026550 -0.080237 -0.108227 -0.327078 0.381318 0.507107 0.547547 1.028937 0.278278 1.251247
0.333331 0.148148 -0.319965 -1.127803 -0.026550 -0.089323 -0.108227 -0.364118 0.364770 0.418226 -0.182777 -0.610710 0.312734 1.281883
0.358974 0.111114 -0.244153 -1.242510 -0.020259 -0.098408 -0.082584 -0.401152 0.375777 0.300178 0.558554 0.910888 0.340607 1.367766
0.384613 0.074074 -0.168353 -1.357236 -0.013969 -0.107495 -0.056945 -0.438192 0.391681 0.190264 -0.166873 -0.720625 0.371869 1.441567
0.435895 0.037040 -0.016742 -1.471944 -0.001389 -0.116580 -0.005663 -0.475226 0.437466 0.084770 0.604338 0.805395 0.404557 1.558881
0.461538 0.037040 0.059070 -1.471944 0.004901 -0.116580 0.019980 -0.475226 0.463021 0.080081 -0.141317 -0.725314 0.405011 -1.528778
0.487180 0.000000 0.134881 -1.586669 0.011192 -0.125666 0.045623 -0.512266 0.487180 0.000000 0.628497 0.725314 0.443908 -1.481969
0.564101 0.037040 0.362293 -1.471944 0.030062 -0.116580 0.122544 -0.475226 0.565316 0.065567 -0.063181 -0.659746 0.422672 -1.318429
0.564101 0.074074 0.362293 -1.357236 0.030062 -0.107495 0.122544 -0.438192 0.568944 0.130566 0.632125 0.790312 0.387377 -1.298104
0.589744 0.111114 0.438104 -1.242510 0.036352 -0.098408 0.148187 -0.401152 0.600121 0.186227 -0.032005 -0.604086 0.362150 -1.216941
0.589744 0.185187 0.438104 -1.013077 0.036352 -0.080237 0.148187 -0.327078 0.618137 0.304263 0.650141 0.908348 0.296116 -1.145398
0.589744 0.259261 0.438104 -0.783644 0.036352 -0.062065 0.148187 -0.253004 0.644216 0.414185 -0.005925 -0.494163 0.234928 -1.040951
0.538462 0.444443 0.286493 -0.210070 0.023772 -0.016638 0.096905 -0.067822 0.698192 0.690034 0.704116 1.184197 0.096948 -0.610650
0.512820 0.555557 0.210681 0.134088 0.017482 0.010620 0.071262 0.043291 0.756060 0.825379 0.051944 -0.358818 0.134440 0.545911
0.461538 0.629631 0.059070 0.363521 0.004901 0.028791 0.019980 0.117365 0.780674 0.938245 0.728730 1.297063 0.189132 1.402174
0.358974 0.777778 -0.244153 0.822387 -0.020259 0.065134 -0.082584 0.265513 0.856622 1.138390 0.127892 -0.158674 0.346215 -1.269246
0.307692 0.814813 -0.395765 0.937095 -0.032839 0.074219 -0.133866 0.302547 0.870973 1.209728 0.743081 1.368402 0.396534 -1.154228
0.230767 0.814813 -0.623188 0.937095 -0.051710 0.074219 -0.210791 0.302547 0.846861 1.294809 0.103780 -0.073593 0.428663 -0.962275
0.179485 0.814813 -0.774799 0.937095 -0.064290 0.074219 -0.262073 0.302547 0.834347 1.353981 0.730567 1.427574 0.456072 -0.856960
0.128203 0.814813 -0.926411 0.937095 -0.076870 0.074219 -0.313355 0.302547 0.824837 1.414735 0.094270 -0.012839 0.487350 -0.767852
0.102564 0.814813 -1.002211 0.937095 -0.083160 0.074219 -0.338994 0.302547 0.821242 1.445581 0.726972 1.458420 0.504218 -0.728648
0.051282 0.814813 -1.153822 0.937095 -0.095740 0.074219 -0.390276 0.302547 0.816425 1.507942 0.089452 0.049523 0.540032 -0.659443
0.025639 0.814813 -1.229634 0.937095 -0.102031 0.074219 -0.415918 0.302547 0.815216 1.539341 0.725764 1.489818 0.558845 -0.628892
0.076921 0.814813 -1.078022 0.937095 -0.089450 0.074219 -0.364636 0.302547 0.818435 1.476672 0.092672 -0.013146 0.521804 -0.692603
0.128203 0.851852 -0.926411 1.051820 -0.076870 0.083305 -0.313355 0.339587 0.861445 1.421418 0.768774 1.434564 0.516268 -0.825552
0.205128 0.851852 -0.698988 1.051820 -0.057999 0.083305 -0.236430 0.339587 0.876202 1.334493 0.107428 -0.100071 0.473541 -0.962606
0.282049 0.888886 -0.471576 1.166528 -0.039130 0.092390 -0.159509 0.376621 0.932561 1.263539 0.825133 1.363610 0.474917 -1.170175
0.512820 0.888886 0.210681 1.166528 0.017482 0.092390 0.071262 0.376621 1.026208 1.047518 0.201075 -0.316093 0.452970 1.383793
0.589744 0.925926 0.438104 1.281254 0.036352 0.101477 0.148187 0.413660 1.097788 1.003669 0.896713 1.319761 0.506530 1.226806
0.666665 0.925926 0.665516 1.281254 0.055222 0.101477 0.225108 0.413660 1.140957 0.946774 0.244244 -0.372987 0.534122 1.072428
0.769229 0.962966 0.968739 1.395979 0.080382 0.110563 0.327672 0.450700 1.232484 0.896780 0.988240 1.269767 0.615821 0.942160
0.820511 1.000000 1.120350 1.510687 0.092963 0.119648 0.378954 0.487734 1.293537 0.883673 0.305297 -0.386094 0.674881 0.910258
0.846154 1.000000 1.196162 1.510687 0.099253 0.119648 0.404597 0.487734 1.309953 0.868539 1.004656 1.254633 0.689606 0.878299
0.871793 1.000000 1.271962 1.510687 0.105543 0.119648 0.430236 0.487734 1.326659 0.853785 0.322003 -0.400848 0.704954 0.847953
0.871793 0.962966 1.271962 1.395979 0.105543 0.110563 0.430236 0.450700 1.298971 0.835049 0.976969 1.235897 0.675995 0.808624
0.871793 0.925926 1.271962 1.281254 0.105543 0.101477 0.430236 0.413660 1.271756 0.815501 0.294787 -0.420396 0.647855 0.765759
0.846154 0.851852 1.196162 1.051820 0.099253 0.083305 0.404597 0.339587 1.200679 0.788754 0.905892 1.209150 0.576229 0.698262
0.820511 0.814813 1.120350 0.937095 0.092963 0.074219 0.378954 0.302547 1.156356 0.781913 0.250464 -0.427236 0.531907 0.673749
0.794872 0.666665 1.044550 0.478229 0.086673 0.037876 0.353315 0.154399 1.037431 0.697901 0.786967 1.125137 0.418933 0.411992
0.794872 0.555557 1.044550 0.134088 0.086673 0.010620 0.353315 0.043291 0.969776 0.610005 0.182809 -0.515133 0.371251 0.121921
0.820511 0.518517 1.120350 0.019363 0.092963 0.001534 0.378954 0.006251 0.970618 0.563577 0.787809 1.078710 0.386689 0.016495
0.897436 0.444443 1.347773 -0.210070 0.111833 -0.016638 0.455879 -0.067822 1.001460 0.459830 0.213650 -0.618880 0.455888 -0.147690
0.923075 0.444443 1.423573 -0.210070 0.118123 -0.016638 0.481518 -0.067822 1.024499 0.448723 0.810848 1.067603 0.481526 -0.139931
1.000000 0.481483 1.650996 -0.095345 0.136994 -0.007551 0.558443 -0.030783 1.109876 0.448725 0.299028 -0.618879 0.559868 -0.055067
1.000000 0.518517 1.650996 0.019363 0.136994 0.001534 0.558443 0.006251 1.126437 0.478351 0.827409 1.097230 0.563721 0.011194
1.000000 0.592591 1.650996 0.248796 0.136994 0.019705 0.558443 0.080325 1.162396 0.534954 0.334987 -0.562276 0.578506 0.142858
1.000000 0.740739 1.650996 0.707662 0.136994 0.056048 0.558443 0.228473 1.244465 0.637547 0.909478 1.199824 0.633536 0.388348
1.000000 0.814813 1.650996 0.937095 0.136994 0.074219 0.558443 0.302547 1.289930 0.683708 0.380452 -0.516116 0.671697 0.496502
0.948718 0.925926 1.499385 1.281254 0.124414 0.101477 0.507161 0.413660 1.325672 0.773241 0.945220 1.289356 0.701302 0.684205
0.923075 0.962966 1.423573 1.395979 0.118123 0.110563 0.481518 0.450700 1.333931 0.806546 0.388711 -0.482811 0.709737 0.752352
0.897436 1.000000 1.347773 1.510687 0.111833 0.119648 0.455879 0.487734 1.343649 0.839400 0.954937 1.322210 0.720891 0.819145
