0.217391 0.666665 -0.684387 0.460751 -0.050574 0.038231 -0.206787 0.156319 0.701214 1.255582 0.701214 1.255582 0.318687 -0.647295
0.217391 0.696966 -0.684387 0.550062 -0.050574 0.045642 -0.206787 0.186620 0.730082 1.268449 0.028868 0.012867 0.342307 -0.734181
0.195650 0.727271 -0.756341 0.639387 -0.055891 0.053054 -0.228528 0.216925 0.753128 1.307999 0.724260 1.295132 0.379593 -0.759358
0.173912 0.727271 -0.828283 0.639387 -0.061207 0.053054 -0.250265 0.216925 0.747776 1.336074 0.023516 0.040942 0.393063 -0.714157
0.130434 0.666665 -0.972180 0.460751 -0.071841 0.038231 -0.293743 0.156319 0.679305 1.377585 0.655789 1.336643 0.380901 -0.489046
0.108694 0.636360 -1.044133 0.371426 -0.077158 0.030819 -0.315484 0.126014 0.645576 1.401624 -0.010213 0.064981 0.380199 -0.380016
0.086956 0.575754 -1.116076 0.192790 -0.082474 0.015997 -0.337221 0.065408 0.582283 1.420899 0.592497 1.355918 0.369721 -0.191583
0.065216 0.515148 -1.188029 0.014155 -0.087791 0.001174 -0.358962 0.004802 0.519260 1.444870 -0.073237 0.088952 0.370310 -0.013377
0.043478 0.454542 -1.259972 -0.164481 -0.093108 -0.013648 -0.380699 -0.055804 0.456617 1.475434 0.529854 1.386482 0.381908 0.145545
0.043478 0.363636 -1.259972 -0.432428 -0.093108 -0.035881 -0.380699 -0.146710 0.366226 1.451796 -0.163628 0.065315 0.385483 0.367831
0.021737 0.303030 -1.331926 -0.611064 -0.098425 -0.050703 -0.402440 -0.207316 0.303808 1.499185 0.467437 1.433871 0.420279 0.475692
0.021737 0.242424 -1.331926 -0.789699 -0.098425 -0.065526 -0.402440 -0.267922 0.243396 1.481368 -0.224040 0.047498 0.441579 0.587364
0.021737 0.181818 -1.331926 -0.968335 -0.098425 -0.080348 -0.402440 -0.328528 0.183113 1.451805 0.407153 1.404307 0.469783 0.684625
0.043478 0.121212 -1.259972 -1.146971 -0.093108 -0.095171 -0.380699 -0.389134 0.128774 1.226396 -0.278379 -0.177911 0.486539 0.796354
0.065216 0.090907 -1.188029 -1.236296 -0.087791 -0.102582 -0.358962 -0.419439 0.111880 0.948494 0.390259 1.126405 0.489819 0.862937
0.065216 0.030301 -1.188029 -1.414931 -0.087791 -0.117405 -0.358962 -0.480045 0.071911 0.434948 -0.318348 -0.691457 0.532909 0.928726
0.108694 0.030301 -1.044133 -1.414931 -0.077158 -0.117405 -0.315484 -0.480045 0.112838 0.271869 0.431186 0.963326 0.504647 0.989379
0.152172 0.000000 -0.900237 -1.504243 -0.066525 -0.124815 -0.272006 -0.510346 0.152172 0.000000 -0.279014 -0.963326 0.503898 1.081112
0.195650 0.030301 -0.756341 -1.414931 -0.055891 -0.117405 -0.228528 -0.480045 0.197982 0.153651 0.476997 1.116977 0.455372 1.126488
0.217391 0.060606 -0.684387 -1.325607 -0.050574 -0.109993 -0.206787 -0.449740 0.225681 0.271885 -0.251316 -0.845093 0.418264 1.139829
0.239131 0.090907 -0.612433 -1.236296 -0.045257 -0.102582 -0.185046 -0.419439 0.255828 0.363281 0.507144 1.208374 0.381197 1.155305
0.260869 0.181818 -0.540491 -0.968335 -0.039940 -0.080348 -0.163309 -0.328528 0.317978 0.608690 -0.189165 -0.599684 0.292246 1.109478
0.260869 0.242424 -0.540491 -0.789699 -0.039940 -0.065526 -0.163309 -0.267922 0.356120 0.748766 0.545286 1.348450 0.244344 1.023393
0.260869 0.303030 -0.540491 -0.611064 -0.039940 -0.050703 -0.163309 -0.207316 0.399849 0.860026 -0.145437 -0.488424 0.203338 0.903583
0.282609 0.333330 -0.468537 -0.521753 -0.034623 -0.043293 -0.141568 -0.177016 0.437009 0.867560 0.582446 1.355984 0.168210 0.896208
0.282609 0.363636 -0.468537 -0.432428 -0.034623 -0.035881 -0.141568 -0.146710 0.460542 0.910127 -0.121904 -0.445856 0.153970 0.803234
0.282609 0.393936 -0.468537 -0.343117 -0.034623 -0.028470 -0.141568 -0.116410 0.484823 0.948488 0.606727 1.394345 0.144762 0.688184
0.282609 0.363636 -0.468537 -0.432428 -0.034623 -0.035881 -0.141568 -0.146710 0.460542 0.910127 -0.146186 -0.484218 0.153970 0.803234
0.282609 0.333330 -0.468537 -0.521753 -0.034623 -0.043293 -0.141568 -0.177016 0.437009 0.867560 0.583195 1.351778 0.168210 0.896208
0.282609 0.303030 -0.468537 -0.611064 -0.034623 -0.050703 -0.141568 -0.207316 0.414361 0.820252 -0.168834 -0.531525 0.186328 0.971666
0.304347 0.272724 -0.396594 -0.700388 -0.029307 -0.058115 -0.119831 -0.237621 0.408663 0.730655 0.577497 1.262180 0.193125 1.103721
0.326088 0.212118 -0.324641 -0.879024 -0.023990 -0.072938 -0.098090 -0.298227 0.389008 0.576723 -0.188489 -0.685457 0.233646 1.253032
0.347825 0.181818 -0.252698 -0.968335 -0.018674 -0.080348 -0.076352 -0.328528 0.392479 0.481664 0.580968 1.167121 0.254102 1.342442
0.369566 0.151513 -0.180744 -1.057660 -0.013356 -0.087760 -0.054612 -0.358833 0.399418 0.389075 -0.181550 -0.778045 0.278080 1.419763
0.391303 0.121212 -0.108802 -1.146971 -0.008040 -0.095171 -0.032874 -0.389134 0.409647 0.300391 0.591197 1.078436 0.304744 1.486516
0.413044 0.121212 -0.036848 -1.146971 -0.002723 -0.095171 -0.011134 -0.389134 0.430462 0.285446 -0.160735 -0.792990 0.303170 1.542193
0.500000 0.090907 0.250944 -1.236296 0.018544 -0.102582 0.075823 -0.419439 0.508197 0.179849 0.668932 0.972839 0.341787 -1.391956
0.521737 0.090907 0.322887 -1.236296 0.023860 -0.102582 0.097560 -0.419439 0.529598 0.172506 -0.139334 -0.800332 0.347257 -1.342263
0.543478 0.121212 0.394841 -1.146971 0.029177 -0.095171 0.119301 -0.389134 0.556831 0.219438 0.696165 1.019771 0.325608 -1.273314
0.565216 0.151513 0.466783 -1.057660 0.034494 -0.087760 0.141038 -0.358833 0.585171 0.261904 -0.110994 -0.757867 0.306982 -1.196299
0.565216 0.212118 0.466783 -0.879024 0.034494 -0.072938 0.141038 -0.298227 0.603708 0.359023 0.714702 1.116889 0.254678 -1.129045
0.586956 0.272724 0.538737 -0.700388 0.039811 -0.058115 0.162779 -0.237621 0.647222 0.434963 -0.067480 -0.681926 0.222340 -0.970185
0.586956 0.333330 0.538737 -0.521753 0.039811 -0.043293 0.162779 -0.177016 0.675001 0.516479 0.742481 1.198406 0.186414 -0.827272
0.543478 0.515148 0.394841 0.014155 0.029177 0.001174 0.119301 0.004802 0.748830 0.758643 0.006349 -0.439762 0.150028 0.040232
0.500000 0.575754 0.250944 0.192790 0.018544 0.015997 0.075823 0.065408 0.762557 0.855702 0.756208 1.295464 0.169483 0.711791
0.434781 0.666665 0.035095 0.460751 0.002593 0.038231 0.010604 0.156319 0.795913 0.992895 0.039705 -0.302569 0.242719 1.503066
0.391303 0.727271 -0.108802 0.639387 -0.008040 0.053054 -0.032874 0.216925 0.825858 1.077180 0.786153 1.379748 0.304871 -1.420394
0.282609 0.787877 -0.468537 0.818022 -0.034623 0.067876 -0.141568 0.277531 0.837029 1.226394 0.050876 -0.153354 0.390281 -1.099103
0.217391 0.818182 -0.684387 0.907347 -0.050574 0.075288 -0.206787 0.307836 0.846570 1.311097 0.795694 1.464451 0.444973 -0.979288
0.173912 0.818182 -0.828283 0.907347 -0.061207 0.075288 -0.250265 0.307836 0.836461 1.361354 0.040768 -0.103097 0.466768 -0.888191
0.108694 0.818182 -1.044133 0.907347 -0.077158 0.075288 -0.315484 0.307836 0.825371 1.438722 0.784603 1.541819 0.504747 -0.773130
0.086956 0.818182 -1.116076 0.907347 -0.082474 0.075288 -0.337221 0.307836 0.822790 1.464914 0.038187 -0.076905 0.518612 -0.739876
0.021737 0.818182 -1.331926 0.907347 -0.098425 0.075288 -0.402440 0.307836 0.818471 1.544235 0.780284 1.621140 0.563203 -0.652985
0.021737 0.787877 -1.331926 0.818022 -0.098425 0.067876 -0.402440 0.277531 0.788177 1.543213 0.007893 -0.077926 0.542435 -0.603726
0.000000 0.787877 -1.403868 0.818022 -0.103741 0.067876 -0.424177 0.277531 0.787877 1.570796 0.779984 1.648723 0.558752 -0.579379
0.000000 0.757576 -1.403868 0.728711 -0.103741 0.060465 -0.424177 0.247231 0.757576 1.570796 -0.022408 -0.077926 0.539520 -0.527712
0.065216 0.757576 -1.188029 0.728711 -0.087791 0.060465 -0.358962 0.247231 0.760378 1.484924 0.782786 1.562850 0.489907 -0.603127
0.152172 0.787877 -0.900237 0.818022 -0.066525 0.067876 -0.272006 0.277531 0.802438 1.380004 0.019652 -0.182846 0.454163 -0.795453
0.239131 0.818182 -0.612433 0.907347 -0.045257 0.075288 -0.185046 0.307836 0.852412 1.286445 0.832760 1.469291 0.435295 -1.029555
0.434781 0.848483 0.035095 0.996658 0.002593 0.082698 0.010604 0.338137 0.953393 1.097261 0.120633 -0.372030 0.424438 1.539447
0.543478 0.878788 0.394841 1.085983 0.029177 0.090110 0.119301 0.368442 1.033265 1.016928 0.912632 1.388958 0.470004 1.257652
0.739128 0.909089 1.042369 1.175294 0.077028 0.097521 0.314951 0.398743 1.171645 0.888153 0.259013 -0.500805 0.578215 0.902270
0.826084 0.939394 1.330161 1.264618 0.098295 0.104933 0.401907 0.429048 1.250950 0.849491 0.991937 1.350296 0.653435 0.818050
0.934781 0.969695 1.689907 1.353930 0.124879 0.112343 0.510604 0.459349 1.346894 0.803728 0.354957 -0.546568 0.747198 0.732605
0.956522 1.000000 1.761861 1.443254 0.130196 0.119755 0.532344 0.489654 1.383811 0.807617 1.028854 1.354184 0.784195 0.743651
0.978259 1.000000 1.833804 1.443254 0.135512 0.119755 0.554082 0.489654 1.398925 0.796388 0.370071 -0.557797 0.799111 0.723748
1.000000 1.000000 1.905757 1.443254 0.140829 0.119755 0.575823 0.489654 1.414214 0.785398 1.044143 1.343195 0.814336 0.704701
1.000000 0.969695 1.905757 1.353930 0.140829 0.112343 0.575823 0.459349 1.392949 0.770014 0.348806 -0.573181 0.793197 0.673353
0.934781 0.878788 1.689907 1.085983 0.124879 0.090110 0.510604 0.368442 1.282998 0.754533 0.934192 1.327715 0.683657 0.625064
0.913044 0.818182 1.617965 0.907347 0.119562 0.075288 0.488866 0.307836 1.225998 0.730658 0.291806 -0.597056 0.627877 0.561968
0.891303 0.696966 1.546011 0.550062 0.114245 0.045642 0.467126 0.186620 1.131452 0.663645 0.839645 1.260702 0.540944 0.380081
0.891303 0.636360 1.546011 0.371426 0.114245 0.030819 0.467126 0.126014 1.095160 0.620038 0.255515 -0.640664 0.513057 0.263493
0.891303 0.515148 1.546011 0.014155 0.114245 0.001174 0.467126 0.004802 1.029465 0.524065 0.773951 1.164729 0.475901 0.010280
0.891303 0.484847 1.546011 -0.075156 0.114245 -0.006236 0.467126 -0.025498 1.014642 0.498206 0.240691 -0.666523 0.471049 -0.054532
0.934781 0.424241 1.689907 -0.253792 0.124879 -0.021059 0.510604 -0.086104 1.026546 0.426043 0.785855 1.092566 0.510604 -0.167061
0.956522 0.424241 1.761861 -0.253792 0.130196 -0.021059 0.532344 -0.086104 1.046382 0.417456 0.260527 -0.675109 0.532344 -0.160357
1.000000 0.454542 1.905757 -0.164481 0.140829 -0.013648 0.575823 -0.055804 1.098457 0.426625 0.837930 1.101734 0.576623 -0.096610
1.000000 0.515148 1.905757 0.014155 0.140829 0.001174 0.575823 0.004802 1.124890 0.475692 0.286960 -0.626042 0.582964 0.008340
1.000000 0.636360 1.905757 0.371426 0.140829 0.030819 0.575823 0.126014 1.185308 0.566727 0.898348 1.192768 0.613672 0.215445
1.000000 0.696966 1.905757 0.550062 0.140829 0.045642 0.575823 0.186620 1.218918 0.608687 0.320570 -0.584081 0.637170 0.313411
0.956522 0.818182 1.761861 0.907347 0.130196 0.075288 0.532344 0.307836 1.258712 0.707605 0.938142 1.291686 0.662292 0.524285
0.934781 0.909089 1.689907 1.175294 0.124879 0.097521 0.510604 0.398743 1.303940 0.771465 0.365798 -0.520221 0.704170 0.663001
