0.184212 0.799998 -0.833931 0.891437 -0.073776 0.072783 -0.277442 0.273711 0.820932 1.344476 0.820932 1.344476 0.437551 -0.778629
0.157894 0.719998 -0.913036 0.630890 -0.080774 0.051510 -0.303760 0.193712 0.737107 1.354916 -0.083825 0.010440 0.398763 -0.567689
0.105263 0.639998 -1.071234 0.370342 -0.094769 0.030237 -0.356391 0.113712 0.648597 1.407782 0.732422 1.397342 0.398524 -0.308854
0.078949 0.559998 -1.150327 0.109795 -0.101766 0.008964 -0.382705 0.033712 0.565536 1.430739 -0.166886 0.033396 0.395139 -0.087862
0.026318 0.440002 -1.308526 -0.281016 -0.115762 -0.022944 -0.435337 -0.086285 0.440788 1.511055 0.607674 1.477659 0.435875 0.195666
0.000000 0.360002 -1.387631 -0.541563 -0.122760 -0.044217 -0.461654 -0.166284 0.360002 1.570796 -0.247672 0.093138 0.472713 0.345726
0.000000 0.280002 -1.387631 -0.802110 -0.122760 -0.065490 -0.461654 -0.246284 0.280002 1.570796 0.527674 1.477659 0.496107 0.490073
0.000000 0.200002 -1.387631 -1.062658 -0.122760 -0.086763 -0.461654 -0.326284 0.200002 1.570796 -0.327672 0.093138 0.530647 0.615256
0.026318 0.120003 -1.308526 -1.323205 -0.115762 -0.108036 -0.435337 -0.406284 0.122855 1.354905 0.450526 1.261768 0.553393 0.750892
0.052631 0.080000 -1.229433 -1.453488 -0.108765 -0.118673 -0.409023 -0.446286 0.095760 0.988892 -0.354766 -0.272876 0.559428 0.828938
0.105263 0.040003 -1.071234 -1.583752 -0.094769 -0.129309 -0.356391 -0.486283 0.112608 0.363172 0.467374 0.636048 0.552091 0.938337
0.131580 0.000000 -0.992129 -1.714036 -0.087771 -0.139946 -0.330074 -0.526286 0.131580 0.000000 -0.335793 -0.636048 0.567515 1.010634
0.157894 0.000000 -0.913036 -1.714036 -0.080774 -0.139946 -0.303760 -0.526286 0.157894 0.000000 0.493687 0.636048 0.552625 1.047328
0.236843 0.080000 -0.675732 -1.453488 -0.059780 -0.118673 -0.224811 -0.446286 0.249989 0.325743 -0.243698 -0.310305 0.442945 1.104164
0.263157 0.120003 -0.596639 -1.323205 -0.052783 -0.108036 -0.198497 -0.406284 0.289227 0.427842 0.532925 0.738148 0.395129 1.116336
0.289475 0.200002 -0.517534 -1.062658 -0.045785 -0.086763 -0.172180 -0.326284 0.351847 0.604603 -0.181078 -0.133545 0.313221 1.085236
0.289475 0.239999 -0.517534 -0.932394 -0.045785 -0.076127 -0.172180 -0.286287 0.376025 0.692226 0.557103 0.825771 0.280672 1.029331
0.315788 0.280002 -0.438441 -0.802110 -0.038788 -0.065490 -0.145866 -0.246284 0.422047 0.725405 -0.135056 -0.100366 0.232969 1.036082
0.315788 0.399999 -0.438441 -0.411299 -0.038788 -0.033582 -0.145866 -0.126287 0.509629 0.902507 0.644685 1.002873 0.158361 0.713583
0.342106 0.440002 -0.359336 -0.281016 -0.031789 -0.022944 -0.119548 -0.086285 0.557349 0.909920 -0.087336 -0.092953 0.121493 0.625178
0.342106 0.479999 -0.359336 -0.150752 -0.031789 -0.012309 -0.119548 -0.046288 0.589436 0.951583 0.676772 1.044536 0.120948 0.369413
0.342106 0.440002 -0.359336 -0.281016 -0.031789 -0.022944 -0.119548 -0.086285 0.557349 0.909920 -0.119423 -0.134616 0.121493 0.625178
0.342106 0.399999 -0.359336 -0.411299 -0.031789 -0.033582 -0.119548 -0.126287 0.526342 0.863252 0.645765 0.997868 0.134511 0.812805
0.342106 0.360002 -0.359336 -0.541563 -0.031789 -0.044217 -0.119548 -0.166284 0.496626 0.810882 -0.149138 -0.186987 0.156923 0.947472
0.342106 0.280002 -0.359336 -0.802110 -0.031789 -0.065490 -0.119548 -0.246284 0.442083 0.685900 0.591222 0.872887 0.217461 1.118890
0.342106 0.239999 -0.359336 -0.932394 -0.031789 -0.076127 -0.119548 -0.286287 0.417895 0.611755 -0.173327 -0.261131 0.251839 1.175226
0.368420 0.200002 -0.280243 -1.062658 -0.024792 -0.086763 -0.093235 -0.326284 0.419206 0.497349 0.592533 0.758481 0.277767 1.292467
0.421051 0.120003 -0.122044 -1.323205 -0.010797 -0.108036 -0.040603 -0.406284 0.437818 0.277646 -0.154715 -0.480835 0.344056 1.471189
0.473682 0.080000 0.036154 -1.453488 0.003198 -0.118673 0.012028 -0.446286 0.480390 0.167310 0.635105 0.648145 0.381844 -1.543851
0.500000 0.080000 0.115259 -1.453488 0.010197 -0.118673 0.038346 -0.446286 0.506360 0.158655 -0.128746 -0.489490 0.383576 -1.485085
0.578949 0.040003 0.352563 -1.583752 0.031190 -0.129309 0.117295 -0.486283 0.580329 0.068986 0.709075 0.558476 0.437662 -1.334111
0.605263 0.080000 0.431656 -1.453488 0.038187 -0.118673 0.143609 -0.446286 0.610527 0.131412 -0.098549 -0.427064 0.407779 -1.259474
0.631580 0.120003 0.510761 -1.323205 0.045186 -0.108036 0.169926 -0.406284 0.642880 0.187766 0.741428 0.614830 0.381577 -1.174661
0.631580 0.200002 0.510761 -1.062658 0.045186 -0.086763 0.169926 -0.326284 0.662491 0.306679 -0.078937 -0.308151 0.311988 -1.090653
0.631580 0.280002 0.510761 -0.802110 0.045186 -0.065490 0.169926 -0.246284 0.690865 0.417298 0.769802 0.725449 0.248742 -0.966840
0.631580 0.479999 0.510761 -0.150752 0.045186 -0.012309 0.169926 -0.046288 0.793280 0.649868 0.023477 -0.075581 0.170914 -0.265946
0.605263 0.600001 0.431656 0.240079 0.038187 0.019602 0.143609 0.073715 0.852258 0.781033 0.828781 0.856614 0.199407 0.474235
0.552631 0.680001 0.273457 0.500626 0.024192 0.040875 0.090977 0.153715 0.876244 0.888364 0.047462 0.031751 0.236542 1.036386
0.421051 0.840000 -0.122044 1.021720 -0.010797 0.083421 -0.040603 0.313714 0.939619 1.106149 0.892157 1.074398 0.380519 -1.442084
0.368420 0.879997 -0.280243 1.151984 -0.024792 0.094056 -0.093235 0.353711 0.954006 1.174308 0.061849 0.099910 0.428607 -1.313069
0.289475 0.920000 -0.517534 1.282268 -0.045785 0.104694 -0.172180 0.393714 0.964467 1.265957 0.902618 1.166047 0.489619 -1.158536
0.236843 0.960003 -0.675732 1.412551 -0.059780 0.115331 -0.224811 0.433717 0.988787 1.328916 0.086170 0.162868 0.546710 -1.092588
0.157894 1.000000 -0.913036 1.542815 -0.080774 0.125967 -0.303760 0.473714 1.012389 1.414195 0.926219 1.251327 0.618131 -1.000610
0.131580 1.000000 -0.992129 1.542815 -0.087771 0.125967 -0.330074 0.473714 1.008620 1.439967 0.082401 0.188641 0.631478 -0.962235
0.105263 1.000000 -1.071234 1.542815 -0.094769 0.125967 -0.356391 0.473714 1.005525 1.465920 0.923124 1.277279 0.645625 -0.925803
0.131580 1.000000 -0.992129 1.542815 -0.087771 0.125967 -0.330074 0.473714 1.008620 1.439967 0.085496 0.162688 0.631478 -0.962235
0.184212 1.000000 -0.833931 1.542815 -0.073776 0.125967 -0.277442 0.473714 1.016825 1.388627 0.931330 1.225938 0.605632 -1.040976
0.289475 1.000000 -0.517534 1.542815 -0.045785 0.125967 -0.172180 0.473714 1.041055 1.289024 0.109725 0.063085 0.565210 -1.222174
0.368420 1.000000 -0.280243 1.542815 -0.024792 0.125967 -0.093235 0.473714 1.065708 1.217807 0.955982 1.154722 0.546360 -1.376464
0.578949 0.960003 0.352563 1.412551 0.031190 0.115331 0.117295 0.433717 1.121066 1.028123 0.165083 -0.126599 0.511967 1.306673
0.657894 0.920000 0.589854 1.282268 0.052183 0.104694 0.196240 0.393714 1.131028 0.950006 0.965945 1.076606 0.498589 1.108403
0.710525 0.920000 0.748052 1.282268 0.066178 0.104694 0.248871 0.393714 1.162431 0.913169 0.196486 -0.163437 0.521553 1.007099
0.763157 0.879997 0.906251 1.151984 0.080174 0.094056 0.301503 0.353711 1.164819 0.856386 0.968333 1.019823 0.515669 0.864912
0.842106 0.879997 1.143554 1.151984 0.101167 0.094056 0.380452 0.353711 1.218006 0.807398 0.249673 -0.212425 0.565468 0.748991
0.894737 0.840000 1.301752 1.021720 0.115163 0.083421 0.433083 0.313714 1.227255 0.753855 0.977583 0.966281 0.575071 0.626898
0.868420 0.799998 1.222647 0.891437 0.108164 0.072783 0.406765 0.273711 1.180741 0.744411 0.203158 -0.221870 0.529088 0.592304
0.842106 0.719998 1.143554 0.630890 0.101167 0.051510 0.380452 0.193712 1.107944 0.707388 0.904786 0.929257 0.459875 0.470950
0.815788 0.680001 1.064449 0.500626 0.094169 0.040875 0.354134 0.153715 1.062032 0.694867 0.157246 -0.234391 0.416036 0.409518
0.815788 0.600001 1.064449 0.240079 0.094169 0.019602 0.354134 0.073715 1.012676 0.634148 0.855429 0.868538 0.380198 0.205225
0.789475 0.520001 0.985356 -0.020469 0.087172 -0.001671 0.327820 -0.006285 0.945342 0.582444 0.089913 -0.286094 0.332972 -0.019169
0.815788 0.440002 1.064449 -0.281016 0.094169 -0.022944 0.354134 -0.086285 0.926883 0.494636 0.836970 0.780730 0.354795 -0.238993
0.868420 0.360002 1.222647 -0.541563 0.108164 -0.044217 0.406765 -0.166284 0.940082 0.392985 0.103112 -0.387745 0.419275 -0.388067
0.894737 0.360002 1.301752 -0.541563 0.115163 -0.044217 0.433083 -0.166284 0.964446 0.382535 0.861334 0.770280 0.444853 -0.366598
0.973682 0.399999 1.539044 -0.411299 0.136155 -0.033582 0.512028 -0.126287 1.052643 0.389791 0.191308 -0.380489 0.515727 -0.241815
1.000000 0.479999 1.618149 -0.150752 0.143153 -0.012309 0.538346 -0.046288 1.109233 0.447519 0.917925 0.828008 0.538658 -0.085770
1.000000 0.680001 1.618149 0.500626 0.143153 0.040875 0.538346 0.153715 1.209298 0.597177 0.291373 -0.230830 0.580940 0.278131
0.973682 0.760001 1.539044 0.761173 0.136155 0.062148 0.512028 0.233714 1.235175 0.662764 0.943803 0.893594 0.592607 0.428204
0.947369 0.920000 1.459951 1.282268 0.129158 0.104694 0.485714 0.393714 1.320571 0.770743 0.376768 -0.122851 0.667832 0.681163
0.921051 0.960003 1.380846 1.412551 0.122160 0.115331 0.459397 0.433717 1.330391 0.806103 0.953623 0.928954 0.677788 0.756653
0.894737 1.000000 1.301752 1.542815 0.115163 0.125967 0.433083 0.473714 1.341848 0.840896 0.388225 -0.088057 0.690925 0.830175
