0.195653 0.840000 -0.775155 0.771536 -0.074720 0.070087 -0.268365 0.251726 0.862485 1.341956 0.862485 1.341956 0.461933 -0.753416
0.195653 0.879997 -0.775155 0.894126 -0.074720 0.081223 -0.268365 0.291723 0.901485 1.352021 0.039000 0.010065 0.495034 -0.827077
0.173912 0.879997 -0.837951 0.894126 -0.080773 0.081223 -0.290106 0.291723 0.897018 1.375682 0.858018 1.365617 0.507149 -0.788177
0.130434 0.840000 -0.963535 0.771536 -0.092879 0.070087 -0.333584 0.251726 0.850067 1.416748 -0.007951 0.051130 0.502634 -0.646445
0.086956 0.760001 -1.089119 0.526338 -0.104984 0.047813 -0.377062 0.171726 0.764959 1.456876 0.772910 1.405745 0.479355 -0.427362
0.043478 0.639998 -1.214702 0.158532 -0.117090 0.014401 -0.420541 0.051724 0.641473 1.502966 -0.131437 0.097220 0.455876 -0.122379
0.021741 0.520001 -1.277489 -0.209256 -0.123142 -0.019009 -0.442278 -0.068273 0.520456 1.529012 0.651893 1.431791 0.445807 0.153158
0.021741 0.439996 -1.277489 -0.454472 -0.123142 -0.041285 -0.442278 -0.148279 0.440532 1.521425 -0.211360 0.089634 0.442930 0.323485
0.000000 0.279996 -1.340286 -0.944868 -0.129195 -0.085833 -0.464019 -0.308278 0.279996 1.570796 0.491356 1.481162 0.499177 0.586408
0.000000 0.160000 -1.340286 -1.312656 -0.129195 -0.119243 -0.464019 -0.428275 0.160000 1.570796 -0.331357 0.089634 0.554744 0.745361
0.021741 0.080000 -1.277489 -1.557854 -0.123142 -0.141517 -0.442278 -0.508275 0.082901 1.305445 0.414258 1.215811 0.585731 0.854717
0.065219 0.000000 -1.151906 -1.803052 -0.111036 -0.163791 -0.398800 -0.588274 0.065219 0.000000 -0.349039 -1.215811 0.611845 0.975047
0.086956 0.000000 -1.089119 -1.803052 -0.104984 -0.163791 -0.377062 -0.588274 0.086956 0.000000 0.435995 1.215811 0.597904 1.000800
0.173912 0.039997 -0.837951 -1.680462 -0.080773 -0.152655 -0.290106 -0.548278 0.178453 0.226052 -0.257543 -0.989759 0.513767 1.084123
0.195653 0.080000 -0.775155 -1.557854 -0.074720 -0.141517 -0.268365 -0.508275 0.211377 0.388143 0.468920 1.377902 0.468498 1.085006
0.217391 0.160000 -0.712368 -1.312656 -0.068668 -0.119243 -0.246628 -0.428275 0.269923 0.634481 -0.198997 -0.743421 0.391475 1.048313
0.260872 0.199996 -0.586775 -1.190066 -0.056561 -0.108107 -0.203147 -0.388278 0.328714 0.654069 0.527710 1.397491 0.333131 1.088762
0.282609 0.199996 -0.523988 -1.190066 -0.050509 -0.108107 -0.181409 -0.388278 0.346218 0.615860 -0.181493 -0.781630 0.320339 1.133719
0.304350 0.199996 -0.461191 -1.190066 -0.044456 -0.108107 -0.159669 -0.388278 0.364181 0.581368 0.545673 1.362999 0.308548 1.180653
0.347828 0.160000 -0.335608 -1.312656 -0.032350 -0.119243 -0.116190 -0.428275 0.382863 0.431135 -0.162810 -0.931864 0.325466 1.305875
0.369566 0.119997 -0.272821 -1.435264 -0.026298 -0.130381 -0.094453 -0.468278 0.388559 0.313957 0.551369 1.245821 0.356753 1.371764
0.413044 0.119997 -0.147237 -1.435264 -0.014193 -0.130381 -0.050975 -0.468278 0.430121 0.282735 -0.121248 -0.963086 0.347778 1.462367
0.434784 0.119997 -0.084441 -1.435264 -0.008140 -0.130381 -0.029234 -0.468278 0.451040 0.269287 0.572287 1.232373 0.345262 1.508448
0.478263 0.119997 0.041143 -1.435264 0.003966 -0.130381 0.014244 -0.468278 0.493086 0.245827 -0.079201 -0.986546 0.344317 -1.540388
0.521741 0.160000 0.166726 -1.312656 0.016071 -0.119243 0.057722 -0.428275 0.545723 0.297560 0.624923 1.284107 0.309450 -1.436826
0.521741 0.199996 0.166726 -1.190066 0.016071 -0.108107 0.057722 -0.388278 0.558759 0.366049 -0.066164 -0.918057 0.270258 -1.423215
0.521741 0.279996 0.166726 -0.944868 0.016071 -0.085833 0.057722 -0.308278 0.592124 0.492542 0.658288 1.410599 0.192863 -1.385699
0.521741 0.359996 0.166726 -0.699670 0.016071 -0.063559 0.057722 -0.228279 0.633885 0.603976 -0.024403 -0.806623 0.118965 -1.323130
0.500000 0.439996 0.103930 -0.454472 0.010018 -0.041285 0.035981 -0.148279 0.666030 0.721650 0.690433 1.528273 0.043264 -1.332737
0.413044 0.559998 -0.147237 -0.086666 -0.014193 -0.007873 -0.050975 -0.028276 0.695847 0.935291 0.005414 -0.592981 0.108676 0.506450
0.369566 0.600001 -0.272821 0.035942 -0.026298 0.003265 -0.094453 0.011727 0.704684 1.018738 0.699271 1.611719 0.165568 -0.123522
0.347828 0.680001 -0.335608 0.281140 -0.032350 0.025539 -0.116190 0.091727 0.763797 1.097982 0.064526 -0.513737 0.245252 -0.668275
0.304350 0.719998 -0.461191 0.403730 -0.044456 0.036675 -0.159669 0.131723 0.781681 1.170867 0.717155 1.684604 0.301694 -0.689788
0.282609 0.760001 -0.523988 0.526338 -0.050509 0.047813 -0.181409 0.171726 0.810845 1.214787 0.093690 -0.469817 0.347152 -0.757985
0.239131 0.799998 -0.649571 0.648928 -0.062615 0.058949 -0.224887 0.211723 0.834973 1.280335 0.741283 1.750153 0.404297 -0.755256
0.260872 0.840000 -0.586775 0.771536 -0.056561 0.070087 -0.203147 0.251726 0.879577 1.269678 0.138293 -0.480474 0.427353 -0.891793
0.282609 0.840000 -0.523988 0.771536 -0.050509 0.070087 -0.181409 0.251726 0.886267 1.246253 0.747974 1.726727 0.417459 -0.946338
0.326088 0.840000 -0.398404 0.771536 -0.038404 0.070087 -0.137931 0.251726 0.901074 1.200504 0.153100 -0.526223 0.400484 -1.069535
0.413044 0.879997 -0.147237 0.894126 -0.014193 0.081223 -0.050975 0.291723 0.972111 1.131952 0.819011 1.658175 0.419090 -1.397806
0.500000 0.879997 0.103930 0.894126 0.010018 0.081223 0.035981 0.291723 1.012124 1.054100 0.193113 -0.604075 0.417532 1.448075
0.586956 0.920000 0.355097 1.016734 0.034229 0.092361 0.122938 0.331726 1.091292 1.002906 0.898179 1.606981 0.472264 1.215889
0.739131 0.920000 0.794644 1.016734 0.076599 0.092361 0.275113 0.331726 1.180134 0.893984 0.281955 -0.712998 0.532547 0.878421
0.782609 0.959997 0.920227 1.139324 0.088704 0.103497 0.318591 0.371723 1.238577 0.886843 0.956622 1.599841 0.589487 0.862214
0.826088 0.959997 1.045811 1.139324 0.100810 0.103497 0.362069 0.371723 1.266497 0.860232 0.309875 -0.739609 0.614075 0.798553
0.891303 1.000000 1.234181 1.261932 0.118967 0.114635 0.427284 0.411726 1.339560 0.842807 1.029685 1.582416 0.685455 0.766856
0.913044 1.000000 1.296978 1.261932 0.125021 0.114635 0.449025 0.411726 1.354123 0.830821 0.324438 -0.751595 0.699214 0.742091
0.956522 1.000000 1.422561 1.261932 0.137126 0.114635 0.492503 0.411726 1.383811 0.807617 1.059373 1.559211 0.727898 0.696301
0.978263 1.000000 1.485358 1.261932 0.143179 0.114635 0.514244 0.411726 1.398927 0.796386 0.339554 -0.762826 0.742781 0.675133
1.000000 0.959997 1.548145 1.139324 0.149231 0.103497 0.535981 0.371723 1.386216 0.764991 1.046662 1.527817 0.730254 0.606375
1.000000 0.920000 1.548145 1.016734 0.149231 0.092361 0.535981 0.331726 1.358823 0.743756 0.312161 -0.784061 0.703701 0.554210
1.000000 0.879997 1.548145 0.894126 0.149231 0.081223 0.535981 0.291723 1.332064 0.721653 1.019903 1.505714 0.678465 0.498440
1.000000 0.799998 1.548145 0.648928 0.149231 0.058949 0.535981 0.211723 1.280623 0.674739 0.260720 -0.830975 0.632580 0.376206
0.956522 0.760001 1.422561 0.526338 0.137126 0.047813 0.492503 0.171726 1.221694 0.671407 0.960973 1.502382 0.574600 0.335499
0.913044 0.760001 1.296978 0.526338 0.125021 0.047813 0.449025 0.171726 1.187960 0.694176 0.226987 -0.808205 0.537800 0.365280
0.891303 0.799998 1.234181 0.648928 0.118967 0.058949 0.427284 0.211723 1.197672 0.731465 0.970684 1.539670 0.543557 0.460048
0.891303 0.840000 1.234181 0.771536 0.118967 0.070087 0.427284 0.251726 1.224754 0.755774 0.254069 -0.783896 0.569152 0.532388
0.869566 0.959997 1.171394 1.139324 0.112915 0.103497 0.405547 0.371723 1.295276 0.834786 1.041206 1.618682 0.640674 0.741909
0.869566 1.000000 1.171394 1.261932 0.112915 0.114635 0.405547 0.411726 1.325196 0.855052 0.283990 -0.763629 0.672119 0.792958
