0.185185 0.749995 -0.673465 0.769806 -0.060655 0.063544 -0.225764 0.236516 0.772519 1.328724 0.772519 1.328724 0.407335 -0.808653
0.166668 0.708332 -0.728702 0.634201 -0.065630 0.052350 -0.244281 0.194852 0.727676 1.339704 -0.044843 0.010980 0.384851 -0.673311
0.148148 0.624999 -0.783948 0.362972 -0.070606 0.029962 -0.262800 0.111520 0.642317 1.338055 0.687161 1.327075 0.338942 -0.401321
0.129631 0.541666 -0.839185 0.091742 -0.075581 0.007573 -0.281318 0.028187 0.556962 1.335896 -0.130199 0.008821 0.310204 -0.099863
0.092594 0.416664 -0.949668 -0.315113 -0.085531 -0.026011 -0.318354 -0.096816 0.426828 1.352123 0.557027 1.343302 0.318406 0.295225
0.092594 0.333331 -0.949668 -0.586343 -0.085531 -0.048400 -0.318354 -0.180148 0.345953 1.299845 -0.211075 -0.043458 0.327680 0.514948
0.092594 0.249998 -0.949668 -0.857572 -0.085531 -0.070789 -0.318354 -0.263481 0.266595 1.216085 0.477670 1.259542 0.356727 0.691366
0.092594 0.208335 -0.949668 -0.993177 -0.085531 -0.081982 -0.318354 -0.305144 0.227985 1.152571 -0.249685 -0.106972 0.377361 0.764214
0.111111 0.125002 -0.894431 -1.264406 -0.080556 -0.104371 -0.299837 -0.388477 0.167246 0.844165 0.416931 0.951136 0.414328 0.913471
0.111111 0.083333 -0.894431 -1.400031 -0.080556 -0.115566 -0.299837 -0.430147 0.138888 0.643499 -0.278042 -0.307637 0.444111 0.962047
0.129631 0.083333 -0.839185 -1.400031 -0.075581 -0.115566 -0.281318 -0.430147 0.154105 0.571331 0.432148 0.878968 0.431823 0.991612
0.185185 0.083333 -0.673465 -1.400031 -0.060655 -0.115566 -0.225764 -0.430147 0.203071 0.422853 -0.229077 -0.456115 0.397871 1.087465
0.203705 0.083333 -0.618219 -1.400031 -0.055680 -0.115566 -0.207244 -0.430147 0.220091 0.388315 0.449167 0.844430 0.387662 1.121816
0.222222 0.125002 -0.562981 -1.264406 -0.050705 -0.104371 -0.188727 -0.388477 0.254967 0.512399 -0.194201 -0.332032 0.342612 1.118564
0.222222 0.166666 -0.562981 -1.128802 -0.050705 -0.093178 -0.188727 -0.346814 0.277777 0.643499 0.471977 0.975531 0.308694 1.072438
0.240741 0.208335 -0.507736 -0.993177 -0.045729 -0.081982 -0.170207 -0.305144 0.318371 0.713361 -0.153607 -0.262170 0.264617 1.061991
0.240741 0.249998 -0.507736 -0.857572 -0.045729 -0.070789 -0.170207 -0.263481 0.347067 0.804259 0.500674 1.066429 0.234254 0.997244
0.259259 0.249998 -0.452498 -0.857572 -0.040754 -0.070789 -0.151690 -0.263481 0.360159 0.767217 -0.140515 -0.299213 0.221166 1.048426
0.259259 0.291668 -0.452498 -0.721947 -0.040754 -0.059593 -0.151690 -0.221812 0.390237 0.844158 0.530753 1.143370 0.192970 0.970980
0.277778 0.291668 -0.397253 -0.721947 -0.035778 -0.059593 -0.133170 -0.221812 0.402779 0.809785 -0.127973 -0.333586 0.178779 1.030102
0.296298 0.249998 -0.342007 -0.857572 -0.030803 -0.070789 -0.114650 -0.263481 0.387675 0.700848 0.515648 1.034434 0.197609 1.160372
0.314815 0.249998 -0.286769 -0.857572 -0.025828 -0.070789 -0.096133 -0.263481 0.402005 0.671140 -0.113644 -0.363294 0.187474 1.220948
0.314815 0.208335 -0.286769 -0.993177 -0.025828 -0.081982 -0.096133 -0.305144 0.377508 0.584605 0.491151 0.947898 0.224262 1.265599
0.333335 0.125002 -0.231524 -1.264406 -0.020852 -0.104371 -0.077613 -0.388477 0.356003 0.358775 -0.135149 -0.589123 0.296292 1.373605
0.388889 0.041670 -0.065803 -1.535636 -0.005927 -0.126760 -0.022059 -0.471810 0.391115 0.106743 0.526264 0.695866 0.369937 1.524076
0.407409 0.041670 -0.010557 -1.535636 -0.000951 -0.126760 -0.003539 -0.471810 0.409534 0.101925 -0.116730 -0.593941 0.369296 1.563295
0.425926 0.000000 0.044680 -1.671261 0.004024 -0.137955 0.014978 -0.513480 0.425926 0.000000 0.542656 0.593941 0.411221 -1.541635
0.462963 0.000000 0.155163 -1.671261 0.013975 -0.137955 0.052015 -0.513480 0.462963 0.000000 -0.079693 -0.593941 0.414227 -1.469842
0.481483 0.000000 0.210409 -1.671261 0.018950 -0.137955 0.070535 -0.513480 0.481483 0.000000 0.561176 0.593941 0.416958 -1.434284
0.518520 0.125002 0.320892 -1.264406 0.028901 -0.104371 0.107572 -0.388477 0.533375 0.236562 -0.027801 -0.357380 0.305511 -1.300659
0.537037 0.208335 0.376129 -0.993177 0.033876 -0.081982 0.126089 -0.305144 0.576031 0.370062 0.603832 0.727442 0.238643 -1.178954
0.537037 0.291668 0.376129 -0.721947 0.033876 -0.059593 0.126089 -0.221812 0.611129 0.497535 0.007297 -0.229907 0.173569 -1.053899
0.518520 0.375001 0.320892 -0.450717 0.028901 -0.037205 0.107572 -0.138479 0.639913 0.626136 0.632616 0.856043 0.113419 -0.910357
0.500000 0.499997 0.265646 -0.043883 0.023925 -0.003622 0.089052 -0.013483 0.707105 0.785395 0.074489 -0.070648 0.125936 -0.150262
0.425926 0.666662 0.044680 0.498576 0.004024 0.041155 0.014978 0.153183 0.791108 1.002269 0.716620 1.072917 0.256153 1.473328
0.388889 0.749995 -0.065803 0.769806 -0.005927 0.063544 -0.022059 0.236516 0.844824 1.092441 0.128205 0.019524 0.339764 -1.477799
0.277778 0.916667 -0.397253 1.312286 -0.035778 0.108323 -0.133170 0.403188 0.957831 1.276561 0.829626 1.257037 0.522959 -1.251785
0.222222 0.958330 -0.562981 1.447890 -0.050705 0.119517 -0.188727 0.444851 0.983758 1.342939 0.154132 0.085902 0.579004 -1.169564
0.185185 1.000000 -0.673465 1.583515 -0.060655 0.130712 -0.225764 0.486520 1.017002 1.387686 0.862870 1.301784 0.630834 -1.136331
0.129631 1.000000 -0.839185 1.583515 -0.075581 0.130712 -0.281318 0.486520 1.008367 1.441885 0.145497 0.140101 0.652780 -1.046543
0.092594 1.000000 -0.949668 1.583515 -0.085531 0.130712 -0.318354 0.486520 1.004278 1.478466 0.858781 1.338365 0.669576 -0.991369
0.055557 1.000000 -1.060151 1.583515 -0.095482 0.130712 -0.355391 0.486520 1.001542 1.515297 0.142761 0.176931 0.687957 -0.939908
0.000000 0.958330 -1.225880 1.447890 -0.110408 0.119517 -0.410948 0.444851 0.958330 1.570796 0.815569 1.393865 0.684475 -0.824993
0.000000 0.916667 -1.225880 1.312286 -0.110408 0.108323 -0.410948 0.403188 0.916667 1.570796 0.101098 0.176931 0.651636 -0.775866
0.018520 0.874998 -1.170634 1.176660 -0.105433 0.097128 -0.392428 0.361518 0.875194 1.549634 0.774096 1.372703 0.607735 -0.744423
0.055557 0.874998 -1.060151 1.176660 -0.095482 0.097128 -0.355391 0.361518 0.876760 1.507388 0.102664 0.134685 0.584504 -0.793944
0.129631 0.874998 -0.839185 1.176660 -0.075581 0.097128 -0.281318 0.361518 0.884548 1.423716 0.781884 1.289031 0.542661 -0.909517
0.259259 0.916667 -0.452498 1.312286 -0.040754 0.108323 -0.151690 0.403188 0.952625 1.295168 0.170741 0.006137 0.527979 -1.210951
0.333335 0.916667 -0.231524 1.312286 -0.020852 0.108323 -0.077613 0.403188 0.975393 1.222024 0.804652 1.215887 0.511640 -1.380624
0.425926 0.916667 0.044680 1.312286 0.004024 0.108323 0.014978 0.403188 1.010788 1.135829 0.206136 -0.080058 0.505941 1.533665
0.500000 0.958330 0.265646 1.447890 0.023925 0.119517 0.089052 0.444851 1.080924 1.089908 0.874789 1.169966 0.554579 1.373224
0.666668 0.958330 0.762825 1.447890 0.068703 0.119517 0.255719 0.444851 1.167409 0.962992 0.292620 -0.206973 0.604169 1.049080
0.740741 0.916667 0.983791 1.312286 0.088605 0.108323 0.329793 0.403188 1.178549 0.891147 0.885929 1.098121 0.603751 0.885197
0.796295 0.874998 1.149511 1.176660 0.103530 0.097128 0.385347 0.361518 1.183092 0.832454 0.297164 -0.265667 0.603187 0.753503
0.888889 0.791665 1.425723 0.905431 0.128407 0.074739 0.477941 0.278185 1.190318 0.727610 0.893154 0.993277 0.611042 0.527116
0.925926 0.749995 1.536207 0.769806 0.138358 0.063544 0.514978 0.236516 1.191567 0.680806 0.298413 -0.312471 0.616567 0.430539
0.962963 0.624999 1.646690 0.362972 0.148308 0.029962 0.552015 0.111520 1.148008 0.575698 0.849595 0.888169 0.592063 0.199340
0.981483 0.583330 1.701935 0.227346 0.153284 0.018766 0.570535 0.069850 1.141745 0.536244 0.292150 -0.351926 0.596008 0.121823
0.962963 0.458334 1.646690 -0.179488 0.148308 -0.014816 0.552015 -0.055146 1.066474 0.444233 0.774324 0.796158 0.554045 -0.099569
0.944446 0.416664 1.591452 -0.315113 0.143333 -0.026011 0.533498 -0.096816 1.032273 0.415489 0.257949 -0.380669 0.533528 -0.179519
0.888889 0.416664 1.425723 -0.315113 0.128407 -0.026011 0.477941 -0.096816 0.981699 0.438334 0.723750 0.819003 0.477975 -0.199864
0.851852 0.416664 1.315240 -0.315113 0.118456 -0.026011 0.440904 -0.096816 0.948294 0.454912 0.224544 -0.364092 0.440941 -0.216154
0.814815 0.416664 1.204757 -0.315113 0.108506 -0.026011 0.403867 -0.096816 0.915168 0.472694 0.690625 0.836786 0.403908 -0.235281
0.814815 0.458334 1.204757 -0.179488 0.108506 -0.014816 0.403867 -0.055146 0.934876 0.512389 0.244252 -0.324397 0.406637 -0.135706
0.851852 0.624999 1.315240 0.362972 0.118456 0.029962 0.440904 0.111520 1.056540 0.632984 0.812288 0.957380 0.490117 0.247738
0.888889 0.708332 1.425723 0.634201 0.128407 0.052350 0.477941 0.194852 1.136599 0.672831 0.324311 -0.284549 0.562907 0.387119
0.962963 0.833328 1.646690 1.041035 0.148308 0.085933 0.552015 0.319849 1.273473 0.713355 0.949162 0.997904 0.695072 0.525150
1.000000 0.874998 1.757173 1.176660 0.158259 0.097128 0.589052 0.361518 1.328767 0.718829 0.379605 -0.279075 0.749883 0.550453
