0.225808 0.818182 -0.621537 0.774742 -0.053797 0.070927 -0.188003 0.247868 0.848770 1.301512 0.848770 1.301512 0.445938 -0.921888
0.193550 0.818182 -0.728181 0.774742 -0.063028 0.070927 -0.220261 0.247868 0.840763 1.338505 -0.008007 0.036993 0.460467 -0.844302
0.161292 0.818182 -0.834826 0.774742 -0.072258 0.070927 -0.252519 0.247868 0.833928 1.376157 0.841935 1.339164 0.476740 -0.776102
0.096776 0.681822 -1.048115 0.348531 -0.090719 0.031908 -0.317035 0.111507 0.688655 1.429800 -0.153280 0.090636 0.415139 -0.338206
0.064516 0.590913 -1.154768 0.064383 -0.099951 0.005894 -0.349296 0.020598 0.594424 1.462047 0.747704 1.371410 0.391628 -0.058903
0.032258 0.454545 -1.261413 -0.361850 -0.109181 -0.033127 -0.381554 -0.115769 0.455689 1.499948 -0.292015 0.128537 0.383722 0.294586
0.016130 0.363636 -1.314731 -0.645999 -0.113796 -0.059141 -0.397681 -0.206678 0.363994 1.526467 0.656009 1.397930 0.400834 0.479289
0.000000 0.227276 -1.368057 -1.072210 -0.118412 -0.098160 -0.413812 -0.343038 0.227276 1.570796 -0.428733 0.172866 0.453911 0.692159
0.000000 0.136367 -1.368057 -1.356358 -0.118412 -0.124174 -0.413812 -0.433947 0.136367 1.570796 0.565100 1.397930 0.498212 0.809145
0.016130 0.090909 -1.314731 -1.498443 -0.113796 -0.137181 -0.397681 -0.479405 0.092329 1.395192 -0.472771 -0.002739 0.512266 0.878306
0.032258 0.045458 -1.261413 -1.640507 -0.109181 -0.150187 -0.381554 -0.524856 0.055741 0.953642 0.528511 0.956380 0.530347 0.942200
0.064516 0.000000 -1.154768 -1.782591 -0.099951 -0.163195 -0.349296 -0.570314 0.064516 0.000000 -0.463995 -0.956380 0.541523 1.021264
0.096776 0.000000 -1.048115 -1.782591 -0.090719 -0.163195 -0.317035 -0.570314 0.096776 0.000000 0.560772 0.956380 0.521298 1.063438
0.129034 0.090909 -0.941471 -1.498443 -0.081489 -0.137181 -0.284777 -0.479405 0.157843 0.613762 -0.402929 -0.342618 0.430539 1.034784
0.193550 0.272727 -0.728181 -0.930147 -0.063028 -0.085154 -0.220261 -0.297587 0.334428 0.953600 0.737357 1.296218 0.261572 0.933624
0.209678 0.363636 -0.674863 -0.645999 -0.058413 -0.059141 -0.204133 -0.206678 0.419757 1.047749 -0.317599 -0.248469 0.210209 0.791592
0.225808 0.409094 -0.621537 -0.503914 -0.053797 -0.046133 -0.188003 -0.161220 0.467277 1.066441 0.784876 1.314910 0.188062 0.708854
0.241936 0.500003 -0.568219 -0.219766 -0.049182 -0.020119 -0.171875 -0.070311 0.555461 1.120137 -0.229416 -0.194773 0.192276 0.388310
0.241936 0.545455 -0.568219 -0.077702 -0.049182 -0.007114 -0.171875 -0.024860 0.596702 1.153320 0.826118 1.348093 0.216497 0.143642
0.258066 0.545455 -0.514892 -0.077702 -0.044566 -0.007114 -0.155745 -0.024860 0.603423 1.128882 -0.222695 -0.219211 0.203928 0.158283
0.258066 0.500003 -0.514892 -0.219766 -0.044566 -0.020119 -0.155745 -0.070311 0.562674 1.094329 0.785369 1.313540 0.178005 0.424057
0.258066 0.409094 -0.514892 -0.503914 -0.044566 -0.046133 -0.155745 -0.161220 0.483690 1.008020 -0.301679 -0.305519 0.155817 0.802669
0.274194 0.363636 -0.461574 -0.645999 -0.039951 -0.059141 -0.139617 -0.206678 0.455427 0.924719 0.757106 1.230238 0.148360 0.976682
0.290324 0.272727 -0.408248 -0.930147 -0.035336 -0.085154 -0.123487 -0.297587 0.398332 0.754155 -0.358774 -0.476083 0.187494 1.177459
0.322582 0.181818 -0.301603 -1.214295 -0.026105 -0.111168 -0.091229 -0.388496 0.370293 0.513250 0.729067 0.989333 0.249286 1.340149
0.354840 0.136367 -0.194958 -1.356358 -0.016875 -0.124174 -0.058971 -0.433947 0.380142 0.366904 -0.348925 -0.622429 0.283642 1.435729
0.403226 0.136367 -0.034996 -1.356358 -0.003029 -0.124174 -0.010585 -0.433947 0.425661 0.326115 0.774586 0.948544 0.277646 1.546408
0.435484 0.136367 0.071649 -1.356358 0.006202 -0.124174 0.021672 -0.433947 0.456336 0.303467 -0.318251 -0.645077 0.278290 -1.520895
0.516130 0.227276 0.338265 -1.072210 0.029278 -0.098160 0.102319 -0.343038 0.563955 0.414797 0.882205 1.059874 0.212755 -1.280926
0.532258 0.363636 0.391583 -0.645999 0.033893 -0.059141 0.118446 -0.206678 0.644616 0.599359 -0.237589 -0.460516 0.128636 -1.050393
0.548388 0.500003 0.444909 -0.219766 0.038509 -0.020119 0.134577 -0.070311 0.742114 0.739279 0.979703 1.199795 0.159812 -0.481453
0.548388 0.590913 0.444909 0.064383 0.038509 0.005894 0.134577 0.020598 0.806168 0.822706 -0.173535 -0.377089 0.222431 0.151881
0.516130 0.727273 0.338265 0.490594 0.029278 0.044914 0.102319 0.156958 0.891805 0.953604 1.065340 1.330693 0.329738 0.993098
0.403226 0.909091 -0.034996 1.058890 -0.003029 0.096941 -0.010585 0.338777 0.994504 1.153320 -0.070836 -0.177373 0.495392 -1.539560
0.338710 0.954549 -0.248285 1.200975 -0.021490 0.109948 -0.075101 0.384235 1.012861 1.229818 1.083697 1.407191 0.545928 -1.377773
0.274194 1.000000 -0.461574 1.343039 -0.039951 0.122954 -0.139617 0.429686 1.036910 1.303180 -0.046787 -0.104012 0.602586 -1.256628
0.225808 1.000000 -0.621537 1.343039 -0.053797 0.122954 -0.188003 0.429686 1.025178 1.348713 1.071965 1.452724 0.615599 -1.158355
0.193550 1.000000 -0.728181 1.343039 -0.063028 0.122954 -0.220261 0.429686 1.018559 1.379610 -0.053406 -0.073114 0.626204 -1.097112
0.161292 1.000000 -0.834826 1.343039 -0.072258 0.122954 -0.252519 0.429686 1.012924 1.410881 1.066331 1.483995 0.638266 -1.039482
0.112904 0.954549 -0.994797 1.200975 -0.086104 0.109948 -0.300907 0.384235 0.961203 1.453063 -0.105128 -0.030932 0.618823 -0.906424
0.096776 0.954549 -1.048115 1.200975 -0.090719 0.109948 -0.317035 0.384235 0.959442 1.469757 1.064570 1.500689 0.626824 -0.880932
0.112904 0.909091 -0.994797 1.058890 -0.086104 0.096941 -0.300907 0.338777 0.916075 1.447234 -0.148495 -0.053455 0.579523 -0.844529
0.193550 0.863640 -0.728181 0.916827 -0.063028 0.083935 -0.220261 0.293326 0.885062 1.350329 1.033557 1.403784 0.500860 -0.926713
0.258066 0.863640 -0.514892 0.916827 -0.044566 0.083935 -0.155745 0.293326 0.901372 1.280429 -0.132185 -0.123355 0.476027 -1.082686
0.338710 0.863640 -0.248285 0.916827 -0.021490 0.083935 -0.075101 0.293326 0.927684 1.197042 1.059869 1.320396 0.456054 -1.320146
0.435484 0.909091 0.071649 1.058890 0.006202 0.096941 0.021672 0.338777 1.008014 1.124063 -0.051855 -0.196333 0.495753 1.506911
0.548388 0.954549 0.444909 1.200975 0.038509 0.109948 0.134577 0.384235 1.100860 1.049338 1.152715 1.245671 0.557232 1.233902
0.645162 0.954549 0.764843 1.200975 0.066201 0.109948 0.231351 0.384235 1.152128 0.976441 -0.000588 -0.269230 0.588150 1.028828
0.806452 0.954549 1.298066 1.200975 0.112354 0.109948 0.392641 0.384235 1.249611 0.869299 1.250199 1.138529 0.668254 0.774578
0.870968 0.954549 1.511355 1.200975 0.130815 0.109948 0.457157 0.384235 1.292188 0.831151 0.041989 -0.307378 0.708088 0.698946
0.967742 0.863640 1.831289 0.916827 0.158507 0.083935 0.553930 0.293326 1.297073 0.728616 1.255084 1.035994 0.713572 0.486995
0.983872 0.772731 1.884615 0.632679 0.163123 0.057921 0.570061 0.202416 1.251046 0.665773 -0.004038 -0.370220 0.673641 0.341192
1.000000 0.681822 1.937934 0.348531 0.167737 0.031908 0.586188 0.111507 1.210323 0.598421 1.214360 0.968642 0.644551 0.187979
0.983872 0.545455 1.884615 -0.077702 0.163123 -0.007114 0.570061 -0.024860 1.124956 0.506212 -0.089405 -0.462430 0.585063 -0.043581
0.967742 0.500003 1.831289 -0.219766 0.158507 -0.020119 0.553930 -0.070311 1.089279 0.476895 1.178684 0.939325 0.560596 -0.126256
0.935484 0.454545 1.724645 -0.361850 0.149276 -0.033127 0.521672 -0.115769 1.040068 0.452299 -0.138615 -0.487026 0.523260 -0.218380
0.887098 0.409094 1.564682 -0.503914 0.135431 -0.046133 0.473287 -0.161220 0.976884 0.432096 1.115499 0.919122 0.473310 -0.328311
0.822582 0.454545 1.351392 -0.361850 0.116970 -0.033127 0.408771 -0.115769 0.939816 0.504825 -0.175683 -0.414297 0.410795 -0.275985
0.822582 0.500003 1.351392 -0.219766 0.116970 -0.020119 0.408771 -0.070311 0.962624 0.546169 1.138307 0.960466 0.417759 -0.170339
0.806452 0.590913 1.298066 0.064383 0.112354 0.005894 0.392641 0.020598 0.999771 0.632357 -0.138536 -0.328109 0.430734 0.052413
0.822582 0.636364 1.351392 0.206446 0.116970 0.018900 0.408771 0.066049 1.040000 0.658445 1.178536 0.986554 0.465428 0.160196
0.854840 0.636364 1.458037 0.206446 0.126200 0.018900 0.441029 0.066049 1.065697 0.639923 -0.112839 -0.346631 0.494000 0.148657
0.919356 0.590913 1.671326 0.064383 0.144661 0.005894 0.505545 0.020598 1.092883 0.571259 1.205722 0.917890 0.535668 0.040722
0.935484 0.545455 1.724645 -0.077702 0.149276 -0.007114 0.521672 -0.024860 1.082890 0.527879 -0.122832 -0.390011 0.538026 -0.047618
