0.254903 0.954542 -0.564623 1.173102 -0.050930 0.106598 -0.175837 0.368031 0.987991 1.309843 0.987991 1.309843 0.552528 -1.125084
0.215687 0.954542 -0.690547 1.173102 -0.062289 0.106598 -0.215053 0.368031 0.978607 1.348569 -0.009384 0.038726 0.566230 -1.041976
0.176472 0.863634 -0.816470 0.883331 -0.073647 0.080267 -0.254269 0.277123 0.881479 1.369235 0.890863 1.330509 0.502045 -0.828380
0.137256 0.772725 -0.942394 0.593560 -0.085006 0.053936 -0.293484 0.186215 0.784821 1.395004 -0.106042 0.064495 0.450651 -0.565398
0.078431 0.636366 -1.131283 0.158914 -0.102044 0.014440 -0.352309 0.049855 0.641181 1.448166 0.747224 1.383671 0.407926 -0.140577
0.019606 0.363641 -1.320173 -0.710400 -0.119082 -0.064553 -0.411134 -0.222870 0.364169 1.516932 -0.383055 0.133261 0.416574 0.496747
0.000000 0.227275 -1.383130 -1.145068 -0.124761 -0.104050 -0.430740 -0.359236 0.227275 1.570796 0.610329 1.437536 0.476378 0.695130
0.019606 0.000000 -1.320173 -1.869507 -0.119082 -0.169879 -0.411134 -0.586511 0.019606 0.000000 -0.590723 -1.437536 0.595457 0.959411
0.039216 0.000000 -1.257207 -1.869507 -0.113403 -0.169879 -0.391525 -0.586511 0.039216 0.000000 0.629939 1.437536 0.582090 0.982183
0.078431 0.000000 -1.131283 -1.869507 -0.102044 -0.169879 -0.352309 -0.586511 0.078431 0.000000 -0.551507 -1.437536 0.556470 1.029872
0.117647 0.000000 -1.005360 -1.869507 -0.090685 -0.169879 -0.313094 -0.586511 0.117647 0.000000 0.669154 1.437536 0.532508 1.080457
0.137256 0.090908 -0.942394 -1.579735 -0.085006 -0.143548 -0.293484 -0.495602 0.164632 0.584992 -0.504522 -0.852544 0.449020 1.036149
0.176472 0.181824 -0.816470 -1.289942 -0.073647 -0.117215 -0.254269 -0.404687 0.253382 0.800334 0.757904 1.652878 0.355826 1.009821
0.196078 0.227275 -0.753513 -1.145068 -0.067968 -0.104050 -0.234662 -0.359236 0.300167 0.858954 -0.457737 -0.793924 0.310588 0.992157
0.215687 0.318183 -0.690547 -0.855296 -0.062289 -0.077719 -0.215053 -0.268328 0.384398 0.975076 0.842134 1.769000 0.242728 0.895168
0.215687 0.363641 -0.690547 -0.710400 -0.062289 -0.064553 -0.215053 -0.222870 0.422795 1.035441 -0.419339 -0.733559 0.225278 0.803247
0.235294 0.409092 -0.627590 -0.565525 -0.056610 -0.051388 -0.195447 -0.177419 0.471931 1.048841 0.891270 1.782399 0.196642 0.737088
0.235294 0.454549 -0.627590 -0.420629 -0.056610 -0.038222 -0.195447 -0.131962 0.511838 1.093135 -0.379432 -0.689264 0.196892 0.593873
0.235294 0.500000 -0.627590 -0.275754 -0.056610 -0.025057 -0.195447 -0.086511 0.552597 1.130954 0.932029 1.820219 0.207355 0.416709
0.254903 0.454549 -0.564623 -0.420629 -0.050930 -0.038222 -0.175837 -0.131962 0.521143 1.059713 -0.410886 -0.760506 0.177442 0.643805
0.254903 0.409092 -0.564623 -0.565525 -0.050930 -0.051388 -0.175837 -0.177419 0.482008 1.013568 0.892893 1.774074 0.177165 0.789876
0.274509 0.363641 -0.501666 -0.710400 -0.045251 -0.064553 -0.156231 -0.222870 0.455620 0.924172 -0.437273 -0.849902 0.170031 0.959402
0.294119 0.272732 -0.438700 -1.000171 -0.039572 -0.090884 -0.136622 -0.313779 0.401109 0.747688 0.838382 1.597589 0.208883 1.160143
0.313725 0.227275 -0.375743 -1.145068 -0.033893 -0.104050 -0.117015 -0.359236 0.387398 0.626940 -0.450984 -0.970649 0.234715 1.255901
0.333334 0.181824 -0.312776 -1.289942 -0.028213 -0.117215 -0.097406 -0.404687 0.379699 0.499358 0.830684 1.470008 0.267297 1.334594
0.411766 0.136366 -0.060929 -1.434839 -0.005496 -0.130381 -0.018975 -0.450145 0.433759 0.319806 -0.396925 -1.150202 0.294985 1.528668
0.450981 0.136366 0.064994 -1.434839 0.005863 -0.130381 0.020241 -0.450145 0.471147 0.293636 0.868072 1.443837 0.295069 -1.525862
0.470588 0.181824 0.127951 -1.289942 0.011541 -0.117215 0.039847 -0.404687 0.504492 0.368707 -0.363580 -1.075130 0.252086 -1.472649
0.490197 0.272732 0.190917 -1.000171 0.017221 -0.090884 0.059456 -0.313779 0.560960 0.507723 0.924540 1.582853 0.168824 -1.383532
0.509803 0.363641 0.253874 -0.710400 0.022900 -0.064553 0.079063 -0.222870 0.626206 0.619594 -0.298334 -0.963259 0.103698 -1.229898
0.509803 0.545458 0.253874 -0.130857 0.022900 -0.011891 0.079063 -0.041053 0.746608 0.819173 1.044942 1.782432 0.139323 -0.478928
0.470588 0.636366 0.127951 0.158914 0.011541 0.014440 0.039847 0.049855 0.791464 0.934054 -0.253478 -0.848378 0.209451 0.896510
0.411766 0.727275 -0.060929 0.448685 -0.005496 0.040771 -0.018975 0.140764 0.835751 1.055619 1.089229 1.903996 0.297141 -1.436804
0.372550 0.772725 -0.186853 0.593560 -0.016854 0.053936 -0.058191 0.186215 0.857845 1.121551 -0.231384 -0.782445 0.346900 -1.267919
0.313725 0.818183 -0.375743 0.738456 -0.033893 0.067102 -0.117015 0.231672 0.876269 1.204646 1.107653 1.987091 0.404728 -1.103084
0.254903 0.863634 -0.564623 0.883331 -0.050930 0.080267 -0.175837 0.277123 0.900466 1.283793 -0.207187 -0.703298 0.467242 -1.005387
0.176472 0.863634 -0.816470 0.883331 -0.073647 0.080267 -0.254269 0.277123 0.881479 1.369235 1.088666 2.072532 0.502045 -0.828380
0.137256 0.863634 -0.942394 0.883331 -0.085006 0.080267 -0.293484 0.277123 0.874473 1.413186 -0.214193 -0.659346 0.523001 -0.756732
0.117647 0.863634 -1.005360 0.883331 -0.090685 0.080267 -0.313094 0.277123 0.871610 1.435407 1.085803 2.094753 0.534251 -0.724529
0.137256 0.863634 -0.942394 0.883331 -0.085006 0.080267 -0.293484 0.277123 0.874473 1.413186 -0.211331 -0.681567 0.523001 -0.756732
0.176472 0.863634 -0.816470 0.883331 -0.073647 0.080267 -0.254269 0.277123 0.881479 1.369235 1.092810 2.050802 0.502045 -0.828380
0.235294 0.863634 -0.627590 0.883331 -0.056610 0.080267 -0.195447 0.277123 0.895113 1.304806 -0.197697 -0.745996 0.474970 -0.956542
0.333334 0.863634 -0.312776 0.883331 -0.028213 0.080267 -0.097406 0.277123 0.925730 1.202445 1.123427 1.948441 0.443717 -1.232794
0.529412 0.909092 0.316841 1.028227 0.028580 0.093433 0.098672 0.322581 1.052010 1.043453 -0.071417 -0.904988 0.488422 1.273951
0.627450 0.954542 0.631645 1.173102 0.056976 0.106598 0.196710 0.368031 1.142298 0.989285 1.213715 1.894273 0.559520 1.079938
0.705884 0.954542 0.883501 1.173102 0.079694 0.106598 0.275144 0.368031 1.187192 0.934049 -0.026523 -0.960224 0.591669 0.928827
0.784316 0.954542 1.135348 1.173102 0.102411 0.106598 0.353575 0.368031 1.235436 0.882983 1.261959 1.843207 0.631968 0.805429
0.921569 1.000000 1.576075 1.317999 0.142165 0.119764 0.490828 0.413489 1.359886 0.826192 0.097926 -1.017015 0.751644 0.700084
0.960784 1.000000 1.701999 1.317999 0.153524 0.119764 0.530044 0.413489 1.386761 0.805395 1.288835 1.822411 0.777819 0.662491
1.000000 0.909092 1.827922 1.028227 0.164882 0.093433 0.569260 0.322581 1.351461 0.737815 0.062626 -1.084595 0.743556 0.515549
1.000000 0.863634 1.827922 0.883331 0.164882 0.080267 0.569260 0.277123 1.321311 0.712356 1.258685 1.796951 0.715159 0.453043
1.000000 0.818183 1.827922 0.738456 0.164882 0.067102 0.569260 0.231672 1.292062 0.685730 0.033377 -1.111221 0.688599 0.386501
0.921569 0.727275 1.576075 0.448685 0.142165 0.040771 0.490828 0.140764 1.173975 0.668102 1.140598 1.779324 0.573450 0.279292
0.882353 0.681817 1.450152 0.303789 0.130807 0.027605 0.451613 0.095306 1.115088 0.657888 -0.025510 -1.121436 0.516714 0.207983
0.862747 0.636366 1.387195 0.158914 0.125128 0.014440 0.432006 0.049855 1.072051 0.635521 1.097561 1.756957 0.478447 0.114896
0.803922 0.636366 1.198305 0.158914 0.108089 0.014440 0.373181 0.049855 1.025306 0.669584 -0.072255 -1.087373 0.426082 0.132809
0.803922 0.681817 1.198305 0.303789 0.108089 0.027605 0.373181 0.095306 1.054118 0.703398 1.126373 1.790771 0.449782 0.250043
0.803922 0.727275 1.198305 0.448685 0.108089 0.040771 0.373181 0.140764 1.084075 0.735383 -0.042298 -1.055388 0.476652 0.360697
0.823531 0.772725 1.261271 0.593560 0.113769 0.053936 0.392791 0.186215 1.129295 0.753581 1.171594 1.808969 0.520805 0.442698
0.862747 0.818183 1.387195 0.738456 0.125128 0.067102 0.432006 0.231672 1.189015 0.758893 0.017421 -1.050076 0.580294 0.492241
0.941178 0.818183 1.639042 0.738456 0.147845 0.067102 0.510438 0.231672 1.247092 0.715603 1.229672 1.765679 0.640826 0.426067
0.980394 0.772725 1.764965 0.593560 0.159203 0.053936 0.549653 0.186215 1.248309 0.667491 0.018638 -1.098187 0.647358 0.326649
