0.195650 0.952378 -0.731518 1.278907 -0.067241 0.119918 -0.233973 0.417269 0.972266 1.368182 0.972266 1.368182 0.572726 -1.059756
0.152172 0.904762 -0.867452 1.132969 -0.079736 0.106234 -0.277452 0.369654 0.917470 1.404166 -0.054796 0.035984 0.550215 -0.926930
0.108694 0.809524 -1.003387 0.841071 -0.092231 0.078864 -0.320930 0.274416 0.816789 1.437326 0.871585 1.401342 0.497314 -0.707428
0.065216 0.714287 -1.139321 0.549172 -0.104726 0.051494 -0.364408 0.179179 0.717258 1.479747 -0.154328 0.078405 0.462414 -0.456984
0.043478 0.571427 -1.207283 0.111314 -0.110973 0.010437 -0.386145 0.036318 0.573078 1.494856 0.727406 1.416451 0.411359 -0.093778
0.000000 0.380951 -1.343217 -0.472483 -0.123469 -0.044303 -0.429623 -0.154157 0.380951 1.570796 -0.346455 0.154346 0.432372 0.344510
0.000000 0.238098 -1.343217 -0.910319 -0.123469 -0.085357 -0.429623 -0.297010 0.238098 1.570796 0.584553 1.416451 0.470381 0.604881
0.000000 0.142853 -1.343217 -1.202239 -0.123469 -0.112729 -0.429623 -0.392255 0.142853 1.570796 -0.441700 0.154346 0.516540 0.739963
0.021737 0.047615 -1.275255 -1.494138 -0.117221 -0.140100 -0.407886 -0.487493 0.052342 1.142532 0.494042 0.988186 0.558839 0.874074
0.065216 0.047615 -1.139321 -1.494138 -0.104726 -0.140100 -0.364408 -0.487493 0.080748 0.630657 -0.413294 -0.357529 0.527942 0.928888
0.108694 0.047615 -1.003387 -1.494138 -0.092231 -0.140100 -0.320930 -0.487493 0.118666 0.412888 0.531960 0.770417 0.498925 0.988590
0.195650 0.142853 -0.731518 -1.202239 -0.067241 -0.112729 -0.233973 -0.392255 0.242252 0.630673 -0.289708 -0.139744 0.370109 1.032967
0.239131 0.190476 -0.595573 -1.056279 -0.054745 -0.099043 -0.190492 -0.344633 0.305720 0.672622 0.595428 0.812366 0.305743 1.065852
0.260869 0.238098 -0.527611 -0.910319 -0.048498 -0.085357 -0.168755 -0.297010 0.353190 0.739794 -0.242238 -0.072572 0.255265 1.054104
0.282609 0.285713 -0.459639 -0.764381 -0.042250 -0.071673 -0.147014 -0.249395 0.401871 0.790860 0.644109 0.863431 0.205726 1.038146
0.282609 0.333336 -0.459639 -0.618421 -0.042250 -0.057987 -0.147014 -0.201772 0.437013 0.867568 -0.207095 0.004137 0.175740 0.941124
0.304347 0.333336 -0.391677 -0.618421 -0.036003 -0.057987 -0.125276 -0.201772 0.451375 0.830827 0.658471 0.826690 0.158005 1.015165
0.326088 0.333336 -0.323705 -0.618421 -0.029755 -0.057987 -0.103536 -0.201772 0.466311 0.796389 -0.192160 -0.030301 0.141389 1.096699
0.326088 0.285713 -0.323705 -0.764381 -0.029755 -0.071673 -0.103536 -0.249395 0.433549 0.719501 0.625709 0.749802 0.177284 1.177300
0.326088 0.238098 -0.323705 -0.910319 -0.029755 -0.085357 -0.103536 -0.297010 0.403762 0.630686 -0.221947 -0.119116 0.217719 1.235375
0.347825 0.190476 -0.255743 -1.056279 -0.023508 -0.099043 -0.081798 -0.344633 0.396564 0.501013 0.618511 0.620129 0.252750 1.337759
0.369566 0.095238 -0.187770 -1.348178 -0.017260 -0.126413 -0.060058 -0.439870 0.381640 0.252214 -0.236872 -0.367915 0.339736 1.435100
0.391303 0.047615 -0.119808 -1.494138 -0.011013 -0.140100 -0.038320 -0.487493 0.394189 0.121089 0.631061 0.489003 0.383925 1.492351
0.434781 0.000000 0.016126 -1.640076 0.001482 -0.153784 0.005158 -0.535108 0.434781 0.000000 -0.196280 -0.489003 0.429654 -1.561158
0.500000 0.047615 0.220033 -1.494138 0.020225 -0.140100 0.070377 -0.487493 0.502262 0.094944 0.698542 0.583948 0.388437 -1.427422
0.543478 0.095238 0.355967 -1.348178 0.032720 -0.126413 0.113855 -0.439870 0.551760 0.173476 -0.146782 -0.410472 0.353237 -1.317518
0.586956 0.190476 0.491901 -1.056279 0.045216 -0.099043 0.157333 -0.344633 0.617089 0.313792 0.763871 0.724264 0.286261 -1.142531
0.586956 0.285713 0.491901 -0.764381 0.045216 -0.071673 0.157333 -0.249395 0.652801 0.453008 -0.111070 -0.271255 0.213222 -1.007995
0.586956 0.428573 0.491901 -0.326522 0.045216 -0.030617 0.157333 -0.106535 0.726769 0.630684 0.837838 0.901939 0.157336 -0.595210
0.586956 0.523811 0.491901 -0.034624 0.045216 -0.003247 0.157333 -0.011297 0.786699 0.728611 -0.051139 -0.173328 0.183371 -0.071679
0.478259 0.761902 0.152060 0.695111 0.013977 0.065178 0.048636 0.226794 0.899570 1.010245 0.950709 1.183573 0.335819 1.359546
0.413044 0.857140 -0.051836 0.987009 -0.004765 0.092548 -0.016580 0.322032 0.951469 1.121745 0.000760 -0.061829 0.427838 -1.519358
0.326088 0.904762 -0.323705 1.132969 -0.029755 0.106234 -0.103536 0.369654 0.961732 1.224876 0.960972 1.286704 0.486289 -1.297706
0.239131 0.952378 -0.595573 1.278907 -0.054745 0.119918 -0.190492 0.417269 0.981940 1.324793 0.020969 0.038089 0.556380 -1.142533
0.108694 1.000000 -1.003387 1.424867 -0.092231 0.133604 -0.320930 0.464892 1.005890 1.462528 0.984921 1.424439 0.654466 -0.966589
0.065216 1.000000 -1.139321 1.424867 -0.104726 0.133604 -0.364408 0.464892 1.002124 1.505673 0.017203 0.081234 0.676848 -0.905978
0.021737 1.000000 -1.275255 1.424867 -0.117221 0.133604 -0.407886 0.464892 1.000236 1.549062 0.983033 1.467828 0.701214 -0.850621
0.021737 0.952378 -1.275255 1.278907 -0.117221 0.119918 -0.407886 0.417269 0.952626 1.547976 -0.030408 0.080148 0.663056 -0.796770
0.065216 0.904762 -1.139321 1.132969 -0.104726 0.106234 -0.364408 0.369654 0.907110 1.498840 0.937517 1.418693 0.598790 -0.792545
0.130434 0.857140 -0.935414 0.987009 -0.085983 0.092548 -0.299189 0.322032 0.867007 1.419781 -0.070510 0.001088 0.521809 -0.822152
0.217391 0.857140 -0.663546 0.987009 -0.060993 0.092548 -0.212233 0.322032 0.884278 1.322410 0.954788 1.321322 0.477298 -0.988090
0.347825 0.857140 -0.255743 0.987009 -0.023508 0.092548 -0.081798 0.322032 0.925025 1.185302 -0.029763 -0.136020 0.435272 -1.322050
0.543478 0.857140 0.355967 0.987009 0.032720 0.092548 0.113855 0.322032 1.014917 1.005708 1.044680 1.141728 0.442417 1.230961
0.652172 0.857140 0.695798 0.987009 0.063958 0.092548 0.222548 0.322032 1.077041 0.920375 0.032360 -0.221353 0.481973 0.966085
0.739128 0.857140 0.967666 0.987009 0.088948 0.092548 0.309505 0.322032 1.131812 0.859194 1.099452 1.080547 0.527791 0.805231
0.869562 0.857140 1.375469 0.987009 0.126433 0.092548 0.439939 0.322032 1.220994 0.778204 0.121543 -0.302343 0.613447 0.631876
0.934781 0.857140 1.579376 0.987009 0.145176 0.092548 0.505158 0.322032 1.268268 0.742097 1.146726 1.044440 0.661782 0.567529
1.000000 0.761902 1.783283 0.695111 0.163919 0.065178 0.570377 0.226794 1.257177 0.651075 0.110452 -0.393365 0.660105 0.378454
1.000000 0.714287 1.783283 0.549172 0.163919 0.051494 0.570377 0.179179 1.228904 0.620250 1.118453 1.013615 0.637466 0.304379
1.000000 0.666664 1.783283 0.403212 0.163919 0.037808 0.570377 0.131556 1.201849 0.588001 0.083397 -0.425614 0.617671 0.226684
0.978259 0.571427 1.715310 0.111314 0.157671 0.010437 0.548636 0.036318 1.132925 0.528666 1.049529 0.954280 0.566665 0.066101
0.956522 0.523811 1.647348 -0.034624 0.151424 -0.003247 0.526899 -0.011297 1.090556 0.501015 0.041027 -0.453265 0.535251 -0.021437
0.913044 0.523811 1.511414 -0.034624 0.138929 -0.003247 0.483420 -0.011297 1.052629 0.520855 1.011601 0.974120 0.492511 -0.023364
0.826084 0.523811 1.239535 -0.034624 0.113938 -0.003247 0.396461 -0.011297 0.978158 0.565109 -0.033443 -0.409011 0.407496 -0.028486
0.782606 0.523811 1.103601 -0.034624 0.101443 -0.003247 0.352983 -0.011297 0.941727 0.589835 0.975171 0.998846 0.365333 -0.031993
0.782606 0.571427 1.103601 0.111314 0.101443 0.010437 0.352983 0.036318 0.969020 0.630681 -0.006150 -0.368165 0.380401 0.102529
0.826084 0.619049 1.239535 0.257274 0.113938 0.024124 0.396461 0.083941 1.032297 0.643103 1.038447 1.011268 0.439390 0.208644
0.913044 0.619049 1.511414 0.257274 0.138929 0.024124 0.483420 0.083941 1.103119 0.595812 0.064671 -0.415456 0.519208 0.171925
0.956522 0.619049 1.647348 0.257274 0.151424 0.024124 0.526899 0.083941 1.139366 0.574396 1.074695 0.989851 0.559914 0.157984
