0.456522 0.812500 -0.066189 0.863784 -0.004627 0.053840 -0.022116 0.257337 0.931970 1.058883 0.931970 1.058883 0.334594 -1.485066
0.434781 0.812500 -0.131256 0.863784 -0.009176 0.053840 -0.043857 0.257337 0.921516 1.079453 -0.010455 0.020569 0.336730 -1.401994
0.413044 0.812500 -0.196313 0.863784 -0.013723 0.053840 -0.065594 0.257337 0.911461 1.100482 0.921916 1.079912 0.340245 -1.321216
0.369566 0.843752 -0.326436 0.968687 -0.022820 0.060378 -0.109072 0.288590 0.921139 1.157964 -0.000777 0.078052 0.381058 -1.209443
0.347825 0.843752 -0.391503 0.968687 -0.027368 0.060378 -0.130813 0.288590 0.912634 1.179787 0.913411 1.101735 0.387841 -1.145215
0.304347 0.843752 -0.521626 0.968687 -0.036465 0.060378 -0.174291 0.288590 0.896964 1.224616 -0.016446 0.122881 0.404581 -1.027484
0.282606 0.812500 -0.586693 0.863784 -0.041014 0.053840 -0.196032 0.257337 0.860246 1.236062 0.876692 1.113181 0.387159 -0.919805
0.239128 0.812500 -0.716816 0.863784 -0.050110 0.053840 -0.239510 0.257337 0.846958 1.284567 -0.029733 0.171385 0.410888 -0.821264
0.217391 0.781252 -0.781873 0.758898 -0.054658 0.047302 -0.261247 0.226090 0.810934 1.299403 0.840667 1.128018 0.399782 -0.713381
0.173912 0.718752 -0.911996 0.549109 -0.063754 0.034226 -0.304725 0.163590 0.739493 1.333395 -0.101174 0.205377 0.387959 -0.492685
0.152172 0.687500 -0.977063 0.444206 -0.068303 0.027687 -0.326466 0.132337 0.704140 1.352968 0.805314 1.147590 0.387561 -0.385121
0.108694 0.625000 -1.107187 0.234417 -0.077399 0.014611 -0.369944 0.069837 0.634381 1.398609 -0.170933 0.251018 0.397845 -0.186582
0.086956 0.593748 -1.172243 0.129515 -0.081947 0.008073 -0.391681 0.038585 0.600081 1.425377 0.771014 1.174359 0.408246 -0.098194
0.065216 0.500000 -1.237310 -0.185161 -0.086496 -0.011541 -0.413422 -0.055163 0.504235 1.441097 -0.266779 0.266739 0.413974 0.132646
0.065216 0.468748 -1.237310 -0.290063 -0.086496 -0.018080 -0.413422 -0.086415 0.473263 1.432557 0.740041 1.165818 0.413540 0.206057
0.043478 0.406248 -1.302367 -0.499853 -0.091044 -0.031156 -0.435160 -0.148915 0.408568 1.464178 -0.331474 0.298361 0.441140 0.329717
0.043478 0.343748 -1.302367 -0.709642 -0.091044 -0.044232 -0.435160 -0.211415 0.346486 1.444982 0.677960 1.146621 0.455587 0.452251
0.043478 0.281248 -1.302367 -0.919431 -0.091044 -0.057308 -0.435160 -0.273915 0.284588 1.417420 -0.393372 0.270799 0.477835 0.561800
0.043478 0.218748 -1.302367 -1.129220 -0.091044 -0.070384 -0.435160 -0.336415 0.223027 1.374594 0.616398 1.103795 0.506860 0.658112
0.065216 0.125000 -1.237310 -1.443895 -0.086496 -0.089998 -0.413422 -0.430163 0.140990 1.089921 -0.475409 -0.013874 0.544038 0.805240
0.086956 0.093748 -1.172243 -1.548798 -0.081947 -0.096537 -0.391681 -0.461415 0.127867 0.822964 0.603276 0.836838 0.549140 0.866959
0.130434 0.062500 -1.042120 -1.653684 -0.072851 -0.103074 -0.348203 -0.492663 0.144635 0.446844 -0.458640 -0.389994 0.542601 0.955536
0.173912 0.031248 -0.911996 -1.758587 -0.063754 -0.109613 -0.304725 -0.523915 0.176697 0.177778 0.635338 0.567772 0.541309 1.043993
0.195650 0.000000 -0.846940 -1.863474 -0.059206 -0.116151 -0.282988 -0.555163 0.195650 0.000000 -0.439688 -0.567772 0.556036 1.099388
0.239128 0.000000 -0.716816 -1.863474 -0.050110 -0.116151 -0.239510 -0.555163 0.239128 0.000000 0.678816 0.567772 0.535219 1.163498
0.260869 0.000000 -0.651750 -1.863474 -0.045561 -0.116151 -0.217769 -0.555163 0.260869 0.000000 -0.417947 -0.567772 0.525849 1.196979
0.282606 0.000000 -0.586693 -1.863474 -0.041014 -0.116151 -0.196032 -0.555163 0.282606 0.000000 0.700553 0.567772 0.517226 1.231357
0.304347 0.000000 -0.521626 -1.863474 -0.036465 -0.116151 -0.174291 -0.555163 0.304347 0.000000 -0.396207 -0.567772 0.509383 1.266595
0.326088 0.000000 -0.456560 -1.863474 -0.031916 -0.116151 -0.152550 -0.555163 0.326088 0.000000 0.722294 0.567772 0.502360 1.302630
0.347825 0.031248 -0.391503 -1.758587 -0.027368 -0.109613 -0.130813 -0.523915 0.349226 0.089597 -0.373068 -0.478175 0.466122 1.326116
0.369566 0.062500 -0.326436 -1.653684 -0.022820 -0.103074 -0.109072 -0.492663 0.374813 0.167532 0.747882 0.645707 0.430195 1.352918
0.369566 0.093748 -0.326436 -1.548798 -0.022820 -0.096537 -0.109072 -0.461415 0.381271 0.248430 -0.366611 -0.397277 0.400046 1.338671
0.369566 0.125000 -0.326436 -1.443895 -0.022820 -0.089998 -0.109072 -0.430163 0.390133 0.326155 0.756744 0.723433 0.370076 1.322470
0.369566 0.156248 -0.326436 -1.339009 -0.022820 -0.083461 -0.109072 -0.398915 0.401238 0.399995 -0.355506 -0.323438 0.340341 1.303898
0.369566 0.187500 -0.326436 -1.234106 -0.022820 -0.076922 -0.109072 -0.367663 0.414409 0.469512 0.769915 0.792950 0.310899 1.282404
0.369566 0.218748 -0.326436 -1.129220 -0.022820 -0.070384 -0.109072 -0.336415 0.429452 0.534446 -0.340463 -0.258504 0.281850 1.257271
0.369566 0.250000 -0.326436 -1.024317 -0.022820 -0.063846 -0.109072 -0.305163 0.446182 0.594759 0.786645 0.853263 0.253322 1.227524
0.391303 0.250000 -0.261379 -1.024317 -0.018272 -0.063846 -0.087335 -0.305163 0.464347 0.568526 -0.322298 -0.284737 0.244750 1.292057
0.413044 0.218748 -0.196313 -1.129220 -0.013723 -0.070384 -0.065594 -0.336415 0.467392 0.487046 0.789691 0.771783 0.268040 1.378233
0.434781 0.187500 -0.131256 -1.234106 -0.009176 -0.076922 -0.043857 -0.367663 0.473488 0.407154 -0.316203 -0.364629 0.294422 1.452073
0.434781 0.156248 -0.131256 -1.339009 -0.009176 -0.083461 -0.043857 -0.398915 0.462004 0.344998 0.778207 0.709627 0.325359 1.461297
0.478259 0.156248 -0.001133 -1.339009 -0.000079 -0.083461 -0.000378 -0.398915 0.503135 0.315769 -0.275071 -0.393858 0.322390 1.569848
0.500000 0.125000 0.063934 -1.443895 0.004469 -0.089998 0.021362 -0.430163 0.515388 0.244979 0.790460 0.638837 0.354282 -1.521176
0.521737 0.093748 0.128991 -1.548798 0.009017 -0.096537 0.043100 -0.461415 0.530093 0.177786 -0.260367 -0.461050 0.387296 -1.477659
0.543478 0.093748 0.194058 -1.548798 0.013566 -0.096537 0.064840 -0.461415 0.551504 0.170815 0.811871 0.631865 0.390314 -1.431185
0.586956 0.093748 0.324181 -1.548798 0.022662 -0.096537 0.108319 -0.461415 0.594396 0.158381 -0.217475 -0.473484 0.399842 -1.340219
0.608694 0.093748 0.389238 -1.548798 0.027210 -0.096537 0.130056 -0.461415 0.615871 0.152814 0.833346 0.626298 0.406270 -1.296061
0.630434 0.093748 0.454304 -1.548798 0.031759 -0.096537 0.151797 -0.461415 0.637367 0.147621 -0.195979 -0.478677 0.413742 -1.252968
0.652172 0.093748 0.519361 -1.548798 0.036307 -0.096537 0.173534 -0.461415 0.658875 0.142769 0.854855 0.621446 0.422202 -1.211070
0.673912 0.125000 0.584428 -1.443895 0.040855 -0.089998 0.195275 -0.430163 0.685407 0.183400 -0.169447 -0.438046 0.403970 -1.144658
0.695650 0.187500 0.649485 -1.234106 0.045403 -0.076922 0.217012 -0.367663 0.720476 0.263276 0.889923 0.701322 0.363119 -1.037578
0.695650 0.218748 0.649485 -1.129220 0.045403 -0.070384 0.217012 -0.336415 0.729232 0.304661 -0.160691 -0.396660 0.338581 -0.997893
0.717391 0.250000 0.714551 -1.024317 0.049952 -0.063846 0.238753 -0.305163 0.759703 0.335325 0.920394 0.731985 0.330572 -0.906893
0.717391 0.312500 0.714551 -0.814528 0.049952 -0.050770 0.238753 -0.242663 0.782500 0.410820 -0.137895 -0.321165 0.290869 -0.793520
0.717391 0.375000 0.714551 -0.604739 0.049952 -0.037693 0.238753 -0.180163 0.809490 0.481664 0.947385 0.802829 0.260276 -0.646438
0.717391 0.437500 0.714551 -0.394950 0.049952 -0.024617 0.238753 -0.117663 0.840271 0.547630 -0.107114 -0.255199 0.242271 -0.457889
0.717391 0.468748 0.714551 -0.290063 0.049952 -0.018080 0.238753 -0.086415 0.856956 0.578766 0.964070 0.833965 0.238958 -0.347276
0.695650 0.562500 0.649485 0.024628 0.045403 0.001535 0.217012 0.007337 0.894614 0.679961 -0.069456 -0.154005 0.232652 0.033797
0.673912 0.593748 0.584428 0.129515 0.040855 0.008073 0.195275 0.038585 0.898162 0.722244 0.967617 0.876249 0.226677 0.195079
0.652172 0.625000 0.519361 0.234417 0.036307 0.014611 0.173534 0.069837 0.903301 0.764126 -0.064316 -0.112122 0.227015 0.382609
0.608694 0.687500 0.389238 0.444206 0.027210 0.027687 0.130056 0.132337 0.918240 0.846122 0.982556 0.958244 0.246045 0.794092
0.586956 0.718752 0.324181 0.549109 0.022662 0.034226 0.108319 0.163590 0.927967 0.885996 -0.054589 -0.072248 0.263416 0.985937
0.565216 0.750000 0.259114 0.653995 0.018114 0.040764 0.086578 0.194837 0.939132 0.924982 0.993721 0.997230 0.284839 1.152643
0.500000 0.781252 0.063934 0.758898 0.004469 0.047302 0.021362 0.226090 0.927553 1.001485 -0.066167 0.004255 0.303368 1.476590
0.478259 0.812500 -0.001133 0.863784 -0.000079 0.053840 -0.000378 0.257337 0.942809 1.038781 1.008976 1.034527 0.333863 -1.569326
0.456522 0.843752 -0.066189 0.968687 -0.004627 0.060378 -0.022116 0.288590 0.959338 1.074842 -0.049637 0.040315 0.365784 -1.494312
0.434781 0.843752 -0.131256 0.968687 -0.009176 0.060378 -0.043857 0.288590 0.949185 1.094988 0.998823 1.054673 0.367739 -1.419982
0.369566 0.875000 -0.326436 1.073573 -0.022820 0.066916 -0.109072 0.319837 0.949844 1.171163 -0.048979 0.116490 0.411096 -1.242140
0.347825 0.875000 -0.391503 1.073573 -0.027368 0.066916 -0.130813 0.319837 0.941598 1.192435 0.990577 1.075945 0.417391 -1.182557
0.282606 0.875000 -0.586693 1.073573 -0.041014 0.066916 -0.196032 0.319837 0.919506 1.258394 -0.071071 0.182449 0.442189 -1.020938
0.217391 0.875000 -0.781873 1.073573 -0.054658 0.066916 -0.261247 0.319837 0.901601 1.327280 0.972672 1.144831 0.474714 -0.885887
0.195650 0.875000 -0.846940 1.073573 -0.059206 0.066916 -0.282988 0.319837 0.896607 1.350815 -0.076065 0.205984 0.487017 -0.846450
0.173912 0.875000 -0.911996 1.073573 -0.063754 0.066916 -0.304725 0.319837 0.892116 1.374596 0.968180 1.168612 0.499961 -0.809589
0.108694 0.875000 -1.107187 1.073573 -0.077399 0.066916 -0.369944 0.319837 0.881725 1.447208 -0.086455 0.278596 0.542182 -0.712884
0.086956 0.875000 -1.172243 1.073573 -0.081947 0.066916 -0.391681 0.319837 0.879310 1.471743 0.965765 1.193147 0.557241 -0.684766
0.043478 0.875000 -1.302367 1.073573 -0.091044 0.066916 -0.435160 0.319837 0.876080 1.521148 -0.089686 0.328001 0.588614 -0.633824
0.021737 0.875000 -1.367433 1.073573 -0.095592 0.066916 -0.456900 0.319837 0.875270 1.545959 0.964956 1.217958 0.604864 -0.610736
0.000000 0.875000 -1.432490 1.073573 -0.100140 0.066916 -0.478638 0.319837 0.875000 1.570796 -0.089956 0.352838 0.621448 -0.589080
0.021737 0.875000 -1.367433 1.073573 -0.095592 0.066916 -0.456900 0.319837 0.875270 1.545959 0.965226 1.193120 0.604864 -0.610736
0.043478 0.843752 -1.302367 0.968687 -0.091044 0.060378 -0.435160 0.288590 0.844872 1.519312 -0.120354 0.326192 0.568043 -0.585585
0.065216 0.843752 -1.237310 0.968687 -0.086496 0.060378 -0.413422 0.288590 0.846269 1.493657 0.966623 1.167465 0.551567 -0.609416
0.108694 0.843752 -1.107187 0.968687 -0.077399 0.060378 -0.369944 0.288590 0.850725 1.442680 -0.115898 0.275215 0.519776 -0.662482
0.239128 0.875000 -0.716816 1.073573 -0.050110 0.066916 -0.239510 0.319837 0.907087 1.304021 1.022986 1.028807 0.463107 -0.928032
0.304347 0.875000 -0.521626 1.073573 -0.036465 0.066916 -0.174291 0.319837 0.926419 1.236061 -0.096567 0.207254 0.432990 -1.071849
0.413044 0.875000 -0.196313 1.073573 -0.013723 0.066916 -0.065594 0.319837 0.967590 1.129758 1.064157 0.922504 0.401753 -1.368516
0.500000 0.906252 0.063934 1.178476 0.004469 0.073455 0.021362 0.351090 1.035033 1.066631 -0.029124 0.144128 0.428148 1.510026
0.565216 0.937500 0.259114 1.283362 0.018114 0.079992 0.086578 0.382337 1.094703 1.028250 1.123827 0.884122 0.466959 1.348108
0.652172 0.937500 0.519361 1.283362 0.036307 0.079992 0.173534 0.382337 1.142031 0.962996 0.018204 0.078874 0.490580 1.144723
0.695650 0.968752 0.649485 1.388265 0.045403 0.086531 0.217012 0.413590 1.192648 0.948033 1.174444 0.869159 0.536010 1.087581
0.739128 0.968752 0.779608 1.388265 0.054499 0.086531 0.260490 0.413590 1.218520 0.919047 0.044076 0.049887 0.555038 1.008733
0.782606 1.000000 0.909731 1.493151 0.063596 0.093068 0.303968 0.444837 1.269832 0.906752 1.225756 0.856865 0.603503 0.971349
0.826084 1.000000 1.039855 1.493151 0.072692 0.093068 0.347447 0.444837 1.297079 0.880351 0.071324 0.023487 0.626528 0.907708
0.847825 1.000000 1.104921 1.493151 0.077241 0.093068 0.369187 0.444837 1.311033 0.867566 1.239709 0.844079 0.638841 0.878065
0.891303 1.000000 1.235045 1.493151 0.086337 0.093068 0.412665 0.444837 1.339560 0.842807 0.099851 -0.001272 0.664915 0.822899
0.913040 1.000000 1.300102 1.493151 0.090885 0.093068 0.434403 0.444837 1.354121 0.830823 1.254270 0.832095 0.678619 0.797265
0.934781 1.000000 1.365168 1.493151 0.095434 0.093068 0.456143 0.444837 1.368874 0.819094 0.114604 -0.013001 0.692738 0.772850
0.956519 0.968752 1.430225 1.388265 0.099982 0.086531 0.477881 0.413590 1.361400 0.791752 1.246795 0.804754 0.684531 0.713404
0.956519 0.906252 1.430225 1.178476 0.099982 0.073455 0.477881 0.351090 1.317657 0.758420 0.070862 -0.046334 0.641268 0.633624
0.956519 0.875000 1.430225 1.073573 0.099982 0.066916 0.477881 0.319837 1.296361 0.740919 1.225499 0.787253 0.620865 0.589811
0.978259 0.750000 1.495292 0.653995 0.104530 0.040764 0.499622 0.194837 1.232676 0.654083 0.007177 -0.133169 0.568559 0.371830
0.978259 0.656248 1.495292 0.339304 0.104530 0.021149 0.499622 0.101085 1.177987 0.590881 1.170809 0.724050 0.530252 0.199628
0.978259 0.593748 1.495292 0.129515 0.104530 0.008073 0.499622 0.038585 1.144346 0.545509 -0.026463 -0.178541 0.512710 0.077075
0.978259 0.531248 1.495292 -0.080274 0.104530 -0.005004 0.499622 -0.023915 1.113200 0.497495 1.139664 0.676036 0.502384 -0.047830
0.956519 0.468748 1.430225 -0.290063 0.099982 -0.018080 0.477881 -0.086415 1.065201 0.455661 -0.074463 -0.220375 0.477983 -0.178897
0.913040 0.437500 1.300102 -0.394950 0.090885 -0.024617 0.434403 -0.117663 1.012447 0.446844 1.086910 0.667219 0.436346 -0.264514
0.891303 0.437500 1.235045 -0.394950 0.086337 -0.024617 0.412665 -0.117663 0.992888 0.456304 -0.094022 -0.210914 0.414711 -0.277758
0.847825 0.437500 1.104921 -0.394950 0.077241 -0.024617 0.369187 -0.117663 0.954051 0.476386 1.048073 0.687300 0.371472 -0.308530
0.804347 0.468748 0.974798 -0.290063 0.068144 -0.018080 0.325709 -0.086415 0.930966 0.527653 -0.117107 -0.159648 0.325859 -0.259339
0.782606 0.562500 0.909731 0.024628 0.063596 0.001535 0.303968 0.007337 0.963783 0.623201 1.080890 0.782849 0.315325 0.024133
0.782606 0.656248 0.909731 0.339304 0.063596 0.021149 0.303968 0.101085 1.021339 0.697804 -0.059551 -0.085045 0.352054 0.321046
0.782606 0.687500 0.909731 0.444206 0.063596 0.027687 0.303968 0.132337 1.041695 0.720795 1.101246 0.805840 0.368809 0.410617
0.869562 0.781252 1.169978 0.758898 0.081789 0.047302 0.390925 0.226090 1.168971 0.731954 0.067725 -0.073885 0.494366 0.524345
0.891303 0.781252 1.235045 0.758898 0.086337 0.047302 0.412665 0.226090 1.185233 0.719695 1.117508 0.793580 0.511731 0.501211
0.956519 0.781252 1.430225 0.758898 0.099982 0.047302 0.477881 0.226090 1.235024 0.684881 0.117516 -0.108699 0.565637 0.441904
1.000000 0.781252 1.560358 0.758898 0.109079 0.047302 0.521362 0.226090 1.268998 0.663204 1.151482 0.771904 0.602822 0.409176
