0.333332 0.823529 -0.228983 0.943650 -0.021621 0.074518 -0.081262 0.280070 0.888432 1.186193 0.888432 1.186193 0.416932 -1.288402
0.305556 0.823529 -0.307250 0.943650 -0.029011 0.074518 -0.109037 0.280070 0.878388 1.215508 -0.010044 0.029315 0.423223 -1.199529
0.277777 0.823529 -0.385529 0.943650 -0.036403 0.074518 -0.136817 0.280070 0.869115 1.245480 0.879159 1.216165 0.431216 -1.116383
0.222221 0.823529 -0.542076 0.943650 -0.051184 0.074518 -0.192372 0.280070 0.852985 1.307233 -0.026174 0.091069 0.451924 -0.968935
0.166666 0.764706 -0.698622 0.745454 -0.065966 0.058867 -0.247928 0.221246 0.782657 1.356204 0.808831 1.265135 0.429007 -0.728591
0.138890 0.705882 -0.776889 0.547257 -0.073356 0.043216 -0.275703 0.162423 0.719417 1.376517 -0.089414 0.111381 0.401075 -0.532383
0.083335 0.647059 -0.933436 0.349061 -0.088137 0.027565 -0.331259 0.103599 0.652403 1.442711 0.741818 1.331330 0.404688 -0.303108
0.055555 0.588235 -1.011715 0.150865 -0.095529 0.011913 -0.359038 0.044776 0.590853 1.476632 -0.150965 0.145302 0.398823 -0.124070
0.027780 0.500002 -1.089982 -0.146422 -0.102919 -0.011563 -0.386814 -0.043457 0.500773 1.515294 0.651738 1.369992 0.396131 0.111877
0.000000 0.382351 -1.168261 -0.542829 -0.110310 -0.042866 -0.414594 -0.161109 0.382351 1.570796 -0.269387 0.200804 0.415846 0.370635
0.000000 0.323527 -1.168261 -0.741026 -0.110310 -0.058517 -0.414594 -0.219932 0.323527 1.570796 0.592915 1.369992 0.424477 0.487731
0.000000 0.235294 -1.168261 -1.038312 -0.110310 -0.081993 -0.414594 -0.308165 0.235294 1.570796 -0.357620 0.200804 0.451704 0.639196
0.027780 0.147057 -1.089982 -1.335614 -0.102919 -0.105470 -0.386814 -0.396403 0.149657 1.384091 0.507278 1.183287 0.470320 0.797641
0.027780 0.117647 -1.089982 -1.434705 -0.102919 -0.113295 -0.386814 -0.425812 0.120882 1.338916 -0.386396 0.155629 0.487650 0.833352
0.083335 0.058824 -0.933436 -1.632901 -0.088137 -0.128946 -0.331259 -0.484636 0.102005 0.614653 0.488400 0.459024 0.486112 0.971216
0.138890 0.058824 -0.776889 -1.632901 -0.073356 -0.128946 -0.275703 -0.484636 0.150834 0.400620 -0.337567 -0.058404 0.450094 1.053568
0.166666 0.058824 -0.698622 -1.632901 -0.065966 -0.128946 -0.247928 -0.484636 0.176742 0.339294 0.514309 0.397698 0.433636 1.097932
0.194446 0.058824 -0.620343 -1.632901 -0.058574 -0.128946 -0.220148 -0.484636 0.203149 0.293766 -0.311160 -0.103932 0.418375 1.144410
0.194446 0.088233 -0.620343 -1.533811 -0.058574 -0.121121 -0.220148 -0.455226 0.213528 0.425982 0.524688 0.529914 0.393670 1.120354
0.222221 0.117647 -0.542076 -1.434705 -0.051184 -0.113295 -0.192372 -0.425812 0.251442 0.486901 -0.273246 -0.043013 0.353814 1.146465
0.250001 0.117647 -0.463797 -1.434705 -0.043793 -0.113295 -0.164593 -0.425812 0.276299 0.439841 0.549545 0.482854 0.339511 1.201949
0.250001 0.088233 -0.463797 -1.533811 -0.043793 -0.121121 -0.164593 -0.455226 0.265114 0.339283 -0.284431 -0.143570 0.365516 1.223859
0.277777 0.058824 -0.385529 -1.632901 -0.036403 -0.128946 -0.136817 -0.484636 0.283937 0.208683 0.568368 0.352253 0.381171 1.295648
0.333332 0.029410 -0.228983 -1.732007 -0.021621 -0.136772 -0.081262 -0.514050 0.334627 0.088001 -0.233741 -0.264252 0.393663 1.414012
0.361112 0.000000 -0.150704 -1.831097 -0.014230 -0.144597 -0.053482 -0.543459 0.361112 0.000000 0.594853 0.264252 0.418029 1.472702
0.388887 0.000000 -0.072437 -1.831097 -0.006840 -0.144597 -0.025706 -0.543459 0.388887 0.000000 -0.205965 -0.264252 0.415390 1.523530
0.444443 0.000000 0.084110 -1.831097 0.007942 -0.144597 0.029849 -0.543459 0.444443 0.000000 0.650408 0.264252 0.415667 -1.515928
0.472222 0.000000 0.162389 -1.831097 0.015333 -0.144597 0.057629 -0.543459 0.472222 0.000000 -0.178186 -0.264252 0.418580 -1.465151
0.499998 0.029410 0.240656 -1.732007 0.022723 -0.136772 0.085404 -0.514050 0.500862 0.058752 0.679048 0.323004 0.394539 -1.406160
0.527778 0.058824 0.318935 -1.632901 0.030115 -0.128946 0.113184 -0.484636 0.531046 0.110997 -0.148002 -0.212006 0.373340 -1.341364
0.555557 0.088233 0.397214 -1.533811 0.037506 -0.121121 0.140964 -0.455226 0.562520 0.157504 0.710522 0.369510 0.355502 -1.270504
0.555557 0.147057 0.397214 -1.335614 0.037506 -0.105470 0.140964 -0.396403 0.574691 0.258766 -0.135831 -0.110744 0.302402 -1.229135
0.555557 0.294118 0.397214 -0.840116 0.037506 -0.066342 0.140964 -0.249342 0.628609 0.486898 0.764440 0.597642 0.185433 -1.056249
0.527778 0.382351 0.318935 -0.542829 0.030115 -0.042866 0.113184 -0.161109 0.651722 0.626950 -0.112719 0.029309 0.117687 -0.958373
0.499998 0.441179 0.240656 -0.344618 0.022723 -0.027214 0.085404 -0.102281 0.666811 0.722984 0.779529 0.693675 0.089446 -0.875076
0.472222 0.529412 0.162389 -0.047331 0.015333 -0.003738 0.057629 -0.014048 0.709416 0.842432 -0.070114 0.148757 0.128469 -0.239099
0.416667 0.647059 0.005842 0.349061 0.000552 0.027565 0.002073 0.103599 0.769608 0.998693 0.839722 0.849936 0.232474 1.550786
0.361112 0.676473 -0.150704 0.448167 -0.014230 0.035391 -0.053482 0.133013 0.766823 1.080464 -0.072899 0.230528 0.267285 -1.188499
0.333332 0.705882 -0.228983 0.547257 -0.021621 0.043216 -0.081262 0.162423 0.780628 1.129618 0.853527 0.899091 0.302411 -1.106901
0.305556 0.735296 -0.307250 0.646363 -0.029011 0.051042 -0.109037 0.191837 0.796257 1.176952 -0.057270 0.277862 0.338732 -1.053947
0.250001 0.794120 -0.463797 0.844559 -0.043793 0.066693 -0.164593 0.250660 0.832542 1.265804 0.889812 0.987942 0.413680 -0.989770
0.222221 0.823529 -0.542076 0.943650 -0.051184 0.074518 -0.192372 0.280070 0.852985 1.307233 -0.036827 0.319292 0.451924 -0.968935
0.194446 0.823529 -0.620343 0.943650 -0.058574 0.074518 -0.220148 0.280070 0.846174 1.338930 0.883001 1.019638 0.464428 -0.904622
0.166666 0.852943 -0.698622 1.042755 -0.065966 0.082344 -0.247928 0.309484 0.869074 1.377827 -0.013927 0.358188 0.503606 -0.895385
0.138890 0.882353 -0.776889 1.141846 -0.073356 0.090169 -0.275703 0.338894 0.893217 1.414668 0.907144 1.056480 0.542965 -0.887854
0.166666 0.911767 -0.698622 1.240952 -0.065966 0.097995 -0.247928 0.368307 0.926875 1.389998 0.019730 0.333518 0.555562 -0.978316
0.222221 0.911767 -0.542076 1.240952 -0.051184 0.097995 -0.192372 0.368307 0.938457 1.331731 0.918726 0.998213 0.533093 -1.089457
0.250001 0.941176 -0.463797 1.340042 -0.043793 0.105820 -0.164593 0.397717 0.973814 1.311166 0.055088 0.312952 0.551707 -1.178413
0.333332 0.970590 -0.228983 1.439148 -0.021621 0.113646 -0.081262 0.427131 1.026234 1.239985 0.971146 0.927032 0.561904 -1.382793
0.416667 0.970590 0.005842 1.439148 0.000552 0.113646 0.002073 0.427131 1.056247 1.165296 0.085100 0.238263 0.556001 1.565942
0.472222 1.000000 0.162389 1.538239 0.015333 0.121471 0.057629 0.456541 1.105891 1.129617 1.020790 0.891353 0.588236 1.445231
0.666668 1.000000 0.710307 1.538239 0.067069 0.121471 0.252074 0.456541 1.201851 0.982793 0.181061 0.091439 0.637371 1.066311
0.749999 0.970590 0.945120 1.439148 0.089241 0.113646 0.335405 0.427131 1.226599 0.912910 1.045538 0.821470 0.649330 0.905113
0.805554 0.970590 1.101667 1.439148 0.104022 0.113646 0.390961 0.427131 1.261334 0.878050 0.215796 0.056580 0.679693 0.829583
0.944445 0.911767 1.493038 1.240952 0.140977 0.097995 0.529851 0.368307 1.312743 0.767795 1.096947 0.711215 0.726583 0.607440
0.972220 0.882353 1.571306 1.141846 0.148367 0.090169 0.557627 0.338894 1.312920 0.736979 0.215973 0.025764 0.727837 0.546093
1.000000 0.852943 1.649585 1.042755 0.155758 0.082344 0.585406 0.309484 1.314349 0.706200 1.098375 0.680437 0.731335 0.486316
0.972220 0.764706 1.571306 0.745454 0.148367 0.058867 0.557627 0.221246 1.236927 0.666490 0.138551 -0.013947 0.658427 0.377714
0.944445 0.735296 1.493038 0.646363 0.140977 0.051042 0.529851 0.191837 1.196928 0.661523 1.058377 0.675470 0.619348 0.347376
0.861110 0.705882 1.258213 0.547257 0.118804 0.043216 0.446516 0.162423 1.113454 0.686660 0.055077 0.011189 0.533128 0.348877
0.833334 0.676473 1.179946 0.448167 0.111414 0.035391 0.418740 0.133013 1.073341 0.681875 1.018264 0.670686 0.493887 0.307571
0.805554 0.705882 1.101667 0.547257 0.104022 0.043216 0.390961 0.162423 1.071068 0.719548 0.052804 0.048863 0.487544 0.393750
0.805554 0.764706 1.101667 0.745454 0.104022 0.058867 0.390961 0.221246 1.110717 0.759390 1.057913 0.710527 0.524813 0.514972
0.805554 0.794120 1.101667 0.844559 0.104022 0.066693 0.390961 0.250660 1.131169 0.778250 0.073257 0.067723 0.544876 0.570121
0.861110 0.823529 1.258213 0.943650 0.118804 0.074518 0.446516 0.280070 1.191516 0.763094 1.118259 0.695371 0.605479 0.560204
0.916665 0.882353 1.414759 1.141846 0.133585 0.090169 0.502071 0.338894 1.272329 0.766328 0.154070 0.070956 0.686203 0.593743
0.944445 0.911767 1.493038 1.240952 0.140977 0.097995 0.529851 0.368307 1.312743 0.767795 1.158674 0.696839 0.726583 0.607440
