0.380951 0.777779 -0.279766 0.840788 -0.027026 0.068001 -0.099703 0.250869 0.866062 1.115347 0.866062 1.115347 0.313407 -1.192506
0.357143 0.777779 -0.346570 0.840788 -0.033479 0.068001 -0.123511 0.250869 0.855857 1.140331 -0.010205 0.024984 0.321773 -1.113302
0.309524 0.777779 -0.480187 0.840788 -0.046387 0.068001 -0.171130 0.250869 0.837105 1.192050 0.847310 1.167066 0.342882 -0.972152
0.261906 0.777779 -0.613805 0.840788 -0.059294 0.068001 -0.218749 0.250869 0.820691 1.245987 -0.026619 0.078921 0.368963 -0.853689
0.190476 0.694444 -0.814237 0.561491 -0.078656 0.045412 -0.290179 0.167534 0.720092 1.303095 0.746711 1.224174 0.360430 -0.523597
0.142857 0.611113 -0.947855 0.282207 -0.091564 0.022824 -0.337798 0.084203 0.627588 1.341155 -0.119123 0.116982 0.362114 -0.244292
0.071427 0.527778 -1.148286 0.002909 -0.110926 0.000235 -0.409228 0.000868 0.532589 1.436279 0.651712 1.319298 0.411932 -0.002121
0.023808 0.416667 -1.281904 -0.369478 -0.123834 -0.029883 -0.456847 -0.110243 0.417347 1.513720 -0.234365 0.194423 0.461306 0.236785
0.000000 0.305556 -1.348708 -0.741866 -0.130287 -0.060000 -0.480654 -0.221353 0.305556 1.570796 0.539922 1.376374 0.511554 0.431572
0.000000 0.222221 -1.348708 -1.021163 -0.130287 -0.082589 -0.480654 -0.304688 0.222221 1.570796 -0.317701 0.194423 0.545725 0.564976
0.023808 0.138890 -1.281904 -1.300447 -0.123834 -0.105177 -0.456847 -0.388019 0.140916 1.401033 0.458617 1.206611 0.570536 0.704112
0.047619 0.083335 -1.215090 -1.486641 -0.117379 -0.120236 -0.433035 -0.443575 0.095981 1.051661 -0.362636 -0.154950 0.587692 0.797420
0.095238 0.055555 -1.081472 -1.579745 -0.104472 -0.127766 -0.385417 -0.471354 0.110257 0.528074 0.472893 0.683024 0.573808 0.885368
0.166668 0.055555 -0.881041 -1.579745 -0.085110 -0.127766 -0.313986 -0.471354 0.175683 0.321747 -0.297210 -0.361277 0.528485 0.983161
0.214287 0.055555 -0.747423 -1.579745 -0.072202 -0.127766 -0.266368 -0.471354 0.221371 0.253672 0.518581 0.614949 0.501658 1.056426
0.261906 0.111111 -0.613805 -1.393551 -0.059294 -0.112707 -0.218749 -0.415799 0.284500 0.401226 -0.234081 -0.213723 0.429434 1.086493
0.285713 0.138890 -0.547001 -1.300447 -0.052841 -0.105177 -0.194941 -0.388019 0.317683 0.452481 0.551764 0.666203 0.393452 1.105230
0.309524 0.166666 -0.480187 -1.207357 -0.046387 -0.097648 -0.171130 -0.360244 0.351544 0.493939 -0.200221 -0.172264 0.357595 1.127316
0.309524 0.194446 -0.480187 -1.114253 -0.046387 -0.090118 -0.171130 -0.332464 0.365533 0.560903 0.565754 0.733167 0.333468 1.095433
0.333332 0.222221 -0.413384 -1.021163 -0.039933 -0.082589 -0.147322 -0.304688 0.400615 0.588002 -0.165139 -0.145165 0.297475 1.120421
0.357143 0.222221 -0.346570 -1.021163 -0.033479 -0.082589 -0.123511 -0.304688 0.420635 0.556597 0.585774 0.701762 0.286431 1.185671
0.357143 0.166666 -0.346570 -1.207357 -0.033479 -0.097648 -0.123511 -0.360244 0.394118 0.436625 -0.191656 -0.265137 0.337407 1.240502
0.380951 0.111111 -0.279766 -1.393551 -0.027026 -0.112707 -0.099703 -0.415799 0.396824 0.283794 0.588480 0.548931 0.382757 1.335452
0.404762 0.055555 -0.212952 -1.579745 -0.020571 -0.127766 -0.075892 -0.471354 0.408557 0.136402 -0.179923 -0.412529 0.431820 1.411158
0.452381 0.027780 -0.079334 -1.672835 -0.007664 -0.135295 -0.028273 -0.499130 0.453233 0.061331 0.633156 0.473860 0.453756 1.514212
0.500000 0.000000 0.054284 -1.765938 0.005244 -0.142825 0.019346 -0.526910 0.500000 0.000000 -0.133156 -0.473860 0.481043 -1.534097
0.571427 0.000000 0.254705 -1.765938 0.024605 -0.142825 0.090772 -0.526910 0.571427 0.000000 0.704582 0.473860 0.489150 -1.400198
0.619045 0.000000 0.388323 -1.765938 0.037513 -0.142825 0.138391 -0.526910 0.619045 0.000000 -0.085537 -0.473860 0.500181 -1.313951
0.642857 0.000000 0.455137 -1.765938 0.043967 -0.142825 0.162202 -0.526910 0.642857 0.000000 0.728394 0.473860 0.507285 -1.272165
0.666664 0.027780 0.521941 -1.672835 0.050420 -0.135295 0.186010 -0.499130 0.667243 0.041646 -0.061151 -0.432214 0.489587 -1.214071
0.690476 0.083335 0.588755 -1.486641 0.056874 -0.120236 0.209821 -0.443575 0.695486 0.120111 0.756637 0.552325 0.449319 -1.128962
0.690476 0.222221 0.588755 -1.021163 0.056874 -0.082589 0.209821 -0.304688 0.725354 0.311369 -0.031283 -0.240956 0.332885 -0.967734
0.666664 0.305556 0.521941 -0.741866 0.050420 -0.060000 0.186010 -0.221353 0.733353 0.429765 0.764635 0.670721 0.255458 -0.871943
0.642857 0.388887 0.455137 -0.462582 0.043967 -0.037413 0.162202 -0.138022 0.751331 0.544041 -0.013305 -0.126679 0.186362 -0.705032
0.571427 0.527778 0.254705 0.002909 0.024605 0.000235 0.090772 0.000868 0.777867 0.745710 0.791172 0.872389 0.102275 0.009563
0.500000 0.583333 0.054284 0.189103 0.005244 0.015294 0.019346 0.056423 0.768295 0.862170 -0.022877 -0.010219 0.104485 1.240491
0.452381 0.638888 -0.079334 0.375297 -0.007664 0.030353 -0.028273 0.111979 0.782833 0.954671 0.805709 0.964890 0.160740 -1.323478
0.404762 0.694444 -0.212952 0.561491 -0.020571 0.045412 -0.075892 0.167534 0.803794 1.043076 -0.001916 0.078186 0.226860 -1.145455
0.357143 0.749999 -0.346570 0.747684 -0.033479 0.060471 -0.123511 0.223089 0.830692 1.126376 0.832608 1.048190 0.296313 -1.065164
0.285713 0.805554 -0.547001 0.933878 -0.052841 0.075530 -0.194941 0.278645 0.854722 1.229959 0.022114 0.181769 0.378896 -0.960336
0.261906 0.833334 -0.613805 1.026982 -0.059294 0.083060 -0.218749 0.306424 0.873522 1.266285 0.851408 1.084515 0.415011 -0.950819
0.238094 0.833334 -0.680619 1.026982 -0.065749 0.083060 -0.242560 0.306424 0.866680 1.292498 0.015272 0.207982 0.428040 -0.901210
0.214287 0.861110 -0.747423 1.120072 -0.072202 0.090589 -0.266368 0.334200 0.887372 1.326901 0.872099 1.118918 0.464433 -0.897869
0.214287 0.888889 -0.747423 1.213176 -0.072202 0.098119 -0.266368 0.361980 0.914354 1.334238 0.042255 0.215319 0.487450 -0.936404
0.261906 0.888889 -0.613805 1.213176 -0.059294 0.098119 -0.218749 0.361980 0.926671 1.284261 0.884416 1.068942 0.463149 -1.027212
0.333332 0.916665 -0.413384 1.306266 -0.039933 0.105648 -0.147322 0.389755 0.975390 1.222026 0.090973 0.153084 0.460227 -1.209410
0.404762 0.916665 -0.212952 1.306266 -0.020571 0.105648 -0.075892 0.389755 1.002051 1.154984 0.911078 1.001899 0.442566 -1.378485
0.500000 0.944445 0.054284 1.399369 0.005244 0.113178 0.019346 0.417535 1.068633 1.083897 0.157555 0.081998 0.464194 1.524496
0.619045 0.972220 0.388323 1.492459 0.037513 0.120707 0.138391 0.445311 1.152575 1.003804 0.995020 0.921806 0.510675 1.269484
0.761902 1.000000 0.789176 1.585563 0.076235 0.128237 0.281248 0.473090 1.257177 0.919721 0.262157 -0.002085 0.590610 1.034438
0.833332 1.000000 0.989608 1.585563 0.095597 0.128237 0.352678 0.473090 1.301708 0.876059 1.039551 0.878143 0.627775 0.930196
0.880951 1.000000 1.123226 1.585563 0.108505 0.128237 0.400297 0.473090 1.332695 0.848606 0.293144 -0.029537 0.655711 0.868552
0.928570 1.000000 1.256844 1.585563 0.121413 0.128237 0.447916 0.473090 1.364640 0.822419 1.071496 0.851957 0.685819 0.812725
1.000000 0.944445 1.457275 1.399369 0.140775 0.113178 0.519346 0.417535 1.375491 0.756835 0.303995 -0.095122 0.696291 0.677153
1.000000 0.916665 1.457275 1.306266 0.140775 0.105648 0.519346 0.389755 1.356567 0.741946 1.052572 0.837068 0.678104 0.643804
1.000000 0.861110 1.457275 1.120072 0.140775 0.090589 0.519346 0.334200 1.319663 0.710909 0.267091 -0.126160 0.643790 0.571794
0.976189 0.749999 1.390461 0.747684 0.134320 0.060471 0.495534 0.223089 1.231033 0.655106 0.963943 0.781266 0.564004 0.423020
0.928570 0.694444 1.256844 0.561491 0.121413 0.045412 0.447916 0.167534 1.159523 0.642132 0.195580 -0.139134 0.496321 0.357920
0.904762 0.694444 1.190040 0.561491 0.114959 0.045412 0.424108 0.167534 1.140547 0.654634 0.944966 0.793768 0.474946 0.376212
0.857143 0.694444 1.056422 0.561491 0.102052 0.045412 0.376489 0.167534 1.103153 0.680920 0.158187 -0.112848 0.432955 0.418680
0.857143 0.749999 1.056422 0.747684 0.102052 0.060471 0.376489 0.223089 1.138944 0.718829 0.980757 0.831677 0.462915 0.534925
0.880951 0.833334 1.123226 1.026982 0.108505 0.083060 0.400297 0.306424 1.212650 0.757629 0.231893 -0.074048 0.533498 0.653343
0.904762 0.861110 1.190040 1.120072 0.114959 0.090589 0.424108 0.334200 1.249041 0.760683 1.017148 0.834731 0.569749 0.667385
1.000000 0.944445 1.457275 1.399369 0.140775 0.113178 0.519346 0.417535 1.375491 0.756835 0.358343 -0.077897 0.696291 0.677153
