0.350002 0.709676 -0.317694 0.564961 -0.029569 0.046320 -0.113256 0.177419 0.791291 1.112614 0.791291 1.112614 0.271198 -1.002652
0.325001 0.741936 -0.387827 0.667689 -0.036096 0.054743 -0.138258 0.209679 0.809997 1.157929 0.018706 0.045315 0.311089 -0.987857
0.300003 0.741936 -0.457949 0.667689 -0.042623 0.054743 -0.163256 0.209679 0.800294 1.186545 0.781588 1.141230 0.322976 -0.909242
0.250003 0.741936 -0.598204 0.667689 -0.055676 0.054743 -0.213255 0.209679 0.782924 1.245785 0.001336 0.104556 0.350912 -0.776942
0.225001 0.741936 -0.668336 0.667689 -0.062204 0.054743 -0.238257 0.209679 0.775303 1.276350 0.773967 1.171794 0.366644 -0.721685
0.149999 0.677420 -0.878723 0.462248 -0.081785 0.037899 -0.313259 0.145163 0.693828 1.352885 -0.080139 0.181091 0.379469 -0.433938
0.100000 0.580644 -1.018978 0.154079 -0.094839 0.012633 -0.363259 0.048387 0.589192 1.400247 0.669330 1.219156 0.381754 -0.132422
0.050000 0.483867 -1.159233 -0.154089 -0.107893 -0.012634 -0.413259 -0.048390 0.486444 1.467828 -0.182887 0.248672 0.413772 0.116562
0.025002 0.387096 -1.229355 -0.462242 -0.114419 -0.037898 -0.438257 -0.145161 0.387902 1.506298 0.570789 1.257626 0.444825 0.319851
0.000000 0.290319 -1.299487 -0.770411 -0.120947 -0.063165 -0.463258 -0.241938 0.290319 1.570796 -0.280470 0.313170 0.494486 0.481290
0.000000 0.193548 -1.299487 -1.078564 -0.120947 -0.088430 -0.463258 -0.338709 0.193548 1.570796 0.474017 1.257626 0.536052 0.631325
0.000000 0.129032 -1.299487 -1.284005 -0.120947 -0.105273 -0.463258 -0.403225 0.129032 1.570796 -0.344986 0.313170 0.571240 0.716225
0.025002 0.064516 -1.229355 -1.489446 -0.114419 -0.122117 -0.438257 -0.467741 0.069191 1.201087 0.414177 0.887917 0.592507 0.817930
0.050000 0.032256 -1.159233 -1.592174 -0.107893 -0.130540 -0.413259 -0.500002 0.059501 0.572932 -0.354675 -0.314985 0.597115 0.880096
0.125001 0.032256 -0.948845 -1.592174 -0.088312 -0.130540 -0.338257 -0.500002 0.129096 0.252533 0.483771 0.567517 0.547888 0.976009
0.175001 0.032256 -0.808591 -1.592174 -0.075258 -0.130540 -0.288257 -0.500002 0.177949 0.182270 -0.305822 -0.385247 0.518513 1.047826
0.175001 0.064516 -0.808591 -1.489446 -0.075258 -0.122117 -0.288257 -0.467741 0.186515 0.353201 0.492337 0.738448 0.492024 1.018496
0.199999 0.129032 -0.738469 -1.284005 -0.068731 -0.105273 -0.263259 -0.403225 0.238010 0.572967 -0.254327 -0.165481 0.425456 0.992397
0.225001 0.161287 -0.668336 -1.181292 -0.062204 -0.096852 -0.238257 -0.370970 0.276838 0.621932 0.531164 0.787413 0.384646 0.999885
0.225001 0.193548 -0.668336 -1.078564 -0.062204 -0.088430 -0.238257 -0.338709 0.296793 0.710391 -0.234371 -0.077022 0.359875 0.957774
0.225001 0.225803 -0.668336 -0.975852 -0.062204 -0.080008 -0.238257 -0.306454 0.318767 0.787178 0.553138 0.864200 0.336380 0.909947
0.250003 0.225803 -0.598204 -0.975852 -0.055676 -0.080008 -0.213255 -0.306454 0.336881 0.734582 -0.216258 -0.129618 0.319159 0.962840
0.250003 0.193548 -0.598204 -1.078564 -0.055676 -0.088430 -0.213255 -0.338709 0.316168 0.658799 0.532426 0.788417 0.343834 1.008887
0.250003 0.129032 -0.598204 -1.284005 -0.055676 -0.105273 -0.213255 -0.403225 0.281337 0.476462 -0.251088 -0.311955 0.396466 1.084317
0.275001 0.096772 -0.528082 -1.386733 -0.049150 -0.113696 -0.188257 -0.435486 0.291531 0.338362 0.542619 0.650318 0.412011 1.162765
0.375000 0.000000 -0.247572 -1.694886 -0.023042 -0.138961 -0.088258 -0.532257 0.375000 0.000000 -0.167619 -0.650318 0.471591 1.406473
0.425000 0.000000 -0.107318 -1.694886 -0.009988 -0.138961 -0.038258 -0.532257 0.425000 0.000000 0.592619 0.650318 0.464835 1.499041
0.500002 0.000000 0.103070 -1.694886 0.009593 -0.138961 0.036744 -0.532257 0.500002 0.000000 -0.092617 -0.650318 0.464713 -1.501872
0.550002 0.000000 0.243324 -1.694886 0.022647 -0.138961 0.086743 -0.532257 0.550002 0.000000 0.642619 0.650318 0.471310 -1.409244
0.600002 0.000000 0.383579 -1.694886 0.035701 -0.138961 0.136743 -0.532257 0.600002 0.000000 -0.042617 -0.650318 0.483019 -1.319323
0.625000 0.064516 0.453701 -1.489446 0.042227 -0.122117 0.161741 -0.467741 0.628321 0.102861 0.670938 0.753179 0.430297 -1.237875
0.650001 0.129032 0.523833 -1.284005 0.048755 -0.105273 0.186743 -0.403225 0.662685 0.195963 -0.008253 -0.557216 0.382858 -1.137083
0.650001 0.225803 0.523833 -0.975852 0.048755 -0.080008 0.186743 -0.306454 0.688105 0.334347 0.696359 0.891563 0.302089 -1.023517
0.600002 0.419351 0.383579 -0.359530 0.035701 -0.029477 0.136743 -0.112906 0.732023 0.609999 0.035664 -0.281565 0.143619 -0.690203
0.575000 0.516128 0.313446 -0.051361 0.029173 -0.004211 0.111741 -0.016129 0.772666 0.731495 0.737002 1.013060 0.123618 -0.143355
0.500002 0.612904 0.103070 0.256807 0.009593 0.021055 0.036744 0.080647 0.790983 0.886500 0.053981 -0.126559 0.154091 1.143287
0.450002 0.709676 -0.037185 0.564961 -0.003461 0.046320 -0.013256 0.177419 0.840322 1.005683 0.786341 1.132243 0.246774 -1.496218
0.400002 0.774192 -0.177440 0.770401 -0.016515 0.063164 -0.063256 0.241935 0.871421 1.093901 0.085080 -0.038341 0.317302 -1.315062
0.300003 0.870968 -0.457949 1.078570 -0.042623 0.088430 -0.163256 0.338711 0.921188 1.239077 0.836108 1.277418 0.439181 -1.121659
0.250003 0.903224 -0.598204 1.181283 -0.055676 0.096851 -0.213255 0.370967 0.937184 1.300767 0.101076 0.023349 0.488925 -1.049064
0.225001 0.935484 -0.668336 1.284011 -0.062204 0.105274 -0.238257 0.403227 0.962162 1.334761 0.861086 1.311412 0.528927 -1.037112
0.199999 0.935484 -0.738469 1.284011 -0.068731 0.105274 -0.263259 0.403227 0.956624 1.360175 0.095538 0.048762 0.540650 -0.992399
0.225001 0.935484 -0.668336 1.284011 -0.062204 0.105274 -0.238257 0.403227 0.962162 1.334761 0.866624 1.285999 0.528927 -1.037112
0.275001 0.935484 -0.528082 1.284011 -0.049150 0.105274 -0.188257 0.403227 0.975067 1.284884 0.108443 -0.001115 0.508368 -1.133996
0.325001 0.935484 -0.387827 1.284011 -0.036096 0.105274 -0.138258 0.403227 0.990331 1.236427 0.881888 1.237541 0.492049 -1.240480
0.400002 0.935484 -0.177440 1.284011 -0.016515 0.105274 -0.063256 0.403227 1.017414 1.166735 0.135527 -0.070806 0.476444 -1.415190
0.500002 0.967740 0.103070 1.386723 0.009593 0.113695 0.036744 0.435482 1.089276 1.093902 0.953749 1.164708 0.505818 1.486621
0.650001 1.000000 0.523833 1.489451 0.048755 0.122118 0.186743 0.467743 1.192687 0.994420 0.238938 -0.170288 0.568300 1.190943
0.724999 1.000000 0.734210 1.489451 0.068335 0.122118 0.261741 0.467743 1.235161 0.943489 0.996224 1.113777 0.597160 1.060626
0.800001 1.000000 0.944597 1.489451 0.087916 0.122118 0.336742 0.467743 1.280625 0.896055 0.284402 -0.217722 0.633630 0.946819
0.850001 1.000000 1.084852 1.489451 0.100970 0.122118 0.386742 0.467743 1.312441 0.866302 1.028039 1.084024 0.661560 0.879910
0.924998 0.935484 1.295229 1.284011 0.120550 0.105274 0.461740 0.403227 1.315581 0.791034 0.287541 -0.292990 0.660455 0.717853
0.950000 0.870968 1.365361 1.078570 0.127078 0.088430 0.486742 0.338711 1.288831 0.742024 1.001290 1.035014 0.634937 0.607951
0.950000 0.806452 1.365361 0.873129 0.127078 0.071586 0.486742 0.274195 1.246140 0.703853 0.244850 -0.331161 0.595567 0.513018
0.974998 0.709676 1.435483 0.564961 0.133604 0.046320 0.511740 0.177419 1.205927 0.629189 0.961077 0.960350 0.567978 0.333729
0.950000 0.580644 1.365361 0.154079 0.127078 0.012633 0.486742 0.048387 1.113395 0.548617 0.152317 -0.411733 0.500697 0.099084
0.924998 0.548383 1.295229 0.051351 0.120550 0.004210 0.461740 0.016126 1.075335 0.535144 0.923018 0.946877 0.469521 0.034911
0.900000 0.516128 1.225107 -0.051361 0.114024 -0.004211 0.436742 -0.016129 1.037491 0.520687 0.114473 -0.426190 0.439930 -0.036914
0.850001 0.548383 1.084852 0.051351 0.100970 0.004210 0.386742 0.016126 1.011546 0.572963 0.897072 0.999152 0.396000 0.041673
0.824999 0.612904 1.014719 0.256807 0.094443 0.021055 0.361740 0.080647 1.027752 0.638951 0.130680 -0.360201 0.391472 0.219355
0.824999 0.709676 1.014719 0.564961 0.094443 0.046320 0.361740 0.177419 1.088238 0.710394 0.957559 1.070595 0.437696 0.455985
0.850001 0.774192 1.084852 0.770401 0.100970 0.063164 0.386742 0.241935 1.149728 0.738757 0.192169 -0.331838 0.496235 0.559009
0.874999 0.838708 1.154974 0.975842 0.107497 0.080008 0.411740 0.306451 1.212045 0.764224 1.019876 1.096062 0.557218 0.639831
0.950000 0.935484 1.365361 1.284011 0.127078 0.105274 0.486742 0.403227 1.333278 0.777699 0.313402 -0.318363 0.678170 0.691832
0.974998 0.967740 1.435483 1.386723 0.133604 0.113695 0.511740 0.435482 1.373733 0.781662 1.060330 1.100025 0.718595 0.705065
1.000000 0.967740 1.505616 1.386723 0.140132 0.113695 0.536742 0.435482 1.391589 0.769005 0.331259 -0.331020 0.736609 0.681620
