0.333333 0.806452 -0.369348 0.832671 -0.034397 0.071900 -0.127866 0.267280 0.872626 1.178849 0.872626 1.178849 0.368170 -1.124581
0.305553 0.806452 -0.449592 0.832671 -0.041870 0.071900 -0.155646 0.267280 0.862397 1.208623 -0.010229 0.029774 0.378715 -1.043470
0.249998 0.806452 -0.610068 0.832671 -0.056815 0.071900 -0.211201 0.267280 0.844313 1.270193 0.854542 1.240419 0.404729 -0.902068
0.222222 0.806452 -0.690300 0.832671 -0.064286 0.071900 -0.238977 0.267280 0.836509 1.301914 -0.018033 0.061495 0.419892 -0.841247
0.166667 0.806452 -0.850776 0.832671 -0.079231 0.071900 -0.294532 0.267280 0.823494 1.366999 0.841527 1.305504 0.453816 -0.736929
0.111111 0.709681 -1.011251 0.531194 -0.094176 0.045868 -0.350088 0.170509 0.718326 1.415492 -0.123201 0.109988 0.429307 -0.453230
0.055556 0.580649 -1.171727 0.129215 -0.109121 0.011158 -0.405643 0.041477 0.583300 1.475408 0.706501 1.365420 0.422865 -0.101895
0.000000 0.483872 -1.332203 -0.172277 -0.124066 -0.014876 -0.461199 -0.055300 0.483872 1.570796 -0.222629 0.205376 0.461756 0.119334
0.000000 0.354840 -1.332203 -0.574256 -0.124066 -0.049586 -0.461199 -0.184332 0.354840 1.570796 0.577469 1.365420 0.473304 0.380230
0.000000 0.258064 -1.332203 -0.875748 -0.124066 -0.075620 -0.461199 -0.281108 0.258064 1.570796 -0.319406 0.205376 0.503953 0.547387
0.000000 0.161292 -1.332203 -1.177225 -0.124066 -0.101652 -0.461199 -0.377879 0.161292 1.570796 0.480698 1.365420 0.550135 0.686424
0.000000 0.096776 -1.332203 -1.378215 -0.124066 -0.119007 -0.461199 -0.442395 0.096776 1.570796 -0.383922 0.205376 0.587800 0.764591
0.027776 0.032260 -1.251971 -1.579204 -0.116594 -0.136363 -0.433423 -0.506911 0.042570 0.859960 0.426492 0.654584 0.609790 0.863391
0.083331 0.000000 -1.091495 -1.679707 -0.101649 -0.145041 -0.377868 -0.539172 0.083331 0.000000 -0.343161 -0.654584 0.596229 0.959513
0.111111 0.000000 -1.011251 -1.679707 -0.094176 -0.145041 -0.350088 -0.539172 0.111111 0.000000 0.454272 0.654584 0.579022 0.994909
0.138887 0.032260 -0.931020 -1.579204 -0.086704 -0.136363 -0.322312 -0.506911 0.142584 0.228231 -0.311687 -0.426353 0.536538 1.004443
0.194442 0.129032 -0.770544 -1.277728 -0.071759 -0.110331 -0.266757 -0.410140 0.233360 0.585877 0.545048 1.012230 0.426021 0.994137
0.222222 0.161292 -0.690300 -1.177225 -0.064286 -0.101652 -0.238977 -0.377879 0.274587 0.627843 -0.270461 -0.384387 0.383476 1.006882
0.222222 0.193548 -0.690300 -1.076738 -0.064286 -0.092975 -0.238977 -0.345624 0.294692 0.716540 0.565153 1.100927 0.358813 0.965841
0.249998 0.225808 -0.610068 -0.976236 -0.056815 -0.084297 -0.211201 -0.313363 0.336880 0.734603 -0.228273 -0.366325 0.316251 0.977747
0.249998 0.258064 -0.610068 -0.875748 -0.056815 -0.075620 -0.211201 -0.281108 0.359299 0.801273 0.587572 1.167597 0.293035 0.926453
0.277778 0.225808 -0.529824 -0.976236 -0.049342 -0.084297 -0.183421 -0.313363 0.357980 0.682563 -0.229592 -0.485034 0.298416 1.041233
0.277778 0.193548 -0.529824 -1.076738 -0.049342 -0.092975 -0.183421 -0.345624 0.338558 0.608557 0.568149 1.093591 0.324470 1.082894
0.305553 0.129032 -0.449592 -1.277728 -0.041870 -0.110331 -0.155646 -0.410140 0.331681 0.399572 -0.236469 -0.694018 0.366825 1.208092
0.361109 0.064516 -0.289116 -1.478717 -0.026925 -0.127686 -0.100090 -0.474656 0.366827 0.176795 0.603296 0.870813 0.409115 1.362972
0.416665 0.032260 -0.128641 -1.579204 -0.011980 -0.136363 -0.044534 -0.506911 0.417912 0.077271 -0.185384 -0.793542 0.431244 1.483167
0.472220 0.000000 0.031835 -1.679707 0.002965 -0.145041 0.011021 -0.539172 0.472220 0.000000 0.657604 0.793542 0.461331 -1.550358
0.611111 0.000000 0.433031 -1.679707 0.040327 -0.145041 0.149912 -0.539172 0.611111 0.000000 -0.046493 -0.793542 0.484952 -1.299605
0.666667 0.064516 0.593506 -1.478717 0.055272 -0.127686 0.205468 -0.474656 0.669781 0.096474 0.716274 0.890016 0.446738 -1.162273
0.694447 0.096776 0.673750 -1.378215 0.062745 -0.119007 0.233248 -0.442395 0.701157 0.138466 -0.015117 -0.751550 0.432676 -1.085597
0.694447 0.161292 0.673750 -1.177225 0.062745 -0.101652 0.233248 -0.377879 0.712931 0.228214 0.728048 0.979764 0.379932 -1.017787
0.666667 0.354840 0.593506 -0.574256 0.055272 -0.049586 0.205468 -0.184332 0.755219 0.489122 0.027171 -0.490642 0.231364 -0.731228
0.638891 0.451612 0.513275 -0.272780 0.047800 -0.023554 0.177692 -0.087560 0.782391 0.615321 0.755219 1.105963 0.177950 -0.457841
0.583335 0.548388 0.352799 0.028712 0.032856 0.002479 0.122136 0.009216 0.800631 0.754528 0.045411 -0.351435 0.150064 0.075317
0.527776 0.612904 0.192311 0.229702 0.017910 0.019835 0.066577 0.073732 0.808825 0.859890 0.763414 1.211324 0.165671 0.836354
0.472220 0.645165 0.031835 0.330204 0.002965 0.028513 0.011021 0.105993 0.799518 0.938956 0.036104 -0.272369 0.184295 1.467189
0.416665 0.709681 -0.128641 0.531194 -0.011980 0.045868 -0.044534 0.170509 0.822956 1.039904 0.786851 1.312273 0.252441 -1.315318
0.305553 0.774197 -0.449592 0.732183 -0.041870 0.063223 -0.155646 0.235025 0.832312 1.194892 0.045460 -0.117381 0.349561 -0.985856
0.277778 0.774197 -0.529824 0.732183 -0.049342 0.063223 -0.183421 0.235025 0.822521 1.226308 0.777061 1.343689 0.362782 -0.908100
0.222222 0.806452 -0.690300 0.832671 -0.064286 0.071900 -0.238977 0.267280 0.836509 1.301914 0.059449 -0.041776 0.419892 -0.841247
0.194442 0.838713 -0.770544 0.933173 -0.071759 0.080579 -0.266757 0.299541 0.860957 1.342986 0.801508 1.384762 0.462251 -0.843226
0.194442 0.870968 -0.770544 1.033660 -0.071759 0.089256 -0.266757 0.331796 0.892409 1.351150 0.090901 -0.033612 0.488948 -0.893635
0.249998 0.870968 -0.610068 1.033660 -0.056815 0.089256 -0.211201 0.331796 0.906137 1.291276 0.815236 1.324889 0.460995 -1.003943
0.333333 0.903228 -0.369348 1.134163 -0.034397 0.097934 -0.127866 0.364057 0.962773 1.217255 0.147537 -0.107634 0.460152 -1.233031
0.444444 0.935484 -0.048397 1.234650 -0.004507 0.106611 -0.016755 0.396312 1.035694 1.127270 0.888157 1.234904 0.474581 -1.528545
0.638891 0.967744 0.513275 1.335152 0.047800 0.115289 0.177692 0.428573 1.159617 0.987294 0.271460 -0.247609 0.536808 1.177756
0.722222 1.000000 0.753982 1.435639 0.070217 0.123966 0.261023 0.460828 1.233534 0.945311 0.962073 1.192921 0.598698 1.055433
0.777778 1.000000 0.914458 1.435639 0.085162 0.123966 0.316579 0.460828 1.266862 0.909753 0.304788 -0.283168 0.624923 0.968864
0.833333 1.000000 1.074934 1.435639 0.100107 0.123966 0.372134 0.460828 1.301708 0.876058 0.996920 1.159226 0.654821 0.891479
0.888889 0.967744 1.235410 1.335152 0.115052 0.115289 0.427690 0.428573 1.314022 0.827845 0.317102 -0.331381 0.662953 0.786429
0.916669 0.903228 1.315654 1.134163 0.122525 0.097934 0.455470 0.364057 1.286897 0.778013 0.969795 1.109394 0.634699 0.674314
0.972224 0.806452 1.476129 0.832671 0.137469 0.071900 0.511025 0.267280 1.263165 0.692467 0.293370 -0.416927 0.616722 0.481899
1.000000 0.741936 1.556361 0.631681 0.144941 0.054545 0.538801 0.202764 1.245178 0.638320 0.951809 1.055247 0.607552 0.359932
1.000000 0.677420 1.556361 0.430691 0.144941 0.037190 0.538801 0.138248 1.207849 0.595410 0.256040 -0.459837 0.580567 0.251167
0.944444 0.645165 1.395885 0.330204 0.129996 0.028513 0.483245 0.105993 1.143771 0.599304 0.887732 1.059141 0.517078 0.215916
0.888889 0.612904 1.235410 0.229702 0.115052 0.019835 0.427690 0.073732 1.079711 0.603656 0.191979 -0.455485 0.453798 0.170719
0.861113 0.645165 1.155178 0.330204 0.107580 0.028513 0.399914 0.105993 1.075989 0.643003 0.884010 1.098488 0.440198 0.259082
0.833333 0.741936 1.074934 0.631681 0.100107 0.054545 0.372134 0.202764 1.115757 0.727443 0.231747 -0.371045 0.466152 0.498895
0.833333 0.774197 1.074934 0.732183 0.100107 0.063223 0.372134 0.235025 1.137464 0.748627 0.905718 1.119672 0.486263 0.563302
0.861113 0.870968 1.155178 1.033660 0.107580 0.089256 0.399914 0.331796 1.224786 0.791088 0.319069 -0.328584 0.572575 0.692572
0.916669 0.903228 1.315654 1.134163 0.122525 0.097934 0.455470 0.364057 1.286897 0.778013 0.967828 1.106597 0.634699 0.674314
0.944444 0.967744 1.395885 1.335152 0.129996 0.115289 0.483245 0.428573 1.352222 0.797583 0.384394 -0.309015 0.700082 0.725510
0.972224 0.967744 1.476129 1.335152 0.137469 0.115289 0.511025 0.428573 1.371769 0.783089 0.987375 1.092104 0.719538 0.697869
