0.277781 0.812501 -0.418433 0.927817 -0.036560 0.070044 -0.147659 0.282896 0.858673 1.241370 0.858673 1.241370 0.414270 -1.089739
0.250001 0.812501 -0.497155 0.927817 -0.043438 0.070044 -0.175439 0.282896 0.850093 1.272297 -0.008580 0.030926 0.424965 -1.015690
0.222225 0.812501 -0.575865 0.927817 -0.050315 0.070044 -0.203214 0.282896 0.842343 1.303818 0.850923 1.272892 0.437164 -0.947870
0.194446 0.781249 -0.654587 0.825319 -0.057193 0.062306 -0.230994 0.251644 0.805083 1.326862 -0.045840 0.053970 0.424215 -0.828157
0.138890 0.750001 -0.812018 0.722836 -0.070949 0.054569 -0.286549 0.220396 0.762753 1.387684 0.808593 1.333714 0.432956 -0.655638
0.111115 0.718749 -0.890728 0.620338 -0.077826 0.046831 -0.314325 0.189144 0.727287 1.417416 -0.081306 0.083702 0.429919 -0.541703
0.055555 0.625002 -1.048172 0.312874 -0.091582 0.023620 -0.369884 0.095397 0.627466 1.482141 0.708772 1.398439 0.420285 -0.252409
0.027780 0.562497 -1.126882 0.107877 -0.098459 0.008144 -0.397660 0.032892 0.563183 1.521450 -0.145589 0.123011 0.420616 -0.082527
0.000000 0.468750 -1.205603 -0.199587 -0.105337 -0.015067 -0.425440 -0.060855 0.468750 1.570796 0.614340 1.447785 0.427639 0.142076
0.000000 0.406250 -1.205603 -0.404568 -0.105337 -0.030542 -0.425440 -0.123355 0.406250 1.570796 -0.208089 0.123011 0.425872 0.282208
0.000000 0.343751 -1.205603 -0.609549 -0.105337 -0.046017 -0.425440 -0.185854 0.343751 1.570796 0.551840 1.447785 0.433211 0.411867
0.000000 0.249999 -1.205603 -0.917029 -0.105337 -0.069230 -0.425440 -0.279606 0.249999 1.570796 -0.301841 0.123011 0.460194 0.581432
0.000000 0.124999 -1.205603 -1.326991 -0.105337 -0.100179 -0.425440 -0.404606 0.124999 1.570796 0.426840 1.447785 0.520829 0.760304
0.000000 0.093752 -1.205603 -1.429474 -0.105337 -0.107916 -0.425440 -0.435853 0.093752 1.570796 -0.333089 0.123011 0.539459 0.797488
0.027780 0.062500 -1.126882 -1.531972 -0.098459 -0.115654 -0.397660 -0.467105 0.068395 1.152544 0.401484 1.029533 0.538385 0.865532
0.083335 0.000000 -0.969450 -1.736953 -0.084704 -0.131128 -0.342105 -0.529605 0.083335 0.000000 -0.318149 -1.029533 0.545925 0.997265
0.138890 0.000000 -0.812018 -1.736953 -0.070949 -0.131128 -0.286549 -0.529605 0.138890 0.000000 0.457039 1.029533 0.512942 1.074841
0.166670 0.031252 -0.733297 -1.634455 -0.064070 -0.123391 -0.258770 -0.498353 0.169575 0.185357 -0.287464 -0.844176 0.471535 1.091868
0.194446 0.062500 -0.654587 -1.531972 -0.057193 -0.115654 -0.230994 -0.467105 0.204243 0.310995 0.491708 1.155171 0.430213 1.111541
0.222225 0.093752 -0.575865 -1.429474 -0.050315 -0.107916 -0.203214 -0.435853 0.241192 0.399223 -0.250516 -0.755948 0.388989 1.134516
0.222225 0.124999 -0.575865 -1.326991 -0.050315 -0.100179 -0.203214 -0.404606 0.254969 0.512381 0.505484 1.268329 0.362713 1.105348
0.222225 0.156252 -0.575865 -1.224493 -0.050315 -0.092441 -0.203214 -0.373354 0.271659 0.612818 -0.233825 -0.655511 0.337281 1.072344
0.250001 0.187499 -0.497155 -1.122010 -0.043438 -0.084704 -0.175439 -0.342106 0.312500 0.643497 0.546325 1.299008 0.295625 1.096946
0.250001 0.218751 -0.497155 -1.019511 -0.043438 -0.076966 -0.175439 -0.310854 0.332194 0.718831 -0.214132 -0.580177 0.271107 1.056982
0.250001 0.249999 -0.497155 -0.917029 -0.043438 -0.069230 -0.175439 -0.279606 0.353553 0.785394 0.567685 1.365571 0.248109 1.010438
0.250001 0.218751 -0.497155 -1.019511 -0.043438 -0.076966 -0.175439 -0.310854 0.332194 0.718831 -0.235491 -0.646740 0.271107 1.056982
0.250001 0.187499 -0.497155 -1.122010 -0.043438 -0.084704 -0.175439 -0.342106 0.312500 0.643497 0.547992 1.290236 0.295625 1.096946
0.277781 0.156252 -0.418433 -1.224493 -0.036560 -0.092441 -0.147659 -0.373354 0.318711 0.512389 -0.229281 -0.777847 0.307027 1.194181
0.305556 0.093752 -0.339723 -1.429474 -0.029683 -0.107916 -0.119883 -0.435853 0.319616 0.297705 0.548896 1.075552 0.352688 1.302380
0.333336 0.062500 -0.261001 -1.531972 -0.022805 -0.115654 -0.092104 -0.467105 0.339145 0.185346 -0.209751 -0.890207 0.374444 1.376114
0.361112 0.031252 -0.182292 -1.634455 -0.015927 -0.123391 -0.064328 -0.498353 0.362462 0.086329 0.572213 0.976536 0.399402 1.442425
0.416667 0.031252 -0.024860 -1.634455 -0.002172 -0.123391 -0.008773 -0.498353 0.417837 0.074865 -0.154375 -0.901671 0.394285 1.553195
0.444447 0.000000 0.053862 -1.736953 0.004706 -0.131128 0.019007 -0.529605 0.444447 0.000000 0.598822 0.901671 0.425864 -1.534923
0.500002 0.000000 0.211294 -1.736953 0.018461 -0.131128 0.074562 -0.529605 0.500002 0.000000 -0.098820 -0.901671 0.431924 -1.430927
0.527778 0.031252 0.290004 -1.634455 0.025339 -0.123391 0.102338 -0.498353 0.528702 0.059146 0.627522 0.960817 0.407255 -1.368260
0.583333 0.093752 0.447435 -1.429474 0.039094 -0.107916 0.157893 -0.435853 0.590819 0.159355 -0.036704 -0.801462 0.367351 -1.223239
0.611113 0.124999 0.526157 -1.326991 0.045972 -0.100179 0.185673 -0.404606 0.623766 0.201761 0.660469 1.003223 0.353184 -1.140567
0.611113 0.218751 0.526157 -1.019511 0.045972 -0.076966 0.185673 -0.310854 0.649085 0.343745 -0.011385 -0.659478 0.277839 -1.032364
0.611113 0.281251 0.526157 -0.814530 0.045972 -0.061492 0.185673 -0.248354 0.672726 0.431327 0.684111 1.090805 0.235085 -0.928824
0.611113 0.343751 0.526157 -0.609549 0.045972 -0.046017 0.185673 -0.185854 0.701159 0.512389 0.017048 -0.578415 0.202849 -0.785886
0.583333 0.406250 0.447435 -0.404568 0.039094 -0.030542 0.157893 -0.123355 0.710856 0.608326 0.693809 1.186741 0.159055 -0.663205
0.583333 0.468750 0.447435 -0.199587 0.039094 -0.015067 0.157893 -0.060855 0.748334 0.676915 0.054525 -0.509826 0.163726 -0.367873
0.527778 0.562497 0.290004 0.107877 0.025339 0.008144 0.102338 0.032892 0.771332 0.817232 0.716806 1.327058 0.171049 0.310979
0.500002 0.593750 0.211294 0.210375 0.018461 0.015882 0.074562 0.064144 0.776235 0.870901 0.059429 -0.456157 0.184086 0.710431
0.444447 0.656249 0.053862 0.415357 0.004706 0.031357 0.019007 0.126644 0.792588 0.975500 0.733160 1.431658 0.231591 1.421826
0.388891 0.718749 -0.103570 0.620338 -0.009049 0.046831 -0.036548 0.189144 0.817213 1.074837 0.084053 -0.356821 0.295578 -1.379919
0.361112 0.750001 -0.182292 0.722836 -0.015927 0.054569 -0.064328 0.220396 0.832408 1.122073 0.748355 1.478893 0.330875 -1.286811
0.305556 0.781249 -0.339723 0.825319 -0.029683 0.062306 -0.119883 0.251644 0.838877 1.197975 0.090522 -0.280919 0.375462 -1.126205
0.250001 0.843748 -0.497155 1.030300 -0.043438 0.077781 -0.175439 0.314143 0.880007 1.282739 0.789485 1.563658 0.453609 -1.061476
0.222225 0.843748 -0.575865 1.030300 -0.050315 0.077781 -0.203214 0.314143 0.872522 1.313266 0.083037 -0.250392 0.465057 -0.996615
0.166670 0.875001 -0.733297 1.132798 -0.064070 0.085519 -0.258770 0.345395 0.890733 1.382571 0.807695 1.632963 0.518716 -0.927809
0.138890 0.875001 -0.812018 1.132798 -0.070949 0.085519 -0.286549 0.345395 0.885955 1.413378 0.078260 -0.219585 0.533119 -0.878250
0.166670 0.906248 -0.733297 1.235281 -0.064070 0.093256 -0.258770 0.376643 0.921447 1.388916 0.843187 1.608502 0.546020 -0.968820
0.222225 0.906248 -0.575865 1.235281 -0.050315 0.093256 -0.203214 0.376643 0.933097 1.330326 0.089910 -0.278175 0.521989 -1.076019
0.277781 0.906248 -0.418433 1.235281 -0.036560 0.093256 -0.147659 0.376643 0.947865 1.273371 0.857955 1.551546 0.502971 -1.197171
0.333336 0.906248 -0.261001 1.235281 -0.022805 0.093256 -0.092104 0.376643 0.965608 1.218335 0.107653 -0.333211 0.489551 -1.330965
0.500002 0.937500 0.211294 1.337779 0.018461 0.100994 0.074562 0.407895 1.062501 1.080837 0.954849 1.414048 0.517461 1.389995
0.583333 0.968748 0.447435 1.440262 0.039094 0.108730 0.157893 0.439143 1.130818 1.028796 0.175970 -0.385252 0.565786 1.225640
0.694444 0.968748 0.762299 1.440262 0.066604 0.108730 0.269004 0.439143 1.191941 0.948853 1.015972 1.334105 0.606256 1.021188
0.749999 0.968748 0.919730 1.440262 0.080360 0.108730 0.324559 0.439143 1.225141 0.911990 0.209169 -0.422115 0.632868 0.934324
0.805554 0.968748 1.077162 1.440262 0.094115 0.108730 0.380115 0.439143 1.259917 0.877116 1.050747 1.299232 0.663077 0.857325
0.916665 0.968748 1.392025 1.440262 0.121626 0.108730 0.491225 0.439143 1.333697 0.813015 0.282949 -0.486216 0.732452 0.729476
0.944445 0.937500 1.470747 1.337779 0.128504 0.100994 0.519005 0.407895 1.330745 0.781708 1.047796 1.267925 0.729090 0.666095
1.000000 0.875001 1.628179 1.132798 0.142259 0.085519 0.574560 0.345395 1.328769 0.718830 0.280973 -0.549094 0.729537 0.541263
1.000000 0.843748 1.628179 1.030300 0.142259 0.077781 0.574560 0.314143 1.308400 0.700853 1.027427 1.249948 0.710705 0.500348
1.000000 0.781249 1.628179 0.825319 0.142259 0.062306 0.574560 0.251644 1.268995 0.663202 0.241568 -0.586746 0.675810 0.412810
0.916665 0.750001 1.392025 0.722836 0.121626 0.054569 0.491225 0.220396 1.184389 0.685731 0.942821 1.272477 0.588763 0.421744
0.888889 0.750001 1.313316 0.722836 0.114749 0.054569 0.463450 0.220396 1.163025 0.700855 0.220204 -0.571622 0.565797 0.443902
0.833334 0.750001 1.155884 0.722836 0.100993 0.054569 0.407894 0.220396 1.121137 0.732815 0.900933 1.304437 0.521266 0.495386
0.805554 0.781249 1.077162 0.825319 0.094115 0.062306 0.380115 0.251644 1.122171 0.770082 0.221238 -0.534355 0.520660 0.584779
0.805554 0.812501 1.077162 0.927817 0.094115 0.070044 0.380115 0.282896 1.144148 0.789691 0.922910 1.324047 0.542497 0.639803
0.805554 0.843748 1.077162 1.030300 0.094115 0.077781 0.380115 0.314143 1.166546 0.808552 0.243636 -0.515495 0.565216 0.690658
0.833334 0.843748 1.155884 1.030300 0.100993 0.077781 0.407894 0.314143 1.185899 0.791608 0.942264 1.307103 0.584260 0.656278
0.861110 0.906248 1.234594 1.235281 0.107870 0.093256 0.435670 0.376643 1.250118 0.810933 0.307854 -0.496170 0.648834 0.712860
0.944445 0.968748 1.470747 1.440262 0.128504 0.108730 0.519005 0.439143 1.352941 0.798100 1.045086 1.294270 0.751365 0.702240
0.972224 1.000000 1.549469 1.542761 0.135382 0.116468 0.546785 0.470395 1.394712 0.799481 0.349625 -0.494790 0.793154 0.710439
