0.388889 0.161292 -0.117481 -1.078276 -0.008901 -0.066320 -0.043501 -0.324101 0.421010 0.393158 0.421010 0.393158 0.274565 1.437374
0.388889 0.193548 -0.117481 -0.970962 -0.008901 -0.059719 -0.043501 -0.291846 0.434391 0.461802 0.013380 0.068643 0.242771 1.422832
0.388889 0.225808 -0.117481 -0.863633 -0.008901 -0.053118 -0.043501 -0.259585 0.449693 0.526070 0.436313 0.457427 0.211112 1.404761
0.361109 0.225808 -0.192505 -0.863633 -0.014586 -0.053118 -0.071281 -0.259585 0.425898 0.558829 -0.010415 0.101402 0.218533 1.302808
0.333333 0.258064 -0.267518 -0.756320 -0.020269 -0.046518 -0.099056 -0.227330 0.421554 0.658805 0.431969 0.557403 0.200503 1.159866
0.305553 0.258064 -0.342542 -0.756320 -0.025954 -0.046518 -0.126836 -0.227330 0.399950 0.701338 -0.032019 0.143935 0.215585 1.061878
0.277778 0.290324 -0.417554 -0.648990 -0.031638 -0.039916 -0.154612 -0.195069 0.401807 0.807480 0.433826 0.663544 0.209970 0.900585
0.249998 0.290324 -0.492578 -0.648990 -0.037322 -0.039916 -0.182392 -0.195069 0.383128 0.859894 -0.050698 0.196350 0.231191 0.818972
0.222222 0.290324 -0.567591 -0.648990 -0.043006 -0.039916 -0.210167 -0.195069 0.365610 0.917494 0.416308 0.721145 0.253679 0.748158
0.166667 0.290324 -0.717628 -0.648990 -0.054374 -0.039916 -0.265723 -0.195069 0.334763 1.049661 -0.081546 0.328516 0.301316 0.633253
0.138887 0.290324 -0.792652 -0.648990 -0.060058 -0.039916 -0.293503 -0.195069 0.321835 1.124590 0.403381 0.796074 0.326077 0.586588
0.111111 0.258064 -0.867665 -0.756320 -0.065742 -0.046518 -0.321279 -0.227330 0.280967 1.164229 -0.122413 0.368155 0.365526 0.615794
0.083331 0.258064 -0.942689 -0.756320 -0.071426 -0.046518 -0.349058 -0.227330 0.271185 1.258457 0.393598 0.890302 0.390168 0.577265
0.055556 0.225808 -1.017702 -0.863633 -0.077110 -0.053118 -0.376834 -0.259585 0.232542 1.329558 -0.161056 0.439256 0.429744 0.603209
0.027776 0.225808 -1.092726 -0.863633 -0.082795 -0.053118 -0.404614 -0.259585 0.227510 1.448406 0.388566 1.009149 0.454300 0.570421
0.027776 0.193548 -1.092726 -0.970962 -0.082795 -0.059719 -0.404614 -0.291846 0.195531 1.428261 -0.193035 0.419112 0.469849 0.624875
0.000000 0.161292 -1.167738 -1.078276 -0.088478 -0.066320 -0.432390 -0.324101 0.161292 1.570796 0.354328 1.151684 0.510347 0.643219
0.000000 0.129032 -1.167738 -1.185605 -0.088478 -0.072921 -0.432390 -0.356362 0.129032 1.570796 -0.225296 0.419112 0.528192 0.689305
0.000000 0.064516 -1.167738 -1.400248 -0.088478 -0.086123 -0.432390 -0.420878 0.064516 1.570796 0.289812 1.151684 0.567707 0.771908
0.027776 0.032260 -1.092726 -1.507561 -0.082795 -0.092723 -0.404614 -0.453133 0.042570 0.859960 -0.247241 -0.291724 0.569048 0.841904
0.055556 0.032260 -1.017702 -1.507561 -0.077110 -0.092723 -0.376834 -0.453133 0.064243 0.526098 0.311484 0.817822 0.549643 0.877071
0.111111 0.032260 -0.867665 -1.507561 -0.065742 -0.092723 -0.321279 -0.453133 0.115700 0.282575 -0.195785 -0.535247 0.513150 0.954045
0.166667 0.064516 -0.717628 -1.400248 -0.054374 -0.086123 -0.265723 -0.420878 0.178718 0.369333 0.374503 0.904580 0.453806 1.007641
0.194442 0.064516 -0.642615 -1.400248 -0.048690 -0.086123 -0.237947 -0.420878 0.204866 0.320370 -0.169636 -0.584210 0.438121 1.056237
0.222222 0.096776 -0.567591 -1.292918 -0.043006 -0.079521 -0.210167 -0.388617 0.242381 0.410725 0.412017 0.994936 0.395988 1.075038
0.249998 0.096776 -0.492578 -1.292918 -0.037322 -0.079521 -0.182392 -0.388617 0.268076 0.369344 -0.143941 -0.625592 0.381972 1.131980
0.249998 0.129032 -0.492578 -1.185605 -0.037322 -0.072921 -0.182392 -0.356362 0.281333 0.476470 0.425274 1.102061 0.353967 1.097741
0.277778 0.161292 -0.417554 -1.078276 -0.031638 -0.066320 -0.154612 -0.324101 0.321210 0.526072 -0.104064 -0.575989 0.312087 1.125679
0.305553 0.193548 -0.342542 -0.970962 -0.025954 -0.059719 -0.126836 -0.291846 0.361696 0.564641 0.465760 1.140631 0.270431 1.160823
0.305553 0.225808 -0.342542 -0.863633 -0.025954 -0.053118 -0.126836 -0.259585 0.379937 0.636433 -0.085823 -0.504198 0.242411 1.116302
0.305553 0.258064 -0.342542 -0.756320 -0.025954 -0.046518 -0.126836 -0.227330 0.399950 0.701338 0.485773 1.205536 0.215585 1.061878
0.305553 0.290324 -0.342542 -0.648990 -0.025954 -0.039916 -0.126836 -0.195069 0.421487 0.759846 -0.064286 -0.445690 0.190447 0.994273
0.333333 0.290324 -0.267518 -0.648990 -0.020269 -0.039916 -0.099056 -0.195069 0.442040 0.716545 0.506326 1.162234 0.173190 1.100928
0.333333 0.258064 -0.267518 -0.756320 -0.020269 -0.046518 -0.099056 -0.227330 0.421554 0.658805 -0.084771 -0.503429 0.200503 1.159866
0.361109 0.225808 -0.192505 -0.863633 -0.014586 -0.053118 -0.071281 -0.259585 0.425898 0.558829 0.510669 1.062258 0.218533 1.302808
0.388889 0.193548 -0.117481 -0.970962 -0.008901 -0.059719 -0.043501 -0.291846 0.434391 0.461802 -0.076279 -0.600456 0.242771 1.422832
0.416665 0.161292 -0.042468 -1.078276 -0.003218 -0.066320 -0.015725 -0.324101 0.446794 0.369340 0.523072 0.969796 0.271553 1.522315
0.444444 0.096776 0.032556 -1.292918 0.002467 -0.079521 0.012055 -0.388617 0.454859 0.214400 -0.068214 -0.755396 0.335830 -1.539786
0.472220 0.096776 0.107569 -1.292918 0.008150 -0.079521 0.039831 -0.388617 0.482035 0.202140 0.550248 0.957536 0.337969 -1.468660
0.500000 0.064516 0.182593 -1.400248 0.013835 -0.086123 0.067610 -0.420878 0.504145 0.128323 -0.046103 -0.829213 0.374035 -1.411516
0.527776 0.032260 0.257606 -1.507561 0.019518 -0.092723 0.095386 -0.453133 0.528761 0.061049 0.574864 0.890262 0.411342 -1.363322
0.555556 0.032260 0.332630 -1.507561 0.025203 -0.092723 0.123166 -0.453133 0.556491 0.058004 -0.018373 -0.832259 0.418656 -1.305399
0.583335 0.000000 0.407654 -1.614890 0.030887 -0.099324 0.150946 -0.485394 0.583335 0.000000 0.601708 0.832259 0.457980 -1.269300
0.638891 0.000000 0.557690 -1.614890 0.042256 -0.099324 0.206501 -0.485394 0.638891 0.000000 0.037183 -0.832259 0.479170 -1.168561
0.694447 0.000000 0.707727 -1.614890 0.053624 -0.099324 0.262057 -0.485394 0.694447 0.000000 0.657263 0.832259 0.505603 -1.075752
0.750002 0.000000 0.857764 -1.614890 0.064992 -0.099324 0.317612 -0.485394 0.750002 0.000000 0.092739 -0.832259 0.536506 -0.991376
0.805558 0.000000 1.007801 -1.614890 0.076360 -0.099324 0.373168 -0.485394 0.805558 0.000000 0.712819 0.832259 0.571152 -0.915375
0.861113 0.000000 1.157838 -1.614890 0.087728 -0.099324 0.428724 -0.485394 0.861113 0.000000 0.148294 -0.832259 0.608905 -0.847313
0.888889 0.032260 1.232850 -1.507561 0.093412 -0.092723 0.456499 -0.453133 0.889474 0.036277 0.741180 0.868536 0.607038 -0.781698
0.916669 0.064516 1.307874 -1.400248 0.099096 -0.086123 0.484279 -0.420878 0.918936 0.070265 0.177756 -0.798271 0.608159 -0.715468
0.944444 0.096776 1.382887 -1.292918 0.104780 -0.079521 0.512055 -0.388617 0.949390 0.102113 0.771633 0.900384 0.612239 -0.649196
0.972224 0.129032 1.457911 -1.185605 0.110464 -0.072921 0.539835 -0.356362 0.980749 0.131947 0.209116 -0.768436 0.619231 -0.583465
1.000000 0.193548 1.532924 -0.970962 0.116148 -0.059719 0.567610 -0.291846 1.018558 0.191184 0.809442 0.959620 0.615814 -0.474916
1.000000 0.225808 1.532924 -0.863633 0.116148 -0.053118 0.567610 -0.259585 1.025178 0.222084 0.215736 -0.737537 0.604034 -0.428933
1.000000 0.290324 1.532924 -0.648990 0.116148 -0.039916 0.567610 -0.195069 1.041292 0.282557 0.825556 1.020093 0.585119 -0.331023
1.000000 0.354840 1.532924 -0.434348 0.116148 -0.026715 0.567610 -0.130553 1.061090 0.340980 0.235534 -0.679113 0.572883 -0.226074
1.000000 0.419356 1.532924 -0.219705 0.116148 -0.013513 0.567610 -0.066038 1.084371 0.397081 0.848837 1.076194 0.567760 -0.115822
1.000000 0.483872 1.532924 -0.005062 0.116148 -0.000311 0.567610 -0.001522 1.110915 0.450662 0.262078 -0.625531 0.569940 -0.002681
0.972224 0.516133 1.457911 0.102267 0.110464 0.006290 0.539835 0.030739 1.100733 0.488044 0.838655 1.113575 0.546291 0.056880
0.944444 0.580649 1.382887 0.316910 0.104780 0.019492 0.512055 0.095255 1.108661 0.551234 0.270006 -0.562341 0.533086 0.183922
0.916669 0.645165 1.307874 0.531553 0.099096 0.032693 0.484279 0.159771 1.120946 0.613281 0.850940 1.175622 0.528961 0.318671
0.888889 0.677420 1.232850 0.638866 0.093412 0.039294 0.456499 0.192026 1.117596 0.651199 0.266656 -0.524424 0.518104 0.398180
0.888889 0.741936 1.232850 0.853509 0.093412 0.052495 0.456499 0.256542 1.157840 0.695531 0.891183 1.219955 0.551553 0.511993
0.833333 0.774197 1.082814 0.960838 0.082044 0.059097 0.400944 0.288803 1.137464 0.748627 0.246281 -0.471328 0.526866 0.624226
0.805558 0.806452 1.007801 1.068151 0.076360 0.065697 0.373168 0.321058 1.139863 0.785953 0.893582 1.257281 0.528372 0.710477
0.805558 0.838713 1.007801 1.175481 0.076360 0.072298 0.373168 0.353319 1.162911 0.805559 0.269329 -0.451721 0.551682 0.758083
0.750002 0.903228 0.857764 1.390124 0.064992 0.085500 0.317612 0.417835 1.174021 0.877817 0.904692 1.329538 0.567950 0.920838
0.722222 0.903228 0.782740 1.390124 0.059307 0.085500 0.289833 0.417835 1.156472 0.896299 0.251780 -0.433240 0.552894 0.964342
0.694447 0.935484 0.707727 1.497437 0.053624 0.092100 0.262057 0.450090 1.165069 0.932216 0.913290 1.365456 0.567255 1.043544
0.666667 0.967744 0.632703 1.604766 0.047939 0.098702 0.234277 0.482351 1.175148 0.967568 0.261859 -0.397888 0.584372 1.118655
0.611111 0.967744 0.482666 1.604766 0.036571 0.098702 0.178721 0.482351 1.144546 1.007551 0.882688 1.405439 0.564399 1.215957
0.583335 1.000000 0.407654 1.712080 0.030887 0.105302 0.150946 0.514606 1.157705 1.042720 0.275017 -0.362719 0.587338 1.285476
0.555556 1.000000 0.332630 1.712080 0.025203 0.105302 0.123166 0.514606 1.143959 1.063698 0.868942 1.426417 0.580820 1.335875
0.527776 1.000000 0.257606 1.712080 0.019518 0.105302 0.095386 0.514606 1.130729 1.085176 0.261787 -0.341241 0.575569 1.387519
0.500000 1.000000 0.182593 1.712080 0.013835 0.105302 0.067610 0.514606 1.118034 1.107149 0.856247 1.448389 0.571623 1.440162
0.472220 0.967744 0.107569 1.604766 0.008150 0.098702 0.039831 0.482351 1.076811 1.116827 0.220564 -0.331562 0.536834 1.488407
0.444444 0.935484 0.032556 1.497437 0.002467 0.092100 0.012055 0.450090 1.035694 1.127270 0.815130 1.458832 0.503239 1.544020
0.444444 0.903228 0.032556 1.390124 0.002467 0.085500 0.012055 0.417835 1.006654 1.113519 0.191524 -0.345313 0.470993 1.541954
0.444444 0.870968 0.032556 1.282794 0.002467 0.078899 0.012055 0.385574 0.977812 1.098952 0.786288 1.444265 0.438744 1.539542
0.444444 0.838713 0.032556 1.175481 0.002467 0.072298 0.012055 0.353319 0.949194 1.083506 0.162906 -0.360759 0.406502 1.536691
0.444444 0.806452 0.032556 1.068151 0.002467 0.065697 0.012055 0.321058 0.920813 1.067101 0.757906 1.427860 0.374257 1.533267
0.444444 0.774197 0.032556 0.960838 0.002467 0.059097 0.012055 0.288803 0.892699 1.049660 0.134792 -0.378200 0.342019 1.529080
0.444444 0.806452 0.032556 1.068151 0.002467 0.065697 0.012055 0.321058 0.920813 1.067101 0.786020 1.445301 0.374257 1.533267
0.444444 0.838713 0.032556 1.175481 0.002467 0.072298 0.012055 0.353319 0.949194 1.083506 0.163174 -0.361795 0.406502 1.536691
0.444444 0.870968 0.032556 1.282794 0.002467 0.078899 0.012055 0.385574 0.977812 1.098952 0.814638 1.460747 0.438744 1.539542
0.416665 0.870968 -0.042468 1.282794 -0.003218 0.078899 -0.015725 0.385574 0.965502 1.124584 0.150864 -0.336163 0.438860 -1.530035
0.416665 0.903228 -0.042468 1.390124 -0.003218 0.085500 -0.015725 0.417835 0.994701 1.138580 0.843837 1.474744 0.471101 -1.533179
0.388889 0.935484 -0.117481 1.497437 -0.008901 0.092100 -0.043501 0.450090 1.013097 1.176822 0.169260 -0.297922 0.504972 -1.474447
0.361109 0.935484 -0.192505 1.497437 -0.014586 0.092100 -0.071281 0.450090 1.002761 1.202406 0.833502 1.500328 0.508119 -1.413731
0.361109 0.967744 -0.192505 1.604766 -0.014586 0.098702 -0.071281 0.482351 1.032923 1.213653 0.199421 -0.286675 0.540079 -1.424081
0.333333 0.967744 -0.267518 1.604766 -0.020269 0.098702 -0.099056 0.482351 1.023543 1.239080 0.824122 1.525755 0.544442 -1.368251
0.305553 1.000000 -0.342542 1.712080 -0.025954 0.105302 -0.126836 0.514606 1.045640 1.274252 0.221518 -0.251502 0.581609 -1.329141
0.222222 1.000000 -0.567591 1.712080 -0.043006 0.105302 -0.210167 0.514606 1.024394 1.352127 0.802876 1.603630 0.605270 -1.183066
0.194442 1.000000 -0.642615 1.712080 -0.048690 0.105302 -0.237947 0.514606 1.018729 1.378750 0.215853 -0.224879 0.615468 -1.137689
0.166667 1.000000 -0.717628 1.712080 -0.054374 0.105302 -0.265723 0.514606 1.013794 1.405648 0.797941 1.630527 0.626730 -1.094145
0.138887 1.000000 -0.792652 1.712080 -0.060058 0.105302 -0.293503 0.514606 1.009599 1.432792 0.211657 -0.197735 0.639003 -1.052468
0.111111 1.000000 -0.867665 1.712080 -0.065742 0.105302 -0.321279 0.514606 1.006154 1.460139 0.794496 1.657874 0.652228 -1.012687
0.083331 0.967744 -0.942689 1.604766 -0.071426 0.098702 -0.349058 0.482351 0.971326 1.484899 0.176829 -0.172974 0.639098 -0.944366
0.083331 0.903228 -0.942689 1.390124 -0.071426 0.085500 -0.349058 0.417835 0.907064 1.478797 0.730235 1.651772 0.586115 -0.874841
0.083331 0.870968 -0.942689 1.282794 -0.071426 0.078899 -0.349058 0.385574 0.874945 1.475410 0.144710 -0.176362 0.560529 -0.835064
0.055556 0.838713 -1.017702 1.175481 -0.077110 0.072298 -0.376834 0.353319 0.840550 1.504654 0.695840 1.681016 0.554168 -0.753203
0.055556 0.806452 -1.017702 1.068151 -0.077110 0.065697 -0.376834 0.321058 0.808363 1.502016 0.112523 -0.178999 0.530968 -0.705647
0.055556 0.774197 -1.017702 0.960838 -0.077110 0.059097 -0.376834 0.288803 0.776187 1.499160 0.663664 1.678159 0.508759 -0.653910
0.055556 0.741936 -1.017702 0.853509 -0.077110 0.052495 -0.376834 0.256542 0.744013 1.496057 0.080349 -0.182103 0.487671 -0.597712
0.055556 0.709681 -1.017702 0.746195 -0.077110 0.045895 -0.376834 0.224287 0.711852 1.492673 0.631503 1.674776 0.467861 -0.536873
0.055556 0.677420 -1.017702 0.638866 -0.077110 0.039294 -0.376834 0.192026 0.679694 1.488969 0.048192 -0.185807 0.449493 -0.471281
