0.111111 0.375000 -1.196948 -0.570885 -0.107628 -0.044953 -0.405712 -0.169454 0.391115 1.282741 0.391115 1.282741 0.429786 0.395646
0.055556 0.406248 -1.360850 -0.465613 -0.122366 -0.036664 -0.461267 -0.138206 0.410029 1.434886 0.018914 0.152146 0.474336 0.291111
0.027776 0.437500 -1.442808 -0.360325 -0.129735 -0.028373 -0.489047 -0.106954 0.438381 1.507394 0.419467 1.355249 0.495438 0.215309
0.027776 0.500000 -1.442808 -0.149764 -0.129735 -0.011793 -0.489047 -0.044454 0.500771 1.515302 0.081304 0.160053 0.489336 0.090650
0.000000 0.531248 -1.524753 -0.044492 -0.137103 -0.003503 -0.516823 -0.013206 0.531248 1.570796 0.449943 1.410743 0.517024 0.025547
0.000000 0.593748 -1.524753 0.166069 -0.137103 0.013077 -0.516823 0.049294 0.593748 1.570796 0.143804 0.160053 0.522516 -0.095091
0.000000 0.656248 -1.524753 0.376629 -0.137103 0.029657 -0.516823 0.111794 0.656248 1.570796 0.512443 1.410743 0.535299 -0.213027
0.027776 0.718748 -1.442808 0.587190 -0.129735 0.046237 -0.489047 0.174294 0.719284 1.532171 0.206841 0.121428 0.529094 -0.342360
0.055556 0.781252 -1.360850 0.797766 -0.122366 0.062818 -0.461267 0.236798 0.783225 1.499805 0.576385 1.378377 0.531686 -0.474282
0.083331 0.843752 -1.278905 1.008327 -0.114997 0.079398 -0.433492 0.299298 0.847857 1.472353 0.271473 0.093976 0.542953 -0.604278
0.111111 0.906252 -1.196948 1.218887 -0.107628 0.095978 -0.405712 0.361798 0.913038 1.448800 0.641565 1.354824 0.562368 -0.728245
0.166667 0.937500 -1.033046 1.324159 -0.092890 0.104268 -0.350156 0.393046 0.952200 1.394857 0.310634 0.040033 0.547338 -0.843044
0.222222 1.000000 -0.869143 1.534720 -0.078152 0.120848 -0.294601 0.455546 1.024394 1.352127 0.713760 1.312095 0.565906 -0.996746
0.277778 1.000000 -0.705241 1.534720 -0.063414 0.120848 -0.239045 0.455546 1.037863 1.299849 0.324104 -0.012245 0.539076 -1.087550
0.333333 1.000000 -0.541339 1.534720 -0.048676 0.120848 -0.183490 0.455546 1.054093 1.249046 0.729989 1.261291 0.516845 -1.187887
0.361109 1.000000 -0.459394 1.534720 -0.041308 0.120848 -0.155714 0.455546 1.063203 1.224259 0.333214 -0.037032 0.507648 -1.241429
0.388889 0.968752 -0.377436 1.429448 -0.033938 0.112558 -0.127934 0.424298 1.043894 1.189055 0.710681 1.226087 0.469689 -1.277947
0.416665 0.906252 -0.295491 1.218887 -0.026570 0.095978 -0.100158 0.361798 0.997448 1.139850 0.286767 -0.086237 0.402103 -1.300725
0.444444 0.843752 -0.213534 1.008327 -0.019201 0.079398 -0.072378 0.299298 0.953650 1.085980 0.666883 1.172217 0.334846 -1.333524
0.444444 0.781252 -0.213534 0.797766 -0.019201 0.062818 -0.072378 0.236798 0.898825 1.053568 0.231942 -0.118649 0.274156 -1.274160
0.444444 0.718748 -0.213534 0.587190 -0.019201 0.046237 -0.072378 0.174294 0.845062 1.016986 0.613120 1.135636 0.214505 -1.177198
0.444444 0.656248 -0.213534 0.376629 -0.019201 0.029657 -0.072378 0.111794 0.792586 0.975502 0.179466 -0.160134 0.157092 -0.996231
0.444444 0.625000 -0.213534 0.271357 -0.019201 0.021367 -0.072378 0.080546 0.766913 0.952652 0.587447 1.112786 0.130157 -0.838757
0.444444 0.593748 -0.213534 0.166069 -0.019201 0.013077 -0.072378 0.049294 0.741665 0.928230 0.154218 -0.184556 0.105622 -0.597897
0.444444 0.562500 -0.213534 0.060796 -0.019201 0.004787 -0.072378 0.018046 0.716894 0.902107 0.562676 1.086663 0.085586 -0.244347
0.444444 0.593748 -0.213534 0.166069 -0.019201 0.013077 -0.072378 0.049294 0.741665 0.928230 0.178989 -0.158433 0.105622 -0.597897
0.444444 0.656248 -0.213534 0.376629 -0.019201 0.029657 -0.072378 0.111794 0.792586 0.975502 0.613597 1.133935 0.157092 -0.996231
0.472220 0.687500 -0.131589 0.481917 -0.011832 0.037947 -0.044603 0.143046 0.834055 0.968940 0.220458 -0.164995 0.176409 -1.268543
0.500000 0.750000 -0.049632 0.692478 -0.004463 0.054527 -0.016823 0.205546 0.901388 0.982794 0.680929 1.147789 0.233783 -1.489133
0.527776 0.781252 0.032313 0.797766 0.002906 0.062818 0.010953 0.236798 0.942816 0.976668 0.261887 -0.171121 0.264656 1.524576
0.555556 0.843752 0.114271 1.008327 0.010275 0.079398 0.038733 0.299298 1.010228 0.988515 0.748341 1.159635 0.329216 1.442100
0.583331 0.875000 0.196216 1.113599 0.017643 0.087688 0.066508 0.330546 1.051618 0.982795 0.303277 -0.176840 0.364300 1.372240
0.638887 0.937500 0.360118 1.324159 0.032381 0.104268 0.122064 0.393046 1.134497 0.972609 0.831220 1.149449 0.438028 1.269681
0.694442 0.937500 0.524020 1.324159 0.047119 0.104268 0.177619 0.393046 1.166686 0.933249 0.335467 -0.216200 0.456638 1.146359
0.722222 0.968752 0.605978 1.429448 0.054489 0.112558 0.205399 0.424298 1.208340 0.930170 0.872874 1.146370 0.496416 1.119956
0.777778 0.968752 0.769880 1.429448 0.069226 0.112558 0.260955 0.424298 1.242344 0.894311 0.369471 -0.252059 0.521860 1.019401
0.861113 0.968752 1.015740 1.429448 0.091334 0.112558 0.344290 0.424298 1.296147 0.844154 0.926676 1.096213 0.568134 0.889122
0.888889 0.968752 1.097685 1.429448 0.098702 0.112558 0.372066 0.424298 1.314764 0.828364 0.388088 -0.267850 0.585383 0.850893
0.916669 0.937500 1.179642 1.324159 0.106072 0.104268 0.399846 0.393046 1.311178 0.796633 0.923090 1.064482 0.580384 0.776822
0.944444 0.906252 1.261587 1.218887 0.113440 0.095978 0.427622 0.361798 1.308919 0.764764 0.385829 -0.299718 0.578373 0.702209
0.972224 0.875000 1.343544 1.113599 0.120809 0.087688 0.455401 0.330546 1.307993 0.732814 0.922164 1.032532 0.579380 0.627855
1.000000 0.812500 1.425489 0.903038 0.128178 0.071108 0.483177 0.268046 1.288471 0.682317 0.366306 -0.350215 0.566467 0.506488
1.000000 0.750000 1.425489 0.692478 0.128178 0.054527 0.483177 0.205546 1.250000 0.643501 0.883694 0.993716 0.536499 0.402214
1.000000 0.656248 1.425489 0.376629 0.128178 0.029657 0.483177 0.111794 1.196102 0.580755 0.312409 -0.412962 0.502891 0.227371
0.972224 0.468748 1.343544 -0.255052 0.120809 -0.020083 0.455401 -0.075706 1.079326 0.449257 0.766917 0.862219 0.457932 -0.164734
0.972224 0.406248 1.343544 -0.465613 0.120809 -0.036664 0.455401 -0.138206 1.053687 0.395802 0.286770 -0.466417 0.468633 -0.294649
0.944444 0.312500 1.261587 -0.781446 0.113440 -0.061533 0.427622 -0.231954 0.994802 0.319543 0.708032 0.785960 0.473928 -0.497011
0.916669 0.250000 1.179642 -0.992006 0.106072 -0.078113 0.399846 -0.294454 0.950148 0.266251 0.242116 -0.519708 0.480699 -0.634752
0.888889 0.187500 1.097685 -1.202566 0.098702 -0.094693 0.372066 -0.356954 0.908449 0.207890 0.666333 0.727598 0.496877 -0.764672
0.861113 0.125000 1.015740 -1.413127 0.091334 -0.111273 0.344290 -0.419454 0.870138 0.144154 0.203806 -0.583444 0.521595 -0.883497
0.750002 0.031248 0.687935 -1.728976 0.061858 -0.136144 0.233179 -0.513206 0.750653 0.041639 0.546847 0.625083 0.538661 -1.144325
0.694442 0.031248 0.524020 -1.728976 0.047119 -0.136144 0.177619 -0.513206 0.695145 0.044966 0.148298 -0.580117 0.517042 -1.237602
0.611111 0.000000 0.278173 -1.834248 0.025013 -0.144433 0.094288 -0.544454 0.611111 0.000000 0.462813 0.580117 0.525353 -1.399318
0.555556 0.000000 0.114271 -1.834248 0.010275 -0.144433 0.038733 -0.544454 0.555556 0.000000 0.092742 -0.580117 0.518272 -1.499776
0.416665 0.031248 -0.295491 -1.728976 -0.026570 -0.136144 -0.100158 -0.513206 0.417835 0.074855 0.325092 0.654972 0.495797 1.378057
0.388889 0.031248 -0.377436 -1.728976 -0.033938 -0.136144 -0.127934 -0.513206 0.390142 0.080179 0.065050 -0.574793 0.502146 1.326492
0.333333 0.062500 -0.541339 -1.623687 -0.048676 -0.127853 -0.183490 -0.481954 0.339142 0.185348 0.274092 0.760141 0.489977 1.207020
0.305553 0.093748 -0.623296 -1.518415 -0.056046 -0.119564 -0.211269 -0.450706 0.319612 0.297695 0.045519 -0.462446 0.472893 1.132458
0.305553 0.125000 -0.623296 -1.413127 -0.056046 -0.111273 -0.211269 -0.419454 0.330133 0.388321 0.284614 0.850767 0.445152 1.104211
0.333333 0.187500 -0.541339 -1.202566 -0.048676 -0.094693 -0.183490 -0.356954 0.382449 0.512389 0.097835 -0.338377 0.376991 1.095978
0.361109 0.187500 -0.459394 -1.202566 -0.041308 -0.094693 -0.155714 -0.356954 0.406886 0.478916 0.309050 0.817293 0.364281 1.159453
0.416665 0.250000 -0.295491 -0.992006 -0.026570 -0.078113 -0.100158 -0.294454 0.485911 0.540422 0.176860 -0.276872 0.285002 1.242924
0.472220 0.250000 -0.131589 -0.992006 -0.011832 -0.078113 -0.044603 -0.294454 0.534314 0.486901 0.357454 0.763773 0.270525 1.420463
0.500000 0.250000 -0.049632 -0.992006 -0.004463 -0.078113 -0.016823 -0.294454 0.559017 0.463648 0.201563 -0.300125 0.267353 1.513726
0.583331 0.250000 0.196216 -0.992006 0.017643 -0.078113 0.066508 -0.294454 0.634646 0.404893 0.433083 0.705018 0.274987 -1.348654
0.638887 0.250000 0.360118 -0.992006 0.032381 -0.078113 0.122064 -0.294454 0.686059 0.372989 0.252976 -0.332029 0.293418 -1.177816
0.666667 0.218748 0.442075 -1.097294 0.039751 -0.086404 0.149844 -0.325706 0.701637 0.317053 0.448662 0.649082 0.333620 -1.139610
0.722222 0.156248 0.605978 -1.307855 0.054489 -0.102984 0.205399 -0.388206 0.738930 0.213059 0.290269 -0.436022 0.414974 -1.084142
0.750002 0.125000 0.687935 -1.413127 0.061858 -0.111273 0.233179 -0.419454 0.760347 0.165148 0.470078 0.601171 0.455958 -1.063426
0.805558 0.093748 0.851837 -1.518415 0.076596 -0.119564 0.288735 -0.450706 0.810994 0.115855 0.340916 -0.485316 0.512211 -1.001038
0.805558 0.062500 0.851837 -1.623687 0.076596 -0.127853 0.288735 -0.481954 0.807979 0.077431 0.467063 0.562747 0.538309 -1.031045
