0.066666 0.344827 -1.358904 -0.630263 -0.127235 -0.052195 -0.446153 -0.183025 0.351212 1.379820 0.351212 1.379820 0.476733 0.389294
0.033336 0.344827 -1.460424 -0.630263 -0.136740 -0.052195 -0.479484 -0.183025 0.346434 1.474422 -0.004778 0.094602 0.508062 0.364643
0.000000 0.344827 -1.561958 -0.630263 -0.146247 -0.052195 -0.512820 -0.183025 0.344827 1.570796 0.349604 1.476194 0.539635 0.342809
0.000000 0.413792 -1.561958 -0.392775 -0.146247 -0.032528 -0.512820 -0.114060 0.413792 1.570796 0.064188 0.094602 0.522293 0.218855
0.000000 0.482757 -1.561958 -0.155288 -0.146247 -0.012860 -0.512820 -0.045095 0.482757 1.570796 0.418570 1.476194 0.513700 0.087709
0.000000 0.551723 -1.561958 0.082200 -0.146247 0.006807 -0.512820 0.023871 0.551723 1.570796 0.133153 0.094602 0.514293 -0.046514
0.000000 0.620688 -1.561958 0.319688 -0.146247 0.026475 -0.512820 0.092836 0.620688 1.570796 0.487535 1.476194 0.524042 -0.179091
0.066666 0.724139 -1.358904 0.675929 -0.127235 0.055977 -0.446153 0.196287 0.727201 1.478992 0.239666 0.002798 0.493668 -0.414468
0.133333 0.793104 -1.155850 0.913417 -0.108223 0.075645 -0.379487 0.265252 0.804234 1.404239 0.564568 1.401440 0.471773 -0.610038
0.166668 0.862069 -1.054316 1.150905 -0.098716 0.095313 -0.346151 0.334217 0.878033 1.379817 0.313465 -0.021623 0.491728 -0.767859
0.233335 0.896555 -0.851262 1.269658 -0.079704 0.105147 -0.279485 0.368702 0.926421 1.316187 0.612955 1.337811 0.474726 -0.922180
0.266665 0.931035 -0.749743 1.388393 -0.070199 0.114980 -0.246154 0.403183 0.968471 1.291846 0.355516 -0.045965 0.485279 -1.022671
0.333332 0.931035 -0.546689 1.388393 -0.051187 0.114980 -0.179488 0.403183 0.988906 1.226992 0.633391 1.272957 0.455104 -1.151960
0.366667 0.896555 -0.445154 1.269658 -0.041680 0.105147 -0.146152 0.368702 0.968636 1.182578 0.335245 -0.090379 0.410625 -1.193400
0.399998 0.862069 -0.343635 1.150905 -0.032175 0.095313 -0.112822 0.334217 0.950348 1.136363 0.615103 1.226742 0.367021 -1.245238
0.433334 0.793104 -0.242100 0.913417 -0.022668 0.075645 -0.079486 0.265252 0.903765 1.070739 0.288662 -0.156003 0.291337 -1.279649
0.466664 0.689659 -0.140581 0.557194 -0.013163 0.046144 -0.046155 0.161806 0.832709 0.975907 0.544047 1.131910 0.182763 -1.292926
0.466664 0.620688 -0.140581 0.319688 -0.013163 0.026475 -0.046155 0.092836 0.776550 0.926112 0.232503 -0.205798 0.117328 -1.109415
0.466664 0.551723 -0.140581 0.082200 -0.013163 0.006807 -0.046155 0.023871 0.722616 0.868727 0.490113 1.074525 0.060364 -0.477296
0.466664 0.517243 -0.140581 -0.036535 -0.013163 -0.003026 -0.046155 -0.010609 0.696646 0.836759 0.206533 -0.237767 0.046367 0.225940
0.466664 0.448277 -0.140581 -0.274023 -0.013163 -0.022693 -0.046155 -0.079575 0.647092 0.765304 0.440559 1.003071 0.079348 1.045195
0.433334 0.413792 -0.242100 -0.392775 -0.022668 -0.032528 -0.079486 -0.114060 0.599168 0.762334 0.158608 -0.240737 0.126982 0.962169
0.399998 0.448277 -0.343635 -0.274023 -0.032175 -0.022693 -0.112822 -0.079575 0.600792 0.842252 0.442184 1.082989 0.129979 0.614284
0.399998 0.517243 -0.343635 -0.036535 -0.032175 -0.003026 -0.112822 -0.010609 0.653864 0.912532 0.211681 -0.170457 0.112908 0.093762
0.399998 0.551723 -0.343635 0.082200 -0.032175 0.006807 -0.112822 0.023871 0.681466 0.943489 0.469786 1.113946 0.119341 -0.208503
0.399998 0.620688 -0.343635 0.319688 -0.032175 0.026475 -0.112822 0.092836 0.738412 0.998338 0.268626 -0.115609 0.156091 -0.688523
0.399998 0.689659 -0.343635 0.557194 -0.032175 0.046144 -0.112822 0.161806 0.797262 1.045217 0.528636 1.160825 0.209764 -0.961910
0.433334 0.758624 -0.242100 0.794682 -0.022668 0.065812 -0.079486 0.230772 0.873664 1.051815 0.345027 -0.109011 0.258337 -1.239087
0.433334 0.827589 -0.242100 1.032170 -0.022668 0.085479 -0.079486 0.299737 0.934175 1.088440 0.589147 1.197450 0.324650 -1.311577
0.466664 0.862069 -0.140581 1.150905 -0.013163 0.095313 -0.046155 0.334217 0.980275 1.074634 0.391128 -0.122817 0.352286 -1.433565
0.500000 0.896555 -0.039046 1.269658 -0.003656 0.105147 -0.012820 0.368702 1.026553 1.062068 0.635425 1.184885 0.383949 -1.536041
0.566666 0.931035 0.164008 1.388393 0.015356 0.114980 0.053847 0.403183 1.089925 1.024047 0.454500 -0.160838 0.421667 1.438028
0.599997 0.965520 0.265527 1.507145 0.024861 0.124815 0.087177 0.437668 1.136761 1.014773 0.682260 1.175611 0.461018 1.374183
0.633333 1.000000 0.367061 1.625880 0.034368 0.134648 0.120513 0.472148 1.183685 1.006227 0.501425 -0.169383 0.501865 1.320888
0.733330 1.000000 0.671635 1.625880 0.062885 0.134648 0.220510 0.472148 1.240069 0.938050 0.738645 1.107433 0.534761 1.133866
0.766665 1.000000 0.773169 1.625880 0.072392 0.134648 0.253846 0.472148 1.260070 0.916714 0.521425 -0.190719 0.549347 1.077492
0.833332 1.000000 0.976223 1.625880 0.091404 0.134648 0.320512 0.472148 1.301707 0.876059 0.780282 1.066778 0.583157 0.974415
0.866667 0.965520 1.077758 1.507145 0.100911 0.124815 0.353848 0.437668 1.297436 0.839299 0.517154 -0.227478 0.574583 0.890903
0.899998 0.931035 1.179277 1.388393 0.110416 0.114980 0.387178 0.403183 1.294922 0.802347 0.777768 1.029825 0.569922 0.805645
0.933334 0.862069 1.280812 1.150905 0.119923 0.095313 0.420514 0.334217 1.270541 0.745726 0.492774 -0.284099 0.546633 0.671551
0.966664 0.793104 1.382331 0.913417 0.129428 0.075645 0.453845 0.265252 1.250381 0.687089 0.757608 0.971188 0.533418 0.528911
0.966664 0.724139 1.382331 0.675929 0.129428 0.055977 0.453845 0.196287 1.207815 0.642932 0.450207 -0.328257 0.500630 0.408204
1.000000 0.551723 1.483866 0.082200 0.138935 0.006807 0.487180 0.023871 1.142102 0.504165 0.691895 0.832421 0.488731 0.048958
1.000000 0.482757 1.483866 -0.155288 0.138935 -0.012860 0.487180 -0.045095 1.110430 0.449759 0.418535 -0.382663 0.488107 -0.092300
1.000000 0.379312 1.483866 -0.511510 0.138935 -0.042361 0.487180 -0.148540 1.069522 0.362546 0.650988 0.745208 0.505143 -0.295944
1.000000 0.310347 1.483866 -0.748998 0.138935 -0.062029 0.487180 -0.217506 1.047051 0.300922 0.396063 -0.444287 0.527579 -0.419904
0.966664 0.241381 1.382331 -0.986486 0.129428 -0.081696 0.453845 -0.286471 0.996346 0.244701 0.600283 0.688988 0.528823 -0.563052
0.933334 0.172416 1.280812 -1.223974 0.119923 -0.101364 0.420514 -0.355436 0.949125 0.182672 0.348843 -0.506316 0.541024 -0.701725
0.833332 0.068965 0.976223 -1.580215 0.091404 -0.130866 0.320512 -0.458887 0.836181 0.082570 0.487338 0.588886 0.547480 -0.961108
0.766665 0.034485 0.773169 -1.698950 0.072392 -0.140699 0.253846 -0.493367 0.767441 0.044951 0.280103 -0.543936 0.541518 -1.095603
0.699999 0.000000 0.570115 -1.817703 0.053380 -0.150534 0.187179 -0.527852 0.699999 0.000000 0.419896 0.543936 0.545912 -1.230024
0.633333 0.000000 0.367061 -1.817703 0.034368 -0.150534 0.120513 -0.527852 0.633333 0.000000 0.213436 -0.543936 0.526790 -1.346335
0.500000 0.000000 -0.039046 -1.817703 -0.003656 -0.150534 -0.012820 -0.527852 0.500000 0.000000 0.286564 0.543936 0.512980 1.546515
0.433334 0.000000 -0.242100 -1.817703 -0.022668 -0.150534 -0.079486 -0.527852 0.433334 0.000000 0.146770 -0.543936 0.518943 1.421335
0.399998 0.000000 -0.343635 -1.817703 -0.032175 -0.150534 -0.112822 -0.527852 0.399998 0.000000 0.253228 0.543936 0.525084 1.360227
0.366667 0.034485 -0.445154 -1.698950 -0.041680 -0.140699 -0.146152 -0.493367 0.368285 0.093775 0.115057 -0.450161 0.500164 1.282798
0.366667 0.068965 -0.445154 -1.580215 -0.041680 -0.130866 -0.146152 -0.458887 0.373097 0.185915 0.258039 0.636076 0.467298 1.262461
0.366667 0.103451 -0.445154 -1.461462 -0.041680 -0.121031 -0.146152 -0.424402 0.380982 0.274990 0.122942 -0.361086 0.434676 1.239143
0.433334 0.172416 -0.242100 -1.223974 -0.022668 -0.101364 -0.079486 -0.355436 0.466375 0.378680 0.343432 0.739766 0.349561 1.350787
0.466664 0.206896 -0.140581 -1.105239 -0.013163 -0.091531 -0.046155 -0.320956 0.510472 0.417311 0.167040 -0.322455 0.309386 1.427970
0.533331 0.241381 0.062473 -0.986486 0.005849 -0.081696 0.020511 -0.286471 0.585411 0.425007 0.418372 0.747463 0.272212 -1.499319
0.633333 0.241381 0.367061 -0.986486 0.034368 -0.081696 0.120513 -0.286471 0.677772 0.364133 0.259400 -0.383330 0.296988 -1.172589
0.666663 0.241381 0.468581 -0.986486 0.043873 -0.081696 0.153844 -0.286471 0.709017 0.347390 0.449616 0.730720 0.312004 -1.077965
0.699999 0.206896 0.570115 -1.105239 0.053380 -0.091531 0.187179 -0.320956 0.729935 0.287384 0.280318 -0.443336 0.358644 -1.042827
0.766665 0.172416 0.773169 -1.223974 0.072392 -0.101364 0.253846 -0.355436 0.785814 0.221210 0.505495 0.664546 0.424632 -0.950616
