0.051282 0.458336 -1.346053 -0.303822 -0.139320 -0.029916 -0.430770 -0.092498 0.461196 1.459373 0.461196 1.459373 0.431423 0.211516
0.025643 0.458336 -1.426169 -0.303822 -0.147612 -0.029916 -0.456409 -0.092498 0.459053 1.514907 -0.002143 0.055534 0.457025 0.199957
0.000000 0.500000 -1.506297 -0.166973 -0.155906 -0.016441 -0.482052 -0.050835 0.500000 1.570796 0.502143 1.515262 0.482386 0.105066
0.000000 0.541670 -1.506297 -0.030103 -0.155906 -0.002964 -0.482052 -0.009165 0.541670 1.570796 0.039527 0.055534 0.485725 0.019010
0.000000 0.583333 -1.506297 0.106746 -0.155906 0.010511 -0.482052 0.032499 0.583333 1.570796 0.543807 1.515262 0.492577 -0.067315
0.000000 0.666667 -1.506297 0.380465 -0.155906 0.037462 -0.482052 0.115832 0.666667 1.570796 0.122860 0.055534 0.516195 -0.235819
0.051282 0.791670 -1.346053 0.791053 -0.139320 0.077891 -0.430770 0.240835 0.793329 1.506110 0.670469 1.450576 0.530496 -0.509788
0.102564 0.875003 -1.185809 1.064772 -0.122734 0.104843 -0.379488 0.324168 0.880994 1.454113 0.210525 0.003538 0.546280 -0.706942
0.153846 0.916667 -1.025566 1.201621 -0.106149 0.118318 -0.328206 0.365832 0.929487 1.404514 0.718963 1.400976 0.544618 -0.839558
0.205128 0.958336 -0.865322 1.338491 -0.089563 0.131795 -0.276924 0.407502 0.980044 1.359932 0.261081 -0.041044 0.550939 -0.973917
0.256410 0.958336 -0.705078 1.338491 -0.072977 0.131795 -0.225642 0.407502 0.992046 1.309363 0.730964 1.350407 0.527031 -1.065101
0.282053 0.875003 -0.624950 1.064772 -0.064684 0.104843 -0.199999 0.324168 0.919339 1.258968 0.188375 -0.091439 0.440920 -1.017998
0.333335 0.833333 -0.464706 0.927902 -0.048098 0.091366 -0.148718 0.282499 0.897528 1.190289 0.709153 1.281727 0.381465 -1.086224
0.358974 0.750000 -0.384591 0.654183 -0.039806 0.064414 -0.123078 0.199165 0.831482 1.124389 0.122329 -0.157338 0.294863 -1.017267
0.384617 0.666667 -0.304463 0.380465 -0.031513 0.037462 -0.097436 0.115832 0.769659 1.047517 0.647330 1.204855 0.208749 -0.871445
0.384617 0.625003 -0.304463 0.243616 -0.031513 0.023988 -0.097436 0.074168 0.733866 1.019142 0.086536 -0.185713 0.172999 -0.650634
0.384617 0.583333 -0.304463 0.106746 -0.031513 0.010511 -0.097436 0.032499 0.698719 0.987881 0.612183 1.173594 0.140540 -0.321937
0.358974 0.541670 -0.384591 -0.030103 -0.039806 -0.002964 -0.123078 -0.009165 0.649822 0.985533 0.037639 -0.188061 0.136757 0.074326
0.358974 0.500000 -0.384591 -0.166973 -0.039806 -0.016441 -0.123078 -0.050835 0.615518 0.948126 0.577879 1.136187 0.124380 0.391685
0.358974 0.541670 -0.384591 -0.030103 -0.039806 -0.002964 -0.123078 -0.009165 0.649822 0.985533 0.071943 -0.150654 0.136757 0.074326
0.384617 0.625003 -0.304463 0.243616 -0.031513 0.023988 -0.097436 0.074168 0.733866 1.019142 0.661923 1.169796 0.172999 -0.650634
0.410256 0.666667 -0.224347 0.380465 -0.023220 0.037462 -0.071797 0.115832 0.782786 1.019142 0.120863 -0.150654 0.198084 -1.015921
0.461541 0.750000 -0.064091 0.654183 -0.006634 0.064414 -0.020511 0.199165 0.880636 1.019138 0.759773 1.169793 0.268732 -1.468175
0.538462 0.833333 0.176269 0.927902 0.018244 0.091366 0.056410 0.282499 0.992162 0.997129 0.232389 -0.172664 0.355782 1.373705
0.589744 0.916667 0.336512 1.201621 0.034830 0.118318 0.107692 0.365832 1.089989 0.999105 0.857600 1.171768 0.447758 1.284507
0.666669 1.000000 0.576884 1.475340 0.059709 0.145269 0.184617 0.449165 1.201852 0.982792 0.344252 -0.188977 0.549867 1.180824
0.717951 1.000000 0.737128 1.475340 0.076295 0.145269 0.235899 0.449165 1.231038 0.948124 0.886786 1.137100 0.569138 1.087197
0.769233 1.000000 0.897372 1.475340 0.092880 0.145269 0.287181 0.449165 1.261634 0.915099 0.374848 -0.222001 0.592236 1.001933
0.820515 1.000000 1.057615 1.475340 0.109466 0.145269 0.338463 0.449165 1.293540 0.883671 0.918692 1.105672 0.618730 0.925035
0.871797 0.958336 1.217859 1.338491 0.126052 0.131795 0.389745 0.407502 1.295546 0.832649 0.376854 -0.273023 0.615425 0.807667
0.923079 0.875003 1.378103 1.064772 0.142637 0.104843 0.441027 0.324168 1.271890 0.758667 0.895036 1.031690 0.590690 0.633852
0.974361 0.791670 1.538347 0.791053 0.159223 0.077891 0.492309 0.240835 1.255436 0.682318 0.360400 -0.349373 0.581576 0.454967
1.000000 0.583333 1.618462 0.106746 0.167515 0.010511 0.517948 0.032499 1.157704 0.528074 0.797304 0.877447 0.527757 0.062663
1.000000 0.458336 1.618462 -0.303822 0.167515 -0.029916 0.517948 -0.092498 1.100033 0.429765 0.302729 -0.447682 0.518491 -0.176723
1.000000 0.375003 1.618462 -0.577541 0.167515 -0.056868 0.517948 -0.175832 1.068002 0.358773 0.765272 0.806456 0.528895 -0.327270
0.974361 0.250000 1.538347 -0.988129 0.159223 -0.097296 0.492309 -0.300835 1.005922 0.251160 0.240650 -0.555295 0.544257 -0.548519
0.923079 0.166667 1.378103 -1.261848 0.142637 -0.124248 0.441027 -0.384168 0.938005 0.178631 0.697355 0.733926 0.542192 -0.716603
0.846154 0.083333 1.137731 -1.535566 0.117758 -0.151200 0.364102 -0.467501 0.850248 0.098168 0.152893 -0.635758 0.539951 -0.909101
0.666669 0.000000 0.576884 -1.809285 0.059709 -0.178151 0.184617 -0.550835 0.666669 0.000000 0.513776 0.635758 0.516195 -1.247404
0.564105 0.000000 0.256397 -1.809285 0.026538 -0.178151 0.082053 -0.550835 0.564105 0.000000 0.050329 -0.635758 0.488986 -1.422922
0.487180 0.000000 0.016025 -1.809285 0.001659 -0.178151 0.005128 -0.550835 0.487180 0.000000 0.436852 0.635758 0.482079 -1.561486
0.384617 0.083333 -0.304463 -1.535566 -0.031513 -0.151200 -0.097436 -0.467501 0.393541 0.213368 -0.043311 -0.422390 0.410451 1.365320
0.358974 0.125003 -0.384591 -1.398697 -0.039806 -0.137723 -0.123078 -0.425832 0.380116 0.335092 0.423426 0.757481 0.377667 1.289433
0.358974 0.166667 -0.384591 -1.261848 -0.039806 -0.124248 -0.123078 -0.384168 0.395778 0.434671 -0.027649 -0.322810 0.338550 1.260752
0.384617 0.208336 -0.304463 -1.124978 -0.031513 -0.110771 -0.097436 -0.342498 0.437417 0.496428 0.465066 0.819238 0.290541 1.293634
0.435899 0.250000 -0.144219 -0.988129 -0.014927 -0.097296 -0.046154 -0.300835 0.502501 0.520727 0.037435 -0.298511 0.236597 1.418565
0.487180 0.250000 0.016025 -0.988129 0.001659 -0.097296 0.005128 -0.300835 0.547581 0.474118 0.510146 0.772628 0.232109 -1.553751
0.615387 0.208336 0.416640 -1.124978 0.043123 -0.110771 0.133335 -0.342498 0.649697 0.326434 0.139551 -0.446194 0.304464 -1.199546
0.692308 0.166667 0.657000 -1.261848 0.068001 -0.124248 0.210256 -0.384168 0.712087 0.236245 0.572537 0.682440 0.379046 -1.070026
0.743590 0.125003 0.817244 -1.398697 0.084587 -0.137723 0.261538 -0.425832 0.754024 0.166550 0.181487 -0.515889 0.442590 -1.020014
