0.102042 0.433334 -1.055699 -0.106292 -0.102531 -0.009942 -0.313046 -0.030356 0.445186 1.339528 0.445186 1.339528 0.313577 0.096667
0.081633 0.433334 -1.124527 -0.106292 -0.109215 -0.009942 -0.333455 -0.030356 0.440956 1.384596 -0.004230 0.045068 0.333954 0.090784
0.040816 0.433334 -1.262174 -0.106292 -0.122584 -0.009942 -0.374272 -0.030356 0.435252 1.476882 0.439482 1.431814 0.374716 0.080929
0.020410 0.433334 -1.330992 -0.106292 -0.129267 -0.009942 -0.394678 -0.030356 0.433814 1.523732 -0.005668 0.091918 0.395100 0.076762
0.000000 0.500000 -1.399821 0.127142 -0.135952 0.011893 -0.415088 0.036310 0.500000 1.570796 0.505668 1.478878 0.423684 -0.087254
0.040816 0.733330 -1.262174 0.944154 -0.122584 0.088314 -0.374272 0.269640 0.734465 1.515195 0.228797 0.036316 0.491281 -0.624313
0.081633 0.799996 -1.124527 1.177588 -0.109215 0.110149 -0.333455 0.336306 0.804150 1.469107 0.575354 1.432791 0.509261 -0.789655
0.142858 0.899998 -0.918052 1.527748 -0.089162 0.142902 -0.272229 0.436308 0.911266 1.413378 0.335912 -0.019413 0.556100 -1.012961
0.204081 0.966664 -0.711587 1.761183 -0.069110 0.164737 -0.211007 0.502975 0.987972 1.362733 0.652060 1.382146 0.590559 -1.173579
0.306124 1.000000 -0.367466 1.877909 -0.035689 0.175656 -0.108964 0.536310 1.045807 1.273731 0.393746 -0.108414 0.594975 -1.370351
0.387756 0.899998 -0.092172 1.527748 -0.008952 0.142902 -0.027332 0.436308 0.979975 1.163989 0.586229 1.272403 0.485680 -1.508235
0.428572 0.833332 0.045474 1.294314 0.004416 0.121067 0.013484 0.369642 0.937078 1.095784 0.350850 -0.176619 0.418461 1.534333
0.448979 0.733330 0.114292 0.944154 0.011100 0.088314 0.033891 0.269640 0.859857 1.021420 0.509007 1.198040 0.320041 1.445762
0.448979 0.699999 0.114292 0.827445 0.011100 0.077397 0.033891 0.236309 0.831613 1.000491 0.322606 -0.197548 0.286920 1.428350
0.448979 0.666663 0.114292 0.710719 0.011100 0.066479 0.033891 0.202974 0.803755 0.978097 0.481149 1.175646 0.253848 1.405350
0.448979 0.699999 0.114292 0.827445 0.011100 0.077397 0.033891 0.236309 0.831613 1.000491 0.350464 -0.175155 0.286920 1.428350
0.530611 0.833332 0.389585 1.294314 0.037837 0.121067 0.115524 0.369642 0.987922 1.003803 0.637458 1.178958 0.433905 1.267886
0.591837 0.866662 0.596061 1.411022 0.057890 0.131984 0.176749 0.402973 1.049464 0.971644 0.412006 -0.207313 0.484933 1.157451
0.632654 0.933329 0.733707 1.644457 0.071258 0.153819 0.217566 0.469639 1.127543 0.975094 0.715537 1.182407 0.562057 1.136969
0.755102 0.966664 1.146647 1.761183 0.111364 0.164737 0.340015 0.502975 1.226629 0.907660 0.511093 -0.274747 0.647956 0.976355
0.857145 0.933329 1.490769 1.644457 0.144785 0.153819 0.442057 0.469639 1.267201 0.827922 0.756109 1.102669 0.681166 0.815643
0.897961 0.866662 1.628415 1.411022 0.158153 0.131984 0.482873 0.402973 1.247973 0.767663 0.491865 -0.335006 0.661125 0.695445
0.979593 0.699999 1.903709 0.827445 0.184890 0.077397 0.564506 0.236309 1.203994 0.620445 0.712129 0.955451 0.632330 0.396449
1.000000 0.633333 1.972527 0.594011 0.191574 0.055562 0.584912 0.169643 1.183685 0.564569 0.471556 -0.390882 0.624302 0.282287
1.000000 0.466664 1.972527 0.010416 0.191574 0.000974 0.584912 0.002975 1.103529 0.436625 0.631973 0.827507 0.587182 0.005086
0.959184 0.300001 1.834880 -0.573161 0.178205 -0.053612 0.544096 -0.163689 1.005004 0.303128 0.373031 -0.524379 0.556134 -0.292232
0.857145 0.233335 1.490769 -0.806595 0.144785 -0.075447 0.442057 -0.230355 0.888337 0.265783 0.515305 0.790162 0.477963 -0.480383
0.816328 0.199999 1.353122 -0.923321 0.131417 -0.086365 0.401240 -0.263691 0.840471 0.240266 0.325166 -0.549896 0.455255 -0.581412
0.714286 0.199999 1.009000 -0.923321 0.097995 -0.086365 0.299198 -0.263691 0.741758 0.273007 0.416592 0.822903 0.368487 -0.722400
0.612247 0.199999 0.664889 -0.923321 0.064575 -0.086365 0.197159 -0.263691 0.644085 0.315736 0.227494 -0.507167 0.291779 -0.928774
0.571431 0.233335 0.527242 -0.806595 0.051206 -0.075447 0.156343 -0.230355 0.617234 0.387670 0.389741 0.894838 0.239744 -0.974506
0.489795 0.333332 0.251939 -0.456452 0.024469 -0.042696 0.074707 -0.130358 0.592460 0.597555 0.202720 -0.297283 0.110749 -1.050396
0.428572 0.399998 0.045474 -0.223018 0.004416 -0.020861 0.013484 -0.063692 0.586236 0.750926 0.383516 1.048208 0.020237 -1.362163
0.408163 0.433334 -0.023354 -0.106292 -0.002268 -0.009942 -0.006925 -0.030356 0.595294 0.815301 0.211778 -0.232907 0.019516 1.346499
0.326530 0.500000 -0.298648 0.127142 -0.029005 0.011893 -0.088558 0.036310 0.597178 0.992273 0.385401 1.225180 0.122689 -0.389114
0.306124 0.500000 -0.367466 0.127142 -0.035689 0.011893 -0.108964 0.036310 0.586269 1.021420 0.200869 -0.203759 0.138142 -0.321660
0.204081 0.500000 -0.711587 0.127142 -0.069110 0.011893 -0.211007 0.036310 0.540046 1.183273 0.339177 1.387032 0.227451 -0.170413
0.122449 0.466664 -0.986881 0.010416 -0.095847 0.000974 -0.292639 0.002975 0.482462 1.314189 0.143285 -0.072843 0.297149 -0.010165
0.061226 0.366667 -1.193345 -0.339726 -0.115899 -0.031777 -0.353862 -0.097022 0.371744 1.405343 0.228459 1.478186 0.357159 0.267605
0.040816 0.333332 -1.262174 -0.456452 -0.122584 -0.042696 -0.374272 -0.130358 0.335821 1.448953 0.107362 -0.029233 0.383097 0.335157
0.020410 0.233335 -1.330992 -0.806595 -0.129267 -0.075447 -0.394678 -0.230355 0.234226 1.483549 0.126864 1.512782 0.434517 0.528312
0.040816 0.133333 -1.262174 -1.156755 -0.122584 -0.108200 -0.374272 -0.330357 0.139440 1.273731 0.012577 -0.239050 0.468471 0.723155
0.081633 0.100002 -1.124527 -1.273464 -0.109215 -0.119117 -0.333455 -0.363688 0.129090 0.886190 0.116514 1.125240 0.458772 0.828737
0.183675 0.033336 -0.780406 -1.506898 -0.075794 -0.140952 -0.231413 -0.430354 0.186675 0.179539 0.070162 -0.945702 0.446416 1.077424
0.265307 0.000000 -0.505112 -1.623624 -0.049057 -0.151870 -0.149781 -0.463690 0.265307 0.000000 0.195145 0.945702 0.441285 1.258357
0.285714 0.000000 -0.436294 -1.623624 -0.042373 -0.151870 -0.129374 -0.463690 0.285714 0.000000 0.090568 -0.945702 0.434782 1.298706
0.346940 0.033336 -0.229819 -1.506898 -0.022320 -0.140952 -0.068148 -0.430354 0.348538 0.095791 0.257969 1.041492 0.387787 1.413747
0.387756 0.066666 -0.092172 -1.390190 -0.008952 -0.130035 -0.027332 -0.397023 0.393445 0.170264 0.135476 -0.871228 0.349492 1.502063
0.408163 0.133333 -0.023354 -1.156755 -0.002268 -0.108200 -0.006925 -0.330357 0.429388 0.315738 0.293912 1.186966 0.281840 1.549836
0.428572 0.166668 0.045474 -1.040029 0.004416 -0.097282 0.013484 -0.297021 0.459840 0.370894 0.165927 -0.816072 0.248785 -1.525429
0.448979 0.199999 0.114292 -0.923321 0.011100 -0.086365 0.033891 -0.263691 0.491510 0.419066 0.325582 1.235138 0.217743 -1.442971
0.469389 0.233335 0.183121 -0.806595 0.017785 -0.075447 0.054301 -0.230355 0.524186 0.461328 0.198604 -0.773811 0.189691 -1.339296
0.489795 0.266665 0.251939 -0.689887 0.024469 -0.064531 0.074707 -0.197024 0.557682 0.498566 0.359079 1.272377 0.166164 -1.208368
0.510205 0.266665 0.320767 -0.689887 0.031153 -0.064531 0.095117 -0.197024 0.575690 0.481613 0.216611 -0.790764 0.176285 -1.121029
0.530611 0.266665 0.389585 -0.689887 0.037837 -0.064531 0.115524 -0.197024 0.593851 0.465695 0.377239 1.256459 0.188082 -1.040480
0.551021 0.266665 0.458414 -0.689887 0.044522 -0.064531 0.135933 -0.197024 0.612156 0.450723 0.234916 -0.805736 0.201264 -0.966860
