0.285713 0.388891 -0.283648 -0.060573 -0.019991 -0.004130 -0.087076 -0.017988 0.482565 0.937168 0.482565 0.937168 0.088552 0.203708
0.238094 0.388891 -0.438767 -0.060573 -0.030924 -0.004130 -0.134694 -0.017988 0.455988 1.021426 -0.026576 0.084258 0.135654 0.132758
0.190476 0.388891 -0.593885 -0.060573 -0.041857 -0.004130 -0.182313 -0.017988 0.433033 1.115349 0.459609 1.031091 0.183023 0.098344
0.166668 0.388891 -0.671439 -0.060573 -0.047322 -0.004130 -0.206121 -0.017988 0.423101 1.165904 -0.036508 0.134813 0.206749 0.087046
0.142857 0.388891 -0.749004 -0.060573 -0.052789 -0.004130 -0.229932 -0.017988 0.414300 1.218755 0.450808 1.083942 0.230495 0.078071
0.119049 0.388891 -0.826557 -0.060573 -0.058255 -0.004130 -0.253740 -0.017988 0.406705 1.273731 -0.044102 0.189789 0.254250 0.070771
0.095238 0.388891 -0.904122 -0.060573 -0.063722 -0.004130 -0.277551 -0.017988 0.400383 1.330628 0.444486 1.140839 0.278018 0.064717
0.071430 0.388891 -0.981675 -0.060573 -0.069188 -0.004130 -0.301359 -0.017988 0.395397 1.389145 -0.049089 0.248306 0.301789 0.059617
0.071430 0.361112 -0.981675 -0.154122 -0.069188 -0.010508 -0.301359 -0.045767 0.368109 1.375511 0.417197 1.127205 0.301585 0.150718
0.071430 0.333336 -0.981675 -0.247656 -0.069188 -0.016884 -0.301359 -0.073543 0.340904 1.359700 -0.076294 0.232495 0.303930 0.239359
0.047619 0.305556 -1.059241 -0.341205 -0.074654 -0.023262 -0.325170 -0.101323 0.309245 1.416197 0.385538 1.183702 0.332048 0.302064
0.047619 0.277777 -1.059241 -0.434754 -0.074654 -0.029640 -0.325170 -0.129102 0.281829 1.401018 -0.103710 0.217316 0.338767 0.377944
0.047619 0.250001 -1.059241 -0.528288 -0.074654 -0.036017 -0.325170 -0.156878 0.254496 1.382576 0.358205 1.165260 0.347581 0.449509
0.047619 0.222221 -1.059241 -0.621837 -0.074654 -0.042395 -0.325170 -0.184658 0.227266 1.359703 -0.130939 0.194443 0.358338 0.516467
0.047619 0.194446 -1.059241 -0.715371 -0.074654 -0.048772 -0.325170 -0.212433 0.200192 1.330628 0.331131 1.136185 0.370866 0.578691
0.047619 0.138890 -1.059241 -0.902454 -0.074654 -0.061526 -0.325170 -0.267989 0.146827 1.240503 -0.184304 0.104319 0.400554 0.689294
0.023811 0.111111 -1.136794 -0.996003 -0.080120 -0.067904 -0.348978 -0.295768 0.113633 1.359687 0.297938 1.255369 0.436189 0.703057
0.023811 0.083335 -1.136794 -1.089537 -0.080120 -0.074281 -0.348978 -0.323544 0.086670 1.292483 -0.211268 0.037114 0.453397 0.747598
0.023811 0.055555 -1.136794 -1.183086 -0.080120 -0.080659 -0.348978 -0.351324 0.060443 1.165877 0.271711 1.128763 0.471617 0.788748
0.047619 0.027780 -1.059241 -1.276621 -0.074654 -0.087036 -0.325170 -0.379099 0.055130 0.528107 -0.216581 -0.600656 0.474096 0.861824
0.071430 0.027780 -0.981675 -1.276621 -0.069188 -0.087036 -0.301359 -0.379099 0.076642 0.370908 0.293223 0.971564 0.458092 0.899152
0.095238 0.000000 -0.904122 -1.370169 -0.063722 -0.093414 -0.277551 -0.406879 0.095238 0.000000 -0.197985 -0.971564 0.464764 0.972153
0.142857 0.000000 -0.749004 -1.370169 -0.052789 -0.093414 -0.229932 -0.406879 0.142857 0.000000 0.340842 0.971564 0.437996 1.056425
0.166668 0.000000 -0.671439 -1.370169 -0.047322 -0.093414 -0.206121 -0.406879 0.166668 0.000000 -0.174174 -0.971564 0.425978 1.101890
0.214287 0.000000 -0.516320 -1.370169 -0.036390 -0.093414 -0.158502 -0.406879 0.214287 0.000000 0.388461 0.971564 0.405086 1.199326
0.238094 0.000000 -0.438767 -1.370169 -0.030924 -0.093414 -0.134694 -0.406879 0.238094 0.000000 -0.150366 -0.971564 0.396376 1.251109
0.238094 0.027780 -0.438767 -1.276621 -0.030924 -0.087036 -0.134694 -0.379099 0.239710 0.116150 0.390076 1.087714 0.370370 1.229407
0.261906 0.027780 -0.361202 -1.276621 -0.025457 -0.087036 -0.110883 -0.379099 0.263375 0.105673 -0.126701 -0.982041 0.362390 1.286243
0.261906 0.055555 -0.361202 -1.183086 -0.025457 -0.080659 -0.110883 -0.351324 0.267733 0.209021 0.394434 1.191063 0.336054 1.265076
0.309524 0.083335 -0.206083 -1.089537 -0.014525 -0.074281 -0.063264 -0.323544 0.320547 0.262999 -0.073887 -0.928063 0.296287 1.377697
0.333332 0.111111 -0.128530 -0.996003 -0.009059 -0.067904 -0.039457 -0.295768 0.351363 0.321750 0.425250 1.249814 0.264636 1.438176
0.333332 0.138890 -0.128530 -0.902454 -0.009059 -0.061526 -0.039457 -0.267989 0.361111 0.394796 -0.064140 -0.855017 0.237203 1.424614
0.333332 0.194446 -0.128530 -0.715371 -0.009059 -0.048772 -0.039457 -0.212433 0.385901 0.528079 0.450041 1.383096 0.182656 1.387152
0.333332 0.250001 -0.128530 -0.528288 -0.009059 -0.036017 -0.039457 -0.156878 0.416666 0.643505 -0.033374 -0.739591 0.128972 1.324395
0.333332 0.305556 -0.128530 -0.341205 -0.009059 -0.023262 -0.039457 -0.101323 0.452189 0.741950 0.485563 1.481542 0.077955 1.199447
0.309524 0.361112 -0.206083 -0.154122 -0.014525 -0.010508 -0.063264 -0.045767 0.475612 0.862170 -0.009951 -0.619372 0.064333 0.626278
0.309524 0.388891 -0.206083 -0.060573 -0.014525 -0.004130 -0.063264 -0.017988 0.497033 0.898551 0.506984 1.517923 0.065281 0.277013
0.285713 0.388891 -0.283648 -0.060573 -0.019991 -0.004130 -0.087076 -0.017988 0.482565 0.937168 -0.024420 -0.580755 0.088552 0.203708
0.285713 0.416667 -0.283648 0.032961 -0.019991 0.002247 -0.087076 0.009788 0.505216 0.969725 0.529636 1.550480 0.097506 -0.111939
0.261906 0.416667 -0.361202 0.032961 -0.025457 0.002247 -0.110883 0.009788 0.492144 1.009632 -0.037492 -0.540848 0.119249 -0.088045
0.261906 0.361112 -0.361202 -0.154122 -0.025457 -0.010508 -0.110883 -0.045767 0.446090 0.943307 0.483581 1.484155 0.111496 0.391451
0.285713 0.333336 -0.283648 -0.247656 -0.019991 -0.016884 -0.087076 -0.073543 0.439027 0.862176 -0.044554 -0.621979 0.095596 0.701343
0.285713 0.305556 -0.283648 -0.341205 -0.019991 -0.023262 -0.087076 -0.101323 0.418326 0.818946 0.462880 1.440925 0.110011 0.860877
0.285713 0.222221 -0.283648 -0.621837 -0.019991 -0.042395 -0.087076 -0.184658 0.361959 0.661043 -0.100921 -0.779882 0.173933 1.130166
0.285713 0.194446 -0.283648 -0.715371 -0.019991 -0.048772 -0.087076 -0.212433 0.345603 0.597561 0.446524 1.377443 0.198465 1.181788
0.285713 0.138890 -0.283648 -0.902454 -0.019991 -0.061526 -0.087076 -0.267989 0.317683 0.452481 -0.128841 -0.924963 0.249581 1.256635
0.309524 0.111111 -0.206083 -0.996003 -0.014525 -0.067904 -0.063264 -0.295768 0.328863 0.344645 0.457704 1.269608 0.269217 1.360074
0.333332 0.083335 -0.128530 -1.089537 -0.009059 -0.074281 -0.039457 -0.323544 0.343591 0.244984 -0.114112 -1.024623 0.292131 1.449444
0.333332 0.055555 -0.128530 -1.183086 -0.009059 -0.080659 -0.039457 -0.351324 0.337930 0.165149 0.452042 1.189772 0.319678 1.458956
0.380951 0.055555 0.026588 -1.183086 0.001874 -0.080659 0.008162 -0.351324 0.384981 0.144812 -0.067062 -1.044960 0.317338 -1.547568
0.428570 0.055555 0.181707 -1.183086 0.012807 -0.080659 0.055781 -0.351324 0.432156 0.128911 0.499218 1.173870 0.322100 -1.413337
0.452381 0.055555 0.259272 -1.183086 0.018273 -0.080659 0.079592 -0.351324 0.455780 0.122195 -0.043438 -1.051676 0.327066 -1.348007
0.500000 0.055555 0.414390 -1.183086 0.029206 -0.080659 0.127211 -0.351324 0.503077 0.110657 0.546515 1.162332 0.341789 -1.223391
0.547619 0.055555 0.569509 -1.183086 0.040139 -0.080659 0.174830 -0.351324 0.550430 0.101103 0.003915 -1.061229 0.362219 -1.109044
0.619045 0.055555 0.802181 -1.183086 0.056537 -0.080659 0.246257 -0.351324 0.621533 0.089504 0.617618 1.150733 0.401596 -0.959440
0.690476 0.055555 1.034864 -1.183086 0.072936 -0.080659 0.317687 -0.351324 0.692707 0.080287 0.075088 -1.070447 0.448956 -0.835634
0.738094 0.083335 1.189983 -1.089537 0.083869 -0.074281 0.365306 -0.323544 0.742784 0.112430 0.667696 1.182876 0.466081 -0.724847
0.785713 0.083335 1.345101 -1.089537 0.094802 -0.074281 0.412924 -0.323544 0.790120 0.105668 0.122425 -1.077208 0.504272 -0.664625
0.833332 0.138890 1.500219 -0.902454 0.105734 -0.061526 0.460543 -0.267989 0.844827 0.165151 0.722402 1.242359 0.516535 -0.527002
0.880951 0.166666 1.655338 -0.808920 0.116667 -0.055150 0.508162 -0.240213 0.896578 0.186979 0.174176 -1.055380 0.548375 -0.441578
0.880951 0.194446 1.655338 -0.715371 0.116667 -0.048772 0.508162 -0.212433 0.902155 0.217239 0.727979 1.272620 0.538549 -0.395963
0.928570 0.250001 1.810456 -0.528288 0.127600 -0.036017 0.555781 -0.156878 0.961635 0.262996 0.233656 -1.009623 0.569183 -0.275108
0.928570 0.277777 1.810456 -0.434754 0.127600 -0.029640 0.555781 -0.129102 0.969227 0.290672 0.735572 1.300295 0.563844 -0.228242
0.952381 0.305556 1.888021 -0.341205 0.133066 -0.023262 0.579592 -0.101323 1.000197 0.310459 0.264626 -0.989836 0.583479 -0.173068
0.976189 0.333336 1.965575 -0.247656 0.138532 -0.016884 0.603400 -0.073543 1.031532 0.329053 0.766906 1.318889 0.604688 -0.121283
0.976189 0.388891 1.965575 -0.060573 0.138532 -0.004130 0.603400 -0.017988 1.050800 0.379107 0.283894 -0.939782 0.603615 -0.029801
0.976189 0.444447 1.965575 0.126510 0.138532 0.008625 0.603400 0.037568 1.072603 0.427243 0.788709 1.367024 0.607640 0.062180
1.000000 0.500002 2.043140 0.313593 0.143999 0.021380 0.627211 0.093123 1.118035 0.463649 0.329326 -0.903375 0.639982 0.147395
1.000000 0.555557 2.043140 0.500676 0.143999 0.034134 0.627211 0.148678 1.143960 0.507100 0.814634 1.410475 0.653298 0.232751
0.976189 0.638888 1.965575 0.781294 0.138532 0.053266 0.603400 0.232009 1.166672 0.579513 0.352038 -0.830962 0.659470 0.367076
0.952381 0.694444 1.888021 0.968377 0.133066 0.066021 0.579592 0.287565 1.178678 0.630033 0.826640 1.460996 0.662864 0.460563
0.904762 0.722223 1.732903 1.061926 0.122134 0.072399 0.531973 0.315344 1.157671 0.673671 0.331031 -0.787325 0.636475 0.535095
0.833332 0.805554 1.500219 1.342543 0.105734 0.091530 0.460543 0.398675 1.159034 0.768451 0.828004 1.555775 0.631970 0.713517
0.785713 0.833334 1.345101 1.436092 0.094802 0.097908 0.412924 0.426455 1.145334 0.814803 0.317331 -0.740973 0.618554 0.801517
0.761906 0.833334 1.267548 1.436092 0.089336 0.097908 0.389117 0.426455 1.129135 0.830144 0.811804 1.571117 0.602921 0.831148
0.690476 0.861110 1.034864 1.529626 0.072936 0.104285 0.317687 0.454231 1.103751 0.894932 0.291947 -0.676185 0.582565 0.960476
0.619045 0.861110 0.802181 1.529626 0.056537 0.104285 0.246257 0.454231 1.060531 0.947503 0.768585 1.623688 0.546900 1.074008
0.547619 0.861110 0.569509 1.529626 0.040139 0.104285 0.174830 0.454231 1.020488 1.004365 0.251904 -0.619323 0.518674 1.203381
0.476189 0.861110 0.336825 1.529626 0.023739 0.104285 0.103400 0.454231 0.984005 1.065657 0.732101 1.684980 0.499148 1.346973
0.476189 0.833334 0.336825 1.436092 0.023739 0.097908 0.103400 0.426455 0.959792 1.051652 0.227691 -0.633328 0.472010 1.332923
0.428570 0.805554 0.181707 1.342543 0.012807 0.091530 0.055781 0.398675 0.912464 1.081863 0.684772 1.715191 0.436346 1.431783
0.428570 0.722223 0.181707 1.061926 0.012807 0.072399 0.055781 0.315344 0.839809 1.035241 0.155036 -0.679950 0.353859 1.395718
0.428570 0.694444 0.181707 0.968377 0.012807 0.066021 0.055781 0.287565 0.816042 1.017868 0.661005 1.697818 0.326456 1.379198
0.428570 0.638888 0.181707 0.781294 0.012807 0.053266 0.055781 0.232009 0.769318 0.979934 0.108313 -0.717884 0.271883 1.334848
0.428570 0.611113 0.181707 0.687759 0.012807 0.046889 0.055781 0.204234 0.746412 0.959202 0.638099 1.677087 0.244765 1.304175
0.428570 0.638888 0.181707 0.781294 0.012807 0.053266 0.055781 0.232009 0.769318 0.979934 0.131219 -0.697153 0.271883 1.334848
0.428570 0.694444 0.181707 0.968377 0.012807 0.066021 0.055781 0.287565 0.816042 1.017868 0.684823 1.715021 0.326456 1.379198
0.428570 0.722223 0.181707 1.061926 0.012807 0.072399 0.055781 0.315344 0.839809 1.035241 0.154986 -0.679780 0.353859 1.395718
0.404762 0.777779 0.104154 1.249009 0.007341 0.085153 0.031973 0.370900 0.876797 1.090956 0.721811 1.770736 0.406250 1.484804
0.380951 0.805554 0.026588 1.342543 0.001874 0.091530 0.008162 0.398675 0.891090 1.129058 0.169279 -0.641677 0.432842 1.550326
0.380951 0.833334 0.026588 1.436092 0.001874 0.097908 0.008162 0.426455 0.916280 1.142020 0.747001 1.783697 0.460618 1.551659
0.333332 0.888889 -0.128530 1.623175 -0.009059 0.110663 -0.039457 0.482010 0.949334 1.212027 0.202333 -0.571670 0.517607 -1.489120
0.285713 0.944445 -0.283648 1.810258 -0.019991 0.123418 -0.087076 0.537566 0.986716 1.277029 0.784383 1.848700 0.578250 -1.410210
0.238094 0.972220 -0.438767 1.903793 -0.030924 0.129794 -0.134694 0.565341 1.000950 1.330626 0.216567 -0.518074 0.614378 -1.336904
0.166668 1.000000 -0.671439 1.997341 -0.047322 0.136172 -0.206121 0.593121 1.013794 1.405646 0.797227 1.923720 0.660212 -1.236333
0.119049 1.000000 -0.826557 1.997341 -0.058255 0.136172 -0.253740 0.593121 1.007061 1.452305 0.209835 -0.471415 0.676593 -1.166553
0.071430 1.000000 -0.981675 1.997341 -0.069188 0.136172 -0.301359 0.593121 1.002548 1.499487 0.792713 1.970903 0.695853 -1.100698
0.023811 0.916665 -1.136794 1.716710 -0.080120 0.117040 -0.348978 0.509786 0.916974 1.544826 0.124261 -0.426077 0.646209 -0.970510
0.000000 0.805554 -1.214359 1.342543 -0.085587 0.091530 -0.372789 0.398675 0.805554 1.570796 0.681293 1.996873 0.571190 -0.818941
0.000000 0.722223 -1.214359 1.061926 -0.085587 0.072399 -0.372789 0.315344 0.722223 1.570796 0.040930 -0.426077 0.510956 -0.702113
0.000000 0.666668 -1.214359 0.874843 -0.085587 0.059644 -0.372789 0.259789 0.666668 1.570796 0.625738 1.996873 0.474696 -0.608629
0.023811 0.638888 -1.136794 0.781294 -0.080120 0.053266 -0.348978 0.232009 0.639332 1.533544 0.013594 -0.463329 0.438856 -0.586727
0.023811 0.611113 -1.136794 0.687759 -0.080120 0.046889 -0.348978 0.204234 0.611576 1.531852 0.597982 1.995181 0.422592 -0.529492
0.047619 0.611113 -1.059241 0.687759 -0.074654 0.046889 -0.325170 0.204234 0.612965 1.493032 0.014983 -0.502149 0.403155 -0.560813
0.071430 0.611113 -0.981675 0.687759 -0.069188 0.046889 -0.301359 0.204234 0.615273 1.454439 0.600290 1.956588 0.384207 -0.595609
