0.347825 0.375000 -0.214520 -0.308005 -0.014797 -0.020863 -0.066627 -0.093943 0.511476 0.822976 0.511476 0.822976 0.077431 0.953904
0.347825 0.395832 -0.214520 -0.239705 -0.014797 -0.016237 -0.066627 -0.073111 0.526939 0.849864 0.015464 0.026888 0.069180 0.831767
0.326088 0.416667 -0.284508 -0.171395 -0.019624 -0.011610 -0.088364 -0.052276 0.529098 0.906749 0.513634 0.879862 0.088392 0.534219
0.282609 0.416667 -0.424495 -0.171395 -0.029280 -0.011610 -0.131842 -0.052276 0.503467 0.974809 -0.010167 0.094947 0.131861 0.377490
0.239131 0.437502 -0.564482 -0.103085 -0.038936 -0.006983 -0.175321 -0.031441 0.498589 1.070580 0.508756 0.975633 0.176829 0.177449
0.195653 0.437502 -0.704470 -0.103085 -0.048591 -0.006983 -0.218799 -0.031441 0.479258 1.150269 -0.029498 0.174636 0.220009 0.142722
0.173912 0.437502 -0.774468 -0.103085 -0.053419 -0.006983 -0.240539 -0.031441 0.470801 1.192436 0.500299 1.017800 0.241641 0.129975
0.130434 0.416667 -0.914456 -0.171395 -0.063075 -0.011610 -0.284018 -0.052276 0.436605 1.267417 -0.063694 0.249617 0.284026 0.182022
0.108697 0.416667 -0.984444 -0.171395 -0.067903 -0.011610 -0.305755 -0.052276 0.430611 1.315611 0.494305 1.065994 0.305763 0.169337
0.065216 0.375000 -1.124442 -0.308005 -0.077559 -0.020863 -0.349236 -0.093943 0.380629 1.398610 -0.113677 0.332617 0.351458 0.262775
0.043478 0.354165 -1.194430 -0.376315 -0.082387 -0.025490 -0.370974 -0.114778 0.356824 1.448645 0.470500 1.116029 0.375840 0.300054
0.043478 0.312498 -1.194430 -0.512926 -0.082387 -0.034743 -0.370974 -0.156444 0.315509 1.432553 -0.154992 0.316525 0.384729 0.399083
0.021737 0.270832 -1.264429 -0.649536 -0.087215 -0.043997 -0.392714 -0.198111 0.271703 1.490706 0.426695 1.174182 0.418152 0.467214
0.021737 0.229165 -1.264429 -0.786146 -0.087215 -0.053250 -0.392714 -0.239778 0.230194 1.476224 -0.196501 0.302043 0.434230 0.548152
0.021737 0.187498 -1.264429 -0.922756 -0.087215 -0.062504 -0.392714 -0.281444 0.188754 1.455378 0.385255 1.153335 0.453577 0.621823
0.021737 0.166667 -1.264429 -0.991056 -0.087215 -0.067130 -0.392714 -0.302276 0.168078 1.441104 -0.217177 0.287769 0.464351 0.655996
0.021737 0.125000 -1.264429 -1.127666 -0.087215 -0.076383 -0.392714 -0.343943 0.126876 1.398619 0.344053 1.110850 0.487860 0.719288
0.021737 0.104165 -1.264429 -1.195976 -0.087215 -0.081011 -0.392714 -0.364778 0.106409 1.365066 -0.237644 0.254217 0.500502 0.748534
0.043478 0.083333 -1.194430 -1.264276 -0.082387 -0.085637 -0.370974 -0.385609 0.093994 1.089910 0.331637 0.835694 0.497253 0.804740
0.065216 0.083333 -1.124442 -1.264276 -0.077559 -0.085637 -0.349236 -0.385609 0.105818 0.906764 -0.225819 0.071070 0.481254 0.834855
0.086956 0.083333 -1.054443 -1.264276 -0.072731 -0.085637 -0.327496 -0.385609 0.120440 0.764126 0.346259 0.693056 0.465718 0.866713
0.108697 0.083333 -0.984444 -1.264276 -0.067903 -0.085637 -0.305755 -0.385609 0.136965 0.654077 -0.209294 -0.038979 0.450695 0.900391
0.152175 0.104165 -0.844457 -1.195976 -0.058247 -0.081011 -0.262277 -0.364778 0.184412 0.600253 0.393706 0.639232 0.406284 0.947429
0.173912 0.125000 -0.774468 -1.127666 -0.053419 -0.076383 -0.240539 -0.343943 0.214174 0.623201 -0.179531 -0.016031 0.376353 0.960501
0.217391 0.187498 -0.634481 -0.922756 -0.043764 -0.062504 -0.197061 -0.281444 0.287079 0.711704 0.466610 0.727735 0.300568 0.959951
0.239131 0.208333 -0.564482 -0.854446 -0.038936 -0.057877 -0.175321 -0.260609 0.317154 0.716679 -0.149457 -0.011056 0.270596 0.978606
0.239131 0.229165 -0.564482 -0.786146 -0.038936 -0.053250 -0.175321 -0.239778 0.331211 0.764120 0.480667 0.775176 0.255085 0.939449
0.260869 0.270832 -0.494494 -0.649536 -0.034108 -0.043997 -0.153583 -0.198111 0.376035 0.804134 -0.104632 0.028958 0.210273 0.911338
0.282609 0.291667 -0.424495 -0.581225 -0.029280 -0.039370 -0.131842 -0.177276 0.406125 0.801168 0.510757 0.772210 0.180163 0.931331
0.282609 0.312498 -0.424495 -0.512926 -0.029280 -0.034743 -0.131842 -0.156444 0.421335 0.835581 -0.089422 0.063370 0.166664 0.870530
0.282609 0.333333 -0.424495 -0.444615 -0.029280 -0.030116 -0.131842 -0.135609 0.437012 0.867564 0.526434 0.804194 0.154799 0.799482
0.282609 0.354165 -0.424495 -0.376315 -0.029280 -0.025490 -0.131842 -0.114778 0.453102 0.897301 -0.073332 0.093107 0.144972 0.716314
0.304347 0.354165 -0.354507 -0.376315 -0.024452 -0.025490 -0.110105 -0.114778 0.466969 0.860907 0.540301 0.767801 0.125529 0.806173
0.304347 0.375000 -0.354507 -0.308005 -0.024452 -0.020863 -0.110105 -0.093943 0.482962 0.889027 -0.057339 0.121227 0.116960 0.706355
0.304347 0.395832 -0.354507 -0.239705 -0.024452 -0.016237 -0.110105 -0.073111 0.499309 0.915322 0.556649 0.794095 0.111668 0.586162
0.326088 0.395832 -0.284508 -0.239705 -0.019624 -0.016237 -0.088364 -0.073111 0.512851 0.881709 -0.043798 0.087614 0.090305 0.691216
0.347825 0.416667 -0.214520 -0.171395 -0.014797 -0.011610 -0.066627 -0.052276 0.542765 0.875205 0.586562 0.787591 0.066664 0.665286
0.347825 0.437502 -0.214520 -0.103085 -0.014797 -0.006983 -0.066627 -0.031441 0.558918 0.899096 -0.027644 0.111505 0.070501 0.440916
0.347825 0.416667 -0.214520 -0.171395 -0.014797 -0.011610 -0.066627 -0.052276 0.542765 0.875205 0.570408 0.763700 0.066664 0.665286
0.347825 0.395832 -0.214520 -0.239705 -0.014797 -0.016237 -0.066627 -0.073111 0.526939 0.849864 -0.043469 0.086164 0.069180 0.831767
0.347825 0.375000 -0.214520 -0.308005 -0.014797 -0.020863 -0.066627 -0.093943 0.511476 0.822976 0.554945 0.736812 0.077431 0.953904
0.347825 0.333333 -0.214520 -0.444615 -0.014797 -0.030116 -0.066627 -0.135609 0.481761 0.764126 -0.073184 0.027314 0.104973 1.114121
0.347825 0.312498 -0.214520 -0.512926 -0.014797 -0.034743 -0.066627 -0.156444 0.467587 0.731950 0.540771 0.704636 0.121793 1.168178
0.369566 0.270832 -0.144521 -0.649536 -0.009968 -0.043997 -0.044886 -0.198111 0.458180 0.632427 -0.082591 -0.072210 0.150471 1.347987
0.391303 0.229165 -0.074533 -0.786146 -0.005141 -0.053250 -0.023149 -0.239778 0.453470 0.529798 0.536061 0.602008 0.186727 1.474552
0.413044 0.208333 -0.004534 -0.854446 -0.000313 -0.057877 -0.001408 -0.260609 0.462610 0.467150 -0.073451 -0.134858 0.206123 1.565393
0.434781 0.166667 0.065455 -0.991056 0.004515 -0.067130 0.020329 -0.302276 0.465631 0.366058 0.539082 0.500916 0.248618 -1.503643
0.478259 0.104165 0.205442 -1.195976 0.014170 -0.081011 0.063807 -0.364778 0.489471 0.214451 -0.049611 -0.286464 0.316780 -1.397627
0.521737 0.083333 0.345429 -1.264276 0.023826 -0.085637 0.107286 -0.385609 0.528351 0.158385 0.577961 0.444849 0.348066 -1.299436
0.565216 0.041667 0.485416 -1.400887 0.033482 -0.094890 0.150764 -0.427276 0.566749 0.073585 -0.011212 -0.371264 0.402118 -1.231586
0.586956 0.020832 0.555415 -1.469197 0.038310 -0.099517 0.172504 -0.448111 0.587326 0.035476 0.598538 0.406740 0.429761 -1.203323
0.630434 0.000000 0.695402 -1.537497 0.047966 -0.104144 0.215982 -0.468943 0.630434 0.000000 0.031896 -0.406740 0.467353 -1.139185
0.652172 0.000000 0.765390 -1.537497 0.052793 -0.104144 0.237720 -0.468943 0.652172 0.000000 0.620275 0.406740 0.477788 -1.101622
0.717391 0.000000 0.975376 -1.537497 0.067277 -0.104144 0.302939 -0.468943 0.717391 0.000000 0.097115 -0.406740 0.513364 -0.997236
0.739128 0.000000 1.045365 -1.537497 0.072105 -0.104144 0.324676 -0.468943 0.739128 0.000000 0.642013 0.406740 0.526484 -0.965218
0.782609 0.000000 1.185362 -1.537497 0.081761 -0.104144 0.368158 -0.468943 0.782609 0.000000 0.140597 -0.406740 0.554356 -0.905220
0.804347 0.020832 1.255351 -1.469197 0.086589 -0.099517 0.389895 -0.448111 0.804617 0.025893 0.664020 0.432634 0.554035 -0.854757
0.869566 0.062498 1.465337 -1.332587 0.101073 -0.090264 0.455114 -0.406444 0.871809 0.071750 0.207789 -0.360884 0.575326 -0.728968
0.891303 0.083333 1.535325 -1.264276 0.105900 -0.085637 0.476851 -0.385609 0.895190 0.093225 0.687401 0.454109 0.580540 -0.679998
0.934781 0.125000 1.675312 -1.127666 0.115556 -0.076383 0.520329 -0.343943 0.943102 0.132933 0.255700 -0.321176 0.595420 -0.584076
0.956522 0.187498 1.745311 -0.922756 0.120384 -0.062504 0.542070 -0.281444 0.974725 0.193567 0.719025 0.514743 0.587663 -0.478892
0.978259 0.250000 1.815299 -0.717836 0.125211 -0.048623 0.563807 -0.218943 1.009699 0.250201 0.290673 -0.264542 0.587302 -0.370405
1.000000 0.333333 1.885298 -0.444615 0.130040 -0.030116 0.585548 -0.135609 1.054093 0.321751 0.763419 0.586293 0.591140 -0.227582
1.000000 0.375000 1.885298 -0.308005 0.130040 -0.020863 0.585548 -0.093943 1.068000 0.358771 0.304581 -0.227522 0.586876 -0.159080
1.000000 0.458333 1.885298 -0.034785 0.130040 -0.002356 0.585548 -0.010609 1.100032 0.429762 0.795450 0.657284 0.587190 -0.018117
1.000000 0.520835 1.885298 0.170136 0.130040 0.011524 0.585548 0.051892 1.127506 0.480176 0.332055 -0.177108 0.595134 0.088390
1.000000 0.562502 1.885298 0.306746 0.130040 0.020778 0.585548 0.093559 1.147348 0.512391 0.815293 0.689499 0.603975 0.158441
0.978259 0.666667 1.815299 0.648266 0.125211 0.043911 0.563807 0.197724 1.183822 0.598190 0.368530 -0.091309 0.617650 0.337293
0.956522 0.708333 1.745311 0.784876 0.120384 0.053164 0.542070 0.239391 1.190240 0.637413 0.821710 0.728722 0.616609 0.415866
0.934781 0.750000 1.675312 0.921486 0.115556 0.062418 0.520329 0.281057 1.198464 0.676158 0.376754 -0.052564 0.619141 0.495251
0.891303 0.833333 1.535325 1.194707 0.105900 0.080925 0.476851 0.364391 1.220191 0.751798 0.843437 0.804362 0.634704 0.652502
0.869566 0.875000 1.465337 1.331317 0.101073 0.090178 0.455114 0.406057 1.233600 0.788513 0.390163 -0.015849 0.647482 0.728495
0.804347 0.937502 1.255351 1.536237 0.086589 0.104058 0.389895 0.468559 1.235266 0.861694 0.845103 0.877543 0.652380 0.876777
0.760869 0.958333 1.115363 1.604537 0.076933 0.108685 0.346417 0.489391 1.223652 0.899755 0.378549 0.022212 0.644835 0.954819
0.695650 0.979168 0.905377 1.672848 0.062449 0.113312 0.281198 0.510225 1.201124 0.953091 0.822575 0.930879 0.630854 1.067090
0.673912 1.000000 0.835389 1.741148 0.057622 0.117938 0.259461 0.531057 1.205885 0.977794 0.383310 0.046915 0.640458 1.116331
0.630434 1.000000 0.695402 1.741148 0.047966 0.117938 0.215982 0.531057 1.182137 1.008299 0.798827 0.961384 0.624111 1.184525
0.586956 0.979168 0.555415 1.672848 0.038310 0.113312 0.172504 0.510225 1.141616 1.030786 0.342789 0.069402 0.590476 1.244767
0.565216 0.958333 0.485416 1.604537 0.033482 0.108685 0.150764 0.489391 1.112597 1.037918 0.769807 0.968515 0.564391 1.271958
0.543478 0.916667 0.415428 1.467927 0.028654 0.099431 0.129026 0.447724 1.065667 1.035625 0.295860 0.067109 0.518524 1.290216
0.543478 0.854168 0.415428 1.263017 0.028654 0.085552 0.129026 0.385225 1.012409 1.004137 0.716549 0.937027 0.458256 1.247603
0.543478 0.833333 0.415428 1.194707 0.028654 0.080925 0.129026 0.364391 0.994893 0.992895 0.278344 0.055867 0.438303 1.230484
0.543478 0.791667 0.415428 1.058097 0.028654 0.071671 0.129026 0.322724 0.960263 0.969189 0.681919 0.913322 0.398671 1.190459
0.543478 0.770835 0.415428 0.989797 0.028654 0.067045 0.129026 0.301892 0.943162 0.956688 0.261243 0.043366 0.379021 1.166901
0.543478 0.750000 0.415428 0.921486 0.028654 0.062418 0.129026 0.281057 0.926212 0.943726 0.664968 0.900360 0.359500 1.140422
0.565216 0.729168 0.485416 0.853187 0.033482 0.057791 0.150764 0.260225 0.922581 0.911392 0.257612 0.011032 0.348964 1.045693
0.565216 0.708333 0.485416 0.784876 0.033482 0.053164 0.150764 0.239391 0.906203 0.897306 0.648591 0.886274 0.330297 1.008766
0.565216 0.729168 0.485416 0.853187 0.033482 0.057791 0.150764 0.260225 0.922581 0.911392 0.273989 0.025118 0.348964 1.045693
0.543478 0.791667 0.415428 1.058097 0.028654 0.071671 0.129026 0.322724 0.960263 0.969189 0.686273 0.944071 0.398671 1.190459
0.521737 0.812502 0.345429 1.126407 0.023826 0.076298 0.107286 0.343559 0.965592 0.999968 0.279319 0.055898 0.412254 1.268115
0.500000 0.833333 0.275441 1.194707 0.018999 0.080925 0.085548 0.364391 0.971825 1.030377 0.692506 0.974479 0.427528 1.340202
0.478259 0.875000 0.205442 1.331317 0.014170 0.090178 0.063807 0.406057 0.997174 1.070581 0.304668 0.096102 0.464947 1.414932
0.413044 0.895835 -0.004534 1.399627 -0.000313 0.094805 -0.001408 0.426892 0.986471 1.138774 0.681803 1.042672 0.481385 -1.567498
0.369566 0.916667 -0.144521 1.467927 -0.009968 0.099431 -0.044886 0.447724 0.988361 1.187567 0.306558 0.144895 0.504217 -1.470876
0.282609 0.916667 -0.424495 1.467927 -0.029280 0.099431 -0.131842 0.447724 0.959242 1.271741 0.652685 1.126847 0.519232 -1.284418
0.217391 0.916667 -0.634481 1.467927 -0.043764 0.099431 -0.197061 0.447724 0.942092 1.337945 0.289407 0.211098 0.539493 -1.156172
0.195653 0.916667 -0.704470 1.467927 -0.048591 0.099431 -0.218799 0.447724 0.937314 1.360512 0.647908 1.149414 0.547807 -1.116237
0.130434 0.895835 -0.914456 1.399627 -0.063075 0.094805 -0.284018 0.426892 0.905281 1.426211 0.257373 0.276798 0.558924 -0.983730
0.065216 0.875000 -1.124442 1.331317 -0.077559 0.090178 -0.349236 0.406057 0.877427 1.496402 0.620054 1.219604 0.577988 -0.860487
0.043478 0.854168 -1.194430 1.263017 -0.082387 0.085552 -0.370974 0.385225 0.855274 1.519939 0.235220 0.300335 0.575302 -0.804242
0.021737 0.833333 -1.264429 1.194707 -0.087215 0.080925 -0.392714 0.364391 0.833617 1.544717 0.598396 1.244382 0.574183 -0.748005
0.021737 0.770835 -1.264429 0.989797 -0.087215 0.067045 -0.392714 0.301892 0.771141 1.542604 0.172745 0.298221 0.530315 -0.655382
0.000000 0.729168 -1.334417 0.853187 -0.092042 0.057791 -0.414452 0.260225 0.729168 1.570796 0.556423 1.272575 0.520401 -0.560667
0.000000 0.708333 -1.334417 0.784876 -0.092042 0.053164 -0.414452 0.239391 0.708333 1.570796 0.151910 0.298221 0.508072 -0.523792
0.021737 0.645835 -1.264429 0.579966 -0.087215 0.039285 -0.392714 0.176892 0.646201 1.537151 0.494291 1.238930 0.455810 -0.423215
0.021737 0.625000 -1.264429 0.511656 -0.087215 0.034657 -0.392714 0.156057 0.625378 1.536030 0.131087 0.297101 0.445595 -0.378246
0.021737 0.583333 -1.264429 0.375046 -0.087215 0.025404 -0.392714 0.114391 0.583738 1.533549 0.452651 1.236449 0.427488 -0.283439
0.043478 0.583333 -1.194430 0.375046 -0.082387 0.025404 -0.370974 0.114391 0.584951 1.496400 0.132300 0.259951 0.407606 -0.299101
