0.000000 0.677415 -1.367290 0.525104 -0.136208 0.047718 -0.496565 0.173961 0.677415 1.570796 0.677415 1.570796 0.528473 -0.336967
0.000000 0.709676 -1.367290 0.622482 -0.136208 0.056567 -0.496565 0.206221 0.709676 1.570796 0.032260 0.000000 0.540364 -0.393622
0.000000 0.806447 -1.367290 0.914589 -0.136208 0.083111 -0.496565 0.302992 0.806447 1.570796 0.774187 1.570796 0.585324 -0.547869
0.000000 0.903224 -1.367290 1.206711 -0.136208 0.109657 -0.496565 0.399769 0.903224 1.570796 0.129037 0.000000 0.641832 -0.677824
0.000000 0.935484 -1.367290 1.304090 -0.136208 0.118506 -0.496565 0.432029 0.935484 1.570796 0.806447 1.570796 0.662742 -0.716011
0.115382 0.967740 -1.049587 1.401454 -0.104559 0.127354 -0.381183 0.464285 0.974594 1.452128 0.168146 -0.118668 0.606058 -0.883374
0.192305 1.000000 -0.837779 1.498833 -0.083459 0.136203 -0.304260 0.496545 1.018323 1.380811 0.850176 1.499479 0.588236 -1.021051
0.269228 1.000000 -0.625972 1.498833 -0.062359 0.136203 -0.227337 0.496545 1.035608 1.307804 0.185432 -0.191674 0.552385 -1.141444
0.346151 0.935484 -0.414165 1.304090 -0.041259 0.118506 -0.150414 0.432029 0.997472 1.216396 0.812041 1.408070 0.463977 -1.235764
0.423074 0.838708 -0.202357 1.011968 -0.020159 0.091960 -0.073491 0.335253 0.939373 1.103607 0.127333 -0.304464 0.349946 -1.354999
0.423074 0.741931 -0.202357 0.719847 -0.020159 0.065414 -0.073491 0.238477 0.854081 1.052552 0.726748 1.357015 0.256136 -1.271862
0.423074 0.677415 -0.202357 0.525104 -0.020159 0.047718 -0.073491 0.173961 0.798676 1.012527 0.071928 -0.344489 0.195212 -1.171081
0.384615 0.677415 -0.308253 0.525104 -0.030708 0.047718 -0.111950 0.173961 0.778987 1.054413 0.707059 1.398902 0.212696 -0.998979
0.346151 0.709676 -0.414165 0.622482 -0.041259 0.056567 -0.150414 0.206221 0.789595 1.116989 0.082536 -0.281913 0.260846 -0.940621
0.346151 0.741931 -0.414165 0.719847 -0.041259 0.065414 -0.150414 0.238477 0.818708 1.134262 0.736172 1.416175 0.287800 -1.008088
0.346151 0.774192 -0.414165 0.817225 -0.041259 0.074263 -0.150414 0.270737 0.848053 1.150346 0.111881 -0.265829 0.315755 -1.063685
0.384615 0.870968 -0.308253 1.109347 -0.030708 0.100809 -0.111950 0.367513 0.952110 1.154954 0.840230 1.420782 0.390782 -1.275112
0.384615 0.903224 -0.308253 1.206711 -0.030708 0.109657 -0.111950 0.399769 0.981704 1.168227 0.141474 -0.252555 0.421787 -1.297754
0.461538 0.935484 -0.096446 1.304090 -0.009608 0.118506 -0.035027 0.432029 1.043143 1.112468 0.901669 1.365023 0.440314 -1.489899
0.538462 0.967740 0.115362 1.401454 0.011492 0.127354 0.041896 0.464285 1.107457 1.063044 0.205787 -0.301979 0.473034 1.480801
0.576920 1.000000 0.221258 1.498833 0.022041 0.136203 0.080355 0.496545 1.154486 1.047520 0.948698 1.349499 0.509808 1.410359
0.692308 1.000000 0.538977 1.498833 0.053692 0.136203 0.195743 0.496545 1.216261 0.965252 0.267562 -0.384248 0.540150 1.195292
0.769231 1.000000 0.750784 1.498833 0.074792 0.136203 0.272666 0.496545 1.261632 0.915101 0.994070 1.299349 0.572532 1.068625
0.846154 0.935484 0.962591 1.304090 0.095893 0.118506 0.349589 0.432029 1.261391 0.835496 0.267321 -0.463853 0.561126 0.890484
0.884618 0.870968 1.068503 1.109347 0.106443 0.100809 0.388053 0.367513 1.241425 0.777623 0.974104 1.241476 0.539224 0.758220
0.961541 0.774192 1.280311 0.817225 0.127543 0.074263 0.464976 0.270737 1.234477 0.677877 0.260374 -0.563598 0.541553 0.527273
0.961541 0.645160 1.280311 0.427740 0.127543 0.038870 0.464976 0.141705 1.157926 0.590972 0.897552 1.154570 0.488143 0.295816
1.000000 0.516128 1.386206 0.038254 0.138093 0.003476 0.503435 0.012673 1.125339 0.476466 0.227787 -0.678104 0.503815 0.025168
1.000000 0.419351 1.386206 -0.253868 0.138093 -0.023070 0.503435 -0.084103 1.084369 0.397077 0.856582 1.075180 0.509322 -0.165530
1.000000 0.354835 1.386206 -0.448611 0.138093 -0.040766 0.503435 -0.148619 1.061088 0.340976 0.204506 -0.734204 0.523005 -0.287057
1.000000 0.290319 1.386206 -0.643354 0.138093 -0.058463 0.503435 -0.213135 1.041290 0.282552 0.836784 1.016756 0.544044 -0.400483
1.000000 0.258064 1.386206 -0.740718 0.138093 -0.067311 0.503435 -0.245391 1.032762 0.252554 0.195978 -0.764203 0.557072 -0.453544
1.000000 0.193548 1.386206 -0.935460 0.138093 -0.085008 0.503435 -0.309907 1.018558 0.191184 0.822580 0.955387 0.587594 -0.551800
0.961541 0.161287 1.280311 -1.032839 0.127543 -0.093857 0.464976 -0.342167 0.974975 0.166191 0.152394 -0.789195 0.573249 -0.634404
0.923077 0.096772 1.174399 -1.227582 0.116993 -0.111554 0.426512 -0.406683 0.928136 0.104454 0.775741 0.893650 0.584592 -0.761604
0.884618 0.064516 1.068503 -1.324946 0.106443 -0.120401 0.388053 -0.438939 0.886968 0.072802 0.111226 -0.820848 0.580734 -0.846852
0.846154 0.064516 0.962591 -1.324946 0.095893 -0.120401 0.349589 -0.438939 0.848610 0.076099 0.737383 0.896947 0.555769 -0.898229
0.769231 0.064516 0.750784 -1.324946 0.074792 -0.120401 0.272666 -0.438939 0.771932 0.083675 0.034548 -0.813272 0.510894 -1.014939
0.730766 0.064516 0.644872 -1.324946 0.064242 -0.120401 0.234201 -0.438939 0.733609 0.088057 0.699061 0.901329 0.491443 -1.080661
0.653843 0.096772 0.433065 -1.227582 0.043142 -0.111554 0.157278 -0.406683 0.660966 0.146937 -0.038095 -0.754391 0.429618 -1.201778
0.576920 0.129032 0.221258 -1.130203 0.022041 -0.102705 0.080355 -0.374423 0.591174 0.220035 0.629268 0.974427 0.376215 -1.359392
0.499997 0.193548 0.009450 -0.935460 0.000941 -0.085008 0.003432 -0.309907 0.536151 0.369335 -0.093117 -0.605092 0.303037 -1.559722
0.499997 0.225803 0.009450 -0.838096 0.000941 -0.076160 0.003432 -0.277651 0.548620 0.424192 0.641738 1.029283 0.270783 -1.558436
0.423074 0.290319 -0.202357 -0.643354 -0.020159 -0.058463 -0.073491 -0.213135 0.513105 0.601414 -0.128633 -0.427870 0.218948 1.238753
0.346151 0.354835 -0.414165 -0.448611 -0.041259 -0.040766 -0.150414 -0.148619 0.495710 0.797786 0.624343 1.225656 0.206668 0.779396
0.230769 0.354835 -0.731868 -0.448611 -0.072908 -0.040766 -0.265796 -0.148619 0.423276 0.994171 -0.201067 -0.231485 0.301222 0.509840
0.153846 0.322580 -0.943675 -0.545975 -0.094008 -0.049614 -0.342719 -0.180875 0.357388 1.125779 0.558455 1.357264 0.384353 0.485612
0.076923 0.258064 -1.155483 -0.740718 -0.115108 -0.067311 -0.419642 -0.245391 0.269284 1.281104 -0.289171 -0.076160 0.482682 0.529140
0.000000 0.129032 -1.367290 -1.130203 -0.136208 -0.102705 -0.496565 -0.374423 0.129032 1.570796 0.418203 1.646956 0.617784 0.646073
0.000000 0.064516 -1.367290 -1.324946 -0.136208 -0.120401 -0.496565 -0.438939 0.064516 1.570796 -0.353687 -0.076160 0.658212 0.723877
0.076923 0.000000 -1.155483 -1.519689 -0.115108 -0.138098 -0.419642 -0.503455 0.076923 0.000000 0.430610 0.076160 0.650136 0.875945
0.192305 0.000000 -0.837779 -1.519689 -0.083459 -0.138098 -0.304260 -0.503455 0.192305 0.000000 -0.238305 -0.076160 0.582367 1.027188
0.346151 0.000000 -0.414165 -1.519689 -0.041259 -0.138098 -0.150414 -0.503455 0.346151 0.000000 0.584456 0.076160 0.518846 1.280474
0.423074 0.032256 -0.202357 -1.422325 -0.020159 -0.129250 -0.073491 -0.471199 0.424302 0.076094 -0.160154 -0.000066 0.470090 1.416077
0.538462 0.064516 0.115362 -1.324946 0.011492 -0.120401 0.041896 -0.438939 0.542313 0.119247 0.702467 0.119313 0.434076 -1.475635
0.576920 0.129032 0.221258 -1.130203 0.022041 -0.102705 0.080355 -0.374423 0.591174 0.220035 -0.111293 0.100722 0.376215 -1.359392
