0.032260 0.657144 -1.369570 0.521019 -0.078669 0.028678 -0.445121 0.162266 0.657935 1.521744 0.657935 1.521744 0.480049 -0.349572
0.000000 0.657144 -1.468830 0.521019 -0.084370 0.028678 -0.477381 0.162266 0.657144 1.570796 -0.000791 0.049053 0.510105 -0.327657
0.000000 0.685713 -1.468830 0.612751 -0.084370 0.033727 -0.477381 0.190835 0.685713 1.570796 0.686504 1.521744 0.520860 -0.380295
0.000000 0.714286 -1.468830 0.704498 -0.084370 0.038777 -0.477381 0.219409 0.714286 1.570796 0.027782 0.049053 0.532932 -0.430816
0.000000 0.742856 -1.468830 0.796230 -0.084370 0.043827 -0.477381 0.247978 0.742856 1.570796 0.715073 1.521744 0.546232 -0.479090
0.000000 0.771429 -1.468830 0.887977 -0.084370 0.048877 -0.477381 0.276552 0.771429 1.570796 0.056356 0.049053 0.560675 -0.525067
0.000000 0.799998 -1.468830 0.979709 -0.084370 0.053926 -0.477381 0.305121 0.799998 1.570796 0.743643 1.521744 0.576172 -0.568714
0.000000 0.828572 -1.468830 1.071456 -0.084370 0.058976 -0.477381 0.333694 0.828572 1.570796 0.084929 0.049053 0.592645 -0.610061
0.000000 0.857141 -1.468830 1.163188 -0.084370 0.064025 -0.477381 0.362264 0.857141 1.570796 0.772212 1.521744 0.610008 -0.649145
0.000000 0.885715 -1.468830 1.254935 -0.084370 0.069075 -0.477381 0.390837 0.885715 1.570796 0.113503 0.049053 0.628195 -0.686046
0.032260 0.914284 -1.369570 1.346667 -0.078669 0.074124 -0.445121 0.419406 0.914853 1.535526 0.801350 1.486474 0.623712 -0.755663
0.064521 0.942857 -1.270309 1.438414 -0.072967 0.079174 -0.412860 0.447980 0.945062 1.502472 0.143712 0.015998 0.622191 -0.826172
0.096776 0.971426 -1.171064 1.530147 -0.067267 0.084223 -0.380605 0.476549 0.976235 1.471501 0.832523 1.455503 0.623651 -0.896868
0.129037 0.971426 -1.071803 1.530147 -0.061565 0.084223 -0.348344 0.476549 0.979959 1.438737 0.147436 -0.016766 0.604504 -0.939584
0.161292 0.971426 -0.972558 1.530147 -0.055864 0.084223 -0.316089 0.476549 0.984726 1.406261 0.837289 1.423026 0.586509 -0.985137
0.161292 1.000000 -0.972558 1.621893 -0.055864 0.089273 -0.316089 0.505122 1.012924 1.410881 0.175635 -0.012145 0.610772 -1.011646
0.193553 1.000000 -0.873297 1.621893 -0.050163 0.089273 -0.283828 0.505122 1.018559 1.379608 0.842924 1.391753 0.594718 -1.058863
0.225808 1.000000 -0.774052 1.621893 -0.044462 0.089273 -0.251573 0.505122 1.025178 1.348713 0.182253 -0.043040 0.580017 -1.108715
0.258069 1.000000 -0.674791 1.621893 -0.038760 0.089273 -0.219312 0.505122 1.032763 1.318238 0.850510 1.361278 0.566770 -1.161179
0.290324 1.000000 -0.575546 1.621893 -0.033060 0.089273 -0.187057 0.505122 1.041292 1.288240 0.190782 -0.073039 0.555086 -1.216135
0.322585 1.000000 -0.476285 1.621893 -0.027358 0.089273 -0.154796 0.505122 1.050743 1.258751 0.859961 1.331789 0.545062 -1.273430
0.354840 0.971426 -0.377040 1.530147 -0.021657 0.084223 -0.122541 0.476549 1.034206 1.220577 0.174244 -0.111212 0.509016 -1.319107
0.387101 0.971426 -0.277779 1.530147 -0.015956 0.084223 -0.090280 0.476549 1.045713 1.191595 0.871469 1.302808 0.502226 -1.383569
0.419356 0.971426 -0.178534 1.530147 -0.010255 0.084223 -0.058025 0.476549 1.058078 1.163272 0.186609 -0.139536 0.497441 -1.449632
0.419356 0.942857 -0.178534 1.438414 -0.010255 0.079174 -0.058025 0.447980 1.031911 1.152299 0.845302 1.291834 0.469079 -1.441988
0.451617 0.942857 -0.079273 1.438414 -0.004554 0.079174 -0.025764 0.447980 1.045436 1.124100 0.200135 -0.167735 0.466189 -1.513347
0.483872 0.914284 0.019972 1.346667 0.001147 0.074124 0.006491 0.419406 1.034431 1.084034 0.834296 1.251769 0.436951 1.555321
0.516133 0.885715 0.119233 1.254935 0.006849 0.069075 0.038752 0.390837 1.025126 1.043172 0.190830 -0.208597 0.410168 1.471969
0.516133 0.857141 0.119233 1.163188 0.006849 0.064025 0.038752 0.362264 1.000542 1.028793 0.809712 1.237390 0.381732 1.464231
0.516133 0.828572 0.119233 1.071456 0.006849 0.058976 0.038752 0.333694 0.976178 1.013695 0.166467 -0.223695 0.353322 1.455185
0.548388 0.799998 0.218478 0.979709 0.012550 0.053926 0.071007 0.305121 0.969911 0.969877 0.803444 1.193572 0.330339 1.342148
0.548388 0.771429 0.218478 0.887977 0.012550 0.048877 0.071007 0.276552 0.946484 0.952810 0.143040 -0.240762 0.302500 1.319466
0.548388 0.742856 0.218478 0.796230 0.012550 0.043827 0.071007 0.247978 0.923344 0.934879 0.780304 1.175641 0.274807 1.291914
0.548388 0.714286 0.218478 0.704498 0.012550 0.038777 0.071007 0.219409 0.900519 0.916036 0.120215 -0.259605 0.247318 1.257805
0.548388 0.685713 0.218478 0.612751 0.012550 0.033727 0.071007 0.190835 0.878027 0.896217 0.757812 1.155822 0.220100 1.214583
0.516133 0.657144 0.119233 0.521019 0.006849 0.028678 0.038752 0.162266 0.835602 0.905010 0.077790 -0.250812 0.183892 1.336372
0.516133 0.628570 0.119233 0.429272 0.006849 0.023628 0.038752 0.133693 0.813322 0.883308 0.735532 1.134120 0.156076 1.288672
0.516133 0.600001 0.119233 0.337540 0.006849 0.018579 0.038752 0.105123 0.791451 0.860399 0.055918 -0.273721 0.128597 1.217623
0.548388 0.628570 0.218478 0.429272 0.012550 0.023628 0.071007 0.133693 0.834164 0.853419 0.778246 1.127141 0.167033 1.082562
0.548388 0.657144 0.218478 0.521019 0.012550 0.028678 0.071007 0.162266 0.855901 0.875368 0.077656 -0.251773 0.193278 1.158305
0.548388 0.685713 0.218478 0.612751 0.012550 0.033727 0.071007 0.190835 0.878027 0.896217 0.800372 1.147990 0.220100 1.214583
0.580649 0.714286 0.317739 0.704498 0.018251 0.038777 0.103268 0.219409 0.920520 0.888234 0.120149 -0.259755 0.258434 1.130893
0.580649 0.742856 0.317739 0.796230 0.018251 0.043827 0.103268 0.247978 0.942861 0.907349 0.822712 1.167104 0.284852 1.176200
0.612904 0.771429 0.416984 0.887977 0.023952 0.048877 0.135523 0.276552 0.985269 0.899415 0.162556 -0.267689 0.323776 1.115143
0.612904 0.799998 0.416984 0.979709 0.023952 0.053926 0.135523 0.305121 1.007794 0.917051 0.845238 1.184740 0.349926 1.152808
0.612904 0.828572 0.416984 1.071456 0.023952 0.058976 0.135523 0.333694 1.030623 0.933912 0.185385 -0.250827 0.376432 1.185017
0.645165 0.857141 0.516245 1.163188 0.029653 0.064025 0.167783 0.362264 1.072813 0.925574 0.887428 1.176401 0.415173 1.137058
0.645165 0.885715 0.516245 1.254935 0.029653 0.069075 0.167783 0.390837 1.095777 0.941256 0.208349 -0.235145 0.441461 1.165295
0.677420 0.914284 0.615490 1.346667 0.035354 0.074124 0.200039 0.419406 1.137898 0.933125 0.929550 1.168270 0.480520 1.125752
0.709681 0.942857 0.714751 1.438414 0.041056 0.079174 0.232299 0.447980 1.180096 0.925575 0.250546 -0.242696 0.520222 1.092420
0.741936 0.942857 0.813996 1.438414 0.046756 0.079174 0.264555 0.447980 1.199770 0.904093 0.949224 1.146789 0.535404 1.037353
0.774197 0.942857 0.913257 1.438414 0.052458 0.079174 0.296815 0.447980 1.219984 0.883311 0.270760 -0.263478 0.552057 0.985639
0.806452 0.942857 1.012502 1.438414 0.058159 0.079174 0.329071 0.447980 1.240703 0.863217 0.969944 1.126695 0.570049 0.937246
0.838713 0.942857 1.111763 1.438414 0.063860 0.079174 0.361331 0.447980 1.261911 0.843788 0.291967 -0.282907 0.589261 0.892056
0.870968 0.942857 1.211008 1.438414 0.069561 0.079174 0.393587 0.447980 1.283575 0.825011 0.991608 1.107918 0.609573 0.849941
0.903228 0.914284 1.310269 1.346667 0.075263 0.074124 0.425847 0.419406 1.285199 0.791481 0.293591 -0.316437 0.610106 0.777778
0.935484 0.914284 1.409514 1.346667 0.080963 0.074124 0.458103 0.419406 1.308069 0.773938 1.014479 1.090375 0.633042 0.741328
0.967744 0.885715 1.508775 1.254935 0.086665 0.069075 0.490363 0.390837 1.311876 0.741169 0.297398 -0.349206 0.638116 0.672931
0.967744 0.857141 1.508775 1.163188 0.086665 0.064025 0.490363 0.362264 1.292757 0.724864 0.995359 1.074070 0.620221 0.636272
0.967744 0.828572 1.508775 1.071456 0.086665 0.058976 0.490363 0.333694 1.273994 0.708076 0.278635 -0.365994 0.603151 0.597521
0.967744 0.799998 1.508775 0.979709 0.086665 0.053926 0.490363 0.305121 1.255598 0.690789 0.976963 1.056782 0.586974 0.556608
0.967744 0.771429 1.508775 0.887977 0.086665 0.048877 0.490363 0.276552 1.237591 0.672995 0.260628 -0.383787 0.571770 0.513508
1.000000 0.742856 1.608020 0.796230 0.092366 0.043827 0.522619 0.247978 1.245726 0.638913 0.985098 1.022700 0.586180 0.443033
1.000000 0.714286 1.608020 0.704498 0.092366 0.038777 0.522619 0.219409 1.228904 0.620250 0.243806 -0.402450 0.573807 0.397480
1.000000 0.685713 1.608020 0.612751 0.092366 0.033727 0.522619 0.190835 1.212519 0.601073 0.968713 1.003523 0.562612 0.350109
1.000000 0.657144 1.608020 0.521019 0.092366 0.028678 0.522619 0.162266 1.196594 0.581381 0.227881 -0.422142 0.552671 0.301049
1.000000 0.628570 1.608020 0.429272 0.092366 0.023628 0.522619 0.133693 1.181144 0.561162 0.953263 0.983304 0.544048 0.250442
1.000000 0.600001 1.608020 0.337540 0.092366 0.018579 0.522619 0.105123 1.166191 0.540420 0.212928 -0.442884 0.536811 0.198498
1.000000 0.571427 1.608020 0.245793 0.092366 0.013529 0.522619 0.076550 1.151750 0.519145 0.938822 0.962029 0.531013 0.145439
1.000000 0.542854 1.608020 0.154047 0.092366 0.008479 0.522619 0.047976 1.137845 0.497340 0.199022 -0.464689 0.526704 0.091543
1.000000 0.514285 1.608020 0.062314 0.092366 0.003430 0.522619 0.019407 1.124495 0.475010 0.925473 0.939699 0.523920 0.037117
1.000000 0.485711 1.608020 -0.029432 0.092366 -0.001620 0.522619 -0.009166 1.111717 0.452151 0.186245 -0.487548 0.522685 -0.017538
1.000000 0.457142 1.608020 -0.121165 0.092366 -0.006669 0.522619 -0.037736 1.099536 0.428777 0.913291 0.916325 0.523011 -0.072080
1.000000 0.428568 1.608020 -0.212911 0.092366 -0.011719 0.522619 -0.066309 1.087966 0.404889 0.174675 -0.511436 0.524894 -0.126204
0.967744 0.399999 1.508775 -0.304644 0.086665 -0.016768 0.490363 -0.094878 1.047153 0.391946 0.872477 0.903382 0.496431 -0.191124
0.967744 0.371426 1.508775 -0.396390 0.086665 -0.021818 0.490363 -0.123452 1.036574 0.366468 0.164097 -0.536914 0.501680 -0.246631
0.967744 0.342856 1.508775 -0.488123 0.086665 -0.026868 0.490363 -0.152021 1.026684 0.340486 0.862587 0.877400 0.508481 -0.300621
0.967744 0.314283 1.508775 -0.579870 0.086665 -0.031918 0.490363 -0.180595 1.017498 0.314013 0.154912 -0.563387 0.516776 -0.352873
0.935484 0.285714 1.409514 -0.671602 0.080963 -0.036967 0.458103 -0.209164 0.978142 0.296420 0.823231 0.859807 0.496583 -0.428318
0.903228 0.257140 1.310269 -0.763349 0.075263 -0.042017 0.425847 -0.237737 0.939118 0.277352 0.115887 -0.582454 0.479429 -0.509170
0.903228 0.228571 1.310269 -0.855081 0.075263 -0.047066 0.425847 -0.266307 0.931701 0.247857 0.815814 0.830311 0.493206 -0.558856
0.903228 0.199997 1.310269 -0.946828 0.075263 -0.052116 0.425847 -0.294880 0.925106 0.217909 0.109292 -0.612402 0.508220 -0.605644
0.870968 0.171428 1.211008 -1.038560 0.069561 -0.057165 0.393587 -0.323449 0.887678 0.194341 0.778386 0.806742 0.498516 -0.687892
0.838713 0.142855 1.111763 -1.130307 0.063860 -0.062215 0.361331 -0.352023 0.850791 0.168707 0.072405 -0.638035 0.492411 -0.772350
0.838713 0.114285 1.111763 -1.222039 0.063860 -0.067264 0.361331 -0.380592 0.846463 0.135429 0.774058 0.773464 0.512249 -0.811353
0.806452 0.114285 1.012502 -1.222039 0.058159 -0.067264 0.329071 -0.380592 0.814510 0.140776 0.040452 -0.632688 0.490027 -0.857870
0.806452 0.085712 1.012502 -1.313786 0.058159 -0.072314 0.329071 -0.409166 0.810994 0.105885 0.770542 0.738573 0.511559 -0.893470
0.774197 0.085712 0.913257 -1.313786 0.052458 -0.072314 0.296815 -0.409166 0.778927 0.110262 0.008384 -0.628311 0.491431 -0.943215
0.741936 0.085712 0.813996 -1.313786 0.046756 -0.072314 0.264555 -0.409166 0.746871 0.115015 0.738486 0.743326 0.472646 -0.996835
0.709681 0.085712 0.714751 -1.313786 0.041056 -0.072314 0.232299 -0.409166 0.714838 0.120193 -0.023648 -0.623133 0.455377 -1.054436
0.677420 0.085712 0.615490 -1.313786 0.035354 -0.072314 0.200039 -0.409166 0.682821 0.125858 0.706470 0.748991 0.439796 -1.116072
0.645165 0.085712 0.516245 -1.313786 0.029653 -0.072314 0.167783 -0.409166 0.650833 0.132079 -0.055636 -0.616912 0.426094 -1.181645
0.612904 0.085712 0.416984 -1.313786 0.023952 -0.072314 0.135523 -0.409166 0.618868 0.138944 0.674505 0.755856 0.414453 -1.250951
0.580649 0.085712 0.317739 -1.313786 0.018251 -0.072314 0.103268 -0.409166 0.586941 0.146556 -0.087564 -0.609300 0.405054 -1.323574
0.548388 0.085712 0.218478 -1.313786 0.012550 -0.072314 0.071007 -0.409166 0.555046 0.155044 0.642610 0.764344 0.398054 -1.398966
0.516133 0.085712 0.119233 -1.313786 0.006849 -0.072314 0.038752 -0.409166 0.523201 0.164564 -0.119409 -0.599780 0.393582 -1.476369
0.483872 0.114285 0.019972 -1.222039 0.001147 -0.067264 0.006491 -0.380592 0.497186 0.231939 0.616594 0.831719 0.363154 -1.553743
0.451617 0.114285 -0.079273 -1.222039 -0.004554 -0.067264 -0.025764 -0.380592 0.465853 0.247855 -0.150742 -0.583863 0.364009 1.503204
0.419356 0.114285 -0.178534 -1.222039 -0.010255 -0.067264 -0.058025 -0.380592 0.434650 0.266065 0.585392 0.849928 0.367703 1.419502
0.387101 0.142855 -0.277779 -1.130307 -0.015956 -0.062215 -0.090280 -0.352023 0.412619 0.353533 -0.172773 -0.496395 0.346495 1.319745
0.354840 0.171428 -0.377040 -1.038560 -0.021657 -0.057165 -0.122541 -0.323449 0.394080 0.450048 0.566853 0.946443 0.329581 1.208649
0.354840 0.199997 -0.377040 -0.946828 -0.021657 -0.052116 -0.122541 -0.294880 0.407321 0.513245 -0.159532 -0.433198 0.303246 1.176947
0.322585 0.199997 -0.476285 -0.946828 -0.027358 -0.052116 -0.154796 -0.294880 0.379552 0.554984 0.539084 0.988182 0.317653 1.087391
0.322585 0.228571 -0.476285 -0.855081 -0.027358 -0.047066 -0.154796 -0.266307 0.395355 0.616448 -0.143729 -0.371734 0.293033 1.044262
0.322585 0.257140 -0.476285 -0.763349 -0.027358 -0.042017 -0.154796 -0.237737 0.412531 0.672985 0.556260 1.044719 0.269199 0.993632
0.322585 0.285714 -0.476285 -0.671602 -0.027358 -0.036967 -0.154796 -0.209164 0.430921 0.724859 -0.125339 -0.319860 0.246370 0.933679
0.322585 0.314283 -0.476285 -0.579870 -0.027358 -0.031918 -0.154796 -0.180595 0.450372 0.772363 0.575711 1.092223 0.224862 0.862167
0.322585 0.342856 -0.476285 -0.488123 -0.027358 -0.026868 -0.154796 -0.152021 0.470756 0.815852 -0.104955 -0.276371 0.205082 0.776353
0.322585 0.371426 -0.476285 -0.396390 -0.027358 -0.021818 -0.154796 -0.123452 0.491953 0.855657 0.596908 1.132028 0.187586 0.673222
0.322585 0.399999 -0.476285 -0.304644 -0.027358 -0.016768 -0.154796 -0.094878 0.513868 0.892127 -0.083040 -0.239902 0.173060 0.549868
0.322585 0.428568 -0.476285 -0.212911 -0.027358 -0.011719 -0.154796 -0.066309 0.536406 0.925567 0.619446 1.165469 0.162310 0.404716
0.322585 0.457142 -0.476285 -0.121165 -0.027358 -0.006669 -0.154796 -0.037736 0.559499 0.956285 -0.059947 -0.209184 0.156114 0.239112
0.290324 0.457142 -0.575546 -0.121165 -0.033060 -0.006669 -0.187057 -0.037736 0.541541 1.004977 0.601488 1.214161 0.188149 0.199062
0.258069 0.485711 -0.674791 -0.029432 -0.038760 -0.001620 -0.219312 -0.009166 0.550013 1.082407 -0.051474 -0.131755 0.219470 0.041772
0.225808 0.485711 -0.774052 -0.029432 -0.044462 -0.001620 -0.251573 -0.009166 0.535635 1.135619 0.587109 1.267374 0.251711 0.036420
0.193553 0.485711 -0.873297 -0.029432 -0.050163 -0.001620 -0.283828 -0.009166 0.522856 1.191589 -0.064254 -0.075784 0.283951 0.032284
0.161292 0.457142 -0.972558 -0.121165 -0.055864 -0.006669 -0.316089 -0.037736 0.484762 1.231605 0.549015 1.307389 0.316736 0.118821
0.129037 0.457142 -1.071803 -0.121165 -0.061565 -0.006669 -0.348344 -0.037736 0.475004 1.295685 -0.074011 -0.011704 0.348932 0.107908
0.096776 0.428568 -1.171064 -0.212911 -0.067267 -0.011719 -0.380605 -0.066309 0.439359 1.348708 0.513370 1.360412 0.383722 0.172489
0.096776 0.399999 -1.171064 -0.304644 -0.067267 -0.016768 -0.380605 -0.094878 0.411540 1.333416 -0.101830 -0.026995 0.388391 0.244304
0.096776 0.371426 -1.171064 -0.396390 -0.067267 -0.021818 -0.380605 -0.123452 0.383826 1.315910 0.485657 1.342905 0.395078 0.313650
0.064521 0.314283 -1.270309 -0.579870 -0.072967 -0.031918 -0.412860 -0.180595 0.320837 1.368314 -0.164819 0.025409 0.443908 0.412346
0.064521 0.285714 -1.270309 -0.671602 -0.072967 -0.036967 -0.412860 -0.209164 0.292908 1.348698 0.457728 1.323289 0.455181 0.468931
0.064521 0.257140 -1.270309 -0.763349 -0.072967 -0.042017 -0.412860 -0.237737 0.265111 1.324955 -0.192616 0.001666 0.467931 0.522458
0.064521 0.228571 -1.270309 -0.855081 -0.072967 -0.047066 -0.412860 -0.266307 0.237503 1.295675 0.430119 1.294010 0.482037 0.572872
0.032260 0.199997 -1.369570 -0.946828 -0.078669 -0.052116 -0.445121 -0.294880 0.202583 1.410870 -0.227537 0.116860 0.524475 0.585093
0.032260 0.171428 -1.369570 -1.038560 -0.078669 -0.057165 -0.445121 -0.323449 0.174437 1.384786 0.401974 1.267925 0.540129 0.628392
0.032260 0.142855 -1.369570 -1.130307 -0.078669 -0.062215 -0.445121 -0.352023 0.146452 1.348695 -0.255522 0.080770 0.556813 0.669136
0.032260 0.114285 -1.369570 -1.222039 -0.078669 -0.067264 -0.445121 -0.380592 0.118751 1.295675 0.374273 1.214906 0.574431 0.707408
0.032260 0.085712 -1.369570 -1.313786 -0.078669 -0.072314 -0.445121 -0.409166 0.091582 1.210815 -0.282691 -0.004091 0.592906 0.743335
0.064521 0.057143 -1.270309 -1.405518 -0.072967 -0.077363 -0.412860 -0.437735 0.086187 0.724829 0.368878 0.728920 0.589113 0.814634
0.129037 0.057143 -1.071803 -1.405518 -0.061565 -0.077363 -0.348344 -0.437735 0.141123 0.416884 -0.227755 -0.312036 0.545842 0.898629
0.161292 0.028569 -0.972558 -1.497265 -0.055864 -0.082413 -0.316089 -0.466308 0.163803 0.175309 0.391558 0.487344 0.548948 0.975089
0.193553 0.028569 -0.873297 -1.497265 -0.050163 -0.082413 -0.283828 -0.466308 0.195650 0.146546 -0.195908 -0.340798 0.531028 1.024026
0.225808 0.028569 -0.774052 -1.497265 -0.044462 -0.082413 -0.251573 -0.466308 0.227608 0.125851 0.423517 0.466649 0.514510 1.076051
0.290324 0.000000 -0.575546 -1.588997 -0.033060 -0.087463 -0.187057 -0.494878 0.290324 0.000000 -0.133192 -0.466649 0.512721 1.209410
0.322585 0.000000 -0.476285 -1.588997 -0.027358 -0.087463 -0.154796 -0.494878 0.322585 0.000000 0.455777 0.466649 0.501851 1.267641
0.354840 0.000000 -0.377040 -1.588997 -0.021657 -0.087463 -0.122541 -0.494878 0.354840 0.000000 -0.100937 -0.466649 0.492858 1.328060
0.387101 0.000000 -0.277779 -1.588997 -0.015956 -0.087463 -0.090280 -0.494878 0.387101 0.000000 0.488038 0.466649 0.485843 1.390351
0.419356 0.000000 -0.178534 -1.588997 -0.010255 -0.087463 -0.058025 -0.494878 0.419356 0.000000 -0.068681 -0.466649 0.480895 1.454078
0.419356 0.028569 -0.178534 -1.497265 -0.010255 -0.082413 -0.058025 -0.466308 0.420328 0.068021 0.489010 0.534670 0.452547 1.446998
0.451617 0.057143 -0.079273 -1.405518 -0.004554 -0.077363 -0.025764 -0.437735 0.455217 0.125860 -0.033792 -0.408810 0.421027 1.512006
0.451617 0.085712 -0.079273 -1.313786 -0.004554 -0.072314 -0.025764 -0.409166 0.459678 0.187558 0.493470 0.596368 0.392516 1.507911
0.451617 0.114285 -0.079273 -1.222039 -0.004554 -0.067264 -0.025764 -0.380592 0.465853 0.247855 -0.027618 -0.348513 0.364009 1.503204
0.451617 0.142855 -0.079273 -1.130307 -0.004554 -0.062215 -0.025764 -0.352023 0.473672 0.306360 0.501290 0.654873 0.335517 1.497737
0.451617 0.171428 -0.079273 -1.038560 -0.004554 -0.057165 -0.025764 -0.323449 0.483058 0.362787 -0.018231 -0.292086 0.307036 1.491309
0.451617 0.199997 -0.079273 -0.946828 -0.004554 -0.052116 -0.025764 -0.294880 0.493920 0.416890 0.512151 0.708976 0.278578 1.483645
0.451617 0.228571 -0.079273 -0.855081 -0.004554 -0.047066 -0.025764 -0.266307 0.506164 0.468529 -0.005987 -0.240447 0.250141 1.474349
0.451617 0.257140 -0.079273 -0.763349 -0.004554 -0.042017 -0.025764 -0.237737 0.519691 0.517598 0.525678 0.758045 0.221743 1.462844
0.451617 0.285714 -0.079273 -0.671602 -0.004554 -0.036967 -0.025764 -0.209164 0.534406 0.564079 0.008729 -0.193966 0.193391 1.448236
0.451617 0.314283 -0.079273 -0.579870 -0.004554 -0.031918 -0.025764 -0.180595 0.550210 0.607973 0.541482 0.801939 0.165121 1.429088
0.419356 0.342856 -0.178534 -0.488123 -0.010255 -0.026868 -0.058025 -0.152021 0.541673 0.685368 0.000192 -0.116572 0.146505 1.206174
0.419356 0.371426 -0.178534 -0.396390 -0.010255 -0.021818 -0.058025 -0.123452 0.560193 0.724861 0.560002 0.841432 0.120803 1.131419
0.419356 0.399999 -0.178534 -0.304644 -0.010255 -0.016768 -0.058025 -0.094878 0.579533 0.761778 0.019532 -0.079654 0.096720 1.021912
0.419356 0.428568 -0.178534 -0.212911 -0.010255 -0.011719 -0.058025 -0.066309 0.599609 0.796262 0.580077 0.875917 0.075826 0.851929
0.387101 0.457142 -0.277779 -0.121165 -0.015956 -0.006669 -0.090280 -0.037736 0.599021 0.868172 0.018944 -0.007745 0.092521 0.395912
0.322585 0.485711 -0.476285 -0.029432 -0.027358 -0.001620 -0.154796 -0.009166 0.583075 0.984538 0.564131 0.992283 0.155020 0.059147
0.290324 0.485711 -0.575546 -0.029432 -0.033060 -0.001620 -0.187057 -0.009166 0.565865 1.032047 0.001734 0.039764 0.187242 0.048964
0.258069 0.457142 -0.674791 -0.121165 -0.038760 -0.006669 -0.219312 -0.037736 0.524955 1.056869 0.523221 1.017104 0.220244 0.170395
