0.000000 0.464288 -1.488673 -0.144013 -0.100886 -0.009225 -0.474753 -0.043410 0.464288 1.570796 0.464288 1.570796 0.474869 0.091184
0.000000 0.500000 -1.488673 -0.025540 -0.100886 -0.001636 -0.474753 -0.007699 0.500000 1.570796 0.035712 0.000000 0.475424 0.016214
0.000000 0.535717 -1.488673 0.092951 -0.100886 0.005954 -0.474753 0.028018 0.535717 1.570796 0.500005 1.570796 0.478651 -0.058949
0.000000 0.571429 -1.488673 0.211425 -0.100886 0.013543 -0.474753 0.063730 0.571429 1.570796 0.071423 0.000000 0.484496 -0.133441
0.000000 0.607146 -1.488673 0.329916 -0.100886 0.021133 -0.474753 0.099447 0.607146 1.570796 0.535722 1.570796 0.492867 -0.206486
0.000000 0.642857 -1.488673 0.448389 -0.100886 0.028721 -0.474753 0.135159 0.642857 1.570796 0.107135 0.000000 0.503636 -0.277355
0.000000 0.678574 -1.488673 0.566881 -0.100886 0.036311 -0.474753 0.170876 0.678574 1.570796 0.571439 1.570796 0.516656 -0.345489
0.000000 0.714286 -1.488673 0.685354 -0.100886 0.043900 -0.474753 0.206587 0.714286 1.570796 0.142846 0.000000 0.531758 -0.410433
0.000000 0.750003 -1.488673 0.803845 -0.100886 0.051490 -0.474753 0.242304 0.750003 1.570796 0.607156 1.570796 0.548774 -0.471917
0.035717 0.785714 -1.376677 0.922319 -0.093296 0.059079 -0.439036 0.278016 0.786526 1.525370 0.179369 -0.045426 0.538005 -0.564503
0.035717 0.821431 -1.376677 1.040810 -0.093296 0.066669 -0.439036 0.313733 0.822207 1.527343 0.642838 1.572769 0.559409 -0.620454
0.071428 0.821431 -1.264697 1.040810 -0.085707 0.066669 -0.403325 0.313733 0.824531 1.484059 0.181693 -0.088710 0.531843 -0.661098
0.071428 0.857143 -1.264697 1.159283 -0.085707 0.074258 -0.403325 0.349444 0.860114 1.487656 0.678421 1.576366 0.555781 -0.713943
0.107145 0.892860 -1.152701 1.277775 -0.078117 0.081848 -0.367608 0.385161 0.899266 1.451365 0.220845 -0.125000 0.556731 -0.808712
0.142856 0.892860 -1.040722 1.277775 -0.070529 0.081848 -0.331897 0.385161 0.904216 1.412142 0.683371 1.537143 0.533825 -0.859544
0.142856 0.928571 -1.040722 1.396248 -0.070529 0.089436 -0.331897 0.420873 0.939496 1.418148 0.256125 -0.118995 0.562233 -0.903051
0.178573 0.964288 -0.928725 1.514739 -0.062939 0.097026 -0.296180 0.456590 0.980684 1.387684 0.724559 1.506679 0.572160 -0.995351
0.214285 0.964288 -0.816746 1.514739 -0.055350 0.097026 -0.260469 0.456590 0.987811 1.352129 0.263252 -0.154550 0.554517 -1.052377
0.214285 1.000000 -0.816746 1.633213 -0.055350 0.104615 -0.260469 0.492301 1.022701 1.359704 0.759450 1.514254 0.586283 -1.084153
0.250001 1.000000 -0.704749 1.633213 -0.047760 0.104615 -0.224752 0.492301 1.030777 1.325816 0.271327 -0.188438 0.571312 -1.142523
0.285713 1.000000 -0.592770 1.633213 -0.040171 0.104615 -0.189040 0.492301 1.040015 1.292498 0.768688 1.480936 0.558230 -1.204165
0.321430 0.964288 -0.480774 1.514739 -0.032582 0.097026 -0.153324 0.456590 1.016449 1.249046 0.247761 -0.231890 0.512984 -1.246826
0.321430 0.928571 -0.480774 1.396248 -0.032582 0.089436 -0.153324 0.420873 0.982630 1.237551 0.734869 1.469441 0.479019 -1.221440
0.357141 0.892860 -0.368794 1.277775 -0.024993 0.081848 -0.117612 0.385161 0.961638 1.190293 0.226769 -0.279148 0.434334 -1.274431
0.357141 0.857143 -0.368794 1.159283 -0.024993 0.074258 -0.117612 0.349444 0.928571 1.176007 0.701801 1.455156 0.400068 -1.246136
0.357141 0.821431 -0.368794 1.040810 -0.024993 0.066669 -0.117612 0.313733 0.895711 1.160672 0.193910 -0.294483 0.366085 -1.212131
0.392858 0.821431 -0.256798 1.040810 -0.017403 0.066669 -0.081895 0.313733 0.910542 1.124691 0.716632 1.419175 0.356220 -1.315458
0.392858 0.785714 -0.256798 0.922319 -0.017403 0.059079 -0.081895 0.278016 0.878456 1.107148 0.161824 -0.312027 0.321564 -1.284327
0.392858 0.714286 -0.256798 0.685354 -0.017403 0.043900 -0.081895 0.206587 0.815194 1.067952 0.653370 1.379979 0.253146 -1.193379
0.392858 0.678574 -0.256798 0.566881 -0.017403 0.036311 -0.081895 0.170876 0.784092 1.046002 0.130722 -0.333978 0.219658 -1.123870
0.392858 0.642857 -0.256798 0.448389 -0.017403 0.028721 -0.081895 0.135159 0.753394 1.022246 0.622672 1.356224 0.186991 -1.026034
0.392858 0.607146 -0.256798 0.329916 -0.017403 0.021133 -0.081895 0.099447 0.723162 0.996493 0.100489 -0.359731 0.155675 -0.881885
0.392858 0.571429 -0.256798 0.211425 -0.017403 0.013543 -0.081895 0.063730 0.693446 0.968508 0.592957 1.328239 0.126700 -0.661299
0.392858 0.535717 -0.256798 0.092951 -0.017403 0.005954 -0.081895 0.028018 0.664327 0.938049 0.071370 -0.390190 0.102095 -0.329642
0.392858 0.571429 -0.256798 0.211425 -0.017403 0.013543 -0.081895 0.063730 0.693446 0.968508 0.622077 1.358698 0.126700 -0.661299
0.392858 0.607146 -0.256798 0.329916 -0.017403 0.021133 -0.081895 0.099447 0.723162 0.996493 0.101085 -0.362206 0.155675 -0.881885
0.392858 0.642857 -0.256798 0.448389 -0.017403 0.028721 -0.081895 0.135159 0.753394 1.022246 0.652309 1.384452 0.186991 -1.026034
0.428569 0.678574 -0.144818 0.566881 -0.009814 0.036311 -0.046184 0.170876 0.802580 1.007484 0.150271 -0.376968 0.208988 -1.306825
0.464286 0.750003 -0.032822 0.803845 -0.002224 0.051490 -0.010467 0.242304 0.882080 1.016490 0.731809 1.393458 0.275448 -1.527624
0.499997 0.785714 0.079157 0.922319 0.005364 0.059079 0.025244 0.278016 0.931313 1.004070 0.199504 -0.389388 0.311984 1.480244
0.499997 0.821431 0.079157 1.040810 0.005364 0.066669 0.025244 0.313733 0.961637 1.024011 0.762133 1.413400 0.347596 1.490506
0.535714 0.857143 0.191154 1.159283 0.012954 0.074258 0.060961 0.349444 1.010784 1.012197 0.248650 -0.401202 0.387218 1.398083
0.571425 0.857143 0.303133 1.159283 0.020543 0.074258 0.096672 0.349444 1.030156 0.982796 0.781506 1.383999 0.394420 1.300901
0.571425 0.892860 0.303133 1.277775 0.020543 0.081848 0.096672 0.385161 1.060059 1.001487 0.278554 -0.382512 0.429137 1.324884
0.607142 0.928571 0.415130 1.396248 0.028133 0.089436 0.132389 0.420873 1.109444 0.991722 0.830891 1.374234 0.472734 1.266037
0.642854 0.964288 0.527109 1.514739 0.035722 0.097026 0.168100 0.456590 1.158928 0.982798 0.328037 -0.391437 0.517593 1.218031
0.678570 0.964288 0.639105 1.514739 0.043312 0.097026 0.203817 0.456590 1.179114 0.957591 0.851077 1.349028 0.530270 1.150948
0.714287 0.964288 0.751102 1.514739 0.050901 0.097026 0.239534 0.456590 1.200024 0.933248 0.348947 -0.415780 0.544997 1.087651
0.749999 0.964288 0.863081 1.514739 0.058490 0.097026 0.275245 0.456590 1.221618 0.909755 0.872671 1.325535 0.561609 1.028300
0.785715 0.964288 0.975078 1.514739 0.066080 0.097026 0.310962 0.456590 1.243865 0.887088 0.371195 -0.438448 0.579950 0.972899
0.785715 0.928571 0.975078 1.396248 0.066080 0.089436 0.310962 0.420873 1.216385 0.868539 0.845191 1.306986 0.550135 0.934469
0.821427 0.928571 1.087057 1.396248 0.073669 0.089436 0.346674 0.420873 1.239753 0.846547 0.394562 -0.460439 0.571081 0.881769
0.821427 0.892860 1.087057 1.277775 0.073669 0.081848 0.346674 0.385161 1.213236 0.827043 0.818674 1.287482 0.543135 0.837940
0.857144 0.857143 1.199053 1.159283 0.081259 0.074258 0.382390 0.349444 1.212184 0.785398 0.393510 -0.502084 0.540781 0.740410
0.892855 0.785714 1.311033 0.922319 0.088847 0.059079 0.418102 0.278016 1.189343 0.721656 0.795833 1.223740 0.521062 0.586811
0.928572 0.750003 1.423029 0.803845 0.096437 0.051490 0.453819 0.242304 1.193629 0.679415 0.397796 -0.544325 0.530767 0.490416
0.928572 0.714286 1.423029 0.685354 0.096437 0.043900 0.453819 0.206587 1.171516 0.655695 0.773720 1.200020 0.513154 0.427186
0.964283 0.642857 1.535009 0.448389 0.104026 0.028721 0.489530 0.135159 1.158925 0.588004 0.385205 -0.612017 0.517589 0.269387
0.964283 0.607146 1.535009 0.329916 0.104026 0.021133 0.489530 0.099447 1.139503 0.561925 0.754299 1.173941 0.507117 0.200421
1.000000 0.571429 1.647005 0.211425 0.111616 0.013543 0.525247 0.063730 1.151751 0.519146 0.397452 -0.654795 0.534070 0.120743
1.000000 0.500000 1.647005 -0.025540 0.111616 -0.001636 0.525247 -0.007699 1.118034 0.463648 0.720582 1.118443 0.525853 -0.014656
1.000000 0.464288 1.647005 -0.144013 0.111616 -0.009225 0.525247 -0.043410 1.102526 0.434672 0.381945 -0.683770 0.525351 -0.082460
1.000000 0.428571 1.647005 -0.262505 0.111616 -0.016815 0.525247 -0.079127 1.087968 0.404892 0.706023 1.088662 0.527273 -0.149523
1.000000 0.392860 1.647005 -0.380978 0.111616 -0.024403 0.525247 -0.114839 1.074402 0.374336 0.368379 -0.714326 0.531593 -0.215250
1.000000 0.357143 1.647005 -0.499469 0.111616 -0.031993 0.525247 -0.150556 1.061862 0.343024 0.693483 1.057350 0.538253 -0.279153
0.964283 0.321431 1.535009 -0.617943 0.104026 -0.039582 0.489530 -0.186267 1.016445 0.321754 0.322961 -0.735596 0.512979 -0.363586
0.964283 0.285714 1.535009 -0.736434 0.104026 -0.047172 0.489530 -0.221984 1.005721 0.288056 0.682760 1.023653 0.524762 -0.425731
0.964283 0.250003 1.535009 -0.854907 0.104026 -0.054761 0.489530 -0.257696 0.996164 0.253677 0.313405 -0.769975 0.538658 -0.484555
0.928572 0.250003 1.423029 -0.854907 0.096437 -0.054761 0.453819 -0.257696 0.961638 0.262997 0.648233 1.032973 0.506423 -0.516436
0.928572 0.214286 1.423029 -0.973398 0.096437 -0.062351 0.453819 -0.293413 0.952976 0.226799 0.304743 -0.806174 0.523254 -0.573940
0.892855 0.214286 1.311033 -0.973398 0.088847 -0.062351 0.418102 -0.293413 0.918209 0.235546 0.613466 1.041719 0.492598 -0.611915
0.892855 0.178574 1.311033 -1.091872 0.088847 -0.069940 0.418102 -0.329124 0.910538 0.197399 0.297072 -0.844320 0.512378 -0.666879
0.857144 0.178574 1.199053 -1.091872 0.081259 -0.069940 0.382390 -0.329124 0.875548 0.205398 0.578476 1.049719 0.483678 -0.710675
0.821427 0.178574 1.087057 -1.091872 0.073669 -0.069940 0.346674 -0.329124 0.840613 0.214064 0.262137 -0.835654 0.455966 -0.759436
0.785715 0.178574 0.975078 -1.091872 0.066080 -0.069940 0.310962 -0.329124 0.805753 0.223480 0.543615 1.059134 0.429441 -0.813765
0.749999 0.178574 0.863081 -1.091872 0.058490 -0.069940 0.275245 -0.329124 0.770965 0.233747 0.227349 -0.825387 0.404329 -0.874312
0.714287 0.178574 0.751102 -1.091872 0.050901 -0.069940 0.239534 -0.329124 0.736271 0.244982 0.508922 1.070369 0.380918 -0.941661
0.678570 0.178574 0.639105 -1.091872 0.043312 -0.069940 0.203817 -0.329124 0.701674 0.257328 0.192752 -0.813041 0.359532 -1.016327
0.642854 0.178574 0.527109 -1.091872 0.035722 -0.069940 0.168100 -0.329124 0.667195 0.270952 0.474443 1.083993 0.340558 -1.098585
0.607142 0.178574 0.415130 -1.091872 0.028133 -0.069940 0.132389 -0.329124 0.632859 0.286056 0.158416 -0.797937 0.324421 -1.188355
0.571425 0.178574 0.303133 -1.091872 0.020543 -0.069940 0.096672 -0.329124 0.598678 0.302891 0.440262 1.100828 0.311557 -1.285106
0.571425 0.214286 0.303133 -0.973398 0.020543 -0.062351 0.096672 -0.293413 0.610283 0.358772 0.170021 -0.742055 0.277829 -1.252522
0.535714 0.250003 0.191154 -0.854907 0.012954 -0.054761 0.060961 -0.257696 0.591178 0.436631 0.421157 1.178687 0.232871 -1.338505
0.535714 0.285714 0.191154 -0.736434 0.012954 -0.047172 0.060961 -0.221984 0.607143 0.489957 0.185986 -0.688729 0.198625 -1.302785
0.535714 0.250003 0.191154 -0.854907 0.012954 -0.054761 0.060961 -0.257696 0.591178 0.436631 0.405192 1.125361 0.232871 -1.338505
0.535714 0.214286 0.191154 -0.973398 0.012954 -0.062351 0.060961 -0.293413 0.576982 0.380507 0.171790 -0.744854 0.267506 -1.365946
0.535714 0.178574 0.191154 -1.091872 0.012954 -0.069940 0.060961 -0.329124 0.564693 0.321755 0.392903 1.066610 0.302388 -1.387650
0.535714 0.142857 0.191154 -1.210363 0.012954 -0.077529 0.060961 -0.364841 0.554435 0.260602 0.161532 -0.806007 0.337448 -1.405237
0.499997 0.142857 0.079157 -1.210363 0.005364 -0.077529 0.025244 -0.364841 0.520005 0.278301 0.358474 1.084308 0.332855 -1.501714
0.499997 0.107146 0.079157 -1.328837 0.005364 -0.085118 0.025244 -0.400553 0.511349 0.211100 0.152875 -0.873209 0.368473 -1.507856
0.428569 0.071429 -0.144818 -1.447328 -0.009814 -0.092708 -0.046184 -0.436270 0.434481 0.165150 0.281606 1.038358 0.405960 1.465328
0.392858 0.035717 -0.256798 -1.565801 -0.017403 -0.100297 -0.081895 -0.471982 0.394478 0.090667 0.112872 -0.947692 0.446609 1.398993
0.357141 0.035717 -0.368794 -1.565801 -0.024993 -0.100297 -0.117612 -0.471982 0.358922 0.099677 0.246050 1.047368 0.454517 1.326582
0.321430 0.000000 -0.480774 -1.684292 -0.032582 -0.107887 -0.153324 -0.507699 0.321430 0.000000 0.075379 -1.047368 0.498898 1.277508
0.285713 0.000000 -0.592770 -1.684292 -0.040171 -0.107887 -0.189040 -0.507699 0.285713 0.000000 0.210333 1.047368 0.511006 1.214353
0.250001 0.000000 -0.704749 -1.684292 -0.047760 -0.107887 -0.224752 -0.507699 0.250001 0.000000 0.039668 -1.047368 0.525266 1.154040
0.214285 0.000000 -0.816746 -1.684292 -0.055350 -0.107887 -0.260469 -0.507699 0.214285 0.000000 0.174617 1.047368 0.541511 1.096773
0.178573 0.000000 -0.928725 -1.684292 -0.062939 -0.107887 -0.296180 -0.507699 0.178573 0.000000 0.003957 -1.047368 0.559565 1.042689
0.142856 0.035717 -1.040722 -1.565801 -0.070529 -0.100297 -0.331897 -0.471982 0.147254 0.244998 0.143297 1.292366 0.550371 0.957927
0.142856 0.071429 -1.040722 -1.447328 -0.070529 -0.092708 -0.331897 -0.436270 0.159718 0.463650 0.016421 -0.828716 0.522328 0.920444
0.142856 0.107146 -1.040722 -1.328837 -0.070529 -0.085118 -0.331897 -0.400553 0.178572 0.643516 0.162151 1.472232 0.495268 0.878860
0.142856 0.142857 -1.040722 -1.210363 -0.070529 -0.077529 -0.331897 -0.364841 0.202030 0.785401 0.039879 -0.686831 0.469372 0.832647
0.142856 0.178574 -1.040722 -1.091872 -0.070529 -0.069940 -0.331897 -0.329124 0.228685 0.896065 0.188806 1.582896 0.444834 0.781204
0.178573 0.214286 -0.928725 -0.973398 -0.062939 -0.062351 -0.296180 -0.293413 0.278939 0.876053 0.090133 -0.706843 0.394418 0.780705
0.178573 0.250003 -0.928725 -0.854907 -0.062939 -0.054761 -0.296180 -0.257696 0.307229 0.950547 0.217096 1.657390 0.371800 0.716028
0.214285 0.285714 -0.816746 -0.736434 -0.055350 -0.047172 -0.260469 -0.221984 0.357142 0.927298 0.140046 -0.730093 0.321838 0.705799
0.250001 0.285714 -0.704749 -0.736434 -0.047760 -0.047172 -0.224752 -0.221984 0.379649 0.851964 0.239603 1.582056 0.293682 0.779203
0.285713 0.321431 -0.592770 -0.617943 -0.040171 -0.039582 -0.189040 -0.186267 0.430058 0.844161 0.190455 -0.737896 0.243401 0.778009
0.321430 0.321431 -0.480774 -0.617943 -0.032582 -0.039582 -0.153324 -0.186267 0.454571 0.785401 0.264116 1.523296 0.216831 0.882105
0.357141 0.321431 -0.368794 -0.617943 -0.024993 -0.039582 -0.117612 -0.186267 0.480487 0.732822 0.216371 -0.790474 0.193236 1.007596
0.392858 0.321431 -0.256798 -0.617943 -0.017403 -0.039582 -0.081895 -0.186267 0.507598 0.685733 0.291227 1.476207 0.173823 1.156569
0.428569 0.321431 -0.144818 -0.617943 -0.009814 -0.039582 -0.046184 -0.186267 0.535714 0.643508 0.244487 -0.832700 0.160127 1.327753
0.464286 0.321431 -0.032822 -0.617943 -0.002224 -0.039582 -0.010467 -0.186267 0.564694 0.605548 0.320207 1.438248 0.153679 1.514660
0.499997 0.321431 0.079157 -0.617943 0.005364 -0.039582 0.025244 -0.186267 0.594403 0.571344 0.274196 -0.866904 0.155386 -1.436091
0.535714 0.285714 0.191154 -0.736434 0.012954 -0.047172 0.060961 -0.221984 0.607143 0.489957 0.332946 1.356862 0.198625 -1.302785
0.571425 0.285714 0.303133 -0.736434 0.020543 -0.047172 0.096672 -0.221984 0.638874 0.463650 0.305927 -0.893212 0.212323 -1.160073
