0.352941 0.136363 -0.214296 -1.089007 -0.020049 -0.088686 -0.074420 -0.329201 0.378368 0.368695 0.378368 0.368695 0.300364 1.348471
0.352941 0.159092 -0.214296 -1.013819 -0.020049 -0.082563 -0.074420 -0.306472 0.387140 0.423487 0.008772 0.054792 0.278400 1.332579
0.352941 0.204546 -0.214296 -0.863455 -0.020049 -0.070317 -0.074420 -0.261018 0.407930 0.525246 0.399157 0.470454 0.234915 1.293051
0.352941 0.227272 -0.214296 -0.788278 -0.020049 -0.064195 -0.074420 -0.238293 0.419786 0.572101 0.020628 0.101647 0.213481 1.268088
0.323527 0.250001 -0.298995 -0.713090 -0.027973 -0.058072 -0.103834 -0.215564 0.408865 0.657894 0.388236 0.556246 0.205520 1.121906
0.264704 0.295455 -0.468381 -0.562726 -0.043819 -0.045827 -0.162658 -0.170109 0.396689 0.840241 0.008452 0.283995 0.209420 0.807787
0.235294 0.295455 -0.553067 -0.562726 -0.051742 -0.045827 -0.192067 -0.170109 0.377700 0.898268 0.369248 0.614273 0.233000 0.724845
0.117647 0.272726 -0.891837 -0.637914 -0.083436 -0.051950 -0.309714 -0.192838 0.297019 1.163539 -0.072228 0.549266 0.346172 0.556895
0.088233 0.250001 -0.976536 -0.713090 -0.091360 -0.058072 -0.339128 -0.215564 0.265114 1.231513 0.337342 0.682246 0.382707 0.566214
0.058824 0.227272 -1.061222 -0.788278 -0.099283 -0.064195 -0.368538 -0.238293 0.234761 1.317530 -0.102581 0.635283 0.419352 0.573974
0.029410 0.204546 -1.145921 -0.863455 -0.107207 -0.070317 -0.397952 -0.261018 0.206650 1.427996 0.309231 0.792712 0.456083 0.580514
0.000000 0.136363 -1.230607 -1.089007 -0.115130 -0.088686 -0.427361 -0.329201 0.136363 1.570796 -0.172868 0.778084 0.517028 0.656374
0.000000 0.068183 -1.230607 -1.314548 -0.115130 -0.107053 -0.427361 -0.397381 0.068183 1.570796 0.241051 0.792712 0.558253 0.749063
0.058824 0.022725 -1.061222 -1.464924 -0.099283 -0.119299 -0.368538 -0.442839 0.063061 0.368669 -0.177991 -0.424043 0.547312 0.876718
0.117647 0.022725 -0.891837 -1.464924 -0.083436 -0.119299 -0.309714 -0.442839 0.119822 0.190816 0.297812 0.614859 0.509562 0.960484
0.176471 0.000000 -0.722452 -1.540100 -0.067589 -0.125422 -0.250891 -0.465565 0.176471 0.000000 -0.121342 -0.614859 0.495564 1.076518
0.235294 0.000000 -0.553067 -1.540100 -0.051742 -0.125422 -0.192067 -0.465565 0.235294 0.000000 0.356636 0.614859 0.468538 1.179521
0.294118 0.045454 -0.383682 -1.389736 -0.035895 -0.113176 -0.133244 -0.420110 0.297609 0.153332 -0.059027 -0.461527 0.404483 1.263668
0.323527 0.090909 -0.298995 -1.239371 -0.027973 -0.100931 -0.103834 -0.374656 0.336057 0.273929 0.395084 0.735456 0.352111 1.300437
0.352941 0.113638 -0.214296 -1.164183 -0.020049 -0.094808 -0.074420 -0.351927 0.370784 0.311492 -0.024299 -0.423964 0.322430 1.362402
0.352941 0.159092 -0.214296 -1.013819 -0.020049 -0.082563 -0.074420 -0.306472 0.387140 0.423487 0.411440 0.847451 0.278400 1.332579
0.382351 0.181818 -0.129610 -0.938643 -0.012126 -0.076441 -0.045011 -0.283747 0.423379 0.443877 0.011939 -0.403574 0.249635 1.413478
0.382351 0.204546 -0.129610 -0.863455 -0.012126 -0.070317 -0.045011 -0.261018 0.433626 0.491231 0.421687 0.894805 0.227316 1.400033
0.382351 0.181818 -0.129610 -0.938643 -0.012126 -0.076441 -0.045011 -0.283747 0.423379 0.443877 0.001692 -0.450928 0.249635 1.413478
0.382351 0.136363 -0.129610 -1.089007 -0.012126 -0.088686 -0.045011 -0.329201 0.405940 0.342582 0.404247 0.793510 0.294459 1.434912
0.411765 0.113638 -0.044911 -1.164183 -0.004202 -0.094808 -0.015597 -0.351927 0.427158 0.269275 0.022910 -0.524235 0.314111 1.526507
0.441174 0.090909 0.039775 -1.239371 0.003721 -0.100931 0.013813 -0.374656 0.450443 0.203217 0.427533 0.727452 0.336736 -1.533945
0.529412 0.068183 0.293859 -1.314548 0.027492 -0.107053 0.102050 -0.397381 0.533784 0.128086 0.106251 -0.599366 0.373394 -1.319421
0.588235 0.068183 0.463244 -1.314548 0.043339 -0.107053 0.160874 -0.397381 0.592174 0.115397 0.485922 0.714763 0.393560 -1.186129
0.735296 0.113638 0.886713 -1.164183 0.082957 -0.094808 0.307935 -0.351927 0.744026 0.153334 0.258103 -0.561429 0.439598 -0.851968
0.852943 0.159092 1.225484 -1.013819 0.114650 -0.082563 0.425582 -0.306472 0.867654 0.184402 0.609550 0.745831 0.503079 -0.624106
0.882353 0.204546 1.310170 -0.863455 0.122573 -0.070317 0.454992 -0.261018 0.905752 0.227796 0.296201 -0.518036 0.506620 -0.520839
0.941176 0.295455 1.479555 -0.562726 0.138420 -0.045827 0.513815 -0.170109 0.986462 0.304179 0.690260 0.822215 0.530476 -0.319713
1.000000 0.431818 1.648940 -0.111633 0.154267 -0.009091 0.572639 -0.033746 1.089251 0.407632 0.398990 -0.414583 0.572656 -0.058863
1.000000 0.499998 1.648940 0.113908 0.154267 0.009276 0.572639 0.034434 1.118033 0.463646 0.719043 0.878229 0.577227 0.060059
1.000000 0.636361 1.648940 0.565001 0.154267 0.046012 0.572639 0.170797 1.185308 0.566728 0.466265 -0.311502 0.609587 0.289862
1.000000 0.772728 1.648940 1.016105 0.154267 0.082749 0.572639 0.307164 1.263768 0.657889 0.797502 0.969391 0.668725 0.492342
1.000000 0.818182 1.648940 1.166469 0.154267 0.094994 0.572639 0.352618 1.292061 0.685730 0.494559 -0.283661 0.693294 0.551940
0.970590 0.909091 1.564254 1.467198 0.146344 0.119485 0.543229 0.443527 1.329847 0.752692 0.835288 1.036353 0.726059 0.684699
0.911767 0.954546 1.394869 1.617563 0.130497 0.131730 0.484406 0.488981 1.320029 0.808316 0.484741 -0.228037 0.715941 0.790099
0.823529 0.977271 1.140785 1.692739 0.106726 0.137852 0.396168 0.511707 1.277990 0.870566 0.793249 1.098603 0.677754 0.911980
0.794120 0.977271 1.056099 1.692739 0.098804 0.137852 0.366759 0.511707 1.259240 0.888426 0.465991 -0.210177 0.660994 0.948926
0.705882 0.954546 0.802014 1.617563 0.075033 0.131730 0.278521 0.488981 1.187193 0.934052 0.721202 1.144229 0.596236 1.053034
0.647059 0.863637 0.632629 1.316834 0.059186 0.107239 0.219697 0.398072 1.079145 0.927791 0.357943 -0.216438 0.488470 1.066493
0.617645 0.818182 0.547930 1.166469 0.051262 0.094994 0.190283 0.352618 1.025138 0.924167 0.667195 1.140605 0.434683 1.075949
0.558821 0.749999 0.378545 0.940917 0.035415 0.076626 0.131460 0.284435 0.935297 0.930441 0.268101 -0.210164 0.348392 1.137860
0.529412 0.681816 0.293859 0.715365 0.027492 0.058257 0.102050 0.216251 0.863221 0.910566 0.595119 1.120730 0.274156 1.129875
0.529412 0.659090 0.293859 0.640189 0.027492 0.052135 0.102050 0.193526 0.845386 0.894079 0.250267 -0.226651 0.253205 1.085531
0.529412 0.681816 0.293859 0.715365 0.027492 0.058257 0.102050 0.216251 0.863221 0.910566 0.612954 1.137218 0.274156 1.129875
0.529412 0.727270 0.293859 0.865729 0.027492 0.070503 0.102050 0.261706 0.899555 0.941561 0.286601 -0.195656 0.316796 1.198989
0.529412 0.772728 0.293859 1.016105 0.027492 0.082749 0.102050 0.307164 0.936689 0.970127 0.650088 1.165783 0.360128 1.250035
0.499998 0.840908 0.209160 1.241646 0.019568 0.101116 0.072636 0.375343 0.978327 1.034362 0.328239 -0.131421 0.419877 1.379639
0.470588 0.909091 0.124474 1.467198 0.011645 0.119485 0.043227 0.443527 1.023670 1.093131 0.695431 1.224552 0.483665 1.473641
0.441174 0.954546 0.039775 1.617563 0.003721 0.131730 0.013813 0.488981 1.051566 1.137858 0.356136 -0.086694 0.527365 1.542556
0.411765 0.977271 -0.044911 1.692739 -0.004202 0.137852 -0.015597 0.511707 1.060476 1.172029 0.704340 1.258723 0.550131 -1.540326
0.323527 1.000000 -0.298995 1.767927 -0.027973 0.143975 -0.103834 0.534435 1.051033 1.257897 0.346693 -0.000826 0.581976 -1.378899
0.264704 1.000000 -0.468381 1.767927 -0.043819 0.143975 -0.162658 0.534435 1.034441 1.312028 0.687748 1.312853 0.595292 -1.275350
0.176471 1.000000 -0.722452 1.767927 -0.067589 0.143975 -0.250891 0.534435 1.015452 1.396124 0.327703 0.083271 0.625189 -1.131886
0.117647 0.931817 -0.891837 1.542375 -0.083436 0.125607 -0.309714 0.466252 0.939214 1.445205 0.611511 1.361934 0.591944 -0.984459
0.088233 0.840908 -0.976536 1.241646 -0.091360 0.101116 -0.339128 0.375343 0.845524 1.466253 0.234014 0.104319 0.534817 -0.836043
0.058824 0.795454 -1.061222 1.091282 -0.099283 0.088871 -0.368538 0.329889 0.797626 1.496981 0.563612 1.392662 0.520876 -0.730118
0.029410 0.681816 -1.145921 0.715365 -0.107207 0.058257 -0.397952 0.216251 0.682450 1.527689 0.118838 0.135026 0.472348 -0.497770
0.029410 0.590907 -1.145921 0.414636 -0.107207 0.033767 -0.397952 0.125343 0.591638 1.521067 0.472801 1.386041 0.430247 -0.305133
0.058824 0.499998 -1.061222 0.113908 -0.099283 0.009276 -0.368538 0.034434 0.503447 1.453687 0.030646 0.067646 0.375628 -0.093163
0.088233 0.431818 -0.976536 -0.111633 -0.091360 -0.009091 -0.339128 -0.033746 0.440741 1.369242 0.410095 1.301595 0.339158 0.099182
0.117647 0.386364 -0.891837 -0.261997 -0.083436 -0.021336 -0.309714 -0.079201 0.403879 1.275218 -0.006216 -0.026377 0.312416 0.250356
