0.000000 0.628574 -1.281190 0.459728 -0.079247 0.028152 -0.443877 0.157682 0.628574 1.570796 0.628574 1.570796 0.480770 -0.341333
0.000000 0.657144 -1.281190 0.543022 -0.079247 0.033252 -0.443877 0.186251 0.657144 1.570796 0.028569 0.000000 0.492452 -0.397288
0.000000 0.685717 -1.281190 0.626330 -0.079247 0.038354 -0.443877 0.214824 0.685717 1.570796 0.657148 1.570796 0.505483 -0.450744
0.000000 0.714286 -1.281190 0.709625 -0.079247 0.043454 -0.443877 0.243394 0.714286 1.570796 0.057138 0.000000 0.519758 -0.501565
0.000000 0.742860 -1.281190 0.792932 -0.079247 0.048556 -0.443877 0.271967 0.742860 1.570796 0.685721 1.570796 0.535180 -0.549712
0.000000 0.771429 -1.281190 0.876227 -0.079247 0.053656 -0.443877 0.300536 0.771429 1.570796 0.085708 0.000000 0.551649 -0.595171
0.000000 0.800003 -1.281190 0.959534 -0.079247 0.058757 -0.443877 0.329110 0.800003 1.570796 0.714295 1.570796 0.569080 -0.638003
0.000000 0.828572 -1.281190 1.042829 -0.079247 0.063858 -0.443877 0.357679 0.828572 1.570796 0.114277 0.000000 0.587381 -0.678272
0.035717 0.828572 -1.178098 1.042829 -0.072871 0.063858 -0.408160 0.357679 0.829341 1.527717 0.715064 1.527717 0.560879 -0.719578
0.071428 0.857145 -1.075022 1.126136 -0.066495 0.068959 -0.372449 0.386253 0.860116 1.487656 0.145052 -0.040061 0.556335 -0.803590
0.107145 0.885715 -0.971931 1.209431 -0.060118 0.074060 -0.336732 0.414822 0.892172 1.450411 0.747120 1.490472 0.555526 -0.888931
0.142856 0.885715 -0.868855 1.209431 -0.053743 0.074060 -0.301021 0.414822 0.897161 1.410884 0.150041 -0.079588 0.534634 -0.943054
0.178573 0.885715 -0.765763 1.209431 -0.047366 0.074060 -0.265304 0.414822 0.903537 1.371849 0.753495 1.451436 0.515370 -1.001795
0.214285 0.885715 -0.662687 1.209431 -0.040990 0.074060 -0.229592 0.414822 0.911267 1.333423 0.157772 -0.118013 0.497929 -1.065291
0.250001 0.885715 -0.559595 1.209431 -0.034613 0.074060 -0.193876 0.414822 0.920321 1.295694 0.762549 1.413707 0.482502 -1.133591
0.285713 0.885715 -0.456519 1.209431 -0.028238 0.074060 -0.158164 0.414822 0.930657 1.258756 0.168108 -0.154951 0.469294 -1.206529
0.321430 0.885715 -0.353428 1.209431 -0.021861 0.074060 -0.122447 0.414822 0.942235 1.222672 0.774128 1.377623 0.458491 -1.283767
0.357141 0.885715 -0.250351 1.209431 -0.015485 0.074060 -0.086736 0.414822 0.955008 1.187514 0.180880 -0.190109 0.450271 -1.364674
0.392858 0.885715 -0.147260 1.209431 -0.009109 0.074060 -0.051019 0.414822 0.968931 1.153320 0.788051 1.343429 0.444773 -1.448420
0.428569 0.885715 -0.044184 1.209431 -0.002733 0.074060 -0.015308 0.414822 0.983952 1.120137 0.195901 -0.223292 0.442103 -1.533911
0.428569 0.857145 -0.044184 1.126136 -0.002733 0.068959 -0.015308 0.386253 0.958316 1.107152 0.762415 1.330444 0.413552 -1.531186
0.464286 0.828572 0.058908 1.042829 0.003644 0.063858 0.020409 0.357679 0.949786 1.060046 0.187371 -0.270398 0.385236 1.513799
0.464286 0.800003 0.058908 0.959534 0.003644 0.058757 0.020409 0.329110 0.924968 1.044947 0.737597 1.315345 0.356710 1.508863
0.464286 0.771429 0.058908 0.876227 0.003644 0.053656 0.020409 0.300536 0.900369 1.029016 0.162772 -0.286328 0.328187 1.502992
0.464286 0.742860 0.058908 0.792932 0.003644 0.048556 0.020409 0.271967 0.876015 1.012198 0.713243 1.298527 0.299679 1.495894
0.464286 0.771429 0.058908 0.876227 0.003644 0.053656 0.020409 0.300536 0.900369 1.029016 0.187126 -0.269510 0.328187 1.502992
0.464286 0.800003 0.058908 0.959534 0.003644 0.058757 0.020409 0.329110 0.924968 1.044947 0.737842 1.314457 0.356710 1.508863
0.464286 0.828572 0.058908 1.042829 0.003644 0.063858 0.020409 0.357679 0.949786 1.060046 0.211944 -0.254411 0.385236 1.513799
0.464286 0.857145 0.058908 1.126136 0.003644 0.068959 0.020409 0.386253 0.974813 1.074375 0.762869 1.328786 0.413772 1.518007
0.464286 0.885715 0.058908 1.209431 0.003644 0.074060 0.020409 0.414822 1.000026 1.087982 0.237157 -0.240804 0.442309 1.521636
0.464286 0.914288 0.058908 1.292738 0.003644 0.079161 0.020409 0.443395 1.025419 1.100919 0.788262 1.341723 0.470854 1.524800
0.499997 0.942857 0.161984 1.376033 0.010019 0.084262 0.056120 0.471965 1.067229 1.083203 0.278967 -0.258520 0.502126 1.452444
0.535714 0.971431 0.265076 1.459340 0.016396 0.089363 0.091837 0.500538 1.109354 1.066826 0.830388 1.325346 0.535488 1.389338
0.571425 0.971431 0.368152 1.459340 0.022772 0.089363 0.127549 0.500538 1.127034 1.039076 0.296646 -0.286270 0.542754 1.321284
0.607142 0.971431 0.471243 1.459340 0.029149 0.089363 0.163265 0.500538 1.145556 1.012198 0.848911 1.298469 0.552240 1.255498
0.678570 1.000000 0.677411 1.542635 0.041901 0.094464 0.234694 0.529107 1.208494 0.974598 0.359583 -0.323871 0.603617 1.153306
0.714282 1.000000 0.780487 1.542635 0.048277 0.094464 0.270405 0.529107 1.228901 0.950549 0.869318 1.274420 0.618378 1.098341
0.749999 1.000000 0.883579 1.542635 0.054653 0.094464 0.306122 0.529107 1.249999 0.927296 0.380681 -0.347124 0.634810 1.046289
0.785710 1.000000 0.986655 1.542635 0.061029 0.094464 0.341833 0.529107 1.271747 0.904830 0.891066 1.251954 0.652781 0.997198
0.821427 1.000000 1.089746 1.542635 0.067406 0.094464 0.377550 0.529107 1.294118 0.883126 0.403053 -0.368828 0.672173 0.951027
0.857138 1.000000 1.192822 1.542635 0.073781 0.094464 0.413261 0.529107 1.317075 0.862173 0.914022 1.231000 0.692862 0.907715
0.892855 0.971431 1.295914 1.459340 0.080158 0.089363 0.448978 0.500538 1.319420 0.827521 0.405397 -0.403479 0.692744 0.839646
0.928566 0.942857 1.398990 1.376033 0.086534 0.084262 0.484690 0.471965 1.323335 0.793034 0.917938 1.196514 0.695633 0.772097
0.928566 0.914288 1.398990 1.292738 0.086534 0.079161 0.484690 0.443395 1.303134 0.777650 0.385196 -0.418863 0.675434 0.740934
0.928566 0.885715 1.398990 1.209431 0.086534 0.074060 0.484690 0.414822 1.283248 0.761783 0.898052 1.180647 0.655854 0.707881
0.964283 0.857145 1.502082 1.126136 0.092911 0.068959 0.520406 0.386253 1.290171 0.726645 0.392119 -0.454002 0.664540 0.638499
0.964283 0.828572 1.502082 1.042829 0.092911 0.063858 0.520406 0.357679 1.271367 0.709847 0.879248 1.163848 0.647158 0.602157
1.000000 0.800003 1.605173 0.959534 0.099287 0.058757 0.556123 0.329110 1.280626 0.674743 0.401379 -0.489106 0.660378 0.534363
1.000000 0.771429 1.605173 0.876227 0.099287 0.053656 0.556123 0.300536 1.262974 0.657075 0.861595 1.146181 0.645417 0.495453
1.000000 0.742860 1.605173 0.792932 0.099287 0.048556 0.556123 0.271967 1.245729 0.638916 0.384134 -0.507265 0.631398 0.454842
1.000000 0.714286 1.605173 0.709625 0.099287 0.043454 0.556123 0.243394 1.228904 0.620250 0.844770 1.127515 0.618380 0.412546
1.000000 0.685717 1.605173 0.626330 0.099287 0.038354 0.556123 0.214824 1.212521 0.601076 0.367751 -0.526439 0.606432 0.368631
1.000000 0.657144 1.605173 0.543022 0.099287 0.033252 0.556123 0.186251 1.196594 0.581381 0.828843 1.107820 0.595614 0.323168
1.000000 0.628574 1.605173 0.459728 0.099287 0.028152 0.556123 0.157682 1.181146 0.561166 0.352303 -0.546654 0.585992 0.276286
1.000000 0.600001 1.605173 0.376420 0.099287 0.023050 0.556123 0.129108 1.166191 0.540420 0.813888 1.087075 0.577622 0.228117
1.000000 0.571432 1.605173 0.293126 0.099287 0.017950 0.556123 0.100539 1.151753 0.519148 0.337865 -0.567926 0.570564 0.178854
1.000000 0.542858 1.605173 0.209818 0.099287 0.012848 0.556123 0.071965 1.137847 0.497343 0.799982 1.065270 0.564863 0.128690
1.000000 0.514289 1.605173 0.126524 0.099287 0.007748 0.556123 0.043396 1.124497 0.475013 0.324515 -0.590256 0.560563 0.077876
1.000000 0.485715 1.605173 0.043216 0.099287 0.002646 0.556123 0.014823 1.111719 0.452155 0.787204 1.042411 0.557695 0.026647
1.000000 0.457146 1.605173 -0.040078 0.099287 -0.002454 0.556123 -0.013746 1.099537 0.428781 0.312333 -0.613630 0.556281 -0.024713
0.964283 0.428573 1.502082 -0.123386 0.092911 -0.007556 0.520406 -0.042320 1.055233 0.418226 0.742900 1.031857 0.520631 -0.081143
0.964283 0.400003 1.502082 -0.206681 0.092911 -0.012656 0.520406 -0.070889 1.043956 0.393216 0.301057 -0.638641 0.522252 -0.135386
0.964283 0.371430 1.502082 -0.289988 0.092911 -0.017758 0.520406 -0.099463 1.033345 0.367672 0.732289 1.006313 0.525425 -0.188848
0.928566 0.342861 1.398990 -0.373283 0.086534 -0.022858 0.484690 -0.128032 0.989843 0.353708 0.257554 -0.652604 0.495104 -0.258254
0.928566 0.314287 1.398990 -0.456590 0.086534 -0.027959 0.484690 -0.156605 0.980312 0.326362 0.722758 0.978966 0.501714 -0.312517
0.928566 0.285714 1.398990 -0.539897 0.086534 -0.033061 0.484690 -0.185179 0.971529 0.298500 0.248771 -0.680467 0.509843 -0.364943
0.892855 0.257144 1.295914 -0.623192 0.080158 -0.038161 0.448978 -0.213748 0.929147 0.280414 0.680376 0.960880 0.486262 -0.444327
0.892855 0.228571 1.295914 -0.706499 0.080158 -0.043263 0.448978 -0.242322 0.921648 0.250618 0.241272 -0.710263 0.497934 -0.494915
0.857138 0.200002 1.192822 -0.789794 0.073781 -0.048363 0.413261 -0.270891 0.880163 0.229235 0.638891 0.939498 0.479854 -0.580229
0.821427 0.171428 1.089746 -0.873101 0.067406 -0.053465 0.377550 -0.299464 0.839124 0.205743 0.200234 -0.733755 0.465588 -0.670568
0.785710 0.142859 0.986655 -0.956396 0.061029 -0.058565 0.341833 -0.328034 0.798592 0.179857 0.598358 0.913612 0.455480 -0.764801
0.749999 0.114285 0.883579 -1.039703 0.054653 -0.063667 0.306122 -0.356607 0.758656 0.151218 0.160298 -0.762394 0.449823 -0.861429
0.749999 0.085716 0.883579 -1.122998 0.054653 -0.068767 0.306122 -0.385176 0.754881 0.113795 0.594583 0.876189 0.471158 -0.899260
0.714282 0.057143 0.780487 -1.206306 0.048277 -0.073869 0.270405 -0.413750 0.716564 0.079830 0.121981 -0.796359 0.471892 -0.991932
0.678570 0.057143 0.677411 -1.206306 0.041901 -0.073869 0.234694 -0.413750 0.680972 0.084012 0.558991 0.880371 0.452376 -1.054817
0.607142 0.028574 0.471243 -1.289600 0.029149 -0.078969 0.163265 -0.442319 0.607814 0.047028 0.048823 -0.833343 0.446243 -1.217198
0.571425 0.028574 0.368152 -1.289600 0.022772 -0.078969 0.127549 -0.442319 0.572139 0.049962 0.523317 0.883306 0.434449 -1.290049
0.535714 0.000000 0.265076 -1.372908 0.016396 -0.084071 0.091837 -0.470893 0.535714 0.000000 0.012397 -0.883306 0.453278 -1.378186
0.499997 0.000000 0.161984 -1.372908 0.010019 -0.084071 0.056120 -0.470893 0.499997 0.000000 0.487600 0.883306 0.447411 -1.452177
0.464286 0.000000 0.058908 -1.372908 0.003644 -0.084071 0.020409 -0.470893 0.464286 0.000000 -0.023314 -0.883306 0.444346 -1.527482
0.428569 0.000000 -0.044184 -1.372908 -0.002733 -0.084071 -0.015308 -0.470893 0.428569 0.000000 0.451883 0.883306 0.444141 1.538300
0.392858 0.000000 -0.147260 -1.372908 -0.009109 -0.084071 -0.051019 -0.470893 0.392858 0.000000 -0.059025 -0.883306 0.446799 1.462872
0.357141 0.000000 -0.250351 -1.372908 -0.015485 -0.084071 -0.086736 -0.470893 0.357141 0.000000 0.416166 0.883306 0.452272 1.388643
0.321430 0.000000 -0.353428 -1.372908 -0.021861 -0.084071 -0.122447 -0.470893 0.321430 0.000000 -0.094737 -0.883306 0.460456 1.316398
0.285713 0.028574 -0.456519 -1.289600 -0.028238 -0.078969 -0.158164 -0.442319 0.287138 0.099676 0.381875 0.982982 0.444402 1.227385
0.250001 0.057143 -0.559595 -1.206306 -0.034613 -0.073869 -0.193876 -0.413750 0.256449 0.224710 -0.125426 -0.758273 0.432610 1.132598
0.250001 0.085716 -0.559595 -1.122998 -0.034613 -0.068767 -0.193876 -0.385176 0.264288 0.330303 0.389714 1.088575 0.407267 1.104479
0.250001 0.114285 -0.559595 -1.039703 -0.034613 -0.063667 -0.193876 -0.356607 0.274885 0.428775 -0.114828 -0.659800 0.382385 1.072828
0.250001 0.142859 -0.559595 -0.956396 -0.034613 -0.058565 -0.193876 -0.328034 0.287940 0.519149 0.402768 1.178950 0.358050 1.037004
0.250001 0.171428 -0.559595 -0.873101 -0.034613 -0.053465 -0.193876 -0.299464 0.303131 0.601070 -0.099637 -0.577879 0.334389 0.996246
0.285713 0.171428 -0.456519 -0.873101 -0.028238 -0.053465 -0.158164 -0.299464 0.333196 0.540421 0.432833 1.118300 0.315030 1.084878
0.285713 0.200002 -0.456519 -0.789794 -0.028238 -0.048363 -0.158164 -0.270891 0.348758 0.610733 -0.084075 -0.507568 0.290673 1.042324
0.321430 0.200002 -0.353428 -0.789794 -0.021861 -0.048363 -0.122447 -0.270891 0.378573 0.556602 0.462648 1.064170 0.272889 1.146266
0.321430 0.228571 -0.353428 -0.706499 -0.021861 -0.043263 -0.122447 -0.242322 0.394413 0.618142 -0.068235 -0.446028 0.247689 1.102911
0.357141 0.257144 -0.250351 -0.623192 -0.015485 -0.038161 -0.086736 -0.213748 0.440083 0.624029 0.508318 1.070056 0.205893 1.185312
0.357141 0.285714 -0.250351 -0.539897 -0.015485 -0.033061 -0.086736 -0.185179 0.457364 0.674743 -0.050954 -0.395314 0.180385 1.132755
0.357141 0.314287 -0.250351 -0.456590 -0.015485 -0.027959 -0.086736 -0.156605 0.475737 0.721660 0.526691 1.116974 0.155938 1.065002
0.357141 0.342861 -0.250351 -0.373283 -0.015485 -0.022858 -0.086736 -0.128032 0.495079 0.765001 -0.031612 -0.351973 0.133144 0.975362
0.357141 0.371430 -0.250351 -0.289988 -0.015485 -0.017758 -0.086736 -0.099463 0.515276 0.805008 0.546889 1.156981 0.113012 0.853643
0.321430 0.400003 -0.353428 -0.206681 -0.021861 -0.012656 -0.122447 -0.070889 0.513147 0.893884 -0.033742 -0.263097 0.130070 0.524788
0.285713 0.428573 -0.456519 -0.123386 -0.028238 -0.007556 -0.158164 -0.042320 0.515079 0.982798 0.548821 1.245894 0.158903 0.261446
0.250001 0.457146 -0.559595 -0.040078 -0.034613 -0.002454 -0.193876 -0.013746 0.521041 1.070356 -0.027780 -0.175538 0.194329 0.070785
0.214285 0.457146 -0.662687 -0.040078 -0.040990 -0.002454 -0.229592 -0.013746 0.504877 1.132465 0.532657 1.308003 0.229975 0.059802
0.178573 0.485715 -0.765763 0.043216 -0.047366 0.002646 -0.265304 0.014823 0.517502 1.218485 -0.015155 -0.089517 0.268582 -0.055813
0.142856 0.485715 -0.868855 0.043216 -0.053743 0.002646 -0.301021 0.014823 0.506288 1.284747 0.521443 1.374264 0.303914 -0.049202
0.107145 0.485715 -0.971931 0.043216 -0.060118 0.002646 -0.336732 0.014823 0.497393 1.353681 -0.024050 -0.020583 0.339321 -0.043991
0.071428 0.457146 -1.075022 -0.040078 -0.066495 -0.002454 -0.372449 -0.013746 0.462693 1.415802 0.486743 1.436385 0.372685 0.036892
0.035717 0.428573 -1.178098 -0.123386 -0.072871 -0.007556 -0.408160 -0.042320 0.430058 1.487650 -0.056685 0.051265 0.408447 0.103316
0.035717 0.400003 -1.178098 -0.206681 -0.072871 -0.012656 -0.408160 -0.070889 0.401595 1.481741 0.458280 1.430476 0.410511 0.171965
0.035717 0.371430 -1.178098 -0.289988 -0.072871 -0.017758 -0.408160 -0.099463 0.373143 1.474931 -0.085136 0.044455 0.414540 0.239027
0.000000 0.342861 -1.281190 -0.373283 -0.079247 -0.022858 -0.443877 -0.128032 0.342861 1.570796 0.427997 1.526342 0.455226 0.280818
0.000000 0.314287 -1.281190 -0.456590 -0.079247 -0.027959 -0.443877 -0.156605 0.314287 1.570796 -0.113710 0.044455 0.462407 0.339179
0.000000 0.285714 -1.281190 -0.539897 -0.079247 -0.033061 -0.443877 -0.185179 0.285714 1.570796 0.399424 1.526342 0.471214 0.395233
0.000000 0.228571 -1.281190 -0.706499 -0.079247 -0.043263 -0.443877 -0.242322 0.228571 1.570796 -0.170853 0.044455 0.493339 0.499706
0.000000 0.200002 -1.281190 -0.789794 -0.079247 -0.048363 -0.443877 -0.270891 0.200002 1.570796 0.370854 1.526342 0.506460 0.547947
0.000000 0.171428 -1.281190 -0.873101 -0.079247 -0.053465 -0.443877 -0.299464 0.171428 1.570796 -0.199426 0.044455 0.520821 0.593514
0.000000 0.142859 -1.281190 -0.956396 -0.079247 -0.058565 -0.443877 -0.328034 0.142859 1.570796 0.342285 1.526342 0.536319 0.636436
0.000000 0.114285 -1.281190 -1.039703 -0.079247 -0.063667 -0.443877 -0.356607 0.114285 1.570796 -0.228000 0.044455 0.552863 0.676806
0.000000 0.085716 -1.281190 -1.122998 -0.079247 -0.068767 -0.443877 -0.385176 0.085716 1.570796 0.313716 1.526342 0.570356 0.714712
0.000000 0.057143 -1.281190 -1.206306 -0.079247 -0.073869 -0.443877 -0.413750 0.057143 1.570796 -0.256573 0.044455 0.588719 0.750284
0.000000 0.028574 -1.281190 -1.289600 -0.079247 -0.078969 -0.443877 -0.442319 0.028574 1.570796 0.285147 1.526342 0.607868 0.783640
0.035717 0.028574 -1.178098 -1.289600 -0.072871 -0.078969 -0.408160 -0.442319 0.045740 0.674743 -0.239407 -0.851599 0.582298 0.825541
0.071428 0.000000 -1.075022 -1.372908 -0.066495 -0.084071 -0.372449 -0.470893 0.071428 0.000000 0.310835 0.851599 0.579435 0.901603
0.107145 0.000000 -0.971931 -1.372908 -0.060118 -0.084071 -0.336732 -0.470893 0.107145 0.000000 -0.203690 -0.851599 0.557149 0.950013
0.142856 0.000000 -0.868855 -1.372908 -0.053743 -0.084071 -0.301021 -0.470893 0.142856 0.000000 0.346547 0.851599 0.536321 1.002012
0.178573 0.000000 -0.765763 -1.372908 -0.047366 -0.084071 -0.265304 -0.470893 0.178573 0.000000 -0.167973 -0.851599 0.517120 1.057719
0.214285 0.000000 -0.662687 -1.372908 -0.040990 -0.084071 -0.229592 -0.470893 0.214285 0.000000 0.382258 0.851599 0.499739 1.117143
0.250001 0.000000 -0.559595 -1.372908 -0.034613 -0.084071 -0.193876 -0.470893 0.250001 0.000000 -0.132257 -0.851599 0.484370 1.180228
0.285713 0.028574 -0.456519 -1.289600 -0.028238 -0.078969 -0.158164 -0.442319 0.287138 0.099676 0.419395 0.951276 0.444402 1.227385
0.285713 0.057143 -0.456519 -1.206306 -0.028238 -0.073869 -0.158164 -0.413750 0.291371 0.197396 -0.128024 -0.753880 0.417827 1.205667
0.321430 0.085716 -0.353428 -1.122998 -0.021861 -0.068767 -0.122447 -0.385176 0.332662 0.260607 0.460686 1.014487 0.378513 1.263000
0.321430 0.114285 -0.353428 -1.039703 -0.021861 -0.063667 -0.122447 -0.356607 0.341142 0.341614 -0.119543 -0.672873 0.351602 1.240042
0.321430 0.142859 -0.353428 -0.956396 -0.021861 -0.058565 -0.122447 -0.328034 0.351747 0.418228 0.471290 1.091101 0.324969 1.213537
