0.031252 0.575759 -1.265415 0.133626 -0.114898 0.010212 -0.426213 0.037881 0.576606 1.516569 0.576606 1.516569 0.442324 -0.088644
0.000000 0.545453 -1.358202 0.026722 -0.123323 0.002042 -0.457465 0.007575 0.545453 1.570796 -0.031153 0.054227 0.465850 -0.016558
0.000000 0.575759 -1.358202 0.133626 -0.123323 0.010212 -0.457465 0.037881 0.575759 1.570796 0.606911 1.516569 0.472512 -0.082617
0.000000 0.606059 -1.358202 0.240514 -0.123323 0.018380 -0.457465 0.068181 0.606059 1.570796 -0.000852 0.054227 0.480993 -0.147952
0.000000 0.636364 -1.358202 0.347418 -0.123323 0.026550 -0.457465 0.098486 0.636364 1.570796 0.637217 1.516569 0.491202 -0.212051
0.000000 0.696970 -1.358202 0.561210 -0.123323 0.042888 -0.457465 0.159092 0.696970 1.570796 0.059754 0.054227 0.516369 -0.334686
0.031252 0.727271 -1.265415 0.668098 -0.114898 0.051056 -0.426213 0.189393 0.727942 1.527851 0.668188 1.473624 0.504433 -0.418156
0.062500 0.787877 -1.172642 0.881890 -0.106474 0.067394 -0.394966 0.249999 0.790352 1.491635 0.122164 0.018011 0.514946 -0.564306
0.093752 0.848483 -1.079855 1.095682 -0.098049 0.083733 -0.363713 0.310605 0.853647 1.460749 0.731483 1.442738 0.534025 -0.706802
0.093752 0.878788 -1.079855 1.202586 -0.098049 0.091902 -0.363713 0.340910 0.883775 1.464515 0.152292 0.021777 0.556597 -0.753047
0.124999 0.878788 -0.987082 1.202586 -0.089626 0.091902 -0.332466 0.340910 0.887634 1.429503 0.735342 1.407726 0.536700 -0.797938
0.156252 0.909089 -0.894295 1.309474 -0.081201 0.100071 -0.301214 0.371211 0.922419 1.400582 0.187077 -0.007144 0.542857 -0.889121
0.187499 0.909089 -0.801522 1.309474 -0.072777 0.100071 -0.269966 0.371211 0.928223 1.367399 0.741146 1.374543 0.526161 -0.942009
0.218751 0.909089 -0.708735 1.309474 -0.064352 0.100071 -0.238714 0.371211 0.935037 1.334659 0.193891 -0.039884 0.510831 -0.999309
0.281251 0.878788 -0.523175 1.202586 -0.047504 0.091902 -0.176214 0.340910 0.922698 1.261053 0.728806 1.300937 0.456689 -1.093725
0.312499 0.848483 -0.430402 1.095682 -0.039080 0.083733 -0.144967 0.310605 0.904201 1.217910 0.175394 -0.083027 0.417025 -1.134122
0.343751 0.818182 -0.337615 0.988794 -0.030655 0.075564 -0.113715 0.280304 0.887461 1.173050 0.712067 1.256077 0.378216 -1.185401
0.374998 0.757576 -0.244843 0.775002 -0.022231 0.059226 -0.082467 0.219698 0.845308 1.111159 0.133241 -0.144918 0.311235 -1.211705
0.406250 0.757576 -0.152056 0.775002 -0.013806 0.059226 -0.051215 0.219698 0.859629 1.078571 0.726387 1.223489 0.304450 -1.341772
0.437498 0.696970 -0.059283 0.561210 -0.005383 0.042888 -0.019967 0.159092 0.822905 1.010248 0.096517 -0.213241 0.240336 -1.445941
0.437498 0.666665 -0.059283 0.454306 -0.005383 0.034718 -0.019967 0.128787 0.797400 0.990041 0.700883 1.203282 0.210151 -1.416979
0.468750 0.666665 0.033504 0.454306 0.003042 0.034718 0.011285 0.128787 0.814966 0.957975 0.114083 -0.245307 0.209504 1.483396
0.468750 0.636364 0.033504 0.347418 0.003042 0.026550 0.011285 0.098486 0.790371 0.935922 0.676288 1.181230 0.179255 1.456712
0.468750 0.666665 0.033504 0.454306 0.003042 0.034718 0.011285 0.128787 0.814966 0.957975 0.138678 -0.223255 0.209504 1.483396
0.468750 0.696970 0.033504 0.561210 0.003042 0.042888 0.011285 0.159092 0.839937 0.978729 0.701259 1.201984 0.239771 1.499983
0.468750 0.727271 0.033504 0.668098 0.003042 0.051056 0.011285 0.189393 0.865246 0.998274 0.163986 -0.203710 0.270042 1.511283
0.468750 0.787877 0.033504 0.881890 0.003042 0.067394 0.011285 0.249999 0.916775 1.034096 0.752789 1.237806 0.330604 1.525688
0.500002 0.818182 0.126291 0.988794 0.011467 0.075564 0.042537 0.280304 0.958866 1.022245 0.206077 -0.215560 0.363216 1.420192
0.531250 0.909089 0.219064 1.309474 0.019891 0.100071 0.073785 0.371211 1.052933 1.041944 0.846856 1.257505 0.457611 1.374587
0.531250 0.939394 0.219064 1.416378 0.019891 0.108240 0.073785 0.401516 1.079207 1.056113 0.232351 -0.201392 0.487544 1.389059
0.562502 0.969695 0.311851 1.523265 0.028316 0.116409 0.105037 0.431817 1.121034 1.045151 0.888683 1.246543 0.522888 1.332187
0.593750 0.969695 0.404624 1.523265 0.036739 0.116409 0.136284 0.431817 1.137034 1.021378 0.248351 -0.225166 0.530049 1.265084
0.625002 1.000000 0.497411 1.630169 0.045164 0.124578 0.167536 0.462122 1.179249 1.012196 0.930897 1.237361 0.567814 1.222996
0.656249 1.000000 0.590184 1.630169 0.053588 0.124578 0.198784 0.462122 1.196103 0.990040 0.265206 -0.247321 0.577805 1.164568
0.718749 1.000000 0.775744 1.630169 0.070437 0.124578 0.261284 0.462122 1.231503 0.947598 0.966297 1.194919 0.602174 1.056207
0.750001 0.969695 0.868531 1.523265 0.078862 0.116409 0.292536 0.431817 1.225891 0.912461 0.259594 -0.282457 0.589878 0.975363
0.812501 0.939394 1.054091 1.416378 0.095710 0.108240 0.355036 0.401516 1.242022 0.857704 0.982428 1.140161 0.598586 0.846758
0.843748 0.909089 1.146864 1.309474 0.104134 0.100071 0.386283 0.371211 1.240304 0.822658 0.257876 -0.317503 0.594288 0.765503
0.875001 0.848483 1.239650 1.095682 0.112559 0.083733 0.417535 0.310605 1.218831 0.770013 0.960955 1.087517 0.572041 0.639586
0.906248 0.787877 1.332423 0.881890 0.120982 0.067394 0.448783 0.249999 1.200848 0.715640 0.239893 -0.371877 0.557295 0.508248
0.937500 0.727271 1.425210 0.668098 0.129407 0.051056 0.480035 0.189393 1.186520 0.659782 0.946627 1.031659 0.550662 0.375791
0.968748 0.606059 1.517983 0.240514 0.137831 0.018380 0.511282 0.068181 1.142707 0.559039 0.196080 -0.472620 0.532438 0.132571
1.000000 0.545453 1.610770 0.026722 0.146256 0.002042 0.542535 0.007575 1.139087 0.499346 0.943007 0.971966 0.549623 0.013962
0.968748 0.393941 1.517983 -0.507749 0.137831 -0.038802 0.511282 -0.143937 1.045783 0.386226 0.102776 -0.585740 0.515214 -0.274419
0.968748 0.333335 1.517983 -0.721541 0.137831 -0.055141 0.511282 -0.204543 1.024492 0.331399 0.921717 0.917139 0.526135 -0.380557
0.906248 0.272729 1.332423 -0.935333 0.120982 -0.071479 0.448783 -0.265149 0.946397 0.292322 0.024680 -0.624817 0.485318 -0.533641
0.875001 0.212123 1.239650 -1.149125 0.112559 -0.087817 0.417535 -0.325755 0.900346 0.237838 0.875666 0.862655 0.484281 -0.662542
0.812501 0.151513 1.054091 -1.362933 0.095710 -0.104156 0.355036 -0.386365 0.826507 0.184359 -0.049159 -0.678296 0.468676 -0.827631
0.687501 0.060606 0.682971 -1.683612 0.062013 -0.128663 0.230036 -0.477272 0.690168 0.087927 0.739326 0.766222 0.458709 -1.121667
0.625002 0.030301 0.497411 -1.790516 0.045164 -0.136832 0.167536 -0.507577 0.625736 0.048443 -0.113590 -0.717779 0.458844 -1.251985
0.531250 0.030301 0.219064 -1.790516 0.019891 -0.136832 0.073785 -0.507577 0.532113 0.056975 0.645704 0.774754 0.433490 -1.426441
0.468750 0.030301 0.033504 -1.790516 0.003042 -0.136832 0.011285 -0.507577 0.469728 0.064552 -0.175975 -0.710203 0.427314 -1.548567
0.374998 0.030301 -0.244843 -1.790516 -0.022231 -0.136832 -0.082467 -0.507577 0.376220 0.080627 0.552196 0.790830 0.435052 1.409732
0.312499 0.030301 -0.430402 -1.790516 -0.039080 -0.136832 -0.144967 -0.507577 0.313964 0.096660 -0.238232 -0.694169 0.451093 1.292597
0.281251 0.060606 -0.523175 -1.683612 -0.047504 -0.128663 -0.176214 -0.477272 0.287707 0.212242 0.525938 0.906411 0.434222 1.217110
0.218751 0.090907 -0.708735 -1.576725 -0.064352 -0.120494 -0.238714 -0.446971 0.236888 0.393857 -0.289050 -0.512554 0.437435 1.080266
0.187499 0.151513 -0.801522 -1.362933 -0.072777 -0.104156 -0.269966 -0.386365 0.241064 0.679643 0.530114 1.192197 0.408031 0.960921
0.187499 0.181818 -0.801522 -1.256029 -0.072777 -0.095986 -0.269966 -0.356060 0.261177 0.770016 -0.268937 -0.422181 0.385828 0.922065
0.187499 0.242424 -0.801522 -1.042237 -0.072777 -0.079648 -0.269966 -0.295454 0.306472 0.912464 0.575409 1.334645 0.345144 0.830446
0.218751 0.272729 -0.708735 -0.935333 -0.064352 -0.071479 -0.238714 -0.265149 0.349619 0.894786 -0.225790 -0.439859 0.301848 0.837815
0.249999 0.303030 -0.615962 -0.828445 -0.055929 -0.063310 -0.207467 -0.234848 0.392844 0.880997 0.618634 1.320856 0.258636 0.847225
0.281251 0.303030 -0.523175 -0.828445 -0.047504 -0.063310 -0.176214 -0.234848 0.413436 0.822655 -0.205198 -0.498201 0.234312 0.927083
0.312499 0.303030 -0.430402 -0.828445 -0.039080 -0.063310 -0.144967 -0.234848 0.435296 0.770016 0.640494 1.268217 0.211815 1.017769
0.406250 0.303030 -0.152056 -0.828445 -0.013806 -0.063310 -0.051215 -0.234848 0.506820 0.640884 -0.133674 -0.627333 0.162706 1.356082
0.437498 0.272729 -0.059283 -0.935333 -0.005383 -0.071479 -0.019967 -0.265149 0.515544 0.557436 0.649218 1.184769 0.185812 1.495632
0.500002 0.242424 0.126291 -1.042237 0.011467 -0.079648 0.042537 -0.295454 0.555672 0.451450 -0.093546 -0.733319 0.219208 -1.427807
0.562502 0.151513 0.311851 -1.362933 0.028316 -0.104156 0.105037 -0.386365 0.582550 0.263110 0.676096 0.996429 0.323481 -1.305353
0.593750 0.121212 0.404624 -1.469821 0.036739 -0.112324 0.136284 -0.416666 0.605996 0.201379 -0.070100 -0.795050 0.362822 -1.254682
0.625002 0.060606 0.497411 -1.683612 0.045164 -0.128663 0.167536 -0.477272 0.627933 0.096667 0.698034 0.891717 0.430774 -1.233205
0.625002 0.030301 0.497411 -1.790516 0.045164 -0.136832 0.167536 -0.507577 0.625736 0.048443 -0.072298 -0.843274 0.458844 -1.251985
0.656249 0.030301 0.590184 -1.790516 0.053588 -0.136832 0.198784 -0.507577 0.656948 0.046140 0.729246 0.889414 0.471153 -1.197524
0.656249 0.000000 0.590184 -1.897404 0.053588 -0.145001 0.198784 -0.537878 0.656249 0.000000 -0.072997 -0.889414 0.498788 -1.216794
