0.000000 0.485715 -1.493799 -0.141828 -0.146586 -0.012865 -0.496886 -0.043608 0.485715 1.570796 0.485715 1.570796 0.497012 0.087539
0.000000 0.514285 -1.493799 -0.048912 -0.146586 -0.004437 -0.496886 -0.015039 0.514285 1.570796 0.028569 0.000000 0.497191 0.030258
0.000000 0.542858 -1.493799 0.044018 -0.146586 0.003993 -0.496886 0.013534 0.542858 1.570796 0.514289 1.570796 0.499008 -0.027232
0.000000 0.600001 -1.493799 0.229865 -0.146586 0.020850 -0.496886 0.070677 0.600001 1.570796 0.085712 0.000000 0.507473 -0.141292
0.000000 0.657144 -1.493799 0.415711 -0.146586 0.037708 -0.496886 0.127820 0.657144 1.570796 0.571432 1.570796 0.522090 -0.251783
0.000000 0.714286 -1.493799 0.601558 -0.146586 0.054566 -0.496886 0.184963 0.714286 1.570796 0.142855 0.000000 0.542364 -0.356352
0.032256 0.771429 -1.396829 0.787405 -0.137070 0.071423 -0.464631 0.242105 0.772103 1.529008 0.629248 1.529008 0.539681 -0.480362
0.064516 0.828572 -1.299843 0.973251 -0.127553 0.088281 -0.432370 0.299248 0.831080 1.493089 0.201831 -0.035919 0.544940 -0.605412
0.096772 0.885715 -1.202873 1.159098 -0.118037 0.105138 -0.400115 0.356391 0.890985 1.461970 0.689154 1.497889 0.557924 -0.727665
0.161287 0.914288 -1.008917 1.252028 -0.099004 0.113568 -0.335599 0.384964 0.928405 1.396185 0.239251 -0.101704 0.535585 -0.853801
0.193548 0.914288 -0.911932 1.252028 -0.089487 0.113568 -0.303338 0.384964 0.934550 1.362184 0.695299 1.463887 0.515983 -0.903437
0.225803 0.914288 -0.814961 1.252028 -0.079972 0.113568 -0.271083 0.384964 0.941759 1.328670 0.246460 -0.135218 0.497705 -0.957273
0.258064 0.885715 -0.717976 1.159098 -0.070455 0.105138 -0.238822 0.356391 0.922544 1.287283 0.676084 1.422500 0.456315 -0.980411
0.290319 0.828572 -0.621006 0.973251 -0.060939 0.088281 -0.206567 0.299248 0.877962 1.233778 0.201878 -0.188722 0.390750 -0.966620
0.322580 0.771429 -0.524020 0.787405 -0.051422 0.071423 -0.174306 0.242105 0.836158 1.174734 0.634280 1.363457 0.325202 -0.946799
0.354835 0.742856 -0.427050 0.694474 -0.041906 0.062994 -0.142051 0.213532 0.823251 1.125177 0.188971 -0.238280 0.284041 -0.983780
0.387096 0.685713 -0.330065 0.508628 -0.032389 0.046136 -0.109790 0.156389 0.787430 1.056877 0.598459 1.295157 0.218425 -0.958707
0.419351 0.657144 -0.233094 0.415711 -0.022873 0.037708 -0.077535 0.127820 0.779547 1.002802 0.181088 -0.292355 0.178028 -1.025543
0.419351 0.628570 -0.233094 0.322781 -0.022873 0.029279 -0.077535 0.099246 0.755616 0.982458 0.574528 1.274813 0.152815 -0.907603
0.419351 0.657144 -0.233094 0.415711 -0.022873 0.037708 -0.077535 0.127820 0.779547 1.002802 0.205019 -0.272011 0.178028 -1.025543
0.419351 0.685713 -0.233094 0.508628 -0.022873 0.046136 -0.077535 0.156389 0.803777 1.021923 0.598758 1.293935 0.204125 -1.110530
0.451612 0.742856 -0.136109 0.694474 -0.013356 0.062994 -0.045274 0.213532 0.869360 1.024559 0.270602 -0.269376 0.250101 -1.361865
0.451612 0.799998 -0.136109 0.880321 -0.013356 0.079851 -0.045274 0.270675 0.918668 1.056877 0.648066 1.326253 0.306475 -1.405066
0.483867 0.857145 -0.039138 1.066182 -0.003841 0.096710 -0.013019 0.327822 0.984289 1.056881 0.336224 -0.269372 0.360494 -1.531104
0.516128 0.914288 0.057847 1.252028 0.005676 0.113568 0.019242 0.384964 1.049910 1.056879 0.713686 1.326250 0.417845 1.520855
0.548388 0.942857 0.154832 1.344945 0.015194 0.121996 0.051502 0.413534 1.090738 1.043998 0.377052 -0.282252 0.448935 1.446893
0.580644 0.971431 0.251802 1.437875 0.024709 0.130425 0.083758 0.442107 1.131735 1.032055 0.754683 1.314307 0.481880 1.383564
0.612904 1.000000 0.348788 1.530791 0.034226 0.138853 0.116018 0.470676 1.172882 1.020942 0.418198 -0.293365 0.516318 1.329122
0.645160 1.000000 0.445758 1.530791 0.043742 0.138853 0.148274 0.470676 1.190055 0.997831 0.771857 1.291196 0.524508 1.265615
0.741936 0.942857 0.736699 1.344945 0.072292 0.121996 0.245050 0.413534 1.199770 0.904093 0.427914 -0.387103 0.508861 1.035854
0.806452 0.885715 0.930655 1.159098 0.091325 0.105138 0.309566 0.356391 1.197854 0.832205 0.769941 1.219307 0.497010 0.855595
0.903224 0.742856 1.221581 0.694474 0.119873 0.062994 0.406338 0.213532 1.169465 0.688280 0.399524 -0.531027 0.474985 0.483842
0.967740 0.685713 1.415537 0.508628 0.138906 0.046136 0.470853 0.156389 1.186053 0.616456 0.786529 1.147483 0.507305 0.320676
1.000000 0.600001 1.512522 0.229865 0.148423 0.020850 0.503114 0.070677 1.166191 0.540420 0.379662 -0.607062 0.513572 0.139566
1.000000 0.514285 1.512522 -0.048912 0.148423 -0.004437 0.503114 -0.015039 1.124495 0.475010 0.744833 1.082072 0.503415 -0.029883
1.000000 0.457142 1.512522 -0.234759 0.148423 -0.021294 0.503114 -0.072182 1.099536 0.428777 0.354702 -0.653295 0.504681 -0.142498
1.000000 0.371430 1.512522 -0.513522 0.148423 -0.046580 0.503114 -0.157894 1.066752 0.355637 0.712050 1.008932 0.518520 -0.304099
1.000000 0.285714 1.512522 -0.792299 0.148423 -0.071867 0.503114 -0.243610 1.040016 0.278299 0.327966 -0.730633 0.545635 -0.450932
0.967740 0.228571 1.415537 -0.978145 0.138906 -0.088725 0.470853 -0.300753 0.994366 0.231940 0.666401 0.962573 0.541937 -0.568419
0.838708 0.114285 1.027625 -1.349839 0.100840 -0.122440 0.341822 -0.415038 0.846458 0.135430 0.180058 -0.827143 0.513055 -0.881836
0.741936 0.057143 0.736699 -1.535685 0.072292 -0.139297 0.245050 -0.472181 0.744133 0.076867 0.564076 0.904010 0.503412 -1.092084
0.677420 0.028574 0.542743 -1.628602 0.053259 -0.147726 0.180534 -0.500750 0.678022 0.042155 0.113947 -0.861855 0.501906 -1.224774
0.580644 0.028574 0.251802 -1.628602 0.024709 -0.147726 0.083758 -0.500750 0.581346 0.049170 0.467400 0.911025 0.475744 -1.405066
0.516128 0.028574 0.057847 -1.628602 0.005676 -0.147726 0.019242 -0.500750 0.516918 0.055305 0.049519 -0.855721 0.468708 -1.532389
0.419351 0.085716 -0.233094 -1.442755 -0.022873 -0.130868 -0.077535 -0.443607 0.428022 0.201625 0.378503 1.057345 0.418416 1.397762
0.387096 0.085716 -0.330065 -1.442755 -0.032389 -0.130868 -0.109790 -0.443607 0.396473 0.217918 0.017969 -0.839427 0.425576 1.328178
0.354835 0.114285 -0.427050 -1.349839 -0.041906 -0.122440 -0.142051 -0.415038 0.372786 0.311589 0.354817 1.151016 0.408120 1.241034
0.354835 0.142859 -0.427050 -1.256908 -0.041906 -0.114010 -0.142051 -0.386465 0.382514 0.382751 0.027697 -0.768265 0.381462 1.218560
0.354835 0.171428 -0.427050 -1.163992 -0.041906 -0.105582 -0.142051 -0.357896 0.394076 0.450053 0.366379 1.218318 0.355107 1.192961
0.419351 0.200002 -0.233094 -1.071062 -0.022873 -0.097153 -0.077535 -0.329322 0.464603 0.445023 0.098224 -0.773295 0.306842 1.339570
0.483867 0.200002 -0.039138 -1.071062 -0.003841 -0.097153 -0.013019 -0.329322 0.523573 0.391953 0.425348 1.165248 0.297170 1.531285
0.612904 0.200002 0.348788 -1.071062 0.034226 -0.097153 0.116018 -0.329322 0.644711 0.315424 0.219363 -0.849825 0.318748 -1.232080
0.677420 0.171428 0.542743 -1.163992 0.053259 -0.105582 0.180534 -0.357896 0.698774 0.247857 0.479412 1.097682 0.372177 -1.103609
0.709676 0.142859 0.639714 -1.256908 0.062775 -0.114010 0.212790 -0.386465 0.723912 0.198647 0.244500 -0.899035 0.413055 -1.067488
0.774192 0.114285 0.833670 -1.349839 0.081808 -0.122440 0.277306 -0.415038 0.782582 0.146561 0.538081 1.045595 0.472527 -0.981771
0.806452 0.057143 0.930655 -1.535685 0.091325 -0.139297 0.309566 -0.472181 0.808474 0.070739 0.270393 -0.974856 0.537778 -0.990488
0.870968 0.000000 1.124610 -1.721532 0.110357 -0.156155 0.374082 -0.529324 0.870968 0.000000 0.600575 0.974856 0.621959 -0.955577
