0.000000 0.606059 -1.323120 0.203475 -0.111361 0.016316 -0.457779 0.067070 0.606059 1.570796 0.606059 1.570796 0.481195 -0.145477
0.000000 0.636364 -1.323120 0.295414 -0.111361 0.023688 -0.457779 0.097375 0.636364 1.570796 0.030305 0.000000 0.491380 -0.209588
0.000000 0.666665 -1.323120 0.387340 -0.111361 0.031059 -0.457779 0.127676 0.666665 1.570796 0.636360 1.570796 0.503185 -0.271991
0.000000 0.727271 -1.323120 0.571204 -0.111361 0.045802 -0.457779 0.188282 0.727271 1.570796 0.090911 0.000000 0.531213 -0.390204
0.000000 0.757576 -1.323120 0.663143 -0.111361 0.053174 -0.457779 0.218587 0.757576 1.570796 0.666665 1.570796 0.547211 -0.445482
0.000000 0.787877 -1.323120 0.755069 -0.111361 0.060545 -0.457779 0.248888 0.787877 1.570796 0.121212 0.000000 0.564381 -0.497982
0.000000 0.818182 -1.323120 0.847008 -0.111361 0.067918 -0.457779 0.279193 0.818182 1.570796 0.696970 1.570796 0.582625 -0.547657
0.000000 0.848483 -1.323120 0.938933 -0.111361 0.075289 -0.457779 0.309494 0.848483 1.570796 0.151513 0.000000 0.601840 -0.594488
0.037040 0.878788 -1.216064 1.030872 -0.102351 0.082661 -0.420740 0.339799 0.879568 1.528673 0.728056 1.528673 0.595206 -0.679372
0.037040 0.909089 -1.216064 1.122798 -0.102351 0.090032 -0.420740 0.370100 0.909843 1.530075 0.181787 0.001402 0.617011 -0.721452
0.074074 0.909089 -1.109024 1.122798 -0.093342 0.090032 -0.383706 0.370100 0.912102 1.489494 0.730314 1.488092 0.592377 -0.767350
0.148148 0.939394 -0.894928 1.214737 -0.075322 0.097404 -0.309632 0.400405 0.951004 1.414379 0.220690 -0.073713 0.572560 -0.912551
0.185187 0.939394 -0.787872 1.214737 -0.066312 0.097404 -0.272592 0.400405 0.957474 1.376157 0.736784 1.449870 0.553407 -0.973079
0.222222 0.939394 -0.680833 1.214737 -0.057303 0.097404 -0.235558 0.400405 0.965321 1.338508 0.228537 -0.111362 0.536134 -1.039025
0.259261 0.939394 -0.573777 1.214737 -0.048292 0.097404 -0.198518 0.400405 0.974514 1.301512 0.745977 1.412874 0.520924 -1.110520
0.296295 0.909089 -0.466737 1.122798 -0.039283 0.090032 -0.161484 0.370100 0.956156 1.255727 0.210178 -0.157147 0.479330 -1.159372
0.333335 0.878788 -0.359681 1.030872 -0.030273 0.082661 -0.124444 0.339799 0.939883 1.208250 0.729705 1.365397 0.439016 -1.219737
0.333335 0.818182 -0.359681 0.847008 -0.030273 0.067918 -0.124444 0.279193 0.883479 1.183919 0.153773 -0.181478 0.381283 -1.151500
0.370375 0.787877 -0.252625 0.755069 -0.021262 0.060545 -0.087405 0.248888 0.870590 1.131360 0.716817 1.312838 0.341473 -1.233070
0.407409 0.757576 -0.145585 0.663143 -0.012253 0.053174 -0.050370 0.218587 0.860177 1.077384 0.143360 -0.235454 0.303999 -1.344314
0.407409 0.727271 -0.145585 0.571204 -0.012253 0.045802 -0.050370 0.188282 0.833610 1.060164 0.690250 1.295619 0.274159 -1.309391
0.444449 0.666665 -0.038530 0.387340 -0.003243 0.031059 -0.013331 0.127676 0.801235 0.982788 0.110985 -0.312831 0.209311 -1.466763
0.481483 0.666665 0.068510 0.387340 0.005766 0.031059 0.023703 0.127676 0.822355 0.945309 0.711371 1.258139 0.210226 1.387233
0.481483 0.696970 0.068510 0.479279 0.005766 0.038431 0.023703 0.157981 0.847109 0.966256 0.135738 -0.291883 0.240363 1.421867
0.481483 0.727271 0.068510 0.571204 0.005766 0.045802 0.023703 0.188282 0.872209 0.986003 0.736471 1.277886 0.270532 1.445562
0.481483 0.757576 0.068510 0.663143 0.005766 0.053174 0.023703 0.218587 0.897634 1.004641 0.161163 -0.273245 0.300732 1.462779
0.518523 0.818182 0.175566 0.847008 0.014777 0.067918 0.060743 0.279193 0.968653 1.005930 0.807489 1.279175 0.365486 1.356568
0.555557 0.848483 0.282606 0.938933 0.023786 0.075289 0.097777 0.309494 1.014183 0.991079 0.206694 -0.288096 0.402753 1.264793
0.592597 0.909089 0.389662 1.122798 0.032796 0.090032 0.134817 0.370100 1.085179 0.993116 0.878485 1.281212 0.471016 1.221464
0.629631 0.939394 0.496701 1.214737 0.041805 0.097404 0.171851 0.400405 1.130883 0.980316 0.252398 -0.300897 0.511357 1.165379
0.666670 0.969695 0.603757 1.306662 0.050816 0.104775 0.208891 0.430706 1.176757 0.968505 0.924360 1.269402 0.552895 1.119223
0.703705 1.000000 0.710797 1.398601 0.059825 0.112147 0.245925 0.461011 1.222784 0.957588 0.298424 -0.311813 0.595384 1.080750
0.777778 1.000000 0.924893 1.398601 0.077844 0.112147 0.319999 0.461011 1.266862 0.909753 0.968438 1.221566 0.629605 0.964024
0.814818 1.000000 1.031949 1.398601 0.086855 0.112147 0.357039 0.461011 1.289934 0.887085 0.321496 -0.334481 0.649215 0.911818
0.851852 0.969695 1.138988 1.306662 0.095864 0.104775 0.394073 0.430706 1.290721 0.850002 0.969225 1.184483 0.646027 0.829784
0.888892 0.939394 1.246044 1.214737 0.104874 0.097404 0.431113 0.400405 1.293287 0.813014 0.324062 -0.371469 0.646383 0.748485
0.925926 0.909089 1.353084 1.122798 0.113883 0.090032 0.468147 0.370100 1.297606 0.776223 0.973545 1.147692 0.650263 0.668960
0.962966 0.848483 1.460140 0.938933 0.122894 0.075289 0.505186 0.309494 1.283443 0.722282 0.309899 -0.425410 0.638641 0.549656
1.000000 0.757576 1.567180 0.663143 0.131903 0.053174 0.542221 0.218587 1.254560 0.648332 0.944662 1.073742 0.619582 0.383204
1.000000 0.696970 1.567180 0.479279 0.131903 0.038431 0.542221 0.157981 1.218921 0.608690 0.274259 -0.465052 0.592634 0.283511
1.000000 0.636364 1.567180 0.295414 0.131903 0.023688 0.542221 0.097375 1.185310 0.566730 0.911051 1.031782 0.570873 0.177692
1.000000 0.575759 1.567180 0.111550 0.131903 0.008945 0.542221 0.036769 1.153906 0.522404 0.242854 -0.509378 0.554907 0.067709
1.000000 0.515153 1.567180 -0.072315 0.131903 -0.005799 0.542221 -0.023837 1.124892 0.475696 0.882038 0.985074 0.545247 -0.043933
0.962966 0.363636 1.460140 -0.531983 0.122894 -0.042657 0.505186 -0.175354 1.029337 0.361066 0.147299 -0.624008 0.513884 -0.334095
0.925926 0.303030 1.353084 -0.715848 0.113883 -0.057400 0.468147 -0.235960 0.974252 0.316285 0.826953 0.940293 0.493061 -0.466866
0.814818 0.151513 1.031949 -1.175516 0.086855 -0.094259 0.357039 -0.387477 0.828785 0.183847 0.001832 -0.756447 0.470400 -0.826258
0.740744 0.121212 0.817853 -1.267441 0.068835 -0.101630 0.282965 -0.417777 0.750596 0.162198 0.748764 0.918644 0.439712 -0.975461
0.666670 0.060606 0.603757 -1.451306 0.050816 -0.116373 0.208891 -0.478383 0.669420 0.090659 -0.079344 -0.827985 0.448756 -1.159091
0.592597 0.030301 0.389662 -1.543245 0.032796 -0.123745 0.134817 -0.508689 0.593371 0.051088 0.672715 0.879073 0.448234 -1.311724
0.518523 0.030301 0.175566 -1.543245 0.014777 -0.123745 0.060743 -0.508689 0.519407 0.058370 -0.153307 -0.820702 0.431773 -1.451948
0.333335 0.030301 -0.359681 -1.543245 -0.030273 -0.123745 -0.124444 -0.508689 0.334710 0.090652 0.488017 0.911355 0.445224 1.330871
0.259261 0.060606 -0.573777 -1.451306 -0.048292 -0.116373 -0.198518 -0.478383 0.266251 0.229640 -0.221766 -0.681715 0.444023 1.177446
0.148148 0.121212 -0.894928 -1.267441 -0.075322 -0.101630 -0.309632 -0.417777 0.191416 0.685730 0.413182 1.367444 0.457329 0.932989
0.074074 0.151513 -1.109024 -1.175516 -0.093342 -0.094259 -0.383706 -0.387477 0.168650 1.116071 -0.244532 -0.251373 0.490947 0.790288
0.037040 0.181818 -1.216064 -1.083577 -0.102351 -0.086887 -0.420740 -0.357171 0.185552 1.369827 0.430084 1.621201 0.503167 0.703863
0.000000 0.272729 -1.323120 -0.807773 -0.111361 -0.064771 -0.457779 -0.266260 0.272729 1.570796 -0.157355 -0.050404 0.493767 0.526806
0.000000 0.303030 -1.323120 -0.715848 -0.111361 -0.057400 -0.457779 -0.235960 0.303030 1.570796 0.460385 1.621201 0.483228 0.475926
0.037040 0.333335 -1.216064 -0.623908 -0.102351 -0.050028 -0.420740 -0.205654 0.335386 1.460132 -0.124998 -0.161069 0.438758 0.454641
0.074074 0.333335 -1.109024 -0.623908 -0.093342 -0.050028 -0.383706 -0.205654 0.341466 1.352129 0.466464 1.513198 0.403381 0.492007
0.111114 0.363636 -1.001968 -0.531983 -0.084331 -0.042657 -0.346666 -0.175354 0.380233 1.274244 -0.086231 -0.238954 0.359222 0.468300
0.148148 0.363636 -0.894928 -0.531983 -0.075322 -0.042657 -0.309632 -0.175354 0.392656 1.183921 0.478887 1.422875 0.323628 0.515294
0.259261 0.363636 -0.573777 -0.531983 -0.048292 -0.042657 -0.198518 -0.175354 0.446595 0.951418 -0.032292 -0.471457 0.219710 0.723519
0.370375 0.303030 -0.252625 -0.715848 -0.021262 -0.057400 -0.087405 -0.235960 0.478544 0.685722 0.510836 1.157179 0.177727 1.216046
0.444449 0.272729 -0.038530 -0.807773 -0.003243 -0.064771 -0.013331 -0.266260 0.521455 0.550384 0.010619 -0.606795 0.185530 1.520772
0.518523 0.212118 0.175566 -0.991651 0.014777 -0.079516 0.060743 -0.326871 0.560232 0.388311 0.549613 0.995106 0.253059 -1.387060
0.555557 0.181818 0.282606 -1.083577 0.023786 -0.086887 0.097777 -0.357171 0.584552 0.316285 0.034939 -0.678821 0.292772 -1.303588
0.592597 0.151513 0.389662 -1.175516 0.032796 -0.094259 0.134817 -0.387477 0.611659 0.250313 0.576720 0.929135 0.334627 -1.235961
0.629631 0.121212 0.496701 -1.267441 0.041805 -0.101630 0.171851 -0.417777 0.641192 0.190186 0.064472 -0.738949 0.377903 -1.180547
0.666670 0.090907 0.603757 -1.359380 0.050816 -0.109002 0.208891 -0.448083 0.672840 0.135523 0.608368 0.874472 0.422174 -1.134562
0.703705 0.060606 0.710797 -1.451306 0.059825 -0.116373 0.245925 -0.478383 0.706310 0.085912 0.097942 -0.788560 0.467147 -1.095952
0.703705 0.030301 0.710797 -1.543245 0.059825 -0.123745 0.245925 -0.508689 0.704357 0.043032 0.606415 0.831592 0.493171 -1.120477
0.740744 0.030301 0.817853 -1.543245 0.068835 -0.123745 0.282965 -0.508689 0.741364 0.040883 0.134949 -0.790709 0.512647 -1.063157
0.740744 0.000000 0.817853 -1.635170 0.068835 -0.131116 0.282965 -0.538989 0.740744 0.000000 0.605795 0.790709 0.538174 -1.087356
0.777778 0.000000 0.924893 -1.635170 0.077844 -0.131116 0.319999 -0.538989 0.777778 0.000000 0.171983 -0.790709 0.558535 -1.035021
0.814818 0.000000 1.031949 -1.635170 0.086855 -0.131116 0.357039 -0.538989 0.814818 0.000000 0.642835 0.790709 0.580550 -0.985738
