0.111108 0.551723 -1.102375 0.010045 -0.112246 0.000966 -0.385330 0.003315 0.562799 1.372071 0.562799 1.372071 0.389276 -0.008602
0.074074 0.551723 -1.208325 0.010045 -0.123034 0.000966 -0.422364 0.003315 0.556673 1.437335 -0.006126 0.065265 0.425967 -0.007848
0.037034 0.551723 -1.314290 0.010045 -0.133824 0.000966 -0.459404 0.003315 0.552964 1.503772 0.559090 1.438508 0.462718 -0.007215
0.000000 0.586208 -1.420240 0.114549 -0.144612 0.011011 -0.496438 0.037800 0.586208 1.570796 0.027118 0.132289 0.504489 -0.075996
0.000000 0.620688 -1.420240 0.219038 -0.144612 0.021055 -0.496438 0.072280 0.620688 1.570796 0.593570 1.438508 0.511751 -0.144581
0.000000 0.689653 -1.420240 0.428030 -0.144612 0.041145 -0.496438 0.141245 0.689653 1.570796 0.096083 0.132289 0.532713 -0.277193
0.000000 0.758619 -1.420240 0.637023 -0.144612 0.061234 -0.496438 0.210211 0.758619 1.570796 0.662536 1.438508 0.561417 -0.400547
0.000000 0.827584 -1.420240 0.846016 -0.144612 0.081324 -0.496438 0.279176 0.827584 1.570796 0.165048 0.132289 0.596748 -0.512282
0.037034 0.896549 -1.314290 1.055009 -0.133824 0.101413 -0.459404 0.348141 0.897314 1.529512 0.732266 1.397224 0.609213 -0.648481
0.074074 0.931035 -1.208325 1.159514 -0.123034 0.111459 -0.422364 0.382627 0.933977 1.491403 0.201711 0.094179 0.606025 -0.736074
0.111108 0.965515 -1.102375 1.264002 -0.112246 0.121503 -0.385330 0.417107 0.971887 1.456224 0.770176 1.362045 0.607052 -0.824978
0.148148 0.965515 -0.996410 1.264002 -0.101457 0.121503 -0.348290 0.417107 0.976814 1.418545 0.206639 0.056500 0.584242 -0.875067
0.222222 0.931035 -0.784495 1.159514 -0.079879 0.111459 -0.274216 0.382627 0.957188 1.336498 0.750549 1.279998 0.513876 -0.948971
0.259256 0.896549 -0.678545 1.055009 -0.069091 0.101413 -0.237182 0.348141 0.933281 1.289304 0.182733 0.009306 0.465129 -0.972744
0.296295 0.827584 -0.572580 0.846016 -0.058301 0.081324 -0.200142 0.279176 0.879026 1.226991 0.696293 1.217684 0.386930 -0.948815
0.333330 0.793104 -0.466630 0.741528 -0.047513 0.071280 -0.163108 0.244696 0.860304 1.172926 0.164011 -0.044758 0.338548 -0.982857
0.370369 0.758619 -0.360665 0.637023 -0.036724 0.061234 -0.126069 0.210211 0.844201 1.116621 0.680191 1.161379 0.290916 -1.030579
0.370369 0.724139 -0.360665 0.532535 -0.036724 0.051190 -0.126069 0.175731 0.813357 1.098021 0.133167 -0.063357 0.260271 -0.948489
0.407409 0.758619 -0.254699 0.637023 -0.025934 0.061234 -0.089029 0.210211 0.861095 1.077957 0.727928 1.141315 0.276884 -1.170178
0.407409 0.793104 -0.254699 0.741528 -0.025934 0.071280 -0.089029 0.244696 0.891626 1.096257 0.163697 -0.045057 0.309737 -1.221850
0.407409 0.862069 -0.254699 0.950521 -0.025934 0.091369 -0.089029 0.313661 0.953491 1.129313 0.789794 1.174370 0.376314 -1.294232
0.444443 0.896549 -0.148750 1.055009 -0.015146 0.101413 -0.051995 0.348141 1.000665 1.110573 0.210871 -0.063797 0.403476 -1.422543
0.481483 0.931035 -0.042784 1.159514 -0.004356 0.111459 -0.014955 0.382627 1.048166 1.093524 0.837295 1.157321 0.434854 -1.531731
0.518517 0.965515 0.063165 1.264002 0.006432 0.121503 0.022079 0.417107 1.095937 1.077960 0.258643 -0.079361 0.469596 1.517912
0.555557 1.000000 0.169131 1.368507 0.017221 0.131548 0.059119 0.451592 1.143960 1.063697 0.885317 1.143058 0.507020 1.440624
0.629631 1.000000 0.381046 1.368507 0.038799 0.131548 0.133193 0.451592 1.181708 1.008874 0.296392 -0.134184 0.520879 1.283988
0.666665 1.000000 0.486995 1.368507 0.049587 0.131548 0.170227 0.451592 1.201849 0.982795 0.905458 1.116979 0.531556 1.210319
0.740739 0.931035 0.698910 1.159514 0.071165 0.111459 0.244301 0.382627 1.189756 0.898739 0.284298 -0.218240 0.498555 1.002560
0.888886 0.793104 1.122740 0.741528 0.114320 0.071280 0.392448 0.244696 1.191274 0.728514 0.906975 0.946753 0.491962 0.557528
0.925926 0.724139 1.228706 0.532535 0.125109 0.051190 0.429488 0.175731 1.175464 0.663712 0.268489 -0.283042 0.486115 0.388380
0.962960 0.620688 1.334655 0.219038 0.135897 0.021055 0.466522 0.072280 1.145664 0.572543 0.877175 0.855585 0.482785 0.153711
1.000000 0.517243 1.440621 -0.094444 0.146687 -0.009078 0.503562 -0.031165 1.125851 0.477346 0.248675 -0.378238 0.503992 -0.061811
1.000000 0.413792 1.440621 -0.407941 0.146687 -0.039214 0.503562 -0.134616 1.082231 0.392339 0.833556 0.770578 0.510299 -0.261219
1.000000 0.310347 1.440621 -0.721423 0.146687 -0.069347 0.503562 -0.238061 1.047051 0.300922 0.213495 -0.469656 0.536847 -0.441615
1.000000 0.241381 1.440621 -0.930416 0.146687 -0.089437 0.503562 -0.307027 1.028720 0.236851 0.815225 0.706506 0.564472 -0.547529
0.962960 0.137931 1.334655 -1.243913 0.135897 -0.119572 0.466522 -0.410477 0.972788 0.142268 0.157564 -0.564238 0.588363 -0.721580
0.777778 0.034480 0.804876 -1.557411 0.081954 -0.149707 0.281340 -0.513928 0.778542 0.044302 0.620979 0.608541 0.540886 -1.069927
0.666665 0.000000 0.486995 -1.661899 0.049587 -0.159751 0.170227 -0.548408 0.666665 0.000000 0.045686 -0.608541 0.524812 -1.269824
0.592591 0.000000 0.275080 -1.661899 0.028009 -0.159751 0.096153 -0.548408 0.592591 0.000000 0.546905 0.608541 0.505664 -1.397229
0.518517 0.000000 0.063165 -1.661899 0.006432 -0.159751 0.022079 -0.548408 0.518517 0.000000 -0.028388 -0.608541 0.496929 -1.530558
0.444443 0.034480 -0.148750 -1.557411 -0.015146 -0.149707 -0.051995 -0.513928 0.445779 0.077425 0.474167 0.685966 0.464875 1.469968
0.407409 0.103451 -0.254699 -1.348402 -0.025934 -0.129616 -0.089029 -0.444958 0.420338 0.248668 -0.053828 -0.437298 0.402946 1.373320
0.407409 0.172416 -0.254699 -1.139409 -0.025934 -0.109526 -0.089029 -0.375992 0.442391 0.400346 0.496219 0.837644 0.336030 1.338295
0.407409 0.206896 -0.254699 -1.034920 -0.025934 -0.099482 -0.089029 -0.341512 0.456933 0.469895 -0.039286 -0.367749 0.302920 1.315782
0.444443 0.206896 -0.148750 -1.034920 -0.015146 -0.099482 -0.051995 -0.341512 0.490240 0.435683 0.529526 0.803432 0.294173 1.419708
0.592591 0.241381 0.275080 -0.930416 0.028009 -0.089437 0.096153 -0.307027 0.639866 0.386811 0.110340 -0.416621 0.272579 -1.267297
0.666665 0.206896 0.486995 -1.034920 0.049587 -0.099482 0.170227 -0.341512 0.698031 0.300920 0.587691 0.717541 0.335875 -1.108389
0.814813 0.172416 0.910825 -1.139409 0.092742 -0.109526 0.318375 -0.375992 0.832855 0.208526 0.245163 -0.509015 0.454261 -0.868187
0.851852 0.137931 1.016791 -1.243913 0.103532 -0.119572 0.355414 -0.410477 0.862947 0.160525 0.617783 0.669541 0.504824 -0.857169
0.888886 0.103451 1.122740 -1.348402 0.114320 -0.129616 0.392448 -0.444958 0.894886 0.115861 0.277103 -0.553680 0.555387 -0.848021
0.925926 0.103451 1.228706 -1.348402 0.125109 -0.129616 0.429488 -0.444958 0.931687 0.111265 0.654585 0.664945 0.582150 -0.803087
0.962960 0.068965 1.334655 -1.452906 0.135897 -0.139661 0.466522 -0.479443 0.965427 0.071496 0.310842 -0.593449 0.632753 -0.799056
