0.000000 0.631579 -1.625255 0.597988 -0.112468 0.032223 -0.541986 0.155283 0.631579 1.570796 0.631579 1.570796 0.549341 -0.279033
0.000000 0.657897 -1.625255 0.699337 -0.112468 0.037684 -0.541986 0.181601 0.657897 1.570796 0.026318 0.000000 0.554242 -0.323309
0.000000 0.684211 -1.625255 0.800670 -0.112468 0.043145 -0.541986 0.207915 0.684211 1.570796 0.657893 1.570796 0.560336 -0.366304
0.038461 0.736842 -1.509920 1.003351 -0.104487 0.054066 -0.503524 0.260546 0.737845 1.518646 0.079952 -0.052150 0.539913 -0.477507
0.057694 0.763160 -1.452249 1.104700 -0.100496 0.059527 -0.484292 0.286864 0.765338 1.495342 0.685385 1.547492 0.532407 -0.534766
0.076926 0.789474 -1.394577 1.206033 -0.096505 0.064988 -0.465060 0.313178 0.793213 1.473664 0.107828 -0.073828 0.526812 -0.592660
0.115387 0.815791 -1.279243 1.307382 -0.088524 0.070449 -0.426598 0.339496 0.823911 1.430286 0.716084 1.504115 0.506908 -0.672187
0.134616 0.815791 -1.221580 1.307382 -0.084533 0.070449 -0.407369 0.339496 0.826824 1.407257 0.110740 -0.096858 0.490835 -0.694769
0.153849 0.842105 -1.163908 1.408715 -0.080543 0.075909 -0.388137 0.365810 0.856044 1.390094 0.745304 1.486952 0.490634 -0.755793
0.173078 0.842105 -1.106245 1.408715 -0.076552 0.075909 -0.368908 0.365810 0.859708 1.368089 0.114404 -0.118863 0.475568 -0.781181
0.192310 0.868423 -1.048574 1.510063 -0.072561 0.081371 -0.349676 0.392127 0.889461 1.352866 0.775058 1.471728 0.478366 -0.842564
0.211539 0.868423 -0.990911 1.510063 -0.068571 0.081371 -0.330446 0.392127 0.893816 1.331860 0.118759 -0.139869 0.464496 -0.870555
0.230771 0.894737 -0.933239 1.611396 -0.064580 0.086831 -0.311214 0.418441 0.924018 1.318377 0.805260 1.458246 0.470412 -0.931309
0.250001 0.894737 -0.875576 1.611396 -0.060590 0.086831 -0.291985 0.418441 0.929007 1.298332 0.123748 -0.159913 0.457918 -0.961554
0.269233 0.894737 -0.817905 1.611396 -0.056599 0.086831 -0.272753 0.418441 0.934366 1.278507 0.810619 1.438420 0.445901 -0.993135
0.288462 0.894737 -0.760242 1.611396 -0.052609 0.086831 -0.253523 0.418441 0.940087 1.258919 0.129469 -0.179502 0.434405 -1.026067
0.307694 0.894737 -0.702570 1.611396 -0.048618 0.086831 -0.234291 0.418441 0.946166 1.239572 0.816697 1.419073 0.423469 -1.060373
0.326924 0.894737 -0.644907 1.611396 -0.044628 0.086831 -0.215062 0.418441 0.952593 1.220482 0.135896 -0.198592 0.413141 -1.096043
0.346156 0.894737 -0.587236 1.611396 -0.040637 0.086831 -0.195830 0.418441 0.959363 1.201651 0.823467 1.400243 0.403463 -1.133076
0.365385 0.868423 -0.529573 1.510063 -0.036647 0.081371 -0.176601 0.392127 0.942160 1.172535 0.118692 -0.227708 0.371146 -1.147639
0.384617 0.842105 -0.471901 1.408715 -0.032656 0.075909 -0.157368 0.365810 0.925782 1.142357 0.807089 1.370066 0.338876 -1.164536
0.384617 0.815791 -0.471901 1.307382 -0.032656 0.070449 -0.157368 0.339496 0.901912 1.130236 0.094823 -0.239829 0.315808 -1.136743
0.384617 0.789474 -0.471901 1.206033 -0.032656 0.064988 -0.157368 0.313178 0.878179 1.117456 0.783356 1.357285 0.293283 -1.105160
0.403846 0.763160 -0.414239 1.104700 -0.028665 0.059527 -0.138139 0.286864 0.863426 1.084081 0.080070 -0.273205 0.260769 -1.122018
0.403846 0.736842 -0.414239 1.003351 -0.028665 0.054066 -0.138139 0.260546 0.840255 1.069430 0.760185 1.342635 0.238855 -1.083289
0.403846 0.710528 -0.414239 0.902018 -0.028665 0.048606 -0.138139 0.234233 0.817277 1.053955 0.057092 -0.288680 0.217920 -1.037946
0.403846 0.684211 -0.414239 0.800670 -0.028665 0.043145 -0.138139 0.207915 0.794504 1.037586 0.737411 1.326266 0.198268 -0.984363
0.403846 0.710528 -0.414239 0.902018 -0.028665 0.048606 -0.138139 0.234233 0.817277 1.053955 0.079866 -0.272311 0.217920 -1.037946
0.403846 0.736842 -0.414239 1.003351 -0.028665 0.054066 -0.138139 0.260546 0.840255 1.069430 0.760389 1.341741 0.238855 -1.083289
0.403846 0.763160 -0.414239 1.104700 -0.028665 0.059527 -0.138139 0.286864 0.863426 1.084081 0.103038 -0.257661 0.260769 -1.122018
0.423079 0.789474 -0.356567 1.206033 -0.024674 0.064988 -0.118907 0.313178 0.895692 1.078843 0.792654 1.336504 0.274571 -1.207930
0.442308 0.815791 -0.298904 1.307382 -0.020684 0.070449 -0.099678 0.339496 0.927983 1.073975 0.135328 -0.262529 0.291385 -1.285217
0.461540 0.842105 -0.241232 1.408715 -0.016693 0.075909 -0.080446 0.365810 0.960292 1.069429 0.824963 1.331958 0.310714 -1.354331
0.500001 0.894737 -0.125898 1.611396 -0.008712 0.086831 -0.041984 0.418441 1.024966 1.061203 0.200003 -0.270755 0.355241 -1.470796
0.519231 0.921055 -0.068235 1.712745 -0.004722 0.092292 -0.022755 0.444759 1.057328 1.057469 0.857325 1.328225 0.379751 -1.519679
0.538463 0.947368 -0.010564 1.814078 -0.000731 0.097753 -0.003523 0.471073 1.089701 1.053953 0.232376 -0.274271 0.405398 -1.563318
0.576924 0.947368 0.104771 1.814078 0.007250 0.097753 0.034939 0.471073 1.109211 1.023803 0.876835 1.298075 0.406886 1.496763
0.615386 0.973686 0.220105 1.915427 0.015231 0.103214 0.073400 0.497390 1.151853 1.007167 0.275018 -0.290907 0.437896 1.424283
0.653847 0.973686 0.335440 1.915427 0.023212 0.103214 0.111862 0.497390 1.172852 0.979443 0.897834 1.270350 0.445958 1.349580
0.692309 1.000000 0.450774 2.016760 0.031194 0.108674 0.150323 0.523704 1.216261 0.965251 0.318428 -0.305099 0.482052 1.291273
0.730770 1.000000 0.566109 2.016760 0.039175 0.108674 0.188784 0.523704 1.238558 0.939716 0.920130 1.244816 0.495396 1.224817
0.750002 1.000000 0.623780 2.016760 0.043166 0.108674 0.208017 0.523704 1.250001 0.927294 0.329871 -0.317522 0.503039 1.192704
0.788464 1.000000 0.739115 2.016760 0.051147 0.108674 0.246478 0.523704 1.273450 0.903129 0.943579 1.220651 0.520124 1.130909
0.846154 0.973686 0.912112 1.915427 0.063118 0.103214 0.304169 0.497390 1.289977 0.855362 0.346399 -0.365289 0.528095 1.021943
0.865386 0.973686 0.969784 1.915427 0.067109 0.103214 0.323401 0.497390 1.302674 0.844218 0.956275 1.209507 0.539401 0.994284
0.884616 0.947368 1.027446 1.814078 0.071099 0.097753 0.342630 0.471073 1.296168 0.819639 0.339893 -0.389869 0.530783 0.941956
0.903848 0.921055 1.085118 1.712745 0.075090 0.092292 0.361862 0.444759 1.290458 0.794827 0.950565 1.184695 0.524059 0.887809
0.923077 0.894737 1.142781 1.611396 0.079081 0.086831 0.381092 0.418441 1.285545 0.769809 0.334980 -0.414886 0.519292 0.832078
0.961539 0.842105 1.258115 1.408715 0.087062 0.075909 0.419553 0.365810 1.278162 0.719277 0.943182 1.134163 0.515845 0.717073
0.980771 0.815791 1.315787 1.307382 0.091053 0.070449 0.438785 0.339496 1.275706 0.693824 0.332524 -0.440339 0.517206 0.658508
0.980771 0.789474 1.315787 1.206033 0.091053 0.064988 0.438785 0.313178 1.259039 0.677753 0.926515 1.118092 0.503769 0.619887
1.000000 0.710528 1.373450 0.902018 0.095043 0.048606 0.458014 0.234233 1.226723 0.617757 0.300209 -0.500335 0.488041 0.472733
1.000000 0.684211 1.373450 0.800670 0.095043 0.043145 0.458014 0.207915 1.211670 0.600050 0.911461 1.100385 0.479588 0.426132
1.000000 0.657897 1.373450 0.699337 0.095043 0.037684 0.458014 0.181601 1.197008 0.581907 0.285547 -0.518479 0.472454 0.377482
1.000000 0.631579 1.373450 0.597988 0.095043 0.032223 0.458014 0.155283 1.182748 0.563316 0.897201 1.081795 0.466695 0.326874
1.000000 0.605265 1.373450 0.496655 0.095043 0.026763 0.458014 0.128969 1.168908 0.544282 0.271707 -0.537513 0.462365 0.274477
1.000000 0.552634 1.373450 0.293973 0.095043 0.015841 0.458014 0.076338 1.142543 0.504863 0.870836 1.042376 0.458138 0.165153
1.000000 0.526316 1.373450 0.192625 0.095043 0.010380 0.458014 0.050020 1.130048 0.484478 0.259212 -0.557898 0.458282 0.108780
1.000000 0.500002 1.373450 0.091292 0.095043 0.004919 0.458014 0.023706 1.118035 0.463649 0.858823 1.021547 0.459935 0.051713
0.980771 0.473684 1.315787 -0.010057 0.091053 -0.000542 0.438785 -0.002612 1.089168 0.449932 0.230346 -0.571615 0.444069 -0.005952
0.961539 0.421053 1.258115 -0.212738 0.087062 -0.011464 0.419553 -0.055243 1.049686 0.412742 0.819341 0.984357 0.436634 -0.130918
0.942309 0.394739 1.200453 -0.314072 0.083071 -0.016924 0.400324 -0.081557 1.021648 0.396697 0.202308 -0.587659 0.426545 -0.200977
0.942309 0.368421 1.200453 -0.415420 0.083071 -0.022385 0.400324 -0.107875 1.011771 0.372704 0.809463 0.960363 0.436330 -0.263216
0.903848 0.315789 1.085118 -0.618102 0.075090 -0.033307 0.361862 -0.160506 0.957426 0.336125 0.147962 -0.624237 0.426742 -0.417482
0.884616 0.289472 1.027446 -0.719450 0.071099 -0.038768 0.342630 -0.186824 0.930773 0.316246 0.782811 0.940484 0.425627 -0.499200
0.865386 0.263158 0.969784 -0.820783 0.067109 -0.044228 0.323401 -0.213138 0.904514 0.295208 0.121703 -0.645276 0.427005 -0.582712
0.826925 0.236840 0.854449 -0.922132 0.059128 -0.049690 0.284939 -0.239456 0.860173 0.278943 0.738470 0.924220 0.417498 -0.698879
0.826925 0.210526 0.854449 -1.023465 0.059128 -0.055150 0.284939 -0.265769 0.853303 0.249293 0.114833 -0.674926 0.437099 -0.750602
0.788464 0.184209 0.739115 -1.124814 0.051147 -0.060611 0.246478 -0.292087 0.809696 0.229513 0.694863 0.904439 0.434460 -0.869883
0.769231 0.157895 0.681443 -1.226147 0.047156 -0.066072 0.227246 -0.318401 0.785269 0.202451 0.090406 -0.701988 0.446281 -0.950928
0.750002 0.131577 0.623780 -1.327495 0.043166 -0.071533 0.208017 -0.344719 0.761456 0.173668 0.671050 0.875657 0.460115 -1.027852
0.730770 0.131577 0.566109 -1.327495 0.039175 -0.071533 0.188784 -0.344719 0.742521 0.178144 0.071471 -0.697513 0.451746 -1.069761
0.730770 0.105263 0.566109 -1.428828 0.039175 -0.076993 0.188784 -0.371033 0.738312 0.143060 0.666842 0.840573 0.475779 -1.100127
0.711541 0.105263 0.508446 -1.428828 0.035185 -0.076993 0.169555 -0.371033 0.719285 0.146872 0.052443 -0.693701 0.468482 -1.142151
0.692309 0.105263 0.450774 -1.428828 0.031194 -0.076993 0.150323 -0.371033 0.700265 0.150891 0.647822 0.844592 0.461870 -1.185860
0.692309 0.078945 0.450774 -1.530177 0.031194 -0.082454 0.150323 -0.397350 0.696795 0.113542 0.048973 -0.731050 0.486830 -1.209124
0.673079 0.078945 0.393111 -1.530177 0.027203 -0.082454 0.131094 -0.397350 0.677693 0.116756 0.628720 0.847807 0.481240 -1.252121
0.653847 0.052632 0.335440 -1.631510 0.023212 -0.087915 0.111862 -0.423664 0.655962 0.080322 0.027242 -0.767485 0.501976 -1.312654
0.634615 0.052632 0.277768 -1.631510 0.019222 -0.087915 0.092629 -0.423664 0.636794 0.082745 0.609552 0.850230 0.498044 -1.355545
0.615386 0.052632 0.220105 -1.631510 0.015231 -0.087915 0.073400 -0.423664 0.617632 0.085319 0.008080 -0.764912 0.494828 -1.399248
0.596154 0.052632 0.162434 -1.631510 0.011240 -0.087915 0.054168 -0.423664 0.598472 0.088057 0.590392 0.852969 0.492343 -1.443630
0.596154 0.078945 0.162434 -1.530177 0.011240 -0.082454 0.054168 -0.397350 0.601358 0.131659 0.010966 -0.721310 0.466198 -1.435309
0.576924 0.078945 0.104771 -1.530177 0.007250 -0.082454 0.034939 -0.397350 0.582301 0.135994 0.571335 0.857304 0.464356 -1.483093
0.576924 0.105263 0.104771 -1.428828 0.007250 -0.076993 0.034939 -0.371033 0.586449 0.180471 0.015114 -0.676833 0.438118 -1.476907
0.576924 0.131577 0.104771 -1.327495 0.007250 -0.071533 0.034939 -0.344719 0.591738 0.224231 0.576624 0.901064 0.411893 -1.469787
0.557692 0.131577 0.047099 -1.327495 0.003259 -0.071533 0.015707 -0.344719 0.573004 0.231694 -0.003621 -0.669370 0.410709 -1.525264
0.557692 0.184209 0.047099 -1.124814 0.003259 -0.060611 0.015707 -0.292087 0.587327 0.319023 0.590948 0.988393 0.358122 -1.517075
0.557692 0.210526 0.047099 -1.023465 0.003259 -0.055150 0.015707 -0.265769 0.596106 0.360957 0.005158 -0.627436 0.331831 -1.511767
0.557692 0.236840 0.047099 -0.922132 0.003259 -0.049690 0.015707 -0.239456 0.605899 0.401599 0.600741 1.029035 0.305549 -1.505297
0.557692 0.263158 0.047099 -0.820783 0.003259 -0.044228 0.015707 -0.213138 0.616662 0.440891 0.015921 -0.588144 0.279270 -1.497237
0.557692 0.289472 0.047099 -0.719450 0.003259 -0.038768 0.015707 -0.186824 0.628343 0.478773 0.612422 1.066917 0.253002 -1.486922
0.557692 0.315789 0.047099 -0.618102 0.003259 -0.033307 0.015707 -0.160506 0.640893 0.515229 0.028471 -0.551688 0.226741 -1.473251
0.557692 0.342103 0.047099 -0.516769 0.003259 -0.027846 0.015707 -0.134192 0.654259 0.550234 0.625788 1.101922 0.200498 -1.454282
0.557692 0.315789 0.047099 -0.618102 0.003259 -0.033307 0.015707 -0.160506 0.640893 0.515229 0.015105 -0.586694 0.226741 -1.473251
0.557692 0.289472 0.047099 -0.719450 0.003259 -0.038768 0.015707 -0.186824 0.628343 0.478773 0.613238 1.065467 0.253002 -1.486922
0.557692 0.263158 0.047099 -0.820783 0.003259 -0.044228 0.015707 -0.213138 0.616662 0.440891 0.003425 -0.624576 0.279270 -1.497237
0.557692 0.236840 0.047099 -0.922132 0.003259 -0.049690 0.015707 -0.239456 0.605899 0.401599 0.602475 1.026175 0.305549 -1.505297
0.557692 0.210526 0.047099 -1.023465 0.003259 -0.055150 0.015707 -0.265769 0.596106 0.360957 -0.006369 -0.665218 0.331831 -1.511767
0.557692 0.184209 0.047099 -1.124814 0.003259 -0.060611 0.015707 -0.292087 0.587327 0.319023 0.593696 0.984241 0.358122 -1.517075
0.557692 0.157895 0.047099 -1.226147 0.003259 -0.066072 0.015707 -0.318401 0.579613 0.275901 -0.014083 -0.708339 0.384412 -1.521507
0.538463 0.105263 -0.010564 -1.428828 -0.000731 -0.076993 -0.003523 -0.371033 0.548655 0.193054 0.562738 0.901393 0.436737 1.561302
0.519231 0.105263 -0.068235 -1.428828 -0.004722 -0.076993 -0.022755 -0.371033 0.529793 0.200018 -0.032945 -0.701375 0.437315 1.509545
0.500001 0.078945 -0.125898 -1.530177 -0.008712 -0.082454 -0.041984 -0.397350 0.506195 0.156598 0.539141 0.857972 0.464940 1.465527
0.461540 0.026314 -0.241232 -1.732858 -0.016693 -0.093376 -0.080446 -0.449982 0.462290 0.056951 -0.076851 -0.801021 0.521909 1.393890
0.442308 0.026314 -0.298904 -1.732858 -0.020684 -0.093376 -0.099678 -0.449982 0.443090 0.059422 0.519941 0.860443 0.525217 1.352801
0.403846 0.000000 -0.414239 -1.834192 -0.028665 -0.098836 -0.138139 -0.476296 0.403846 0.000000 -0.116095 -0.860443 0.559313 1.288513
0.384617 0.000000 -0.471901 -1.834192 -0.032656 -0.098836 -0.157368 -0.476296 0.384617 0.000000 0.500712 0.860443 0.564370 1.251687
0.365385 0.000000 -0.529573 -1.834192 -0.036647 -0.098836 -0.176601 -0.476296 0.365385 0.000000 -0.135327 -0.860443 0.570032 1.215731
0.346156 0.000000 -0.587236 -1.834192 -0.040637 -0.098836 -0.195830 -0.476296 0.346156 0.000000 0.481483 0.860443 0.576279 1.180713
0.288462 0.000000 -0.760242 -1.834192 -0.052609 -0.098836 -0.253523 -0.476296 0.288462 0.000000 -0.193020 -0.860443 0.598350 1.081658
0.269233 0.026314 -0.817905 -1.732858 -0.056599 -0.093376 -0.272753 -0.449982 0.270516 0.097427 0.463536 0.957870 0.583362 1.025873
0.230771 0.052632 -0.933239 -1.631510 -0.064580 -0.087915 -0.311214 -0.423664 0.236697 0.224233 -0.226839 -0.733637 0.579932 0.937239
0.211539 0.078945 -0.990911 -1.530177 -0.068571 -0.082454 -0.330446 -0.397350 0.225790 0.357187 0.452629 1.090824 0.568859 0.877067
0.211539 0.131577 -0.990911 -1.327495 -0.068571 -0.071533 -0.330446 -0.344719 0.249121 0.556437 -0.203508 -0.534387 0.526906 0.806534
0.211539 0.184209 -0.990911 -1.124814 -0.068571 -0.060611 -0.330446 -0.292087 0.280503 0.716447 0.484011 1.250833 0.487031 0.723858
0.230771 0.236840 -0.933239 -0.922132 -0.064580 -0.049690 -0.311214 -0.239456 0.330679 0.798375 -0.153331 -0.452458 0.435853 0.655817
0.269233 0.289472 -0.817905 -0.719450 -0.056599 -0.038768 -0.272753 -0.186824 0.395323 0.821607 0.548654 1.274065 0.371695 0.600559
0.307694 0.342103 -0.702570 -0.516769 -0.048618 -0.027846 -0.234291 -0.134192 0.460120 0.838302 -0.088534 -0.435763 0.307970 0.520148
0.365385 0.368421 -0.529573 -0.415420 -0.036647 -0.022385 -0.176601 -0.107875 0.518884 0.789536 0.607418 1.225298 0.247613 0.548352
0.384617 0.394739 -0.471901 -0.314072 -0.032656 -0.016924 -0.157368 -0.081557 0.551134 0.798385 -0.056284 -0.426914 0.215514 0.478144
0.423079 0.394739 -0.356567 -0.314072 -0.024674 -0.016924 -0.118907 -0.081557 0.578631 0.750759 0.634915 1.177673 0.189263 0.601192
0.442308 0.394739 -0.298904 -0.314072 -0.020684 -0.016924 -0.099678 -0.081557 0.592836 0.728630 -0.042079 -0.449043 0.177812 0.685744
0.480769 0.394739 -0.183570 -0.314072 -0.012703 -0.016924 -0.061216 -0.081557 0.622059 0.687449 0.664138 1.136492 0.159465 0.926914
0.500001 0.394739 -0.125898 -0.314072 -0.008712 -0.016924 -0.041984 -0.081557 0.637040 0.668290 -0.027098 -0.468202 0.153115 1.095392
0.519231 0.368421 -0.068235 -0.415420 -0.004722 -0.022385 -0.022755 -0.107875 0.636659 0.617108 0.663757 1.085310 0.175050 1.362906
0.519231 0.342103 -0.068235 -0.516769 -0.004722 -0.027846 -0.022755 -0.134192 0.621800 0.582582 -0.041957 -0.502727 0.201173 1.402825
0.538463 0.315789 -0.010564 -0.618102 -0.000731 -0.033307 -0.003523 -0.160506 0.624232 0.530408 0.666188 1.033135 0.226224 1.548852
0.538463 0.263158 -0.010564 -0.820783 -0.000731 -0.044228 -0.003523 -0.213138 0.599328 0.454583 -0.066860 -0.578551 0.278850 1.554270
0.557692 0.263158 0.047099 -0.820783 0.003259 -0.044228 0.015707 -0.213138 0.616662 0.440891 0.683523 1.019442 0.279270 -1.497237
0.557692 0.210526 0.047099 -1.023465 0.003259 -0.055150 0.015707 -0.265769 0.596106 0.360957 -0.087417 -0.658486 0.331831 -1.511767
0.557692 0.184209 0.047099 -1.124814 0.003259 -0.060611 0.015707 -0.292087 0.587327 0.319023 0.674744 0.977508 0.358122 -1.517075
