0.026314 0.512820 -1.394378 0.120962 -0.077504 0.006885 -0.461108 0.040961 0.513494 1.519529 0.513494 1.519529 0.461807 -0.088599
0.026314 0.538462 -1.394378 0.196688 -0.077504 0.011195 -0.461108 0.066604 0.539105 1.521967 0.025611 0.002437 0.463924 -0.143451
0.026314 0.564101 -1.394378 0.272403 -0.077504 0.015504 -0.461108 0.092243 0.564715 1.524183 0.539104 1.521745 0.467440 -0.197440
0.026314 0.589744 -1.394378 0.348129 -0.077504 0.019815 -0.461108 0.117886 0.590331 1.526207 0.051227 0.004462 0.472324 -0.250297
0.026314 0.615383 -1.394378 0.423844 -0.077504 0.024124 -0.461108 0.143525 0.615946 1.528062 0.564719 1.523601 0.478534 -0.301756
0.026314 0.641026 -1.394378 0.499570 -0.077504 0.028434 -0.461108 0.169168 0.641566 1.529770 0.076848 0.006169 0.486019 -0.351626
0.052632 0.666665 -1.314794 0.575285 -0.073081 0.032744 -0.434790 0.194807 0.668740 1.492012 0.591892 1.485843 0.470288 -0.421230
0.052632 0.692308 -1.314794 0.651011 -0.073081 0.037054 -0.434790 0.220450 0.694306 1.494919 0.102414 0.009076 0.480646 -0.469252
0.052632 0.717947 -1.314794 0.726725 -0.073081 0.041363 -0.434790 0.246089 0.719874 1.497619 0.617460 1.488543 0.492122 -0.515040
0.078945 0.743590 -1.235221 0.802452 -0.068658 0.045673 -0.408476 0.271732 0.747769 1.465025 0.130309 -0.023518 0.482157 -0.587009
0.078945 0.769229 -1.235221 0.878166 -0.068658 0.049983 -0.408476 0.297371 0.773270 1.468525 0.642961 1.492043 0.496254 -0.629272
0.105263 0.794872 -1.155637 0.953893 -0.064234 0.054293 -0.382158 0.323014 0.801812 1.439135 0.158851 -0.052909 0.490480 -0.701721
0.105263 0.820511 -1.155637 1.029607 -0.064234 0.058603 -0.382158 0.348653 0.827236 1.443204 0.668385 1.496112 0.506946 -0.739583
0.131577 0.846154 -1.076065 1.105333 -0.059811 0.062913 -0.355845 0.374296 0.856323 1.416532 0.187939 -0.079581 0.505286 -0.810663
0.157895 0.846154 -0.996480 1.105333 -0.055388 0.062913 -0.329527 0.374296 0.860760 1.386315 0.672821 1.465896 0.487111 -0.848921
0.184209 0.846154 -0.916908 1.105333 -0.050965 0.062913 -0.303213 0.374296 0.865973 1.356440 0.193152 -0.109456 0.469710 -0.889933
0.210526 0.871793 -0.837324 1.181048 -0.046541 0.067222 -0.276895 0.399935 0.896853 1.333846 0.703701 1.443302 0.473722 -0.965222
0.236840 0.871793 -0.757752 1.181048 -0.042118 0.067222 -0.250581 0.399935 0.903392 1.305529 0.199691 -0.137774 0.458838 -1.011079
0.263158 0.871793 -0.678167 1.181048 -0.037695 0.067222 -0.224264 0.399935 0.910646 1.277636 0.710955 1.415409 0.445012 -1.059737
0.289476 0.897436 -0.598583 1.256774 -0.033271 0.071532 -0.197946 0.425578 0.942968 1.258774 0.232013 -0.156635 0.455296 -1.135438
0.315789 0.897436 -0.519011 1.256774 -0.028848 0.071532 -0.171632 0.425578 0.951375 1.232448 0.719362 1.389083 0.444488 -1.187455
0.342107 0.897436 -0.439427 1.256774 -0.024425 0.071532 -0.145314 0.425578 0.960432 1.206597 0.241069 -0.182486 0.435004 -1.241757
0.368421 0.897436 -0.359854 1.256774 -0.020002 0.071532 -0.119000 0.425578 0.970116 1.181249 0.729047 1.363735 0.426935 -1.298139
0.394739 0.897436 -0.280270 1.256774 -0.015578 0.071532 -0.092683 0.425578 0.980413 1.156414 0.251366 -0.207321 0.420359 -1.356364
0.421053 0.897436 -0.200698 1.256774 -0.011155 0.071532 -0.066369 0.425578 0.991301 1.132113 0.739934 1.339434 0.415351 -1.416092
0.447370 0.871793 -0.121113 1.181048 -0.006732 0.067222 -0.040051 0.399935 0.979879 1.096675 0.239945 -0.242759 0.386453 -1.470985
0.473684 0.846154 -0.041541 1.105333 -0.002309 0.062913 -0.013737 0.374296 0.969718 1.060454 0.729773 1.303213 0.358996 -1.534111
0.500002 0.820511 0.038043 1.029607 0.002115 0.058603 0.012580 0.348653 0.960854 1.023509 0.231081 -0.279704 0.333327 1.534729
0.500002 0.794872 0.038043 0.953893 0.002115 0.054293 0.012580 0.323014 0.939055 1.009301 0.707974 1.289005 0.307708 1.531869
0.500002 0.769229 0.038043 0.878166 0.002115 0.049983 0.012580 0.297371 0.917451 0.994418 0.209477 -0.294586 0.282088 1.528516
0.500002 0.743590 0.038043 0.802452 0.002115 0.045673 0.012580 0.271732 0.896063 0.978824 0.686586 1.273410 0.256477 1.524532
0.526316 0.717947 0.117615 0.726725 0.006537 0.041363 0.038894 0.246089 0.890200 0.938210 0.203615 -0.335201 0.233784 1.414043
0.526316 0.692308 0.117615 0.651011 0.006537 0.037054 0.038894 0.220450 0.869655 0.920778 0.666040 1.255979 0.208546 1.396162
0.526316 0.666665 0.117615 0.575285 0.006537 0.032744 0.038894 0.194807 0.849383 0.902506 0.183343 -0.353473 0.183415 1.373732
0.526316 0.641026 0.117615 0.499570 0.006537 0.028434 0.038894 0.169168 0.829411 0.883350 0.646068 1.236823 0.158453 1.344808
0.526316 0.615383 0.117615 0.423844 0.006537 0.024124 0.038894 0.143525 0.809756 0.863254 0.163688 -0.373569 0.133742 1.306159
0.526316 0.589744 0.117615 0.348129 0.006537 0.019815 0.038894 0.117886 0.790447 0.842170 0.626759 1.215739 0.109466 1.252110
0.526316 0.564101 0.117615 0.272403 0.006537 0.015504 0.038894 0.092243 0.771504 0.820037 0.144745 -0.395702 0.085980 1.171766
0.526316 0.538462 0.117615 0.196688 0.006537 0.011195 0.038894 0.066604 0.752961 0.796805 0.608216 1.192507 0.064171 1.042251
0.526316 0.564101 0.117615 0.272403 0.006537 0.015504 0.038894 0.092243 0.771504 0.820037 0.163288 -0.372471 0.085980 1.171766
0.526316 0.589744 0.117615 0.348129 0.006537 0.019815 0.038894 0.117886 0.790447 0.842170 0.627159 1.214640 0.109466 1.252110
0.526316 0.615383 0.117615 0.423844 0.006537 0.024124 0.038894 0.143525 0.809756 0.863254 0.182597 -0.351387 0.133742 1.306159
0.526316 0.641026 0.117615 0.499570 0.006537 0.028434 0.038894 0.169168 0.829411 0.883350 0.646814 1.234737 0.158453 1.344808
0.526316 0.666665 0.117615 0.575285 0.006537 0.032744 0.038894 0.194807 0.849383 0.902506 0.202569 -0.332231 0.183415 1.373732
0.526316 0.692308 0.117615 0.651011 0.006537 0.037054 0.038894 0.220450 0.869655 0.920778 0.667086 1.253009 0.208546 1.396162
0.552634 0.717947 0.197200 0.726725 0.010961 0.041363 0.065212 0.246089 0.906009 0.914780 0.238923 -0.338229 0.239572 1.311756
0.552634 0.743590 0.197200 0.802452 0.010961 0.045673 0.065212 0.271732 0.926461 0.931664 0.687538 1.269892 0.264339 1.335264
0.552634 0.769229 0.197200 0.878166 0.010961 0.049983 0.065212 0.297371 0.947163 0.947811 0.259625 -0.322081 0.289255 1.354918
0.578947 0.794872 0.276772 0.953893 0.015384 0.054293 0.091526 0.323014 0.983363 0.941294 0.723738 1.263375 0.320785 1.294684
0.578947 0.820511 0.276772 1.029607 0.015384 0.058603 0.091526 0.348653 1.004201 0.956326 0.280463 -0.307049 0.345436 1.314076
0.605265 0.846154 0.356356 1.105333 0.019808 0.062913 0.117844 0.374296 1.040347 0.949867 0.759885 1.256916 0.377593 1.265780
0.605265 0.871793 0.356356 1.181048 0.019808 0.067222 0.117844 0.399935 1.061305 0.963922 0.301421 -0.292994 0.402031 1.284248
0.631579 0.897436 0.435928 1.256774 0.024230 0.071532 0.144157 0.425578 1.097399 0.957552 0.795978 1.250545 0.434619 1.244193
0.657897 0.923075 0.515513 1.332489 0.028654 0.075842 0.170475 0.451217 1.133532 0.951582 0.337555 -0.298963 0.467820 1.209562
0.657897 0.948718 0.515513 1.408215 0.028654 0.080152 0.170475 0.476859 1.154510 0.964474 0.816956 1.263437 0.491789 1.227459
0.684211 0.974357 0.595085 1.483930 0.033077 0.084461 0.196789 0.502499 1.190595 0.958584 0.373639 -0.304853 0.525197 1.197534
0.710528 0.974357 0.674669 1.483930 0.037500 0.084461 0.223107 0.502499 1.205911 0.940722 0.832272 1.245576 0.535615 1.152947
0.736842 0.974357 0.754242 1.483930 0.041923 0.084461 0.249421 0.502499 1.221601 0.923317 0.389328 -0.322258 0.547099 1.110064
0.789474 1.000000 0.913398 1.559656 0.050770 0.088772 0.302052 0.528141 1.274076 0.902507 0.884747 1.224765 0.594956 1.051283
0.815791 1.000000 0.992982 1.559656 0.055193 0.088772 0.328370 0.528141 1.290549 0.886500 0.405801 -0.338265 0.608739 1.014540
0.842105 1.000000 1.072555 1.559656 0.059616 0.088772 0.354684 0.528141 1.307341 0.870903 0.901540 1.209168 0.623328 0.979407
0.868423 1.000000 1.152139 1.559656 0.064040 0.088772 0.381002 0.528141 1.324447 0.855703 0.422906 -0.353465 0.638670 0.945851
0.894737 0.974357 1.231711 1.483930 0.068463 0.084461 0.407315 0.502499 1.322848 0.827971 0.899941 1.181436 0.634832 0.889637
0.921055 0.948718 1.311295 1.408215 0.072886 0.080152 0.433633 0.476859 1.322274 0.800192 0.422333 -0.381244 0.633113 0.832838
0.921055 0.923075 1.311295 1.332489 0.072886 0.075842 0.433633 0.451217 1.303997 0.786494 0.881665 1.167737 0.614680 0.805267
0.947368 0.897436 1.390868 1.256774 0.077309 0.071532 0.459947 0.425578 1.304952 0.758338 0.423287 -0.409399 0.616168 0.746605
0.947368 0.871793 1.390868 1.181048 0.077309 0.067222 0.459947 0.399935 1.287451 0.743878 0.864164 1.153277 0.599410 0.715720
0.973686 0.846154 1.470452 1.105333 0.081733 0.062913 0.486265 0.374296 1.289977 0.715434 0.425813 -0.437843 0.604270 0.656013
0.973686 0.820511 1.470452 1.029607 0.081733 0.058603 0.486265 0.348653 1.273304 0.700232 0.847491 1.138076 0.589408 0.622046
0.973686 0.794872 1.470452 0.953893 0.081733 0.054293 0.486265 0.323014 1.256935 0.684633 0.409444 -0.453442 0.575308 0.586345
1.000000 0.743590 1.550024 0.802452 0.086156 0.045673 0.512579 0.271732 1.246165 0.639386 0.836721 1.092828 0.573026 0.487458
1.000000 0.717947 1.550024 0.726725 0.086156 0.041363 0.512579 0.246089 1.231035 0.622670 0.394315 -0.470158 0.562031 0.447601
1.000000 0.692308 1.550024 0.651011 0.086156 0.037054 0.512579 0.220450 1.216261 0.605545 0.821946 1.075704 0.552010 0.406166
1.000000 0.666665 1.550024 0.575285 0.086156 0.032744 0.512579 0.194807 1.201850 0.588002 0.379904 -0.487702 0.543015 0.363193
1.000000 0.641026 1.550024 0.499570 0.086156 0.028434 0.512579 0.169168 1.187819 0.570041 0.807916 1.057743 0.535099 0.318777
1.000000 0.615383 1.550024 0.423844 0.086156 0.024124 0.512579 0.143525 1.174179 0.551654 0.366264 -0.506089 0.528310 0.273014
1.000000 0.589744 1.550024 0.348129 0.086156 0.019815 0.512579 0.117886 1.160947 0.532844 0.794684 1.038933 0.522692 0.226055
1.000000 0.564101 1.550024 0.272403 0.086156 0.015504 0.512579 0.092243 1.148133 0.513605 0.353450 -0.525328 0.518282 0.178053
1.000000 0.538462 1.550024 0.196688 0.086156 0.011195 0.512579 0.066604 1.135756 0.493942 0.782306 1.019270 0.515113 0.129215
1.000000 0.512820 1.550024 0.120962 0.086156 0.006885 0.512579 0.040961 1.123826 0.473851 0.341519 -0.545419 0.513207 0.079742
1.000000 0.487180 1.550024 0.045247 0.086156 0.002575 0.512579 0.015322 1.112360 0.453339 0.770841 0.998759 0.512579 0.029883
1.000000 0.461538 1.550024 -0.030479 0.086156 -0.001735 0.512579 -0.010321 1.101370 0.432407 0.330530 -0.566352 0.513232 -0.020133
1.000000 0.435899 1.550024 -0.106194 0.086156 -0.006044 0.512579 -0.035960 1.090875 0.411065 0.760345 0.977417 0.515161 -0.070040
1.000000 0.410256 1.550024 -0.181920 0.086156 -0.010354 0.512579 -0.061603 1.080884 0.389316 0.320539 -0.588101 0.518354 -0.119609
1.000000 0.384613 1.550024 -0.257646 0.086156 -0.014665 0.512579 -0.087246 1.071414 0.367171 0.750875 0.955273 0.522787 -0.168594
1.000000 0.358974 1.550024 -0.333361 0.086156 -0.018974 0.512579 -0.112885 1.062479 0.344647 0.311605 -0.610626 0.528427 -0.216769
1.000000 0.333331 1.550024 -0.409087 0.086156 -0.023284 0.512579 -0.138528 1.054092 0.321748 0.742487 0.932374 0.535239 -0.263951
1.000000 0.282049 1.550024 -0.560528 0.086156 -0.031904 0.512579 -0.189810 1.039015 0.274908 0.296527 -0.657467 0.552191 -0.354647
1.000000 0.256410 1.550024 -0.636242 0.086156 -0.036213 0.512579 -0.215449 1.032350 0.251002 0.735822 0.908469 0.562231 -0.397903
0.973686 0.230767 1.470452 -0.711969 0.081733 -0.040523 0.486265 -0.241092 1.000659 0.232710 0.264837 -0.675760 0.549841 -0.460285
0.973686 0.205128 1.470452 -0.787683 0.081733 -0.044833 0.486265 -0.266731 0.995059 0.207635 0.730222 0.883395 0.562266 -0.501714
0.947368 0.179485 1.390868 -0.863410 0.077309 -0.049143 0.459947 -0.292374 0.964221 0.187237 0.233998 -0.696158 0.553513 -0.566234
0.947368 0.153846 1.390868 -0.939124 0.077309 -0.053453 0.459947 -0.318013 0.959779 0.160988 0.725780 0.857145 0.568176 -0.604939
0.947368 0.128203 1.390868 -1.014850 0.077309 -0.057763 0.459947 -0.343656 0.956004 0.134508 0.230223 -0.722637 0.583600 -0.641683
0.921055 0.102564 1.311295 -1.090565 0.072886 -0.062072 0.433633 -0.369295 0.926748 0.110898 0.696524 0.833535 0.579787 -0.705439
0.894737 0.076921 1.231711 -1.166291 0.068463 -0.066382 0.407315 -0.394938 0.898037 0.085760 0.201513 -0.747775 0.578288 -0.769971
0.868423 0.051282 1.152139 -1.242006 0.064040 -0.070692 0.381002 -0.420577 0.869936 0.058983 0.668423 0.806758 0.579120 -0.834730
0.842105 0.051282 1.072555 -1.242006 0.059616 -0.070692 0.354684 -0.420577 0.843665 0.060822 0.175242 -0.745936 0.562155 -0.870189
0.815791 0.051282 0.992982 -1.242006 0.055193 -0.070692 0.328370 -0.420577 0.817402 0.062779 0.642159 0.808715 0.545935 -0.907897
0.789474 0.025639 0.913398 -1.317732 0.050770 -0.075002 0.302052 -0.446220 0.789890 0.032465 0.147731 -0.776251 0.551796 -0.975733
0.763160 0.025639 0.833826 -1.317732 0.046347 -0.075002 0.275738 -0.446220 0.763590 0.033583 0.615860 0.809834 0.537843 -1.017288
0.736842 0.025639 0.754242 -1.317732 0.041923 -0.075002 0.249421 -0.446220 0.737288 0.034782 0.121428 -0.775052 0.524837 -1.061097
0.710528 0.025639 0.674669 -1.317732 0.037500 -0.075002 0.223107 -0.446220 0.710991 0.036069 0.589563 0.811121 0.512854 -1.107154
0.684211 0.025639 0.595085 -1.317732 0.033077 -0.075002 0.196789 -0.446220 0.684691 0.037455 0.095128 -0.773666 0.501965 -1.155440
0.657897 0.025639 0.515513 -1.317732 0.028654 -0.075002 0.170475 -0.446220 0.658396 0.038952 0.563268 0.812617 0.492245 -1.205865
0.631579 0.025639 0.435928 -1.317732 0.024230 -0.075002 0.144157 -0.446220 0.632099 0.040573 0.068831 -0.772045 0.483761 -1.258316
0.605265 0.025639 0.356356 -1.317732 0.019808 -0.075002 0.117844 -0.446220 0.605808 0.042335 0.536977 0.814379 0.476582 -1.312598
0.578947 0.025639 0.276772 -1.317732 0.015384 -0.075002 0.091526 -0.446220 0.579515 0.044257 0.042538 -0.770123 0.470765 -1.368488
0.526316 0.051282 0.117615 -1.242006 0.006537 -0.070692 0.038894 -0.420577 0.528808 0.097129 0.486270 0.867252 0.437870 -1.478580
0.500002 0.051282 0.038043 -1.242006 0.002115 -0.070692 0.012580 -0.420577 0.502625 0.102206 0.016355 -0.765046 0.436321 -1.540893
0.473684 0.051282 -0.041541 -1.242006 -0.002309 -0.070692 -0.013737 -0.420577 0.476452 0.107842 0.460097 0.872887 0.436356 1.538145
0.447370 0.051282 -0.121113 -1.242006 -0.006732 -0.070692 -0.040051 -0.420577 0.450300 0.114132 -0.009797 -0.758756 0.437975 1.475854
0.421053 0.076921 -0.200698 -1.166291 -0.011155 -0.066382 -0.066369 -0.394938 0.428021 0.180695 0.437818 0.939451 0.415831 1.404303
0.394739 0.076921 -0.280270 -1.166291 -0.015578 -0.066382 -0.092683 -0.394938 0.402164 0.192454 -0.035655 -0.746997 0.420833 1.340291
0.368421 0.102564 -0.359854 -1.090565 -0.020002 -0.062072 -0.119000 -0.369295 0.382431 0.271513 0.418086 1.018510 0.402836 1.259065
0.315789 0.102564 -0.519011 -1.090565 -0.028848 -0.062072 -0.171632 -0.369295 0.332028 0.314038 -0.086058 -0.704472 0.421394 1.135739
0.289476 0.128203 -0.598583 -1.014850 -0.033271 -0.057763 -0.197946 -0.343656 0.316595 0.416917 0.402653 1.121389 0.410147 1.048210
0.263158 0.128203 -0.678167 -1.014850 -0.037695 -0.057763 -0.224264 -0.343656 0.292725 0.453332 -0.109928 -0.668057 0.423476 0.992608
0.236840 0.153846 -0.757752 -0.939124 -0.042118 -0.053453 -0.250581 -0.318013 0.282421 0.576078 0.392349 1.244135 0.417209 0.903440
0.210526 0.179485 -0.837324 -0.863410 -0.046541 -0.049143 -0.276895 -0.292374 0.276652 0.705974 -0.115697 -0.538160 0.414121 0.812582
0.210526 0.153846 -0.837324 -0.939124 -0.046541 -0.053453 -0.276895 -0.318013 0.260749 0.631078 0.376446 1.169239 0.433525 0.854404
0.210526 0.128203 -0.837324 -1.014850 -0.046541 -0.057763 -0.276895 -0.343656 0.246490 0.546985 -0.129956 -0.622254 0.453551 0.892569
0.210526 0.102564 -0.837324 -1.090565 -0.046541 -0.062072 -0.276895 -0.369295 0.234181 0.453338 0.364137 1.075592 0.474116 0.927427
0.236840 0.076921 -0.757752 -1.166291 -0.042118 -0.066382 -0.250581 -0.394938 0.249018 0.314033 -0.115118 -0.761559 0.480938 1.005406
0.236840 0.051282 -0.757752 -1.242006 -0.042118 -0.070692 -0.250581 -0.420577 0.242328 0.213234 0.357447 0.974793 0.503000 1.033468
0.236840 0.025639 -0.757752 -1.317732 -0.042118 -0.075002 -0.250581 -0.446220 0.238224 0.107835 -0.119223 -0.866958 0.525389 1.059117
0.210526 0.000000 -0.837324 -1.393447 -0.046541 -0.079311 -0.276895 -0.471859 0.210526 0.000000 0.329749 0.866958 0.560581 1.040126
0.184209 0.000000 -0.916908 -1.393447 -0.050965 -0.079311 -0.303213 -0.471859 0.184209 0.000000 -0.145541 -0.866958 0.574036 0.999646
0.157895 0.000000 -0.996480 -1.393447 -0.055388 -0.079311 -0.329527 -0.471859 0.157895 0.000000 0.303436 0.866958 0.588360 0.961172
0.131577 0.000000 -1.076065 -1.393447 -0.059811 -0.079311 -0.355845 -0.471859 0.131577 0.000000 -0.171859 -0.866958 0.603494 0.924655
0.105263 0.000000 -1.155637 -1.393447 -0.064234 -0.079311 -0.382158 -0.471859 0.105263 0.000000 0.277122 0.866958 0.619374 0.890048
0.078945 0.025639 -1.235221 -1.317732 -0.068658 -0.075002 -0.408476 -0.446220 0.083004 0.314023 -0.194117 -0.552935 0.616519 0.829530
0.052632 0.025639 -1.314794 -1.317732 -0.073081 -0.075002 -0.434790 -0.446220 0.058544 0.453308 0.252662 1.006243 0.634260 0.798371
0.026314 0.051282 -1.394378 -1.242006 -0.077504 -0.070692 -0.461108 -0.420577 0.057639 1.096708 -0.195023 0.090465 0.634695 0.739460
0.026314 0.076921 -1.394378 -1.166291 -0.077504 -0.066382 -0.461108 -0.394938 0.081297 1.241187 0.276320 1.150722 0.617358 0.708254
0.026314 0.102564 -1.394378 -1.090565 -0.077504 -0.062072 -0.461108 -0.369295 0.105886 1.319653 -0.170434 0.168931 0.600613 0.675281
0.000000 0.128203 -1.473950 -1.014850 -0.081927 -0.057763 -0.487421 -0.343656 0.128203 1.570796 0.298637 1.401865 0.605490 0.614106
0.000000 0.179485 -1.473950 -0.863410 -0.081927 -0.049143 -0.487421 -0.292374 0.179485 1.570796 -0.119152 0.168931 0.576545 0.540300
0.000000 0.205128 -1.473950 -0.787683 -0.081927 -0.044833 -0.487421 -0.266731 0.205128 1.570796 0.324280 1.401865 0.563267 0.500713
0.000000 0.230767 -1.473950 -0.711969 -0.081927 -0.040523 -0.487421 -0.241092 0.230767 1.570796 -0.093513 0.168931 0.550864 0.459340
0.026314 0.256410 -1.394378 -0.636242 -0.077504 -0.036213 -0.461108 -0.215449 0.257756 1.468530 0.351270 1.299599 0.515739 0.437099
0.026314 0.282049 -1.394378 -0.560528 -0.077504 -0.031904 -0.461108 -0.189810 0.283274 1.477770 -0.067996 0.178171 0.504775 0.390499
0.026314 0.307692 -1.394378 -0.484802 -0.077504 -0.027594 -0.461108 -0.164167 0.308815 1.485484 0.376811 1.307313 0.494897 0.342034
0.052632 0.333331 -1.314794 -0.409087 -0.073081 -0.023284 -0.434790 -0.138528 0.337460 1.414193 -0.039351 0.106881 0.461288 0.308440
0.052632 0.358974 -1.314794 -0.333361 -0.073081 -0.018974 -0.434790 -0.112885 0.362811 1.425217 0.402162 1.318336 0.453366 0.254022
0.078945 0.384613 -1.235221 -0.257646 -0.068658 -0.014665 -0.408476 -0.087246 0.392631 1.368349 -0.009531 0.050013 0.421215 0.210427
0.105263 0.410256 -1.155637 -0.181920 -0.064234 -0.010354 -0.382158 -0.061603 0.423545 1.319635 0.433076 1.269622 0.389871 0.159823
0.131577 0.410256 -1.076065 -0.181920 -0.059811 -0.010354 -0.355845 -0.061603 0.430839 1.260441 -0.002237 -0.009181 0.364115 0.171419
0.157895 0.410256 -0.996480 -0.181920 -0.055388 -0.010354 -0.329527 -0.061603 0.439591 1.203401 0.441828 1.212583 0.338441 0.184810
0.184209 0.410256 -0.916908 -0.181920 -0.050965 -0.010354 -0.303213 -0.061603 0.449714 1.148767 0.007886 -0.063816 0.312878 0.200439
0.210526 0.384613 -0.837324 -0.257646 -0.046541 -0.014665 -0.276895 -0.087246 0.438461 1.069973 0.430575 1.133789 0.295365 0.305239
0.236840 0.358974 -0.757752 -0.333361 -0.042118 -0.018974 -0.250581 -0.112885 0.430064 0.987583 -0.000511 -0.146205 0.281585 0.423263
0.263158 0.333331 -0.678167 -0.409087 -0.037695 -0.023284 -0.224264 -0.138528 0.424690 0.902503 0.425201 1.048709 0.272099 0.553333
0.263158 0.307692 -0.678167 -0.484802 -0.037695 -0.027594 -0.224264 -0.164167 0.404878 0.863254 -0.020323 -0.185455 0.287397 0.631898
0.263158 0.256410 -0.678167 -0.636242 -0.037695 -0.036213 -0.224264 -0.215449 0.367421 0.772411 0.387744 0.957866 0.321964 0.765354
0.263158 0.230767 -0.678167 -0.711969 -0.037695 -0.040523 -0.224264 -0.241092 0.350008 0.719913 -0.037736 -0.237953 0.340831 0.821544
0.263158 0.205128 -0.678167 -0.787683 -0.037695 -0.044833 -0.224264 -0.266731 0.333661 0.662106 0.371397 0.900059 0.360533 0.871676
0.263158 0.179485 -0.678167 -0.863410 -0.037695 -0.049143 -0.224264 -0.292374 0.318539 0.598572 -0.052858 -0.301487 0.380945 0.916476
0.289476 0.153846 -0.598583 -0.939124 -0.033271 -0.053453 -0.197946 -0.318013 0.327818 0.488501 0.380676 0.789988 0.387886 1.014036
