0.000000 0.527780 -1.759839 0.170443 -0.151150 0.013552 -0.552667 0.049551 0.527780 1.570796 0.527780 1.570796 0.553227 -0.089419
0.000000 0.555556 -1.759839 0.265985 -0.151150 0.021148 -0.552667 0.077327 0.555556 1.570796 0.027776 0.000000 0.552674 -0.139014
0.000000 0.583335 -1.759839 0.361540 -0.151150 0.028746 -0.552667 0.105107 0.583335 1.570796 0.555560 1.570796 0.553517 -0.187937
0.000000 0.611111 -1.759839 0.457081 -0.151150 0.036342 -0.552667 0.132882 0.611111 1.570796 0.055551 0.000000 0.555748 -0.235960
0.000000 0.722222 -1.759839 0.839275 -0.151150 0.066730 -0.552667 0.243994 0.722222 1.570796 0.666671 1.570796 0.578091 -0.415750
0.000000 0.777778 -1.759839 1.030371 -0.151150 0.081924 -0.552667 0.299549 0.777778 1.570796 0.111107 0.000000 0.596754 -0.496686
0.000000 0.861113 -1.759839 1.317023 -0.151150 0.104716 -0.552667 0.382885 0.861113 1.570796 0.750006 1.570796 0.632914 -0.605874
0.076921 0.916669 -1.514902 1.508120 -0.130113 0.119910 -0.475746 0.438440 0.919890 1.487079 0.169884 -0.083717 0.599025 -0.744613
0.128203 0.944444 -1.351607 1.603661 -0.116088 0.127506 -0.424464 0.466216 0.953106 1.435877 0.783222 1.519594 0.577632 -0.832241
0.205128 0.916669 -1.106657 1.508120 -0.095049 0.119910 -0.347539 0.438440 0.939340 1.350648 0.156118 -0.168946 0.503270 -0.900540
0.256410 0.888889 -0.943362 1.412565 -0.081024 0.112312 -0.296257 0.410660 0.925132 1.289959 0.769014 1.458905 0.448122 -0.945841
0.307692 0.833333 -0.780066 1.221468 -0.066999 0.097118 -0.244975 0.355105 0.888323 1.217094 0.119309 -0.241812 0.372541 -0.966904
0.358974 0.750002 -0.616771 0.934830 -0.052974 0.074328 -0.193693 0.271773 0.831484 1.124390 0.712175 1.366202 0.276511 -0.951597
0.384613 0.694447 -0.535129 0.743733 -0.045961 0.059134 -0.168054 0.216218 0.793841 1.065009 0.081666 -0.301193 0.219872 -0.910086
0.384613 0.666667 -0.535129 0.648178 -0.045961 0.051536 -0.168054 0.188438 0.769657 1.047521 0.687991 1.348714 0.203072 -0.842516
0.384613 0.638891 -0.535129 0.552637 -0.045961 0.043940 -0.168054 0.160662 0.745727 1.028907 0.057736 -0.319806 0.188883 -0.762916
0.410256 0.611111 -0.453475 0.457081 -0.038948 0.036342 -0.142411 0.132882 0.736048 0.979574 0.678312 1.299380 0.153937 -0.750799
0.410256 0.666667 -0.453475 0.648178 -0.038948 0.051536 -0.142411 0.188438 0.782786 1.019142 0.104474 -0.280238 0.182420 -0.923629
0.410256 0.694447 -0.453475 0.743733 -0.038948 0.059134 -0.142411 0.216218 0.806577 1.037194 0.702102 1.317432 0.200954 -0.988367
0.435895 0.777778 -0.371834 1.030371 -0.031936 0.081924 -0.116772 0.299549 0.891595 1.059976 0.189493 -0.257456 0.253596 -1.199091
0.461538 0.805558 -0.290180 1.125927 -0.024923 0.089522 -0.091129 0.327329 0.928407 1.050510 0.738914 1.307966 0.268809 -1.299270
0.512820 0.888889 -0.126884 1.412565 -0.010898 0.112312 -0.039847 0.410660 1.026210 1.047519 0.287296 -0.260448 0.338575 -1.474067
0.538459 0.916669 -0.045243 1.508120 -0.003886 0.119910 -0.014208 0.438440 1.063118 1.039687 0.775821 1.300135 0.364279 -1.538402
0.589741 0.972224 0.118053 1.699217 0.010139 0.135104 0.037074 0.493996 1.137108 1.025546 0.361286 -0.274589 0.421192 1.495888
0.615383 1.000000 0.199707 1.794758 0.017153 0.142700 0.062717 0.521771 1.174179 1.019142 0.812893 1.293731 0.451708 1.451171
0.666665 1.000000 0.363002 1.794758 0.031178 0.142700 0.113999 0.521771 1.201850 0.982795 0.388957 -0.310936 0.461631 1.355693
0.743586 1.000000 0.607939 1.794758 0.052215 0.142700 0.190920 0.521771 1.246162 0.931413 0.857206 1.242349 0.486372 1.220022
0.794872 0.944444 0.771247 1.603661 0.066241 0.127506 0.242205 0.466216 1.234422 0.871182 0.377216 -0.371167 0.460601 1.091660
0.846154 0.916669 0.934543 1.508120 0.080267 0.119910 0.293487 0.438440 1.247501 0.825378 0.870285 1.196545 0.467581 0.980911
0.897436 0.861113 1.097838 1.317023 0.094292 0.104716 0.344769 0.382885 1.243747 0.764746 0.373463 -0.431798 0.462607 0.837731
0.948718 0.750002 1.261134 0.934830 0.108317 0.074328 0.396051 0.271773 1.209367 0.668948 0.835904 1.100746 0.442491 0.601409
0.974357 0.666667 1.342775 0.648178 0.115329 0.051536 0.421690 0.188438 1.180600 0.600051 0.344695 -0.500695 0.436828 0.420243
0.974357 0.611111 1.342775 0.457081 0.115329 0.036342 0.421690 0.132882 1.150143 0.560176 0.805447 1.060871 0.425721 0.305269
1.000000 0.527780 1.424429 0.170443 0.122342 0.013552 0.447333 0.049551 1.130731 0.485624 0.325283 -0.575247 0.448025 0.110321
1.000000 0.416669 1.424429 -0.211750 0.122342 -0.016836 0.447333 -0.061560 1.083334 0.394793 0.758051 0.970040 0.467549 -0.136756
0.974357 0.305558 1.342775 -0.593943 0.115329 -0.047224 0.421690 -0.172671 1.021145 0.303886 0.263094 -0.666154 0.488759 -0.388646
0.948718 0.250002 1.261134 -0.785040 0.108317 -0.062418 0.396051 -0.228227 0.981105 0.257658 0.718011 0.923812 0.498460 -0.522777
0.948718 0.222222 1.261134 -0.880595 0.108317 -0.070016 0.396051 -0.256006 0.974397 0.230086 0.256386 -0.693726 0.515801 -0.573838
0.923075 0.194442 1.179480 -0.976151 0.101304 -0.077613 0.370408 -0.283786 0.943332 0.207611 0.686946 0.901337 0.515293 -0.653754
0.897436 0.138887 1.097838 -1.167248 0.094292 -0.092807 0.344769 -0.339342 0.908120 0.153541 0.221173 -0.747796 0.538591 -0.777465
0.871793 0.111111 1.016184 -1.262789 0.087279 -0.100404 0.319126 -0.367118 0.878845 0.126768 0.657672 0.874563 0.544806 -0.855217
0.846154 0.111111 0.934543 -1.262789 0.080267 -0.100404 0.293487 -0.367118 0.853418 0.130566 0.195746 -0.743997 0.530195 -0.896399
0.820511 0.111111 0.852889 -1.262789 0.073253 -0.100404 0.267845 -0.367118 0.828000 0.134598 0.632254 0.878595 0.516442 -0.940487
0.794872 0.111111 0.771247 -1.262789 0.066241 -0.100404 0.242205 -0.367118 0.802600 0.138885 0.170346 -0.739711 0.503622 -0.987598
0.794872 0.138887 0.771247 -1.167248 0.066241 -0.092807 0.242205 -0.339342 0.806915 0.172982 0.636569 0.912693 0.479455 -0.950901
0.769229 0.166667 0.689593 -1.071692 0.059228 -0.085210 0.216563 -0.311562 0.787078 0.213369 0.150509 -0.699324 0.442601 -0.963375
0.769229 0.222222 0.689593 -0.880595 0.059228 -0.070016 0.216563 -0.256006 0.800685 0.281233 0.650176 0.980556 0.395086 -0.868672
0.743586 0.277778 0.607939 -0.689499 0.052215 -0.054822 0.190920 -0.200451 0.793777 0.357512 0.143601 -0.623044 0.334685 -0.809747
0.717947 0.305558 0.526298 -0.593943 0.045203 -0.047224 0.165281 -0.172671 0.780265 0.402378 0.636664 1.025422 0.297289 -0.807263
0.692304 0.361113 0.444644 -0.402847 0.038190 -0.032030 0.139638 -0.117115 0.780825 0.480786 0.144161 -0.544636 0.237047 -0.697902
0.666665 0.388889 0.363002 -0.307305 0.031178 -0.024434 0.113999 -0.089340 0.771801 0.528075 0.627640 1.072712 0.199547 -0.664717
0.615383 0.444444 0.199707 -0.116209 0.017153 -0.009240 0.062717 -0.033784 0.759097 0.625486 0.131456 -0.447226 0.125082 -0.494110
0.538459 0.444444 -0.045243 -0.116209 -0.003886 -0.009240 -0.014208 -0.033784 0.698189 0.690039 0.566733 1.137264 0.109151 1.172696
0.487177 0.444444 -0.208538 -0.116209 -0.017911 -0.009240 -0.065490 -0.033784 0.659448 0.739562 0.092715 -0.397703 0.126495 0.476261
0.435895 0.444444 -0.371834 -0.116209 -0.031936 -0.009240 -0.116772 -0.033784 0.622523 0.795110 0.529808 1.192813 0.159210 0.281628
0.384613 0.444444 -0.535129 -0.116209 -0.045961 -0.009240 -0.168054 -0.033784 0.587757 0.857442 0.057948 -0.335371 0.199885 0.198387
0.358974 0.388889 -0.616771 -0.307305 -0.052974 -0.024434 -0.193693 -0.089340 0.529242 0.825378 0.471293 1.160749 0.253654 0.432165
0.333331 0.361113 -0.698425 -0.402847 -0.059987 -0.032030 -0.219336 -0.117115 0.491439 0.825384 0.020146 -0.335365 0.291206 0.490441
0.307692 0.277778 -0.780066 -0.689499 -0.066999 -0.054822 -0.244975 -0.200451 0.414529 0.734349 0.394384 1.069714 0.368207 0.685771
0.307692 0.222222 -0.780066 -0.880595 -0.066999 -0.070016 -0.244975 -0.256006 0.379548 0.625486 -0.014836 -0.444228 0.411347 0.807414
0.307692 0.194442 -0.780066 -0.976151 -0.066999 -0.077613 -0.244975 -0.283786 0.363981 0.563573 0.378816 1.007801 0.433979 0.858667
0.358974 0.083331 -0.616771 -1.358344 -0.052974 -0.108001 -0.193693 -0.394897 0.368519 0.228098 -0.010297 -0.779704 0.507733 1.114786
0.384613 0.055556 -0.535129 -1.453886 -0.045961 -0.115598 -0.168054 -0.422673 0.388604 0.143453 0.398902 0.923157 0.524749 1.192362
0.461538 0.000000 -0.290180 -1.644982 -0.024923 -0.130792 -0.091129 -0.478229 0.461538 0.000000 0.062636 -0.923157 0.560129 1.382498
0.512820 0.000000 -0.126884 -1.644982 -0.010898 -0.130792 -0.039847 -0.478229 0.512820 0.000000 0.450184 0.923157 0.554101 1.487666
0.538459 0.000000 -0.045243 -1.644982 -0.003886 -0.130792 -0.014208 -0.478229 0.538459 0.000000 0.088275 -0.923157 0.552849 1.541095
0.615383 0.027776 0.199707 -1.549441 0.017153 -0.123195 0.062717 -0.450453 0.616010 0.045105 0.527735 0.968262 0.528625 -1.432455
0.641022 0.027776 0.281348 -1.549441 0.024165 -0.123195 0.088356 -0.450453 0.641624 0.043303 0.113889 -0.924959 0.532276 -1.377107
0.717947 0.111111 0.526298 -1.262789 0.045203 -0.100404 0.165281 -0.367118 0.726494 0.153544 0.612606 1.078503 0.471475 -1.147766
0.717947 0.138887 0.526298 -1.167248 0.045203 -0.092807 0.165281 -0.339342 0.731258 0.191089 0.118652 -0.887413 0.445569 -1.117552
0.743586 0.194442 0.607939 -0.976151 0.052215 -0.077613 0.190920 -0.283786 0.768589 0.255766 0.649936 1.143179 0.405925 -0.978588
0.743586 0.222222 0.607939 -0.880595 0.052215 -0.070016 0.190920 -0.256006 0.776082 0.290403 0.126146 -0.852776 0.381633 -0.930013
0.743586 0.250002 0.607939 -0.785040 0.052215 -0.062418 0.190920 -0.228227 0.784488 0.324338 0.658343 1.177114 0.357849 -0.874171
0.743586 0.277778 0.607939 -0.689499 0.052215 -0.054822 0.190920 -0.200451 0.793777 0.357512 0.135434 -0.819602 0.334685 -0.809747
