0.000000 0.627908 -1.654956 0.436258 -0.133631 0.033736 -0.510631 0.128913 0.627908 1.570796 0.627908 1.570796 0.523925 -0.247290
0.000000 0.651162 -1.654956 0.514953 -0.133631 0.039822 -0.510631 0.152167 0.651162 1.570796 0.023254 0.000000 0.529616 -0.289619
0.000000 0.697673 -1.654956 0.672355 -0.133631 0.051994 -0.510631 0.198678 0.697673 1.570796 0.674419 1.570796 0.543809 -0.371061
0.000000 0.744185 -1.654956 0.829756 -0.133631 0.064166 -0.510631 0.245190 0.744185 1.570796 0.069766 0.000000 0.561508 -0.447658
0.027780 0.790696 -1.564922 0.987158 -0.126361 0.076338 -0.482851 0.291701 0.791184 1.535677 0.721419 1.535677 0.558195 -0.543445
0.027780 0.837208 -1.564922 1.144559 -0.126361 0.088510 -0.482851 0.338213 0.837669 1.537627 0.116250 0.001950 0.582922 -0.611028
0.055555 0.860465 -1.474901 1.223266 -0.119093 0.094596 -0.455075 0.361470 0.862257 1.506322 0.746007 1.504372 0.574002 -0.671261
0.083335 0.883719 -1.384867 1.301961 -0.111823 0.100682 -0.427296 0.384724 0.887640 1.476774 0.141633 -0.027598 0.567254 -0.733020
0.138890 0.930234 -1.204812 1.459374 -0.097284 0.112855 -0.371740 0.431239 0.940546 1.422584 0.798913 1.450182 0.560587 -0.859361
0.166666 0.930234 -1.114791 1.459374 -0.090015 0.112855 -0.343965 0.431239 0.945047 1.393512 0.146134 -0.056671 0.542567 -0.897509
0.222221 0.906977 -0.934736 1.380668 -0.075476 0.106768 -0.288409 0.407982 0.933804 1.330517 0.787670 1.387187 0.490174 -0.955443
0.277777 0.860465 -0.754681 1.223266 -0.060938 0.094596 -0.232854 0.361470 0.904191 1.258536 0.116521 -0.128651 0.420244 -0.998519
0.305556 0.813954 -0.664647 1.065864 -0.053668 0.082424 -0.205074 0.314959 0.869417 1.211677 0.752896 1.340328 0.366143 -0.993638
0.333332 0.767442 -0.574626 0.908463 -0.046399 0.070252 -0.177299 0.268447 0.836707 1.161040 0.083811 -0.179288 0.312069 -0.987103
0.361112 0.720931 -0.484592 0.751061 -0.039129 0.058080 -0.149519 0.221936 0.806314 1.106432 0.722504 1.285720 0.258035 -0.977937
0.361112 0.697673 -0.484592 0.672355 -0.039129 0.051994 -0.149519 0.198678 0.785589 1.093173 0.063085 -0.192547 0.239459 -0.925653
0.388887 0.651162 -0.394571 0.514953 -0.031860 0.039822 -0.121743 0.152167 0.758449 1.032423 0.695364 1.224970 0.185931 -0.896015
0.388887 0.627908 -0.394571 0.436258 -0.031860 0.033736 -0.121743 0.128913 0.738581 1.016279 0.043217 -0.208691 0.169042 -0.813992
0.416667 0.604650 -0.304537 0.357552 -0.024590 0.027650 -0.093964 0.105655 0.734311 0.967420 0.691095 1.176112 0.132924 -0.843900
0.416667 0.627908 -0.304537 0.436258 -0.024590 0.033736 -0.093964 0.128913 0.753578 0.984934 0.062483 -0.191178 0.150277 -0.940940
0.416667 0.674419 -0.304537 0.593660 -0.024590 0.045908 -0.093964 0.175424 0.792750 1.017380 0.730267 1.208558 0.188828 -1.079047
0.444443 0.720931 -0.214516 0.751061 -0.017321 0.058080 -0.066188 0.221936 0.846918 1.018344 0.116651 -0.190214 0.220470 -1.280963
0.472222 0.767442 -0.124482 0.908463 -0.010051 0.070252 -0.038408 0.268447 0.901089 1.019188 0.784438 1.209402 0.259668 -1.428685
0.499998 0.813954 -0.034461 1.065864 -0.002783 0.082424 -0.010633 0.314959 0.955258 1.019941 0.170820 -0.189461 0.303509 -1.537050
0.527778 0.860465 0.055573 1.223266 0.004487 0.094596 0.017147 0.361470 1.009430 1.020609 0.838610 1.210070 0.350255 1.523395
0.555553 0.906977 0.145594 1.380668 0.011756 0.106768 0.044922 0.407982 1.063601 1.021212 0.224991 -0.188858 0.398884 1.461129
0.583333 0.953488 0.235628 1.538069 0.019026 0.118940 0.072702 0.454493 1.117774 1.021754 0.892783 1.210612 0.448786 1.412177
0.638888 0.976746 0.415683 1.616776 0.033565 0.125027 0.128258 0.477751 1.167138 0.991545 0.274355 -0.219067 0.483439 1.308519
0.666668 1.000000 0.505717 1.695471 0.040835 0.131112 0.156037 0.501005 1.201851 0.982793 0.927496 1.201860 0.513644 1.268870
0.722223 1.000000 0.685772 1.695471 0.055373 0.131112 0.211593 0.501005 1.233534 0.945311 0.306038 -0.256549 0.533154 1.171184
0.749999 1.000000 0.775793 1.695471 0.062642 0.131112 0.239368 0.501005 1.249999 0.927296 0.943961 1.183845 0.544775 1.125085
0.805554 0.953488 0.955848 1.538069 0.077181 0.118940 0.294924 0.454493 1.248222 0.869300 0.304261 -0.314545 0.532074 0.995191
0.833334 0.906977 1.045882 1.380668 0.084451 0.106768 0.322703 0.407982 1.231687 0.827689 0.927426 1.142234 0.511104 0.901583
0.888889 0.860465 1.225937 1.223266 0.098990 0.094596 0.378259 0.361470 1.237144 0.769151 0.309718 -0.373083 0.515232 0.762707
0.944445 0.744185 1.405992 0.829756 0.113528 0.064166 0.433814 0.245190 1.202409 0.667356 0.892691 1.040439 0.492689 0.514435
0.972220 0.697673 1.496013 0.672355 0.120797 0.051994 0.461589 0.198678 1.196645 0.622446 0.303954 -0.417993 0.498046 0.406454
1.000000 0.627908 1.586047 0.436258 0.128067 0.033736 0.489369 0.128913 1.180791 0.560687 0.876837 0.978680 0.503226 0.257574
1.000000 0.558139 1.586047 0.200150 0.128067 0.015478 0.489369 0.059144 1.145216 0.509070 0.268378 -0.469610 0.491670 0.120273
1.000000 0.511627 1.586047 0.042748 0.128067 0.003306 0.489369 0.012632 1.123282 0.472906 0.854903 0.942516 0.489370 0.025807
1.000000 0.441861 1.586047 -0.193348 0.128067 -0.014952 0.489369 -0.057134 1.093271 0.416065 0.238368 -0.526451 0.494178 -0.116223
0.972220 0.348838 1.496013 -0.508151 0.120797 -0.039296 0.461589 -0.150157 1.032909 0.344498 0.794541 0.870949 0.489123 -0.314506
0.944445 0.302327 1.405992 -0.665553 0.113528 -0.051468 0.433814 -0.196668 0.991654 0.309803 0.197113 -0.561145 0.481233 -0.425634
0.916665 0.279069 1.315958 -0.744259 0.106259 -0.057554 0.406034 -0.219926 0.958204 0.295525 0.761091 0.856670 0.467423 -0.496405
0.888889 0.232558 1.225937 -0.901661 0.098990 -0.069726 0.378259 -0.266437 0.918808 0.255892 0.157717 -0.600779 0.469472 -0.613659
0.888889 0.209304 1.225937 -0.980356 0.098990 -0.075812 0.378259 -0.289691 0.913199 0.231254 0.755482 0.832033 0.483609 -0.653571
0.861110 0.186046 1.135903 -1.059062 0.091720 -0.081898 0.350479 -0.312949 0.880978 0.212783 0.125496 -0.619249 0.477693 -0.728889
0.833334 0.186046 1.045882 -1.059062 0.084451 -0.081898 0.322703 -0.312949 0.853849 0.219653 0.728353 0.838903 0.457704 -0.770054
0.805554 0.186046 0.955848 -1.059062 0.077181 -0.081898 0.294924 -0.312949 0.826759 0.226975 0.098406 -0.611928 0.438560 -0.815043
0.777779 0.186046 0.865827 -1.059062 0.069912 -0.081898 0.267148 -0.312949 0.799721 0.234790 0.701315 0.846718 0.420385 -0.864189
0.749999 0.209304 0.775793 -0.980356 0.062642 -0.075812 0.239368 -0.289691 0.778657 0.272148 0.077342 -0.574570 0.384831 -0.880231
0.722223 0.232558 0.685772 -0.901661 0.055373 -0.069726 0.211593 -0.266437 0.758742 0.311518 0.681400 0.886089 0.349422 -0.899629
0.694444 0.255815 0.595738 -0.822954 0.048104 -0.063640 0.183813 -0.243180 0.740063 0.352949 0.058663 -0.533139 0.314194 -0.923547
0.638888 0.279069 0.415683 -0.744259 0.033565 -0.057554 0.128258 -0.219926 0.697179 0.411827 0.638515 0.944966 0.264709 -1.042832
0.583333 0.325581 0.235628 -0.586858 0.019026 -0.045382 0.072702 -0.173414 0.668042 0.509070 0.029527 -0.435896 0.198819 -1.173814
0.555553 0.348838 0.145594 -0.508151 0.011756 -0.039296 0.044922 -0.150157 0.655994 0.560690 0.626467 0.996586 0.167913 -1.280101
0.499998 0.372092 -0.034461 -0.429456 -0.002783 -0.033210 -0.010633 -0.126903 0.623258 0.639771 -0.003209 -0.356815 0.138946 1.487204
0.472222 0.372092 -0.124482 -0.429456 -0.010051 -0.033210 -0.038408 -0.126903 0.601204 0.667356 0.604413 1.024171 0.143764 1.276901
0.388887 0.395350 -0.394571 -0.350750 -0.031860 -0.027124 -0.121743 -0.103645 0.554558 0.793639 -0.049855 -0.230533 0.167664 0.705272
0.333332 0.395350 -0.574626 -0.350750 -0.046399 -0.027124 -0.177299 -0.103645 0.517119 0.870303 0.566974 1.100836 0.211482 0.529003
0.305556 0.395350 -0.664647 -0.350750 -0.053668 -0.027124 -0.205074 -0.103645 0.499666 0.912815 -0.067307 -0.188021 0.235256 0.467960
0.222221 0.372092 -0.934736 -0.429456 -0.075476 -0.033210 -0.288409 -0.126903 0.433399 1.032423 0.500707 1.220444 0.319958 0.414514
0.194446 0.348838 -1.024757 -0.508151 -0.082745 -0.039296 -0.316185 -0.150157 0.399371 1.062282 -0.101336 -0.158162 0.355176 0.443368
0.194446 0.325581 -1.024757 -0.586858 -0.082745 -0.045382 -0.316185 -0.173414 0.379226 1.032418 0.480561 1.190580 0.366356 0.501659
0.166666 0.279069 -1.114791 -0.744259 -0.090015 -0.057554 -0.343965 -0.219926 0.325050 1.032423 -0.155512 -0.158157 0.414647 0.568876
0.138890 0.232558 -1.204812 -0.901661 -0.097284 -0.069726 -0.371740 -0.266437 0.270876 1.032416 0.426387 1.190573 0.464236 0.621866
0.166666 0.162789 -1.114791 -1.137769 -0.090015 -0.087985 -0.343965 -0.336206 0.232976 0.773630 -0.193412 -0.416943 0.489189 0.773992
0.166666 0.139535 -1.114791 -1.216464 -0.090015 -0.094070 -0.343965 -0.359460 0.217365 0.697023 0.410776 1.113966 0.505988 0.807423
0.222221 0.069766 -0.934736 -1.452572 -0.075476 -0.112329 -0.288409 -0.429229 0.232915 0.304202 -0.177861 -0.809764 0.526823 0.979163
0.277777 0.046512 -0.754681 -1.531267 -0.060938 -0.118414 -0.232854 -0.452483 0.281644 0.165903 0.459505 0.975667 0.519257 1.095526
0.305556 0.023254 -0.664647 -1.609974 -0.053668 -0.124501 -0.205074 -0.475741 0.306440 0.075957 -0.153065 -0.899710 0.528764 1.163801
0.388887 0.000000 -0.394571 -1.688669 -0.031860 -0.130586 -0.121743 -0.498995 0.388887 0.000000 0.541952 0.899710 0.524943 1.331494
0.499998 0.000000 -0.034461 -1.688669 -0.002783 -0.130586 -0.010633 -0.498995 0.499998 0.000000 -0.041954 -0.899710 0.510741 1.549491
0.527778 0.023254 0.055573 -1.609974 0.004487 -0.124501 0.017147 -0.475741 0.528290 0.044032 0.570244 0.943741 0.487678 -1.534769
0.611113 0.069766 0.325662 -1.452572 0.026296 -0.112329 0.100482 -0.429229 0.615082 0.113669 0.044838 -0.830072 0.452171 -1.340839
0.638888 0.093023 0.415683 -1.373866 0.033565 -0.106242 0.128258 -0.405972 0.645625 0.144585 0.600787 0.974658 0.436859 -1.264792
0.666668 0.139535 0.505717 -1.216464 0.040835 -0.094070 0.156037 -0.359460 0.681114 0.206323 0.080327 -0.768334 0.402567 -1.161254
0.666668 0.162789 0.505717 -1.137769 0.040835 -0.087985 0.156037 -0.336206 0.686255 0.239496 0.605928 1.007830 0.381237 -1.136269
0.694444 0.209304 0.595738 -0.980356 0.048104 -0.075812 0.183813 -0.289691 0.725300 0.292739 0.119372 -0.715092 0.352966 -1.005385
0.694444 0.232558 0.595738 -0.901661 0.048104 -0.069726 0.183813 -0.266437 0.732349 0.323145 0.612977 1.038237 0.333334 -0.966887
0.694444 0.279069 0.595738 -0.744259 0.048104 -0.057554 0.183813 -0.219926 0.748419 0.382109 0.135442 -0.656128 0.295648 -0.874607
0.694444 0.302327 0.595738 -0.665553 0.048104 -0.051468 0.183813 -0.196668 0.757399 0.410605 0.621957 1.066733 0.277809 -0.819172
