0.000000 0.595236 -1.233407 0.434637 -0.096913 0.029041 -0.434903 0.130324 0.595236 1.570796 0.595236 1.570796 0.463517 -0.291147
0.026314 0.595236 -1.158779 0.434637 -0.091049 0.029041 -0.408590 0.130324 0.595818 1.526618 0.000581 -0.044179 0.438922 -0.308761
0.052632 0.571429 -1.084141 0.355237 -0.085185 0.023736 -0.382272 0.106517 0.573847 1.478950 0.573266 1.523129 0.405920 -0.271748
0.052632 0.595236 -1.084141 0.434637 -0.085185 0.029041 -0.382272 0.130324 0.597559 1.482604 0.024293 -0.040524 0.414534 -0.328563
0.052632 0.642855 -1.084141 0.593449 -0.085185 0.039653 -0.382272 0.177943 0.645006 1.489107 0.620714 1.529631 0.435173 -0.435660
0.052632 0.690478 -1.084141 0.752272 -0.085185 0.050265 -0.382272 0.225566 0.692481 1.494719 0.071767 -0.034913 0.459837 -0.533084
0.052632 0.761905 -1.084141 0.990483 -0.085185 0.066181 -0.382272 0.296993 0.763720 1.501827 0.691953 1.536740 0.503052 -0.660506
0.052632 0.809524 -1.084141 1.149295 -0.085185 0.076793 -0.382272 0.344612 0.811233 1.505872 0.119280 -0.030867 0.535231 -0.733634
0.052632 0.857143 -1.084141 1.308106 -0.085185 0.087404 -0.382272 0.392231 0.858757 1.509470 0.739477 1.540337 0.569577 -0.798256
0.052632 0.904762 -1.084141 1.466918 -0.085185 0.098015 -0.382272 0.439850 0.906291 1.512690 0.166814 -0.027647 0.605722 -0.855320
0.078945 0.952381 -1.009514 1.625729 -0.079321 0.108627 -0.355958 0.487469 0.955647 1.488093 0.788833 1.515740 0.628084 -0.940077
0.078945 0.976192 -1.009514 1.705141 -0.079321 0.113933 -0.355958 0.511280 0.979379 1.490101 0.190546 -0.025639 0.647842 -0.962619
0.105263 1.000000 -0.934875 1.784541 -0.073456 0.119238 -0.329640 0.535088 1.005525 1.465919 0.814979 1.491558 0.654215 -1.018660
0.157895 1.000000 -0.785610 1.784541 -0.061728 0.119238 -0.277009 0.535088 1.012389 1.414194 0.197410 -0.077364 0.629339 -1.093099
0.184209 1.000000 -0.710982 1.784541 -0.055864 0.119238 -0.250695 0.535088 1.016825 1.388630 0.819415 1.465994 0.618209 -1.132655
0.210526 0.976192 -0.636344 1.705141 -0.050000 0.113933 -0.224377 0.511280 0.998635 1.358389 0.179220 -0.107605 0.585951 -1.157251
0.236840 0.928573 -0.561717 1.546330 -0.044136 0.103321 -0.198063 0.463661 0.958301 1.321063 0.779081 1.428668 0.531920 -1.167087
0.289472 0.880954 -0.412451 1.387518 -0.032408 0.092710 -0.145432 0.416042 0.927294 1.253322 0.148213 -0.175346 0.469161 -1.234514
0.315789 0.833335 -0.337813 1.228707 -0.026543 0.082099 -0.119114 0.368423 0.891162 1.208570 0.742949 1.383916 0.415856 -1.258096
0.342103 0.785716 -0.263185 1.069895 -0.020679 0.071487 -0.092800 0.320804 0.856962 1.160147 0.114013 -0.223769 0.362879 -1.289209
0.368421 0.738097 -0.188547 0.911084 -0.014815 0.060876 -0.066482 0.273185 0.824937 1.107829 0.710924 1.331598 0.310397 -1.332077
0.368421 0.690478 -0.188547 0.752272 -0.014815 0.050265 -0.066482 0.225566 0.782620 1.080652 0.071696 -0.250946 0.264080 -1.284176
0.394739 0.666667 -0.113909 0.672860 -0.008950 0.044959 -0.040165 0.201755 0.774767 1.036200 0.703071 1.287146 0.235218 -1.374289
0.394739 0.642855 -0.113909 0.593449 -0.008950 0.039653 -0.040165 0.177943 0.754375 1.020117 0.051304 -0.267029 0.211795 -1.348801
0.394739 0.619048 -0.113909 0.514049 -0.008950 0.034347 -0.040165 0.154136 0.734193 1.003148 0.682888 1.270177 0.188474 -1.315886
0.394739 0.642855 -0.113909 0.593449 -0.008950 0.039653 -0.040165 0.177943 0.754375 1.020117 0.071487 -0.250060 0.211795 -1.348801
0.394739 0.666667 -0.113909 0.672860 -0.008950 0.044959 -0.040165 0.201755 0.774767 1.036200 0.703280 1.286260 0.235218 -1.374289
0.421053 0.714286 -0.039281 0.831672 -0.003086 0.055570 -0.013851 0.249374 0.829150 1.038153 0.125870 -0.248107 0.279725 -1.515311
0.421053 0.761905 -0.039281 0.990483 -0.003086 0.066181 -0.013851 0.296993 0.870508 1.065935 0.744638 1.314042 0.327295 -1.524193
0.447370 0.809524 0.035357 1.149295 0.002778 0.076793 0.012467 0.344612 0.924916 1.065933 0.180278 -0.248109 0.374828 1.534635
0.447370 0.833335 0.035357 1.228707 0.002778 0.082099 0.012467 0.368423 0.945826 1.078110 0.765549 1.326219 0.398627 1.536970
0.500002 0.904762 0.184623 1.466918 0.014506 0.098015 0.065099 0.439850 1.033729 1.065933 0.268180 -0.260286 0.474347 1.423861
0.552634 0.928573 0.333888 1.546330 0.026235 0.103321 0.117730 0.463661 1.080580 1.033956 0.812399 1.294242 0.507514 1.322137
0.605265 0.952381 0.483154 1.625729 0.037963 0.108627 0.170362 0.487469 1.128439 1.004662 0.316040 -0.289580 0.544799 1.234583
0.631579 0.976192 0.557781 1.705141 0.043827 0.113933 0.196676 0.511280 1.162688 0.996546 0.846648 1.286126 0.575912 1.203573
0.684211 0.976192 0.707047 1.705141 0.055555 0.113933 0.249307 0.511280 1.192097 0.959468 0.345449 -0.326657 0.595943 1.117107
0.763160 0.976192 0.930951 1.705141 0.073148 0.113933 0.328256 0.511280 1.239098 0.907269 0.893649 1.233926 0.633045 1.000045
0.815791 0.976192 1.080217 1.705141 0.084876 0.113933 0.380888 0.511280 1.272190 0.874670 0.378541 -0.359256 0.661868 0.930523
0.868423 0.952381 1.229482 1.625729 0.096605 0.108627 0.433520 0.487469 1.288871 0.831476 0.910330 1.190732 0.675072 0.843909
0.894737 0.904762 1.304109 1.466918 0.102468 0.098015 0.459833 0.439850 1.272458 0.790969 0.362128 -0.399763 0.657430 0.763190
0.947368 0.857143 1.453375 1.308106 0.114197 0.087404 0.512465 0.392231 1.277576 0.735440 0.915448 1.135202 0.664008 0.653272
0.973686 0.809524 1.528013 1.149295 0.120061 0.076793 0.538783 0.344612 1.266252 0.693597 0.350803 -0.441606 0.656222 0.569038
1.000000 0.761905 1.602641 0.990483 0.125925 0.066181 0.565097 0.296993 1.257179 0.651077 0.906376 1.092682 0.652889 0.483887
1.000000 0.690478 1.602641 0.752272 0.125925 0.050265 0.565097 0.225566 1.215220 0.604307 0.308844 -0.488376 0.620204 0.379785
1.000000 0.642855 1.602641 0.593449 0.125925 0.039653 0.565097 0.177943 1.188807 0.571336 0.879963 1.059712 0.602145 0.305061
1.000000 0.523810 1.602641 0.196426 0.125925 0.013125 0.565097 0.058898 1.128883 0.482513 0.248920 -0.577198 0.572048 0.103851
1.000000 0.476190 1.602641 0.037614 0.125925 0.002513 0.565097 0.011279 1.107591 0.444419 0.858671 1.021618 0.566603 0.019956
0.973686 0.404760 1.528013 -0.200609 0.120061 -0.013404 0.538783 -0.060152 1.054465 0.393966 0.195794 -0.627652 0.539625 -0.111184
0.947368 0.357141 1.453375 -0.359420 0.114197 -0.024015 0.512465 -0.107771 1.012451 0.360507 0.816657 0.988159 0.518331 -0.207279
0.947368 0.309522 1.453375 -0.518232 0.114197 -0.034627 0.512465 -0.155390 0.996650 0.315785 0.179993 -0.672374 0.527580 -0.294409
0.894737 0.238095 1.304109 -0.756443 0.102468 -0.050543 0.459833 -0.226817 0.925874 0.260079 0.745882 0.932454 0.500180 -0.458240
0.868423 0.190476 1.229482 -0.915255 0.096605 -0.061155 0.433520 -0.274436 0.889067 0.215917 0.143185 -0.716537 0.497679 -0.564361
0.842105 0.142857 1.154844 -1.074066 0.090740 -0.071766 0.407202 -0.322055 0.854137 0.168043 0.710952 0.884580 0.501103 -0.669166
0.815791 0.119046 1.080217 -1.153478 0.084876 -0.077072 0.380888 -0.345866 0.824432 0.144904 0.113480 -0.739676 0.494815 -0.737246
0.789474 0.095238 1.005578 -1.232878 0.079012 -0.082377 0.354570 -0.369674 0.795197 0.120055 0.681717 0.859731 0.491012 -0.806249
0.763160 0.071427 0.930951 -1.312289 0.073148 -0.087683 0.328256 -0.393485 0.766495 0.093322 0.084778 -0.766409 0.489763 -0.875530
0.684211 0.071427 0.707047 -1.312289 0.055555 -0.087683 0.249307 -0.393485 0.687929 0.104016 0.603151 0.870425 0.440760 -1.006046
0.657897 0.047619 0.632420 -1.391689 0.049691 -0.092989 0.222993 -0.417293 0.659618 0.072255 0.056467 -0.798171 0.446895 -1.080024
0.605265 0.047619 0.483154 -1.391689 0.037963 -0.092989 0.170362 -0.417293 0.607135 0.078513 0.550669 0.876684 0.423098 -1.183194
0.578947 0.047619 0.408516 -1.391689 0.032098 -0.092989 0.144044 -0.417293 0.580902 0.082066 0.030234 -0.794617 0.413204 -1.238416
0.526316 0.071427 0.259250 -1.312289 0.020370 -0.087683 0.091412 -0.393485 0.531140 0.134887 0.500906 0.929504 0.374795 -1.342531
0.500002 0.095238 0.184623 -1.232878 0.014506 -0.082377 0.065099 -0.369674 0.508991 0.188221 0.008085 -0.741283 0.345847 -1.396486
0.447370 0.119046 0.035357 -1.153478 0.002778 -0.077072 0.012467 -0.345866 0.462939 0.260074 0.454854 1.001358 0.316104 -1.534766
0.447370 0.142857 0.035357 -1.074066 0.002778 -0.071766 0.012467 -0.322055 0.469626 0.309092 0.014772 -0.692266 0.292312 -1.532105
0.421053 0.166665 -0.039281 -0.994666 -0.003086 -0.066461 -0.013851 -0.298247 0.452838 0.376906 0.438066 1.069172 0.268596 1.524389
0.421053 0.190476 -0.039281 -0.915255 -0.003086 -0.061155 -0.013851 -0.274436 0.462133 0.424832 0.024066 -0.644339 0.244819 1.520369
0.394739 0.190476 -0.113909 -0.915255 -0.008950 -0.061155 -0.040165 -0.274436 0.438292 0.449580 0.414226 1.093920 0.247705 1.425475
0.394739 0.166665 -0.113909 -0.994666 -0.008950 -0.066461 -0.040165 -0.298247 0.428481 0.399510 0.014255 -0.694410 0.271229 1.436933
0.394739 0.142857 -0.113909 -1.074066 -0.008950 -0.071766 -0.040165 -0.322055 0.419794 0.347239 0.405539 1.041649 0.294795 1.446724
0.394739 0.119046 -0.113909 -1.153478 -0.008950 -0.077072 -0.040165 -0.345866 0.412299 0.292907 0.006761 -0.748742 0.318401 1.455187
0.368421 0.095238 -0.188547 -1.232878 -0.014815 -0.082377 -0.066482 -0.369674 0.380532 0.252966 0.373771 1.001708 0.346110 1.392858
0.342103 0.071427 -0.263185 -1.312289 -0.020679 -0.087683 -0.092800 -0.393485 0.349480 0.205830 -0.024291 -0.795877 0.375136 1.339187
0.315789 0.047619 -0.337813 -1.391689 -0.026543 -0.092989 -0.119114 -0.417293 0.319360 0.149666 0.343650 0.945543 0.405188 1.292746
0.289472 0.023808 -0.412451 -1.471101 -0.032408 -0.098295 -0.145432 -0.441104 0.290449 0.082061 -0.053201 -0.863483 0.436062 1.252320
0.263158 0.023808 -0.487078 -1.471101 -0.038271 -0.098295 -0.171745 -0.441104 0.264233 0.090224 0.317434 0.953706 0.445529 1.199502
0.210526 0.000000 -0.636344 -1.550501 -0.050000 -0.103600 -0.224377 -0.464912 0.210526 0.000000 -0.106908 -0.953706 0.489373 1.121147
0.184209 0.000000 -0.710982 -1.550501 -0.055864 -0.103600 -0.250695 -0.464912 0.184209 0.000000 0.291116 0.953706 0.501985 1.076259
0.131577 0.000000 -0.860248 -1.550501 -0.067593 -0.103600 -0.303326 -0.464912 0.131577 0.000000 -0.159539 -0.953706 0.530234 0.992709
0.078945 0.023808 -1.009514 -1.471101 -0.079321 -0.098295 -0.355958 -0.441104 0.082457 0.292898 0.241996 1.246605 0.543788 0.891820
0.052632 0.071427 -1.084141 -1.312289 -0.085185 -0.087683 -0.382272 -0.393485 0.088724 0.935758 -0.153273 -0.310847 0.527491 0.799852
0.052632 0.095238 -1.084141 -1.232878 -0.085185 -0.082377 -0.382272 -0.369674 0.108814 1.065935 0.262086 1.376782 0.511375 0.768646
0.052632 0.119046 -1.084141 -1.153478 -0.085185 -0.077072 -0.382272 -0.345866 0.130161 1.154521 -0.131925 -0.222261 0.495881 0.735441
0.052632 0.166665 -1.084141 -0.994666 -0.085185 -0.066461 -0.382272 -0.298247 0.174778 1.264914 0.306703 1.487175 0.466994 0.662548
0.078945 0.214284 -1.009514 -0.835855 -0.079321 -0.055849 -0.355958 -0.250628 0.228364 1.217811 -0.078339 -0.269364 0.418783 0.613469
0.105263 0.214284 -0.934875 -0.835855 -0.073456 -0.055849 -0.329640 -0.250628 0.238742 1.114188 0.317081 1.383551 0.396656 0.650066
0.184209 0.238095 -0.710982 -0.756443 -0.055864 -0.050543 -0.250695 -0.226817 0.301035 0.912314 -0.016046 -0.471237 0.318718 0.735434
0.210526 0.261903 -0.636344 -0.677043 -0.050000 -0.045238 -0.224377 -0.203009 0.336028 0.893722 0.352074 1.364960 0.283327 0.735443
0.289472 0.261903 -0.412451 -0.677043 -0.032408 -0.045238 -0.145432 -0.203009 0.390368 0.735440 0.038294 -0.629520 0.226008 0.949161
0.368421 0.238095 -0.188547 -0.756443 -0.014815 -0.050543 -0.066482 -0.226817 0.438661 0.573740 0.400367 1.203260 0.207734 1.285672
0.421053 0.214284 -0.039281 -0.835855 -0.003086 -0.055849 -0.013851 -0.250628 0.472444 0.470762 0.072077 -0.732499 0.221054 1.515588
0.447370 0.190476 0.035357 -0.915255 0.002778 -0.061155 0.012467 -0.274436 0.486232 0.402521 0.414155 1.135020 0.244745 -1.525400
0.473684 0.166665 0.109984 -0.994666 0.008642 -0.066461 0.038781 -0.298247 0.502149 0.338320 0.087994 -0.796700 0.271027 -1.441493
0.500002 0.166665 0.184623 -0.994666 0.014506 -0.066461 0.065099 -0.298247 0.527048 0.321746 0.439054 1.118446 0.276025 -1.355896
0.500002 0.142857 0.184623 -1.074066 0.014506 -0.071766 0.065099 -0.322055 0.520010 0.278299 0.080956 -0.840148 0.299214 -1.371349
0.500002 0.119046 0.184623 -1.153478 0.014506 -0.077072 0.065099 -0.345866 0.513978 0.233739 0.433022 1.073886 0.322496 -1.384754
