0.055556 0.642857 -1.091743 0.437857 -0.097798 0.033531 -0.382421 0.131114 0.645253 1.484591 0.645253 1.484591 0.433845 -0.330294
0.027776 0.678574 -1.171049 0.557134 -0.104903 0.042665 -0.410200 0.166831 0.679142 1.529887 0.033889 0.045296 0.475554 -0.386275
0.027776 0.750003 -1.171049 0.795670 -0.104903 0.060931 -0.410200 0.238260 0.750517 1.533779 0.716628 1.488483 0.515388 -0.526210
0.000000 0.785714 -1.250344 0.914929 -0.112006 0.070064 -0.437976 0.273971 0.785714 1.570796 0.069087 0.082313 0.559236 -0.558987
0.000000 0.857143 -1.250344 1.153465 -0.112006 0.088331 -0.437976 0.345400 0.857143 1.570796 0.788056 1.488483 0.606237 -0.667768
0.000000 0.892860 -1.250344 1.272742 -0.112006 0.097465 -0.437976 0.381117 0.892860 1.570796 0.104804 0.082313 0.631460 -0.716092
0.027776 0.928571 -1.171049 1.392001 -0.104903 0.106598 -0.410200 0.416829 0.928987 1.540893 0.824183 1.458580 0.639491 -0.793412
0.055556 0.964288 -1.091743 1.511278 -0.097798 0.115732 -0.382421 0.452546 0.965887 1.513247 0.141704 0.054667 0.650577 -0.869187
0.111111 0.964288 -0.933141 1.511278 -0.083591 0.115732 -0.326865 0.452546 0.970669 1.456076 0.828965 1.401409 0.619553 -0.945273
0.138887 0.964288 -0.853847 1.511278 -0.076488 0.115732 -0.299089 0.452546 0.974239 1.427750 0.145275 0.026341 0.605359 -0.986794
0.194447 0.964288 -0.695233 1.511278 -0.062279 0.115732 -0.243530 0.452546 0.983698 1.371817 0.838423 1.345476 0.579924 -1.077110
0.222222 0.928571 -0.615939 1.392001 -0.055176 0.106598 -0.215754 0.416829 0.954792 1.335898 0.116369 -0.009578 0.535942 -1.093162
0.250002 0.892860 -0.536632 1.272742 -0.048072 0.097465 -0.187974 0.381117 0.927200 1.297786 0.810831 1.307365 0.492192 -1.112589
0.277778 0.857143 -0.457338 1.153465 -0.040968 0.088331 -0.160198 0.345400 0.901030 1.257402 0.090198 -0.049962 0.448736 -1.136522
0.305558 0.821431 -0.378031 1.034206 -0.033864 0.079198 -0.132418 0.309688 0.876422 1.214674 0.786223 1.264637 0.405675 -1.166737
0.333333 0.785714 -0.298736 0.914929 -0.026761 0.070064 -0.104643 0.273971 0.853498 1.169568 0.067274 -0.095069 0.363142 -1.205949
0.361113 0.750003 -0.219430 0.795670 -0.019657 0.060931 -0.076863 0.238260 0.832410 1.122072 0.765136 1.217141 0.321354 -1.258736
0.388889 0.750003 -0.140135 0.795670 -0.012553 0.060931 -0.049087 0.238260 0.844831 1.092445 0.079694 -0.124696 0.315864 -1.367615
0.388889 0.714286 -0.140135 0.676393 -0.012553 0.051797 -0.049087 0.202543 0.813289 1.072228 0.733594 1.196924 0.280636 -1.333026
0.416669 0.714286 -0.060829 0.676393 -0.005449 0.051797 -0.021307 0.202543 0.826932 1.042720 0.093338 -0.154205 0.277130 -1.465983
0.416669 0.750003 -0.060829 0.795670 -0.005449 0.060931 -0.021307 0.238260 0.857973 1.063697 0.764635 1.217902 0.312753 -1.481605
0.444444 0.821431 0.018466 1.034206 0.001654 0.079198 0.006468 0.309688 0.933959 1.074842 0.169325 -0.143060 0.383510 1.549913
0.472224 0.857143 0.097773 1.153465 0.008758 0.088331 0.034248 0.345400 0.978616 1.067241 0.809291 1.210300 0.420564 1.471964
0.500000 0.892860 0.177067 1.272742 0.015862 0.097465 0.062024 0.381117 1.023327 1.060309 0.214036 -0.149991 0.459093 1.409468
0.555556 0.928571 0.335668 1.392001 0.030069 0.106598 0.117579 0.416829 1.082075 1.031635 0.868039 1.181626 0.504489 1.295859
0.611111 0.964288 0.494270 1.511278 0.044277 0.115732 0.173135 0.452546 1.141626 1.005935 0.273586 -0.175691 0.554058 1.205396
0.722222 1.000000 0.811472 1.630537 0.072692 0.124864 0.284246 0.488257 1.233534 0.945311 0.959947 1.121003 0.629815 1.043594
0.777778 1.000000 0.970073 1.630537 0.086899 0.124864 0.339802 0.488257 1.266862 0.909753 0.306914 -0.211249 0.656762 0.962795
0.833333 1.000000 1.128675 1.630537 0.101107 0.124864 0.395357 0.488257 1.301708 0.876058 0.994794 1.087308 0.687152 0.890150
0.861113 1.000000 1.207981 1.630537 0.108211 0.124864 0.423137 0.488257 1.319665 0.859886 0.324871 -0.227422 0.703503 0.856728
0.888889 0.964288 1.287276 1.511278 0.115314 0.115732 0.450913 0.452546 1.311478 0.826062 0.986607 1.053484 0.693056 0.787205
0.916669 0.892860 1.366582 1.272742 0.122419 0.097465 0.478693 0.381117 1.279641 0.772241 0.293033 -0.281243 0.660353 0.672396
0.944444 0.821431 1.445877 1.034206 0.129522 0.079198 0.506468 0.309688 1.251689 0.715849 0.958655 0.997092 0.635254 0.548808
0.972224 0.750003 1.525184 0.795670 0.136626 0.060931 0.534248 0.238260 1.227894 0.657076 0.269239 -0.340016 0.618694 0.419499
1.000000 0.571429 1.604478 0.199321 0.143729 0.015264 0.562024 0.059686 1.151751 0.519146 0.882512 0.859162 0.577651 0.105801
1.000000 0.464288 1.604478 -0.158474 0.143729 -0.012136 0.562024 -0.047454 1.102526 0.434672 0.220014 -0.424490 0.562640 -0.084235
0.972224 0.392860 1.525184 -0.397010 0.136626 -0.030403 0.534248 -0.118883 1.048599 0.384022 0.828585 0.808512 0.536150 -0.218956
0.944444 0.321431 1.445877 -0.635546 0.129522 -0.048669 0.506468 -0.190312 0.997644 0.328042 0.169059 -0.480469 0.519705 -0.359439
0.916669 0.250003 1.366582 -0.874082 0.122419 -0.066936 0.478693 -0.261740 0.950149 0.266254 0.781090 0.746724 0.514277 -0.500369
0.833333 0.142857 1.128675 -1.231895 0.101107 -0.094337 0.395357 -0.368886 0.845490 0.169778 0.064400 -0.576945 0.493358 -0.750774
0.777778 0.107146 0.970073 -1.351154 0.086899 -0.103470 0.339802 -0.404597 0.785123 0.136897 0.720723 0.713842 0.474251 -0.872224
0.750002 0.071429 0.890779 -1.470431 0.079796 -0.112604 0.312026 -0.440314 0.753396 0.094951 0.032672 -0.618891 0.481370 -0.954293
0.694447 0.035712 0.732178 -1.589708 0.065588 -0.121738 0.256470 -0.476031 0.695364 0.051379 0.662692 0.670270 0.477068 -1.076617
0.638891 0.035712 0.573576 -1.589708 0.051381 -0.121738 0.200915 -0.476031 0.639888 0.055838 -0.022804 -0.614432 0.449648 -1.171416
0.555556 0.071429 0.335668 -1.470431 0.030069 -0.112604 0.117579 -0.440314 0.560129 0.127870 0.582932 0.742302 0.384944 -1.309850
0.527780 0.107146 0.256374 -1.351154 0.022966 -0.103470 0.089804 -0.404597 0.538546 0.200290 -0.044386 -0.542012 0.342803 -1.352379
0.500000 0.107146 0.177067 -1.351154 0.015862 -0.103470 0.062024 -0.404597 0.511351 0.211098 0.555738 0.753111 0.336594 -1.418683
0.500000 0.142857 0.177067 -1.231895 0.015862 -0.094337 0.062024 -0.368886 0.520008 0.278300 -0.035730 -0.474811 0.301566 -1.404216
0.472224 0.178574 0.097773 -1.112618 0.008758 -0.085203 0.034248 -0.333169 0.504861 0.361534 0.540591 0.836345 0.261653 -1.468361
0.500000 0.214286 0.177067 -0.993359 0.015862 -0.076070 0.062024 -0.297457 0.543984 0.404892 0.003393 -0.431453 0.232130 -1.365228
0.500000 0.250003 0.177067 -0.874082 0.015862 -0.066936 0.062024 -0.261740 0.559018 0.463652 0.555625 0.895105 0.197942 -1.338121
0.527780 0.285714 0.256374 -0.754823 0.022966 -0.057803 0.089804 -0.226029 0.600154 0.496179 0.044529 -0.398926 0.176772 -1.192610
0.527780 0.250003 0.256374 -0.874082 0.022966 -0.066936 0.089804 -0.261740 0.583997 0.442377 0.539469 0.841303 0.208324 -1.240279
0.527780 0.214286 0.256374 -0.993359 0.022966 -0.076070 0.089804 -0.297457 0.569623 0.385680 0.030154 -0.455623 0.241044 -1.277593
0.500000 0.178574 0.177067 -1.112618 0.015862 -0.085203 0.062024 -0.333169 0.530932 0.343029 0.500778 0.798652 0.266714 -1.386740
0.472224 0.142857 0.097773 -1.231895 0.008758 -0.094337 0.034248 -0.368886 0.493360 0.293767 -0.007418 -0.504885 0.297100 -1.478219
0.444444 0.107146 0.018466 -1.351154 0.001654 -0.103470 0.006468 -0.404597 0.457177 0.236564 0.464595 0.741449 0.330894 -1.554811
0.361113 0.035712 -0.219430 -1.589708 -0.019657 -0.121738 -0.076863 -0.476031 0.362875 0.098573 -0.101721 -0.642876 0.409542 1.410712
0.305558 0.035712 -0.378031 -1.589708 -0.033864 -0.121738 -0.132418 -0.476031 0.307637 0.116346 0.409358 0.759222 0.423499 1.299484
0.277778 0.000000 -0.457338 -1.708967 -0.040968 -0.130871 -0.160198 -0.511743 0.277778 0.000000 -0.131580 -0.759222 0.466355 1.267415
0.166667 0.035712 -0.774540 -1.589708 -0.069383 -0.121738 -0.271309 -0.476031 0.170450 0.211078 0.302030 0.970300 0.485207 1.052773
0.111111 0.071429 -0.933141 -1.470431 -0.083591 -0.112604 -0.326865 -0.440314 0.132090 0.571337 -0.169940 -0.398962 0.491119 0.932213
0.083331 0.107146 -1.012448 -1.351154 -0.090695 -0.103470 -0.354645 -0.404597 0.135736 0.909778 0.305676 1.308740 0.484997 0.851096
0.027776 0.214286 -1.171049 -0.993359 -0.104903 -0.076070 -0.410200 -0.297457 0.216078 1.441895 -0.089598 0.133155 0.467228 0.627407
0.000000 0.250003 -1.250344 -0.874082 -0.112006 -0.066936 -0.437976 -0.261740 0.250003 1.570796 0.339601 1.437641 0.476610 0.538662
0.027776 0.357143 -1.171049 -0.516287 -0.104903 -0.039537 -0.410200 -0.154600 0.358221 1.493181 0.018621 0.055540 0.418089 0.360426
0.055556 0.357143 -1.091743 -0.516287 -0.097798 -0.039537 -0.382421 -0.154600 0.361438 1.416478 0.342817 1.360938 0.390870 0.384179
0.138887 0.392860 -0.853847 -0.397010 -0.076488 -0.030403 -0.299089 -0.118883 0.416687 1.230982 0.073870 -0.129956 0.302473 0.378335
0.222222 0.392860 -0.615939 -0.397010 -0.055176 -0.030403 -0.215754 -0.118883 0.451355 1.056015 0.377485 1.185971 0.220421 0.503620
0.333333 0.392860 -0.298736 -0.397010 -0.026761 -0.030403 -0.104643 -0.118883 0.515218 0.867186 0.137733 -0.318785 0.113954 0.849020
0.388889 0.357143 -0.140135 -0.516287 -0.012553 -0.039537 -0.049087 -0.154600 0.528002 0.742871 0.390268 1.061656 0.094570 1.263353
0.444444 0.250003 0.018466 -0.874082 0.001654 -0.066936 0.006468 -0.261740 0.509934 0.512394 0.119665 -0.549262 0.188085 -1.546088
0.444444 0.214286 0.018466 -0.993359 0.001654 -0.076070 0.006468 -0.297457 0.493406 0.449260 0.373741 0.998522 0.223784 -1.549054
