0.000000 0.441177 -1.428197 0.045831 -0.108924 0.003258 -0.454637 0.013598 0.441177 1.570796 0.441177 1.570796 0.454837 -0.029900
0.031252 0.441177 -1.330021 0.045831 -0.101437 0.003258 -0.423385 0.013598 0.442282 1.500076 0.001106 -0.070720 0.423599 -0.032106
0.031252 0.470591 -1.330021 0.144969 -0.101437 0.010305 -0.423385 0.043012 0.471627 1.504483 0.470522 1.575203 0.423686 -0.101243
0.031252 0.500000 -1.330021 0.244092 -0.101437 0.017351 -0.423385 0.072421 0.500976 1.508373 0.030454 -0.066830 0.425808 -0.169413
0.031252 0.529414 -1.330021 0.343230 -0.101437 0.024398 -0.423385 0.101835 0.530335 1.511833 0.499881 1.578663 0.429938 -0.236042
0.031252 0.558823 -1.330021 0.442353 -0.101437 0.031444 -0.423385 0.131244 0.559696 1.514929 0.059815 -0.063734 0.436016 -0.300595
0.031252 0.617647 -1.330021 0.640614 -0.101437 0.045537 -0.423385 0.190068 0.618437 1.520241 0.558622 1.583974 0.453682 -0.421959
0.031252 0.647060 -1.330021 0.739752 -0.101437 0.052584 -0.423385 0.219482 0.647815 1.522535 0.089193 -0.061439 0.465061 -0.478257
0.031252 0.705884 -1.330021 0.938013 -0.101437 0.066678 -0.423385 0.278305 0.706575 1.526551 0.617382 1.587991 0.492321 -0.581513
0.062500 0.764707 -1.231860 1.136274 -0.093950 0.080771 -0.392138 0.337128 0.767257 1.489247 0.149875 -0.098743 0.499915 -0.710109
0.093752 0.794116 -1.133685 1.235397 -0.086463 0.087817 -0.360885 0.366537 0.799631 1.453282 0.649757 1.552025 0.495464 -0.793168
0.124999 0.794116 -1.035524 1.235397 -0.078976 0.087817 -0.329638 0.366537 0.803894 1.414670 0.154137 -0.137355 0.473188 -0.838352
0.156252 0.823530 -0.937348 1.334535 -0.071489 0.094864 -0.298386 0.395951 0.838222 1.383291 0.684085 1.520646 0.474464 -0.925000
0.187499 0.823530 -0.839187 1.334535 -0.064002 0.094864 -0.267138 0.395951 0.844605 1.346935 0.160520 -0.173711 0.455461 -0.977270
0.218751 0.794116 -0.741012 1.235397 -0.056515 0.087817 -0.235886 0.366537 0.823695 1.301998 0.663174 1.475709 0.413386 -0.998967
0.249999 0.764707 -0.642851 1.136274 -0.049028 0.080771 -0.204639 0.337128 0.804535 1.254828 0.141360 -0.220881 0.371511 -1.025242
0.281251 0.735293 -0.544675 1.037136 -0.041541 0.073724 -0.173386 0.307714 0.787247 1.205465 0.645887 1.426346 0.329895 -1.057674
0.312499 0.676470 -0.446515 0.838875 -0.034054 0.059630 -0.142139 0.248891 0.745162 1.138045 0.099275 -0.288301 0.263464 -1.051906
0.343751 0.617647 -0.348339 0.640614 -0.026567 0.045537 -0.110887 0.190068 0.706861 1.062939 0.607585 1.351239 0.197149 -1.042668
0.374998 0.588237 -0.250178 0.541491 -0.019080 0.038491 -0.079639 0.160658 0.697601 1.003262 0.090016 -0.347977 0.155535 -1.110590
0.374998 0.558823 -0.250178 0.442353 -0.019080 0.031444 -0.079639 0.131244 0.672984 0.979765 0.582968 1.327742 0.131138 -1.025392
0.406250 0.558823 -0.152003 0.442353 -0.011593 0.031444 -0.048387 0.131244 0.690886 0.942195 0.107917 -0.385548 0.114874 -1.217580
0.406250 0.588237 -0.152003 0.541491 -0.011593 0.038491 -0.048387 0.160658 0.714886 0.966391 0.606969 1.351939 0.142092 -1.278258
0.406250 0.617647 -0.152003 0.640614 -0.011593 0.045537 -0.048387 0.190068 0.739274 0.989000 0.132306 -0.362939 0.170039 -1.321514
0.406250 0.647060 -0.152003 0.739752 -0.011593 0.052584 -0.048387 0.219482 0.764020 1.010157 0.631714 1.373096 0.198413 -1.353807
0.406250 0.676470 -0.152003 0.838875 -0.011593 0.059630 -0.048387 0.248891 0.789082 1.029976 0.157368 -0.343120 0.227048 -1.378781
0.406250 0.735293 -0.152003 1.037136 -0.011593 0.073724 -0.048387 0.307714 0.840057 1.066035 0.682689 1.409155 0.284796 -1.414827
0.437503 0.823530 -0.053827 1.334535 -0.004105 0.094864 -0.017135 0.395951 0.932529 1.082460 0.249840 -0.326694 0.369291 -1.527549
0.468750 0.852940 0.044334 1.433658 0.003381 0.101910 0.014113 0.425361 0.973259 1.068283 0.723419 1.394978 0.398552 1.537630
0.500002 0.882353 0.142509 1.532796 0.010869 0.108957 0.045365 0.454775 1.014175 1.055246 0.290756 -0.339732 0.430115 1.471373
0.562502 0.941177 0.338846 1.731057 0.025843 0.123050 0.107865 0.513598 1.096459 1.032100 0.805703 1.371832 0.498353 1.363787
0.593750 0.970591 0.437007 1.830195 0.033329 0.130097 0.139112 0.543012 1.137798 1.021789 0.332095 -0.350044 0.534378 1.320004
0.625002 0.970591 0.535182 1.830195 0.040817 0.130097 0.170364 0.543012 1.154415 0.998693 0.822320 1.348737 0.543352 1.266782
0.687501 1.000000 0.731519 1.929318 0.055791 0.137143 0.232864 0.572421 1.213531 0.968508 0.391212 -0.380229 0.592998 1.184437
0.718749 1.000000 0.829680 1.929318 0.063277 0.137143 0.264112 0.572421 1.231503 0.947598 0.840291 1.327827 0.605950 1.138508
0.750001 0.970591 0.927855 1.830195 0.070765 0.130097 0.295364 0.543012 1.226600 0.912908 0.386309 -0.414918 0.594515 1.072620
0.781249 0.970591 1.026016 1.830195 0.078251 0.130097 0.326611 0.543012 1.245952 0.893062 0.859643 1.307980 0.610641 1.029288
0.843748 0.941177 1.222352 1.731057 0.093225 0.123050 0.389111 0.513598 1.264011 0.839928 0.404368 -0.468052 0.622999 0.922437
0.875001 0.911763 1.320528 1.631919 0.100713 0.116003 0.420363 0.484184 1.263700 0.805970 0.859332 1.274022 0.621023 0.855837
0.937500 0.794116 1.516864 1.235397 0.115687 0.087817 0.482863 0.366537 1.228628 0.702783 0.369297 -0.571239 0.590256 0.649295
0.968748 0.735293 1.615025 1.037136 0.123173 0.073724 0.514110 0.307714 1.216194 0.649245 0.846897 1.220484 0.585728 0.539343
0.968748 0.676470 1.615025 0.838875 0.123173 0.059630 0.514110 0.248891 1.181560 0.609579 0.334663 -0.610905 0.559928 0.450863
0.968748 0.617647 1.615025 0.640614 0.123173 0.045537 0.514110 0.190068 1.148895 0.567589 0.814232 1.178494 0.539334 0.354118
1.000000 0.558823 1.713201 0.442353 0.130661 0.031444 0.545363 0.131244 1.145549 0.509592 0.331317 -0.668902 0.555225 0.236164
1.000000 0.500000 1.713201 0.244092 0.130661 0.017351 0.545363 0.072421 1.118034 0.463648 0.786717 1.132549 0.547246 0.132022
1.000000 0.382353 1.713201 -0.152430 0.130661 -0.010835 0.545363 -0.045225 1.070605 0.365202 0.283888 -0.767348 0.550132 -0.082738
0.968748 0.323530 1.615025 -0.350691 0.123173 -0.024928 0.514110 -0.104049 1.021344 0.322321 0.737457 1.089669 0.530564 -0.199689
0.968748 0.264707 1.615025 -0.548952 0.123173 -0.039022 0.514110 -0.162872 1.004262 0.266735 0.266805 -0.822933 0.548072 -0.306801
0.906248 0.205884 1.418689 -0.747213 0.108199 -0.053115 0.451611 -0.221695 0.929340 0.223391 0.662535 1.046324 0.515588 -0.456340
0.906248 0.147060 1.418689 -0.945474 0.108199 -0.067208 0.451611 -0.280518 0.918103 0.160872 0.255567 -0.885453 0.546403 -0.555827
0.843748 0.147060 1.222352 -0.945474 0.093225 -0.067208 0.389111 -0.280518 0.856468 0.172561 0.600901 1.058013 0.495995 -0.624630
0.812501 0.117651 1.124192 -1.044597 0.085739 -0.074254 0.357864 -0.309928 0.820975 0.143802 0.220074 -0.914212 0.491555 -0.713739
0.781249 0.088237 1.026016 -1.143735 0.078251 -0.081301 0.326611 -0.339342 0.786216 0.112467 0.566142 1.026679 0.490840 -0.804512
0.718749 0.058828 0.829680 -1.242858 0.063277 -0.088347 0.264112 -0.368751 0.721152 0.081665 0.155010 -0.945013 0.475836 -0.949259
0.687501 0.058828 0.731519 -1.242858 0.055791 -0.088347 0.232864 -0.368751 0.690014 0.085359 0.535003 1.030373 0.459229 -1.007541
0.656249 0.058828 0.633343 -1.242858 0.048303 -0.088347 0.201612 -0.368751 0.658881 0.089403 0.123877 -0.940970 0.444199 -1.070458
0.593750 0.058828 0.437007 -1.242858 0.033329 -0.088347 0.139112 -0.368751 0.596657 0.098756 0.472779 1.039726 0.419544 -1.210053
0.562502 0.058828 0.338846 -1.242858 0.025843 -0.088347 0.107865 -0.368751 0.565570 0.104203 0.092790 -0.935522 0.410244 -1.286222
0.531250 0.058828 0.240670 -1.242858 0.018355 -0.088347 0.076612 -0.368751 0.534497 0.110285 0.441707 1.045807 0.403156 -1.365949
0.500002 0.088237 0.142509 -1.143735 0.010869 -0.081301 0.045365 -0.339342 0.507728 0.174675 0.066022 -0.871132 0.369198 -1.437899
0.468750 0.117651 0.044334 -1.044597 0.003381 -0.074254 0.014113 -0.309928 0.483289 0.245909 0.417267 1.117041 0.337282 -1.525292
0.437503 0.147060 -0.053827 -0.945474 -0.004105 -0.067208 -0.017135 -0.280518 0.461558 0.324271 0.044290 -0.792771 0.308054 1.509790
0.437503 0.176474 -0.053827 -0.846336 -0.004105 -0.060161 -0.017135 -0.251105 0.471754 0.383406 0.427464 1.176176 0.278690 1.502665
0.406250 0.205884 -0.152003 -0.747213 -0.011593 -0.053115 -0.048387 -0.221695 0.455442 0.469065 0.027978 -0.707112 0.253416 1.355908
0.406250 0.235298 -0.152003 -0.648075 -0.011593 -0.046068 -0.048387 -0.192281 0.469472 0.524980 0.441494 1.232092 0.224614 1.324269
0.374998 0.235298 -0.250178 -0.648075 -0.019080 -0.046068 -0.079639 -0.192281 0.442706 0.560368 0.001212 -0.671723 0.233350 1.178126
0.343751 0.264707 -0.348339 -0.548952 -0.026567 -0.039022 -0.110887 -0.162872 0.433860 0.656213 0.432648 1.327936 0.219930 0.973059
0.312499 0.294121 -0.446515 -0.449814 -0.034054 -0.031975 -0.142139 -0.133458 0.429141 0.755112 -0.003506 -0.572824 0.214404 0.753911
0.249999 0.294121 -0.642851 -0.449814 -0.049028 -0.031975 -0.204639 -0.133458 0.386014 0.866310 0.389520 1.439134 0.260082 0.577896
0.218751 0.294121 -0.741012 -0.449814 -0.056515 -0.031975 -0.235886 -0.133458 0.366550 0.931309 -0.022970 -0.507825 0.285321 0.514873
0.187499 0.294121 -0.839187 -0.449814 -0.064002 -0.031975 -0.267138 -0.133458 0.348802 1.003266 0.371772 1.511090 0.311654 0.463315
0.156252 0.264707 -0.937348 -0.548952 -0.071489 -0.039022 -0.298386 -0.162872 0.307383 1.037553 -0.064389 -0.473537 0.353706 0.499647
0.124999 0.264707 -1.035524 -0.548952 -0.078976 -0.039022 -0.329638 -0.162872 0.292736 1.129620 0.357125 1.603157 0.380440 0.458911
0.124999 0.235298 -1.035524 -0.648075 -0.078976 -0.046068 -0.329638 -0.192281 0.266439 1.082470 -0.090686 -0.520687 0.395943 0.528058
0.093752 0.205884 -1.133685 -0.747213 -0.086463 -0.053115 -0.360885 -0.221695 0.226224 1.143491 0.316911 1.664178 0.438311 0.550875
0.093752 0.147060 -1.133685 -0.945474 -0.086463 -0.067208 -0.360885 -0.280518 0.174402 1.003254 -0.142508 -0.660923 0.474175 0.660749
0.093752 0.117651 -1.133685 -1.044597 -0.086463 -0.074254 -0.360885 -0.309928 0.150437 0.897970 0.292945 1.558893 0.493759 0.709580
0.093752 0.088237 -1.133685 -1.143735 -0.086463 -0.081301 -0.360885 -0.339342 0.128745 0.755105 -0.164200 -0.803789 0.514283 0.754641
0.124999 0.058828 -1.035524 -1.242858 -0.078976 -0.088347 -0.329638 -0.368751 0.138150 0.439872 0.302351 1.243661 0.515098 0.841345
0.187499 0.029414 -0.839187 -1.341996 -0.064002 -0.095394 -0.267138 -0.398165 0.189792 0.155606 -0.112558 -1.088054 0.502173 0.979853
0.218751 0.000000 -0.741012 -1.441134 -0.056515 -0.102441 -0.235886 -0.427579 0.218751 0.000000 0.331310 1.088054 0.512189 1.066665
0.281251 0.000000 -0.544675 -1.441134 -0.041541 -0.102441 -0.173386 -0.427579 0.281251 0.000000 -0.050059 -1.088054 0.486578 1.185551
0.374998 0.000000 -0.250178 -1.441134 -0.019080 -0.102441 -0.079639 -0.427579 0.374998 0.000000 0.425057 1.088054 0.461560 1.386650
0.406250 0.000000 -0.152003 -1.441134 -0.011593 -0.102441 -0.048387 -0.427579 0.406250 0.000000 -0.018806 -1.088054 0.457205 1.458111
0.468750 0.029414 0.044334 -1.341996 0.003381 -0.095394 0.014113 -0.398165 0.469672 0.062667 0.488478 1.150722 0.425458 -1.535367
0.531250 0.058828 0.240670 -1.242858 0.018355 -0.088347 0.076612 -0.368751 0.534497 0.110285 0.046019 -1.040436 0.403156 -1.365949
0.593750 0.088237 0.437007 -1.143735 0.033329 -0.081301 0.139112 -0.339342 0.600270 0.147530 0.554252 1.187967 0.391920 -1.181744
0.593750 0.117651 0.437007 -1.044597 0.033329 -0.074254 0.139112 -0.309928 0.605294 0.195615 0.051042 -0.992351 0.364571 -1.148896
0.625002 0.117651 0.535182 -1.044597 0.040817 -0.074254 0.170364 -0.309928 0.635979 0.186064 0.584937 1.178415 0.377603 -1.068191
0.656249 0.147060 0.633343 -0.945474 0.048303 -0.067208 0.201612 -0.280518 0.672525 0.220450 0.087588 -0.957965 0.367765 -0.947622
0.656249 0.176474 0.633343 -0.846336 0.048303 -0.060161 0.201612 -0.251105 0.679563 0.262699 0.591975 1.220664 0.343543 -0.894290
0.687501 0.176474 0.731519 -0.846336 0.055791 -0.060161 0.232864 -0.251105 0.709790 0.251264 0.117815 -0.969399 0.362768 -0.823070
0.656249 0.176474 0.633343 -0.846336 0.048303 -0.060161 0.201612 -0.251105 0.679563 0.262699 0.561749 1.232098 0.343543 -0.894290
