0.000000 0.645165 -1.292048 0.331756 -0.110946 0.025996 -0.398334 0.093335 0.645165 1.570796 0.645165 1.570796 0.468610 -0.230162
0.000000 0.677420 -1.292048 0.446407 -0.110946 0.034980 -0.398334 0.125591 0.677420 1.570796 0.032256 0.000000 0.486373 -0.305425
0.000000 0.709681 -1.292048 0.561076 -0.110946 0.043965 -0.398334 0.157851 0.709681 1.570796 0.677425 1.570796 0.505576 -0.377294
0.000000 0.741936 -1.292048 0.675727 -0.110946 0.052949 -0.398334 0.190107 0.741936 1.570796 0.064511 0.000000 0.526054 -0.445287
0.017858 0.806452 -1.234122 0.905046 -0.105972 0.070919 -0.380475 0.254623 0.806650 1.548655 0.742139 1.548655 0.557962 -0.589770
0.053573 0.838713 -1.118278 1.019715 -0.096024 0.079904 -0.344761 0.286883 0.840422 1.507008 0.098283 -0.041647 0.559280 -0.694023
0.107143 0.870968 -0.944517 1.134366 -0.081104 0.088888 -0.291191 0.319139 0.877533 1.448396 0.779250 1.490043 0.555136 -0.831157
0.125001 0.870968 -0.886590 1.134366 -0.076130 0.088888 -0.273333 0.319139 0.879892 1.428250 0.100642 -0.061793 0.545980 -0.862558
0.160715 0.870968 -0.770747 1.134366 -0.066183 0.088888 -0.237618 0.319139 0.885672 1.388324 0.785030 1.450117 0.529005 -0.930785
0.178571 0.870968 -0.712829 1.134366 -0.061209 0.088888 -0.219763 0.319139 0.889085 1.368573 0.104056 -0.081544 0.521228 -0.967754
0.178571 0.806452 -0.712829 0.905046 -0.061209 0.070919 -0.219763 0.254623 0.825986 1.352885 0.721930 1.434429 0.463526 -0.858751
0.178571 0.741936 -0.712829 0.675727 -0.061209 0.052949 -0.219763 0.190107 0.763123 1.334606 0.041193 -0.099822 0.407870 -0.713169
0.178571 0.645165 -0.712829 0.331756 -0.061209 0.025996 -0.219763 0.093335 0.669421 1.300773 0.628229 1.400595 0.330486 -0.401624
0.178571 0.548388 -0.712829 -0.012232 -0.061209 -0.000958 -0.219763 -0.003441 0.576730 1.255996 -0.051499 -0.144599 0.266105 0.015657
0.160715 0.322580 -0.770747 -0.814858 -0.066183 -0.063852 -0.237618 -0.229250 0.360399 1.108575 0.411897 1.253174 0.249402 0.767474
0.142857 0.258064 -0.828673 -1.044178 -0.071157 -0.081821 -0.255477 -0.293765 0.294966 1.065215 -0.116931 -0.187959 0.291452 0.854997
0.125001 0.161292 -0.886590 -1.388148 -0.076130 -0.108774 -0.273333 -0.390537 0.204060 0.911488 0.320991 1.099447 0.361800 0.960145
0.125001 0.129032 -0.886590 -1.502817 -0.076130 -0.117760 -0.273333 -0.422797 0.179651 0.801265 -0.141340 -0.298183 0.383711 0.996895
0.107143 0.064516 -0.944517 -1.732136 -0.081104 -0.135729 -0.291191 -0.487313 0.125067 0.541999 0.266408 0.840182 0.442975 1.032185
0.107143 0.032260 -0.944517 -1.846787 -0.081104 -0.144713 -0.291191 -0.519569 0.111894 0.292464 -0.154514 -0.547718 0.467763 1.059967
0.125001 0.000000 -0.886590 -1.961456 -0.076130 -0.153698 -0.273333 -0.551829 0.125001 0.000000 0.279515 0.547718 0.483095 1.110899
0.142857 0.000000 -0.828673 -1.961456 -0.071157 -0.153698 -0.255477 -0.551829 0.142857 0.000000 -0.136658 -0.547718 0.473221 1.137214
0.178571 0.032260 -0.712829 -1.846787 -0.061209 -0.144713 -0.219763 -0.519569 0.181462 0.178731 0.318119 0.726449 0.426972 1.170645
0.196429 0.064516 -0.654903 -1.732136 -0.056235 -0.135729 -0.201904 -0.487313 0.206753 0.317343 -0.111366 -0.409106 0.390128 1.178005
0.214285 0.096776 -0.596986 -1.617468 -0.051262 -0.126744 -0.184049 -0.455053 0.235125 0.424204 0.346491 0.833310 0.353285 1.186455
0.232144 0.225808 -0.539059 -1.158829 -0.046288 -0.090805 -0.166190 -0.326021 0.323852 0.771565 -0.022640 -0.061745 0.239550 1.099377
0.232144 0.290324 -0.539059 -0.929509 -0.046288 -0.072836 -0.166190 -0.261505 0.371724 0.896299 0.394364 0.958044 0.198205 1.004672
0.249999 0.354840 -0.481142 -0.700190 -0.041315 -0.054866 -0.148334 -0.196989 0.434064 0.957030 0.039700 -0.001014 0.154579 0.925373
0.249999 0.419356 -0.481142 -0.470870 -0.041315 -0.036897 -0.148334 -0.132473 0.488221 1.033212 0.448521 1.034226 0.149817 0.728974
0.267858 0.483872 -0.423216 -0.241551 -0.036341 -0.018928 -0.130476 -0.067957 0.553064 1.065215 0.104544 0.030989 0.156015 0.480181
0.267858 0.516133 -0.423216 -0.126883 -0.036341 -0.009942 -0.130476 -0.035697 0.581499 1.092088 0.476955 1.061098 0.175786 0.267054
0.285714 0.483872 -0.365298 -0.241551 -0.031367 -0.018928 -0.112620 -0.067957 0.561929 1.037411 0.084974 -0.023687 0.141422 0.542930
0.285714 0.451617 -0.365298 -0.356202 -0.031367 -0.027912 -0.112620 -0.100213 0.534406 1.006718 0.449432 1.030405 0.124589 0.727167
0.303572 0.387096 -0.307372 -0.585539 -0.026393 -0.045882 -0.094762 -0.164734 0.491934 0.905746 0.042502 -0.124659 0.095426 1.048780
0.321430 0.322580 -0.249446 -0.814858 -0.021419 -0.063852 -0.076903 -0.229250 0.455385 0.787183 0.412882 0.911842 0.107948 1.247136
0.321430 0.290324 -0.249446 -0.929509 -0.021419 -0.072836 -0.076903 -0.261505 0.433135 0.734595 0.020252 -0.177247 0.132590 1.284780
0.339286 0.225808 -0.191528 -1.158829 -0.016446 -0.090805 -0.059047 -0.326021 0.407559 0.587222 0.387307 0.764469 0.182350 1.391623
0.357145 0.193548 -0.133602 -1.273497 -0.011472 -0.099790 -0.041189 -0.358281 0.406218 0.496628 0.018911 -0.267842 0.208887 1.456336
0.375000 0.193548 -0.075685 -1.273497 -0.006499 -0.099790 -0.023333 -0.358281 0.422002 0.476466 0.403091 0.744308 0.206111 1.505763
0.392859 0.161292 -0.017758 -1.388148 -0.001525 -0.108774 -0.005475 -0.390537 0.424680 0.389577 0.021589 -0.354731 0.237104 1.556778
0.410715 0.161292 0.040159 -1.388148 0.003448 -0.108774 0.012381 -0.390537 0.441250 0.374208 0.419661 0.728938 0.237364 -1.539105
0.428573 0.161292 0.098085 -1.388148 0.008422 -0.108774 0.030239 -0.390537 0.457919 0.359952 0.038258 -0.368987 0.238962 -1.493520
0.446429 0.161292 0.156003 -1.388148 0.013396 -0.108774 0.048095 -0.390537 0.474672 0.346701 0.436414 0.715688 0.241871 -1.448262
0.446429 0.225808 0.156003 -1.158829 0.013396 -0.090805 0.048095 -0.326021 0.500288 0.468285 0.063874 -0.247403 0.179104 -1.424331
0.464287 0.354840 0.213929 -0.700190 0.018370 -0.054866 0.065954 -0.196989 0.584358 0.652571 0.520484 0.899974 0.079003 -1.247719
0.464287 0.419356 0.213929 -0.470870 0.018370 -0.036897 0.065954 -0.132473 0.625637 0.734595 0.105153 -0.165379 0.069223 -1.108859
0.464287 0.516133 0.213929 -0.126883 0.018370 -0.009942 0.065954 -0.035697 0.694230 0.838230 0.589077 1.003609 0.135005 -0.496093
0.464287 0.645165 0.213929 0.331756 0.018370 0.025996 0.065954 0.093335 0.794858 0.947009 0.205781 -0.056599 0.255490 0.955634
0.482143 0.709681 0.271846 0.561076 0.023343 0.043965 0.083809 0.157851 0.857968 0.974044 0.652186 1.030643 0.322430 1.082705
0.482143 0.774197 0.271846 0.790395 0.023343 0.061935 0.083809 0.222367 0.912054 1.013805 0.259868 -0.016838 0.385093 1.210365
0.482143 0.870968 0.271846 1.134366 0.023343 0.088888 0.083809 0.319139 0.995514 1.065215 0.735646 1.082053 0.480008 1.313984
0.464287 0.903228 0.213929 1.249034 0.018370 0.097873 0.065954 0.351399 1.015571 1.095987 0.279925 0.013934 0.509184 1.385266
0.446429 0.935484 0.156003 1.363685 0.013396 0.106857 0.048095 0.383655 1.036547 1.125541 0.756622 1.111607 0.539299 1.446087
0.446429 0.967744 0.156003 1.478354 0.013396 0.115843 0.048095 0.415915 1.065752 1.138578 0.309131 0.026972 0.571438 1.455671
0.428573 1.000000 0.098085 1.593005 0.008422 0.124827 0.030239 0.448171 1.087968 1.165903 0.778838 1.138932 0.602426 1.503426
0.410715 1.000000 0.040159 1.593005 0.003448 0.124827 0.012381 0.448171 1.081058 1.181088 0.302220 0.042156 0.601794 1.543178
0.446429 1.000000 0.156003 1.593005 0.013396 0.124827 0.048095 0.448171 1.095125 1.150916 0.792904 1.108760 0.603586 1.463891
0.482143 1.000000 0.271846 1.593005 0.023343 0.124827 0.083809 0.448171 1.110163 1.121536 0.317259 0.012776 0.607475 1.385929
0.535716 1.000000 0.445616 1.593005 0.038264 0.124827 0.137382 0.448171 1.134456 1.078986 0.817198 1.066210 0.617152 1.273351
0.589285 0.967744 0.619377 1.478354 0.053185 0.115843 0.190952 0.415915 1.133043 1.023839 0.315845 -0.042371 0.600576 1.140390
0.732142 0.935484 1.082752 1.363685 0.092974 0.106857 0.333809 0.383655 1.187924 0.906734 0.872078 0.949106 0.632423 0.854762
0.785715 0.903228 1.256522 1.249034 0.107895 0.097873 0.387381 0.351399 1.197151 0.854864 0.325072 -0.094241 0.636383 0.736732
0.839285 0.870968 1.430283 1.134366 0.122816 0.088888 0.440951 0.319139 1.209539 0.803922 0.884467 0.898163 0.646391 0.626489
0.946430 0.806452 1.777823 0.905046 0.152658 0.070919 0.548096 0.254623 1.243421 0.705711 0.358954 -0.192451 0.683352 0.434894
1.000000 0.709681 1.951584 0.561076 0.167579 0.043965 0.601666 0.157851 1.226233 0.617193 0.867279 0.809645 0.677451 0.256574
1.000000 0.677420 1.951584 0.446407 0.167579 0.034980 0.601666 0.125591 1.207849 0.595410 0.340570 -0.214234 0.663243 0.205783
0.964286 0.612904 1.835741 0.217088 0.157632 0.017011 0.565952 0.061075 1.142584 0.566189 0.802014 0.780423 0.605262 0.107499
0.928572 0.580649 1.719897 0.102437 0.147684 0.008027 0.530238 0.028819 1.095170 0.558825 0.293156 -0.221598 0.560706 0.054298
0.892857 0.580649 1.604053 0.102437 0.137737 0.008027 0.494524 0.028819 1.065057 0.576605 0.771901 0.798202 0.527060 0.058211
0.839285 0.580649 1.430283 0.102437 0.122816 0.008027 0.440951 0.028819 1.020564 0.605227 0.248663 -0.192976 0.477155 0.065264
0.821429 0.580649 1.372366 0.102437 0.117843 0.008027 0.423095 0.028819 1.005932 0.615326 0.757269 0.808302 0.460704 0.068010
0.839285 0.677420 1.430283 0.446407 0.122816 0.034980 0.440951 0.125591 1.078562 0.679079 0.321294 -0.129222 0.521850 0.277471
0.839285 0.709681 1.430283 0.561076 0.122816 0.043965 0.440951 0.157851 1.099111 0.701921 0.777817 0.831144 0.539791 0.343765
0.839285 0.774197 1.430283 0.790395 0.122816 0.061935 0.440951 0.222367 1.141832 0.745080 0.364014 -0.086064 0.579406 0.467074
0.857143 0.806452 1.488210 0.905046 0.127790 0.070919 0.458810 0.254623 1.176886 0.754937 0.812871 0.841001 0.614058 0.506646
