0.203702 0.593750 -0.773044 0.206429 -0.065851 0.016092 -0.249027 0.060856 0.627721 1.240302 0.627721 1.240302 0.286184 -0.239677
0.185185 0.593750 -0.830526 0.206429 -0.070747 0.016092 -0.267544 0.060856 0.621958 1.268466 -0.005762 0.028165 0.302434 -0.223655
0.166665 0.593750 -0.888016 0.206429 -0.075645 0.016092 -0.286064 0.060856 0.616698 1.297139 0.622460 1.268974 0.318935 -0.209610
0.129628 0.593750 -1.002989 0.206429 -0.085438 0.016092 -0.323101 0.060856 0.607735 1.355848 -0.014725 0.086873 0.352535 -0.186168
0.111111 0.624997 -1.060471 0.312424 -0.090335 0.024355 -0.341618 0.092103 0.634797 1.394856 0.649522 1.307982 0.382595 -0.263347
0.055554 0.687497 -1.232934 0.524429 -0.105026 0.040882 -0.397175 0.154603 0.689738 1.490165 0.040216 0.182183 0.461372 -0.371211
0.037037 0.718749 -1.290416 0.630440 -0.109923 0.049146 -0.415692 0.185855 0.719703 1.519312 0.679486 1.337129 0.493524 -0.420438
0.018517 0.749996 -1.347907 0.736435 -0.114820 0.057409 -0.434212 0.217103 0.750225 1.546112 0.070739 0.208982 0.526220 -0.463641
0.000000 0.781249 -1.405389 0.842445 -0.119716 0.065673 -0.452729 0.248355 0.781249 1.570796 0.710510 1.361814 0.559365 -0.501747
0.000000 0.812496 -1.405389 0.948440 -0.119716 0.073936 -0.452729 0.279602 0.812496 1.570796 0.101986 0.208982 0.578270 -0.553255
0.018517 0.875001 -1.347907 1.160462 -0.114820 0.090464 -0.434212 0.342107 0.875197 1.549637 0.773210 1.340655 0.605684 -0.667307
0.055554 0.906248 -1.232934 1.266456 -0.105026 0.098727 -0.397175 0.373354 0.907949 1.509572 0.134739 0.168917 0.602849 -0.754493
0.074074 0.906248 -1.175444 1.266456 -0.100129 0.098727 -0.378655 0.373354 0.909270 1.489241 0.774532 1.320324 0.590812 -0.778350
0.111111 0.906248 -1.060471 1.266456 -0.090335 0.098727 -0.341618 0.373354 0.913034 1.448800 0.138503 0.128476 0.567787 -0.829757
0.129628 0.875001 -1.002989 1.160462 -0.085438 0.090464 -0.323101 0.342107 0.884550 1.423720 0.746048 1.295244 0.531702 -0.813962
0.148148 0.812496 -0.945498 0.948440 -0.080541 0.073936 -0.304581 0.279602 0.825892 1.390441 0.079844 0.095197 0.471383 -0.742666
0.148148 0.624997 -0.945498 0.312424 -0.080541 0.024355 -0.304581 0.092103 0.642315 1.338054 0.562471 1.242857 0.349922 -0.293651
0.148148 0.531250 -0.945498 -0.005577 -0.080541 -0.000435 -0.304581 -0.001644 0.551520 1.298838 -0.010951 0.055982 0.314539 0.005398
0.148148 0.437498 -0.945498 -0.323593 -0.080541 -0.025226 -0.304581 -0.095396 0.461901 1.244290 0.472852 1.188308 0.304961 0.303526
0.148148 0.343751 -0.945498 -0.641593 -0.080541 -0.050016 -0.304581 -0.189143 0.374316 1.163875 -0.098536 -0.024433 0.323490 0.555714
0.166665 0.281251 -0.888016 -0.853599 -0.075645 -0.066543 -0.286064 -0.251643 0.326924 1.035847 0.425460 1.060280 0.333522 0.721471
0.185185 0.187499 -0.830526 -1.171615 -0.070747 -0.091334 -0.267544 -0.345395 0.263533 0.791607 -0.161928 -0.268673 0.376731 0.911735
0.240739 0.062500 -0.658071 -1.595626 -0.056057 -0.124388 -0.211990 -0.470394 0.248720 0.254008 0.410648 0.522681 0.444093 1.147391
0.277776 0.031252 -0.543098 -1.701621 -0.046263 -0.132651 -0.174953 -0.501642 0.279529 0.112037 -0.131119 -0.410643 0.456345 1.235227
0.314813 0.000000 -0.428126 -1.807632 -0.036469 -0.140915 -0.137915 -0.532894 0.314813 0.000000 0.445932 0.410643 0.473270 1.317548
0.333333 0.000000 -0.370635 -1.807632 -0.031572 -0.140915 -0.119396 -0.532894 0.333333 0.000000 -0.112599 -0.410643 0.468208 1.350385
0.351850 0.000000 -0.313153 -1.807632 -0.026676 -0.140915 -0.100878 -0.532894 0.351850 0.000000 0.464449 0.410643 0.463832 1.383707
0.370370 0.031252 -0.255662 -1.701621 -0.021778 -0.132651 -0.082359 -0.501642 0.371687 0.084182 -0.092763 -0.326462 0.429448 1.408070
0.370370 0.062500 -0.255662 -1.595626 -0.021778 -0.124388 -0.082359 -0.470394 0.375607 0.167174 0.468369 0.493636 0.398825 1.397469
0.388887 0.156252 -0.198180 -1.277610 -0.016882 -0.099597 -0.063841 -0.376642 0.419104 0.382050 -0.049266 -0.111586 0.303273 1.402891
0.388887 0.187499 -0.198180 -1.171615 -0.016882 -0.091334 -0.063841 -0.345395 0.431728 0.449260 0.480994 0.560846 0.272805 1.388023
0.388887 0.218751 -0.198180 -1.065604 -0.016882 -0.083070 -0.063841 -0.314143 0.446190 0.512394 -0.034804 -0.048452 0.242531 1.370302
0.388887 0.249999 -0.198180 -0.959610 -0.016882 -0.074807 -0.063841 -0.282895 0.462313 0.571337 0.497116 0.619789 0.212545 1.348843
0.388887 0.281251 -0.198180 -0.853599 -0.016882 -0.066543 -0.063841 -0.251643 0.479933 0.626140 -0.017183 0.006351 0.182976 1.322340
0.388887 0.249999 -0.198180 -0.959610 -0.016882 -0.074807 -0.063841 -0.282895 0.462313 0.571337 0.479496 0.564986 0.212545 1.348843
0.388887 0.218751 -0.198180 -1.065604 -0.016882 -0.083070 -0.063841 -0.314143 0.446190 0.512394 -0.033306 -0.052593 0.242531 1.370302
0.407407 0.187499 -0.140690 -1.171615 -0.011984 -0.091334 -0.045321 -0.345395 0.448483 0.431325 0.481788 0.483917 0.269074 1.440325
0.425925 0.156252 -0.083208 -1.277610 -0.007088 -0.099597 -0.026804 -0.376642 0.453681 0.351609 -0.028108 -0.132308 0.297686 1.499749
0.462964 0.124999 0.031774 -1.383621 0.002707 -0.107861 0.010235 -0.407894 0.479542 0.263710 0.507650 0.396018 0.327889 -1.545708
0.500001 0.093752 0.146746 -1.489616 0.012500 -0.116124 0.047273 -0.439142 0.508715 0.185351 0.001065 -0.210667 0.362076 -1.463562
0.537038 0.062500 0.261719 -1.595626 0.022294 -0.124388 0.084310 -0.470394 0.540663 0.115857 0.539598 0.326524 0.399233 -1.393448
0.555556 0.062500 0.319201 -1.595626 0.027191 -0.124388 0.102827 -0.470394 0.559060 0.112028 0.019462 -0.214496 0.403549 -1.355585
0.611113 0.093752 0.491664 -1.489616 0.041882 -0.116124 0.158384 -0.439142 0.618262 0.152225 0.598800 0.366721 0.392364 -1.224651
0.629630 0.156252 0.549146 -1.277610 0.046778 -0.099597 0.176901 -0.376642 0.648728 0.243250 0.049928 -0.123471 0.345243 -1.131699
0.629630 0.218751 0.549146 -1.065604 0.046778 -0.083070 0.176901 -0.314143 0.666548 0.334382 0.616620 0.457853 0.293325 -1.057934
0.629630 0.281251 0.549146 -0.853599 0.046778 -0.066543 0.176901 -0.251643 0.689591 0.420100 0.072971 -0.037753 0.246371 -0.958071
0.592593 0.437498 0.434174 -0.323593 0.036985 -0.025226 0.139864 -0.095396 0.736594 0.635957 0.663623 0.673709 0.140691 -0.598587
0.555556 0.531250 0.319201 -0.005577 0.027191 -0.000435 0.102827 -0.001644 0.768680 0.763038 0.105057 0.089328 0.129379 -0.015987
0.537038 0.624997 0.261719 0.312424 0.022294 0.024355 0.084310 0.092103 0.824034 0.860948 0.718977 0.771619 0.191793 0.829548
0.462964 0.749996 0.031774 0.736435 0.002707 0.057409 0.010235 0.217103 0.881380 1.017761 0.162403 0.246142 0.297444 1.523685
0.444444 0.781249 -0.025717 0.842445 -0.002191 0.065673 -0.008284 0.248355 0.898822 1.053566 0.736418 0.807424 0.328624 -1.537451
0.425925 0.812496 -0.083208 0.948440 -0.007088 0.073936 -0.026804 0.279602 0.917367 1.087963 0.180948 0.280539 0.360764 -1.475222
0.407407 0.843748 -0.140690 1.054451 -0.011984 0.082200 -0.045321 0.310854 0.936959 1.120959 0.756010 0.840420 0.393637 -1.426020
0.407407 0.875001 -0.140690 1.160462 -0.011984 0.090464 -0.045321 0.342107 0.965198 1.135039 0.209187 0.294619 0.424697 -1.439086
0.425925 0.875001 -0.083208 1.160462 -0.007088 0.090464 -0.026804 0.342107 0.973159 1.117788 0.763971 0.823170 0.423122 -1.492605
0.444444 0.906248 -0.025717 1.266456 -0.002191 0.098727 -0.008284 0.373354 1.009364 1.114840 0.245393 0.291671 0.453595 -1.548611
0.518519 0.937500 0.204228 1.372467 0.017397 0.106991 0.065790 0.404606 1.071339 1.065587 0.825946 0.773916 0.489215 1.409606
0.574075 0.937500 0.376692 1.372467 0.032088 0.106991 0.121347 0.404606 1.099304 1.021348 0.273358 0.247431 0.499728 1.279420
0.629630 0.968748 0.549146 1.478462 0.046778 0.115254 0.176901 0.435854 1.155381 0.994462 0.882024 0.747031 0.545499 1.185238
0.722224 0.968748 0.836582 1.478462 0.071263 0.115254 0.269495 0.435854 1.208337 0.930167 0.326314 0.183136 0.582154 1.017019
0.759261 1.000000 0.951555 1.584473 0.081057 0.123518 0.306532 0.467106 1.255578 0.921395 0.929264 0.738259 0.627270 0.990050
0.833335 1.000000 1.181500 1.584473 0.100645 0.123518 0.380606 0.467106 1.301709 0.876057 0.372445 0.137799 0.666608 0.887086
0.870372 0.968748 1.296473 1.478462 0.110439 0.115254 0.417643 0.435854 1.302313 0.838838 0.929868 0.701039 0.663853 0.806732
0.925926 0.906248 1.468928 1.266456 0.125129 0.098727 0.473197 0.373354 1.295617 0.774658 0.365749 0.073619 0.655435 0.668000
0.962963 0.843748 1.583900 1.054451 0.134923 0.082200 0.510234 0.310854 1.280316 0.719509 0.914567 0.645890 0.642834 0.547185
0.981483 0.718749 1.641391 0.630440 0.139820 0.049146 0.528754 0.185855 1.216515 0.632083 0.301948 -0.013808 0.591902 0.338007
1.000000 0.656249 1.698873 0.418434 0.144717 0.032619 0.547271 0.123355 1.196103 0.580756 0.894155 0.594564 0.583889 0.221696
0.981483 0.562497 1.641391 0.100418 0.139820 0.007828 0.528754 0.029603 1.131244 0.520412 0.237088 -0.074151 0.540028 0.055929
0.962963 0.531250 1.583900 -0.005577 0.134923 -0.000435 0.510234 -0.001644 1.099784 0.504134 0.862695 0.578285 0.516241 -0.003222
0.944446 0.499998 1.526418 -0.111588 0.130026 -0.008699 0.491717 -0.032896 1.068633 0.486897 0.205937 -0.091389 0.493984 -0.066801
0.888889 0.468750 1.353955 -0.217582 0.115335 -0.016962 0.436160 -0.064144 1.004913 0.485283 0.798976 0.576671 0.436454 -0.146018
0.870372 0.499998 1.296473 -0.111588 0.110439 -0.008699 0.417643 -0.032896 1.003765 0.521432 0.204789 -0.055240 0.420309 -0.078604
0.851852 0.624997 1.238982 0.312424 0.105541 0.024355 0.399123 0.092103 1.056538 0.632982 0.851749 0.688222 0.434713 0.226794
0.851852 0.687497 1.238982 0.524429 0.105541 0.040882 0.399123 0.154603 1.094670 0.679032 0.242922 -0.009190 0.463050 0.369559
0.888889 0.812496 1.353955 0.948440 0.115335 0.073936 0.436160 0.279602 1.204273 0.740528 0.961351 0.749718 0.565392 0.570061
0.925926 0.843748 1.468928 1.054451 0.125129 0.082200 0.473197 0.310854 1.252697 0.738995 0.291346 -0.010723 0.613850 0.581227
