0.084747 0.781249 -1.012487 0.784221 -0.082254 0.060238 -0.344004 0.251928 0.785832 1.462743 0.785832 1.462743 0.492538 -0.632103
0.050849 0.781249 -1.112258 0.784221 -0.090359 0.060238 -0.377902 0.251928 0.782902 1.505802 -0.002930 0.043059 0.516783 -0.587990
0.033898 0.781249 -1.162147 0.784221 -0.094412 0.060238 -0.394853 0.251928 0.781984 1.527434 0.784914 1.484375 0.529305 -0.567915
0.016950 0.781249 -1.212028 0.784221 -0.098465 0.060238 -0.411800 0.251928 0.781433 1.549103 -0.003481 0.064728 0.542065 -0.549030
0.016950 0.812501 -1.212028 0.881506 -0.098465 0.067711 -0.411800 0.283180 0.812678 1.549937 0.816159 1.485209 0.562889 -0.602398
0.000000 0.843748 -1.261918 0.978776 -0.102518 0.075182 -0.428751 0.314428 0.843748 1.570796 0.027589 0.085587 0.596699 -0.632765
0.000000 0.875001 -1.261918 1.076060 -0.102518 0.082655 -0.428751 0.345680 0.875001 1.570796 0.847411 1.485209 0.618843 -0.678540
0.016950 0.906248 -1.212028 1.173330 -0.098465 0.090126 -0.411800 0.376927 0.906407 1.552095 0.058995 0.066886 0.630542 -0.741213
0.050849 0.937500 -1.112258 1.270614 -0.090359 0.097599 -0.377902 0.408180 0.938878 1.516611 0.879883 1.449725 0.633748 -0.823896
0.101695 0.937500 -0.962606 1.270614 -0.078202 0.097599 -0.327056 0.408180 0.943000 1.462745 0.063117 0.013019 0.604807 -0.895290
0.135593 0.968748 -0.862835 1.367884 -0.070096 0.105070 -0.293158 0.439427 0.978191 1.431733 0.915074 1.418714 0.614442 -0.982468
0.169491 0.937500 -0.763065 1.270614 -0.061991 0.097599 -0.259260 0.408180 0.952698 1.391938 0.037624 -0.026775 0.571001 -1.004923
0.186441 0.875001 -0.713176 1.076060 -0.057938 0.082655 -0.242310 0.345680 0.894643 1.360860 0.857019 1.387636 0.507792 -0.959423
0.186441 0.812501 -0.713176 0.881506 -0.057938 0.067711 -0.242310 0.283180 0.833617 1.345235 -0.023401 -0.042400 0.453848 -0.863018
0.169491 0.718749 -0.763065 0.589667 -0.061991 0.045294 -0.259260 0.189428 0.738463 1.339213 0.761864 1.381614 0.388992 -0.631002
0.152543 0.625002 -0.812946 0.297844 -0.066043 0.022878 -0.276208 0.095681 0.643348 1.331408 -0.118516 -0.050206 0.338829 -0.333473
0.118645 0.437498 -0.912717 -0.285833 -0.074149 -0.021956 -0.310106 -0.091823 0.453300 1.305976 0.571816 1.356182 0.310229 0.287876
0.084747 0.374998 -1.012487 -0.480388 -0.082254 -0.036900 -0.344004 -0.154323 0.384455 1.348538 -0.187361 -0.007644 0.348178 0.421695
0.067796 0.281251 -1.062376 -0.772211 -0.086307 -0.059315 -0.360954 -0.248070 0.289307 1.334256 0.476668 1.341900 0.389929 0.602125
0.067796 0.218751 -1.062376 -0.966766 -0.086307 -0.074260 -0.360954 -0.310569 0.229016 1.270260 -0.247652 -0.071640 0.417598 0.710508
0.050849 0.156252 -1.112258 -1.161320 -0.090359 -0.089204 -0.377902 -0.373069 0.164317 1.256178 0.411969 1.327818 0.465903 0.778962
0.050849 0.093752 -1.112258 -1.355874 -0.090359 -0.104148 -0.377902 -0.435569 0.106654 1.073827 -0.305316 -0.253991 0.505009 0.856169
0.067796 0.062500 -1.062376 -1.453158 -0.086307 -0.111620 -0.360954 -0.466821 0.092209 0.744770 0.397525 0.998761 0.514226 0.912601
0.084747 0.031252 -1.012487 -1.550428 -0.082254 -0.119092 -0.344004 -0.498069 0.090326 0.353299 -0.307199 -0.645461 0.525684 0.966355
0.101695 0.000000 -0.962606 -1.647712 -0.078202 -0.126565 -0.327056 -0.529321 0.101695 0.000000 0.408894 0.645461 0.539252 1.017334
0.118645 0.000000 -0.912717 -1.647712 -0.074149 -0.126565 -0.310106 -0.529321 0.118645 0.000000 -0.290249 -0.645461 0.529144 1.040842
0.152543 0.000000 -0.812946 -1.647712 -0.066043 -0.126565 -0.276208 -0.529321 0.152543 0.000000 0.442792 0.645461 0.510018 1.089849
0.169491 0.000000 -0.763065 -1.647712 -0.061991 -0.126565 -0.259260 -0.529321 0.169491 0.000000 -0.273301 -0.645461 0.501042 1.115344
0.203389 0.031252 -0.663294 -1.550428 -0.053886 -0.119092 -0.225362 -0.498069 0.205776 0.152465 0.479077 0.797926 0.456939 1.145889
0.220339 0.093752 -0.613405 -1.355874 -0.049833 -0.104148 -0.208411 -0.435569 0.239455 0.402284 -0.239622 -0.395642 0.394537 1.124512
0.237287 0.156252 -0.563524 -1.161320 -0.045780 -0.089204 -0.191464 -0.373069 0.284112 0.582322 0.523734 0.977963 0.333038 1.096635
0.237287 0.187499 -0.563524 -1.064050 -0.045780 -0.081732 -0.191464 -0.341822 0.302425 0.668723 -0.221309 -0.309240 0.307995 1.060211
0.254238 0.281251 -0.513635 -0.772211 -0.041727 -0.059315 -0.174513 -0.248070 0.379129 0.835802 0.600438 1.145042 0.228497 0.957736
0.271185 0.312499 -0.463753 -0.674942 -0.037675 -0.051844 -0.157565 -0.216822 0.413759 0.856060 -0.186678 -0.288982 0.195810 0.942373
0.288136 0.281251 -0.413864 -0.772211 -0.033622 -0.059315 -0.140615 -0.248070 0.402647 0.773307 0.589325 1.062289 0.203786 1.055119
0.288136 0.249999 -0.413864 -0.869496 -0.033622 -0.066788 -0.140615 -0.279322 0.381473 0.714648 -0.207852 -0.347641 0.227431 1.104420
0.305086 0.218751 -0.363975 -0.966766 -0.029569 -0.074260 -0.123665 -0.310569 0.375406 0.622054 0.583258 0.969696 0.243706 1.191854
0.322034 0.156252 -0.314094 -1.161320 -0.025517 -0.089204 -0.106717 -0.373069 0.357939 0.451740 -0.225319 -0.517956 0.292650 1.292185
0.355932 0.124999 -0.214323 -1.258604 -0.017412 -0.096676 -0.072819 -0.404321 0.377243 0.337734 0.602562 0.855690 0.312358 1.392606
0.372882 0.093752 -0.164434 -1.355874 -0.013359 -0.104148 -0.055868 -0.435569 0.384488 0.246319 -0.218075 -0.609371 0.339626 1.443228
0.406781 0.062500 -0.064663 -1.453158 -0.005253 -0.111620 -0.021970 -0.466821 0.411554 0.152453 0.629629 0.761823 0.366909 1.523768
0.474577 0.062500 0.134878 -1.453158 0.010957 -0.111620 0.045826 -0.466821 0.478675 0.130942 -0.150954 -0.630881 0.369107 -1.472943
0.508475 0.093752 0.234648 -1.355874 0.019063 -0.104148 0.079724 -0.435569 0.517046 0.182331 0.668000 0.813212 0.344355 -1.389765
0.525423 0.156252 0.284530 -1.161320 0.023115 -0.089204 0.096672 -0.373069 0.548164 0.289054 -0.119836 -0.524158 0.289139 -1.317246
0.559321 0.218751 0.384300 -0.966766 0.031220 -0.074260 0.130570 -0.310569 0.600577 0.372812 0.720412 0.896970 0.247282 -1.172809
0.576272 0.312499 0.434189 -0.674942 0.035273 -0.051844 0.147521 -0.216822 0.655549 0.496894 -0.064864 -0.400076 0.187822 -0.973362
0.593219 0.499998 0.484071 -0.091279 0.039326 -0.007011 0.164469 -0.029323 0.775827 0.700331 0.840690 1.100407 0.179237 -0.176436
0.593219 0.593750 0.484071 0.200559 0.039326 0.015405 0.164469 0.064429 0.839314 0.785845 -0.001376 -0.314562 0.232969 0.373365
0.593219 0.687501 0.484071 0.492398 0.039326 0.037822 0.164469 0.158181 0.908057 0.858882 0.909433 1.173444 0.306597 0.765912
0.576272 0.750001 0.434189 0.686952 0.035273 0.052766 0.147521 0.220680 0.945828 0.915647 0.036395 -0.257797 0.353503 0.981538
0.508475 0.843748 0.234648 0.978776 0.019063 0.075182 0.079724 0.314428 0.985118 1.028439 0.948724 1.286236 0.422586 1.322476
0.491525 0.875001 0.184759 1.076060 0.015010 0.082655 0.062774 0.345680 1.003605 1.058983 0.054881 -0.227253 0.450643 1.391158
0.474577 0.906248 0.134878 1.173330 0.010957 0.090126 0.045826 0.376927 1.022990 1.088391 0.968109 1.315644 0.479691 1.449812
0.440679 0.968748 0.035107 1.367884 0.002852 0.105070 0.011928 0.439427 1.064270 1.143879 0.096161 -0.171765 0.540129 1.543658
0.440679 1.000000 0.035107 1.465168 0.002852 0.112543 0.011928 0.470679 1.092794 1.155721 0.996633 1.327486 0.571374 1.545460
0.457627 1.000000 0.084989 1.465168 0.006904 0.112543 0.028876 0.470679 1.099737 1.141618 0.103104 -0.185867 0.571979 1.509524
0.491525 1.000000 0.184759 1.465168 0.015010 0.112543 0.062774 0.470679 1.114270 1.113952 1.011165 1.299819 0.574688 1.438210
0.525423 1.000000 0.284530 1.465168 0.023115 0.112543 0.096672 0.470679 1.129632 1.087018 0.118467 -0.212801 0.579371 1.368225
0.559321 1.000000 0.384300 1.465168 0.031220 0.112543 0.130570 0.470679 1.145792 1.060825 1.027325 1.273626 0.585981 1.300192
0.610170 1.000000 0.533960 1.465168 0.043379 0.112543 0.181419 0.470679 1.171455 1.022933 0.144130 -0.250694 0.599365 1.202904
0.677966 0.968748 0.733501 1.367884 0.059589 0.105070 0.249215 0.439427 1.182417 0.960179 1.038287 1.210873 0.594731 1.054891
0.711864 0.968748 0.833271 1.367884 0.067695 0.105070 0.283113 0.439427 1.202174 0.937075 0.163887 -0.273798 0.609713 0.998454
0.779661 0.906248 1.032813 1.173330 0.083905 0.090126 0.350910 0.376927 1.195473 0.860343 1.031586 1.134141 0.592572 0.821129
0.813559 0.906248 1.132583 1.173330 0.092011 0.090126 0.384808 0.376927 1.217852 0.839241 0.186266 -0.294900 0.613254 0.775053
0.881355 0.812501 1.332124 0.881506 0.108221 0.067711 0.452604 0.283180 1.198726 0.744771 1.012460 1.039671 0.593393 0.559080
0.898305 0.781249 1.382013 0.784221 0.112274 0.060238 0.469555 0.251928 1.190505 0.715816 0.178045 -0.323855 0.587143 0.492439
0.932204 0.718749 1.481784 0.589667 0.120379 0.045294 0.503453 0.189428 1.177117 0.656820 0.999072 0.980675 0.581002 0.359873
0.949151 0.687501 1.531665 0.492398 0.124432 0.037822 0.520401 0.158181 1.171984 0.626871 0.172912 -0.353804 0.581179 0.295085
0.966102 0.562497 1.581554 0.103275 0.128485 0.007933 0.537351 0.033177 1.117925 0.527254 0.945013 0.881058 0.553746 0.061663
0.966102 0.437498 1.581554 -0.285833 0.128485 -0.021956 0.537351 -0.091823 1.060546 0.425220 0.115533 -0.455838 0.537422 -0.169246
0.966102 0.406250 1.581554 -0.383103 0.128485 -0.029427 0.537351 -0.123070 1.048042 0.398057 0.932509 0.853895 0.537822 -0.225148
0.949151 0.343751 1.531665 -0.577657 0.124432 -0.044371 0.520401 -0.185570 1.009482 0.347472 0.076973 -0.506423 0.527297 -0.342534
0.915253 0.312499 1.431895 -0.674942 0.116326 -0.051844 0.486502 -0.216822 0.967132 0.329023 0.890159 0.835446 0.500199 -0.419252
0.881355 0.312499 1.332124 -0.674942 0.108221 -0.051844 0.452604 -0.216822 0.935116 0.340737 0.044957 -0.494709 0.467296 -0.446751
0.830509 0.343751 1.182472 -0.577657 0.096063 -0.044371 0.401758 -0.185570 0.898838 0.392435 0.853881 0.887144 0.410652 -0.432701
0.813559 0.374998 1.132583 -0.480388 0.092011 -0.036900 0.384808 -0.154323 0.895824 0.431911 0.041943 -0.455233 0.388544 -0.381401
0.813559 0.499998 1.132583 -0.091279 0.092011 -0.007011 0.384808 -0.029323 0.954922 0.551072 0.912979 1.006305 0.391348 -0.076055
0.847457 0.531250 1.232354 0.006005 0.100116 0.000461 0.418706 0.001929 1.000205 0.559947 0.087226 -0.446358 0.431069 0.004607
0.915253 0.593750 1.431895 0.200559 0.116326 0.015405 0.486502 0.064429 1.090975 0.575480 1.003749 1.021838 0.513721 0.131666
0.949151 0.593750 1.531665 0.200559 0.124432 0.015405 0.520401 0.064429 1.119566 0.559001 0.115817 -0.462837 0.545932 0.123179
1.000000 0.562497 1.681325 0.103275 0.136590 0.007933 0.571249 0.033177 1.147346 0.512387 1.031530 0.975225 0.586697 0.058012
