0.122806 0.642857 -0.919561 0.307399 -0.098678 0.031808 -0.313121 0.100932 0.654482 1.382040 0.654482 1.382040 0.375320 -0.311825
0.087718 0.642857 -1.022605 0.307399 -0.109735 0.031808 -0.348208 0.100932 0.648814 1.435184 -0.005668 0.053144 0.405055 -0.282128
0.035088 0.714286 -1.177168 0.524944 -0.126321 0.054318 -0.400839 0.172360 0.715147 1.521713 0.720815 1.468569 0.488012 -0.406097
0.017543 0.750003 -1.228694 0.633724 -0.131851 0.065574 -0.418384 0.208077 0.750208 1.547411 0.029393 0.078842 0.523153 -0.461514
0.000000 0.892860 -1.280212 1.068813 -0.137379 0.110594 -0.435926 0.350934 0.892860 1.570796 0.863467 1.491955 0.631522 -0.677801
0.035088 0.964288 -1.177168 1.286357 -0.126321 0.133105 -0.400839 0.422363 0.964927 1.534425 0.101460 0.042471 0.663203 -0.811539
0.087718 0.964288 -1.022605 1.286357 -0.109735 0.133105 -0.348208 0.422363 0.968270 1.480080 0.866810 1.437609 0.632784 -0.881336
0.087718 0.892860 -1.022605 1.068813 -0.109735 0.110594 -0.348208 0.350934 0.897158 1.472867 0.030348 0.035258 0.574489 -0.789297
0.087718 0.642857 -1.022605 0.307399 -0.109735 0.031808 -0.348208 0.100932 0.648814 1.435184 0.618466 1.399926 0.405055 -0.282128
0.070175 0.392854 -1.074124 -0.454014 -0.115264 -0.046979 -0.365751 -0.149071 0.399073 1.394031 -0.219393 -0.005895 0.368278 0.387020
0.105263 0.214286 -0.971079 -0.997867 -0.104206 -0.103253 -0.330663 -0.327640 0.238744 1.114191 0.458137 1.120086 0.398074 0.780805
0.122806 0.142857 -0.919561 -1.215411 -0.098678 -0.125763 -0.313121 -0.399068 0.188386 0.860733 -0.269751 -0.259353 0.428876 0.905498
0.175438 0.035712 -0.764991 -1.541736 -0.082091 -0.159530 -0.260488 -0.506214 0.179036 0.200813 0.448787 0.460166 0.477521 1.095552
0.228069 0.035712 -0.610429 -1.541736 -0.065505 -0.159530 -0.207858 -0.506214 0.230848 0.155321 -0.217939 -0.304844 0.450973 1.181175
0.245614 0.035712 -0.558903 -1.541736 -0.059976 -0.159530 -0.190313 -0.506214 0.248196 0.144386 0.466136 0.449230 0.443160 1.211190
0.263156 0.142857 -0.507385 -1.215411 -0.054447 -0.125763 -0.172770 -0.399068 0.299432 0.497345 -0.166704 0.048116 0.340204 1.162225
0.280701 0.214286 -0.455859 -0.997867 -0.048918 -0.103253 -0.155225 -0.327640 0.353145 0.652018 0.519849 0.603903 0.270591 1.128354
0.280701 0.285714 -0.455859 -0.780322 -0.048918 -0.080743 -0.155225 -0.256211 0.400532 0.794248 -0.119317 0.190346 0.216006 1.026088
0.298244 0.321426 -0.404341 -0.671558 -0.043390 -0.069489 -0.137682 -0.220500 0.438479 0.822791 0.557796 0.632445 0.179072 1.012621
0.280701 0.321426 -0.455859 -0.671558 -0.048918 -0.069489 -0.155225 -0.220500 0.426741 0.852930 -0.131055 0.220484 0.192886 0.957412
0.280701 0.214286 -0.455859 -0.997867 -0.048918 -0.103253 -0.155225 -0.327640 0.353145 0.652018 0.484201 0.431534 0.270591 1.128354
0.315789 0.071429 -0.352815 -1.432955 -0.037860 -0.148274 -0.120137 -0.470497 0.323767 0.222448 -0.160434 -0.209086 0.383786 1.320797
0.421052 0.000000 -0.043682 -1.650500 -0.004688 -0.170784 -0.014874 -0.541926 0.421052 0.000000 0.581486 0.209086 0.436180 1.543356
0.508773 0.000000 0.213932 -1.650500 0.022957 -0.170784 0.072846 -0.541926 0.508773 0.000000 -0.072714 -0.209086 0.441971 -1.437176
0.561403 0.178569 0.368494 -1.106647 0.039543 -0.114509 0.125476 -0.363357 0.589118 0.307957 0.661832 0.517043 0.286317 -1.238292
0.561403 0.285714 0.368494 -0.780322 0.039543 -0.080743 0.125476 -0.256211 0.629925 0.470765 -0.031906 -0.046278 0.195724 -1.115392
0.508773 0.571429 0.213932 0.089855 0.022957 0.009298 0.072846 0.029503 0.765101 0.843337 0.797008 0.889615 0.153842 0.384812
0.438597 0.750003 0.007844 0.633724 0.000842 0.065574 0.002671 0.208077 0.868833 1.041633 0.071826 0.152018 0.314088 1.557961
0.350877 0.857143 -0.249770 0.960032 -0.026803 0.099338 -0.085050 0.315217 0.926179 1.182250 0.854354 1.030233 0.429717 -1.307259
0.333332 0.892860 -0.301296 1.068813 -0.032332 0.110594 -0.102595 0.350934 0.953052 1.213490 0.098699 0.183258 0.468310 -1.286375
0.333332 0.928571 -0.301296 1.177577 -0.032332 0.121849 -0.102595 0.386646 0.986587 1.226151 0.887889 1.042893 0.503215 -1.311428
0.421052 0.964288 -0.043682 1.286357 -0.004688 0.133105 -0.014874 0.422363 1.052206 1.159103 0.164317 0.116211 0.528571 -1.535594
0.473685 0.964288 0.110888 1.286357 0.011899 0.133105 0.037759 0.422363 1.074351 1.114191 0.910034 0.997981 0.529710 1.481635
0.649123 1.000000 0.626109 1.395121 0.067187 0.144359 0.213197 0.458074 1.192208 0.995038 0.282175 -0.002943 0.603019 1.135193
0.754386 1.000000 0.935241 1.395121 0.100360 0.144359 0.318460 0.458074 1.252637 0.924494 0.970462 0.927437 0.647762 0.963289
0.807016 1.000000 1.089803 1.395121 0.116946 0.144359 0.371090 0.458074 1.285020 0.891792 0.314558 -0.035645 0.675194 0.889922
0.894737 0.964288 1.347418 1.286357 0.144591 0.133105 0.458811 0.422363 1.315449 0.822794 1.000892 0.858439 0.699767 0.744059
0.964912 0.821431 1.553506 0.851268 0.166706 0.088084 0.528986 0.279506 1.267204 0.705249 0.266312 -0.153190 0.654553 0.486093
1.000000 0.642857 1.656550 0.307399 0.177764 0.031808 0.564074 0.100932 1.188808 0.571337 0.922496 0.724527 0.600832 0.177060
1.000000 0.464283 1.656550 -0.236470 0.177764 -0.024468 0.564074 -0.077643 1.102524 0.434668 0.180028 -0.289859 0.564786 -0.136787
0.947370 0.321426 1.501988 -0.671558 0.161178 -0.069489 0.511443 -0.220500 1.000412 0.327095 0.820384 0.616954 0.524104 -0.407053
0.929825 0.321426 1.450462 -0.671558 0.155648 -0.069489 0.493898 -0.220500 0.983813 0.332825 0.163429 -0.284129 0.506997 -0.419896
0.894737 0.357143 1.347418 -0.562778 0.144591 -0.058233 0.458811 -0.184783 0.963382 0.379782 0.799953 0.663911 0.465526 -0.382869
0.894737 0.571429 1.347418 0.089855 0.144591 0.009298 0.458811 0.029503 1.061643 0.568359 0.261689 -0.095552 0.478402 0.064215
0.929825 0.750003 1.450462 0.633724 0.155648 0.065574 0.493898 0.208077 1.194604 0.678756 0.932915 0.774309 0.585303 0.398729
0.964912 0.785714 1.553506 0.742488 0.166706 0.076828 0.528986 0.243789 1.244348 0.683391 0.311434 -0.090918 0.634175 0.431849
