0.000000 0.862069 -1.321776 0.954741 -0.108035 0.067154 -0.439336 0.273089 0.862069 1.570796 0.862069 1.570796 0.609688 -0.556148
0.018517 0.862069 -1.266065 0.954741 -0.103481 0.067154 -0.420819 0.273089 0.862268 1.549320 0.000199 -0.021477 0.596483 -0.575635
0.037037 0.862069 -1.210347 0.954741 -0.098927 0.067154 -0.402299 0.273089 0.862865 1.527860 0.862666 1.549336 0.583565 -0.596371
0.055554 0.862069 -1.154637 0.954741 -0.094374 0.067154 -0.383782 0.273089 0.863858 1.506443 0.001192 -0.042894 0.570957 -0.618452
0.074074 0.896549 -1.098918 1.075286 -0.089820 0.075633 -0.365262 0.307569 0.899604 1.488362 0.898412 1.531256 0.585201 -0.699862
0.092591 0.896549 -1.043208 1.075286 -0.085266 0.075633 -0.346745 0.307569 0.901318 1.467886 0.002905 -0.063370 0.573826 -0.725597
0.111111 0.931035 -0.987489 1.195850 -0.080712 0.084113 -0.328225 0.342055 0.937641 1.452017 0.934736 1.515387 0.591185 -0.806028
0.148148 0.965515 -0.876060 1.316395 -0.071605 0.092592 -0.291188 0.376535 0.976814 1.418544 0.042079 -0.096842 0.601377 -0.912527
0.166665 0.965515 -0.820350 1.316395 -0.067051 0.092592 -0.272670 0.376535 0.979794 1.399863 0.937715 1.496705 0.592633 -0.944041
0.185185 0.965515 -0.764632 1.316395 -0.062497 0.092592 -0.254151 0.376535 0.983114 1.381298 0.045398 -0.115407 0.584343 -0.977066
0.203702 0.965515 -0.708921 1.316395 -0.057943 0.092592 -0.235633 0.376535 0.986769 1.362868 0.941371 1.478275 0.576531 -1.011626
0.222222 0.931035 -0.653203 1.195850 -0.053389 0.084113 -0.217113 0.342055 0.957188 1.336497 0.015817 -0.141778 0.537500 -1.005228
0.240739 0.931035 -0.597493 1.195850 -0.048836 0.084113 -0.198596 0.342055 0.961655 1.317766 0.945838 1.459544 0.530291 -1.044765
0.259259 0.896549 -0.541774 1.075286 -0.044282 0.075633 -0.180076 0.307569 0.933282 1.289300 -0.012556 -0.170244 0.491398 -1.041120
0.259259 0.862069 -0.541774 0.954741 -0.044282 0.067154 -0.180076 0.273089 0.900210 1.278660 0.912766 1.448904 0.459490 -0.987838
0.277776 0.862069 -0.486064 0.954741 -0.039728 0.067154 -0.161559 0.273089 0.905717 1.259080 -0.007049 -0.189823 0.452554 -1.036577
0.277776 0.827584 -0.486064 0.834178 -0.039728 0.058674 -0.161559 0.238604 0.872958 1.246965 0.880007 1.436788 0.420521 -0.975604
0.277776 0.793104 -0.486064 0.713633 -0.039728 0.050195 -0.161559 0.204124 0.840341 1.233908 -0.039666 -0.202880 0.388913 -0.901274
0.277776 0.758619 -0.486064 0.593070 -0.039728 0.041715 -0.161559 0.169639 0.807875 1.219798 0.847541 1.422677 0.357831 -0.809788
0.259259 0.724139 -0.541774 0.472525 -0.044282 0.033236 -0.180076 0.135159 0.769150 1.226991 -0.078391 -0.195687 0.336957 -0.643861
0.259259 0.689653 -0.541774 0.351962 -0.044282 0.024756 -0.180076 0.100673 0.736775 1.211213 0.815165 1.406900 0.308361 -0.509771
0.240739 0.655173 -0.597493 0.231417 -0.048836 0.016277 -0.198596 0.066193 0.698003 1.218667 -0.117163 -0.188233 0.293303 -0.321725
0.222222 0.586203 -0.653203 -0.009710 -0.053389 -0.000683 -0.217113 -0.002777 0.626910 1.208447 0.744073 1.396680 0.262122 0.012791
0.203702 0.551723 -0.708921 -0.130255 -0.057943 -0.009162 -0.235633 -0.037257 0.588126 1.217110 -0.155947 -0.179570 0.261063 0.156818
0.203702 0.517237 -0.708921 -0.250818 -0.057943 -0.017642 -0.235633 -0.071743 0.555904 1.195622 0.711851 1.375192 0.248177 0.295550
0.185185 0.482757 -0.764632 -0.371363 -0.062497 -0.026121 -0.254151 -0.106223 0.517057 1.204508 -0.194793 -0.170684 0.257833 0.395886
0.166665 0.448272 -0.820350 -0.491926 -0.067051 -0.034601 -0.272670 -0.140708 0.478252 1.214839 0.673046 1.385522 0.272817 0.476395
0.166665 0.379307 -0.820350 -0.733034 -0.067051 -0.051560 -0.272670 -0.209673 0.414308 1.156797 -0.258738 -0.228725 0.279200 0.655527
0.166665 0.344827 -0.820350 -0.853579 -0.067051 -0.060039 -0.272670 -0.244153 0.382992 1.120573 0.641730 1.349298 0.288585 0.730277
0.148148 0.241376 -0.876060 -1.215251 -0.071605 -0.085478 -0.291188 -0.347604 0.283214 1.020317 -0.358515 -0.328981 0.352105 0.873487
0.148148 0.172411 -0.876060 -1.456359 -0.071605 -0.102437 -0.291188 -0.416569 0.227318 0.860943 0.585833 1.189924 0.395018 0.960733
0.166665 0.103445 -0.820350 -1.697467 -0.067051 -0.119395 -0.272670 -0.485535 0.196159 0.555485 -0.389674 -0.634439 0.432633 1.059100
0.185185 0.068965 -0.764632 -1.818012 -0.062497 -0.127874 -0.254151 -0.520015 0.197610 0.356501 0.587285 0.990939 0.449184 1.116200
0.203702 0.034480 -0.708921 -1.938575 -0.057943 -0.136354 -0.235633 -0.554500 0.206600 0.167678 -0.380685 -0.823262 0.468435 1.168970
0.222222 0.034480 -0.653203 -1.938575 -0.053389 -0.136354 -0.217113 -0.554500 0.224881 0.153933 0.605566 0.977195 0.459398 1.197597
0.259259 0.000000 -0.541774 -2.059120 -0.044282 -0.144833 -0.180076 -0.588980 0.259259 0.000000 -0.346307 -0.977195 0.474809 1.274079
0.277776 0.000000 -0.486064 -2.059120 -0.039728 -0.144833 -0.161559 -0.588980 0.277776 0.000000 0.624083 0.977195 0.468100 1.303078
0.277776 0.034480 -0.486064 -1.938575 -0.039728 -0.136354 -0.161559 -0.554500 0.279908 0.123497 -0.344175 -0.853698 0.435901 1.287285
0.314813 0.068965 -0.374635 -1.818012 -0.030621 -0.127874 -0.124522 -0.520015 0.322279 0.215661 0.666454 1.069358 0.390743 1.335763
0.314813 0.103445 -0.374635 -1.697467 -0.030621 -0.119395 -0.124522 -0.485535 0.331374 0.317478 -0.335080 -0.751880 0.358229 1.319743
0.333333 0.172411 -0.318916 -1.456359 -0.026067 -0.102437 -0.106002 -0.416569 0.375282 0.477338 0.710362 1.229218 0.287203 1.321620
0.351850 0.206896 -0.263206 -1.335796 -0.021513 -0.093956 -0.087485 -0.382084 0.408172 0.531566 -0.302190 -0.697652 0.248358 1.345708
0.351850 0.241376 -0.263206 -1.215251 -0.021513 -0.085478 -0.087485 -0.347604 0.426686 0.601281 0.728876 1.298933 0.216429 1.324236
0.351850 0.275861 -0.263206 -1.094688 -0.021513 -0.076997 -0.087485 -0.313119 0.447100 0.664927 -0.281776 -0.634006 0.185412 1.298344
0.370370 0.275861 -0.207488 -1.094688 -0.016959 -0.076997 -0.068965 -0.313119 0.461816 0.640181 0.743592 1.274187 0.177426 1.354005
0.370370 0.241376 -0.207488 -1.215251 -0.016959 -0.085478 -0.068965 -0.347604 0.442082 0.577580 -0.301510 -0.696607 0.209629 1.374938
0.388887 0.206896 -0.151777 -1.335796 -0.012405 -0.093956 -0.050448 -0.382084 0.440499 0.488934 0.742009 1.185542 0.237851 1.439521
0.407407 0.172411 -0.096059 -1.456359 -0.007851 -0.102437 -0.031928 -0.416569 0.442387 0.400337 -0.299622 -0.785205 0.268828 1.494300
0.425925 0.103445 -0.040349 -1.697467 -0.003298 -0.119395 -0.013411 -0.485535 0.438307 0.238259 0.737928 1.023464 0.336158 1.543182
0.444444 0.103445 0.015370 -1.697467 0.001256 -0.119395 0.005109 -0.485535 0.456324 0.228681 -0.281604 -0.794784 0.335929 -1.560275
0.462962 0.103445 0.071080 -1.697467 0.005810 -0.119395 0.023626 -0.485535 0.474378 0.219832 0.755982 1.014615 0.336720 -1.522175
0.518519 0.103445 0.238228 -1.697467 0.019471 -0.119395 0.079183 -0.485535 0.528737 0.196917 -0.227245 -0.817699 0.345097 -1.409136
0.537038 0.137931 0.293946 -1.576904 0.024026 -0.110915 0.097703 -0.451049 0.554468 0.251402 0.781714 1.069101 0.316845 -1.357480
0.555556 0.206896 0.349657 -1.335796 0.028579 -0.093956 0.116220 -0.382084 0.592830 0.356501 -0.188883 -0.712600 0.259875 -1.275515
0.574075 0.241376 0.405375 -1.215251 0.033133 -0.085478 0.134740 -0.347604 0.622756 0.398019 0.811639 1.110620 0.239464 -1.201004
0.574075 0.379307 0.405375 -0.733034 0.033133 -0.051560 0.134740 -0.209673 0.688067 0.583879 -0.123572 -0.526741 0.147507 -0.999628
0.574075 0.413792 0.405375 -0.612471 0.033133 -0.043080 0.134740 -0.175188 0.707663 0.624548 0.831235 1.151289 0.137140 -0.915173
0.574075 0.482757 0.405375 -0.371363 0.033133 -0.026121 0.134740 -0.106223 0.750078 0.699205 -0.081157 -0.452084 0.141564 -0.667600
0.537038 0.586203 0.293946 -0.009710 0.024026 -0.000683 0.097703 -0.002777 0.795012 0.829140 0.876169 1.281224 0.176397 -0.028418
0.537038 0.620688 0.293946 0.110854 0.024026 0.007797 0.097703 0.031708 0.820770 0.857526 -0.055398 -0.423698 0.205996 0.313811
0.518519 0.655173 0.238228 0.231417 0.019471 0.016277 0.079183 0.066193 0.835532 0.901308 0.890930 1.325006 0.229904 0.696283
0.499999 0.724139 0.182509 0.472525 0.014917 0.033236 0.060663 0.135159 0.879986 0.966493 -0.010944 -0.358513 0.291192 1.148918
0.481481 0.758619 0.126799 0.593070 0.010364 0.041715 0.042146 0.169639 0.898514 1.005265 0.909458 1.363778 0.322053 1.327282
0.481481 0.793104 0.126799 0.713633 0.010364 0.050195 0.042146 0.204124 0.927814 1.025184 0.018356 -0.338595 0.356270 1.367186
0.499999 0.827584 0.182509 0.834178 0.014917 0.058674 0.060663 0.238604 0.966899 1.027319 0.948543 1.365914 0.392959 1.321830
0.518519 0.862069 0.238228 0.954741 0.019471 0.067154 0.079183 0.273089 1.005995 1.029288 0.057451 -0.336625 0.430086 1.288583
0.574075 0.896549 0.405375 1.075286 0.033133 0.075633 0.134740 0.307569 1.064595 1.001259 1.007144 1.337884 0.476654 1.157900
0.592593 0.931035 0.461085 1.195850 0.037687 0.084113 0.153257 0.342055 1.103627 1.003978 0.096482 -0.333905 0.515030 1.149567
0.629630 0.931035 0.572514 1.195850 0.046794 0.084113 0.190294 0.342055 1.123948 0.976176 1.027466 1.310081 0.527238 1.063109
0.722224 0.965515 0.851090 1.316395 0.069564 0.092592 0.282888 0.376535 1.205747 0.928564 0.178281 -0.381517 0.597403 0.926468
0.759261 0.965515 0.962519 1.316395 0.078671 0.092592 0.319925 0.376535 1.228290 0.904416 1.050008 1.285933 0.615805 0.866502
0.833335 1.000000 1.185377 1.436958 0.096886 0.101072 0.393999 0.411020 1.301709 0.876057 0.251701 -0.409876 0.685259 0.806538
0.888889 1.000000 1.352516 1.436958 0.110547 0.101072 0.449553 0.411020 1.337955 0.844154 1.086254 1.254030 0.718639 0.740652
0.925926 1.000000 1.463945 1.436958 0.119655 0.101072 0.486590 0.411020 1.362842 0.823841 0.276588 -0.430189 0.742371 0.701406
0.962963 0.965515 1.575373 1.316395 0.128763 0.092592 0.523627 0.376535 1.363641 0.786721 1.087053 1.216910 0.742327 0.623423
0.981483 0.931035 1.631092 1.195850 0.133317 0.084113 0.542147 0.342055 1.352825 0.759026 0.265772 -0.457884 0.731909 0.562849
1.000000 0.862069 1.686802 0.954741 0.137870 0.067154 0.560664 0.273089 1.320289 0.711459 1.054518 1.169343 0.702174 0.453260
1.000000 0.827584 1.686802 0.834178 0.137870 0.058674 0.560664 0.238604 1.298035 0.691336 0.243518 -0.478008 0.681969 0.402356
0.981483 0.793104 1.631092 0.713633 0.133317 0.050195 0.542147 0.204124 1.261873 0.679641 1.018355 1.157648 0.647360 0.360094
0.962963 0.724139 1.575373 0.472525 0.128763 0.033236 0.523627 0.135159 1.204855 0.644774 0.186500 -0.512875 0.596069 0.252606
0.944446 0.724139 1.519663 0.472525 0.124209 0.033236 0.505110 0.135159 1.190107 0.654125 1.003607 1.167000 0.579870 0.261457
0.907409 0.724139 1.408234 0.472525 0.115102 0.033236 0.468073 0.135159 1.160934 0.673538 0.157326 -0.493462 0.547910 0.281109
0.888889 0.724139 1.352516 0.472525 0.110547 0.033236 0.449553 0.135159 1.146517 0.683614 0.989190 1.177076 0.532176 0.292054
0.888889 0.758619 1.352516 0.593070 0.110547 0.041715 0.449553 0.169639 1.168600 0.706491 0.179410 -0.470584 0.551398 0.360829
0.907409 0.793104 1.408234 0.713633 0.115102 0.050195 0.468073 0.204124 1.205158 0.718281 1.025748 1.188866 0.586723 0.411230
0.907409 0.827584 1.408234 0.834178 0.115102 0.058674 0.468073 0.238604 1.228123 0.739422 0.202375 -0.449444 0.608136 0.471423
0.944446 0.862069 1.519663 0.954741 0.124209 0.067154 0.505110 0.273089 1.278727 0.739830 1.076351 1.189274 0.658665 0.495639
