0.023811 0.696966 -1.250886 0.490742 -0.103362 0.035953 -0.455535 0.158449 0.697372 1.536645 0.697372 1.536645 0.504847 -0.334742
0.023811 0.727271 -1.250886 0.584602 -0.103362 0.042829 -0.455535 0.188755 0.727661 1.538067 0.030288 0.001422 0.518632 -0.392823
0.023811 0.757572 -1.250886 0.678448 -0.103362 0.049704 -0.455535 0.219055 0.757946 1.539376 0.727658 1.537954 0.533780 -0.448231
0.023811 0.787877 -1.250886 0.772308 -0.103362 0.056580 -0.455535 0.249361 0.788237 1.540584 0.060579 0.002630 0.550185 -0.500846
0.023811 0.818182 -1.250886 0.866168 -0.103362 0.063457 -0.455535 0.279666 0.818529 1.541702 0.757949 1.539072 0.567734 -0.550598
0.047619 0.878788 -1.185511 1.053874 -0.097960 0.077208 -0.431727 0.340272 0.880077 1.516662 0.122128 -0.022410 0.588169 -0.667482
0.095238 0.939394 -1.054751 1.241580 -0.087155 0.090960 -0.384108 0.400878 0.944209 1.469759 0.822082 1.492169 0.599319 -0.806758
0.142857 0.969695 -0.923991 1.335425 -0.076350 0.097835 -0.336489 0.431178 0.980161 1.424527 0.158080 -0.067642 0.594699 -0.908125
0.166668 1.000000 -0.858606 1.429285 -0.070947 0.104712 -0.312678 0.461484 1.013794 1.405646 0.855714 1.473288 0.607329 -0.975297
0.214287 1.000000 -0.727846 1.429285 -0.060143 0.104712 -0.265059 0.461484 1.022702 1.359702 0.166987 -0.113586 0.584240 -1.049441
0.261906 1.000000 -0.597086 1.429285 -0.049338 0.104712 -0.217440 0.461484 1.033728 1.314644 0.866741 1.428231 0.564235 -1.130472
0.285713 0.969695 -0.531711 1.335425 -0.043936 0.097835 -0.193633 0.431178 1.010910 1.284262 0.144169 -0.143969 0.527196 -1.148709
0.309524 0.909089 -0.466326 1.147720 -0.038533 0.084084 -0.169822 0.370572 0.960337 1.242630 0.816168 1.386598 0.462080 -1.141088
0.333332 0.848483 -0.400950 0.960014 -0.033131 0.070332 -0.146014 0.309967 0.911610 1.196463 0.095442 -0.190135 0.396966 -1.130565
0.357143 0.787877 -0.335565 0.772308 -0.027728 0.056580 -0.122203 0.249361 0.865044 1.145203 0.769602 1.335338 0.331851 -1.115129
0.357143 0.727271 -0.335565 0.584602 -0.027728 0.042829 -0.122203 0.188755 0.810231 1.114316 0.040629 -0.221022 0.276406 -0.996240
0.357143 0.666665 -0.335565 0.396896 -0.027728 0.029077 -0.122203 0.128149 0.756303 1.078986 0.715673 1.300008 0.223656 -0.809145
0.333332 0.606059 -0.400950 0.209191 -0.033131 0.015326 -0.146014 0.067543 0.691678 1.067954 -0.023996 -0.232054 0.193329 -0.433265
0.309524 0.515148 -0.466326 -0.072375 -0.038533 -0.005302 -0.169822 -0.023368 0.600985 1.029755 0.624981 1.261810 0.173554 0.136746
0.285713 0.454542 -0.531711 -0.260081 -0.043936 -0.019054 -0.193633 -0.083974 0.536880 1.009631 -0.088100 -0.252178 0.195215 0.409198
0.238094 0.424241 -0.662471 -0.353927 -0.054741 -0.025929 -0.241252 -0.114275 0.486487 1.059377 0.574587 1.311555 0.247465 0.442367
0.214287 0.393936 -0.727846 -0.447787 -0.060143 -0.032806 -0.265059 -0.144580 0.448447 1.072600 -0.126140 -0.238955 0.278480 0.499353
0.166668 0.363636 -0.858606 -0.541633 -0.070947 -0.039681 -0.312678 -0.174881 0.400011 1.141030 0.526152 1.379986 0.333402 0.509955
0.071430 0.272724 -1.120126 -0.823198 -0.092557 -0.060309 -0.407916 -0.265792 0.281923 1.314637 -0.244228 -0.065349 0.457261 0.577489
0.047619 0.212118 -1.185511 -1.010904 -0.097960 -0.074060 -0.431727 -0.326398 0.217398 1.349966 0.461626 1.415314 0.507739 0.647348
0.023811 0.181818 -1.250886 -1.104750 -0.103362 -0.080936 -0.455535 -0.356699 0.183370 1.440575 -0.278256 0.025261 0.544091 0.664309
0.000000 0.121212 -1.316272 -1.292456 -0.108765 -0.094687 -0.479346 -0.417304 0.121212 1.570796 0.399467 1.545535 0.598358 0.716316
0.000000 0.090907 -1.316272 -1.386316 -0.108765 -0.101564 -0.479346 -0.447610 0.090907 1.570796 -0.308561 0.025261 0.616975 0.751174
0.000000 0.030301 -1.316272 -1.574021 -0.108765 -0.115315 -0.479346 -0.508216 0.030301 1.570796 0.338862 1.545535 0.656821 0.814623
0.023811 0.030301 -1.250886 -1.574021 -0.103362 -0.115315 -0.455535 -0.508216 0.038537 0.904754 -0.300325 -0.640781 0.639651 0.840006
0.071430 0.000000 -1.120126 -1.667867 -0.092557 -0.122191 -0.407916 -0.538516 0.071430 0.000000 0.371755 0.640781 0.629419 0.922524
0.119049 0.000000 -0.989366 -1.667867 -0.081752 -0.122191 -0.360297 -0.538516 0.119049 0.000000 -0.252706 -0.640781 0.599655 0.981142
0.190476 0.000000 -0.793231 -1.667867 -0.065545 -0.122191 -0.288871 -0.538516 0.190476 0.000000 0.443181 0.640781 0.559660 1.078439
0.238094 0.030301 -0.662471 -1.574021 -0.054741 -0.115315 -0.241252 -0.508216 0.240015 0.126583 -0.203166 -0.514198 0.509749 1.127590
0.285713 0.060606 -0.531711 -1.480162 -0.043936 -0.108439 -0.193633 -0.477910 0.292070 0.209023 0.495237 0.723221 0.461343 1.185845
0.309524 0.090907 -0.466326 -1.386316 -0.038533 -0.101564 -0.169822 -0.447610 0.322598 0.285665 -0.172639 -0.437557 0.423939 1.208177
0.357143 0.121212 -0.335565 -1.292456 -0.027728 -0.094687 -0.122203 -0.417304 0.377152 0.327194 0.549791 0.764751 0.378409 1.285923
0.404762 0.181818 -0.204805 -1.104750 -0.016923 -0.080936 -0.074584 -0.356699 0.443723 0.422185 -0.106068 -0.342565 0.306734 1.364671
0.428570 0.212118 -0.139430 -1.010904 -0.011521 -0.074060 -0.050776 -0.326398 0.478191 0.459595 0.584259 0.802160 0.272009 1.416468
0.428570 0.242424 -0.139430 -0.917044 -0.011521 -0.067184 -0.050776 -0.296093 0.492383 0.514785 -0.091875 -0.287376 0.242302 1.400961
0.452381 0.272724 -0.074045 -0.823198 -0.006118 -0.060309 -0.026965 -0.265792 0.528230 0.542523 0.620106 0.829899 0.208374 1.469691
0.452381 0.242424 -0.074045 -0.917044 -0.006118 -0.067184 -0.026965 -0.296093 0.513243 0.491941 -0.106863 -0.337958 0.238452 1.479978
0.452381 0.181818 -0.074045 -1.104750 -0.006118 -0.080936 -0.026965 -0.356699 0.487551 0.382154 0.594414 0.720112 0.298748 1.495344
0.452381 0.151513 -0.074045 -1.198610 -0.006118 -0.087812 -0.026965 -0.387004 0.477079 0.323180 -0.117335 -0.396932 0.328941 1.501233
0.476189 0.121212 -0.008670 -1.292456 -0.000716 -0.094687 -0.003157 -0.417304 0.491374 0.249252 0.608709 0.646185 0.358148 1.563231
0.476189 0.090907 -0.008670 -1.386316 -0.000716 -0.101564 -0.003157 -0.447610 0.484788 0.188635 -0.123920 -0.457550 0.388452 1.563743
0.500000 0.060606 0.056715 -1.480162 0.004686 -0.108439 0.020654 -0.477910 0.503660 0.120623 0.627580 0.578173 0.419249 -1.527606
0.571427 0.000000 0.252850 -1.667867 0.020893 -0.122191 0.092080 -0.538516 0.571427 0.000000 -0.056154 -0.578173 0.488110 -1.401445
0.619049 0.000000 0.383620 -1.667867 0.031699 -0.122191 0.139703 -0.538516 0.619049 0.000000 0.675203 0.578173 0.499289 -1.316970
0.666668 0.000000 0.514381 -1.667867 0.042504 -0.122191 0.187322 -0.538516 0.666668 0.000000 -0.008535 -0.578173 0.514648 -1.236040
0.714287 0.030301 0.645141 -1.574021 0.053309 -0.115315 0.234941 -0.508216 0.714929 0.042395 0.723464 0.620569 0.506793 -1.137773
0.714287 0.090907 0.645141 -1.386316 0.053309 -0.101564 0.234941 -0.447610 0.720048 0.126589 -0.003416 -0.493980 0.453963 -1.087445
0.714287 0.151513 0.645141 -1.198610 0.053309 -0.087812 0.234941 -0.387004 0.730179 0.209019 0.733595 0.702999 0.403326 -1.025190
0.714287 0.303030 0.645141 -0.729338 0.053309 -0.053432 0.234941 -0.235487 0.775908 0.401227 0.042313 -0.301772 0.293742 -0.786559
0.714287 0.393936 0.645141 -0.447787 0.053309 -0.032806 0.234941 -0.144580 0.815715 0.504002 0.773402 0.805773 0.249984 -0.551659
0.690476 0.484847 0.579756 -0.166221 0.047906 -0.012178 0.211129 -0.053669 0.843702 0.612197 0.070300 -0.193577 0.211201 -0.248927
0.690476 0.545453 0.579756 0.021485 0.047906 0.001574 0.211129 0.006937 0.879929 0.668594 0.809630 0.862171 0.221237 0.032845
0.690476 0.666665 0.579756 0.396896 0.047906 0.029077 0.211129 0.128149 0.959791 0.767855 0.150162 -0.094315 0.282248 0.545527
0.690476 0.727271 0.579756 0.584602 0.047906 0.042829 0.211129 0.188755 1.002836 0.811346 0.852674 0.905661 0.325642 0.729503
0.666668 0.818182 0.514381 0.866168 0.042504 0.063457 0.187322 0.279666 1.055400 0.887086 0.202725 -0.018575 0.387168 0.980624
0.666668 0.848483 0.514381 0.960014 0.042504 0.070332 0.187322 0.309967 1.079059 0.904825 0.876334 0.923400 0.413946 1.027200
0.666668 0.878788 0.514381 1.053874 0.042504 0.077208 0.187322 0.340272 1.103048 0.921800 0.226714 -0.001600 0.441184 1.067564
0.666668 0.939394 0.514381 1.241580 0.042504 0.090960 0.187322 0.400878 1.151915 0.953604 0.925201 0.955204 0.496723 1.133666
0.690476 0.939394 0.579756 1.241580 0.047906 0.090960 0.211129 0.400878 1.165855 0.936950 0.240654 -0.018254 0.506182 1.086043
0.738094 0.969695 0.710516 1.335425 0.058711 0.097835 0.258748 0.431178 1.218643 0.920190 0.977989 0.938444 0.554430 1.030306
0.761906 1.000000 0.775901 1.429285 0.064113 0.104712 0.282560 0.461484 1.257179 0.919719 0.279190 -0.018725 0.592385 1.021393
0.857143 1.000000 1.037421 1.429285 0.085723 0.104712 0.377797 0.461484 1.317078 0.862170 1.037888 0.880894 0.643282 0.884782
0.904762 0.969695 1.168181 1.335425 0.096528 0.097835 0.425416 0.431178 1.326236 0.820025 0.288348 -0.060869 0.649169 0.792125
0.928570 0.969695 1.233557 1.335425 0.101930 0.097835 0.449224 0.431178 1.342591 0.807059 1.054242 0.867929 0.665014 0.764904
1.000000 0.878788 1.429702 1.053874 0.118138 0.077208 0.520654 0.340272 1.331266 0.720971 0.277023 -0.146957 0.656227 0.578865
1.000000 0.818182 1.429702 0.866168 0.118138 0.063457 0.520654 0.279666 1.292061 0.685730 1.015038 0.832687 0.621201 0.492919
1.000000 0.787877 1.429702 0.772308 0.118138 0.056580 0.520654 0.249361 1.273087 0.667305 0.258049 -0.165382 0.605204 0.446656
1.000000 0.696966 1.429702 0.490742 0.118138 0.035953 0.520654 0.158449 1.218918 0.608687 0.960869 0.774069 0.564304 0.295423
0.928570 0.666665 1.233557 0.396896 0.101930 0.029077 0.449224 0.128149 1.143103 0.622670 0.182234 -0.151398 0.486714 0.277886
0.904762 0.666665 1.168181 0.396896 0.096528 0.029077 0.425416 0.128149 1.123849 0.635025 0.941615 0.786423 0.464830 0.292586
0.880951 0.757572 1.102796 0.678448 0.091125 0.049704 0.401605 0.219055 1.161891 0.710241 0.220275 -0.076183 0.488565 0.499343
0.857143 0.787877 1.037421 0.772308 0.085723 0.056580 0.377797 0.249361 1.164236 0.743316 0.943960 0.819499 0.487773 0.583400
0.880951 0.878788 1.102796 1.053874 0.091125 0.077208 0.401605 0.340272 1.244324 0.784169 0.300364 -0.035330 0.566428 0.702913
0.880951 0.909089 1.102796 1.147720 0.091125 0.084084 0.401605 0.370572 1.265906 0.801116 0.965542 0.836446 0.588188 0.745232
0.928570 0.939394 1.233557 1.241580 0.101930 0.090960 0.449224 0.400878 1.320872 0.791193 0.355330 -0.045253 0.642998 0.728588
0.952381 0.969695 1.298942 1.335425 0.107333 0.097835 0.473035 0.431178 1.359168 0.794406 1.003838 0.839659 0.681325 0.739141
0.976189 0.969695 1.364317 1.335425 0.112735 0.097835 0.496843 0.431178 1.375955 0.782061 0.372118 -0.057598 0.698065 0.714759
1.000000 1.000000 1.429702 1.429285 0.118138 0.104712 0.520654 0.461484 1.414214 0.785398 1.042096 0.842996 0.736316 0.725224
