0.208333 0.727273 -0.610576 0.569435 -0.053348 0.045035 -0.200628 0.169366 0.756524 1.291809 0.756524 1.291809 0.376263 -0.701107
0.187498 0.727273 -0.673984 0.569435 -0.058888 0.045035 -0.221463 0.169366 0.751053 1.318480 -0.005470 0.026671 0.387773 -0.652882
0.166667 0.727273 -0.737382 0.569435 -0.064427 0.045035 -0.242294 0.169366 0.746126 1.345520 0.751596 1.318848 0.400036 -0.610061
0.145832 0.727273 -0.800789 0.569435 -0.069967 0.045035 -0.263129 0.169366 0.741750 1.372902 -0.009846 0.054054 0.412988 -0.571907
0.125000 0.727273 -0.864187 0.569435 -0.075507 0.045035 -0.283961 0.169366 0.737937 1.400584 0.747783 1.346530 0.426563 -0.537799
0.083333 0.727273 -0.990993 0.569435 -0.086586 0.045035 -0.325628 0.169366 0.732031 1.456711 -0.015752 0.110180 0.455363 -0.479616
0.062498 0.727273 -1.054400 0.569435 -0.092126 0.045035 -0.346463 0.169366 0.729953 1.485072 0.745705 1.374891 0.470488 -0.454683
0.041667 0.727273 -1.117798 0.569435 -0.097665 0.045035 -0.367294 0.169366 0.728465 1.513567 -0.017240 0.138676 0.486032 -0.432062
0.020832 0.772724 -1.181206 0.722249 -0.103205 0.057121 -0.388129 0.214817 0.773005 1.543844 0.790244 1.405168 0.531947 -0.505502
0.020832 0.818182 -1.181206 0.875085 -0.103205 0.069208 -0.388129 0.260275 0.818447 1.545341 0.028203 0.140173 0.564009 -0.590713
0.000000 0.863633 -1.244604 1.027899 -0.108745 0.081294 -0.408961 0.305726 0.863633 1.570796 0.835430 1.430624 0.611536 -0.641943
0.000000 0.909091 -1.244604 1.180735 -0.108745 0.093382 -0.408961 0.351184 0.909091 1.570796 0.073661 0.140173 0.646049 -0.709537
0.020832 0.954542 -1.181206 1.333549 -0.103205 0.105467 -0.388129 0.396635 0.954769 1.548976 0.881108 1.408803 0.669554 -0.796237
0.041667 1.000000 -1.117798 1.486386 -0.097665 0.117555 -0.367294 0.442093 1.000868 1.529154 0.119759 0.120350 0.695868 -0.877551
0.104165 1.000000 -0.927595 1.486386 -0.081047 0.117555 -0.304796 0.442093 1.005411 1.467006 0.885651 1.346655 0.665002 -0.967194
0.125000 1.000000 -0.864187 1.486386 -0.075507 0.117555 -0.283961 0.442093 1.007782 1.446441 0.122131 0.099786 0.655714 -0.999846
0.166667 1.000000 -0.737382 1.486386 -0.064427 0.117555 -0.242294 0.442093 1.013794 1.405648 0.891663 1.305861 0.638775 -1.069443
0.208333 0.954542 -0.610576 1.333549 -0.053348 0.105467 -0.200628 0.396635 0.977012 1.355911 0.085350 0.050050 0.581300 -1.102501
0.229165 0.863633 -0.547178 1.027899 -0.047809 0.081294 -0.179796 0.305726 0.893520 1.311423 0.808171 1.261374 0.488931 -1.039177
0.250000 0.818182 -0.483771 0.875085 -0.042268 0.069208 -0.158961 0.260275 0.855524 1.274251 0.047353 0.012877 0.439011 -1.022516
0.250000 0.727273 -0.483771 0.569435 -0.042268 0.045035 -0.158961 0.169366 0.769042 1.239700 0.721689 1.226823 0.355796 -0.817079
0.250000 0.545455 -0.483771 -0.041865 -0.042268 -0.003311 -0.158961 -0.012452 0.600017 1.141034 -0.121671 -0.085789 0.209521 0.078174
0.229165 0.454545 -0.547178 -0.347516 -0.047809 -0.027484 -0.179796 -0.103361 0.509046 1.103824 0.630718 1.189613 0.185484 0.521744
0.229165 0.409087 -0.547178 -0.500352 -0.047809 -0.039572 -0.179796 -0.148819 0.468902 1.060166 -0.161816 -0.129447 0.179796 0.691411
0.208333 0.318178 -0.610576 -0.806003 -0.053348 -0.063745 -0.200628 -0.239728 0.380316 0.991076 0.542132 1.120523 0.220211 0.873959
0.187498 0.272727 -0.673984 -0.958816 -0.058888 -0.075831 -0.221463 -0.285179 0.330962 0.968513 -0.211170 -0.152010 0.260010 0.910504
0.166667 0.181818 -0.737382 -1.264466 -0.064427 -0.100004 -0.242294 -0.376088 0.246649 0.828849 0.457819 0.980859 0.332115 0.998475
0.166667 0.136360 -0.737382 -1.417303 -0.064427 -0.112091 -0.242294 -0.421546 0.215341 0.685717 -0.242477 -0.295142 0.364716 1.049131
0.166667 0.090909 -0.737382 -1.570117 -0.064427 -0.124177 -0.242294 -0.466997 0.189848 0.499347 0.432325 0.794488 0.399829 1.092195
0.166667 0.045451 -0.737382 -1.722953 -0.064427 -0.136264 -0.242294 -0.512455 0.172753 0.266233 -0.259572 -0.528255 0.436859 1.129136
0.187498 0.000000 -0.673984 -1.875767 -0.058888 -0.148350 -0.221463 -0.557907 0.187498 0.000000 0.447071 0.528255 0.465075 1.192920
0.229165 0.000000 -0.547178 -1.875767 -0.047809 -0.148350 -0.179796 -0.557907 0.229165 0.000000 -0.217906 -0.528255 0.446739 1.259037
0.270832 0.000000 -0.420373 -1.875767 -0.036729 -0.148350 -0.138129 -0.557907 0.270832 0.000000 0.488737 0.528255 0.431658 1.328092
0.291667 0.000000 -0.356965 -1.875767 -0.031189 -0.148350 -0.117294 -0.557907 0.291667 0.000000 -0.197071 -0.528255 0.425449 1.363574
0.312498 0.045451 -0.293567 -1.722953 -0.025650 -0.136264 -0.096463 -0.512455 0.315786 0.144432 0.512857 0.672687 0.376091 1.384738
0.354165 0.136360 -0.166762 -1.417303 -0.014570 -0.112091 -0.054796 -0.421546 0.379509 0.367525 -0.133348 -0.305162 0.278054 1.441533
0.354165 0.181818 -0.166762 -1.264466 -0.014570 -0.100004 -0.054796 -0.376088 0.398109 0.474287 0.531457 0.779449 0.233659 1.426115
0.375000 0.227269 -0.103354 -1.111653 -0.009030 -0.087918 -0.033961 -0.330637 0.438493 0.544857 -0.092964 -0.234592 0.184838 1.468442
0.395832 0.227269 -0.039956 -1.111653 -0.003491 -0.087918 -0.013129 -0.330637 0.456436 0.521200 0.549400 0.755792 0.182165 1.531108
0.395832 0.181818 -0.039956 -1.264466 -0.003491 -0.100004 -0.013129 -0.376088 0.435592 0.430587 -0.113808 -0.325205 0.227522 1.535901
0.416667 0.181818 0.023451 -1.264466 0.002049 -0.100004 0.007706 -0.376088 0.454609 0.411456 0.568417 0.736661 0.227273 -1.550310
0.416667 0.136360 0.023451 -1.417303 0.002049 -0.112091 0.007706 -0.421546 0.438412 0.316279 -0.130004 -0.420382 0.272710 -1.552519
0.437498 0.136360 0.086849 -1.417303 0.007588 -0.112091 0.028537 -0.421546 0.458256 0.302139 0.588261 0.722521 0.274090 -1.503202
0.479165 0.136360 0.213655 -1.417303 0.018668 -0.112091 0.070204 -0.421546 0.498190 0.277250 -0.090071 -0.445272 0.281496 -1.405771
0.520835 0.136360 0.340470 -1.417303 0.029748 -0.112091 0.111874 -0.421546 0.538389 0.256063 0.628460 0.701335 0.294664 -1.311387
0.562502 0.181818 0.467275 -1.264466 0.040827 -0.100004 0.153541 -0.376088 0.591156 0.312631 -0.037304 -0.388704 0.274169 -1.183192
0.562502 0.227269 0.467275 -1.111653 0.040827 -0.087918 0.153541 -0.330637 0.606679 0.383978 0.643983 0.772682 0.237879 -1.136050
0.583333 0.272727 0.530673 -0.958816 0.046366 -0.075831 0.174372 -0.285179 0.643939 0.437338 -0.000043 -0.335344 0.221281 -1.022001
0.583333 0.363636 0.530673 -0.653166 0.046366 -0.051657 0.174372 -0.194270 0.687393 0.557431 0.687436 0.892775 0.180167 -0.839322
0.562502 0.454545 0.467275 -0.347516 0.040827 -0.027484 0.153541 -0.103361 0.723201 0.679648 0.035765 -0.213128 0.160165 -0.592501
0.520835 0.636364 0.340470 0.263785 0.029748 0.020862 0.111874 0.078457 0.822331 0.884903 0.786566 1.098031 0.253432 0.611597
0.479165 0.727273 0.213655 0.569435 0.018668 0.045035 0.070204 0.169366 0.870933 0.988223 0.084367 -0.109808 0.325962 1.177843
0.437498 0.863633 0.086849 1.027899 0.007588 0.081294 0.028537 0.305726 0.968125 1.101899 0.883758 1.211707 0.455567 1.477723
0.416667 0.909091 0.023451 1.180735 0.002049 0.093382 0.007706 0.351184 1.000029 1.141034 0.116271 -0.070673 0.500189 1.548858
0.437498 0.954542 0.086849 1.333549 0.007588 0.105467 0.028537 0.396635 1.050026 1.141034 0.933756 1.211707 0.546327 1.498971
0.458333 0.954542 0.150257 1.333549 0.013128 0.105467 0.049372 0.396635 1.058877 1.123146 0.125121 -0.088561 0.547810 1.446955
0.520835 0.954542 0.340470 1.333549 0.029748 0.105467 0.111874 0.396635 1.087391 1.071308 0.962270 1.159869 0.556933 1.295881
0.583333 0.954542 0.530673 1.333549 0.046366 0.105467 0.174372 0.396635 1.118673 1.022245 0.156402 -0.137624 0.572769 1.156600
0.729168 0.909091 0.974497 1.180735 0.085145 0.093382 0.320207 0.351184 1.165389 0.894785 1.008987 1.032409 0.593854 0.831504
0.812502 0.909091 1.228108 1.180735 0.107303 0.093382 0.403541 0.351184 1.219264 0.841444 0.210277 -0.190965 0.642631 0.716138
0.916667 0.863633 1.545117 1.027899 0.135001 0.081294 0.507706 0.305726 1.259420 0.755618 1.049143 0.946583 0.681536 0.542015
0.958333 0.818182 1.671923 0.875085 0.146081 0.069208 0.549372 0.260275 1.260089 0.706670 0.210946 -0.239913 0.685034 0.442443
1.000000 0.727273 1.798728 0.569435 0.157160 0.045035 0.591039 0.169366 1.236497 0.628796 1.025552 0.868709 0.671304 0.279078
1.000000 0.681815 1.798728 0.416598 0.157160 0.032948 0.591039 0.123908 1.210319 0.598417 0.184767 -0.270292 0.650981 0.206652
0.979168 0.545455 1.735330 -0.041865 0.151621 -0.003311 0.570207 -0.012452 1.120844 0.508247 0.936077 0.778539 0.586316 -0.021834
0.958333 0.545455 1.671923 -0.041865 0.146081 -0.003311 0.549372 -0.012452 1.102689 0.517442 0.166612 -0.261097 0.566075 -0.022662
0.916667 0.499997 1.545117 -0.194702 0.135001 -0.015399 0.507706 -0.057910 1.044162 0.499344 0.877550 0.760441 0.515803 -0.113571
0.895835 0.499997 1.481719 -0.194702 0.129462 -0.015399 0.486874 -0.057910 1.025922 0.509067 0.148373 -0.251374 0.495312 -0.118386
0.854168 0.545455 1.354914 -0.041865 0.118383 -0.003311 0.445207 -0.012452 1.013471 0.568305 0.865099 0.819679 0.465661 -0.027962
0.854168 0.636364 1.354914 0.263785 0.118383 0.020862 0.445207 0.078457 1.065158 0.640300 0.200060 -0.179379 0.499922 0.174435
0.854168 0.727273 1.354914 0.569435 0.118383 0.045035 0.445207 0.169366 1.121842 0.705329 0.921782 0.884708 0.547295 0.363515
0.875000 0.818182 1.418312 0.875085 0.123922 0.069208 0.466039 0.260275 1.197934 0.751854 0.276152 -0.132855 0.620205 0.509333
0.875000 0.863633 1.418312 1.027899 0.123922 0.081294 0.466039 0.305726 1.229425 0.778860 0.953273 0.911715 0.651091 0.580589
