0.200001 0.444443 -0.531800 -0.206810 -0.049219 -0.017678 -0.183680 -0.065973 0.487371 1.147940 0.487371 1.147940 0.193469 0.344825
0.200001 0.407409 -0.531800 -0.322904 -0.049219 -0.027602 -0.183680 -0.103007 0.453853 1.114448 -0.033518 -0.033492 0.185206 0.511096
0.200001 0.370369 -0.531800 -0.439014 -0.049219 -0.037527 -0.183680 -0.140047 0.420920 1.075660 0.454438 1.109152 0.184162 0.651423
0.177777 0.370369 -0.596144 -0.439014 -0.055175 -0.037527 -0.205904 -0.140047 0.410826 1.123277 -0.043612 0.014125 0.206333 0.597285
0.155556 0.370369 -0.660478 -0.439014 -0.061129 -0.037527 -0.228124 -0.140047 0.401710 1.173165 0.445322 1.159041 0.228512 0.550583
0.133333 0.370369 -0.724821 -0.439014 -0.067084 -0.037527 -0.250348 -0.140047 0.393638 1.225241 -0.051684 0.066201 0.250701 0.510039
0.088888 0.370369 -0.853498 -0.439014 -0.078993 -0.037527 -0.294792 -0.140047 0.380887 1.335252 0.432570 1.269051 0.295092 0.443506
0.066668 0.370369 -0.917832 -0.439014 -0.084948 -0.037527 -0.317012 -0.140047 0.376322 1.392699 -0.056249 0.123648 0.317292 0.415990
0.022224 0.481483 -1.046510 -0.090700 -0.096857 -0.007753 -0.361457 -0.028933 0.481996 1.524672 0.538244 1.401024 0.374455 0.079876
0.000000 0.592591 -1.110853 0.257598 -0.102812 0.022020 -0.383680 0.082175 0.592591 1.570796 0.054347 0.169773 0.436869 -0.210987
0.000000 0.666665 -1.110853 0.489802 -0.102812 0.041869 -0.383680 0.156248 0.666665 1.570796 0.612318 1.401024 0.476750 -0.386729
0.000000 0.777778 -1.110853 0.838117 -0.102812 0.071643 -0.383680 0.267362 0.777778 1.570796 0.165460 0.169773 0.550022 -0.608599
0.044444 0.888886 -0.982176 1.186414 -0.090903 0.101416 -0.339236 0.378470 0.889997 1.520838 0.724537 1.351065 0.608535 -0.840009
0.088888 0.962960 -0.853498 1.418618 -0.078993 0.121265 -0.294792 0.452544 0.967054 1.478750 0.242518 0.127684 0.649975 -0.993430
0.133333 1.000000 -0.724821 1.534729 -0.067084 0.131190 -0.250348 0.489584 1.008850 1.438245 0.766332 1.310561 0.665225 -1.098111
0.155556 1.000000 -0.660478 1.534729 -0.061129 0.131190 -0.228124 0.489584 1.012027 1.416477 0.245695 0.105916 0.657184 -1.134754
0.200001 0.962960 -0.531800 1.418618 -0.049219 0.121265 -0.183680 0.452544 0.983510 1.366014 0.737816 1.260099 0.607703 -1.185229
0.200001 0.814813 -0.531800 0.954210 -0.049219 0.081567 -0.183680 0.304396 0.838999 1.330099 0.101183 0.070000 0.468629 -1.027863
0.200001 0.703705 -0.531800 0.605913 -0.049219 0.051794 -0.183680 0.193288 0.731574 1.293887 0.630391 1.223887 0.368990 -0.810881
0.155556 0.592591 -0.660478 0.257598 -0.061129 0.022020 -0.228124 0.082175 0.612668 1.314086 -0.017723 0.090199 0.309329 -0.345749
0.111112 0.518517 -0.789155 0.025394 -0.073038 0.002171 -0.272568 0.008101 0.530288 1.359700 0.548011 1.269501 0.304096 -0.029711
0.088888 0.407409 -0.853498 -0.322904 -0.078993 -0.027602 -0.294792 -0.103007 0.416993 1.355983 -0.131018 0.086482 0.295745 0.336161
0.066668 0.296295 -0.917832 -0.671218 -0.084948 -0.057377 -0.317012 -0.214121 0.303703 1.349477 0.434721 1.262995 0.328836 0.594048
0.044444 0.185187 -0.982176 -1.019516 -0.090903 -0.087149 -0.339236 -0.325229 0.190446 1.335255 -0.244275 0.072260 0.393040 0.764321
0.022224 0.111114 -1.046510 -1.251720 -0.096857 -0.106999 -0.361457 -0.399303 0.113314 1.373392 0.357590 1.301131 0.452707 0.835105
0.022224 0.037040 -1.046510 -1.483924 -0.096857 -0.126848 -0.361457 -0.473377 0.043195 1.030378 -0.314394 -0.270754 0.500810 0.918666
0.044444 0.000000 -0.982176 -1.600035 -0.090903 -0.136773 -0.339236 -0.510416 0.044444 0.000000 0.358838 0.270754 0.512144 0.984207
0.111112 0.000000 -0.789155 -1.600035 -0.073038 -0.136773 -0.272568 -0.510416 0.111112 0.000000 -0.247726 -0.270754 0.470642 1.080311
0.155556 0.000000 -0.660478 -1.600035 -0.061129 -0.136773 -0.228124 -0.510416 0.155556 0.000000 0.403283 0.270754 0.446376 1.150492
0.222221 0.074074 -0.467466 -1.367831 -0.043265 -0.116924 -0.161459 -0.436343 0.234242 0.321751 -0.169041 0.050998 0.349178 1.216391
0.244445 0.111114 -0.403123 -1.251720 -0.037310 -0.106999 -0.139236 -0.399303 0.268514 0.426635 0.437555 0.375638 0.306071 1.235283
0.266665 0.148148 -0.338789 -1.135626 -0.031356 -0.097075 -0.117015 -0.362269 0.305054 0.507099 -0.132500 0.131462 0.262999 1.258368
0.288889 0.148148 -0.274445 -1.135626 -0.025401 -0.097075 -0.094791 -0.362269 0.324661 0.473850 0.457161 0.342388 0.253892 1.314874
0.311113 0.111114 -0.210102 -1.251720 -0.019445 -0.106999 -0.072568 -0.399303 0.330360 0.343029 -0.126801 0.000641 0.282062 1.391023
0.355557 0.074074 -0.081424 -1.367831 -0.007536 -0.116924 -0.028123 -0.436343 0.363191 0.205394 0.489993 0.204753 0.310881 1.506433
0.377778 0.037040 -0.017090 -1.483924 -0.001582 -0.126848 -0.005903 -0.473377 0.379589 0.097734 -0.110404 -0.107019 0.346691 1.558327
0.422222 0.037040 0.111587 -1.483924 0.010328 -0.126848 0.038541 -0.473377 0.423843 0.087502 0.534247 0.194521 0.348777 -1.489558
0.466666 0.000000 0.240264 -1.600035 0.022237 -0.136773 0.082986 -0.510416 0.466666 0.000000 -0.067581 -0.194521 0.392552 -1.409623
0.511110 0.000000 0.368942 -1.600035 0.034147 -0.136773 0.127430 -0.510416 0.511110 0.000000 0.578691 0.194521 0.404288 -1.326139
0.533334 0.037040 0.433285 -1.483924 0.040102 -0.126848 0.149654 -0.473377 0.534619 0.069338 -0.044072 -0.125183 0.377566 -1.264598
0.555554 0.074074 0.497619 -1.367831 0.046056 -0.116924 0.171874 -0.436343 0.560471 0.132551 0.604543 0.257734 0.354114 -1.195562
0.577778 0.259261 0.561963 -0.787312 0.052011 -0.067300 0.194098 -0.251155 0.633280 0.421790 0.028737 0.164056 0.230552 -0.912849
0.577778 0.407409 0.561963 -0.322904 0.052011 -0.027602 0.194098 -0.103007 0.706972 0.614161 0.678235 0.450105 0.195543 -0.487903
0.533334 0.481483 0.433285 -0.090700 0.040102 -0.007753 0.149654 -0.028933 0.718520 0.734349 0.040285 0.284244 0.178778 -0.190980
0.511110 0.592591 0.368942 0.257598 0.034147 0.022020 0.127430 0.082175 0.782558 0.859089 0.742274 0.574846 0.244708 0.572755
0.466666 0.666665 0.240264 0.489802 0.022237 0.041869 0.082986 0.156248 0.813768 0.960070 0.071495 0.385224 0.294901 1.082570
0.422222 0.814813 0.111587 0.954210 0.010328 0.081567 0.038541 0.304396 0.917709 1.092709 0.846215 0.707485 0.432851 1.444851
0.422222 0.851852 0.111587 1.070321 0.010328 0.091492 0.038541 0.341436 0.950749 1.110634 0.104534 0.403149 0.469756 1.458392
0.444446 0.888886 0.175930 1.186414 0.016283 0.101416 0.060765 0.378470 0.993806 1.107147 0.889272 0.703998 0.508847 1.411600
0.488890 0.925926 0.304608 1.302525 0.028192 0.111341 0.105209 0.415510 1.047068 1.085000 0.157796 0.381002 0.552358 1.322803
0.622222 0.962960 0.690640 1.418618 0.063921 0.121265 0.238542 0.452544 1.146496 0.997128 0.988700 0.616126 0.626472 1.085694
0.711111 1.000000 0.947995 1.534729 0.087739 0.131190 0.327430 0.489584 1.227061 0.952652 0.238361 0.336526 0.697897 0.981323
0.799999 1.000000 1.205350 1.534729 0.111558 0.131190 0.416319 0.489584 1.280624 0.896056 1.042263 0.559530 0.743755 0.866097
0.933332 1.000000 1.591382 1.534729 0.147286 0.131190 0.549652 0.489584 1.367885 0.819868 0.325622 0.260338 0.825813 0.727662
0.977776 0.962960 1.720059 1.418618 0.159196 0.121265 0.594096 0.452544 1.372348 0.777764 1.046726 0.517426 0.829768 0.650970
1.000000 0.925926 1.784403 1.302525 0.165151 0.111341 0.616320 0.415510 1.362842 0.746956 0.316116 0.229530 0.820902 0.593186
1.000000 0.777778 1.784403 0.838117 0.165151 0.071643 0.616320 0.267362 1.266862 0.661044 0.950746 0.431514 0.731548 0.409304
0.977776 0.740739 1.720059 0.722006 0.159196 0.061718 0.594096 0.230322 1.226678 0.648331 0.275933 0.216818 0.693138 0.369846
0.955552 0.666665 1.655716 0.489802 0.153241 0.041869 0.571872 0.156248 1.165128 0.609164 0.889195 0.392346 0.638058 0.266713
0.911108 0.666665 1.527038 0.489802 0.141331 0.041869 0.527428 0.156248 1.128964 0.631691 0.239769 0.239345 0.598548 0.288009
0.888888 0.666665 1.462704 0.489802 0.135377 0.041869 0.505207 0.156248 1.111109 0.643500 0.871340 0.404156 0.579063 0.299945
0.888888 0.777778 1.462704 0.838117 0.135377 0.071643 0.505207 0.267362 1.181127 0.718831 0.309787 0.314675 0.640740 0.486744
0.888888 0.814813 1.462704 0.954210 0.135377 0.081567 0.505207 0.304396 1.205836 0.741947 0.896049 0.427271 0.664161 0.542268
0.911108 0.888886 1.527038 1.186414 0.141331 0.101416 0.527428 0.378470 1.272885 0.773053 0.376836 0.345782 0.730351 0.622425
