0.200001 0.699997 -0.592858 0.540873 -0.063230 0.051407 -0.205818 0.167331 0.728009 1.292495 0.728009 1.292495 0.359030 -0.682621
0.200001 0.666667 -0.592858 0.433136 -0.063230 0.041167 -0.205818 0.134001 0.696021 1.279339 -0.031988 -0.013156 0.332269 -0.577122
0.163637 0.633331 -0.697603 0.325383 -0.074402 0.030926 -0.242182 0.100665 0.654129 1.317951 0.686117 1.331107 0.332286 -0.393931
0.127274 0.633331 -0.802348 0.325383 -0.085573 0.030926 -0.278545 0.100665 0.645993 1.372479 -0.040125 0.041372 0.359651 -0.346790
0.090910 0.633331 -0.907093 0.325383 -0.096744 0.030926 -0.314909 0.100665 0.639822 1.428227 0.679947 1.386856 0.388496 -0.309398
0.036363 0.699997 -1.064215 0.540873 -0.113502 0.051407 -0.369455 0.167331 0.700941 1.518895 0.020994 0.132039 0.472269 -0.425275
0.018183 0.800000 -1.116583 0.864115 -0.119087 0.082129 -0.387635 0.267334 0.800207 1.548071 0.779212 1.416032 0.552847 -0.603748
0.000000 0.900003 -1.168960 1.187358 -0.124673 0.112851 -0.405819 0.367336 0.900003 1.570796 0.120790 0.154764 0.639458 -0.735666
0.018183 0.933333 -1.116583 1.295095 -0.119087 0.123091 -0.387635 0.400667 0.933510 1.551317 0.812720 1.396552 0.654624 -0.801928
0.054547 1.000000 -1.011838 1.510584 -0.107916 0.143571 -0.351272 0.467334 1.001487 1.516304 0.188766 0.119751 0.690249 -0.926239
0.127274 0.966669 -0.802348 1.402848 -0.085573 0.133332 -0.278545 0.434003 0.975012 1.439887 0.786245 1.320136 0.626211 -1.000204
0.200001 0.900003 -0.592858 1.187358 -0.063230 0.112851 -0.205818 0.367336 0.921957 1.352127 0.135712 0.031991 0.535331 -1.060081
0.218184 0.833336 -0.540482 0.971868 -0.057644 0.092370 -0.187635 0.300670 0.861425 1.314725 0.725713 1.282733 0.466881 -1.012876
0.218184 0.766664 -0.540482 0.756362 -0.057644 0.071887 -0.187635 0.233998 0.797106 1.293538 0.071393 0.010805 0.406714 -0.894919
0.200001 0.566664 -0.592858 0.109893 -0.063230 0.010445 -0.205818 0.033998 0.600923 1.231501 0.529530 1.220697 0.261213 -0.163707
0.127274 0.366664 -0.802348 -0.536576 -0.085573 -0.050998 -0.278545 -0.166002 0.388125 1.236697 -0.141405 0.016000 0.281283 0.537444
0.072727 0.233331 -0.959470 -0.967555 -0.102330 -0.091960 -0.333092 -0.299335 0.244402 1.268649 0.385807 1.252649 0.375103 0.732073
0.036363 0.099997 -1.064215 -1.398534 -0.113502 -0.132922 -0.369455 -0.432669 0.106404 1.222019 -0.279403 -0.030631 0.479608 0.864043
0.036363 0.066667 -1.064215 -1.506271 -0.113502 -0.143161 -0.369455 -0.465999 0.075939 1.071451 0.355342 1.102082 0.501519 0.900447
0.090910 0.000000 -0.907093 -1.721761 -0.096744 -0.163642 -0.314909 -0.532666 0.090910 0.000000 -0.264432 -1.102082 0.513669 1.036878
0.181820 0.000000 -0.645227 -1.721761 -0.068815 -0.163642 -0.223998 -0.532666 0.181820 0.000000 0.446252 1.102082 0.463534 1.172724
0.272728 0.033331 -0.383369 -1.614024 -0.040887 -0.153403 -0.133091 -0.499335 0.274757 0.121610 -0.171496 -0.980472 0.395551 1.310315
0.309091 0.066667 -0.278624 -1.506271 -0.029716 -0.143161 -0.096728 -0.465999 0.316199 0.212432 0.487695 1.192904 0.352676 1.366132
0.363638 0.133333 -0.121502 -1.290781 -0.012959 -0.122681 -0.042181 -0.399333 0.387311 0.351444 -0.100383 -0.841461 0.275731 1.465558
0.381818 0.133333 -0.069134 -1.290781 -0.007373 -0.122681 -0.024001 -0.399333 0.404429 0.335968 0.504812 1.177428 0.273540 1.510767
0.400001 0.133333 -0.016757 -1.290781 -0.001787 -0.122681 -0.005817 -0.399333 0.421638 0.321750 -0.083174 -0.855679 0.272547 1.556229
0.400001 0.099997 -0.016757 -1.398534 -0.001787 -0.132922 -0.005817 -0.432669 0.412311 0.244972 0.495485 1.100651 0.305876 1.557352
0.418181 0.033331 0.035611 -1.614024 0.003798 -0.153403 0.012363 -0.499335 0.419508 0.079536 -0.075977 -1.021115 0.372693 -1.546043
0.472728 0.000000 0.192733 -1.721761 0.020556 -0.163642 0.066909 -0.532666 0.472728 0.000000 0.548706 1.021115 0.411297 -1.445838
0.527272 0.000000 0.349846 -1.721761 0.037312 -0.163642 0.121453 -0.532666 0.527272 0.000000 -0.021434 -1.021115 0.423603 -1.346619
0.545455 0.033331 0.402222 -1.614024 0.042898 -0.153403 0.139636 -0.499335 0.546472 0.061031 0.567906 1.082145 0.397801 -1.298117
0.581819 0.200000 0.506967 -1.075292 0.054070 -0.102200 0.176000 -0.332666 0.615234 0.331096 0.047328 -0.751049 0.270809 -1.084173
0.563635 0.299997 0.454591 -0.752065 0.048484 -0.071479 0.157817 -0.232669 0.638501 0.489117 0.591173 1.240166 0.190011 -0.974790
0.509092 0.499997 0.297478 -0.105596 0.031727 -0.010036 0.103273 -0.032669 0.713563 0.776386 0.122390 -0.463780 0.139768 -0.306373
0.454545 0.666667 0.140356 0.433136 0.014969 0.041167 0.048726 0.134001 0.806880 0.972378 0.684490 1.436158 0.265360 1.222033
0.436365 0.766664 0.087988 0.756362 0.009384 0.071887 0.030546 0.233998 0.882150 1.053352 0.197659 -0.382806 0.362136 1.440991
0.436365 0.833336 0.087988 0.971868 0.009384 0.092370 0.030546 0.300670 0.940671 1.088419 0.743012 1.471225 0.428607 1.469551
0.472728 0.866667 0.192733 1.079605 0.020556 0.102610 0.066909 0.334001 0.987210 1.071449 0.244197 -0.399776 0.465680 1.373086
0.563635 0.933333 0.454591 1.295095 0.048484 0.123091 0.157817 0.400667 1.090319 1.027518 0.846122 1.427294 0.550616 1.195573
0.727272 0.966669 0.925947 1.402848 0.098755 0.133332 0.321454 0.434003 1.209700 0.925794 0.363578 -0.501500 0.646441 0.933292
0.872726 0.966669 1.344927 1.402848 0.143441 0.133332 0.466908 0.434003 1.302344 0.836426 0.938766 1.337927 0.729765 0.748891
0.963637 0.900003 1.606793 1.187358 0.171369 0.112851 0.557818 0.367336 1.318560 0.751266 0.379794 -0.586660 0.745237 0.582344
0.981817 0.833336 1.659162 0.971868 0.176955 0.092370 0.575998 0.300670 1.287794 0.703779 0.908000 1.290440 0.717318 0.481090
1.000000 0.699997 1.711538 0.540873 0.182541 0.051407 0.594181 0.167331 1.220654 0.610724 0.312654 -0.679715 0.663018 0.274507
0.981817 0.600000 1.659162 0.217646 0.176955 0.020686 0.575998 0.067334 1.150637 0.548550 0.837982 1.228265 0.607849 0.116371
0.927273 0.566664 1.502048 0.109893 0.160198 0.010445 0.521454 0.033998 1.086712 0.548547 0.248730 -0.679718 0.545698 0.065106
0.854546 0.600000 1.292558 0.217646 0.137855 0.020686 0.448727 0.067334 1.044150 0.612152 0.795420 1.291870 0.488940 0.148944
0.818183 0.699997 1.187814 0.540873 0.126684 0.051407 0.412364 0.167331 1.076763 0.707708 0.281343 -0.584162 0.506542 0.385484
0.818183 0.766664 1.187814 0.756362 0.126684 0.071887 0.412364 0.233998 1.121248 0.752903 0.839905 1.337065 0.547954 0.516146
0.818183 0.900003 1.187814 1.187358 0.126684 0.112851 0.412364 0.367336 1.216317 0.832982 0.376413 -0.504082 0.643632 0.727712
