0.054058 0.812497 -1.411149 0.907337 -0.099054 0.065264 -0.437294 0.288125 0.814293 1.504361 0.814293 1.504361 0.542550 -0.582593
0.027029 0.812497 -1.498371 0.907337 -0.105176 0.065264 -0.464323 0.288125 0.812947 1.537542 -0.001347 0.033181 0.564562 -0.555376
0.000000 0.812497 -1.585594 0.907337 -0.111298 0.065264 -0.491352 0.288125 0.812497 1.570796 0.813844 1.537616 0.586993 -0.530353
0.000000 0.874992 -1.585594 1.104140 -0.111298 0.079420 -0.491352 0.350619 0.874992 1.570796 0.061148 0.033181 0.623383 -0.619783
0.027029 0.937496 -1.498371 1.300973 -0.105176 0.093579 -0.464323 0.413123 0.937885 1.541973 0.876738 1.508793 0.643926 -0.727114
0.054058 1.000000 -1.411149 1.497806 -0.099054 0.107737 -0.437294 0.475628 1.001460 1.516791 0.124722 0.007999 0.670782 -0.827364
0.081083 1.000000 -1.323940 1.497806 -0.092932 0.107737 -0.410269 0.475628 1.003282 1.489891 0.878559 1.481892 0.653486 -0.859041
0.108112 1.000000 -1.236717 1.497806 -0.086810 0.107737 -0.383240 0.475628 1.005827 1.463103 0.127268 -0.018789 0.636864 -0.892555
0.135136 1.000000 -1.149508 1.497806 -0.080688 0.107737 -0.356215 0.475628 1.009090 1.436474 0.881822 1.455263 0.620977 -0.927976
0.162165 1.000000 -1.062286 1.497806 -0.074566 0.107737 -0.329186 0.475628 1.013063 1.410031 0.131242 -0.045232 0.605877 -0.965386
0.162165 0.937496 -1.062286 1.300973 -0.074566 0.093579 -0.329186 0.413123 0.951418 1.399514 0.820176 1.444746 0.554444 -0.897995
0.189190 0.874992 -0.975077 1.104140 -0.068444 0.079420 -0.302162 0.350619 0.895211 1.357855 0.075035 -0.086891 0.488346 -0.859495
0.189190 0.812497 -0.975077 0.907337 -0.068444 0.065264 -0.302162 0.288125 0.834233 1.342023 0.759198 1.428914 0.440949 -0.761623
0.216219 0.749993 -0.887854 0.710505 -0.062322 0.051106 -0.275133 0.225620 0.780538 1.290113 0.021341 -0.138801 0.377615 -0.686843
0.216219 0.687498 -0.887854 0.513702 -0.062322 0.036950 -0.275133 0.163126 0.720697 1.266089 0.699357 1.404891 0.337893 -0.535182
0.216219 0.624994 -0.887854 0.316869 -0.062322 0.022792 -0.275133 0.100622 0.661338 1.237731 -0.038018 -0.167160 0.305873 -0.350611
0.216219 0.562499 -0.887854 0.120066 -0.062322 0.008636 -0.275133 0.038127 0.602624 1.203819 0.640643 1.370979 0.284183 -0.137700
0.216219 0.499995 -0.887854 -0.076767 -0.062322 -0.005522 -0.275133 -0.024377 0.544744 1.162639 -0.095899 -0.208340 0.275268 0.088371
0.189190 0.437501 -0.975077 -0.273569 -0.068444 -0.019678 -0.302162 -0.086872 0.476655 1.162646 0.572554 1.370986 0.306923 0.279951
0.162165 0.374996 -1.062286 -0.470402 -0.074566 -0.033836 -0.329186 -0.149376 0.408558 1.162637 -0.163995 -0.208349 0.349145 0.425987
0.135136 0.374996 -1.149508 -0.470402 -0.080688 -0.033836 -0.356215 -0.149376 0.398603 1.224916 0.562598 1.433265 0.374737 0.397068
0.135136 0.312502 -1.149508 -0.667205 -0.080688 -0.047992 -0.356215 -0.211871 0.340469 1.162646 -0.222129 -0.270619 0.398593 0.536574
0.108112 0.249998 -1.236717 -0.864038 -0.086810 -0.062150 -0.383240 -0.274375 0.272373 1.162632 0.494502 1.433251 0.452907 0.621340
0.081083 0.187503 -1.323940 -1.060841 -0.092932 -0.076306 -0.410269 -0.336870 0.204283 1.162646 -0.290218 -0.270605 0.510534 0.687472
0.081083 0.124999 -1.323940 -1.257673 -0.092932 -0.090464 -0.410269 -0.399374 0.148994 0.995359 0.439212 1.265964 0.550032 0.771942
0.081083 0.062504 -1.323940 -1.454476 -0.092932 -0.104620 -0.410269 -0.461868 0.102378 0.656724 -0.336834 -0.609239 0.593490 0.844494
0.081083 0.000000 -1.323940 -1.651309 -0.092932 -0.118778 -0.410269 -0.524372 0.081083 0.000000 0.417917 0.609239 0.640115 0.906880
0.108112 0.000000 -1.236717 -1.651309 -0.086810 -0.118778 -0.383240 -0.524372 0.108112 0.000000 -0.309805 -0.609239 0.623137 0.939661
0.135136 0.000000 -1.149508 -1.651309 -0.080688 -0.118778 -0.356215 -0.524372 0.135136 0.000000 0.444942 0.609239 0.606890 0.974087
0.162165 0.000000 -1.062286 -1.651309 -0.074566 -0.118778 -0.329186 -0.524372 0.162165 0.000000 -0.282777 -0.609239 0.591431 1.010206
0.162165 0.062504 -1.062286 -1.454476 -0.074566 -0.104620 -0.329186 -0.461868 0.173794 0.367887 0.456570 0.977127 0.540624 0.951579
0.189190 0.062504 -0.975077 -1.454476 -0.068444 -0.104620 -0.302162 -0.461868 0.199248 0.319088 -0.257323 -0.658039 0.524606 0.991463
0.216219 0.124999 -0.887854 -1.257673 -0.062322 -0.090464 -0.275133 -0.399374 0.249751 0.524170 0.507073 1.182209 0.458162 0.967552
0.243244 0.187503 -0.800645 -1.060841 -0.056200 -0.076306 -0.248108 -0.336870 0.307124 0.656708 -0.199950 -0.525501 0.392277 0.935985
0.270273 0.249998 -0.713423 -0.864038 -0.050078 -0.062150 -0.221079 -0.274375 0.368166 0.746448 0.568116 1.271948 0.327304 0.892556
0.270273 0.312502 -0.713423 -0.667205 -0.050078 -0.047992 -0.221079 -0.211871 0.413164 0.857734 -0.154951 -0.414215 0.284364 0.764133
0.297298 0.374996 -0.626213 -0.470402 -0.043956 -0.033836 -0.194054 -0.149376 0.478548 0.900461 0.633499 1.314675 0.226264 0.656031
0.324326 0.374996 -0.538991 -0.470402 -0.037834 -0.033836 -0.167025 -0.149376 0.495792 0.857728 -0.137707 -0.456948 0.203558 0.729675
0.324326 0.312502 -0.538991 -0.667205 -0.037834 -0.047992 -0.167025 -0.211871 0.450383 0.766832 0.588090 1.223780 0.244713 0.903208
0.351351 0.249998 -0.451782 -0.864038 -0.031712 -0.062150 -0.140000 -0.274375 0.431215 0.618424 -0.156875 -0.605356 0.279019 1.098981
0.378380 0.187503 -0.364559 -1.060841 -0.025590 -0.076306 -0.112971 -0.336870 0.422290 0.460074 0.579165 1.065430 0.324171 1.247226
0.378380 0.124999 -0.364559 -1.257673 -0.025590 -0.090464 -0.112971 -0.399374 0.398492 0.319065 -0.180673 -0.746365 0.383376 1.295127
0.405405 0.124999 -0.277350 -1.257673 -0.019468 -0.090464 -0.085947 -0.399374 0.424238 0.299082 0.604911 1.045447 0.376299 1.358826
0.432434 0.124999 -0.190128 -1.257673 -0.013346 -0.090464 -0.058918 -0.399374 0.450137 0.281389 -0.154773 -0.764058 0.371060 1.424327
0.459459 0.062504 -0.102919 -1.454476 -0.007224 -0.104620 -0.031893 -0.461868 0.463691 0.135209 0.618464 0.899267 0.430032 1.501854
0.486488 0.062504 -0.015696 -1.454476 -0.001102 -0.104620 -0.004864 -0.461868 0.490486 0.127780 -0.127978 -0.771486 0.428875 1.560266
0.540541 0.124999 0.158735 -1.257673 0.011142 -0.090464 0.049190 -0.399374 0.554806 0.227253 0.682783 0.998739 0.369640 -1.448246
0.540541 0.187503 0.158735 -1.060841 0.011142 -0.076306 0.049190 -0.336870 0.572138 0.333893 -0.110645 -0.664847 0.307805 -1.425801
0.567566 0.249998 0.245945 -0.864038 0.017264 -0.062150 0.076215 -0.274375 0.620186 0.414903 0.730831 1.079750 0.253102 -1.299852
0.567566 0.312502 0.245945 -0.667205 0.017264 -0.047992 0.076215 -0.211871 0.647911 0.503304 -0.082920 -0.576446 0.194412 -1.225487
0.567566 0.374996 0.245945 -0.470402 0.017264 -0.033836 0.076215 -0.149376 0.680260 0.583867 0.763180 1.160313 0.139094 -1.099007
0.567566 0.437501 0.245945 -0.273569 0.017264 -0.019678 0.076215 -0.086872 0.716616 0.656704 -0.046564 -0.503610 0.093320 -0.850653
0.567566 0.499995 0.245945 -0.076767 0.017264 -0.005522 0.076215 -0.024377 0.756391 0.722188 0.802954 1.225798 0.076703 -0.309566
0.567566 0.562499 0.245945 0.120066 0.017264 0.008636 0.076215 0.038127 0.799085 0.780915 -0.003869 -0.444883 0.104262 0.463854
0.567566 0.624994 0.245945 0.316869 0.017264 0.022792 0.076215 0.100622 0.844245 0.833516 0.848114 1.278399 0.153847 0.922553
0.540541 0.687498 0.158735 0.513702 0.011142 0.036950 0.049190 0.163126 0.874551 0.904500 0.026437 -0.373900 0.202220 1.277923
0.513512 0.749993 0.071513 0.710505 0.005020 0.051106 0.022161 0.225620 0.908947 0.970420 0.882510 1.344319 0.259589 1.472889
0.486488 0.812497 -0.015696 0.907337 -0.001102 0.065264 -0.004864 0.288125 0.947007 1.031292 0.064496 -0.313028 0.321182 -1.553916
0.459459 0.812497 -0.102919 0.907337 -0.007224 0.065264 -0.031893 0.288125 0.933410 1.056139 0.868913 1.369166 0.322725 -1.460554
0.432434 0.874992 -0.190128 1.104140 -0.013346 0.079420 -0.058918 0.350619 0.976017 1.111788 0.107104 -0.257379 0.388138 -1.404313
0.459459 0.874992 -0.102919 1.104140 -0.007224 0.079420 -0.031893 0.350619 0.988288 1.087270 0.881184 1.344649 0.384964 -1.480084
0.486488 0.874992 -0.015696 1.104140 -0.001102 0.079420 -0.004864 0.350619 1.001140 1.063365 0.119956 -0.281284 0.383671 -1.556925
0.513512 0.874992 0.071513 1.104140 0.005020 0.079420 0.022161 0.350619 1.014547 1.040082 0.894591 1.321366 0.384280 1.507676
0.540541 0.874992 0.158735 1.104140 0.011142 0.079420 0.049190 0.350619 1.028492 1.017415 0.133901 -0.303951 0.386781 1.431412
0.594595 0.874992 0.333167 1.104140 0.023386 0.079420 0.103243 0.350619 1.057901 0.973932 0.924000 1.277883 0.397290 1.284430
0.621620 0.874992 0.420376 1.104140 0.029508 0.079420 0.130268 0.350619 1.073323 0.953105 0.149323 -0.324778 0.405154 1.215065
0.648649 0.874992 0.507599 1.104140 0.035630 0.079420 0.157297 0.350619 1.089200 0.932874 0.939877 1.257652 0.414635 1.149085
0.675674 0.874992 0.594808 1.104140 0.041752 0.079420 0.184322 0.350619 1.105507 0.913234 0.165630 -0.344417 0.425622 1.086798
0.702702 0.874992 0.682030 1.104140 0.047874 0.079420 0.211351 0.350619 1.122231 0.894170 0.956601 1.238588 0.438006 1.028326
0.729727 0.874992 0.769239 1.104140 0.053996 0.079420 0.238376 0.350619 1.139347 0.875675 0.182747 -0.362912 0.451667 0.973708
0.756756 0.874992 0.856462 1.104140 0.060118 0.079420 0.265405 0.350619 1.156845 0.857731 0.974098 1.220643 0.466497 0.922856
0.783781 0.874992 0.943671 1.104140 0.066240 0.079420 0.292429 0.350619 1.174701 0.840330 0.200603 -0.380314 0.482384 0.875643
0.810810 0.874992 1.030893 1.104140 0.072362 0.079420 0.319458 0.350619 1.192905 0.823452 0.992302 1.203765 0.499233 0.831868
0.810810 0.812497 1.030893 0.907337 0.072362 0.065264 0.319458 0.288125 1.147852 0.786437 0.155550 -0.417328 0.452977 0.733873
0.837835 0.749993 1.118103 0.710505 0.078484 0.051106 0.346483 0.225620 1.124481 0.730132 0.968931 1.147460 0.432372 0.577199
0.837835 0.687498 1.118103 0.513702 0.078484 0.036950 0.346483 0.163126 1.083799 0.687156 0.114868 -0.460305 0.398151 0.440020
0.837835 0.624994 1.118103 0.316869 0.078484 0.022792 0.346483 0.100622 1.045268 0.640913 0.930399 1.101217 0.371364 0.282634
0.837835 0.562499 1.118103 0.120066 0.078484 0.008636 0.346483 0.038127 1.009145 0.591254 0.078745 -0.509964 0.353713 0.109599
0.837835 0.499995 1.118103 -0.076767 0.078484 -0.005522 0.346483 -0.024377 0.975686 0.538042 0.896940 1.048006 0.346591 -0.070240
0.837835 0.437501 1.118103 -0.273569 0.078484 -0.019678 0.346483 -0.086872 0.945185 0.481234 0.048244 -0.566772 0.350643 -0.245661
0.837835 0.374996 1.118103 -0.470402 0.078484 -0.033836 0.346483 -0.149376 0.917927 0.420838 0.869682 0.987610 0.365498 -0.407043
0.837835 0.312502 1.118103 -0.667205 0.078484 -0.047992 0.346483 -0.211871 0.894217 0.357005 0.024535 -0.630605 0.389920 -0.548825
0.837835 0.249998 1.118103 -0.864038 0.078484 -0.062150 0.346483 -0.274375 0.874337 0.289975 0.849803 0.920580 0.422259 -0.669773
0.864864 0.249998 1.205325 -0.864038 0.084606 -0.062150 0.373512 -0.274375 0.900271 0.281390 0.050468 -0.639189 0.444706 -0.633560
0.891893 0.187503 1.292547 -1.060841 0.090728 -0.076306 0.400541 -0.336870 0.911389 0.207213 0.860921 0.846402 0.502749 -0.699267
0.918917 0.187503 1.379757 -1.060841 0.096850 -0.076306 0.427566 -0.336870 0.937852 0.201285 0.076932 -0.645118 0.524535 -0.667305
0.945946 0.187503 1.466979 -1.060841 0.102972 -0.076306 0.454595 -0.336870 0.964350 0.195681 0.887419 0.840799 0.546791 -0.637737
0.972971 0.249998 1.554188 -0.864038 0.109094 -0.062150 0.481619 -0.274375 1.004575 0.251502 0.117156 -0.589297 0.538711 -0.517836
1.000000 0.312502 1.641411 -0.667205 0.115216 -0.047992 0.508648 -0.211871 1.047691 0.302886 0.930535 0.892183 0.539176 -0.394680
1.000000 0.374996 1.641411 -0.470402 0.115216 -0.033836 0.508648 -0.149376 1.067999 0.358768 0.137464 -0.533415 0.521787 -0.285642
1.000000 0.437501 1.641411 -0.273569 0.115216 -0.019678 0.508648 -0.086872 1.091516 0.412411 0.954052 0.945826 0.511491 -0.169158
1.000000 0.499995 1.641411 -0.076767 0.115216 -0.005522 0.508648 -0.024377 1.118032 0.463644 0.163980 -0.482183 0.508722 -0.047889
1.000000 0.562499 1.641411 0.120066 0.115216 0.008636 0.508648 0.038127 1.147347 0.512389 0.983367 0.994572 0.513600 0.074817
1.000000 0.624994 1.641411 0.316869 0.115216 0.022792 0.508648 0.100622 1.179245 0.558595 0.195878 -0.435977 0.525912 0.195300
0.972971 0.624994 1.554188 0.316869 0.109094 0.022792 0.481619 0.100622 1.156413 0.570983 0.960535 1.006960 0.499818 0.205961
0.972971 0.687498 1.554188 0.513702 0.109094 0.036950 0.481619 0.163126 1.191355 0.615140 0.230820 -0.391820 0.520030 0.326575
0.918917 0.749993 1.379757 0.710505 0.096850 0.051106 0.427566 0.225620 1.186128 0.684523 0.955308 1.076343 0.499708 0.485550
0.891893 0.749993 1.292547 0.710505 0.090728 0.051106 0.400541 0.225620 1.165316 0.699188 0.210008 -0.377156 0.476790 0.512989
0.864864 0.812497 1.205325 0.907337 0.084606 0.065264 0.373512 0.288125 1.186651 0.754189 0.976643 1.131344 0.492591 0.657053
0.837835 0.812497 1.118103 0.907337 0.078484 0.065264 0.346483 0.288125 1.167098 0.770046 0.190456 -0.361298 0.472425 0.693696
