0.049999 0.500000 -1.177077 -0.108089 -0.088657 -0.008247 -0.366478 -0.034090 0.502494 1.471130 0.502494 1.471130 0.375875 0.092753
0.049999 0.464283 -1.177077 -0.221339 -0.088657 -0.016887 -0.366478 -0.069807 0.466967 1.463520 -0.035526 -0.007611 0.369583 0.188225
0.033333 0.464283 -1.230604 -0.221339 -0.092689 -0.016887 -0.383143 -0.069807 0.465478 1.499124 0.501004 1.506735 0.386114 0.180218
0.016665 0.464283 -1.284139 -0.221339 -0.096721 -0.016887 -0.399811 -0.069807 0.464582 1.534917 -0.036422 0.028182 0.402659 0.172856
0.000000 0.500000 -1.337666 -0.108089 -0.100753 -0.008247 -0.416477 -0.034090 0.500000 1.570796 0.536422 1.542614 0.424769 0.081670
0.000000 0.571429 -1.337666 0.118392 -0.100753 0.009033 -0.416477 0.037339 0.571429 1.570796 0.035006 0.028182 0.444368 -0.089415
0.000000 0.607140 -1.337666 0.231625 -0.100753 0.017672 -0.416477 0.073051 0.607140 1.570796 0.572134 1.542614 0.458045 -0.173635
0.000000 0.678569 -1.337666 0.458106 -0.100753 0.034952 -0.416477 0.144479 0.678569 1.570796 0.106435 0.028182 0.492082 -0.333918
0.016665 0.749997 -1.284139 0.684588 -0.096721 0.052232 -0.399811 0.215908 0.750182 1.548579 0.643748 1.520397 0.520658 -0.495152
0.033333 0.821426 -1.230604 0.911069 -0.092689 0.069512 -0.383143 0.287336 0.822102 1.530239 0.178354 0.009842 0.557479 -0.643466
0.049999 0.857143 -1.177077 1.024319 -0.088657 0.078152 -0.366478 0.323053 0.858600 1.512531 0.680245 1.502689 0.573143 -0.722504
0.083332 0.892854 -1.070015 1.137551 -0.080593 0.086791 -0.333145 0.358765 0.896735 1.477734 0.216489 -0.024955 0.581310 -0.822409
0.100000 0.928571 -1.016480 1.250800 -0.076561 0.095432 -0.316477 0.394482 0.933940 1.463518 0.717451 1.488473 0.601996 -0.894679
0.133333 0.928571 -0.909418 1.250800 -0.068497 0.095432 -0.283144 0.394482 0.938095 1.428182 0.220644 -0.060291 0.585159 -0.948250
0.149998 0.928571 -0.855892 1.250800 -0.064466 0.095432 -0.266478 0.394482 0.940609 1.410643 0.719965 1.470934 0.577280 -0.976693
0.166666 0.892854 -0.802357 1.137551 -0.060433 0.086791 -0.249810 0.358765 0.908277 1.386253 0.188312 -0.084681 0.537904 -0.962554
0.183332 0.857143 -0.748830 1.024319 -0.056402 0.078152 -0.233145 0.323053 0.876530 1.360084 0.688217 1.444765 0.498541 -0.945660
0.199999 0.785714 -0.695295 0.797837 -0.052369 0.060872 -0.216477 0.251625 0.810769 1.321545 0.122552 -0.123220 0.428017 -0.860343
0.183332 0.678569 -0.748830 0.458106 -0.056402 0.034952 -0.233145 0.144479 0.702898 1.306922 0.580347 1.430143 0.350783 -0.554777
0.183332 0.607140 -0.748830 0.231625 -0.056402 0.017672 -0.233145 0.073051 0.634216 1.277543 0.053869 -0.152600 0.301180 -0.303638
0.166666 0.535712 -0.802357 0.005143 -0.060433 0.000392 -0.249810 0.001622 0.561039 1.269177 0.507170 1.421776 0.276807 -0.006493
0.149998 0.464283 -0.855892 -0.221339 -0.064466 -0.016887 -0.266478 -0.069807 0.487912 1.258306 -0.019257 -0.163470 0.270732 0.256203
0.133333 0.428571 -0.909418 -0.334571 -0.068497 -0.025527 -0.283144 -0.105518 0.448833 1.269178 0.468091 1.432648 0.283402 0.356723
0.116665 0.357143 -0.962953 -0.561052 -0.072529 -0.042806 -0.299811 -0.176947 0.375715 1.255062 -0.092376 -0.177586 0.305626 0.533177
0.116665 0.321426 -0.962953 -0.674302 -0.072529 -0.051447 -0.299811 -0.212664 0.341943 1.222622 0.434319 1.400208 0.314518 0.616957
0.116665 0.249997 -0.962953 -0.900783 -0.072529 -0.068727 -0.299811 -0.284092 0.275879 1.134170 -0.158440 -0.266038 0.342932 0.758484
0.100000 0.214286 -1.016480 -1.014015 -0.076561 -0.077366 -0.316477 -0.319804 0.236471 1.134170 0.394910 1.400208 0.375551 0.790627
0.100000 0.107140 -1.016480 -1.353746 -0.076561 -0.103286 -0.316477 -0.426949 0.146557 0.819856 -0.248353 -0.580352 0.442546 0.932918
0.116665 0.071429 -0.962953 -1.466979 -0.072529 -0.111926 -0.299811 -0.462661 0.136795 0.549380 0.385148 1.129733 0.457105 0.995818
0.133333 0.035712 -0.909418 -1.580228 -0.068497 -0.120566 -0.283144 -0.498378 0.138033 0.261695 -0.247115 -0.868037 0.474502 1.054140
0.149998 0.000000 -0.855892 -1.693460 -0.064466 -0.129205 -0.266478 -0.534090 0.149998 0.000000 0.397114 0.868037 0.494432 1.107998
0.166666 0.000000 -0.802357 -1.693460 -0.060433 -0.129205 -0.249810 -0.534090 0.166666 0.000000 -0.230447 -0.868037 0.485652 1.133295
0.183332 0.000000 -0.748830 -1.693460 -0.056402 -0.129205 -0.233145 -0.534090 0.183332 0.000000 0.413779 0.868037 0.477294 1.159202
0.216665 0.000000 -0.641768 -1.693460 -0.048338 -0.129205 -0.199812 -0.534090 0.216665 0.000000 -0.197114 -0.868037 0.461928 1.212801
0.233333 0.035712 -0.588233 -1.580228 -0.044306 -0.120566 -0.183144 -0.498378 0.236050 0.151872 0.433164 1.019909 0.422521 1.218635
0.266666 0.107140 -0.481171 -1.353746 -0.036242 -0.103286 -0.149811 -0.426949 0.287384 0.382037 -0.145780 -0.637872 0.343704 1.233332
0.283331 0.249997 -0.427644 -0.900783 -0.032210 -0.068727 -0.133145 -0.284092 0.377856 0.722977 0.523636 1.360849 0.213174 1.132526
0.299999 0.321426 -0.374109 -0.674302 -0.028178 -0.051447 -0.116477 -0.212664 0.439675 0.819864 -0.083961 -0.540985 0.150338 1.069716
0.299999 0.357143 -0.374109 -0.561052 -0.028178 -0.042806 -0.116477 -0.176947 0.466423 0.872138 0.550384 1.413123 0.130719 0.988635
0.299999 0.392854 -0.374109 -0.447820 -0.028178 -0.034167 -0.116477 -0.141235 0.494302 0.918623 -0.056082 -0.494500 0.118849 0.881172
0.316667 0.428571 -0.320574 -0.334571 -0.024146 -0.025527 -0.099809 -0.105518 0.532871 0.934444 0.588953 1.428944 0.100540 0.813194
0.316667 0.464283 -0.320574 -0.221339 -0.024146 -0.016887 -0.099809 -0.069807 0.561994 0.972215 -0.026960 -0.456729 0.110668 0.610322
0.316667 0.392854 -0.320574 -0.447820 -0.024146 -0.034167 -0.099809 -0.141235 0.504592 0.892367 0.531551 1.349095 0.102567 0.955595
0.316667 0.357143 -0.320574 -0.561052 -0.024146 -0.042806 -0.099809 -0.176947 0.477314 0.845396 -0.054237 -0.503699 0.116114 1.057219
0.316667 0.321426 -0.320574 -0.674302 -0.024146 -0.051447 -0.099809 -0.212664 0.451212 0.792856 0.505449 1.296555 0.137828 1.131984
0.316667 0.285714 -0.320574 -0.787534 -0.024146 -0.060086 -0.099809 -0.248375 0.426510 0.734059 -0.078939 -0.562496 0.164501 1.188697
0.333332 0.214286 -0.267047 -1.014015 -0.020114 -0.077366 -0.083144 -0.319804 0.396269 0.571339 0.475208 1.133835 0.218619 1.316443
0.366666 0.178569 -0.159986 -1.127265 -0.012050 -0.086007 -0.049811 -0.355521 0.407836 0.453199 -0.067372 -0.680635 0.243066 1.431596
0.433332 0.071429 0.054138 -1.466979 0.004078 -0.111926 0.016856 -0.462661 0.439180 0.163367 0.506551 0.844002 0.345459 -1.534380
0.450000 0.035712 0.107673 -1.580228 0.008110 -0.120566 0.033524 -0.498378 0.451415 0.079193 -0.055136 -0.764809 0.382238 -1.503632
0.483333 0.035712 0.214735 -1.580228 0.016174 -0.120566 0.066857 -0.498378 0.484651 0.073752 0.539787 0.838561 0.386590 -1.437444
0.550000 0.035712 0.428859 -1.580228 0.032302 -0.120566 0.133523 -0.498378 0.551158 0.064839 0.011371 -0.773722 0.403498 -1.309028
0.583333 0.071429 0.535921 -1.466979 0.040365 -0.111926 0.166857 -0.462661 0.587690 0.121842 0.576319 0.895564 0.383274 -1.224669
0.599998 0.142857 0.589447 -1.240497 0.044397 -0.094646 0.183522 -0.391232 0.616771 0.233744 0.040452 -0.661820 0.329466 -1.132184
0.633332 0.285714 0.696509 -0.787534 0.052461 -0.060086 0.216855 -0.248375 0.694796 0.423792 0.654345 1.085613 0.253229 -0.853046
0.633332 0.392854 0.696509 -0.447820 0.052461 -0.034167 0.216855 -0.141235 0.745281 0.555211 0.090936 -0.530402 0.218138 -0.577280
0.633332 0.464283 0.696509 -0.221339 0.052461 -0.016887 0.216855 -0.069807 0.785282 0.632584 0.694346 1.162986 0.222062 -0.311429
0.599998 0.642857 0.589447 0.344874 0.044397 0.026313 0.183522 0.108768 0.879354 0.819869 0.185008 -0.343118 0.291425 0.535011
0.583333 0.714286 0.535921 0.571355 0.040365 0.043593 0.166857 0.180196 0.922216 0.885975 0.737207 1.229093 0.341367 0.823816
0.566665 0.785714 0.482386 0.797837 0.036333 0.060872 0.150189 0.251625 0.968740 0.945977 0.231532 -0.283116 0.398614 1.032677
0.533332 0.857143 0.375324 1.024319 0.028269 0.078152 0.116855 0.323053 1.009523 1.014198 0.777991 1.297314 0.455897 1.223717
0.516667 0.892854 0.321797 1.137551 0.024238 0.086791 0.100190 0.358765 1.031568 1.046210 0.253578 -0.251105 0.486800 1.298470
0.499999 0.892854 0.268262 1.137551 0.020205 0.086791 0.083522 0.358765 1.023322 1.060308 0.769744 1.311413 0.483644 1.342066
0.499999 0.928571 0.268262 1.250800 0.020205 0.095432 0.083522 0.394482 1.054630 1.076856 0.284885 -0.234557 0.518861 1.362151
0.516667 0.928571 0.321797 1.250800 0.024238 0.095432 0.100190 0.394482 1.062633 1.063045 0.777748 1.297602 0.521804 1.322076
0.533332 0.892854 0.375324 1.137551 0.028269 0.086791 0.116855 0.358765 1.040015 1.032340 0.262268 -0.265262 0.490501 1.255917
0.550000 0.892854 0.428859 1.137551 0.032302 0.086791 0.133523 0.358765 1.048661 1.018694 0.786393 1.283956 0.494737 1.214505
0.583333 0.892854 0.535921 1.137551 0.040365 0.086791 0.166857 0.358765 1.066521 0.992080 0.280128 -0.291876 0.504754 1.135468
0.633332 0.892854 0.696509 1.137551 0.052461 0.086791 0.216855 0.358765 1.094668 0.953834 0.814540 1.245709 0.523414 1.027112
0.733331 0.892854 1.017695 1.137551 0.076653 0.086791 0.316855 0.358765 1.155406 0.883182 0.340866 -0.362527 0.572130 0.847351
0.783333 0.928571 1.178292 1.250800 0.088749 0.095432 0.366856 0.394482 1.214848 0.870036 0.873981 1.232563 0.629940 0.821668
0.849999 0.928571 1.392415 1.250800 0.104876 0.095432 0.433523 0.394482 1.258866 0.829547 0.384885 -0.403017 0.670957 0.738283
0.883332 0.928571 1.499477 1.250800 0.112940 0.095432 0.466856 0.394482 1.281609 0.810361 0.896724 1.213377 0.692961 0.701570
0.883332 0.857143 1.499477 1.024319 0.112940 0.078152 0.466856 0.323053 1.230841 0.770352 0.334117 -0.443025 0.641982 0.605321
0.866667 0.785714 1.445950 0.797837 0.108909 0.060872 0.450190 0.251625 1.169811 0.736446 0.835694 1.179471 0.582244 0.509673
0.866667 0.714286 1.445950 0.571355 0.108909 0.043593 0.450190 0.180196 1.123083 0.689309 0.287389 -0.490162 0.539779 0.380736
0.866667 0.678569 1.445950 0.458106 0.108909 0.034952 0.450190 0.144479 1.100712 0.664266 0.813323 1.154428 0.520926 0.310545
0.866667 0.571429 1.445950 0.118392 0.108909 0.009033 0.450190 0.037339 1.038096 0.582913 0.224772 -0.571515 0.476111 0.082751
0.900000 0.500000 1.553012 -0.108089 0.116973 -0.008247 0.483524 -0.034090 1.029563 0.507098 0.804791 1.078613 0.490685 -0.070386
0.916666 0.464283 1.606539 -0.221339 0.121004 -0.016887 0.500189 -0.069807 1.027538 0.468827 0.222747 -0.609786 0.502468 -0.138665
0.966667 0.464283 1.767136 -0.221339 0.133100 -0.016887 0.550190 -0.069807 1.072382 0.447758 0.849635 1.057544 0.552263 -0.126203
0.983332 0.535712 1.820663 0.005143 0.137132 0.000392 0.566856 0.001622 1.119790 0.498836 0.270155 -0.558708 0.579260 0.002861
1.000000 0.571429 1.874198 0.118392 0.141164 0.009033 0.583523 0.037339 1.151751 0.519146 0.881597 1.077854 0.603746 0.063902
0.983332 0.714286 1.820663 0.571355 0.137132 0.043593 0.566856 0.180196 1.215379 0.628221 0.333782 -0.449633 0.640325 0.307785
0.983332 0.785714 1.820663 0.797837 0.137132 0.060872 0.566856 0.251625 1.258685 0.674151 0.924903 1.123784 0.676507 0.417766
0.949999 0.892854 1.713601 1.137551 0.129068 0.086791 0.533522 0.358765 1.303720 0.754399 0.378817 -0.369385 0.715250 0.591993
0.933334 0.964283 1.660074 1.364032 0.125036 0.104071 0.516857 0.430193 1.341996 0.801706 0.963178 1.171091 0.753149 0.694143
0.933334 1.000000 1.660074 1.477282 0.125036 0.112712 0.516857 0.465910 1.367886 0.819867 0.404707 -0.351224 0.779513 0.733605
