0.054544 0.576926 -1.266211 0.028745 -0.097014 0.002286 -0.373714 0.008806 0.579499 1.476534 0.579499 1.476534 0.402199 -0.023559
0.036364 0.576926 -1.327809 0.028745 -0.101734 0.002286 -0.391894 0.008806 0.578071 1.507850 -0.001428 0.031316 0.419146 -0.022467
0.018180 0.576926 -1.389417 0.028745 -0.106454 0.002286 -0.410077 0.008806 0.577212 1.539294 0.578640 1.507979 0.436195 -0.021471
0.000000 0.653849 -1.451016 0.279835 -0.111174 0.022255 -0.428258 0.085729 0.653849 1.570796 0.075209 0.062818 0.484042 -0.197570
0.000000 0.692308 -1.451016 0.405370 -0.111174 0.032239 -0.428258 0.124188 0.692308 1.570796 0.617099 1.507979 0.503117 -0.282242
0.000000 0.730772 -1.451016 0.530925 -0.111174 0.042224 -0.428258 0.162652 0.730772 1.570796 0.113673 0.062818 0.524328 -0.362972
0.018180 0.769231 -1.389417 0.656461 -0.106454 0.052207 -0.410077 0.201111 0.769446 1.547166 0.655772 1.484348 0.533316 -0.455956
0.036364 0.807695 -1.327809 0.782015 -0.101734 0.062193 -0.391894 0.239575 0.808513 1.525805 0.152741 0.041457 0.545485 -0.548706
0.072727 0.846154 -1.204603 0.907551 -0.092294 0.072176 -0.355531 0.278034 0.849274 1.485057 0.696532 1.443600 0.548670 -0.663684
0.109091 0.884618 -1.081396 1.033106 -0.082854 0.082162 -0.319167 0.316498 0.891319 1.448096 0.194787 0.004496 0.556895 -0.781200
0.127271 0.884618 -1.019798 1.033106 -0.078135 0.082162 -0.300987 0.316498 0.893727 1.427906 0.698940 1.423409 0.546679 -0.810514
0.163635 0.884618 -0.896591 1.033106 -0.068695 0.082162 -0.264623 0.316498 0.899625 1.387886 0.200686 -0.035523 0.527532 -0.874430
0.181818 0.884618 -0.834983 1.033106 -0.063975 0.082162 -0.246440 0.316498 0.903110 1.368087 0.702424 1.403610 0.518650 -0.909213
0.199998 0.846154 -0.773385 0.907551 -0.059255 0.072176 -0.228259 0.278034 0.869469 1.338694 0.167045 -0.064915 0.476172 -0.883395
0.199998 0.769231 -0.773385 0.656461 -0.059255 0.052207 -0.228259 0.201111 0.794805 1.316430 0.627761 1.381346 0.410323 -0.722253
0.199998 0.730772 -0.773385 0.530925 -0.059255 0.042224 -0.228259 0.162652 0.757646 1.303657 0.129885 -0.077689 0.378969 -0.619116
0.199998 0.615385 -0.773385 0.154280 -0.059255 0.012270 -0.228259 0.047265 0.647068 1.256567 0.517183 1.334256 0.295159 -0.204180
0.181818 0.576926 -0.834983 0.028745 -0.063975 0.002286 -0.246440 0.008806 0.604898 1.265500 0.087715 -0.068756 0.287810 -0.035718
0.163635 0.500003 -0.896591 -0.222346 -0.068695 -0.017683 -0.264623 -0.068117 0.526098 1.254515 0.438384 1.323271 0.274176 0.251942
0.163635 0.461538 -0.896591 -0.347900 -0.068695 -0.027668 -0.264623 -0.106581 0.489688 1.230081 0.051304 -0.093190 0.266708 0.382889
0.145454 0.384615 -0.958190 -0.598990 -0.073415 -0.047637 -0.282804 -0.183505 0.411201 1.209239 0.359896 1.302429 0.286151 0.575585
0.127271 0.346157 -1.019798 -0.724526 -0.078135 -0.057621 -0.300987 -0.221963 0.368812 1.218468 0.008916 -0.083961 0.311983 0.635422
0.127271 0.269234 -1.019798 -0.975616 -0.078135 -0.077590 -0.300987 -0.298886 0.297800 1.129213 0.288884 1.213174 0.340414 0.781897
0.109091 0.230769 -1.081396 -1.101171 -0.082854 -0.087575 -0.319167 -0.337351 0.255255 1.129204 -0.033629 -0.083970 0.375326 0.813088
0.109091 0.153846 -1.081396 -1.352261 -0.082854 -0.107544 -0.319167 -0.414274 0.188599 0.953996 0.222227 1.037965 0.420915 0.914350
0.127271 0.115388 -1.019798 -1.477797 -0.078135 -0.117527 -0.300987 -0.452732 0.171791 0.736465 -0.050436 -0.301501 0.434144 0.984072
0.145454 0.038459 -0.958190 -1.728906 -0.073415 -0.137498 -0.282804 -0.529661 0.150453 0.258488 0.200889 0.559989 0.481582 1.080372
0.181818 0.038459 -0.834983 -1.728906 -0.063975 -0.137498 -0.246440 -0.529661 0.185841 0.208450 -0.015048 -0.351539 0.461168 1.135310
0.199998 0.000000 -0.773385 -1.854442 -0.059255 -0.147481 -0.228259 -0.568120 0.199998 0.000000 0.215046 0.351539 0.485291 1.188756
0.236362 0.000000 -0.650178 -1.854442 -0.049815 -0.147481 -0.191896 -0.568120 0.236362 0.000000 0.021315 -0.351539 0.469285 1.245055
0.254545 0.038459 -0.588570 -1.728906 -0.045095 -0.137498 -0.173713 -0.529661 0.257434 0.149954 0.236119 0.501493 0.426755 1.253881
0.309089 0.153846 -0.403765 -1.352261 -0.030936 -0.107544 -0.119169 -0.414274 0.345260 0.461838 0.109142 -0.039654 0.299170 1.290701
0.309089 0.192311 -0.403765 -1.226707 -0.030936 -0.097558 -0.119169 -0.375809 0.364032 0.556572 0.254890 0.596227 0.264334 1.263727
0.327272 0.269234 -0.342158 -0.975616 -0.026215 -0.077590 -0.100986 -0.298886 0.423785 0.688406 0.168895 0.092179 0.188379 1.244966
0.327272 0.384615 -0.342158 -0.598990 -0.026215 -0.047637 -0.100986 -0.183505 0.505011 0.865775 0.336116 0.773596 0.110013 1.067710
0.327272 0.423080 -0.342158 -0.473436 -0.026215 -0.037652 -0.100986 -0.145040 0.534887 0.912394 0.198770 0.138798 0.101118 0.962585
0.327272 0.461538 -0.342158 -0.347900 -0.026215 -0.027668 -0.100986 -0.106581 0.565796 0.953996 0.367025 0.815198 0.106328 0.812351
0.327272 0.500003 -0.342158 -0.222346 -0.026215 -0.017683 -0.100986 -0.068117 0.597587 0.991236 0.230561 0.176038 0.123877 0.593421
0.327272 0.538462 -0.342158 -0.096810 -0.026215 -0.007699 -0.100986 -0.029658 0.630117 1.024668 0.399556 0.848629 0.149476 0.285657
0.327272 0.500003 -0.342158 -0.222346 -0.026215 -0.017683 -0.100986 -0.068117 0.597587 0.991236 0.198031 0.142606 0.123877 0.593421
0.327272 0.461538 -0.342158 -0.347900 -0.026215 -0.027668 -0.100986 -0.106581 0.565796 0.953996 0.367765 0.811390 0.106328 0.812351
0.345453 0.423080 -0.280559 -0.473436 -0.021496 -0.037652 -0.082805 -0.145040 0.546200 0.886064 0.178435 0.074674 0.082967 1.052040
0.345453 0.384615 -0.280559 -0.598990 -0.021496 -0.047637 -0.082805 -0.183505 0.516978 0.838989 0.338544 0.764315 0.093602 1.146909
0.363636 0.346157 -0.218951 -0.724526 -0.016776 -0.057621 -0.064622 -0.221963 0.502051 0.760777 0.163508 -0.003538 0.104482 1.287489
0.381816 0.269234 -0.157352 -0.975616 -0.012056 -0.077590 -0.046442 -0.298886 0.467194 0.614167 0.303686 0.617705 0.165667 1.416647
0.418180 0.192311 -0.034146 -1.226707 -0.002616 -0.097558 -0.010078 -0.375809 0.460280 0.431036 0.156594 -0.186669 0.236162 1.543986
0.436363 0.153846 0.027462 -1.352261 0.002104 -0.107544 0.008105 -0.414274 0.462689 0.338958 0.306096 0.525626 0.274531 -1.551234
0.472727 0.153846 0.150668 -1.352261 0.011544 -0.107544 0.044469 -0.414274 0.497131 0.314634 0.191035 -0.210993 0.277991 -1.463864
0.527273 0.115388 0.335483 -1.477797 0.025704 -0.117527 0.099016 -0.452732 0.539751 0.215442 0.348716 0.426435 0.328164 -1.355480
0.563637 0.153846 0.458689 -1.352261 0.035144 -0.107544 0.135379 -0.414274 0.584256 0.266462 0.235540 -0.159973 0.305989 -1.254949
0.600001 0.230769 0.581896 -1.101171 0.044584 -0.087575 0.171743 -0.337351 0.642849 0.367174 0.407309 0.527146 0.261720 -1.099901
0.600001 0.307692 0.581896 -0.850081 0.044584 -0.067606 0.171743 -0.260428 0.674296 0.473851 0.266987 -0.053295 0.209837 -0.987797
0.618181 0.384615 0.643494 -0.598990 0.049303 -0.047637 0.189923 -0.183505 0.728064 0.556564 0.461077 0.609859 0.194873 -0.768211
0.600001 0.538462 0.581896 -0.096810 0.044584 -0.007699 0.171743 -0.029658 0.806189 0.731396 0.345113 0.121537 0.204060 -0.171004
0.581817 0.615385 0.520288 0.154280 0.039863 0.012270 0.153560 0.047265 0.846882 0.813429 0.501769 0.691892 0.242068 0.298592
0.563637 0.692308 0.458689 0.405370 0.035144 0.032239 0.135379 0.124188 0.892735 0.887491 0.390966 0.195600 0.296732 0.742310
0.527273 0.730772 0.335483 0.530925 0.025704 0.042224 0.099016 0.162652 0.901135 0.945767 0.510170 0.750167 0.318306 1.023963
0.490910 0.846154 0.212276 0.907551 0.016264 0.072176 0.062652 0.278034 0.978248 1.045088 0.468078 0.294921 0.422566 1.349159
0.472727 0.846154 0.150668 0.907551 0.011544 0.072176 0.044469 0.278034 0.969251 1.061316 0.501172 0.766395 0.420255 1.412199
0.472727 0.884618 0.150668 1.033106 0.011544 0.082162 0.044469 0.316498 1.003005 1.080021 0.501833 0.313626 0.458522 1.431208
0.454546 0.923077 0.089070 1.158641 0.006824 0.092145 0.026288 0.354957 1.028923 1.113227 0.527090 0.799601 0.495517 1.496871
0.472727 0.923077 0.150668 1.158641 0.011544 0.092145 0.044469 0.354957 1.037083 1.097499 0.509993 0.297898 0.496813 1.446166
0.509090 0.923077 0.273875 1.158641 0.020984 0.092145 0.080832 0.354957 1.054156 1.066791 0.544163 0.768893 0.501378 1.346890
0.563637 0.923077 0.458689 1.158641 0.035144 0.092145 0.135379 0.354957 1.081553 1.022614 0.537391 0.253721 0.513004 1.206430
0.636364 0.961541 0.705102 1.284196 0.054023 0.102130 0.208106 0.393421 1.153049 0.986159 0.615658 0.732438 0.572450 1.084246
0.763635 0.961541 1.136320 1.284196 0.087062 0.102130 0.335377 0.393421 1.227885 0.899615 0.612227 0.167178 0.629976 0.864874
0.799999 0.961541 1.259526 1.284196 0.096502 0.102130 0.371741 0.393421 1.250824 0.876848 0.638597 0.709670 0.650064 0.813725
0.872726 0.961541 1.505939 1.284196 0.115382 0.102130 0.444468 0.393421 1.298542 0.833780 0.659946 0.124110 0.694221 0.724550
0.890909 0.961541 1.567547 1.284196 0.120102 0.102130 0.462651 0.393421 1.310832 0.823509 0.650887 0.699398 0.706001 0.704705
0.909090 0.961541 1.629146 1.284196 0.124822 0.102130 0.480832 0.393421 1.323256 0.813430 0.672369 0.114032 0.718046 0.685746
0.909090 0.923077 1.629146 1.158641 0.124822 0.092145 0.480832 0.354957 1.295575 0.793032 0.623206 0.679000 0.689960 0.635916
0.890909 0.884618 1.567547 1.033106 0.120102 0.082162 0.462651 0.316498 1.255495 0.781855 0.632289 0.102855 0.649855 0.599973
0.872726 0.807695 1.505939 0.782015 0.115382 0.062193 0.444468 0.239575 1.189127 0.746718 0.556837 0.643864 0.584401 0.494371
0.872726 0.692308 1.505939 0.405370 0.115382 0.032239 0.444468 0.124188 1.113975 0.670624 0.557138 0.026760 0.516986 0.272459
0.872726 0.653849 1.505939 0.279835 0.115382 0.022255 0.444468 0.085729 1.090490 0.642991 0.533353 0.616230 0.498441 0.190540
0.890909 0.576926 1.567547 0.028745 0.120102 0.002286 0.462651 0.008806 1.061397 0.574665 0.528044 -0.041565 0.485951 0.019032
0.945453 0.538462 1.752352 -0.096810 0.134262 -0.007699 0.517195 -0.029658 1.088036 0.517712 0.559992 0.559277 0.528806 -0.057282
0.963636 0.538462 1.813960 -0.096810 0.138982 -0.007699 0.535379 -0.029658 1.103873 0.509560 0.543881 -0.049718 0.546603 -0.055340
1.000000 0.576926 1.937167 0.028745 0.148422 0.002286 0.571742 0.008806 1.154488 0.523281 0.610607 0.572998 0.590755 0.015401
1.000000 0.692308 1.937167 0.405370 0.148422 0.032239 0.571742 0.124188 1.216261 0.605545 0.605653 0.032547 0.629771 0.213887
1.000000 0.846154 1.937167 0.907551 0.148422 0.072176 0.571742 0.278034 1.309953 0.702257 0.704300 0.669710 0.708185 0.452622
0.981817 0.923077 1.875559 1.158641 0.143701 0.092145 0.553559 0.354957 1.347604 0.754572 0.643304 0.084861 0.742478 0.570183
0.963636 1.000000 1.813960 1.409731 0.138982 0.112114 0.535379 0.431880 1.388739 0.803915 0.745435 0.719053 0.783275 0.678802
