0.062498 0.500003 -1.228233 -0.087528 -0.094476 -0.006773 -0.378678 -0.027148 0.503894 1.446445 0.503894 1.446445 0.383220 0.071569
0.041667 0.500003 -1.295800 -0.087528 -0.099673 -0.006773 -0.399510 -0.027148 0.501736 1.487656 -0.002158 0.041210 0.403817 0.067849
0.020832 0.500003 -1.363377 -0.087528 -0.104871 -0.006773 -0.420344 -0.027148 0.500437 1.529157 0.502594 1.487947 0.424441 0.064495
0.000000 0.615385 -1.430945 0.284475 -0.110069 0.022013 -0.441176 0.088234 0.615385 1.570796 0.112790 0.082850 0.474326 -0.197392
0.000000 0.653849 -1.430945 0.408489 -0.110069 0.031610 -0.441176 0.126698 0.653849 1.570796 0.541059 1.487947 0.489761 -0.279657
0.000000 0.692308 -1.430945 0.532483 -0.110069 0.041205 -0.441176 0.165157 0.692308 1.570796 0.151249 0.082850 0.507645 -0.358206
0.000000 0.730772 -1.430945 0.656497 -0.110069 0.050801 -0.441176 0.203621 0.730772 1.570796 0.579523 1.487947 0.527733 -0.432411
0.020832 0.807695 -1.363377 0.904505 -0.104871 0.069993 -0.420344 0.280544 0.807964 1.545010 0.228440 0.057064 0.557697 -0.588521
0.041667 0.846154 -1.295800 1.028500 -0.099673 0.079588 -0.399510 0.319003 0.847179 1.521594 0.618739 1.464530 0.568871 -0.673817
0.083333 0.846154 -1.160655 1.028500 -0.089278 0.079588 -0.357843 0.319003 0.850247 1.472628 0.231509 0.008098 0.540424 -0.728077
0.104165 0.884618 -1.093088 1.152513 -0.084081 0.089184 -0.337011 0.357467 0.890730 1.453585 0.659221 1.445486 0.556972 -0.814845
0.145832 0.884618 -0.957943 1.152513 -0.073685 0.089184 -0.295344 0.357467 0.896558 1.407413 0.237337 -0.038073 0.532794 -0.880275
0.166667 0.884618 -0.890365 1.152513 -0.068487 0.089184 -0.274510 0.357467 0.900182 1.384574 0.662845 1.422648 0.521533 -0.915919
0.187498 0.846154 -0.822798 1.028500 -0.063290 0.079588 -0.253678 0.319003 0.866679 1.352731 0.203834 -0.069917 0.477870 -0.898976
0.208333 0.807695 -0.755220 0.904505 -0.058092 0.069993 -0.232843 0.280544 0.834131 1.318363 0.630297 1.388280 0.434226 -0.878047
0.208333 0.730772 -0.755220 0.656497 -0.058092 0.050801 -0.232843 0.203621 0.759889 1.293077 0.129592 -0.095203 0.371593 -0.718547
0.208333 0.692308 -0.755220 0.532483 -0.058092 0.041205 -0.232843 0.165157 0.722975 1.278490 0.593383 1.373693 0.342466 -0.616944
0.208333 0.615385 -0.755220 0.284475 -0.058092 0.022013 -0.232843 0.088234 0.649693 1.244366 0.056310 -0.129327 0.290800 -0.362222
0.208333 0.576926 -0.755220 0.160480 -0.058092 0.012418 -0.232843 0.049775 0.613389 1.224259 0.557080 1.353586 0.269525 -0.210601
0.187498 0.538462 -0.822798 0.036467 -0.063290 0.002822 -0.253678 0.011311 0.570172 1.235716 0.013093 -0.117870 0.271693 -0.044557
0.145832 0.423080 -0.957943 -0.335536 -0.073685 -0.025965 -0.295344 -0.104071 0.447508 1.238859 0.434415 1.356729 0.295898 0.338786
0.125000 0.384615 -1.025510 -0.459550 -0.078883 -0.035561 -0.316176 -0.142535 0.404418 1.256564 -0.029997 -0.100165 0.321195 0.423528
0.104165 0.307692 -1.093088 -0.707558 -0.084081 -0.054753 -0.337011 -0.219459 0.324846 1.244370 0.354843 1.344535 0.362484 0.577212
0.104165 0.269234 -1.093088 -0.831553 -0.084081 -0.064348 -0.337011 -0.257917 0.288682 1.201638 -0.066161 -0.142897 0.378339 0.653226
0.104165 0.230769 -1.093088 -0.955566 -0.084081 -0.073944 -0.337011 -0.296382 0.253189 1.146794 0.319351 1.289691 0.397300 0.721340
0.104165 0.153846 -1.093088 -1.203574 -0.084081 -0.093135 -0.337011 -0.373305 0.185793 0.975624 -0.133558 -0.314067 0.442871 0.836449
0.145832 0.076923 -0.957943 -1.451583 -0.073685 -0.112327 -0.295344 -0.450228 0.164876 0.485388 0.298434 0.799454 0.468944 0.990223
0.166667 0.038464 -0.890365 -1.575577 -0.068487 -0.121922 -0.274510 -0.488686 0.171048 0.226815 -0.127386 -0.572639 0.487373 1.058992
0.187498 0.038464 -0.822798 -1.575577 -0.063290 -0.121922 -0.253678 -0.488686 0.191403 0.202338 0.318789 0.774977 0.475951 1.091985
0.229165 0.000000 -0.687653 -1.699591 -0.052894 -0.131518 -0.212011 -0.527151 0.229165 0.000000 -0.089624 -0.774977 0.489474 1.188410
0.250000 0.000000 -0.620076 -1.699591 -0.047696 -0.131518 -0.191176 -0.527151 0.250000 0.000000 0.339624 0.774977 0.480817 1.222889
0.312498 0.076923 -0.417363 -1.451583 -0.032104 -0.112327 -0.128678 -0.450228 0.321827 0.241357 -0.017797 -0.533621 0.386314 1.292412
0.333333 0.115388 -0.349786 -1.327569 -0.026906 -0.102730 -0.107843 -0.411763 0.352740 0.333252 0.370537 0.866873 0.343174 1.314645
0.333333 0.153846 -0.349786 -1.203574 -0.026906 -0.093135 -0.107843 -0.373305 0.367124 0.432408 -0.003414 -0.434465 0.306902 1.289566
0.354165 0.269234 -0.282218 -0.831553 -0.021708 -0.064348 -0.087011 -0.257917 0.444882 0.649993 0.448295 1.084457 0.192705 1.245426
0.354165 0.307692 -0.282218 -0.707558 -0.021708 -0.054753 -0.087011 -0.219459 0.469156 0.715298 0.020861 -0.369160 0.159339 1.193328
0.354165 0.346157 -0.282218 -0.583544 -0.021708 -0.045156 -0.087011 -0.180994 0.495235 0.773963 0.474374 1.143123 0.128840 1.122675
0.354165 0.384615 -0.282218 -0.459550 -0.021708 -0.035561 -0.087011 -0.142535 0.522840 0.826592 0.048466 -0.316531 0.103779 1.022727
0.354165 0.423080 -0.282218 -0.335536 -0.021708 -0.025965 -0.087011 -0.104071 0.551751 0.873832 0.503285 1.190364 0.088873 0.874443
0.354165 0.384615 -0.282218 -0.459550 -0.021708 -0.035561 -0.087011 -0.142535 0.522840 0.826592 0.019555 -0.363772 0.103779 1.022727
0.333333 0.346157 -0.349786 -0.583544 -0.026906 -0.045156 -0.107843 -0.180994 0.480558 0.804268 0.461002 1.168040 0.143732 1.033444
0.333333 0.269234 -0.349786 -0.831553 -0.026906 -0.064348 -0.107843 -0.257917 0.428483 0.679419 -0.032519 -0.488621 0.202964 1.174759
0.333333 0.230769 -0.349786 -0.955566 -0.026906 -0.073944 -0.107843 -0.296382 0.405420 0.605545 0.437939 1.094166 0.236434 1.221824
0.354165 0.192311 -0.282218 -1.079561 -0.021708 -0.083539 -0.087011 -0.334840 0.403009 0.497451 -0.034930 -0.596715 0.263638 1.316561
0.375000 0.115388 -0.214641 -1.327569 -0.016510 -0.102730 -0.066176 -0.411763 0.392351 0.298506 0.427281 0.895221 0.332442 1.411445
0.416667 0.038464 -0.079496 -1.575577 -0.006115 -0.121922 -0.024510 -0.488686 0.418438 0.092054 -0.008843 -0.803167 0.403457 1.520684
0.458333 0.038464 0.055649 -1.575577 0.004281 -0.121922 0.017157 -0.488686 0.459945 0.083726 0.468787 0.886893 0.403077 -1.535702
0.520832 0.000000 0.258361 -1.699591 0.019873 -0.131518 0.079656 -0.527151 0.520832 0.000000 0.052044 -0.886893 0.448310 -1.420825
0.541667 0.000000 0.325939 -1.699591 0.025071 -0.131518 0.100490 -0.527151 0.541667 0.000000 0.489622 0.886893 0.452476 -1.382427
0.604168 0.076923 0.528661 -1.451583 0.040665 -0.112327 0.162992 -0.450228 0.609046 0.126639 0.119423 -0.760254 0.399057 -1.223452
0.625000 0.115388 0.596228 -1.327569 0.045862 -0.102730 0.183824 -0.411763 0.635562 0.182564 0.516139 0.942818 0.374071 -1.150915
0.645835 0.192311 0.663806 -1.079561 0.051060 -0.083539 0.204659 -0.334840 0.673859 0.289410 0.157720 -0.653408 0.322210 -1.022173
0.645835 0.346157 0.663806 -0.583544 0.051060 -0.045156 0.204659 -0.180994 0.732753 0.492018 0.575033 1.145426 0.225641 -0.724113
0.625000 0.423080 0.596228 -0.335536 0.045862 -0.025965 0.183824 -0.104071 0.754733 0.595073 0.179700 -0.550354 0.184712 -0.515154
0.625000 0.500003 0.596228 -0.087528 0.045862 -0.006773 0.183824 -0.027148 0.800392 0.674744 0.620693 1.225097 0.193007 -0.146625
0.562502 0.615385 0.393516 0.284475 0.030269 0.022013 0.121325 0.088234 0.833730 0.830265 0.213038 -0.394833 0.212293 0.628781
0.541667 0.692308 0.325939 0.532483 0.025071 0.041205 0.100490 0.165157 0.879029 0.906875 0.665992 1.301708 0.270491 1.024183
0.500000 0.807695 0.190794 0.904505 0.014676 0.069993 0.058824 0.280544 0.949932 1.016490 0.283941 -0.285217 0.371209 1.364113
0.479165 0.807695 0.123216 0.904505 0.009478 0.069993 0.037989 0.280544 0.939133 1.035355 0.655192 1.320572 0.368483 1.436204
0.479165 0.846154 0.123216 1.028500 0.009478 0.079588 0.037989 0.319003 0.972407 1.055535 0.317215 -0.265037 0.406756 1.452268
0.458333 0.884618 0.055649 1.152513 0.004281 0.089184 0.017157 0.357467 0.996303 1.092763 0.679088 1.357799 0.443774 1.522837
0.479165 0.884618 0.123216 1.152513 0.009478 0.089184 0.037989 0.357467 1.006056 1.074376 0.326968 -0.283423 0.445066 1.464921
0.520832 0.884618 0.258361 1.152513 0.019873 0.089184 0.079656 0.357467 1.026555 1.038679 0.699587 1.322102 0.450540 1.351545
0.562502 0.884618 0.393516 1.152513 0.030269 0.089184 0.121325 0.357467 1.048312 1.004419 0.348725 -0.317683 0.459740 1.243593
0.625000 0.884618 0.596228 1.152513 0.045862 0.089184 0.183824 0.357467 1.083132 0.955708 0.734407 1.273392 0.480033 1.095822
0.750000 0.923077 1.001663 1.276508 0.077048 0.098779 0.308824 0.395926 1.189357 0.888480 0.454950 -0.384912 0.572364 0.908368
0.812502 0.923077 1.204385 1.276508 0.092642 0.098779 0.371325 0.395926 1.229728 0.849023 0.774777 1.233935 0.608367 0.817451
0.854168 0.923077 1.339530 1.276508 0.103037 0.098779 0.412992 0.395926 1.257646 0.824152 0.482869 -0.409783 0.634658 0.764304
0.895835 0.923077 1.474675 1.276508 0.113432 0.098779 0.454659 0.395926 1.286309 0.800374 0.803440 1.210158 0.662528 0.716458
0.916667 0.923077 1.542242 1.276508 0.118630 0.098779 0.475490 0.395926 1.300903 0.788882 0.497463 -0.421275 0.676993 0.694346
0.895835 0.884618 1.474675 1.152513 0.113432 0.089184 0.454659 0.357467 1.258996 0.779098 0.761532 1.200373 0.635103 0.666290
0.875000 0.846154 1.407098 1.028500 0.108234 0.079588 0.433824 0.319003 1.217210 0.768640 0.455678 -0.431733 0.593473 0.634045
0.875000 0.807695 1.407098 0.904505 0.108234 0.069993 0.433824 0.280544 1.190797 0.745421 0.735118 1.177155 0.567925 0.574036
0.833333 0.692308 1.271953 0.532483 0.097839 0.041205 0.392157 0.165157 1.083390 0.693223 0.348272 -0.483932 0.465676 0.398605
0.833333 0.615385 1.271953 0.284475 0.097839 0.022013 0.392157 0.088234 1.035926 0.636076 0.687654 1.120007 0.429110 0.221311
0.833333 0.576926 1.271953 0.160480 0.097839 0.012418 0.392157 0.049775 1.013552 0.605547 0.325898 -0.514460 0.414988 0.126251
0.875000 0.500003 1.407098 -0.087528 0.108234 -0.006773 0.433824 -0.027148 1.007784 0.519149 0.681886 1.033609 0.437794 -0.062497
0.895835 0.500003 1.474675 -0.087528 0.113432 -0.006773 0.454659 -0.027148 1.025925 0.509073 0.344040 -0.524536 0.458449 -0.059640
0.937502 0.500003 1.609820 -0.087528 0.123828 -0.006773 0.496325 -0.027148 1.062503 0.489959 0.718463 1.014495 0.499799 -0.054643
0.958333 0.500003 1.677387 -0.087528 0.129025 -0.006773 0.517157 -0.027148 1.080928 0.480890 0.362465 -0.533605 0.520492 -0.052446
1.000000 0.615385 1.812532 0.284475 0.139420 0.022013 0.558824 0.088234 1.174180 0.551655 0.811715 1.085260 0.585348 0.156599
1.000000 0.769231 1.812532 0.780492 0.139420 0.060396 0.558824 0.242080 1.261632 0.655696 0.449918 -0.429565 0.648000 0.408792
1.000000 0.846154 1.812532 1.028500 0.139420 0.079588 0.558824 0.319003 1.309953 0.702257 0.860035 1.131822 0.690138 0.518708
0.979168 0.923077 1.744965 1.276508 0.134223 0.098779 0.537992 0.395926 1.345675 0.755920 0.485640 -0.375902 0.722263 0.634437
0.958333 1.000000 1.677387 1.524516 0.129025 0.117971 0.517157 0.472849 1.385064 0.806672 0.899424 1.182574 0.761404 0.740673
