0.018183 0.541664 -1.377119 0.038505 -0.101388 0.003034 -0.416090 0.012450 0.541969 1.537240 0.541969 1.537240 0.429725 -0.029913
0.000000 0.541664 -1.437299 0.038505 -0.105818 0.003034 -0.434273 0.012450 0.541664 1.570796 -0.000305 0.033556 0.447354 -0.028661
0.000000 0.583333 -1.437299 0.167377 -0.105818 0.013187 -0.434273 0.054120 0.583333 1.570796 0.583638 1.537240 0.459143 -0.123983
0.000000 0.624997 -1.437299 0.296230 -0.105818 0.023339 -0.434273 0.095784 0.624997 1.570796 0.041358 0.033556 0.474309 -0.217085
0.000000 0.666667 -1.437299 0.425102 -0.105818 0.033493 -0.434273 0.137453 0.666667 1.570796 0.625308 1.537240 0.492544 -0.306537
0.018183 0.750000 -1.377119 0.682827 -0.101388 0.053799 -0.416090 0.220787 0.750220 1.546557 0.124912 0.009317 0.522316 -0.487844
0.036363 0.791664 -1.316948 0.811679 -0.096958 0.063951 -0.397910 0.262450 0.792498 1.524896 0.667586 1.515579 0.534846 -0.583075
0.054547 0.833333 -1.256768 0.940551 -0.092527 0.074104 -0.379727 0.304120 0.835117 1.505434 0.167531 -0.010145 0.550855 -0.675285
0.090910 0.874997 -1.136417 1.069404 -0.083666 0.084256 -0.343363 0.345784 0.879707 1.467270 0.712176 1.477415 0.558691 -0.788910
0.109090 0.874997 -1.076246 1.069404 -0.079237 0.084256 -0.325183 0.345784 0.881771 1.446761 0.169595 -0.030654 0.547705 -0.816092
0.145454 0.874997 -0.955895 1.069404 -0.070376 0.084256 -0.288819 0.345784 0.887004 1.406069 0.717409 1.436723 0.526929 -0.874922
0.163637 0.833333 -0.895715 0.940551 -0.065945 0.074104 -0.270636 0.304120 0.849248 1.376899 0.131838 -0.059824 0.482175 -0.843590
0.181817 0.791664 -0.835545 0.811679 -0.061515 0.063951 -0.252456 0.262450 0.812274 1.345046 0.680436 1.404870 0.437563 -0.804806
0.200001 0.750000 -0.775365 0.682827 -0.057085 0.053799 -0.234273 0.220787 0.776209 1.310193 0.095773 -0.094677 0.393150 -0.755771
0.200001 0.708330 -0.775365 0.553954 -0.057085 0.043645 -0.234273 0.179117 0.736024 1.295605 0.640251 1.390282 0.360542 -0.652758
0.200001 0.666667 -0.775365 0.425102 -0.057085 0.033493 -0.234273 0.137453 0.696021 1.279339 0.055770 -0.110943 0.329985 -0.530600
0.200001 0.624997 -0.775365 0.296230 -0.057085 0.023339 -0.234273 0.095784 0.656217 1.261091 0.600448 1.372034 0.302091 -0.388117
0.200001 0.583333 -0.775365 0.167377 -0.057085 0.013187 -0.234273 0.054120 0.616667 1.240498 0.016219 -0.131536 0.277674 -0.227030
0.181817 0.500000 -0.835545 -0.090348 -0.061515 -0.007118 -0.252456 -0.029213 0.532032 1.222027 0.515813 1.353563 0.260872 0.115204
0.145454 0.416667 -0.955895 -0.348072 -0.070376 -0.027424 -0.288819 -0.112547 0.441325 1.234933 -0.074487 -0.118630 0.289356 0.371576
0.127274 0.374997 -1.016066 -0.476944 -0.074806 -0.037578 -0.307000 -0.154216 0.396007 1.243597 0.470494 1.362227 0.312670 0.465513
0.127274 0.333333 -1.016066 -0.605797 -0.074806 -0.047730 -0.307000 -0.195880 0.356805 1.206059 -0.113689 -0.156167 0.323168 0.567925
0.109090 0.250000 -1.076246 -0.863522 -0.079237 -0.068035 -0.325183 -0.279213 0.272765 1.159342 0.386454 1.315509 0.373765 0.709485
0.109090 0.208330 -1.076246 -0.992394 -0.079237 -0.078189 -0.325183 -0.320883 0.235164 1.088414 -0.151290 -0.227095 0.395973 0.778743
0.109090 0.166667 -1.076246 -1.121247 -0.079237 -0.088341 -0.325183 -0.362547 0.199195 0.991234 0.350485 1.218329 0.421138 0.839674
0.109090 0.083333 -1.076246 -1.378971 -0.079237 -0.108646 -0.325183 -0.445880 0.137278 0.652333 -0.213207 -0.565996 0.478438 0.940671
0.109090 0.041664 -1.076246 -1.507843 -0.079237 -0.118800 -0.325183 -0.487550 0.116776 0.364821 0.329983 0.930817 0.509791 0.982581
0.109090 0.000000 -1.076246 -1.636696 -0.079237 -0.128952 -0.325183 -0.529213 0.109090 0.000000 -0.220892 -0.930817 0.542529 1.019809
0.127274 0.000000 -1.016066 -1.636696 -0.074806 -0.128952 -0.307000 -0.529213 0.127274 0.000000 0.348166 0.930817 0.531829 1.045133
0.145454 0.000000 -0.955895 -1.636696 -0.070376 -0.128952 -0.288819 -0.529213 0.145454 0.000000 -0.202712 -0.930817 0.521546 1.071220
0.181817 0.000000 -0.835545 -1.636696 -0.061515 -0.128952 -0.252456 -0.529213 0.181817 0.000000 0.384529 0.930817 0.502322 1.125685
0.200001 0.000000 -0.775365 -1.636696 -0.057085 -0.128952 -0.234273 -0.529213 0.200001 0.000000 -0.184529 -0.930817 0.493434 1.154045
0.218181 0.041664 -0.715194 -1.507843 -0.052655 -0.118800 -0.216092 -0.487550 0.222123 0.188687 0.406652 1.119504 0.448150 1.153594
0.272728 0.083333 -0.534663 -1.378971 -0.039363 -0.108646 -0.161546 -0.445880 0.285175 0.296546 -0.121477 -0.822959 0.386337 1.223199
0.290908 0.124997 -0.474492 -1.250119 -0.034934 -0.098494 -0.143366 -0.404216 0.316625 0.405827 0.438102 1.228785 0.340890 1.229963
0.290908 0.208330 -0.474492 -0.992394 -0.034934 -0.078189 -0.143366 -0.320883 0.357811 0.621475 -0.080291 -0.607310 0.267589 1.150620
0.309091 0.333333 -0.414312 -0.605797 -0.030503 -0.047730 -0.125182 -0.195880 0.454586 0.823116 0.534877 1.430426 0.160809 1.002138
0.309091 0.374997 -0.414312 -0.476944 -0.030503 -0.037578 -0.125182 -0.154216 0.485963 0.881443 -0.048914 -0.548983 0.138508 0.888942
0.309091 0.458330 -0.414312 -0.219220 -0.030503 -0.017272 -0.125182 -0.070883 0.552814 0.977469 0.601729 1.526453 0.127473 0.515225
0.309091 0.500000 -0.414312 -0.090348 -0.030503 -0.007118 -0.125182 -0.029213 0.587824 1.017115 -0.013904 -0.509338 0.141388 0.229262
0.309091 0.541664 -0.414312 0.038505 -0.030503 0.003034 -0.125182 0.012450 0.623648 1.052250 0.637552 1.561588 0.164934 -0.099131
0.309091 0.500000 -0.414312 -0.090348 -0.030503 -0.007118 -0.125182 -0.029213 0.587824 1.017115 -0.049728 -0.544473 0.141388 0.229262
0.309091 0.458330 -0.414312 -0.219220 -0.030503 -0.017272 -0.125182 -0.070883 0.552814 0.977469 0.602543 1.521942 0.127473 0.515225
0.309091 0.416667 -0.414312 -0.348072 -0.030503 -0.027424 -0.125182 -0.112547 0.518795 0.932552 -0.083747 -0.589390 0.126415 0.732296
0.309091 0.374997 -0.414312 -0.476944 -0.030503 -0.037578 -0.125182 -0.154216 0.485963 0.881443 0.569710 1.470833 0.138508 0.888942
0.327271 0.291664 -0.354141 -0.734669 -0.026073 -0.057883 -0.107002 -0.237550 0.438377 0.727931 -0.131334 -0.742903 0.178289 1.147576
0.345454 0.250000 -0.293961 -0.863522 -0.021642 -0.068035 -0.088819 -0.279213 0.426426 0.626445 0.557759 1.369348 0.204562 1.262814
0.363635 0.208330 -0.233790 -0.992394 -0.017212 -0.078189 -0.070639 -0.320883 0.419084 0.520262 -0.138675 -0.849085 0.236728 1.354114
0.418181 0.124997 -0.053259 -1.250119 -0.003921 -0.098494 -0.016092 -0.404216 0.436463 0.290453 0.575138 1.139538 0.309695 1.531007
0.454545 0.124997 0.067092 -1.250119 0.004940 -0.098494 0.020272 -0.404216 0.471418 0.268360 -0.103719 -0.871178 0.309940 -1.520688
0.490908 0.083333 0.187443 -1.378971 0.013800 -0.108646 0.056635 -0.445880 0.497931 0.168150 0.601651 1.039328 0.355481 -1.444454
0.563635 0.124997 0.428145 -1.250119 0.031521 -0.098494 0.129362 -0.404216 0.577329 0.218237 -0.024321 -0.821091 0.335241 -1.261065
0.581819 0.124997 0.488325 -1.250119 0.035952 -0.098494 0.147545 -0.404216 0.595094 0.211622 0.619415 1.032713 0.342668 -1.220808
0.618182 0.250000 0.608676 -0.863522 0.044813 -0.068035 0.183909 -0.279213 0.666820 0.384304 0.047405 -0.648409 0.260344 -0.988352
0.618182 0.333333 0.608676 -0.605797 0.044813 -0.047730 0.183909 -0.195880 0.702325 0.494526 0.654920 1.142935 0.209789 -0.816909
0.618182 0.416667 0.608676 -0.348072 0.044813 -0.027424 0.183909 -0.112547 0.745493 0.593076 0.090573 -0.549859 0.184749 -0.549175
0.618182 0.500000 0.608676 -0.090348 0.044813 -0.007118 0.183909 -0.029213 0.795078 0.680098 0.704505 1.229957 0.195301 -0.157530
0.581819 0.708330 0.488325 0.553954 0.035952 0.043645 0.147545 0.179117 0.916648 0.883145 0.212144 -0.346812 0.311250 0.881749
0.563635 0.791664 0.428145 0.811679 0.031521 0.063951 0.129362 0.262450 0.971811 0.952086 0.759667 1.298898 0.380082 1.112844
0.545455 0.833333 0.367974 0.940551 0.027091 0.074104 0.111182 0.304120 0.995975 0.991232 0.236308 -0.307666 0.414259 1.220306
0.527272 0.874997 0.307794 1.069404 0.022661 0.084256 0.092999 0.345784 1.021585 1.028468 0.785277 1.336134 0.450429 1.308063
0.490908 0.916667 0.187443 1.198276 0.013800 0.094410 0.056635 0.387453 1.039841 1.079125 0.254564 -0.257009 0.485706 1.425652
0.509092 0.916667 0.247623 1.198276 0.018231 0.094410 0.074818 0.387453 1.048548 1.063838 0.793984 1.320847 0.488161 1.380042
0.527272 0.916667 0.307794 1.198276 0.022661 0.094410 0.092999 0.387453 1.057494 1.048807 0.263510 -0.272039 0.491276 1.335228
0.563635 0.916667 0.428145 1.198276 0.031521 0.094410 0.129362 0.387453 1.076087 1.019511 0.812577 1.291550 0.499437 1.248556
0.618182 0.916667 0.608676 1.198276 0.044813 0.094410 0.183909 0.387453 1.105634 0.977472 0.293058 -0.314078 0.516261 1.127626
0.690909 0.916667 0.849378 1.198276 0.062534 0.094410 0.256636 0.387453 1.147882 0.924919 0.854824 1.238997 0.546411 0.985778
0.799999 0.916667 1.210431 1.198276 0.089116 0.094410 0.365726 0.387453 1.216666 0.853255 0.361842 -0.385742 0.605358 0.814238
0.854543 0.916667 1.390952 1.198276 0.102406 0.094410 0.420270 0.387453 1.253205 0.820458 0.891363 1.206200 0.639789 0.744792
0.927270 0.916667 1.631654 1.198276 0.120127 0.094410 0.492997 0.387453 1.303882 0.779648 0.412519 -0.426552 0.689746 0.666093
0.945453 0.916667 1.691834 1.198276 0.124558 0.094410 0.511180 0.387453 1.316875 0.769940 0.904356 1.196492 0.702857 0.648575
0.963634 0.916667 1.752005 1.198276 0.128988 0.094410 0.529360 0.387453 1.329988 0.760425 0.425632 -0.436067 0.716188 0.631834
0.945453 0.874997 1.691834 1.069404 0.124558 0.084256 0.511180 0.345784 1.288216 0.746715 0.862585 1.182782 0.674939 0.594740
0.927270 0.833333 1.631654 0.940551 0.120127 0.074104 0.492997 0.304120 1.246706 0.732094 0.384121 -0.450688 0.634267 0.552739
0.909090 0.791664 1.571483 0.811679 0.115697 0.063951 0.474817 0.262450 1.205477 0.716464 0.821356 1.167152 0.594288 0.504945
0.890907 0.750000 1.511303 0.682827 0.111267 0.053799 0.456633 0.220787 1.164566 0.699737 0.343210 -0.467415 0.555155 0.450369
0.872726 0.666667 1.451132 0.425102 0.106837 0.033493 0.438453 0.137453 1.098224 0.652331 0.755014 1.119746 0.496233 0.303792
0.872726 0.541664 1.451132 0.038505 0.106837 0.003034 0.438453 0.012450 1.027157 0.555470 0.272143 -0.564276 0.451413 0.028388
0.890907 0.500000 1.511303 -0.090348 0.111267 -0.007118 0.456633 -0.029213 1.021624 0.511421 0.749481 1.075698 0.461339 -0.063888
0.909090 0.500000 1.571483 -0.090348 0.115697 -0.007118 0.474817 -0.029213 1.037518 0.502844 0.288037 -0.572854 0.479344 -0.061448
0.945453 0.458330 1.691834 -0.219220 0.124558 -0.017272 0.511180 -0.070883 1.050690 0.451392 0.762652 1.024246 0.511746 -0.137787
0.981817 0.500000 1.812185 -0.090348 0.133419 -0.007118 0.547543 -0.029213 1.101801 0.471028 0.339148 -0.553218 0.551474 -0.053303
1.000000 0.541664 1.872365 0.038505 0.137849 0.003034 0.565727 0.012450 1.137277 0.496420 0.798129 1.049638 0.575829 0.022004
1.000000 0.624997 1.872365 0.296230 0.137849 0.023339 0.565727 0.095784 1.179246 0.558597 0.381117 -0.491041 0.597011 0.167720
1.000000 0.750000 1.872365 0.682827 0.137849 0.053799 0.565727 0.220787 1.250000 0.643501 0.868883 1.134542 0.647866 0.372091
0.981817 0.874997 1.812185 1.069404 0.133419 0.084256 0.547543 0.345784 1.315136 0.727933 0.446254 -0.406609 0.702881 0.563273
0.963634 1.000000 1.752005 1.456001 0.128988 0.114715 0.529360 0.470787 1.388737 0.803916 0.942483 1.210525 0.774770 0.726900
