0.163934 0.829788 -0.803637 0.811142 -0.046681 0.045303 -0.268747 0.260811 0.845826 1.375746 0.845826 1.375746 0.479498 -0.770413
0.147540 0.829788 -0.852662 0.811142 -0.049529 0.045303 -0.285142 0.260811 0.842802 1.394831 -0.003024 0.019085 0.488875 -0.740862
0.131147 0.829788 -0.901680 0.811142 -0.052377 0.045303 -0.301534 0.260811 0.840087 1.414044 0.843112 1.394959 0.498614 -0.713108
0.114753 0.829788 -0.950705 0.811142 -0.055224 0.045303 -0.317928 0.260811 0.837685 1.433376 -0.005427 0.038418 0.508696 -0.687024
0.098361 0.829788 -0.999723 0.811142 -0.058072 0.045303 -0.334321 0.260811 0.835597 1.452810 0.841024 1.414392 0.519099 -0.662502
0.081966 0.829788 -1.048748 0.811142 -0.060919 0.045303 -0.350715 0.260811 0.833826 1.472336 -0.007198 0.057944 0.529806 -0.639428
0.065574 0.829788 -1.097766 0.811142 -0.063767 0.045303 -0.367107 0.260811 0.832374 1.491936 0.839572 1.433992 0.540797 -0.617704
0.049179 0.829788 -1.146791 0.811142 -0.066615 0.045303 -0.383502 0.260811 0.831244 1.511599 -0.008329 0.077607 0.552057 -0.597229
0.032787 0.851062 -1.195809 0.877309 -0.069462 0.048998 -0.399894 0.282086 0.851694 1.532291 0.860022 1.454684 0.578756 -0.614342
0.032787 0.872341 -1.195809 0.943486 -0.069462 0.052694 -0.399894 0.303364 0.872957 1.533229 0.012934 0.078545 0.594320 -0.648989
0.016392 0.872341 -1.244834 0.943486 -0.072310 0.052694 -0.416289 0.303364 0.872495 1.552008 0.859561 1.473462 0.605473 -0.629752
0.016392 0.893616 -1.244834 1.009652 -0.072310 0.056390 -0.416289 0.324639 0.893766 1.552455 0.034205 0.078993 0.621093 -0.662327
0.016392 0.914894 -1.244834 1.075829 -0.072310 0.060086 -0.416289 0.345917 0.915041 1.552881 0.880835 1.473889 0.637044 -0.693333
0.016392 0.936169 -1.244834 1.141996 -0.072310 0.063781 -0.416289 0.367192 0.936312 1.553288 0.055477 0.079400 0.653296 -0.722815
0.032787 0.936169 -1.195809 1.141996 -0.069462 0.063781 -0.399894 0.367192 0.936743 1.535788 0.881266 1.456389 0.642974 -0.742792
0.032787 0.957447 -1.195809 1.208172 -0.069462 0.067477 -0.399894 0.388470 0.958008 1.536566 0.076742 0.080177 0.659769 -0.770908
0.049179 0.957447 -1.146791 1.208172 -0.066615 0.067477 -0.383502 0.388470 0.958709 1.519477 0.881967 1.439300 0.649964 -0.791834
0.081966 0.978722 -1.048748 1.274339 -0.060919 0.071173 -0.350715 0.409745 0.982148 1.487243 0.100181 0.047944 0.648970 -0.862867
0.098361 0.978722 -0.999723 1.274339 -0.058072 0.071173 -0.334321 0.409745 0.983652 1.470634 0.883471 1.422690 0.640258 -0.886421
0.114753 1.000000 -0.950705 1.340516 -0.055224 0.074869 -0.317928 0.431023 1.006563 1.456543 0.123092 0.033853 0.650330 -0.935270
0.131147 1.000000 -0.901680 1.340516 -0.052377 0.074869 -0.301534 0.431023 1.008563 1.440393 0.885471 1.406540 0.642474 -0.960355
0.147540 1.000000 -0.852662 1.340516 -0.049529 0.074869 -0.285142 0.431023 1.010825 1.424314 0.125354 0.017774 0.634946 -0.986348
0.163934 1.000000 -0.803637 1.340516 -0.046681 0.074869 -0.268747 0.431023 1.013348 1.408307 0.887994 1.390534 0.627754 -1.013270
0.180326 1.000000 -0.754619 1.340516 -0.043834 0.074869 -0.252355 0.431023 1.016129 1.392387 0.128135 0.001854 0.620914 -1.041123
0.196721 1.000000 -0.705594 1.340516 -0.040986 0.074869 -0.235960 0.431023 1.019166 1.376556 0.891031 1.374702 0.614433 -1.069920
0.229508 0.978722 -0.607551 1.274339 -0.035291 0.071173 -0.203173 0.409745 1.005271 1.340461 0.114240 -0.034241 0.582615 -1.110472
0.245903 0.978722 -0.558526 1.274339 -0.032444 0.071173 -0.186779 0.409745 1.009140 1.324643 0.894900 1.358884 0.577102 -1.143096
0.245903 0.957447 -0.558526 1.208172 -0.032444 0.067477 -0.186779 0.388470 0.988520 1.319398 0.093620 -0.039486 0.557015 -1.122622
0.262295 0.936169 -0.509508 1.141996 -0.029596 0.063781 -0.170386 0.367192 0.972219 1.297622 0.878599 1.337107 0.531537 -1.136341
0.262295 0.893616 -0.509508 1.009652 -0.029596 0.056390 -0.170386 0.324639 0.931315 1.285294 0.052716 -0.051813 0.491418 -1.087468
0.278689 0.893616 -0.460483 1.009652 -0.026748 0.056390 -0.153992 0.324639 0.936064 1.268488 0.883349 1.320301 0.485977 -1.127881
0.278689 0.872341 -0.460483 0.943486 -0.026748 0.052694 -0.153992 0.303364 0.915776 1.261571 0.032427 -0.058730 0.465848 -1.101077
0.278689 0.829788 -0.460483 0.811142 -0.026748 0.045303 -0.153992 0.260811 0.875337 1.246777 0.842910 1.305507 0.425919 -1.037440
0.262295 0.787234 -0.509508 0.678799 -0.029596 0.037911 -0.170386 0.218258 0.829781 1.249179 -0.013129 -0.056327 0.393369 -0.907956
0.262295 0.765956 -0.509508 0.612622 -0.029596 0.034215 -0.170386 0.196980 0.809622 1.240871 0.822751 1.297199 0.374304 -0.857661
0.245903 0.744681 -0.558526 0.546455 -0.032444 0.030520 -0.186779 0.175705 0.784231 1.251858 -0.038520 -0.045341 0.363635 -0.754858
0.245903 0.723403 -0.558526 0.480278 -0.032444 0.026824 -0.186779 0.154427 0.764055 1.243125 0.802575 1.288466 0.345551 -0.690864
0.229508 0.680850 -0.607551 0.347935 -0.035291 0.019432 -0.203173 0.111873 0.718492 1.245668 -0.084083 -0.042798 0.320729 -0.503327
0.213113 0.638297 -0.656577 0.215591 -0.038139 0.012041 -0.219568 0.069320 0.672934 1.248556 0.757017 1.291354 0.300812 -0.305809
0.196721 0.595744 -0.705594 0.083248 -0.040986 0.004649 -0.235960 0.026767 0.627383 1.251859 -0.129633 -0.039495 0.286821 -0.112956
0.180326 0.574469 -0.754619 0.017081 -0.043834 0.000954 -0.252355 0.005492 0.602106 1.266635 0.731740 1.306131 0.289459 -0.021760
0.163934 0.553191 -0.803637 -0.049096 -0.046681 -0.002742 -0.268747 -0.015786 0.576970 1.282698 -0.154770 -0.023433 0.294529 0.058672
0.131147 0.510637 -0.901680 -0.181439 -0.052377 -0.010134 -0.301534 -0.058339 0.527210 1.319399 0.681980 1.342832 0.311448 0.191113
0.114753 0.489359 -0.950705 -0.247616 -0.055224 -0.013830 -0.317928 -0.079617 0.502634 1.340462 -0.179346 -0.002370 0.322941 0.245379
0.098361 0.468084 -0.999723 -0.313783 -0.058072 -0.017525 -0.334321 -0.100892 0.478307 1.363676 0.657653 1.366045 0.336190 0.293092
0.065574 0.425531 -1.097766 -0.446126 -0.063767 -0.024917 -0.367107 -0.143445 0.430554 1.417901 -0.227099 0.051855 0.367177 0.372502
0.049179 0.404253 -1.146791 -0.512303 -0.066615 -0.028613 -0.383502 -0.164724 0.407233 1.449737 0.634333 1.397882 0.384554 0.405697
0.032787 0.382978 -1.195809 -0.578469 -0.069462 -0.032308 -0.399894 -0.185998 0.384379 1.485394 -0.249954 0.087512 0.402971 0.435356
0.032787 0.340425 -1.195809 -0.710813 -0.069462 -0.039700 -0.399894 -0.228552 0.342000 1.474781 0.591954 1.387269 0.410398 0.519223
0.016392 0.319147 -1.244834 -0.776990 -0.072310 -0.043396 -0.416289 -0.249830 0.319568 1.519479 -0.272386 0.132210 0.431493 0.540519
0.016392 0.276594 -1.244834 -0.909333 -0.072310 -0.050787 -0.416289 -0.292383 0.277079 1.511601 0.549465 1.379391 0.444589 0.612305
0.000000 0.255319 -1.293852 -0.975500 -0.075157 -0.054483 -0.432681 -0.313658 0.255319 1.570796 -0.294147 0.191406 0.467622 0.627254
0.000000 0.212766 -1.293852 -1.107843 -0.075157 -0.061874 -0.432681 -0.356211 0.212766 1.570796 0.506912 1.379391 0.485361 0.688766
0.000000 0.191487 -1.293852 -1.174020 -0.075157 -0.065570 -0.432681 -0.377489 0.191487 1.570796 -0.315425 0.191406 0.495366 0.717379
0.016392 0.148934 -1.244834 -1.306364 -0.072310 -0.072962 -0.416289 -0.420042 0.149834 1.461174 0.465258 1.269769 0.503794 0.789886
0.032787 0.127659 -1.195809 -1.372530 -0.069462 -0.076657 -0.399894 -0.441317 0.131802 1.319399 -0.333456 0.049630 0.502945 0.834600
0.032787 0.106381 -1.195809 -1.438707 -0.069462 -0.080353 -0.399894 -0.462595 0.111319 1.271832 0.444775 1.222202 0.516127 0.857968
0.065574 0.106381 -1.097766 -1.438707 -0.063767 -0.080353 -0.367107 -0.462595 0.124967 1.018403 -0.319808 -0.203799 0.491161 0.899981
0.098361 0.106381 -0.999723 -1.438707 -0.058072 -0.080353 -0.334321 -0.462595 0.144885 0.824553 0.464693 1.028352 0.467164 0.944993
0.114753 0.106381 -0.950705 -1.438707 -0.055224 -0.080353 -0.317928 -0.462595 0.156477 0.747559 -0.308216 -0.280793 0.455577 0.968665
0.147540 0.106381 -0.852662 -1.438707 -0.049529 -0.080353 -0.285142 -0.462595 0.181893 0.624704 0.490108 0.905497 0.433333 1.018409
0.180326 0.127659 -0.754619 -1.372530 -0.043834 -0.076657 -0.252355 -0.441317 0.220940 0.616032 -0.269168 -0.289465 0.395880 1.051354
0.196721 0.148934 -0.705594 -1.306364 -0.040986 -0.072962 -0.235960 -0.420042 0.246740 0.648019 0.515908 0.937485 0.369038 1.058974
0.213113 0.170212 -0.656577 -1.240187 -0.038139 -0.069266 -0.219568 -0.398764 0.272744 0.673945 -0.243164 -0.263540 0.342198 1.067477
0.229508 0.191487 -0.607551 -1.174020 -0.035291 -0.065570 -0.203173 -0.377489 0.298900 0.695332 0.542064 0.958872 0.315363 1.077040
0.245903 0.234041 -0.558526 -1.041677 -0.032444 -0.058179 -0.186779 -0.334936 0.339475 0.760688 -0.202589 -0.198184 0.272661 1.062095
0.262295 0.276594 -0.509508 -0.909333 -0.029596 -0.050787 -0.170386 -0.292383 0.381186 0.811926 0.583775 1.010110 0.231073 1.043157
0.278689 0.297872 -0.460483 -0.843156 -0.026748 -0.047091 -0.153992 -0.271105 0.407916 0.818656 -0.175859 -0.191454 0.204663 1.054227
0.278689 0.319147 -0.460483 -0.776990 -0.026748 -0.043396 -0.153992 -0.249830 0.423701 0.852968 0.599560 1.044422 0.191320 1.018415
0.295082 0.340425 -0.411466 -0.710813 -0.023901 -0.039700 -0.137599 -0.228552 0.450513 0.856627 -0.149046 -0.187794 0.165665 1.028871
0.295082 0.361700 -0.411466 -0.644646 -0.023901 -0.036004 -0.137599 -0.207277 0.466798 0.886484 0.615844 1.074278 0.154829 0.984750
0.295082 0.340425 -0.411466 -0.710813 -0.023901 -0.039700 -0.137599 -0.228552 0.450513 0.856627 -0.165331 -0.217651 0.165665 1.028871
0.295082 0.319147 -0.411466 -0.776990 -0.023901 -0.043396 -0.137599 -0.249830 0.434658 0.824558 0.599989 1.042209 0.178392 1.067360
0.311476 0.297872 -0.362440 -0.843156 -0.021053 -0.047091 -0.121205 -0.271105 0.430982 0.763076 -0.169007 -0.279133 0.181285 1.150375
0.311476 0.276594 -0.362440 -0.909333 -0.021053 -0.050787 -0.121205 -0.292383 0.416559 0.726151 0.585566 1.005283 0.197621 1.177817
0.311476 0.234041 -0.362440 -1.041677 -0.021053 -0.058179 -0.121205 -0.334936 0.389606 0.644391 -0.195961 -0.360892 0.232699 1.223582
0.327868 0.191487 -0.313423 -1.174020 -0.018206 -0.065570 -0.104813 -0.377489 0.379691 0.528600 0.575652 0.889492 0.262983 1.299961
0.327868 0.170212 -0.313423 -1.240187 -0.018206 -0.069266 -0.104813 -0.398764 0.369418 0.478849 -0.206233 -0.410643 0.282622 1.313766
0.344263 0.148934 -0.264397 -1.306364 -0.015358 -0.072962 -0.088418 -0.420042 0.375098 0.408305 0.581331 0.818948 0.297204 1.363327
0.360655 0.106381 -0.215380 -1.438707 -0.012511 -0.080353 -0.072026 -0.462595 0.376018 0.286832 -0.205314 -0.532116 0.334155 1.416337
0.377050 0.106381 -0.166355 -1.438707 -0.009663 -0.080353 -0.055631 -0.462595 0.391770 0.274993 0.597084 0.807109 0.331008 1.451112
0.393442 0.085106 -0.117337 -1.504874 -0.006816 -0.084049 -0.039239 -0.483870 0.402542 0.213030 -0.194542 -0.594079 0.349783 1.489879
0.426229 0.085106 -0.019294 -1.504874 -0.001121 -0.084049 -0.006452 -0.483870 0.434643 0.197081 0.629185 0.791160 0.347635 1.557463
0.442624 0.063828 0.029731 -1.571051 0.001727 -0.087745 0.009943 -0.505148 0.447202 0.143217 -0.181983 -0.647943 0.368987 -1.551116
0.459016 0.063828 0.078749 -1.571051 0.004574 -0.087745 0.026335 -0.505148 0.463432 0.138168 0.645415 0.786111 0.369792 -1.518711
0.491803 0.063828 0.176792 -1.571051 0.010269 -0.087745 0.059122 -0.505148 0.495927 0.129063 -0.149488 -0.657049 0.373561 -1.454288
0.524590 0.085106 0.274835 -1.504874 0.015965 -0.084049 0.091908 -0.483870 0.531448 0.160833 0.680936 0.817881 0.359521 -1.383088
0.540984 0.106381 0.323860 -1.438707 0.018812 -0.080353 0.108303 -0.462595 0.551345 0.194166 -0.129591 -0.623715 0.343804 -1.340818
0.557376 0.127659 0.372878 -1.372530 0.021660 -0.076657 0.124695 -0.441317 0.571809 0.225153 0.701400 0.848868 0.329526 -1.295422
0.573771 0.170212 0.421903 -1.240187 0.024507 -0.069266 0.141090 -0.398764 0.598486 0.288386 -0.102914 -0.560482 0.297987 -1.230724
0.590163 0.212766 0.470921 -1.107843 0.027355 -0.061874 0.157482 -0.356211 0.627345 0.346016 0.730259 0.906498 0.270487 -1.154528
0.606558 0.255319 0.519946 -0.975500 0.030202 -0.054483 0.173877 -0.313658 0.658103 0.398419 -0.072156 -0.508079 0.248376 -1.064618
0.606558 0.340425 0.519946 -0.710813 0.030202 -0.039700 0.173877 -0.228552 0.695558 0.511432 0.767714 1.019511 0.196836 -0.920434
0.622950 0.404253 0.568964 -0.512303 0.033050 -0.028613 0.190269 -0.164724 0.742622 0.575625 -0.025092 -0.443886 0.192381 -0.713561
0.622950 0.468084 0.568964 -0.313783 0.033050 -0.017525 0.190269 -0.100892 0.779211 0.644396 0.804303 1.088282 0.193535 -0.487562
0.639345 0.574469 0.617989 0.017081 0.035898 0.000954 0.206664 0.005492 0.859521 0.732001 0.055217 -0.356281 0.250626 0.026569
0.639345 0.595744 0.617989 0.083248 0.035898 0.004649 0.206664 0.026767 0.873883 0.750111 0.818666 1.106392 0.263248 0.128803
0.639345 0.659575 0.617989 0.281768 0.035898 0.015737 0.206664 0.090598 0.918586 0.800972 0.099920 -0.305421 0.306905 0.413154
0.639345 0.702128 0.617989 0.414112 0.035898 0.023128 0.206664 0.133152 0.949603 0.832166 0.849682 1.137587 0.339576 0.572352
0.639345 0.723403 0.617989 0.480278 0.035898 0.026824 0.206664 0.154427 0.965440 0.847003 0.115757 -0.290584 0.356692 0.641730
0.639345 0.765956 0.617989 0.612622 0.035898 0.034215 0.206664 0.196980 0.997723 0.875251 0.881966 1.165835 0.392151 0.761411
0.639345 0.787234 0.617989 0.678799 0.035898 0.037911 0.206664 0.218258 1.014150 0.888697 0.132184 -0.277138 0.410387 0.812677
0.622950 0.808509 0.568964 0.744965 0.033050 0.041607 0.190269 0.239533 1.020664 0.914309 0.888479 1.191447 0.421247 0.899520
0.622950 0.829788 0.568964 0.811142 0.033050 0.045303 0.190269 0.260811 1.037600 0.926825 0.149121 -0.264622 0.440336 0.940526
0.606558 0.851062 0.519946 0.877309 0.030202 0.048998 0.173877 0.282086 1.045093 0.951593 0.895972 1.216215 0.453074 1.018408
0.590163 0.872341 0.470921 0.943486 0.027355 0.052694 0.157482 0.303364 1.053219 0.975997 0.157247 -0.240217 0.467013 1.091971
0.573771 0.872341 0.421903 0.943486 0.024507 0.052694 0.141090 0.303364 1.044122 0.989001 0.886875 1.229218 0.461743 1.135469
0.557376 0.872341 0.372878 0.943486 0.021660 0.052694 0.124695 0.303364 1.035204 1.002233 0.148328 -0.226985 0.457000 1.180808
0.540984 0.893616 0.323860 1.009652 0.018812 0.056390 0.108303 0.324639 1.044611 1.026424 0.896283 1.253410 0.473487 1.248796
0.524590 0.893616 0.274835 1.009652 0.015965 0.056390 0.091908 0.324639 1.036216 1.039960 0.139933 -0.213450 0.470008 1.294906
0.508197 0.893616 0.225817 1.009652 0.013117 0.056390 0.075516 0.324639 1.028014 1.053711 0.888082 1.267161 0.467080 1.342245
0.491803 0.893616 0.176792 1.009652 0.010269 0.056390 0.059122 0.324639 1.020009 1.067683 0.131928 -0.199478 0.464711 1.390656
0.475410 0.893616 0.127774 1.009652 0.007422 0.056390 0.042729 0.324639 1.012207 1.081872 0.880280 1.281350 0.462911 1.439927
0.491803 0.893616 0.176792 1.009652 0.010269 0.056390 0.059122 0.324639 1.020009 1.067683 0.139729 -0.213666 0.464711 1.390656
0.508197 0.893616 0.225817 1.009652 0.013117 0.056390 0.075516 0.324639 1.028014 1.053711 0.888285 1.267378 0.467080 1.342245
0.524590 0.893616 0.274835 1.009652 0.015965 0.056390 0.091908 0.324639 1.036216 1.039960 0.147931 -0.227418 0.470008 1.294906
0.557376 0.893616 0.372878 1.009652 0.021660 0.056390 0.124695 0.324639 1.053194 1.013110 0.905263 1.240528 0.477503 1.204068
0.639345 0.893616 0.617989 1.009652 0.035898 0.056390 0.206664 0.324639 1.098777 0.949771 0.193514 -0.290757 0.505144 1.003902
0.704918 0.914894 0.814075 1.075829 0.047288 0.060086 0.272237 0.345917 1.154963 0.914309 0.961450 1.205066 0.553753 0.904032
0.754100 0.914894 0.961143 1.075829 0.055831 0.060086 0.321419 0.345917 1.185621 0.881444 0.224171 -0.323622 0.579516 0.822092
0.836066 0.914894 1.206246 1.075829 0.070068 0.060086 0.403385 0.345917 1.239369 0.830388 1.015198 1.154010 0.628688 0.708853
0.885247 0.914894 1.353315 1.075829 0.078611 0.060086 0.452566 0.345917 1.273065 0.801866 0.257866 -0.352144 0.661321 0.652620
0.934426 0.914894 1.500375 1.075829 0.087153 0.060086 0.501745 0.345917 1.307740 0.774837 1.049873 1.126981 0.695900 0.603595
0.950821 0.914894 1.549400 1.075829 0.090001 0.060086 0.518140 0.345917 1.319504 0.766144 0.269631 -0.360837 0.707812 0.588658
0.967213 0.914894 1.598418 1.075829 0.092849 0.060086 0.534532 0.345917 1.331365 0.757607 1.061734 1.118444 0.719898 0.574362
0.983608 0.872341 1.647443 0.943486 0.095696 0.052694 0.550927 0.303364 1.314710 0.725518 0.252976 -0.392925 0.704855 0.503337
1.000000 0.851062 1.696461 0.877309 0.098544 0.048998 0.567319 0.282086 1.313129 0.705111 1.060153 1.098036 0.704907 0.461426
1.000000 0.808509 1.696461 0.744965 0.098544 0.041607 0.567319 0.239533 1.285958 0.679908 0.225805 -0.418128 0.680513 0.399513
1.000000 0.702128 1.696461 0.414112 0.098544 0.023128 0.567319 0.133152 1.221877 0.612153 0.996072 1.030281 0.628055 0.230531
0.983608 0.617022 1.647443 0.149425 0.095696 0.008345 0.550927 0.048045 1.161120 0.560255 0.165048 -0.470026 0.580949 0.086988
0.983608 0.510637 1.647443 -0.181439 0.095696 -0.010134 0.550927 -0.058339 1.108258 0.478848 0.943209 0.948874 0.556415 -0.105499
0.967213 0.425531 1.598418 -0.446126 0.092849 -0.024917 0.534532 -0.143445 1.056683 0.414470 0.113473 -0.534404 0.534580 -0.262180
0.950821 0.297872 1.549400 -0.843156 0.090001 -0.047091 0.518140 -0.271105 0.996388 0.303594 0.882914 0.837998 0.535390 -0.482056
0.934426 0.212766 1.500375 -1.107843 0.087153 -0.061874 0.501745 -0.356211 0.958343 0.223880 0.075429 -0.614118 0.547824 -0.617369
0.918034 0.127659 1.451357 -1.372530 0.084306 -0.076657 0.485353 -0.441317 0.926868 0.138171 0.851439 0.752289 0.573242 -0.737913
0.901639 0.085106 1.402332 -1.504874 0.081458 -0.084049 0.468958 -0.483870 0.905647 0.094112 0.054208 -0.658178 0.583721 -0.801047
0.868853 0.021275 1.304289 -1.703394 0.075763 -0.095136 0.436172 -0.547702 0.869113 0.024481 0.814905 0.682659 0.599584 -0.898275
0.852460 0.000000 1.255272 -1.769561 0.072916 -0.098832 0.419779 -0.568977 0.852460 0.000000 0.037556 -0.682659 0.602850 -0.935162
0.836066 0.000000 1.206246 -1.769561 0.070068 -0.098832 0.403385 -0.568977 0.836066 0.000000 0.798510 0.682659 0.591551 -0.954079
0.803279 0.000000 1.108204 -1.769561 0.064373 -0.098832 0.370598 -0.568977 0.803279 0.000000 0.004769 -0.682659 0.569698 -0.993479
0.786887 0.042553 1.059186 -1.637217 0.061526 -0.091440 0.354206 -0.526423 0.788036 0.054025 0.783268 0.736684 0.526936 -0.978523
0.770492 0.106381 1.010161 -1.438707 0.058678 -0.080353 0.337811 -0.462595 0.777801 0.137202 -0.005466 -0.599483 0.469668 -0.940054
0.770492 0.170212 1.010161 -1.240187 0.058678 -0.069266 0.337811 -0.398764 0.789069 0.217422 0.794535 0.816904 0.427792 -0.867962
0.786887 0.276594 1.059186 -0.909333 0.061526 -0.050787 0.354206 -0.292383 0.834083 0.338014 0.039548 -0.478891 0.387072 -0.690074
0.819674 0.404253 1.157229 -0.512303 0.067221 -0.028613 0.386993 -0.164724 0.913939 0.458183 0.874392 0.937074 0.388035 -0.402421
0.836066 0.489359 1.206246 -0.247616 0.070068 -0.013830 0.403385 -0.079617 0.968751 0.529549 0.094359 -0.407524 0.407347 -0.194868
0.868853 0.617022 1.304289 0.149425 0.075763 0.008345 0.436172 0.048045 1.065655 0.617510 0.971296 1.025035 0.473526 0.109710
0.885247 0.680850 1.353315 0.347935 0.078611 0.019432 0.452566 0.111873 1.116790 0.655618 0.145494 -0.369417 0.516143 0.242340
0.901639 0.765956 1.402332 0.612622 0.081458 0.034215 0.468958 0.196980 1.183065 0.704212 1.037571 1.073629 0.575321 0.397659
0.918034 0.829788 1.451357 0.811142 0.084306 0.045303 0.485353 0.260811 1.237471 0.734952 0.199900 -0.338678 0.627105 0.493090
0.934426 0.872341 1.500375 0.943486 0.087153 0.052694 0.501745 0.303364 1.278331 0.751049 1.078431 1.089726 0.667120 0.543808
0.950821 0.893616 1.549400 1.009652 0.090001 0.056390 0.518140 0.324639 1.304841 0.754393 0.226409 -0.335333 0.693491 0.559711
0.967213 0.914894 1.598418 1.075829 0.092849 0.060086 0.534532 0.345917 1.331365 0.757607 1.104955 1.092940 0.719898 0.574362
0.983608 0.936169 1.647443 1.141996 0.095696 0.063781 0.550927 0.367192 1.357901 0.760692 0.252946 -0.332248 0.746338 0.587887
1.000000 0.936169 1.696461 1.141996 0.098544 0.063781 0.567319 0.367192 1.369822 0.752442 1.116876 1.084690 0.758519 0.574433
