0.089287 0.708336 -0.918158 0.234345 -0.076652 0.018178 -0.322115 0.076391 0.713942 1.445406 0.713942 1.445406 0.438096 -0.232852
0.107143 0.750000 -0.867261 0.362156 -0.072403 0.028093 -0.304259 0.118054 0.757614 1.428900 0.043673 -0.016507 0.455217 -0.370124
0.089287 0.750000 -0.918158 0.362156 -0.076652 0.028093 -0.322115 0.118054 0.755296 1.452305 0.711623 1.468811 0.467340 -0.351295
0.053573 0.833333 -1.019957 0.617799 -0.085151 0.047923 -0.357829 0.201388 0.835054 1.506598 0.123430 0.037786 0.553234 -0.512620
0.035714 0.833333 -1.070861 0.617799 -0.089401 0.047923 -0.375688 0.201388 0.834098 1.527966 0.710668 1.490179 0.564949 -0.492071
0.017858 0.875003 -1.121757 0.745630 -0.093650 0.057839 -0.393543 0.243057 0.875185 1.550390 0.164517 0.060210 0.608114 -0.553270
0.000000 0.916667 -1.172661 0.873441 -0.097900 0.067754 -0.411402 0.284721 0.916667 1.570796 0.752149 1.510586 0.651570 -0.605387
0.000000 0.958336 -1.172661 1.001272 -0.097900 0.077670 -0.411402 0.326391 0.958336 1.570796 0.206187 0.060210 0.684390 -0.670681
0.035714 0.958336 -1.070861 1.001272 -0.089401 0.077670 -0.375688 0.326391 0.959002 1.533547 0.752815 1.473337 0.663535 -0.715298
0.071428 0.958336 -0.969061 1.001272 -0.080902 0.077670 -0.339973 0.326391 0.960995 1.496400 0.208180 0.023064 0.643987 -0.765018
0.089287 0.958336 -0.918158 1.001272 -0.076652 0.077670 -0.322115 0.326391 0.962487 1.477896 0.754307 1.454832 0.634741 -0.791991
0.125001 0.958336 -0.816358 1.001272 -0.068154 0.077670 -0.286401 0.326391 0.966454 1.441093 0.212148 -0.013739 0.617384 -0.850565
0.142857 0.916667 -0.765462 0.873441 -0.063905 0.067754 -0.268545 0.284721 0.927732 1.416196 0.715584 1.429935 0.572197 -0.814627
0.160715 0.916667 -0.714558 0.873441 -0.059655 0.067754 -0.250687 0.284721 0.930649 1.397235 0.215065 -0.032701 0.564036 -0.848880
0.160715 0.833333 -0.714558 0.617799 -0.059655 0.047923 -0.250687 0.201388 0.848689 1.380277 0.633625 1.412978 0.490785 -0.676777
0.142857 0.791670 -0.765462 0.489987 -0.063905 0.038009 -0.268545 0.159724 0.804456 1.392268 0.170831 -0.020710 0.465532 -0.536569
0.107143 0.708336 -0.867261 0.234345 -0.072403 0.018178 -0.304259 0.076391 0.716394 1.420675 0.545563 1.441385 0.425140 -0.245987
0.089287 0.666667 -0.918158 0.106514 -0.076652 0.008262 -0.322115 0.034721 0.672619 1.437658 0.127057 -0.003727 0.410997 -0.107376
0.071428 0.541670 -0.969061 -0.276941 -0.080902 -0.021483 -0.339973 -0.090276 0.546359 1.439686 0.419302 1.443413 0.364076 0.259549
0.053573 0.458336 -1.019957 -0.532583 -0.085151 -0.041313 -0.357829 -0.173609 0.461457 1.454439 0.042154 0.011027 0.360894 0.451716
0.053573 0.333333 -1.019957 -0.916057 -0.085151 -0.071060 -0.357829 -0.298612 0.337611 1.411441 0.295457 1.400414 0.366246 0.695433
0.053573 0.250000 -1.019957 -1.171699 -0.085151 -0.090890 -0.357829 -0.381946 0.255676 1.359698 -0.039781 -0.040716 0.392546 0.817987
0.053573 0.125003 -1.019957 -1.555153 -0.085151 -0.120635 -0.357829 -0.506943 0.135999 1.165906 0.175780 1.206622 0.458329 0.956150
0.071428 0.083333 -0.969061 -1.682984 -0.080902 -0.130551 -0.339973 -0.548612 0.109756 0.862171 -0.066024 -0.344450 0.472452 1.016020
0.142857 0.000000 -0.765462 -1.938627 -0.063905 -0.150381 -0.268545 -0.631946 0.142857 0.000000 0.208881 0.344450 0.491292 1.168969
0.160715 0.000000 -0.714558 -1.938627 -0.059655 -0.150381 -0.250687 -0.631946 0.160715 0.000000 -0.048166 -0.344450 0.481762 1.193147
0.196429 0.041664 -0.612758 -1.810815 -0.051156 -0.140467 -0.214972 -0.590282 0.200799 0.209007 0.248965 0.553457 0.427691 1.221540
0.196429 0.125003 -0.612758 -1.555153 -0.051156 -0.120635 -0.214972 -0.506943 0.232831 0.566739 -0.016134 0.013282 0.358102 1.169725
0.214285 0.166667 -0.561862 -1.427342 -0.046907 -0.110721 -0.197117 -0.465279 0.271470 0.661044 0.287604 0.647763 0.314245 1.170068
0.214285 0.250000 -0.561862 -1.171699 -0.046907 -0.090890 -0.197117 -0.381946 0.329269 0.862171 0.041665 0.214409 0.254765 1.094364
0.214285 0.291670 -0.561862 -1.043868 -0.046907 -0.080974 -0.197117 -0.340276 0.361925 0.937170 0.320259 0.722761 0.230631 1.045748
0.232144 0.333333 -0.510958 -0.916057 -0.042657 -0.071060 -0.179258 -0.298612 0.406204 0.962470 0.085945 0.239709 0.195520 1.030154
0.232144 0.375003 -0.510958 -0.788226 -0.042657 -0.061144 -0.179258 -0.256943 0.441042 1.016491 0.355097 0.776782 0.182916 0.961644
0.232144 0.333333 -0.510958 -0.916057 -0.042657 -0.071060 -0.179258 -0.298612 0.406204 0.962470 0.051107 0.185688 0.195520 1.030154
0.249999 0.291670 -0.460062 -1.043868 -0.038408 -0.080974 -0.161402 -0.340276 0.384150 0.862177 0.333043 0.676489 0.200964 1.127897
0.249999 0.208336 -0.460062 -1.299511 -0.038408 -0.100805 -0.161402 -0.423609 0.325429 0.694747 -0.007614 0.018258 0.259396 1.206761
0.267858 0.125003 -0.409158 -1.555153 -0.034159 -0.120635 -0.143544 -0.506943 0.295590 0.436636 0.303204 0.418378 0.320358 1.294863
0.303572 0.083333 -0.307358 -1.682984 -0.025660 -0.130551 -0.107830 -0.548612 0.314802 0.267910 0.011598 -0.150468 0.345335 1.376720
0.339286 0.041664 -0.205558 -1.810815 -0.017161 -0.140467 -0.072116 -0.590282 0.341835 0.122186 0.330237 0.272654 0.376705 1.449227
0.357145 0.000000 -0.154655 -1.938627 -0.012911 -0.150381 -0.054257 -0.631946 0.357145 0.000000 0.026908 -0.272654 0.414964 1.485149
0.392859 0.000000 -0.052855 -1.938627 -0.004413 -0.150381 -0.018543 -0.631946 0.392859 0.000000 0.365951 0.272654 0.411819 1.541462
0.428573 0.000000 0.048945 -1.938627 0.004086 -0.150381 0.017171 -0.631946 0.428573 0.000000 0.062622 -0.272654 0.411760 -1.543631
0.482143 0.125003 0.201641 -1.555153 0.016834 -0.120635 0.070741 -0.506943 0.498084 0.253680 0.435462 0.526334 0.295006 -1.432147
0.500001 0.208336 0.252545 -1.299511 0.021084 -0.100805 0.088600 -0.423609 0.541669 0.394796 0.106207 -0.131539 0.221552 -1.364614
0.500001 0.291670 0.252545 -1.043868 0.021084 -0.080974 0.088600 -0.340276 0.578855 0.528078 0.472647 0.659617 0.148948 -1.316076
0.500001 0.500000 0.252545 -0.404771 0.021084 -0.031399 0.088600 -0.131946 0.707108 0.785397 0.234460 0.125780 0.125298 -0.979465
0.482143 0.625003 0.201641 -0.021298 0.016834 -0.001652 0.070741 -0.006943 0.789361 0.913724 0.554901 0.787944 0.225011 -0.097828
0.464287 0.708336 0.150745 0.234345 0.012585 0.018178 0.052885 0.076391 0.846938 0.990591 0.292037 0.202648 0.301608 0.965255
0.446429 0.750000 0.099841 0.362156 0.008335 0.028093 0.035027 0.118054 0.872811 1.033885 0.580774 0.831238 0.340405 1.282367
0.428573 0.833333 0.048945 0.617799 0.004086 0.047923 0.017171 0.201388 0.937080 1.095784 0.356306 0.264547 0.422281 1.485737
0.410715 0.916667 -0.001959 0.873441 -0.000164 0.067754 -0.000687 0.284721 1.004472 1.149563 0.648166 0.885017 0.505265 -1.568383
0.392859 0.958336 -0.052855 1.001272 -0.004413 0.077670 -0.018543 0.326391 1.035735 1.181752 0.387569 0.296735 0.547249 -1.514045
0.392859 1.000000 -0.052855 1.129084 -0.004413 0.087584 -0.018543 0.368054 1.074401 1.196461 0.686832 0.899726 0.588890 -1.520458
0.428573 1.000000 0.048945 1.129084 0.004086 0.087584 0.017171 0.368054 1.087968 1.165903 0.401136 0.266177 0.588849 1.524176
0.482143 1.000000 0.201641 1.129084 0.016834 0.087584 0.070741 0.368054 1.110163 1.121536 0.709027 0.855359 0.592834 1.380909
0.535716 1.000000 0.354345 1.129084 0.029582 0.087584 0.124314 0.368054 1.134456 1.078986 0.425429 0.223627 0.601583 1.245067
0.589285 1.000000 0.507041 1.129084 0.042330 0.087584 0.177884 0.368054 1.160714 1.038292 0.735285 0.814665 0.614891 1.120591
0.642858 1.000000 0.659744 1.129084 0.055079 0.087584 0.231456 0.368054 1.188809 0.999458 0.453524 0.184793 0.632471 1.009423
0.750001 1.000000 0.965144 1.129084 0.080575 0.087584 0.338599 0.368054 1.250000 0.927295 0.796476 0.742502 0.679041 0.827057
0.803571 1.000000 1.117840 1.129084 0.093323 0.087584 0.392169 0.368054 1.282858 0.893882 0.486382 0.151380 0.707280 0.753688
0.875002 1.000000 1.321447 1.129084 0.110321 0.087584 0.463600 0.368054 1.328769 0.851965 0.842387 0.700585 0.749248 0.671013
0.910716 1.000000 1.423247 1.129084 0.118820 0.087584 0.499314 0.368054 1.352554 0.832092 0.510167 0.131507 0.771857 0.635207
0.928572 1.000000 1.474143 1.129084 0.123069 0.087584 0.517170 0.368054 1.364641 0.822418 0.854474 0.690911 0.783526 0.618515
0.964286 0.958336 1.575943 1.001272 0.131567 0.077670 0.552884 0.326391 1.359506 0.782304 0.505032 0.091393 0.777701 0.533288
0.982144 0.958336 1.626847 1.001272 0.135817 0.077670 0.570743 0.326391 1.372230 0.773130 0.867198 0.681737 0.790496 0.519479
1.000000 0.916667 1.677743 0.873441 0.140066 0.067754 0.588598 0.284721 1.356568 0.741947 0.489370 0.060210 0.775719 0.450545
1.000000 0.875003 1.677743 0.745630 0.140066 0.057839 0.588598 0.243057 1.328770 0.718832 0.839400 0.658622 0.749249 0.391614
0.982144 0.833333 1.626847 0.617799 0.135817 0.047923 0.570743 0.201388 1.288042 0.703613 0.448642 0.044991 0.709770 0.339213
0.964286 0.791670 1.575943 0.489987 0.131567 0.038009 0.552884 0.159724 1.247633 0.687410 0.798991 0.642418 0.671033 0.281235
0.928572 0.750000 1.474143 0.362156 0.123069 0.028093 0.517170 0.118054 1.193627 0.679414 0.394635 0.036995 0.618153 0.224424
0.910716 0.708336 1.423247 0.234345 0.118820 0.018178 0.499314 0.076391 1.153752 0.661044 0.759117 0.624049 0.580935 0.151814
0.857143 0.708336 1.270544 0.234345 0.106071 0.018178 0.445742 0.076391 1.111951 0.690628 0.352834 0.066579 0.535589 0.169730
0.839287 0.708336 1.219647 0.234345 0.101822 0.018178 0.427886 0.076391 1.098246 0.700985 0.745412 0.634406 0.520823 0.176669
0.821429 0.791670 1.168744 0.489987 0.097572 0.038009 0.410027 0.159724 1.140827 0.766952 0.395416 0.132545 0.559219 0.371461
0.821429 0.833333 1.168744 0.617799 0.097572 0.047923 0.410027 0.201388 1.170124 0.792592 0.774708 0.660047 0.588344 0.456548
0.821429 0.875003 1.168744 0.745630 0.097572 0.057839 0.410027 0.243057 1.200157 0.816968 0.425448 0.156922 0.618909 0.535096
0.857143 0.958336 1.270544 1.001272 0.106071 0.077670 0.445742 0.326391 1.285731 0.841080 0.860282 0.684158 0.705566 0.632039
0.892857 0.958336 1.372343 1.001272 0.114570 0.077670 0.481456 0.326391 1.309810 0.820755 0.449528 0.136597 0.728654 0.595756
