0.098360 0.541664 -0.958303 0.023645 -0.080997 0.001998 -0.309167 0.007627 0.550522 1.391164 0.550522 1.391164 0.337011 -0.024665
0.081968 0.541664 -1.009113 0.023645 -0.085292 0.001998 -0.325559 0.007627 0.547830 1.420609 -0.002691 0.029445 0.352110 -0.023423
0.065574 0.541664 -1.059930 0.023645 -0.089587 0.001998 -0.341954 0.007627 0.545618 1.450323 0.548310 1.420878 0.367321 -0.022301
0.049181 0.583333 -1.110740 0.152825 -0.093882 0.012915 -0.358346 0.049297 0.585403 1.486684 0.037093 0.065806 0.399148 -0.136710
0.016395 0.624997 -1.212367 0.281985 -0.102471 0.023830 -0.391133 0.090960 0.625212 1.544571 0.588118 1.478765 0.447524 -0.228495
0.000000 0.750000 -1.263184 0.669506 -0.106766 0.056579 -0.407527 0.215964 0.750000 1.570796 0.161882 0.092031 0.532321 -0.487309
0.000000 0.833333 -1.263184 0.927846 -0.106766 0.078412 -0.407527 0.299297 0.833333 1.570796 0.671452 1.478765 0.589397 -0.633456
0.000000 0.916667 -1.263184 1.186187 -0.106766 0.100244 -0.407527 0.382630 0.916667 1.570796 0.245215 0.092031 0.652151 -0.753900
0.032787 0.958336 -1.161557 1.315367 -0.098177 0.111161 -0.374740 0.424300 0.958897 1.536598 0.713682 1.444566 0.666199 -0.847343
0.065574 1.000000 -1.059930 1.444528 -0.089587 0.122076 -0.341954 0.465964 1.002148 1.505317 0.288465 0.060751 0.684073 -0.937703
0.098360 1.000000 -0.958303 1.444528 -0.080997 0.122076 -0.309167 0.465964 1.004826 1.472751 0.716360 1.412001 0.668288 -0.984989
0.114755 1.000000 -0.907486 1.444528 -0.076702 0.122076 -0.292772 0.465964 1.006563 1.456541 0.290202 0.044540 0.660863 -1.009816
0.131147 0.874997 -0.856676 1.057007 -0.072408 0.089327 -0.276380 0.340960 0.884771 1.422021 0.594568 1.377481 0.543060 -0.889630
0.131147 0.791664 -0.856676 0.798666 -0.072408 0.067495 -0.276380 0.257627 0.802453 1.406627 0.207885 0.029147 0.473230 -0.750295
0.114755 0.708330 -0.907486 0.540326 -0.076702 0.045663 -0.292772 0.174294 0.717566 1.410184 0.509681 1.381038 0.419760 -0.536973
0.081968 0.624997 -1.009113 0.281985 -0.085292 0.023830 -0.325559 0.090960 0.630349 1.440391 0.120668 0.059353 0.391512 -0.272450
0.065574 0.500000 -1.059930 -0.105516 -0.089587 -0.008917 -0.341954 -0.034036 0.504282 1.440393 0.383613 1.381040 0.354237 0.099208
0.049181 0.416667 -1.110740 -0.363856 -0.093882 -0.030749 -0.358346 -0.117370 0.419559 1.453305 0.035946 0.072264 0.358462 0.316520
0.032787 0.291664 -1.161557 -0.751377 -0.098177 -0.063498 -0.374740 -0.242373 0.293501 1.458853 0.257555 1.386589 0.392243 0.574105
0.032787 0.208330 -1.161557 -1.009718 -0.098177 -0.085330 -0.374740 -0.325706 0.210894 1.414698 -0.046660 0.028109 0.424394 0.715508
0.049181 0.124997 -1.110740 -1.268058 -0.093882 -0.107163 -0.358346 -0.409040 0.134324 1.195940 0.180985 1.167831 0.456328 0.851363
0.065574 0.083333 -1.059930 -1.397219 -0.089587 -0.118078 -0.341954 -0.450703 0.106039 0.904105 -0.074945 -0.263725 0.471205 0.921743
0.147542 0.000000 -0.805859 -1.655559 -0.068113 -0.139910 -0.259986 -0.534036 0.147542 0.000000 0.222487 0.263725 0.483395 1.117739
0.196721 0.000000 -0.653423 -1.655559 -0.055228 -0.139910 -0.210807 -0.534036 0.196721 0.000000 -0.025766 -0.263725 0.458822 1.194831
0.229507 0.041664 -0.551796 -1.526399 -0.046639 -0.128995 -0.178020 -0.492373 0.233258 0.179579 0.259025 0.443304 0.406875 1.223865
0.262297 0.083333 -0.450161 -1.397219 -0.038048 -0.118078 -0.145231 -0.450703 0.275216 0.307621 0.016191 -0.135683 0.355237 1.259071
0.278689 0.124997 -0.399352 -1.268058 -0.033754 -0.107163 -0.128838 -0.409040 0.305437 0.421621 0.289245 0.557304 0.310520 1.265655
0.278689 0.208330 -0.399352 -1.009718 -0.033754 -0.085330 -0.128838 -0.325706 0.347950 0.641923 0.058704 0.084619 0.237232 1.194118
0.278689 0.250000 -0.399352 -0.880538 -0.033754 -0.074414 -0.128838 -0.284036 0.374389 0.731187 0.315685 0.646568 0.203505 1.144954
0.278689 0.291664 -0.399352 -0.751377 -0.033754 -0.063498 -0.128838 -0.242373 0.403404 0.808143 0.087719 0.161575 0.173274 1.082212
0.278689 0.333333 -0.399352 -0.622197 -0.033754 -0.052581 -0.128838 -0.200703 0.434486 0.874447 0.346768 0.712873 0.148674 1.000111
0.262297 0.333333 -0.450161 -0.622197 -0.038048 -0.052581 -0.145231 -0.200703 0.424159 0.904101 0.077391 0.191228 0.163085 0.944400
0.262297 0.291664 -0.450161 -0.751377 -0.038048 -0.063498 -0.145231 -0.242373 0.392259 0.838361 0.314868 0.647133 0.185786 1.030963
0.278689 0.250000 -0.399352 -0.880538 -0.033754 -0.074414 -0.128838 -0.284036 0.374389 0.731187 0.059522 0.084054 0.203505 1.144954
0.295083 0.166667 -0.348534 -1.138878 -0.029459 -0.096246 -0.112444 -0.367370 0.338898 0.514144 0.279377 0.430090 0.265815 1.273773
0.327870 0.124997 -0.246908 -1.268058 -0.020869 -0.107163 -0.079657 -0.409040 0.350889 0.364229 0.071512 -0.065861 0.293545 1.378462
0.377049 0.083333 -0.094471 -1.397219 -0.007985 -0.118078 -0.030478 -0.450703 0.386148 0.217518 0.314636 0.283379 0.325623 1.503275
0.426230 0.041664 0.057973 -1.526399 0.004900 -0.128995 0.018703 -0.492373 0.428262 0.097439 0.113626 -0.185939 0.366341 -1.532829
0.475409 0.000000 0.210409 -1.655559 0.017784 -0.139910 0.067882 -0.534036 0.475409 0.000000 0.361783 0.185939 0.413142 -1.444363
0.557377 0.041664 0.464480 -1.526399 0.039259 -0.128995 0.149850 -0.492373 0.558932 0.074610 0.197149 -0.111329 0.395362 -1.275360
0.590164 0.083333 0.566107 -1.397219 0.047848 -0.118078 0.182637 -0.450703 0.596019 0.140276 0.398870 0.251605 0.372099 -1.185792
0.606556 0.166667 0.616917 -1.138878 0.052143 -0.096246 0.199029 -0.367370 0.629038 0.268157 0.230168 0.016552 0.312452 -1.074295
0.622951 0.291664 0.667734 -0.751377 0.056438 -0.063498 0.215424 -0.242373 0.687848 0.437883 0.457680 0.421331 0.244605 -0.844197
0.606556 0.500000 0.616917 -0.105516 0.052143 -0.008917 0.199029 -0.034036 0.786073 0.689399 0.328393 0.268068 0.219463 -0.169374
0.573770 0.583333 0.515290 0.152825 0.043553 0.012915 0.166242 0.049297 0.818223 0.793663 0.489831 0.525595 0.241959 0.288276
0.524591 0.666667 0.362854 0.411165 0.030669 0.034747 0.117063 0.132630 0.848316 0.904103 0.358485 0.378508 0.284354 0.847661
0.491804 0.750000 0.261227 0.669506 0.022079 0.056579 0.084277 0.215964 0.896867 0.990398 0.538382 0.611890 0.352690 1.198736
0.426230 0.833333 0.057973 0.927846 0.004900 0.078412 0.018703 0.299297 0.936011 1.098010 0.397629 0.486120 0.426217 1.508387
0.409836 0.874997 0.007156 1.057007 0.000605 0.089327 0.002309 0.340960 0.966222 1.132759 0.568593 0.646639 0.467475 1.564026
0.393444 0.874997 -0.043654 1.057007 -0.003690 0.089327 -0.014084 0.340960 0.959384 1.148232 0.390791 0.501594 0.467682 -1.529514
0.377049 0.916667 -0.094471 1.186187 -0.007985 0.100244 -0.030478 0.382630 0.991183 1.180564 0.600392 0.678971 0.510051 -1.491310
0.409836 0.916667 0.007156 1.186187 0.000605 0.100244 0.002309 0.382630 1.004113 1.150362 0.403721 0.471391 0.509145 1.564763
0.459017 0.916667 0.159600 1.186187 0.013490 0.100244 0.051490 0.382630 1.025170 1.106552 0.621450 0.635161 0.511736 1.437031
0.508196 0.916667 0.312036 1.186187 0.026374 0.100244 0.100669 0.382630 1.048113 1.064585 0.426664 0.429424 0.518996 1.313530
0.639343 0.916667 0.718544 1.186187 0.060732 0.100244 0.231816 0.382630 1.117603 0.961774 0.690940 0.532350 0.559430 1.026088
0.721311 0.916667 0.972615 1.186187 0.082207 0.100244 0.313784 0.382630 1.166434 0.904104 0.475494 0.371754 0.598066 0.883936
0.770493 0.916667 1.125059 1.186187 0.095092 0.100244 0.362965 0.382630 1.197471 0.871821 0.721977 0.500068 0.625273 0.811767
0.885245 0.916667 1.480749 1.186187 0.125155 0.100244 0.477718 0.382630 1.274338 0.802834 0.552361 0.302767 0.698167 0.675323
0.918032 0.916667 1.582376 1.186187 0.133745 0.100244 0.510505 0.382630 1.297328 0.784654 0.744968 0.481887 0.720998 0.643190
0.950819 0.874997 1.684003 1.057007 0.142335 0.089327 0.543291 0.340960 1.292159 0.743894 0.547192 0.262007 0.716724 0.560455
0.983605 0.750000 1.785630 0.669506 0.150924 0.056579 0.576078 0.215964 1.236923 0.651454 0.689732 0.389447 0.670189 0.358671
1.000000 0.666667 1.836447 0.411165 0.155220 0.034747 0.592473 0.132630 1.201850 0.588003 0.512119 0.198556 0.646666 0.220228
1.000000 0.583333 1.836447 0.152825 0.155220 0.012915 0.592473 0.049297 1.157704 0.528074 0.645585 0.329519 0.618006 0.083014
0.983605 0.500000 1.785630 -0.105516 0.150924 -0.008917 0.576078 -0.034036 1.103395 0.470293 0.457810 0.140774 0.583453 -0.059014
0.950819 0.458330 1.684003 -0.234696 0.142335 -0.019834 0.543291 -0.075706 1.055520 0.449175 0.597710 0.308401 0.545662 -0.138456
0.918032 0.458330 1.582376 -0.234696 0.133745 -0.019834 0.510505 -0.075706 1.026084 0.463050 0.428374 0.154649 0.513026 -0.147224
0.868853 0.458330 1.429939 -0.234696 0.120861 -0.019834 0.461326 -0.075706 0.982330 0.485414 0.553956 0.330765 0.464115 -0.162656
0.852458 0.500000 1.379122 -0.105516 0.116566 -0.008917 0.444931 -0.034036 0.988274 0.530463 0.434318 0.199698 0.454439 -0.076349
0.852458 0.583333 1.379122 0.152825 0.116566 0.012915 0.444931 0.049297 1.032939 0.600108 0.598621 0.400410 0.478405 0.110347
0.868853 0.791664 1.429939 0.798666 0.120861 0.067495 0.461326 0.257627 1.175430 0.738946 0.576809 0.338536 0.600318 0.509307
0.901640 0.833333 1.531566 0.927846 0.129450 0.078412 0.494113 0.299297 1.227762 0.746048 0.650952 0.407512 0.652271 0.544619
