0.126759 0.611113 -0.931910 0.085423 -0.080433 0.006357 -0.310944 0.024574 0.624121 1.366273 0.624121 1.366273 0.356029 -0.078868
0.112676 0.638888 -0.974119 0.181974 -0.084076 0.013542 -0.325027 0.052350 0.648748 1.396229 0.024627 0.029956 0.382254 -0.159692
0.084507 0.666668 -1.058542 0.278539 -0.091363 0.020727 -0.353196 0.080130 0.672003 1.444709 0.647375 1.414752 0.420919 -0.223094
0.070421 0.694444 -1.100757 0.375089 -0.095006 0.027912 -0.367282 0.107905 0.698005 1.469735 0.050630 0.054982 0.448120 -0.285754
0.042252 0.722223 -1.185181 0.471654 -0.102293 0.035098 -0.395451 0.135685 0.723458 1.512360 0.672829 1.457377 0.487168 -0.330528
0.014083 0.749999 -1.269604 0.568205 -0.109579 0.042283 -0.423620 0.163461 0.750131 1.552021 0.077303 0.094643 0.526291 -0.368263
0.014083 0.777779 -1.269604 0.664770 -0.109579 0.049469 -0.423620 0.191240 0.777906 1.552691 0.700604 1.458048 0.543236 -0.424054
0.000000 0.833334 -1.311813 0.857885 -0.113222 0.063840 -0.437703 0.246796 0.833334 1.570796 0.132730 0.112749 0.590007 -0.513409
0.014083 0.861110 -1.269604 0.954436 -0.109579 0.071024 -0.423620 0.274571 0.861225 1.554443 0.728494 1.441694 0.598938 -0.575077
0.028169 0.888889 -1.227389 1.051001 -0.105936 0.078210 -0.409534 0.302351 0.889336 1.539117 0.160841 0.097423 0.609333 -0.635958
0.070421 0.916665 -1.100757 1.147551 -0.095006 0.085395 -0.367282 0.330127 0.919366 1.494123 0.758525 1.396701 0.603573 -0.732172
0.112676 0.916665 -0.974119 1.147551 -0.084076 0.085395 -0.325027 0.330127 0.923564 1.448490 0.165039 0.051790 0.578832 -0.793182
0.154928 0.916665 -0.847487 1.147551 -0.073146 0.085395 -0.282775 0.330127 0.929665 1.403366 0.764626 1.351576 0.556207 -0.862503
0.197183 0.888889 -0.720848 1.051001 -0.062216 0.078210 -0.240520 0.302351 0.910497 1.352501 0.145871 0.000925 0.511291 -0.898805
0.225352 0.861110 -0.636425 0.954436 -0.054930 0.071024 -0.212351 0.274571 0.890109 1.314837 0.744237 1.313912 0.473673 -0.912492
0.225352 0.749999 -0.636425 0.568205 -0.054930 0.042283 -0.212351 0.163461 0.783123 1.278909 0.038886 -0.035004 0.377653 -0.656031
0.225352 0.694444 -0.636425 0.375089 -0.054930 0.027912 -0.212351 0.107905 0.730093 1.257010 0.691207 1.292014 0.333180 -0.470143
0.211268 0.611113 -0.678633 0.085423 -0.058573 0.006357 -0.226435 0.024574 0.646601 1.237947 -0.044605 -0.054067 0.285208 -0.108105
0.197183 0.555553 -0.720848 -0.107707 -0.062216 -0.008015 -0.240520 -0.030985 0.589509 1.229736 0.634114 1.283802 0.267841 0.128120
0.183099 0.472222 -0.763057 -0.397373 -0.065859 -0.029571 -0.254604 -0.114316 0.506477 1.200903 -0.127637 -0.082899 0.256933 0.422018
0.154928 0.416667 -0.847487 -0.590488 -0.073146 -0.043941 -0.282775 -0.169871 0.444538 1.214810 0.572175 1.297708 0.283556 0.540956
0.154928 0.333332 -0.847487 -0.880169 -0.073146 -0.065498 -0.282775 -0.253206 0.367577 1.135714 -0.204598 -0.161995 0.301422 0.730287
0.140845 0.277777 -0.889695 -1.073284 -0.076790 -0.079869 -0.296858 -0.308762 0.311444 1.101530 0.516041 1.263524 0.337196 0.805051
0.140845 0.138890 -0.889695 -1.556066 -0.076790 -0.115795 -0.296858 -0.447648 0.197808 0.778411 -0.318234 -0.485113 0.421205 0.985231
0.154928 0.111111 -0.847487 -1.652631 -0.073146 -0.122981 -0.282775 -0.475428 0.190652 0.622160 0.508886 1.107273 0.432000 1.034224
0.183099 0.055555 -0.763057 -1.845746 -0.065859 -0.137351 -0.254604 -0.530983 0.191342 0.294588 -0.317544 -0.812685 0.459195 1.123687
0.225352 0.027780 -0.636425 -1.942297 -0.054930 -0.144536 -0.212351 -0.558759 0.227058 0.122654 0.544602 0.935339 0.461660 1.207613
0.267606 0.000000 -0.509786 -2.038862 -0.044000 -0.151722 -0.170097 -0.586538 0.267606 0.000000 -0.276995 -0.935339 0.469592 1.288538
0.295775 0.000000 -0.425363 -2.038862 -0.036713 -0.151722 -0.141928 -0.586538 0.295775 0.000000 0.572771 0.935339 0.460139 1.333384
0.338028 0.027780 -0.298731 -1.942297 -0.025783 -0.144536 -0.099675 -0.558759 0.339167 0.081998 -0.233603 -0.853341 0.421868 1.394266
0.352113 0.055555 -0.256516 -1.845746 -0.022140 -0.137351 -0.085590 -0.530983 0.356469 0.156487 0.590073 1.009828 0.391615 1.410980
0.366197 0.166666 -0.214307 -1.459515 -0.018497 -0.108610 -0.071506 -0.419872 0.402340 0.427109 -0.187732 -0.582719 0.280311 1.402110
0.366197 0.222221 -0.214307 -1.266400 -0.018497 -0.094239 -0.071506 -0.364317 0.428348 0.545431 0.616081 1.128149 0.227037 1.376985
0.366197 0.250001 -0.214307 -1.169835 -0.018497 -0.087053 -0.071506 -0.336537 0.443397 0.599018 -0.172684 -0.529132 0.200861 1.361433
0.352113 0.277777 -0.256516 -1.073284 -0.022140 -0.079869 -0.085590 -0.308762 0.448490 0.667926 0.621175 1.197058 0.181389 1.300383
0.352113 0.333332 -0.256516 -0.880169 -0.022140 -0.065498 -0.085590 -0.253206 0.484865 0.758005 -0.136310 -0.439053 0.134978 1.244830
0.366197 0.305556 -0.214307 -0.976719 -0.018497 -0.072683 -0.071506 -0.280982 0.476933 0.695370 0.613242 1.134423 0.150253 1.321599
0.380282 0.277777 -0.172092 -1.073284 -0.014853 -0.079869 -0.057421 -0.308762 0.470929 0.630870 -0.142313 -0.503553 0.169922 1.386926
0.394366 0.222221 -0.129884 -1.266400 -0.011210 -0.094239 -0.043337 -0.364317 0.452666 0.513141 0.594979 1.016694 0.219797 1.452398
0.422535 0.194446 -0.045460 -1.362950 -0.003924 -0.101424 -0.015168 -0.392093 0.465129 0.431294 -0.129850 -0.585400 0.243730 1.532130
0.450704 0.138890 0.038963 -1.556066 0.003363 -0.115795 0.013001 -0.447648 0.471619 0.298929 0.601469 0.884329 0.299095 -1.541763
0.478873 0.111111 0.123387 -1.652631 0.010649 -0.122981 0.041170 -0.475428 0.491594 0.227991 -0.109875 -0.656338 0.329177 -1.484417
0.535211 0.083335 0.292234 -1.749181 0.025223 -0.130166 0.097508 -0.503203 0.541660 0.154465 0.651535 0.810803 0.367538 -1.379395
0.563380 0.083335 0.376657 -1.749181 0.032509 -0.130166 0.125677 -0.503203 0.569510 0.146855 -0.082025 -0.663948 0.375994 -1.326050
0.591549 0.083335 0.461081 -1.749181 0.039796 -0.130166 0.153845 -0.503203 0.597390 0.139955 0.679415 0.803903 0.386323 -1.274089
0.619720 0.138890 0.545511 -1.556066 0.047083 -0.115795 0.182017 -0.447648 0.635093 0.220475 -0.044322 -0.583428 0.349884 -1.184608
0.633803 0.277777 0.587719 -1.073284 0.050726 -0.079869 0.196100 -0.308762 0.692002 0.413056 0.736324 0.996484 0.253045 -1.004954
0.633803 0.361112 0.587719 -0.783604 0.050726 -0.058312 0.196100 -0.225427 0.729457 0.517883 -0.006866 -0.478602 0.210527 -0.854858
0.619720 0.472222 0.545511 -0.397373 0.047083 -0.029571 0.182017 -0.114316 0.779132 0.651133 0.785998 1.129734 0.185261 -0.560791
0.577465 0.638888 0.418872 0.181974 0.036153 0.013542 0.139762 0.052350 0.861188 0.835853 0.075190 -0.293881 0.244967 0.358389
0.563380 0.722223 0.376657 0.471654 0.032509 0.035098 0.125677 0.135685 0.915971 0.908331 0.840782 1.202212 0.311041 0.823673
0.535211 0.777779 0.292234 0.664770 0.025223 0.049469 0.097508 0.191240 0.944135 0.968083 0.103353 -0.234129 0.353778 1.099285
0.492958 0.888889 0.165602 1.051001 0.014293 0.078210 0.055255 0.302351 1.016431 1.064445 0.913078 1.298574 0.454557 1.390040
0.478873 0.916665 0.123387 1.147551 0.010649 0.085395 0.041170 0.330127 1.034212 1.089384 0.121134 -0.209191 0.480728 1.446728
0.464789 0.916665 0.081178 1.147551 0.007006 0.085395 0.027086 0.330127 1.027766 1.101530 0.906633 1.310720 0.479727 1.488932
0.450704 0.944445 0.038963 1.244116 0.003363 0.092581 0.013001 0.357906 1.046475 1.125542 0.139842 -0.185178 0.506908 1.534488
0.464789 0.972220 0.081178 1.340667 0.007006 0.099766 0.027086 0.385682 1.077609 1.124846 0.937767 1.310025 0.535203 1.500682
0.492958 0.972220 0.165602 1.340667 0.014293 0.099766 0.055255 0.385682 1.090055 1.101530 0.152288 -0.208495 0.537365 1.428499
0.521127 0.972220 0.250025 1.340667 0.021580 0.099766 0.083424 0.385682 1.103080 1.078751 0.950792 1.287247 0.540988 1.357775
0.563380 0.972220 0.376657 1.340667 0.032509 0.099766 0.125677 0.385682 1.123659 1.045604 0.172867 -0.241643 0.549093 1.255791
0.647889 0.944445 0.629934 1.244116 0.054370 0.092581 0.210186 0.357906 1.145310 0.969528 0.972444 1.211171 0.548603 1.039794
0.704227 0.944445 0.798781 1.244116 0.068943 0.092581 0.266524 0.357906 1.178096 0.930084 0.205653 -0.281087 0.572557 0.930713
0.760565 0.944445 0.967628 1.244116 0.083516 0.092581 0.322862 0.357906 1.212615 0.892830 1.006962 1.173917 0.600855 0.836831
0.873241 0.916665 1.305322 1.147551 0.112662 0.085395 0.435537 0.330127 1.266027 0.809654 0.259065 -0.364263 0.647377 0.648586
0.915493 0.916665 1.431954 1.147551 0.123592 0.085395 0.477790 0.330127 1.295532 0.786038 1.036467 1.150301 0.676526 0.604623
0.971831 0.888889 1.600801 1.051001 0.138165 0.078210 0.534128 0.302351 1.317034 0.740853 0.280568 -0.409448 0.699186 0.515093
1.000000 0.888889 1.685225 1.051001 0.145452 0.078210 0.562297 0.302351 1.337955 0.726643 1.057388 1.136091 0.720935 0.493356
1.000000 0.861110 1.685225 0.954436 0.145452 0.071024 0.562297 0.274571 1.319663 0.710909 0.262275 -0.425182 0.703883 0.454246
0.985917 0.833334 1.643016 0.857885 0.141809 0.063840 0.548213 0.246796 1.290921 0.701723 1.028646 1.126905 0.676063 0.423005
0.929579 0.777779 1.474169 0.664770 0.127235 0.049469 0.491875 0.191240 1.212046 0.696722 0.183400 -0.430183 0.597991 0.370813
0.887324 0.749999 1.347531 0.568205 0.116305 0.042283 0.449621 0.163461 1.161827 0.701722 0.978427 1.131905 0.547437 0.348697
0.859155 0.749999 1.263107 0.568205 0.109019 0.042283 0.421452 0.163461 1.140459 0.717667 0.162032 -0.414238 0.524548 0.369990
0.802817 0.722223 1.094260 0.471654 0.094445 0.035098 0.365114 0.135685 1.079871 0.732600 0.917839 1.146838 0.462882 0.355808
0.760565 0.777779 0.967628 0.664770 0.083516 0.049469 0.322862 0.191240 1.087841 0.796588 0.170002 -0.350251 0.468925 0.534760
0.760565 0.805554 0.967628 0.761320 0.083516 0.056654 0.322862 0.219016 1.107870 0.814117 0.937868 1.164368 0.489443 0.596054
0.774648 0.888889 1.009837 1.051001 0.087159 0.078210 0.336945 0.302351 1.179069 0.853964 0.241201 -0.310404 0.563117 0.731338
0.830986 0.972220 1.178684 1.340667 0.101732 0.099766 0.393283 0.385682 1.278964 0.863562 1.037764 1.173966 0.663611 0.775641
0.859155 1.000000 1.263107 1.437232 0.109019 0.106952 0.421452 0.413462 1.318388 0.861011 0.280624 -0.312955 0.702709 0.775828
