0.053570 0.680001 -1.189848 0.211882 -0.159855 0.027161 -0.384525 0.065336 0.682108 1.492179 0.682108 1.492179 0.454288 -0.168305
0.000000 0.719998 -1.355611 0.341590 -0.182125 0.043789 -0.438095 0.105333 0.719998 1.570796 0.037890 0.078617 0.520957 -0.235955
0.017856 0.840000 -1.300359 0.730755 -0.174702 0.093677 -0.420239 0.225335 0.840190 1.549543 0.802300 1.470926 0.581489 -0.492192
0.125001 0.879997 -0.968816 0.860464 -0.130160 0.110304 -0.313094 0.265332 0.888831 1.429693 0.086531 -0.041233 0.541577 -0.703013
0.196429 0.799998 -0.747793 0.601027 -0.100465 0.077047 -0.241665 0.185332 0.823760 1.330022 0.737229 1.371255 0.435173 -0.654227
0.178571 0.680001 -0.803053 0.211882 -0.107890 0.027161 -0.259524 0.065336 0.703057 1.313991 -0.034172 -0.057264 0.354783 -0.246627
0.107143 0.479999 -1.024076 -0.436720 -0.137584 -0.055984 -0.330952 -0.134667 0.491811 1.351182 0.525984 1.408446 0.333594 0.386446
0.071428 0.199996 -1.134588 -1.344759 -0.152431 -0.172387 -0.366666 -0.414669 0.212369 1.227768 -0.313615 -0.180679 0.437190 0.846758
0.142857 0.000000 -0.913565 -1.993341 -0.122737 -0.255529 -0.295238 -0.614665 0.142857 0.000000 0.456471 0.180679 0.528292 1.123014
0.232144 0.000000 -0.637281 -1.993341 -0.085618 -0.255529 -0.205951 -0.614665 0.232144 0.000000 -0.224328 -0.180679 0.484090 1.247490
0.285714 0.239999 -0.471518 -1.215031 -0.063348 -0.155757 -0.152381 -0.374666 0.373138 0.698660 0.597466 0.879338 0.249924 1.184517
0.303572 0.439996 -0.416258 -0.566448 -0.055924 -0.072614 -0.134523 -0.174670 0.534558 0.966852 -0.062908 0.087514 0.134536 0.914520
0.339286 0.279996 -0.305747 -1.085322 -0.041077 -0.139129 -0.098809 -0.334669 0.439901 0.689949 0.502809 0.602436 0.186436 1.283710
0.428570 0.119997 -0.029472 -1.604195 -0.003960 -0.205644 -0.009525 -0.494669 0.445052 0.273002 -0.057756 -0.329433 0.318241 1.551544
0.535713 0.080000 0.302063 -1.733904 0.040582 -0.222272 0.097618 -0.534666 0.541653 0.148238 0.599410 0.477671 0.371162 -1.390208
0.625000 0.359996 0.578346 -0.825885 0.077700 -0.105871 0.186905 -0.254669 0.721264 0.522581 0.121854 0.044910 0.202566 -0.937671
0.607141 0.680001 0.523086 0.211882 0.070276 0.027161 0.169046 0.065336 0.911604 0.841944 0.789750 0.797034 0.295119 0.368810
0.482143 0.879997 0.136300 0.860464 0.018312 0.110304 0.044048 0.265332 1.003423 1.069574 0.213673 0.272539 0.444092 1.406285
0.339286 0.959997 -0.305747 1.119900 -0.041077 0.143562 -0.098809 0.345332 1.018189 1.231074 0.804516 0.958535 0.531173 -1.292115
0.285714 1.000000 -0.471518 1.249629 -0.063348 0.160192 -0.152381 0.385335 1.040015 1.292497 0.235499 0.333962 0.582201 -1.194217
0.357142 1.000000 -0.250495 1.249629 -0.033654 0.160192 -0.080953 0.385335 1.061862 1.227773 0.826363 0.893811 0.567707 -1.363723
0.571427 1.000000 0.412574 1.249629 0.055429 0.160192 0.133332 0.385335 1.151750 1.051651 0.325388 0.157841 0.577508 1.237674
0.803571 1.000000 1.130904 1.249629 0.151936 0.160192 0.365476 0.385335 1.282858 0.893882 0.957471 0.736041 0.670306 0.811842
0.982142 0.840000 1.683462 0.730755 0.226172 0.093677 0.544047 0.225335 1.292363 0.707548 0.334893 -0.028493 0.676399 0.392673
1.000000 0.680001 1.738722 0.211882 0.233596 0.027161 0.561905 0.065336 1.209298 0.597177 0.874405 0.625671 0.611765 0.115755
0.874999 0.519995 1.351927 -0.307012 0.181630 -0.039356 0.436904 -0.094670 1.017850 0.536204 0.143445 -0.089467 0.444514 -0.213385
0.785715 0.559998 1.075652 -0.177283 0.144513 -0.022726 0.347620 -0.054667 0.964855 0.619215 0.821411 0.708682 0.368375 -0.155983
0.767856 0.719998 1.020392 0.341590 0.137089 0.043789 0.329762 0.105333 1.052616 0.753243 0.231205 0.044561 0.433834 0.309177
0.803571 0.879997 1.130904 0.860464 0.151936 0.110304 0.365476 0.265332 1.191688 0.830763 0.960483 0.786201 0.573455 0.627957
0.839285 0.920000 1.241415 0.990192 0.166783 0.126934 0.401190 0.305335 1.245311 0.831246 0.284828 0.045044 0.627046 0.650550
