0.127274 0.551723 -0.876003 -0.023695 -0.071347 -0.001992 -0.267075 -0.007455 0.566212 1.344078 0.566212 1.344078 0.309993 0.027908
0.145454 0.517237 -0.816372 -0.133296 -0.066490 -0.011204 -0.248895 -0.041941 0.537300 1.296663 -0.028912 -0.047415 0.277579 0.166939
0.127274 0.517237 -0.876003 -0.133296 -0.071347 -0.011204 -0.267075 -0.041941 0.532666 1.329525 0.561578 1.376941 0.293991 0.155765
0.109090 0.517237 -0.935644 -0.133296 -0.076205 -0.011204 -0.285258 -0.041941 0.528616 1.362933 -0.032962 -0.014008 0.310602 0.145981
0.054547 0.551723 -1.114547 -0.023695 -0.090775 -0.001992 -0.339802 -0.007455 0.554413 1.472251 0.587375 1.486259 0.374476 0.021937
0.036363 0.620688 -1.174188 0.195491 -0.095633 0.016432 -0.357985 0.061510 0.621752 1.512277 0.034378 0.026019 0.423536 -0.170161
0.018183 0.689653 -1.233819 0.414677 -0.100490 0.034855 -0.376165 0.130475 0.689893 1.544437 0.655515 1.518418 0.478232 -0.333871
0.000000 0.724133 -1.293460 0.524261 -0.105347 0.044067 -0.394349 0.164955 0.724133 1.570796 0.068618 0.052378 0.514071 -0.396181
0.000000 0.758619 -1.293460 0.633863 -0.105347 0.053279 -0.394349 0.199441 0.758619 1.570796 0.690001 1.518418 0.536846 -0.468235
0.000000 0.793104 -1.293460 0.743464 -0.105347 0.062492 -0.394349 0.233926 0.793104 1.570796 0.103103 0.052378 0.560818 -0.535401
0.018183 0.827584 -1.233819 0.853048 -0.100490 0.071703 -0.376165 0.268406 0.827784 1.548829 0.724680 1.496450 0.573754 -0.619750
0.054547 0.862069 -1.114547 0.962649 -0.090775 0.080915 -0.339802 0.302891 0.863793 1.507607 0.139113 0.011156 0.578125 -0.728030
0.072727 0.862069 -1.054916 0.962649 -0.085919 0.080915 -0.321622 0.302891 0.865132 1.486632 0.726019 1.475476 0.567629 -0.755415
0.127274 0.862069 -0.876003 0.962649 -0.071347 0.080915 -0.267075 0.302891 0.871414 1.424218 0.145395 -0.051258 0.538602 -0.848155
0.145454 0.827584 -0.816372 0.853048 -0.066490 0.071703 -0.248895 0.268406 0.840269 1.396816 0.694874 1.448074 0.499641 -0.823098
0.145454 0.793104 -0.816372 0.743464 -0.066490 0.062492 -0.248895 0.233926 0.806332 1.389414 0.111458 -0.058660 0.470058 -0.754406
0.145454 0.758619 -0.816372 0.633863 -0.066490 0.053279 -0.248895 0.199441 0.772437 1.381360 0.660979 1.440020 0.441182 -0.675537
0.145454 0.689653 -0.816372 0.414677 -0.066490 0.034855 -0.248895 0.130475 0.704825 1.362934 0.043846 -0.077087 0.386204 -0.482835
0.127274 0.620688 -0.876003 0.195491 -0.071347 0.016432 -0.267075 0.061510 0.633603 1.368547 0.589757 1.445634 0.350084 -0.226363
0.109090 0.551723 -0.935644 -0.023695 -0.076205 -0.001992 -0.285258 -0.007455 0.562404 1.375587 -0.027352 -0.070047 0.325789 0.026130
0.072727 0.379307 -1.054916 -0.571667 -0.085919 -0.048051 -0.321622 -0.179871 0.386216 1.381359 0.413568 1.451406 0.321973 0.509928
0.072727 0.310341 -1.054916 -0.790853 -0.085919 -0.066475 -0.321622 -0.248837 0.318749 1.340605 -0.094819 -0.110800 0.332412 0.658494
0.072727 0.241376 -1.054916 -1.010039 -0.085919 -0.084898 -0.321622 -0.317802 0.252094 1.278146 0.346914 1.388946 0.356147 0.779425
0.072727 0.172411 -1.054916 -1.229224 -0.085919 -0.103322 -0.321622 -0.386767 0.187122 1.171619 -0.159792 -0.217327 0.390764 0.877104
0.090910 0.137931 -0.995275 -1.338809 -0.081061 -0.112533 -0.303438 -0.421247 0.165195 0.988051 0.324987 1.205378 0.397272 0.946554
0.109090 0.103445 -0.935644 -1.448410 -0.076205 -0.121745 -0.285258 -0.455733 0.150339 0.758844 -0.174649 -0.446534 0.407427 1.011526
0.163637 0.103445 -0.756732 -1.448410 -0.061633 -0.121745 -0.230711 -0.455733 0.193592 0.563734 0.368241 1.010268 0.371285 1.102167
0.181817 0.137931 -0.697100 -1.338809 -0.056776 -0.112533 -0.212531 -0.421247 0.228216 0.648996 -0.140025 -0.361272 0.333046 1.103533
0.200001 0.172411 -0.637460 -1.229224 -0.051919 -0.103322 -0.194348 -0.386767 0.264056 0.711449 0.404081 1.072721 0.295004 1.105156
0.218181 0.206896 -0.577828 -1.119623 -0.047062 -0.094109 -0.176168 -0.352282 0.300681 0.758856 -0.103401 -0.313864 0.257242 1.107088
0.236364 0.275861 -0.518188 -0.900437 -0.042204 -0.075686 -0.157984 -0.283317 0.363273 0.862355 0.466674 1.176220 0.197480 1.062118
0.236364 0.310341 -0.518188 -0.790853 -0.042204 -0.066475 -0.157984 -0.248837 0.390102 0.919896 -0.076572 -0.256323 0.178931 1.005115
0.254544 0.310341 -0.458556 -0.790853 -0.037348 -0.066475 -0.139804 -0.248837 0.401378 0.883855 0.477950 1.140178 0.163102 1.058915
0.254544 0.344827 -0.458556 -0.681252 -0.037348 -0.057262 -0.139804 -0.214351 0.428600 0.934903 -0.049350 -0.205275 0.148316 0.992863
0.254544 0.310341 -0.458556 -0.790853 -0.037348 -0.066475 -0.139804 -0.248837 0.401378 0.883855 0.450728 1.089130 0.163102 1.058915
0.272728 0.241376 -0.398916 -1.010039 -0.032490 -0.084898 -0.121621 -0.317802 0.364201 0.724491 -0.086527 -0.364639 0.195428 1.205297
0.290908 0.206896 -0.339284 -1.119623 -0.027633 -0.094109 -0.103441 -0.352282 0.356978 0.618209 0.443505 0.982848 0.214099 1.285194
0.309091 0.137931 -0.279644 -1.338809 -0.022776 -0.112533 -0.085258 -0.421247 0.338470 0.419728 -0.105035 -0.563120 0.270220 1.371101
0.345454 0.103445 -0.160372 -1.448410 -0.013062 -0.121745 -0.048894 -0.455733 0.360610 0.290950 0.465645 0.854069 0.294983 1.463919
0.399998 0.034480 0.018531 -1.667596 0.001509 -0.140169 0.005650 -0.524698 0.401482 0.085988 -0.064163 -0.768081 0.359913 -1.560029
0.490908 0.000000 0.316716 -1.777180 0.025795 -0.149380 0.096560 -0.559178 0.490908 0.000000 0.555072 0.768081 0.405998 -1.399801
0.527272 0.000000 0.435988 -1.777180 0.035509 -0.149380 0.132923 -0.559178 0.527272 0.000000 -0.027800 -0.768081 0.416148 -1.337416
0.599999 0.068965 0.674531 -1.557995 0.054938 -0.130957 0.205650 -0.490213 0.603949 0.114440 0.631749 0.882522 0.384924 -1.173583
0.618182 0.137931 0.734172 -1.338809 0.059795 -0.112533 0.223834 -0.421247 0.633383 0.219527 0.001634 -0.662994 0.340370 -1.082378
0.636362 0.241376 0.793803 -1.010039 0.064652 -0.084898 0.242014 -0.317802 0.680602 0.362540 0.678968 1.025535 0.286306 -0.919960
0.636362 0.344827 0.793803 -0.681252 0.064652 -0.057262 0.242014 -0.214351 0.723783 0.496581 0.044815 -0.528954 0.247029 -0.724857
0.618182 0.551723 0.734172 -0.023695 0.059795 -0.001992 0.223834 -0.007455 0.828581 0.728652 0.783766 1.257605 0.273620 -0.033295
0.599999 0.655168 0.674531 0.305076 0.054938 0.025643 0.205650 0.095990 0.888394 0.829324 0.104628 -0.428282 0.332143 0.436706
0.563635 0.724133 0.555260 0.524261 0.045224 0.044067 0.169287 0.164955 0.917635 0.909391 0.813007 1.337673 0.370697 0.772440
0.527272 0.793104 0.435988 0.743464 0.035509 0.062492 0.132923 0.233926 0.952381 0.984073 0.139374 -0.353600 0.420327 1.054066
0.472728 0.896549 0.257084 1.072234 0.020938 0.090126 0.078380 0.337371 1.013545 1.085568 0.874171 1.439168 0.508281 1.342522
0.436365 0.931035 0.137812 1.181835 0.011224 0.099339 0.042016 0.371857 1.028222 1.132511 0.154051 -0.306657 0.538328 1.458284
0.418181 0.965515 0.078172 1.291420 0.006367 0.108550 0.023833 0.406337 1.052186 1.162070 0.898135 1.468727 0.571663 1.512210
0.381818 0.965515 -0.041100 1.291420 -0.003347 0.108550 -0.012531 0.406337 1.038270 1.194214 0.140135 -0.274513 0.571304 -1.539968
0.381818 1.000000 -0.041100 1.401021 -0.003347 0.117762 -0.012531 0.440822 1.070413 1.206062 0.930279 1.480575 0.605781 -1.542379
0.418181 1.000000 0.078172 1.401021 0.006367 0.117762 0.023833 0.440822 1.083917 1.174715 0.153638 -0.305860 0.606120 1.516784
0.454545 0.965515 0.197444 1.291420 0.016081 0.108550 0.060196 0.406337 1.067160 1.130797 0.913522 1.436657 0.574330 1.423722
0.509092 0.965515 0.376356 1.291420 0.030653 0.108550 0.114743 0.406337 1.091509 1.085568 0.177988 -0.351089 0.582578 1.295578
0.581819 0.931035 0.614900 1.181835 0.050081 0.099339 0.187470 0.371857 1.097879 1.012257 0.919891 1.363346 0.568487 1.103837
0.709089 0.931035 1.032347 1.181835 0.084081 0.099339 0.314741 0.371857 1.170313 0.919903 0.250422 -0.443443 0.622169 0.868394
0.763636 0.896549 1.211260 1.072234 0.098652 0.090126 0.369287 0.337371 1.177684 0.865287 0.927262 1.308730 0.623361 0.740264
0.854543 0.896549 1.509435 1.072234 0.122938 0.090126 0.460195 0.337371 1.238566 0.809382 0.311303 -0.499348 0.681164 0.632601
0.890907 0.862069 1.628707 0.962649 0.132652 0.080915 0.496558 0.302891 1.239709 0.768949 0.928406 1.268297 0.682153 0.547726
0.963634 0.827584 1.867251 0.853048 0.152080 0.071703 0.569285 0.268406 1.270230 0.709590 0.341825 -0.558707 0.715387 0.440572
0.981817 0.793104 1.926891 0.743464 0.156938 0.062492 0.587468 0.233926 1.262132 0.679474 0.920308 1.238181 0.710018 0.378948
1.000000 0.724133 1.986531 0.524261 0.161795 0.044067 0.605651 0.164955 1.234653 0.626740 0.314346 -0.611442 0.689617 0.265910
1.000000 0.655168 1.986531 0.305076 0.161795 0.025643 0.605651 0.095990 1.195510 0.580000 0.881165 1.191441 0.659424 0.157183
0.963634 0.586203 1.867251 0.085890 0.152080 0.007219 0.569285 0.027025 1.127929 0.546519 0.246764 -0.644923 0.600744 0.047436
0.945453 0.551723 1.807619 -0.023695 0.147223 -0.001992 0.551105 -0.007455 1.094660 0.528239 0.847895 1.173161 0.573135 -0.013527
0.890907 0.517237 1.628707 -0.133296 0.132652 -0.011204 0.496558 -0.041941 1.030170 0.526013 0.182274 -0.647148 0.511539 -0.084263
0.872726 0.551723 1.569075 -0.023695 0.127795 -0.001992 0.478378 -0.007455 1.032497 0.563748 0.850222 1.210896 0.503599 -0.015583
0.872726 0.620688 1.569075 0.195491 0.127795 0.016432 0.478378 0.061510 1.070937 0.618207 0.220714 -0.592689 0.529221 0.127879
0.872726 0.793104 1.569075 0.743464 0.127795 0.062492 0.478378 0.233926 1.179265 0.737637 0.958551 1.330326 0.622777 0.454807
0.909090 0.896549 1.688347 1.072234 0.137509 0.090126 0.514741 0.337371 1.276811 0.778453 0.318260 -0.551873 0.719141 0.580175
