0.087718 0.600001 -1.019485 0.160456 -0.087134 0.014213 -0.324170 0.052879 0.606379 1.425629 0.606379 1.425629 0.374797 -0.161697
0.070175 0.600001 -1.074655 0.160456 -0.091849 0.014213 -0.341712 0.052879 0.604091 1.454367 -0.002288 0.028738 0.390069 -0.153529
0.035088 0.628570 -1.185003 0.247146 -0.101281 0.021893 -0.376800 0.081448 0.629549 1.515033 0.631837 1.486295 0.434660 -0.212882
0.017543 0.685713 -1.240181 0.420541 -0.105997 0.037252 -0.394345 0.138591 0.685937 1.545219 0.054100 0.058924 0.480092 -0.337962
0.000000 0.714286 -1.295350 0.507244 -0.110712 0.044932 -0.411888 0.167164 0.714286 1.570796 0.660186 1.511872 0.510976 -0.385539
0.000000 0.771429 -1.295350 0.680639 -0.110712 0.060292 -0.411888 0.224307 0.771429 1.570796 0.111243 0.058924 0.546737 -0.498675
0.000000 0.800003 -1.295350 0.767342 -0.110712 0.067972 -0.411888 0.252881 0.800003 1.570796 0.688760 1.511872 0.565937 -0.550618
0.000000 0.857145 -1.295350 0.940736 -0.110712 0.083332 -0.411888 0.310023 0.857145 1.570796 0.168386 0.058924 0.606552 -0.645220
0.035088 0.857145 -1.185003 0.940736 -0.101281 0.083332 -0.376800 0.310023 0.857863 1.529884 0.689477 1.470959 0.583295 -0.688477
0.070175 0.857145 -1.074655 0.940736 -0.091849 0.083332 -0.341712 0.310023 0.860013 1.489108 0.170536 0.018148 0.561268 -0.736814
0.122806 0.714286 -0.909138 0.507244 -0.077703 0.044932 -0.289082 0.167164 0.724766 1.400533 0.554231 1.382385 0.418346 -0.524280
0.122806 0.628570 -0.909138 0.247146 -0.077703 0.021893 -0.289082 0.081448 0.640454 1.377854 0.086224 -0.004531 0.361275 -0.274628
0.122806 0.542858 -0.909138 -0.012939 -0.077703 -0.001146 -0.289082 -0.004264 0.556575 1.348321 0.470352 1.352852 0.317367 0.014749
0.087718 0.485715 -1.019485 -0.186333 -0.087134 -0.016506 -0.324170 -0.061407 0.493573 1.392127 0.023221 0.039275 0.332470 0.187209
0.070175 0.399999 -1.074655 -0.446431 -0.091849 -0.039545 -0.341712 -0.147123 0.406108 1.397125 0.382887 1.357850 0.341919 0.406559
0.035088 0.314287 -1.185003 -0.706516 -0.101281 -0.062584 -0.376800 -0.232835 0.316240 1.459615 -0.066648 0.101765 0.389235 0.553497
0.017543 0.257144 -1.240181 -0.879910 -0.105997 -0.077943 -0.394345 -0.289978 0.257742 1.502681 0.324390 1.400917 0.423619 0.634052
0.000000 0.200002 -1.295350 -1.053304 -0.110712 -0.093303 -0.411888 -0.347120 0.200002 1.570796 -0.124388 0.169880 0.463192 0.700273
0.000000 0.114285 -1.295350 -1.313402 -0.110712 -0.116343 -0.411888 -0.432837 0.114285 1.570796 0.238674 1.400917 0.508152 0.810193
0.052630 0.028574 -1.129833 -1.573487 -0.096565 -0.139381 -0.359257 -0.518549 0.059886 0.497385 -0.178787 -0.903532 0.525353 0.964910
0.105263 0.000000 -0.964307 -1.660191 -0.082418 -0.147062 -0.306625 -0.547122 0.105263 0.000000 0.284050 0.903532 0.513488 1.059979
0.140351 0.000000 -0.853960 -1.660191 -0.072987 -0.147062 -0.271537 -0.547122 0.140351 0.000000 -0.143699 -0.903532 0.493339 1.110113
0.192981 0.000000 -0.688442 -1.660191 -0.058840 -0.147062 -0.218907 -0.547122 0.192981 0.000000 0.336680 0.903532 0.466446 1.190199
0.245614 0.057143 -0.522917 -1.486796 -0.044693 -0.131702 -0.166274 -0.489979 0.252173 0.228587 -0.084507 -0.674946 0.391779 1.243642
0.280701 0.085716 -0.412569 -1.400093 -0.035262 -0.124022 -0.131186 -0.461406 0.293497 0.296371 0.378004 0.971317 0.351564 1.293788
0.298244 0.171428 -0.357399 -1.140008 -0.030546 -0.100983 -0.113644 -0.375694 0.344002 0.521678 -0.034003 -0.449639 0.265962 1.277057
0.298244 0.285714 -0.357399 -0.793219 -0.030546 -0.070264 -0.113644 -0.261408 0.413015 0.763944 0.447018 1.213583 0.169808 1.160708
0.298244 0.342856 -0.357399 -0.619825 -0.030546 -0.054905 -0.113644 -0.204266 0.454423 0.854874 0.007405 -0.358709 0.132967 1.063089
0.298244 0.371430 -0.357399 -0.533121 -0.030546 -0.047225 -0.113644 -0.175692 0.476350 0.894252 0.468946 1.252962 0.120630 0.996650
0.280701 0.399999 -0.412569 -0.446431 -0.035262 -0.039545 -0.131186 -0.147123 0.488664 0.958894 0.019718 -0.294068 0.131724 0.842599
0.280701 0.371430 -0.412569 -0.533121 -0.035262 -0.047225 -0.131186 -0.175692 0.465568 0.923637 0.445849 1.217705 0.137283 0.929422
0.280701 0.342856 -0.412569 -0.619825 -0.035262 -0.054905 -0.131186 -0.204266 0.443107 0.884748 -0.002742 -0.332957 0.148240 0.999901
0.298244 0.228571 -0.357399 -0.966613 -0.030546 -0.085624 -0.113644 -0.318551 0.375758 0.653908 0.378500 0.986865 0.215685 1.228119
0.315789 0.171428 -0.302221 -1.140008 -0.025830 -0.100983 -0.096098 -0.375694 0.359319 0.497342 -0.019181 -0.489523 0.258951 1.320376
0.385964 0.114285 -0.081526 -1.313402 -0.006968 -0.116343 -0.025923 -0.432837 0.402529 0.287878 0.421710 0.777401 0.298729 1.510977
0.438597 0.114285 0.084000 -1.313402 0.007179 -0.116343 0.026710 -0.432837 0.453242 0.254902 0.031532 -0.522499 0.298798 -1.509166
0.491227 0.114285 0.249517 -1.313402 0.021326 -0.116343 0.079340 -0.432837 0.504347 0.228587 0.472815 0.751085 0.307996 -1.389507
0.543860 0.142859 0.415043 -1.226698 0.035473 -0.108662 0.131973 -0.404263 0.562310 0.256873 0.089496 -0.494212 0.299655 -1.255251
0.578948 0.228571 0.525390 -0.966613 0.044904 -0.085624 0.167060 -0.318551 0.622435 0.376019 0.532939 0.870231 0.248020 -1.087790
0.596490 0.342856 0.580560 -0.619825 0.049620 -0.054905 0.184603 -0.204266 0.688005 0.521676 0.155066 -0.348555 0.197088 -0.835919
0.614036 0.571427 0.635738 0.073752 0.054336 0.006533 0.202148 0.024305 0.838790 0.749471 0.683724 1.098027 0.257520 0.119661
0.578948 0.685713 0.525390 0.420541 0.044904 0.037252 0.167060 0.138591 0.897431 0.869620 0.213707 -0.228406 0.320764 0.692522
0.543860 0.771429 0.415043 0.680639 0.035473 0.060292 0.131973 0.224307 0.943868 0.956720 0.730161 1.185127 0.382997 1.038981
0.456140 0.914288 0.139169 1.114131 0.011895 0.098691 0.044252 0.367166 1.021756 1.108028 0.291595 -0.077099 0.504346 1.450851
0.421052 0.971431 0.028822 1.287525 0.002463 0.114051 0.009165 0.424309 1.058755 1.161803 0.767160 1.238902 0.559618 1.549201
0.403507 1.000000 -0.026356 1.374216 -0.002253 0.121730 -0.008381 0.452878 1.078340 1.187270 0.311180 -0.051631 0.588172 -1.552293
0.421052 1.000000 0.028822 1.374216 0.002463 0.121730 0.009165 0.452878 1.085028 1.172274 0.773847 1.223906 0.588184 1.550563
0.473685 1.000000 0.194347 1.374216 0.016611 0.121730 0.061797 0.452878 1.106516 1.128422 0.332669 -0.095484 0.591350 1.435179
0.526315 1.000000 0.359865 1.374216 0.030757 0.121730 0.114428 0.452878 1.130048 1.086319 0.797379 1.181803 0.599141 1.323309
0.596490 0.971431 0.580560 1.287525 0.049620 0.114051 0.184603 0.424309 1.139947 1.020122 0.342568 -0.161681 0.589209 1.160429
0.684211 0.971431 0.856433 1.287525 0.073198 0.114051 0.272323 0.424309 1.188201 0.957168 0.845633 1.118849 0.622293 1.000204
0.807016 0.971431 1.242646 1.287525 0.106207 0.114051 0.395129 0.424309 1.262915 0.877584 0.417281 -0.241264 0.684993 0.820993
0.859649 0.971431 1.408172 1.287525 0.120354 0.114051 0.447762 0.424309 1.297180 0.846369 0.879898 1.087634 0.716644 0.758511
0.912279 0.971431 1.573689 1.287525 0.134501 0.114051 0.500392 0.424309 1.332641 0.816789 0.452743 -0.270844 0.750654 0.703304
0.982457 0.914288 1.794393 1.114131 0.153364 0.098691 0.570570 0.367166 1.342068 0.749473 0.889325 1.020318 0.760234 0.571797
1.000000 0.857145 1.849562 0.940736 0.158080 0.083332 0.588112 0.310023 1.317079 0.708628 0.427754 -0.311690 0.737652 0.485131
1.000000 0.771429 1.849562 0.680639 0.158080 0.060292 0.588112 0.224307 1.262974 0.657075 0.835219 0.968765 0.689309 0.364371
1.000000 0.628570 1.849562 0.247146 0.158080 0.021893 0.588112 0.081448 1.181144 0.561162 0.345924 -0.407603 0.626760 0.137615
0.964912 0.571427 1.739215 0.073752 0.148648 0.006533 0.553025 0.024305 1.121421 0.534669 0.775497 0.942272 0.575577 0.043921
0.894737 0.514285 1.518519 -0.099642 0.129786 -0.008826 0.482849 -0.032837 1.032009 0.521675 0.256512 -0.420597 0.493588 -0.067903
0.859649 0.514285 1.408172 -0.099642 0.120354 -0.008826 0.447762 -0.032837 1.001741 0.539131 0.745229 0.959728 0.459321 -0.073206
0.824562 0.514285 1.297824 -0.099642 0.110923 -0.008826 0.412674 -0.032837 0.971798 0.557669 0.226569 -0.402059 0.425188 -0.079405
0.789474 0.600001 1.187476 0.160456 0.101492 0.014213 0.377586 0.052879 0.991600 0.649871 0.765031 1.051930 0.421851 0.139139
0.789474 0.685713 1.187476 0.420541 0.101492 0.037252 0.377586 0.138591 1.045692 0.715176 0.280661 -0.336754 0.466424 0.351777
0.824562 0.771429 1.297824 0.680639 0.110923 0.060292 0.412674 0.224307 1.129161 0.752119 0.848500 1.088873 0.547330 0.497874
0.859649 0.800003 1.408172 0.767342 0.120354 0.067972 0.447762 0.252881 1.174309 0.749474 0.325808 -0.339399 0.592557 0.514109
0.912279 0.800003 1.573689 0.767342 0.134501 0.067972 0.500392 0.252881 1.213366 0.719920 0.887558 1.059319 0.633266 0.467930
