0.255812 0.961536 -0.457124 1.208264 -0.040717 0.083050 -0.174420 0.355767 0.994983 1.310774 0.994983 1.310774 0.559201 -1.114967
0.232558 0.961536 -0.518068 1.208264 -0.046145 0.083050 -0.197674 0.355767 0.989259 1.333493 -0.005723 0.022718 0.566885 -1.063643
0.209300 0.961536 -0.579022 1.208264 -0.051574 0.083050 -0.220932 0.355767 0.984052 1.356467 0.989775 1.333749 0.575408 -1.015078
0.186046 0.961536 -0.639967 1.208264 -0.057003 0.083050 -0.244186 0.355767 0.979369 1.379670 -0.010406 0.045921 0.584731 -0.969281
0.162789 0.961536 -0.700921 1.208264 -0.062432 0.083050 -0.267443 0.355767 0.975219 1.403086 0.985624 1.357165 0.594819 -0.926185
0.139535 0.884613 -0.761865 0.947017 -0.067860 0.065093 -0.290697 0.278844 0.895550 1.414350 -0.090074 0.057185 0.539414 -0.764590
0.093023 0.807691 -0.883764 0.685771 -0.078718 0.047137 -0.337209 0.201922 0.813030 1.456130 0.903104 1.398945 0.506147 -0.539539
0.046512 0.692309 -1.005662 0.293911 -0.089576 0.020202 -0.383720 0.086541 0.693870 1.503714 -0.209234 0.104769 0.464678 -0.221820
0.023254 0.538464 -1.066616 -0.228581 -0.095005 -0.015712 -0.406978 -0.067305 0.538966 1.527637 0.748200 1.422868 0.421124 0.163893
0.023254 0.461536 -1.066616 -0.489847 -0.095005 -0.033670 -0.406978 -0.144233 0.462121 1.520455 -0.286078 0.097587 0.408180 0.340589
0.000000 0.307691 -1.127561 -1.012340 -0.100433 -0.069583 -0.430232 -0.298078 0.307691 1.570796 0.593769 1.473210 0.447343 0.605899
0.000000 0.192309 -1.127561 -1.404199 -0.100433 -0.096518 -0.430232 -0.413459 0.192309 1.570796 -0.401459 0.097587 0.491636 0.765521
0.023254 0.076923 -1.066616 -1.796079 -0.095005 -0.123454 -0.406978 -0.528846 0.080361 1.277227 0.481820 1.179640 0.538942 0.914895
0.023254 0.038464 -1.066616 -1.926692 -0.095005 -0.132432 -0.406978 -0.567305 0.044947 1.027029 -0.436873 -0.152611 0.564901 0.948495
0.069766 0.000000 -0.944718 -2.057325 -0.084147 -0.141411 -0.360466 -0.605769 0.069766 0.000000 0.506639 0.152611 0.561280 1.034020
0.116277 0.000000 -0.822819 -2.057325 -0.073290 -0.141411 -0.313955 -0.605769 0.116277 0.000000 -0.390361 -0.152611 0.532604 1.092636
0.162789 0.000000 -0.700921 -2.057325 -0.062432 -0.141411 -0.267443 -0.605769 0.162789 0.000000 0.553150 0.152611 0.506582 1.155039
0.186046 0.076923 -0.639967 -1.796079 -0.057003 -0.123454 -0.244186 -0.528846 0.201321 0.392056 -0.351829 0.239444 0.429481 1.138228
0.209300 0.076923 -0.579022 -1.796079 -0.051574 -0.123454 -0.220932 -0.528846 0.222988 0.352199 0.574817 0.112755 0.416699 1.175073
0.209300 0.153845 -0.579022 -1.534832 -0.051574 -0.105497 -0.220932 -0.451924 0.259759 0.633862 -0.315057 0.521106 0.353837 1.116093
0.209300 0.192309 -0.579022 -1.404199 -0.051574 -0.096518 -0.220932 -0.413459 0.284235 0.743117 0.599292 0.222010 0.324681 1.080049
0.209300 0.230768 -0.579022 -1.273586 -0.051574 -0.087540 -0.220932 -0.375001 0.311545 0.834142 -0.287747 0.612132 0.297652 1.038393
0.209300 0.269232 -0.579022 -1.142953 -0.051574 -0.078561 -0.220932 -0.336537 0.341017 0.909991 0.628764 0.297859 0.273371 0.989875
0.209300 0.230768 -0.579022 -1.273586 -0.051574 -0.087540 -0.220932 -0.375001 0.311545 0.834142 -0.317219 0.536283 0.297652 1.038393
0.232558 0.230768 -0.518068 -1.273586 -0.046145 -0.087540 -0.197674 -0.375001 0.327623 0.781535 0.644842 0.245252 0.280822 1.085681
0.232558 0.192309 -0.518068 -1.404199 -0.046145 -0.096518 -0.197674 -0.413459 0.301771 0.690949 -0.343071 0.445697 0.309325 1.124823
0.232558 0.153845 -0.518068 -1.534832 -0.046145 -0.105497 -0.197674 -0.451924 0.278839 0.584442 0.621910 0.138745 0.339801 1.158465
0.255812 0.076923 -0.457124 -1.796079 -0.040717 -0.123454 -0.174420 -0.528846 0.267127 0.292099 -0.354783 0.153354 0.394017 1.252218
0.279069 0.038464 -0.396170 -1.926692 -0.035287 -0.132432 -0.151163 -0.567305 0.281708 0.136967 0.636491 -0.016386 0.419919 1.310389
0.325581 0.000000 -0.274272 -2.057325 -0.024430 -0.141411 -0.104651 -0.605769 0.325581 0.000000 -0.310910 0.016386 0.442777 1.399728
0.348835 0.000000 -0.213327 -2.057325 -0.019001 -0.141411 -0.081397 -0.605769 0.348835 0.000000 0.659745 -0.016386 0.437864 1.437227
0.395350 0.000000 -0.091419 -2.057325 -0.008143 -0.141411 -0.034882 -0.605769 0.395350 0.000000 -0.264395 0.016386 0.431644 1.513277
0.465115 0.038464 0.091424 -1.926692 0.008143 -0.132432 0.034884 -0.567305 0.466703 0.082510 0.731098 0.066124 0.393318 -1.509383
0.488373 0.076923 0.152378 -1.796079 0.013572 -0.123454 0.058141 -0.528846 0.494394 0.156224 -0.236704 0.090100 0.358061 -1.461296
0.511627 0.115387 0.213322 -1.665446 0.019001 -0.114475 0.081395 -0.490382 0.524477 0.221818 0.761181 0.131718 0.325196 -1.406313
0.534885 0.192309 0.274276 -1.404199 0.024430 -0.096518 0.104653 -0.413459 0.568405 0.345143 -0.192776 0.213426 0.259922 -1.322888
0.558139 0.269232 0.335221 -1.142953 0.029859 -0.078561 0.127907 -0.336537 0.619681 0.449448 0.812457 0.236023 0.205624 -1.207590
0.558139 0.307691 0.335221 -1.012340 0.029859 -0.069583 0.127907 -0.298078 0.637332 0.503825 -0.175125 0.267803 0.177134 -1.165454
0.581396 0.384613 0.396175 -0.751093 0.035288 -0.051627 0.151164 -0.221156 0.697100 0.584441 0.872226 0.316638 0.157898 -0.971217
0.581396 0.500000 0.396175 -0.359214 0.035288 -0.024691 0.151164 -0.105769 0.766826 0.710270 -0.105400 0.393632 0.166488 -0.610521
0.558139 0.576923 0.335221 -0.097968 0.029859 -0.006734 0.127907 -0.028846 0.802719 0.801946 0.908119 0.408313 0.194624 -0.221814
0.558139 0.653845 0.335221 0.163278 0.029859 0.011223 0.127907 0.048076 0.859670 0.864202 -0.048449 0.455888 0.257610 0.359534
0.534885 0.730768 0.274276 0.424525 0.024430 0.029180 0.104653 0.124999 0.905607 0.938949 0.954056 0.483060 0.318236 0.873764
0.511627 0.730768 0.213322 0.424525 0.019001 0.029180 0.081395 0.124999 0.892067 0.959988 -0.061989 0.476928 0.311363 0.993602
0.488373 0.807691 0.152378 0.685771 0.013572 0.047137 0.058141 0.201922 0.943860 1.026962 1.005849 0.550034 0.381910 1.290441
0.441861 0.846155 0.030479 0.816404 0.002715 0.056116 0.011630 0.240386 0.954578 1.089547 -0.051271 0.539513 0.416085 1.522455
0.441861 0.884613 0.030479 0.947017 0.002715 0.065093 0.011630 0.278844 0.988829 1.107551 1.040100 0.568038 0.454530 1.529114
0.418604 0.884613 -0.030475 0.947017 -0.002714 0.065093 -0.011628 0.278844 0.978657 1.128813 -0.061442 0.560775 0.454530 -1.529120
0.395350 0.923077 -0.091419 1.077650 -0.008143 0.074073 -0.034882 0.317309 1.004178 1.166138 1.065620 0.605363 0.494078 -1.461305
0.372092 0.961536 -0.152373 1.208264 -0.013572 0.083050 -0.058139 0.355767 1.031021 1.201567 -0.034600 0.596204 0.534476 -1.408808
0.348835 0.961536 -0.213327 1.208264 -0.019001 0.083050 -0.081397 0.355767 1.022857 1.222774 1.057457 0.626570 0.537503 -1.345875
0.325581 0.961536 -0.274272 1.208264 -0.024430 0.083050 -0.104651 0.355767 1.015162 1.244309 -0.042295 0.617739 0.541512 -1.284710
0.302323 0.961536 -0.335225 1.208264 -0.029859 0.083050 -0.127909 0.355767 1.007944 1.266166 1.050238 0.648427 0.546484 -1.225658
0.279069 0.961536 -0.396170 1.208264 -0.035287 0.083050 -0.151163 0.355767 1.001215 1.288324 -0.049024 0.639897 0.552389 -1.169017
0.255812 1.000000 -0.457124 1.338897 -0.040717 0.092029 -0.174420 0.394231 1.032201 1.320355 1.081225 0.680458 0.595868 -1.154255
0.232558 1.000000 -0.518068 1.338897 -0.046145 0.092029 -0.197674 0.394231 1.026685 1.342300 -0.054540 0.661842 0.603084 -1.106016
0.209300 1.000000 -0.579022 1.338897 -0.051574 0.092029 -0.220932 0.394231 1.021669 1.364474 1.076208 0.702632 0.611103 -1.059995
0.232558 1.000000 -0.518068 1.338897 -0.046145 0.092029 -0.197674 0.394231 1.026685 1.342300 -0.049523 0.639668 0.603084 -1.106016
0.279069 1.000000 -0.396170 1.338897 -0.035287 0.092029 -0.151163 0.394231 1.038210 1.298651 1.087733 0.658983 0.589479 -1.204650
0.372092 1.000000 -0.152373 1.338897 -0.013572 0.092029 -0.058139 0.394231 1.066983 1.214577 -0.020750 0.555594 0.572727 -1.424376
0.465115 1.000000 0.091424 1.338897 0.008143 0.092029 0.034884 0.394231 1.102875 1.135444 1.123624 0.579850 0.570835 1.482541
0.558139 1.000000 0.335221 1.338897 0.029859 0.092029 0.127907 0.394231 1.145216 1.061726 0.021591 0.481877 0.583949 1.257066
0.651162 1.000000 0.579018 1.338897 0.051574 0.092029 0.220930 0.394231 1.193320 0.993605 1.171728 0.511728 0.611102 1.059998
0.744185 1.000000 0.822815 1.338897 0.073289 0.092029 0.313953 0.394231 1.246520 0.931027 0.074791 0.419299 0.650540 0.898274
0.813954 1.000000 1.005667 1.338897 0.089576 0.092029 0.383722 0.394231 1.289388 0.887605 1.214596 0.468306 0.686934 0.798906
0.860465 1.000000 1.127565 1.338897 0.100434 0.092029 0.430234 0.394231 1.319242 0.860258 0.104646 0.391952 0.713958 0.741758
0.906977 1.000000 1.249464 1.338897 0.111291 0.092029 0.476745 0.394231 1.350040 0.834140 1.245394 0.442188 0.742914 0.690943
0.953488 1.000000 1.371362 1.338897 0.122149 0.092029 0.523257 0.394231 1.381716 0.809203 0.136323 0.367015 0.773585 0.645685
0.953488 0.961536 1.371362 1.208264 0.122149 0.083050 0.523257 0.355767 1.354139 0.789600 1.217816 0.422585 0.745709 0.597115
1.000000 0.884613 1.493261 0.947017 0.133007 0.065093 0.569768 0.278844 1.335118 0.724249 0.117302 0.301664 0.728765 0.455131
1.000000 0.846155 1.493261 0.816404 0.133007 0.056116 0.569768 0.240386 1.309953 0.702257 1.192651 0.400594 0.705427 0.399243
0.976742 0.769232 1.432307 0.555158 0.127577 0.038159 0.546511 0.163463 1.243279 0.667102 0.050628 0.266509 0.643114 0.290634
0.953488 0.730768 1.371362 0.424525 0.122149 0.029180 0.523257 0.124999 1.201317 0.653924 1.150688 0.387415 0.603423 0.234492
0.906977 0.692309 1.249464 0.293911 0.111291 0.020202 0.476745 0.086541 1.141008 0.651969 -0.009680 0.264553 0.544032 0.179569
0.883719 0.692309 1.188510 0.293911 0.105862 0.020202 0.453488 0.086541 1.122610 0.664539 1.132290 0.399986 0.523771 0.188566
0.860465 0.769232 1.127565 0.555158 0.100434 0.038159 0.430234 0.163463 1.154174 0.729475 0.021885 0.329489 0.547743 0.363095
0.860465 0.846155 1.127565 0.816404 0.100434 0.056116 0.430234 0.240386 1.206805 0.777013 1.184920 0.447524 0.598409 0.509524
0.883719 0.884613 1.188510 0.947017 0.105862 0.065093 0.453488 0.278844 1.250400 0.785904 0.065480 0.338379 0.641961 0.551295
0.906977 0.961536 1.249464 1.208264 0.111291 0.083050 0.476745 0.355767 1.321801 0.814589 1.256321 0.476210 0.713842 0.641091
0.930231 0.961536 1.310408 1.208264 0.116720 0.083050 0.499999 0.355767 1.337864 0.801945 0.081543 0.325735 0.729577 0.618426
