0.340425 0.833333 -0.399125 1.043006 -0.033936 0.081488 -0.126261 0.303181 0.900185 1.182975 0.900185 1.182975 0.387778 -1.176186
0.319150 0.833333 -0.466378 1.043006 -0.039654 0.081488 -0.147536 0.303181 0.892357 1.205048 -0.007828 0.022073 0.395218 -1.117904
0.297872 0.833333 -0.533640 1.043006 -0.045373 0.081488 -0.168814 0.303181 0.884970 1.227503 0.892798 1.205431 0.403644 -1.062739
0.255319 0.750000 -0.668155 0.756322 -0.056810 0.059090 -0.211368 0.219848 0.792267 1.242677 -0.100531 0.037246 0.353473 -0.805061
0.234044 0.708330 -0.735408 0.612969 -0.062529 0.047890 -0.232642 0.178178 0.745995 1.251673 0.846526 1.214427 0.335432 -0.653592
0.191491 0.666667 -0.869923 0.469638 -0.073966 0.036692 -0.275196 0.136514 0.693623 1.291090 -0.152902 0.076663 0.340183 -0.460493
0.170212 0.624997 -0.937185 0.326285 -0.079685 0.025492 -0.296474 0.094845 0.647760 1.304904 0.800663 1.228241 0.336094 -0.309620
0.148938 0.541664 -1.004438 0.039601 -0.085403 0.003094 -0.317749 0.011511 0.561767 1.302464 -0.238896 0.074224 0.326475 -0.036212
0.127659 0.458330 -1.071700 -0.247083 -0.091122 -0.019304 -0.339027 -0.071822 0.475777 1.299150 0.714673 1.224926 0.339130 0.208761
0.106384 0.374997 -1.138953 -0.533767 -0.096840 -0.041702 -0.360302 -0.155155 0.389795 1.294365 -0.324878 0.069439 0.371785 0.406627
0.106384 0.291664 -1.138953 -0.820451 -0.096840 -0.064100 -0.360302 -0.238489 0.310460 1.221042 0.635337 1.151602 0.400563 0.584705
0.106384 0.166667 -1.138953 -1.250467 -0.096840 -0.097696 -0.360302 -0.363486 0.197726 1.002685 -0.437612 -0.148917 0.468859 0.789797
0.148938 0.124997 -1.004438 -1.393819 -0.085403 -0.108896 -0.317749 -0.405155 0.194439 0.698224 0.632051 0.847141 0.466600 0.905725
0.170212 0.041664 -0.937185 -1.680504 -0.079685 -0.131294 -0.296474 -0.488489 0.175237 0.240054 -0.456814 -0.607087 0.518209 1.025304
0.212766 0.000000 -0.802670 -1.823835 -0.068248 -0.142492 -0.253921 -0.530152 0.212766 0.000000 0.669579 0.607087 0.531293 1.124124
0.276597 0.000000 -0.600893 -1.823835 -0.051091 -0.142492 -0.190089 -0.530152 0.276597 0.000000 -0.392982 -0.607087 0.503915 1.226520
0.297872 0.000000 -0.533640 -1.823835 -0.045373 -0.142492 -0.168814 -0.530152 0.297872 0.000000 0.690854 0.607087 0.496281 1.262522
0.340425 0.000000 -0.399125 -1.823835 -0.033936 -0.142492 -0.126261 -0.530152 0.340425 0.000000 -0.350429 -0.607087 0.483465 1.336992
0.361703 0.041664 -0.331863 -1.680504 -0.028217 -0.131294 -0.104983 -0.488489 0.364095 0.114682 0.714524 0.721769 0.437796 1.359102
0.382981 0.083333 -0.264600 -1.537151 -0.022498 -0.120094 -0.083705 -0.446819 0.391943 0.214251 -0.322581 -0.507517 0.392385 1.385608
0.382981 0.124997 -0.264600 -1.393819 -0.022498 -0.108896 -0.083705 -0.405155 0.402863 0.315478 0.725445 0.822996 0.351793 1.367063
0.404256 0.166667 -0.197348 -1.250467 -0.016780 -0.097696 -0.062430 -0.363486 0.437265 0.391047 -0.288179 -0.431948 0.306446 1.400702
0.425534 0.166667 -0.130085 -1.250467 -0.011061 -0.097696 -0.041152 -0.363486 0.457009 0.373300 0.745188 0.805248 0.302829 1.458062
0.446809 0.166667 -0.062833 -1.250467 -0.005342 -0.097696 -0.019877 -0.363486 0.476882 0.357029 -0.268306 -0.448219 0.300677 1.516167
0.489363 0.166667 0.071682 -1.250467 0.006095 -0.097696 0.022676 -0.363486 0.516966 0.328258 0.785272 0.776476 0.300875 -1.508491
0.510641 0.124997 0.138945 -1.393819 0.011814 -0.108896 0.043954 -0.405155 0.525717 0.240064 -0.259555 -0.536412 0.344505 -1.462731
0.553194 0.124997 0.273460 -1.393819 0.023251 -0.108896 0.086508 -0.405155 0.567140 0.222223 0.826695 0.758636 0.352470 -1.360438
0.574469 0.083333 0.340712 -1.537151 0.028969 -0.120094 0.107783 -0.446819 0.580482 0.144057 -0.246214 -0.614579 0.398217 -1.334096
0.617022 0.083333 0.475227 -1.537151 0.040407 -0.120094 0.150336 -0.446819 0.622624 0.134245 0.868837 0.748824 0.411777 -1.246237
0.638300 0.083333 0.542490 -1.537151 0.046126 -0.120094 0.171614 -0.446819 0.643717 0.129821 -0.225121 -0.619003 0.420013 -1.204090
0.659575 0.124997 0.609742 -1.393819 0.051844 -0.108896 0.192889 -0.405155 0.671315 0.187290 0.896435 0.806293 0.392374 -1.126462
0.659575 0.166667 0.609742 -1.250467 0.051844 -0.097696 0.192889 -0.363486 0.680307 0.247507 -0.216129 -0.558786 0.356676 -1.082919
0.659575 0.250000 0.609742 -0.963783 0.051844 -0.075298 0.192889 -0.280152 0.705365 0.362301 0.921493 0.921087 0.290102 -0.967821
0.659575 0.333333 0.609742 -0.677098 0.051844 -0.052900 0.192889 -0.196819 0.739020 0.467939 -0.182473 -0.453148 0.234497 -0.795483
0.617022 0.500000 0.475227 -0.103730 0.040407 -0.008104 0.150336 -0.030152 0.794176 0.681017 0.976650 1.134165 0.153983 -0.197940
0.595747 0.583333 0.407975 0.182954 0.034688 0.014294 0.129061 0.053181 0.833782 0.774870 -0.142868 -0.359294 0.173963 0.390861
0.553194 0.624997 0.273460 0.326285 0.023251 0.025492 0.086508 0.094845 0.834652 0.846266 0.977520 1.205561 0.180405 0.831337
0.510641 0.708330 0.138945 0.612969 0.011814 0.047890 0.043954 0.178178 0.873204 0.946176 -0.104316 -0.259385 0.245609 1.328937
0.468088 0.750000 0.004430 0.756322 0.000377 0.059090 0.001401 0.219848 0.884085 1.012832 0.988401 1.272217 0.283317 1.564422
0.425534 0.750000 -0.130085 0.756322 -0.011061 0.059090 -0.041152 0.219848 0.862311 1.054708 -0.126090 -0.217509 0.286287 -1.385754
0.319150 0.791664 -0.466378 0.899653 -0.039654 0.070288 -0.147536 0.261511 0.853574 1.187587 0.979664 1.405097 0.356899 -1.057141
0.255319 0.791664 -0.668155 0.899653 -0.056810 0.070288 -0.211368 0.261511 0.831817 1.258819 -0.147847 -0.146278 0.387668 -0.891043
0.212766 0.791664 -0.802670 0.899653 -0.068248 0.070288 -0.253921 0.261511 0.819756 1.308243 0.967604 1.454520 0.412415 -0.800124
0.170212 0.791664 -0.937185 0.899653 -0.079685 0.070288 -0.296474 0.261511 0.809755 1.359014 -0.157848 -0.095506 0.439894 -0.722821
0.127659 0.791664 -1.071700 0.899653 -0.091122 0.070288 -0.339027 0.261511 0.801890 1.410918 0.959739 1.506424 0.469627 -0.657031
0.085106 0.791664 -1.206215 0.899653 -0.102559 0.070288 -0.381580 0.261511 0.796225 1.463705 -0.163514 -0.042720 0.501212 -0.600818
0.042553 0.750000 -1.340730 0.756322 -0.113997 0.059090 -0.424133 0.219848 0.751206 1.514120 0.914720 1.556839 0.510054 -0.478216
0.021278 0.750000 -1.407983 0.756322 -0.119715 0.059090 -0.445408 0.219848 0.750302 1.542433 -0.164418 -0.014406 0.527878 -0.458504
0.000000 0.708330 -1.475245 0.612969 -0.125434 0.047890 -0.466686 0.178178 0.708330 1.570796 0.872748 1.585202 0.525536 -0.364713
0.021278 0.708330 -1.407983 0.612969 -0.119715 0.047890 -0.445408 0.178178 0.708650 1.540765 -0.164099 -0.044437 0.506735 -0.380535
0.063831 0.708330 -1.273468 0.612969 -0.108278 0.047890 -0.402855 0.178178 0.711200 1.480924 0.875299 1.525361 0.469770 -0.416422
0.170212 0.750000 -0.937185 0.756322 -0.079685 0.059090 -0.296474 0.219848 0.769072 1.347627 -0.106227 -0.177734 0.410077 -0.638066
0.255319 0.791664 -0.668155 0.899653 -0.056810 0.070288 -0.211368 0.261511 0.831817 1.258819 0.938043 1.436553 0.387668 -0.891043
0.340425 0.833333 -0.399125 1.043006 -0.033936 0.081488 -0.126261 0.303181 0.900185 1.182975 -0.037858 -0.253578 0.387778 -1.176186
0.425534 0.874997 -0.130085 1.186337 -0.011061 0.092686 -0.041152 0.344845 0.972985 1.118147 1.010843 1.371725 0.410379 -1.452024
0.510641 0.916667 0.138945 1.329690 0.011814 0.103886 0.043954 0.386514 1.049301 1.062547 0.038458 -0.309178 0.452122 1.457563
0.574469 0.916667 0.340712 1.329690 0.028969 0.103886 0.107783 0.386514 1.081800 1.010980 1.043342 1.320158 0.462709 1.298847
0.680853 1.000000 0.677005 1.616374 0.057563 0.126284 0.214167 0.469848 1.209777 0.973036 0.166435 -0.347122 0.574710 1.143111
0.723406 1.000000 0.811520 1.616374 0.069000 0.126284 0.256720 0.469848 1.234227 0.944534 1.067792 1.291655 0.591886 1.070729
0.787234 1.000000 1.013287 1.616374 0.086156 0.126284 0.320548 0.469848 1.272689 0.903888 0.204897 -0.387767 0.622234 0.972091
0.829788 1.000000 1.147802 1.616374 0.097593 0.126284 0.363101 0.469848 1.299441 0.878154 1.094544 1.265922 0.645187 0.912858
0.851066 1.000000 1.215065 1.616374 0.103312 0.126284 0.384379 0.469848 1.313131 0.865684 0.218587 -0.400238 0.657397 0.885120
0.914894 0.958336 1.416832 1.473043 0.120467 0.115086 0.448208 0.428184 1.324930 0.808585 1.106343 1.208823 0.665289 0.762555
0.957447 0.833333 1.551347 1.043006 0.131905 0.081488 0.490761 0.303181 1.269310 0.716202 0.162967 -0.492621 0.612598 0.553389
0.978725 0.750000 1.618610 0.756322 0.137624 0.059090 0.512039 0.219848 1.233046 0.653854 1.070079 1.146475 0.585193 0.405556
1.000000 0.583333 1.685862 0.182954 0.143342 0.014294 0.533314 0.053181 1.157704 0.528074 0.087625 -0.618400 0.545921 0.099390
1.000000 0.541664 1.685862 0.039601 0.143342 0.003094 0.533314 0.011511 1.137277 0.496420 1.049652 1.114821 0.538558 0.021581
0.978725 0.500000 1.618610 -0.103730 0.137624 -0.008104 0.512039 -0.030152 1.099046 0.472305 0.049394 -0.642516 0.513121 -0.058819
0.914894 0.416667 1.416832 -0.390414 0.120467 -0.030502 0.448208 -0.113486 1.005307 0.427357 0.955913 1.069873 0.450990 -0.247987
0.872341 0.416667 1.282317 -0.390414 0.109030 -0.030502 0.405654 -0.113486 0.966742 0.445602 0.010829 -0.624271 0.408727 -0.272786
0.829788 0.416667 1.147802 -0.390414 0.097593 -0.030502 0.363101 -0.113486 0.928525 0.465355 0.917696 1.089627 0.366530 -0.302926
0.787234 0.458330 1.013287 -0.247083 0.086156 -0.019304 0.320548 -0.071822 0.910936 0.527231 -0.006760 -0.562396 0.320657 -0.220420
0.765959 0.500000 0.946035 -0.103730 0.080437 -0.008104 0.299273 -0.030152 0.914710 0.578324 0.921470 1.140720 0.301122 -0.100413
0.808513 0.624997 1.080550 0.326285 0.091875 0.025492 0.341826 0.094845 1.021917 0.658072 0.100447 -0.482648 0.376706 0.270656
0.851066 0.666667 1.215065 0.469638 0.103312 0.036692 0.384379 0.136514 1.081091 0.664494 0.980644 1.147143 0.433289 0.341260
0.893619 0.708330 1.349580 0.612969 0.114749 0.047890 0.426933 0.178178 1.140301 0.670245 0.159657 -0.476897 0.490574 0.395368
