0.385966 0.888886 -0.343447 1.150196 -0.034504 0.093257 -0.121081 0.327260 0.969066 1.161148 0.969066 1.161148 0.400577 -1.216431
0.368421 0.888886 -0.393214 1.150196 -0.039503 0.093257 -0.138626 0.327260 0.962213 1.177874 -0.006853 0.016726 0.406225 -1.170116
0.350878 0.925926 -0.442974 1.280377 -0.044502 0.103812 -0.156168 0.364300 0.990179 1.208568 0.997033 1.191842 0.447044 -1.165813
0.333333 0.925926 -0.492741 1.280377 -0.049502 0.103812 -0.173713 0.364300 0.984099 1.225241 -0.012934 0.033399 0.453471 -1.125847
0.298246 0.925926 -0.592267 1.280377 -0.059501 0.103812 -0.208801 0.364300 0.972774 1.259185 0.985708 1.225786 0.468036 -1.050349
0.263158 0.851852 -0.691793 1.020035 -0.069499 0.082704 -0.243889 0.290226 0.891574 1.271172 -0.094134 0.045386 0.422342 -0.871938
0.228071 0.777778 -0.791320 0.759694 -0.079498 0.061596 -0.278976 0.216152 0.810528 1.285559 0.904662 1.240173 0.388746 -0.659189
0.210528 0.703705 -0.841079 0.499352 -0.084497 0.040487 -0.296519 0.142079 0.734522 1.280100 -0.170140 0.039927 0.355806 -0.446833
0.175441 0.555557 -0.940606 -0.021331 -0.094496 -0.001729 -0.331606 -0.006069 0.582600 1.264915 0.752740 1.224988 0.335136 0.018300
0.175441 0.333330 -0.940606 -0.802375 -0.094496 -0.065056 -0.331606 -0.228296 0.376680 1.086309 -0.376060 -0.138679 0.374353 0.602936
0.192983 0.222222 -0.890846 -1.192877 -0.089497 -0.096718 -0.314064 -0.339404 0.294321 0.855702 0.670381 0.994380 0.423983 0.824157
0.228071 0.111108 -0.791320 -1.583399 -0.079498 -0.128381 -0.278976 -0.450518 0.253695 0.453327 -0.416686 -0.541053 0.484350 1.016354
0.298246 0.037034 -0.592267 -1.843741 -0.059501 -0.149490 -0.208801 -0.524592 0.300536 0.123541 0.717222 0.664594 0.514305 1.191993
0.333333 0.037034 -0.492741 -1.843741 -0.049502 -0.149490 -0.173713 -0.524592 0.335384 0.110649 -0.381838 -0.553946 0.501087 1.251021
0.368421 0.037034 -0.393214 -1.843741 -0.039503 -0.149490 -0.138626 -0.524592 0.370278 0.100185 0.752115 0.654130 0.490030 1.312447
0.385966 0.074074 -0.343447 -1.713560 -0.034504 -0.138935 -0.121081 -0.487552 0.393010 0.189613 -0.359106 -0.464518 0.449584 1.327377
0.403508 0.148148 -0.293688 -1.453219 -0.029505 -0.117826 -0.103538 -0.413478 0.429845 0.351870 0.788951 0.816388 0.373535 1.325434
0.421054 0.148148 -0.243921 -1.453219 -0.024505 -0.117826 -0.085993 -0.413478 0.446356 0.338322 -0.342594 -0.478066 0.369057 1.365744
0.438596 0.185182 -0.194161 -1.323058 -0.019506 -0.107273 -0.068451 -0.376444 0.476087 0.399509 0.818682 0.877575 0.329063 1.390927
0.438596 0.222222 -0.194161 -1.192877 -0.019506 -0.096718 -0.068451 -0.339404 0.491680 0.468966 -0.327002 -0.408609 0.292935 1.371787
0.456141 0.222222 -0.144394 -1.192877 -0.014506 -0.096718 -0.050906 -0.339404 0.507393 0.453337 0.834394 0.861946 0.289338 1.421921
0.473684 0.185182 -0.094635 -1.323058 -0.009507 -0.107273 -0.033363 -0.376444 0.508595 0.372672 -0.325800 -0.489274 0.323589 1.482400
0.491229 0.148148 -0.044868 -1.453219 -0.004508 -0.117826 -0.015818 -0.413478 0.513082 0.292911 0.838882 0.782186 0.359247 1.532559
0.526316 0.074074 0.054658 -1.713560 0.005491 -0.138935 0.019270 -0.487552 0.531503 0.139822 -0.307379 -0.642364 0.433402 -1.531294
0.561404 0.037034 0.154185 -1.843741 0.015490 -0.149490 0.054357 -0.524592 0.562624 0.065872 0.870003 0.708235 0.473145 -1.467547
0.596492 0.000000 0.253711 -1.973902 0.025489 -0.160043 0.089445 -0.561626 0.596492 0.000000 -0.273511 -0.708235 0.514876 -1.412862
0.666667 0.037034 0.452764 -1.843741 0.045486 -0.149490 0.159620 -0.524592 0.667695 0.055494 0.941206 0.763729 0.496377 -1.275423
0.684212 0.111108 0.502531 -1.583399 0.050486 -0.128381 0.177165 -0.450518 0.693174 0.160983 -0.248031 -0.602746 0.433768 -1.196125
0.684212 0.222222 0.502531 -1.192877 0.050486 -0.096718 0.177165 -0.339404 0.719394 0.314037 0.967426 0.916784 0.335429 -1.089713
0.666667 0.333330 0.452764 -0.802375 0.045486 -0.065056 0.159620 -0.228296 0.745354 0.463643 -0.222071 -0.453141 0.235916 -0.960622
0.561404 0.555557 0.154185 -0.021331 0.015490 -0.001729 0.054357 -0.006069 0.789821 0.780163 1.011893 1.233304 0.072855 -0.111193
0.491229 0.629631 -0.044868 0.239011 -0.004508 0.019379 -0.015818 0.068005 0.798587 0.908255 -0.213306 -0.325049 0.123600 -1.342258
0.403508 0.703705 -0.293688 0.499352 -0.029505 0.040487 -0.103538 0.142079 0.811184 1.050161 1.024490 1.375210 0.222249 -0.941041
0.315791 0.777778 -0.542500 0.759694 -0.054501 0.061596 -0.191256 0.216152 0.839442 1.185114 -0.185048 -0.190096 0.331473 -0.846432
0.140353 0.888886 -1.040132 1.150196 -0.104495 0.093257 -0.366694 0.327260 0.899899 1.414192 1.084947 1.604288 0.529401 -0.728635
0.070178 0.925926 -1.239185 1.280377 -0.124492 0.103812 -0.436869 0.364300 0.928582 1.495149 -0.156365 -0.109139 0.605239 -0.695066
0.035090 0.925926 -1.338711 1.280377 -0.134491 0.103812 -0.471957 0.364300 0.926591 1.532917 1.082956 1.642056 0.631033 -0.657366
0.000000 0.962960 -1.438245 1.410537 -0.144490 0.114366 -0.507047 0.401334 0.962960 1.570796 -0.119995 -0.071259 0.681875 -0.669545
0.017545 0.962960 -1.388478 1.410537 -0.139490 0.114366 -0.489502 0.401334 0.963120 1.552578 1.083116 1.623838 0.668931 -0.686748
0.157895 0.962960 -0.990373 1.410537 -0.099496 0.114366 -0.349151 0.401334 0.975819 1.408274 -0.107296 -0.215564 0.574251 -0.854819
0.245616 0.962960 -0.741553 1.410537 -0.074498 0.114366 -0.261431 0.401334 0.993791 1.321058 1.101087 1.536622 0.525550 -0.993434
0.350878 0.962960 -0.442974 1.410537 -0.044502 0.114366 -0.156168 0.401334 1.024894 1.221373 -0.076192 -0.315249 0.481919 -1.199702
0.438596 0.962960 -0.194161 1.410537 -0.019506 0.114366 -0.068451 0.401334 1.058139 1.143406 1.134332 1.458654 0.461023 -1.401864
0.614037 0.962960 0.303478 1.410537 0.030488 0.114366 0.106990 0.401334 1.142074 1.003148 0.007742 -0.455506 0.468299 1.310270
0.684212 1.000000 0.502531 1.540718 0.050486 0.124921 0.177165 0.438374 1.211671 0.970745 1.203928 1.426251 0.523823 1.186725
0.754387 1.000000 0.701584 1.540718 0.070483 0.124921 0.247340 0.438374 1.252637 0.924493 0.048709 -0.501758 0.551525 1.057100
0.842105 1.000000 0.950396 1.540718 0.095479 0.124921 0.335058 0.438374 1.307341 0.870904 1.258632 1.372662 0.596042 0.918194
0.877192 0.962960 1.049922 1.410537 0.105478 0.114366 0.370145 0.401334 1.302597 0.831974 0.043965 -0.540688 0.587252 0.825804
0.929825 0.888886 1.199216 1.150196 0.120477 0.093257 0.422778 0.327260 1.286349 0.762892 1.242384 1.303580 0.569687 0.658730
0.947367 0.851852 1.248975 1.020035 0.125475 0.082704 0.440321 0.290226 1.274032 0.732361 0.031648 -0.571219 0.559261 0.582763
0.964912 0.777778 1.298742 0.759694 0.130475 0.061596 0.457866 0.216152 1.239353 0.678426 1.207705 1.249645 0.531918 0.441069
0.982455 0.592591 1.348501 0.108830 0.135474 0.008824 0.475408 0.030965 1.147337 0.542750 -0.060368 -0.706895 0.483043 0.065042
1.000000 0.481483 1.398268 -0.281672 0.140474 -0.022838 0.492953 -0.080143 1.109876 0.448725 1.170245 1.155620 0.493616 -0.161167
0.982455 0.407403 1.348501 -0.542033 0.135474 -0.043948 0.475408 -0.154222 1.063577 0.393096 -0.106668 -0.762524 0.485738 -0.313689
0.947367 0.370369 1.248975 -0.672194 0.125475 -0.054501 0.440321 -0.191257 1.017191 0.372677 1.123859 1.135200 0.461045 -0.409770
0.859650 0.333330 1.000163 -0.802375 0.100479 -0.065056 0.352603 -0.228296 0.922012 0.369902 -0.201847 -0.765298 0.393073 -0.574588
0.824562 0.407403 0.900636 -0.542033 0.090480 -0.043948 0.317515 -0.154222 0.919717 0.458904 1.121565 1.224202 0.332783 -0.452156
0.789475 0.555557 0.801110 -0.021331 0.080482 -0.001729 0.282428 -0.006069 0.965357 0.613208 -0.156208 -0.610995 0.286564 -0.021486
0.789475 0.629631 0.801110 0.239011 0.080482 0.019379 0.282428 0.068005 1.009804 0.673234 1.166013 1.284228 0.307883 0.236288
0.877192 0.740739 1.049922 0.629513 0.105478 0.051041 0.370145 0.179113 1.148111 0.701259 -0.017901 -0.582969 0.437744 0.450683
0.929825 0.740739 1.199216 0.629513 0.120477 0.051041 0.422778 0.179113 1.188809 0.672691 1.206711 1.255660 0.483066 0.400732
