0.382978 0.807691 -0.205242 0.854849 -0.019782 0.070696 -0.073286 0.261904 0.893888 1.128030 0.893888 1.128030 0.358987 -1.297956
0.361700 0.807691 -0.264833 0.854849 -0.025526 0.070696 -0.094564 0.261904 0.884981 1.149757 -0.008908 0.021727 0.363927 -1.224300
0.361700 0.846155 -0.264833 0.980395 -0.025526 0.081078 -0.094564 0.300368 0.920220 1.166841 0.929127 1.145114 0.401195 -1.265794
0.319147 0.884613 -0.384007 1.105923 -0.037012 0.091459 -0.137117 0.338826 0.940423 1.224554 0.011295 0.079440 0.449760 -1.186260
0.276594 0.884613 -0.503180 1.105923 -0.048498 0.091459 -0.179670 0.338826 0.926847 1.267755 0.915551 1.188315 0.464505 -1.083226
0.234041 0.846155 -0.622354 0.980395 -0.059985 0.081078 -0.222223 0.300368 0.877925 1.300950 -0.037626 0.112635 0.448774 -0.933832
0.191487 0.769232 -0.741527 0.729321 -0.071471 0.060315 -0.264776 0.223445 0.792708 1.326822 0.830334 1.214187 0.409946 -0.700943
0.148934 0.653845 -0.860701 0.352700 -0.082957 0.029168 -0.307329 0.108058 0.670593 1.346835 -0.159740 0.132648 0.365363 -0.338103
0.106381 0.576923 -0.979874 0.101626 -0.094444 0.008404 -0.349882 0.031136 0.586649 1.388450 0.746389 1.255802 0.370103 -0.088755
0.085106 0.461536 -1.039456 -0.274994 -0.100187 -0.022742 -0.371157 -0.084251 0.469317 1.388447 -0.277072 0.132644 0.371195 0.223213
0.063828 0.307691 -1.099048 -0.777143 -0.105930 -0.064269 -0.392436 -0.238096 0.314241 1.366255 0.591313 1.233610 0.419618 0.545342
0.063828 0.230768 -1.099048 -1.028217 -0.105930 -0.085033 -0.392436 -0.315019 0.239432 1.300953 -0.351881 0.067342 0.452608 0.676402
0.106381 0.038464 -0.979874 -1.655893 -0.094444 -0.136942 -0.349882 -0.507323 0.113121 0.346944 0.465002 0.279602 0.544953 0.967041
0.148934 0.000000 -0.860701 -1.781439 -0.082957 -0.147324 -0.307329 -0.545787 0.148934 0.000000 -0.316068 -0.279602 0.550116 1.057956
0.191487 0.000000 -0.741527 -1.781439 -0.071471 -0.147324 -0.264776 -0.545787 0.191487 0.000000 0.507556 0.279602 0.527525 1.119118
0.234041 0.000000 -0.622354 -1.781439 -0.059985 -0.147324 -0.222223 -0.545787 0.234041 0.000000 -0.273515 -0.279602 0.507503 1.184132
0.297872 0.076923 -0.443589 -1.530365 -0.042755 -0.126561 -0.158392 -0.468864 0.307644 0.252719 0.581159 0.532322 0.411081 1.245013
0.340425 0.115387 -0.324415 -1.404819 -0.031268 -0.116178 -0.115839 -0.430400 0.359449 0.326796 -0.221710 -0.205525 0.360022 1.307885
0.361700 0.153845 -0.264833 -1.279291 -0.025526 -0.105797 -0.094564 -0.391942 0.393059 0.402158 0.614769 0.607683 0.316858 1.334051
0.361700 0.192309 -0.264833 -1.153744 -0.025526 -0.095414 -0.094564 -0.353477 0.409646 0.488671 -0.205123 -0.119012 0.280382 1.309394
0.382978 0.192309 -0.205242 -1.153744 -0.019782 -0.095414 -0.073286 -0.353477 0.428550 0.465360 0.633673 0.584372 0.273939 1.366365
0.404253 0.192309 -0.145660 -1.153744 -0.014039 -0.095414 -0.052011 -0.353477 0.447664 0.444032 -0.186009 -0.140340 0.269030 1.424705
0.425531 0.153845 -0.086069 -1.279291 -0.008296 -0.105797 -0.030732 -0.391942 0.452488 0.346916 0.638497 0.487256 0.303976 1.492546
0.446806 0.076923 -0.026486 -1.530365 -0.002553 -0.126561 -0.009457 -0.468864 0.453379 0.170490 -0.185117 -0.316766 0.379459 1.550628
0.489359 0.038464 0.092687 -1.655893 0.008934 -0.136942 0.033096 -0.507323 0.490869 0.078440 0.675986 0.395206 0.419108 -1.505653
0.553191 0.000000 0.271452 -1.781439 0.026164 -0.147324 0.096927 -0.545787 0.553191 0.000000 -0.122795 -0.395206 0.466445 -1.395038
0.595744 0.000000 0.390625 -1.781439 0.037650 -0.147324 0.139480 -0.545787 0.595744 0.000000 0.718539 0.395206 0.477107 -1.320594
0.617022 0.000000 0.450217 -1.781439 0.043394 -0.147324 0.160758 -0.545787 0.617022 0.000000 -0.101517 -0.395206 0.483756 -1.284353
0.638297 0.076923 0.509799 -1.530365 0.049136 -0.126561 0.182033 -0.468864 0.642915 0.119934 0.744432 0.515140 0.420756 -1.200466
0.638297 0.192309 0.509799 -1.153744 0.049136 -0.095414 0.182033 -0.353477 0.666638 0.292636 -0.077795 -0.222504 0.320637 -1.095238
0.595744 0.423077 0.390625 -0.400522 0.037650 -0.033123 0.139480 -0.122710 0.730688 0.617517 0.808483 0.840021 0.143374 -0.721522
0.553191 0.538458 0.271452 -0.023920 0.026164 -0.001978 0.096927 -0.007329 0.771983 0.771904 -0.036500 -0.068117 0.127086 -0.075465
0.510637 0.615381 0.152278 0.227154 0.014677 0.018786 0.054374 0.069594 0.799653 0.878152 0.836153 0.946270 0.168151 0.907562
0.382978 0.769232 -0.205242 0.729321 -0.019782 0.060315 -0.073286 0.223445 0.859296 1.108854 0.023144 0.162584 0.321434 -1.253872
0.319147 0.807691 -0.384007 0.854849 -0.037012 0.070696 -0.137117 0.261904 0.868458 1.194491 0.845314 1.031907 0.377229 -1.088495
0.255319 0.846155 -0.562762 0.980395 -0.054241 0.081078 -0.200945 0.300368 0.883836 1.277744 0.038522 0.245837 0.438627 -0.981183
0.170212 0.884613 -0.801109 1.105923 -0.077214 0.091459 -0.286051 0.338826 0.900840 1.380705 0.862318 1.134868 0.515081 -0.869655
0.063828 0.923077 -1.099048 1.231469 -0.105930 0.101842 -0.392436 0.377290 0.925282 1.501759 0.062963 0.366891 0.609853 -0.765725
0.021275 0.923077 -1.218221 1.231469 -0.117417 0.101842 -0.434989 0.377290 0.923323 1.547753 0.860359 1.180861 0.638068 -0.714485
0.000000 0.923077 -1.277803 1.231469 -0.123159 0.101842 -0.456264 0.377290 0.923077 1.570796 0.062718 0.389935 0.652757 -0.690937
0.000000 0.961536 -1.277803 1.356997 -0.123159 0.112223 -0.456264 0.415749 0.961536 1.570796 0.898818 1.180861 0.680791 -0.738970
0.063828 0.961536 -1.099048 1.356997 -0.105930 0.112223 -0.392436 0.415749 0.963652 1.504512 0.064834 0.323651 0.639770 -0.814237
0.127659 1.000000 -0.920283 1.482544 -0.088700 0.122606 -0.328604 0.454213 1.008116 1.443824 0.943281 1.120173 0.635319 -0.944499
0.234041 1.000000 -0.622354 1.482544 -0.059985 0.122606 -0.222223 0.454213 1.027022 1.340894 0.083741 0.220721 0.587395 -1.115787
0.319147 1.000000 -0.384007 1.482544 -0.037012 0.122606 -0.137117 0.454213 1.049693 1.261868 0.965951 1.041147 0.560759 -1.277618
0.510637 1.000000 0.152278 1.482544 0.014677 0.122606 0.054374 0.454213 1.122832 1.098675 0.156880 0.057528 0.546448 1.451653
0.574466 1.000000 0.331034 1.482544 0.031906 0.122606 0.118202 0.454213 1.153261 1.049364 0.996381 0.991836 0.556436 1.316209
0.638297 1.000000 0.509799 1.482544 0.049136 0.122606 0.182033 0.454213 1.186349 1.002692 0.189968 0.010857 0.573398 1.189630
0.723403 0.961536 0.748146 1.356997 0.072109 0.112223 0.267139 0.415749 1.203272 0.925798 1.013304 0.914942 0.571545 0.999676
0.765956 0.961536 0.867319 1.356997 0.083595 0.112223 0.309693 0.415749 1.229325 0.898134 0.216021 -0.016808 0.592629 0.930565
0.829788 0.884613 1.046084 1.105923 0.100825 0.091459 0.373524 0.338826 1.212884 0.817367 0.996863 0.834174 0.568334 0.736728
0.851062 0.846155 1.105666 0.980395 0.106568 0.081078 0.394799 0.300368 1.200119 0.782507 0.203256 -0.051668 0.554870 0.650385
0.936169 0.692304 1.344013 0.478228 0.129541 0.039549 0.479905 0.146517 1.164344 0.636752 0.961088 0.688420 0.534812 0.296315
0.957447 0.615381 1.403605 0.227154 0.135284 0.018786 0.501183 0.069594 1.138156 0.571248 0.177068 -0.117171 0.525836 0.137977
0.978722 0.538458 1.463187 -0.023920 0.141027 -0.001978 0.522458 -0.007329 1.117065 0.502970 0.939997 0.620141 0.528884 -0.014026
1.000000 0.461536 1.522778 -0.274994 0.146771 -0.022742 0.543736 -0.084251 1.101370 0.432406 0.161372 -0.187736 0.543762 -0.153726
0.978722 0.346155 1.463187 -0.651596 0.141027 -0.053887 0.522458 -0.199632 1.038133 0.339950 0.876760 0.527685 0.533935 -0.364982
0.957447 0.307691 1.403605 -0.777143 0.135284 -0.064269 0.501183 -0.238096 1.005673 0.310941 0.128913 -0.216744 0.522741 -0.443504
0.872341 0.307691 1.165258 -0.777143 0.112312 -0.064269 0.416077 -0.238096 0.925014 0.339094 0.796102 0.555839 0.441808 -0.519759
0.872341 0.346155 1.165258 -0.651596 0.112312 -0.053887 0.416077 -0.199632 0.938510 0.377755 0.142408 -0.178084 0.430400 -0.447354
0.893616 0.576923 1.224840 0.101626 0.118054 0.008404 0.437352 0.031136 1.063667 0.573279 0.921259 0.751363 0.453691 0.071071
0.957447 0.653845 1.403605 0.352700 0.135284 0.029168 0.501183 0.108058 1.159404 0.599160 0.238145 -0.152203 0.538724 0.212356
1.000000 0.730768 1.522778 0.603775 0.146771 0.049932 0.543736 0.184981 1.238556 0.631079 1.000411 0.783281 0.609099 0.327921
