0.275001 0.772724 -0.584082 0.553852 -0.079729 0.069727 -0.197499 0.172724 0.820200 1.228888 0.820200 1.228888 0.359361 -0.718578
0.149999 0.681815 -0.953760 0.262345 -0.130191 0.033028 -0.322500 0.081815 0.698120 1.354246 -0.122080 0.125357 0.384473 -0.248448
0.075002 0.363636 -1.175558 -0.757917 -0.160467 -0.095418 -0.397498 -0.236364 0.371291 1.367394 0.493370 1.242037 0.412136 0.536460
0.100000 0.090909 -1.101629 -1.632437 -0.150376 -0.205516 -0.372500 -0.509091 0.135146 0.737817 -0.358225 -0.504220 0.533262 0.939113
0.199999 0.000000 -0.805891 -1.923944 -0.110007 -0.242216 -0.272501 -0.600000 0.199999 0.000000 0.558224 0.504220 0.545447 1.144482
0.299999 0.136360 -0.510153 -1.486695 -0.069637 -0.187168 -0.172501 -0.463640 0.329535 0.426619 -0.228689 -0.077600 0.377818 1.214607
0.325001 0.227269 -0.436213 -1.195188 -0.059544 -0.150469 -0.147499 -0.372731 0.396581 0.610248 0.625270 0.687849 0.286171 1.193980
0.349999 0.181818 -0.362284 -1.340930 -0.049453 -0.168817 -0.122501 -0.418182 0.394407 0.479112 -0.230863 -0.208737 0.315440 1.285831
0.425000 0.045451 -0.140475 -1.778201 -0.019175 -0.223868 -0.047500 -0.554549 0.427424 0.106539 0.658287 0.315276 0.429682 1.485351
0.549998 0.045451 0.229192 -1.778201 0.031285 -0.223868 0.077498 -0.554549 0.551873 0.082451 -0.106414 -0.232824 0.434024 -1.431946
0.625000 0.136360 0.451002 -1.486695 0.061563 -0.187168 0.152500 -0.463640 0.639702 0.214810 0.746116 0.447635 0.369115 -1.253024
0.625000 0.409087 0.451002 -0.612175 0.061563 -0.077070 0.152500 -0.190913 0.746979 0.579560 0.000863 0.131926 0.165158 -0.896791
0.575000 0.681815 0.303133 0.262345 0.041379 0.033028 0.102500 0.081815 0.891906 0.870183 0.891043 0.738257 0.233064 0.673638
0.475000 0.772724 0.007394 0.553852 0.001009 0.069727 0.002500 0.172724 0.907043 1.019632 0.016000 0.281374 0.300234 1.556322
0.349999 0.863640 -0.362284 0.845380 -0.049453 0.106430 -0.122501 0.263640 0.931865 1.185764 0.915865 0.904389 0.409874 -1.135824
0.199999 0.863640 -0.805891 0.845380 -0.110007 0.106430 -0.272501 0.263640 0.886495 1.343231 -0.029370 0.438841 0.476704 -0.768873
0.075002 0.863640 -1.175558 0.845380 -0.160467 0.106430 -0.397498 0.263640 0.866890 1.484170 0.896261 1.045329 0.557670 -0.585632
0.000000 0.863640 -1.397367 0.845380 -0.190745 0.106430 -0.472500 0.263640 0.863640 1.570796 -0.032621 0.525467 0.613389 -0.508940
0.025002 0.863640 -1.323427 0.845380 -0.180652 0.106430 -0.447498 0.263640 0.864002 1.541855 0.896623 1.016388 0.594344 -0.532397
0.249999 0.863640 -0.658022 0.845380 -0.089822 0.106430 -0.222501 0.263640 0.899096 1.289027 0.002473 0.272639 0.449997 -0.869821
0.449998 0.909091 -0.066546 0.991122 -0.009084 0.124778 -0.022501 0.309091 1.014369 1.111158 1.011896 0.838519 0.437171 -1.498126
0.700001 0.954549 0.672811 1.136887 0.091841 0.143129 0.227501 0.354549 1.183708 0.938048 0.171812 0.099529 0.533037 1.000303
0.850001 0.954549 1.116418 1.136887 0.152394 0.143129 0.377501 0.354549 1.278149 0.843269 1.106337 0.743740 0.612273 0.754056
0.950000 0.954549 1.412156 1.136887 0.192764 0.143129 0.477500 0.354549 1.346723 0.787786 0.240387 0.044046 0.678512 0.638690
1.000000 0.818182 1.560025 0.699616 0.212948 0.088078 0.527500 0.218182 1.292061 0.685730 1.051674 0.641683 0.630676 0.392188
0.974998 0.636364 1.486085 0.116603 0.202855 0.014680 0.502498 0.036364 1.164294 0.578258 0.112620 -0.063425 0.528541 0.072240
0.874999 0.545455 1.190347 -0.174904 0.162486 -0.022020 0.402499 -0.054545 1.031088 0.557432 0.918469 0.620857 0.409057 -0.134697
0.824999 0.636364 1.042478 0.116603 0.142301 0.014680 0.352499 0.036364 1.041912 0.657026 0.123444 0.036169 0.388725 0.102796
0.800001 0.863640 0.968549 0.845380 0.132210 0.106430 0.327501 0.263640 1.177232 0.823632 1.053788 0.787463 0.510144 0.677785
0.800001 1.000000 0.968549 1.282629 0.132210 0.161477 0.327501 0.400000 1.280625 0.896055 0.226837 0.108592 0.620897 0.884725
