0.173913 0.777778 -0.742570 0.698987 -0.061170 0.045970 -0.261586 0.196583 0.796984 1.350812 0.796984 1.350812 0.430792 -0.644462
0.152172 0.777778 -0.804286 0.698987 -0.066254 0.045970 -0.283327 0.196583 0.792524 1.377587 -0.004460 0.026774 0.444330 -0.606578
0.130435 0.777778 -0.865993 0.698987 -0.071338 0.045970 -0.305064 0.196583 0.788639 1.404641 0.793099 1.377866 0.458496 -0.572427
0.108694 0.722218 -0.927709 0.501434 -0.076422 0.032977 -0.326805 0.141023 0.730351 1.421417 -0.062748 0.043551 0.434752 -0.407380
0.086957 0.611107 -0.989416 0.106357 -0.081505 0.006995 -0.348543 0.029912 0.617263 1.429452 0.680010 1.385901 0.390282 -0.085610
0.043478 0.499996 -1.112838 -0.288719 -0.091672 -0.018988 -0.392021 -0.081199 0.501883 1.484057 -0.178128 0.098157 0.397291 0.204242
0.021737 0.444444 -1.174554 -0.486243 -0.096756 -0.031978 -0.413762 -0.136751 0.444976 1.521926 0.623103 1.423769 0.413858 0.319203
0.000000 0.333333 -1.236261 -0.881319 -0.101839 -0.057961 -0.435499 -0.247862 0.333333 1.570796 -0.289770 0.147027 0.447323 0.517422
0.000000 0.277774 -1.236261 -1.078873 -0.101839 -0.070953 -0.435499 -0.303421 0.277774 1.570796 0.567544 1.423769 0.463181 0.608522
0.000000 0.222222 -1.236261 -1.276396 -0.101839 -0.083944 -0.435499 -0.358973 0.222222 1.570796 -0.345321 0.147027 0.484919 0.689371
0.000000 0.166662 -1.236261 -1.473949 -0.101839 -0.096936 -0.435499 -0.414533 0.166662 1.570796 0.511984 1.423769 0.511794 0.760737
0.000000 0.111111 -1.236261 -1.671473 -0.101839 -0.109926 -0.435499 -0.470084 0.111111 1.570796 -0.400873 0.147027 0.543035 0.823570
0.065216 0.000000 -1.051132 -2.066549 -0.086589 -0.135909 -0.370284 -0.581195 0.065216 0.000000 0.466088 -0.147027 0.571638 1.003538
0.086957 0.000000 -0.989416 -2.066549 -0.081505 -0.135909 -0.348543 -0.581195 0.086957 0.000000 -0.379132 0.147027 0.557801 1.030597
0.130435 0.000000 -0.865993 -2.066549 -0.071338 -0.135909 -0.305064 -0.581195 0.130435 0.000000 0.509567 -0.147027 0.531718 1.087434
0.173913 0.000000 -0.742570 -2.066549 -0.061170 -0.135909 -0.261586 -0.581195 0.173913 0.000000 -0.335654 0.147027 0.508023 1.147873
0.217391 0.055551 -0.619148 -1.869026 -0.051003 -0.122919 -0.218108 -0.525644 0.224377 0.250182 0.560030 0.103156 0.438100 1.177482
0.239129 0.111111 -0.557441 -1.671473 -0.045920 -0.109926 -0.196370 -0.470084 0.263682 0.434970 -0.296348 0.331814 0.379195 1.175095
0.282607 0.111111 -0.434018 -1.671473 -0.035753 -0.109926 -0.152892 -0.470084 0.303665 0.374600 0.600013 0.042786 0.358614 1.256343
0.304348 0.166662 -0.372302 -1.473949 -0.030669 -0.096936 -0.131151 -0.414533 0.346993 0.501003 -0.253021 0.458217 0.299122 1.264377
0.326085 0.277774 -0.310596 -1.078873 -0.025586 -0.070953 -0.109414 -0.303421 0.428357 0.705563 0.681378 0.247346 0.191960 1.224709
0.326085 0.333333 -0.310596 -0.881319 -0.025586 -0.057961 -0.109414 -0.247862 0.466308 0.796389 -0.215070 0.549043 0.149697 1.155091
0.326085 0.388885 -0.310596 -0.683796 -0.025586 -0.044971 -0.109414 -0.192310 0.507507 0.873008 0.722577 0.323965 0.118930 1.053525
0.304348 0.388885 -0.372302 -0.683796 -0.030669 -0.044971 -0.131151 -0.192310 0.493821 0.906745 -0.228756 0.582780 0.139189 0.972268
0.282607 0.388885 -0.434018 -0.683796 -0.035753 -0.044971 -0.152892 -0.192310 0.480727 0.942367 0.709483 0.359588 0.159840 0.899094
0.260870 0.388885 -0.495725 -0.683796 -0.040836 -0.044971 -0.174630 -0.192310 0.468278 0.979928 -0.241205 0.620340 0.180744 0.833545
0.260870 0.333333 -0.495725 -0.881319 -0.040836 -0.057961 -0.174630 -0.247862 0.423278 0.906750 0.664482 0.286410 0.202320 0.957027
0.239129 0.277774 -0.557441 -1.078873 -0.045920 -0.070953 -0.196370 -0.303421 0.366525 0.860022 -0.297957 0.573611 0.251871 0.996401
0.239129 0.222222 -0.557441 -1.276396 -0.045920 -0.083944 -0.196370 -0.358973 0.326443 0.748769 0.624400 0.175157 0.289911 1.070233
0.239129 0.166662 -0.557441 -1.473949 -0.045920 -0.096936 -0.196370 -0.414533 0.291477 0.608681 -0.332923 0.433523 0.332918 1.128397
0.239129 0.111111 -0.557441 -1.671473 -0.045920 -0.109926 -0.196370 -0.470084 0.263682 0.434970 0.596605 0.001446 0.379195 1.175095
0.304348 0.000000 -0.372302 -2.066549 -0.030669 -0.135909 -0.131151 -0.581195 0.304348 0.000000 -0.292258 -0.001446 0.454819 1.348855
0.347826 0.000000 -0.248880 -2.066549 -0.020502 -0.135909 -0.087673 -0.581195 0.347826 0.000000 0.640084 0.001446 0.444237 1.421075
0.369564 0.000000 -0.187173 -2.066549 -0.015419 -0.135909 -0.065936 -0.581195 0.369564 0.000000 -0.270520 -0.001446 0.440462 1.457831
0.413045 0.000000 -0.063741 -2.066549 -0.005251 -0.135909 -0.022454 -0.581195 0.413045 0.000000 0.683565 0.001446 0.436078 1.532181
0.456523 0.000000 0.059682 -2.066549 0.004916 -0.135909 0.021024 -0.581195 0.456523 0.000000 -0.227042 -0.001446 0.436006 -1.534638
0.521739 0.111111 0.244811 -1.671473 0.020167 -0.109926 0.086240 -0.470084 0.533439 0.209828 0.760481 0.211275 0.335656 -1.389358
0.543480 0.166662 0.306527 -1.473949 0.025251 -0.096936 0.107981 -0.414533 0.568460 0.297554 -0.192021 0.086279 0.289712 -1.315971
0.565217 0.222222 0.368234 -1.276396 0.030334 -0.083944 0.129718 -0.358973 0.607333 0.374598 0.799354 0.288319 0.249628 -1.224038
0.586958 0.333333 0.429950 -0.881319 0.035418 -0.057961 0.151459 -0.247862 0.675004 0.516482 -0.124350 0.228163 0.182696 -1.022283
0.586958 0.444444 0.429950 -0.486243 0.035418 -0.031978 0.151459 -0.136751 0.736241 0.648093 0.860591 0.419930 0.151723 -0.734409
0.586958 0.555556 0.429950 -0.091166 0.035418 -0.005996 0.151459 -0.025639 0.808184 0.757920 -0.052406 0.337990 0.193270 -0.167693
0.586958 0.611107 0.429950 0.106357 0.035418 0.006995 0.151459 0.029912 0.847332 0.805552 0.899738 0.467562 0.231901 0.194983
0.586958 0.666667 0.429950 0.303911 0.035418 0.019987 0.151459 0.085472 0.888237 0.848895 -0.011502 0.381333 0.276366 0.513773
0.543480 0.777778 0.306527 0.698987 0.025251 0.045970 0.107981 0.196583 0.948846 0.960903 0.960348 0.579570 0.358907 1.068500
0.521739 0.833329 0.244811 0.896511 0.020167 0.058960 0.086240 0.252134 0.983183 1.011413 0.022836 0.431843 0.407070 1.241231
0.500002 0.833329 0.183104 0.896511 0.015084 0.058960 0.064502 0.252134 0.971823 1.030373 0.948987 0.598530 0.403025 1.320342
0.456523 0.888889 0.059682 1.094064 0.004916 0.071952 0.021024 0.307694 0.999268 1.096337 0.050281 0.497807 0.453877 1.502574
0.434783 0.888889 -0.002034 1.094064 -0.000168 0.071952 -0.000717 0.307694 0.989525 1.115882 0.939244 0.618075 0.453390 -1.568467
0.413045 0.944440 -0.063741 1.291587 -0.005251 0.084943 -0.022454 0.363245 1.030812 1.158517 0.091569 0.540442 0.509436 -1.509059
0.391304 0.944440 -0.125457 1.291587 -0.010335 0.084943 -0.044195 0.363245 1.022295 1.178003 0.930726 0.637561 0.510856 -1.449725
0.369564 0.944440 -0.187173 1.291587 -0.015419 0.084943 -0.065936 0.363245 1.014172 1.197809 0.083446 0.560247 0.513194 -1.391233
0.347826 0.944440 -0.248880 1.291587 -0.020502 0.084943 -0.087673 0.363245 1.006454 1.217923 0.923009 0.657676 0.516437 -1.333965
0.326085 0.944440 -0.310596 1.291587 -0.025586 0.084943 -0.109414 0.363245 0.999149 1.238343 0.076141 0.580667 0.520569 -1.278228
0.304348 0.944440 -0.372302 1.291587 -0.030669 0.084943 -0.131151 0.363245 0.992268 1.259052 0.916127 0.678384 0.525568 -1.224307
0.282607 0.944440 -0.434018 1.291587 -0.035753 0.084943 -0.152892 0.363245 0.985816 1.280044 0.069689 0.601660 0.531410 -1.172398
0.260870 0.944440 -0.495725 1.291587 -0.040836 0.084943 -0.174630 0.363245 0.979806 1.301300 0.910117 0.699640 0.538067 -1.122668
0.239129 0.944440 -0.557441 1.291587 -0.045920 0.084943 -0.196370 0.363245 0.974243 1.322812 0.064126 0.623171 0.545511 -1.075198
0.239129 0.888889 -0.557441 1.094064 -0.045920 0.071952 -0.196370 0.307694 0.920492 1.307998 0.856366 0.684827 0.494089 -1.002761
0.217391 0.888889 -0.619148 1.094064 -0.051003 0.071952 -0.218108 0.307694 0.915086 1.330939 0.058720 0.646112 0.503123 -0.954157
0.195651 0.888889 -0.680864 1.094064 -0.056087 0.071952 -0.239849 0.307694 0.910166 1.354144 0.851446 0.708032 0.512923 -0.908678
0.217391 0.888889 -0.619148 1.094064 -0.051003 0.071952 -0.218108 0.307694 0.915086 1.330939 0.063640 0.622907 0.503123 -0.954157
0.239129 0.888889 -0.557441 1.094064 -0.045920 0.071952 -0.196370 0.307694 0.920492 1.307998 0.856852 0.685091 0.494089 -1.002761
0.282607 0.888889 -0.434018 1.094064 -0.035753 0.071952 -0.152892 0.307694 0.932733 1.262970 0.075880 0.577879 0.478475 -1.109634
0.326085 0.888889 -0.310596 1.094064 -0.025586 0.071952 -0.109414 0.307694 0.946813 1.219193 0.870933 0.641315 0.466405 -1.229147
0.456523 1.000000 0.059682 1.489141 0.004916 0.097935 0.021024 0.418805 1.099279 1.142531 0.228346 0.501216 0.564892 1.520638
0.500002 1.000000 0.183104 1.489141 0.015084 0.097935 0.064502 0.418805 1.118035 1.107147 0.889689 0.605931 0.568174 1.417982
0.543480 1.000000 0.306527 1.489141 0.025251 0.097935 0.107981 0.418805 1.138143 1.072973 0.248455 0.467041 0.574736 1.318462
0.630436 1.000000 0.553372 1.489141 0.045585 0.097935 0.194937 0.418805 1.182138 1.008297 0.933683 0.541256 0.597211 1.135160
0.695652 1.000000 0.738502 1.489141 0.060835 0.097935 0.260153 0.418805 1.218167 0.962994 0.284484 0.421739 0.621563 1.014949
0.739130 1.000000 0.861924 1.489141 0.071002 0.097935 0.303631 0.418805 1.243509 0.934288 0.959025 0.512550 0.640978 0.943492
0.760871 1.000000 0.923640 1.489141 0.076086 0.097935 0.325372 0.418805 1.256553 0.920374 0.297528 0.407824 0.651558 0.910297
0.826087 0.944440 1.108770 1.291587 0.091337 0.084943 0.390588 0.363245 1.254746 0.852145 0.957218 0.444321 0.641545 0.749143
0.869565 0.888889 1.232192 1.094064 0.101504 0.071952 0.434066 0.307694 1.243490 0.796387 0.286272 0.352066 0.627675 0.616650
0.891306 0.833329 1.293908 0.896511 0.106588 0.058960 0.455807 0.252134 1.220190 0.751794 0.933918 0.399728 0.605003 0.505266
0.913043 0.722218 1.355615 0.501434 0.111671 0.032977 0.477544 0.141023 1.164151 0.669229 0.230233 0.269501 0.557006 0.287147
0.913043 0.666667 1.355615 0.303911 0.111671 0.019987 0.477544 0.085472 1.130528 0.630681 0.900295 0.361180 0.530553 0.177106
0.913043 0.555556 1.355615 -0.091166 0.111671 -0.005996 0.477544 -0.025639 1.068780 0.546621 0.168485 0.185441 0.492404 -0.053639
0.869565 0.499996 1.232192 -0.288719 0.101504 -0.018988 0.434066 -0.081199 1.003065 0.521831 0.834580 0.336390 0.438831 -0.184929
0.847828 0.444444 1.170486 -0.486243 0.096421 -0.031978 0.412328 -0.136751 0.957258 0.482832 0.122678 0.146442 0.412425 -0.320239
0.826087 0.444444 1.108770 -0.486243 0.091337 -0.031978 0.390588 -0.136751 0.938057 0.493593 0.815379 0.347150 0.390690 -0.336777
0.804349 0.499996 1.047063 -0.288719 0.086254 -0.018988 0.368850 -0.081199 0.947087 0.556162 0.131708 0.209011 0.374447 -0.216685
0.782609 0.555556 0.985347 -0.091166 0.081170 -0.005996 0.347109 -0.025639 0.959749 0.617324 0.828041 0.408313 0.367285 -0.073732
0.782609 0.666667 0.985347 0.303911 0.081170 0.019987 0.347109 0.085472 1.028067 0.705568 0.200026 0.297256 0.417041 0.241435
0.782609 0.777778 0.985347 0.698987 0.081170 0.045970 0.347109 0.196583 1.103365 0.782302 0.903339 0.485047 0.487483 0.515303
0.826087 0.944440 1.108770 1.291587 0.091337 0.084943 0.390588 0.363245 1.254746 0.852145 0.351407 0.367099 0.641545 0.749143
0.847828 0.944440 1.170486 1.291587 0.096421 0.084943 0.412328 0.363245 1.269165 0.839251 0.917758 0.472153 0.655008 0.722196
0.891306 1.000000 1.293908 1.489141 0.106588 0.097935 0.455807 0.418805 1.339562 0.842805 0.421804 0.370653 0.725549 0.743117
0.934784 1.000000 1.417331 1.489141 0.116755 0.097935 0.499285 0.418805 1.368876 0.819092 0.947072 0.448440 0.753622 0.697961
0.956522 1.000000 1.479038 1.489141 0.121838 0.097935 0.521022 0.418805 1.383811 0.807617 0.436739 0.359177 0.768196 0.677062
1.000000 1.000000 1.602460 1.489141 0.132005 0.097935 0.564501 0.418805 1.414214 0.785398 0.977474 0.426221 0.798325 0.638299
