0.220001 0.771429 -0.707369 0.569687 -0.054474 0.040037 -0.244945 0.180030 0.802186 1.292985 0.802186 1.292985 0.392339 -0.633820
0.220001 0.800003 -0.707369 0.660104 -0.054474 0.046392 -0.244945 0.208604 0.829701 1.302430 0.027515 0.009445 0.415043 -0.705442
0.199999 0.800003 -0.765130 0.660104 -0.058922 0.046392 -0.264947 0.208604 0.824623 1.325819 0.797109 1.316374 0.427153 -0.666975
0.180001 0.800003 -0.822883 0.660104 -0.063369 0.046392 -0.284945 0.208604 0.820003 1.349481 0.022894 0.033107 0.439837 -0.631936
0.140001 0.742860 -0.938397 0.479282 -0.072265 0.033684 -0.324945 0.151461 0.755937 1.384519 0.733043 1.351412 0.427581 -0.436172
0.100001 0.628574 -1.053911 0.117638 -0.081161 0.008268 -0.364945 0.037176 0.636479 1.413026 -0.096564 0.061615 0.399949 -0.101516
0.060001 0.542858 -1.169425 -0.153602 -0.090056 -0.010795 -0.404945 -0.048541 0.546164 1.460715 0.642728 1.399100 0.412372 0.119300
0.040000 0.457142 -1.227187 -0.424841 -0.094504 -0.029858 -0.424946 -0.134257 0.458889 1.483519 -0.183839 0.084419 0.425018 0.306014
0.020001 0.371430 -1.284939 -0.696068 -0.098952 -0.048919 -0.444945 -0.219969 0.371968 1.516998 0.555807 1.432580 0.454666 0.459136
0.000000 0.285714 -1.342701 -0.967307 -0.103400 -0.067982 -0.464946 -0.305685 0.285714 1.570796 -0.270093 0.138217 0.498296 0.581604
0.000000 0.228571 -1.342701 -1.148129 -0.103400 -0.080690 -0.464946 -0.362828 0.228571 1.570796 0.498664 1.432580 0.521582 0.662653
0.000000 0.171428 -1.342701 -1.328951 -0.103400 -0.093398 -0.464946 -0.419971 0.171428 1.570796 -0.327236 0.138217 0.549843 0.734617
0.000000 0.114285 -1.342701 -1.509773 -0.103400 -0.106106 -0.464946 -0.477113 0.114285 1.570796 0.441522 1.432580 0.582356 0.798313
0.020001 0.057143 -1.284939 -1.690595 -0.098952 -0.118814 -0.444945 -0.534256 0.060542 1.234098 -0.380980 -0.198481 0.603556 0.876355
0.040000 0.028574 -1.227187 -1.781000 -0.094504 -0.125167 -0.424946 -0.562825 0.049157 0.620286 0.430137 0.818767 0.609098 0.924088
0.060001 0.028574 -1.169425 -1.781000 -0.090056 -0.125167 -0.404945 -0.562825 0.066458 0.444439 -0.363679 -0.374328 0.595316 0.947112
0.100001 0.000000 -1.053911 -1.871418 -0.081161 -0.131522 -0.364945 -0.591399 0.100001 0.000000 0.463680 0.374328 0.591067 1.017907
0.140001 0.000000 -0.938397 -1.871418 -0.072265 -0.131522 -0.324945 -0.591399 0.140001 0.000000 -0.323679 -0.374328 0.567243 1.068374
0.160000 0.028574 -0.880644 -1.781000 -0.067818 -0.125167 -0.304947 -0.562825 0.162531 0.176722 0.486210 0.551050 0.532366 1.074259
0.199999 0.057143 -0.765130 -1.690595 -0.058922 -0.118814 -0.264947 -0.534256 0.208003 0.278300 -0.278208 -0.272750 0.486313 1.110420
0.220001 0.114285 -0.707369 -1.509773 -0.054474 -0.106106 -0.244945 -0.477113 0.247914 0.479108 0.526122 0.751858 0.427740 1.096494
0.239999 0.171428 -0.649616 -1.328951 -0.050026 -0.093398 -0.224947 -0.419971 0.294936 0.620250 -0.231186 -0.131608 0.369803 1.079056
0.260001 0.200002 -0.591854 -1.238534 -0.045578 -0.087043 -0.204946 -0.391397 0.328026 0.655698 0.559212 0.787306 0.334960 1.088427
0.260001 0.257144 -0.591854 -1.057712 -0.045578 -0.074335 -0.204946 -0.334254 0.365682 0.779875 -0.193530 -0.007431 0.291863 1.020769
0.279999 0.285714 -0.534102 -0.967307 -0.041131 -0.067982 -0.184947 -0.305685 0.400040 0.795499 0.593569 0.802931 0.257546 1.026690
0.279999 0.342856 -0.534102 -0.786485 -0.041131 -0.055274 -0.184947 -0.248542 0.442662 0.885976 -0.150907 0.083045 0.221611 0.931065
0.279999 0.371430 -0.534102 -0.696068 -0.041131 -0.048919 -0.184947 -0.219969 0.465145 0.924841 0.616052 0.841797 0.207246 0.871675
0.279999 0.314287 -0.534102 -0.876890 -0.041131 -0.061627 -0.184947 -0.277112 0.420923 0.843030 -0.195129 0.001234 0.238545 0.982279
0.279999 0.285714 -0.534102 -0.967307 -0.041131 -0.067982 -0.184947 -0.305685 0.400040 0.795499 0.595169 0.794265 0.257546 1.026690
0.300001 0.228571 -0.476340 -1.148129 -0.036682 -0.080690 -0.164946 -0.362828 0.377154 0.651075 -0.218015 -0.143191 0.288237 1.144114
0.319999 0.171428 -0.418588 -1.328951 -0.032235 -0.093398 -0.144947 -0.419971 0.363025 0.491810 0.581040 0.635000 0.327357 1.238461
0.340000 0.142859 -0.360826 -1.419356 -0.027787 -0.099751 -0.124946 -0.448540 0.368794 0.397775 -0.212246 -0.237225 0.345473 1.299122
0.359999 0.114285 -0.303073 -1.509773 -0.023339 -0.106106 -0.104947 -0.477113 0.377704 0.307398 0.589950 0.544623 0.366029 1.354281
0.399999 0.085716 -0.187559 -1.600178 -0.014444 -0.112459 -0.064947 -0.505682 0.409080 0.211099 -0.180870 -0.333524 0.384751 1.443060
0.440002 0.057143 -0.072036 -1.690595 -0.005547 -0.118814 -0.024945 -0.534256 0.443697 0.129147 0.624567 0.462671 0.408566 1.524140
0.480002 0.057143 0.043478 -1.690595 0.003348 -0.118814 0.015055 -0.534256 0.483391 0.118489 -0.141176 -0.344182 0.408081 -1.542624
0.560001 0.057143 0.274506 -1.690595 0.021139 -0.118814 0.095055 -0.534256 0.562909 0.101688 0.704085 0.445870 0.418735 -1.394718
0.600001 0.085716 0.390020 -1.600178 0.030035 -0.112459 0.135055 -0.505682 0.606093 0.141900 -0.097992 -0.303970 0.402561 -1.309813
0.620000 0.114285 0.447773 -1.509773 0.034483 -0.106106 0.155053 -0.477113 0.630445 0.182285 0.728437 0.486255 0.383412 -1.256580
0.640001 0.171428 0.505534 -1.328951 0.038931 -0.093398 0.175055 -0.419971 0.662562 0.261713 -0.065874 -0.224543 0.341756 -1.175869
0.680001 0.257144 0.621049 -1.057712 0.047826 -0.074335 0.215055 -0.334254 0.726997 0.361532 0.792871 0.586075 0.299049 -0.999084
0.699999 0.428573 0.678801 -0.515246 0.052274 -0.036211 0.235053 -0.162826 0.820776 0.549376 0.027905 -0.036699 0.237851 -0.605823
0.699999 0.514285 0.678801 -0.244019 0.052274 -0.017150 0.235053 -0.077114 0.868613 0.633632 0.840708 0.670331 0.240175 -0.317007
0.699999 0.600001 0.678801 0.027221 0.052274 0.001913 0.235053 0.008602 0.921955 0.708627 0.081247 0.038296 0.271090 0.036580
0.699999 0.657144 0.678801 0.208043 0.052274 0.014621 0.235053 0.065745 0.960123 0.753831 0.878877 0.715534 0.303628 0.272732
0.640001 0.771429 0.505534 0.569687 0.038931 0.040037 0.175055 0.180030 1.002349 0.878247 0.123473 0.162713 0.352953 0.799409
0.600001 0.828572 0.390020 0.750509 0.030035 0.052745 0.135055 0.237173 1.023002 0.944053 0.899529 0.781340 0.387896 1.053153
0.580000 0.857145 0.332259 0.840926 0.025587 0.059100 0.115054 0.265747 1.034939 0.975904 0.135410 0.194564 0.408727 1.162216
0.500000 0.885715 0.101230 0.931331 0.007796 0.065453 0.035054 0.294316 1.017099 1.056877 0.881689 0.862312 0.422226 1.452252
0.460000 0.914288 -0.014284 1.021748 -0.001100 0.071808 -0.004946 0.322889 1.023486 1.104653 0.141796 0.242340 0.449369 -1.555479
0.440002 0.914288 -0.072036 1.021748 -0.005547 0.071808 -0.024945 0.322889 1.014655 1.122260 0.872858 0.879920 0.450034 -1.493695
0.399999 0.942857 -0.187559 1.112153 -0.014444 0.078161 -0.064947 0.351459 1.024197 1.169569 0.151338 0.289649 0.482304 -1.388064
0.359999 0.942857 -0.303073 1.112153 -0.023339 0.078161 -0.104947 0.351459 1.009247 1.206063 0.857909 0.916414 0.489298 -1.280620
0.319999 0.942857 -0.418588 1.112153 -0.032235 0.078161 -0.144947 0.351459 0.995680 1.243602 0.137772 0.327188 0.499408 -1.179632
0.300001 0.942857 -0.476340 1.112153 -0.036682 0.078161 -0.164946 0.351459 0.989434 1.262743 0.851663 0.935555 0.505575 -1.131995
0.279999 0.942857 -0.534102 1.112153 -0.041131 0.078161 -0.184947 0.351459 0.983554 1.282123 0.131892 0.346568 0.512449 -1.086388
0.260001 0.942857 -0.591854 1.112153 -0.045578 0.078161 -0.204946 0.351459 0.978049 1.301725 0.846157 0.955157 0.520002 -1.042875
0.239999 0.942857 -0.649616 1.112153 -0.050026 0.078161 -0.224947 0.351459 0.972923 1.321545 0.126766 0.366388 0.528205 -1.001456
0.220001 0.914288 -0.707369 1.021748 -0.054474 0.071808 -0.244945 0.322889 0.940385 1.334660 0.813619 0.968273 0.511768 -0.921811
0.199999 0.914288 -0.765130 1.021748 -0.058922 0.071808 -0.264947 0.322889 0.935907 1.355440 0.122289 0.387167 0.521637 -0.883650
0.199999 0.885715 -0.765130 0.931331 -0.058922 0.065453 -0.264947 0.294316 0.908014 1.348715 0.785726 0.961548 0.497235 -0.837864
0.220001 0.885715 -0.707369 0.931331 -0.054474 0.065453 -0.244945 0.294316 0.912628 1.327335 0.126903 0.365788 0.486872 -0.876696
0.239999 0.885715 -0.649616 0.931331 -0.050026 0.065453 -0.224947 0.294316 0.917655 1.306184 0.790752 0.940396 0.477124 -0.918203
0.260001 0.885715 -0.591854 0.931331 -0.045578 0.065453 -0.204946 0.294316 0.923088 1.285268 0.132336 0.344872 0.468026 -0.962527
0.279999 0.885715 -0.534102 0.931331 -0.041131 0.065453 -0.184947 0.294316 0.928919 1.264610 0.796583 0.919737 0.459621 -1.009758
0.319999 0.885715 -0.418588 0.931331 -0.032235 0.065453 -0.144947 0.294316 0.941748 1.224100 0.145165 0.304363 0.445034 -1.113176
0.359999 0.885715 -0.303073 0.931331 -0.023339 0.065453 -0.104947 0.294316 0.956080 1.184742 0.810915 0.880379 0.433659 -1.228271
0.480002 0.914288 0.043478 1.021748 0.003348 0.071808 0.015055 0.322889 1.032630 1.087349 0.221715 0.206970 0.449594 1.524203
0.520001 0.914288 0.158992 1.021748 0.012244 0.071808 0.055055 0.322889 1.051819 1.053672 0.830105 0.846702 0.452702 1.401912
0.660000 0.914288 0.563287 1.021748 0.043378 0.071808 0.195053 0.322889 1.127618 0.945541 0.297513 0.098839 0.489851 1.027377
0.699999 0.914288 0.678801 1.021748 0.052274 0.071808 0.235053 0.322889 1.151487 0.917372 0.853974 0.818532 0.507108 0.941545
0.800001 0.942857 0.967591 1.112153 0.074513 0.078161 0.335054 0.351459 1.236520 0.867182 0.382546 0.048650 0.583661 0.809289
0.840000 0.942857 1.083105 1.112153 0.083409 0.078161 0.375054 0.351459 1.262767 0.843026 0.880221 0.794377 0.607507 0.752932
0.899999 0.942857 1.256372 1.112153 0.096752 0.078161 0.435053 0.351459 1.303448 0.808651 0.423227 0.014274 0.646274 0.679511
0.920000 0.942857 1.314134 1.112153 0.101200 0.078161 0.455054 0.351459 1.317338 0.797667 0.894111 0.783393 0.659904 0.657649
0.960000 0.914288 1.429648 1.021748 0.110096 0.071808 0.495054 0.322889 1.325716 0.761014 0.431605 -0.022379 0.668570 0.577942
0.979999 0.885715 1.487400 0.931331 0.114543 0.065453 0.515052 0.294316 1.320942 0.734906 0.889337 0.757285 0.665075 0.519146
1.000000 0.857145 1.545162 0.840926 0.118991 0.059100 0.535054 0.265747 1.317079 0.708628 0.427743 -0.048658 0.663402 0.460982
1.000000 0.828572 1.545162 0.750509 0.118991 0.052745 0.535054 0.237173 1.298665 0.691922 0.870923 0.740579 0.646920 0.417243
1.000000 0.800003 1.545162 0.660104 0.118991 0.046392 0.535054 0.208604 1.280626 0.674743 0.409704 -0.065837 0.631304 0.371747
1.000000 0.742860 1.545162 0.479282 0.118991 0.033684 0.535054 0.151461 1.245729 0.638916 0.836025 0.704753 0.602925 0.275859
0.960000 0.685717 1.429648 0.298460 0.110096 0.020976 0.495054 0.094318 1.179749 0.620251 0.343724 -0.084501 0.542050 0.188265
0.920000 0.657144 1.314134 0.208043 0.101200 0.014621 0.455054 0.065745 1.130592 0.620250 0.786868 0.704751 0.493978 0.143484
0.899999 0.628574 1.256372 0.117638 0.096752 0.008268 0.435053 0.037176 1.097772 0.609663 0.310904 -0.095088 0.464806 0.085244
0.859999 0.657144 1.140858 0.208043 0.087856 0.014621 0.395053 0.065745 1.082329 0.652478 0.771425 0.747566 0.439325 0.164909
0.859999 0.742860 1.140858 0.479282 0.087856 0.033684 0.395053 0.151461 1.136415 0.712447 0.364990 -0.035120 0.483014 0.366110
0.859999 0.771429 1.140858 0.569687 0.087856 0.040037 0.395053 0.180030 1.155293 0.731162 0.790302 0.766281 0.499998 0.427594
0.859999 0.828572 1.140858 0.750509 0.087856 0.052745 0.395053 0.237173 1.194207 0.766789 0.403904 0.000507 0.536927 0.540683
0.899999 0.885715 1.256372 0.931331 0.096752 0.065453 0.435053 0.294316 1.262730 0.777399 0.858826 0.776892 0.605241 0.594784
0.939999 0.942857 1.371886 1.112153 0.105648 0.078161 0.475052 0.351459 1.331382 0.786916 0.472556 0.010025 0.673850 0.636961
0.960000 0.971431 1.429648 1.202570 0.110096 0.084516 0.495054 0.380032 1.365752 0.791316 0.893196 0.781292 0.708241 0.654707
0.979999 0.971431 1.487400 1.202570 0.114543 0.084516 0.515052 0.380032 1.379882 0.781008 0.486686 -0.000284 0.722361 0.635681
0.979999 1.000000 1.487400 1.292975 0.114543 0.090869 0.515052 0.408601 1.400142 0.795500 0.913456 0.795784 0.742672 0.670654
