0.254903 0.914284 -0.560085 1.303139 -0.046811 0.095410 -0.193687 0.394773 0.949152 1.298900 0.949152 1.298900 0.504366 -1.114674
0.235294 0.914284 -0.616789 1.303139 -0.051550 0.095410 -0.213296 0.394773 0.944075 1.318909 -0.005077 0.020009 0.512217 -1.075431
0.215687 0.885715 -0.673485 1.208832 -0.056288 0.088505 -0.232902 0.366204 0.911598 1.331928 0.916675 1.311918 0.495299 -1.004333
0.176472 0.828567 -0.786885 1.020191 -0.065766 0.074693 -0.272118 0.309057 0.847152 1.360948 -0.069524 0.049029 0.467366 -0.848872
0.156863 0.771425 -0.843589 0.831564 -0.070505 0.060883 -0.291727 0.251914 0.787212 1.370190 0.856735 1.321161 0.435117 -0.712295
0.117647 0.714282 -0.956989 0.642937 -0.079983 0.047073 -0.330943 0.194772 0.723906 1.407555 -0.132829 0.086395 0.424400 -0.531947
0.078431 0.628570 -1.070389 0.360004 -0.089461 0.026358 -0.370159 0.109060 0.633444 1.446661 0.766274 1.360266 0.411595 -0.286523
0.058825 0.542854 -1.127085 0.077056 -0.094199 0.005642 -0.389765 0.023343 0.546032 1.462855 -0.220242 0.102589 0.401002 -0.059820
0.039216 0.485711 -1.183789 -0.111571 -0.098938 -0.008169 -0.409374 -0.033799 0.487292 1.490232 0.707534 1.387643 0.411054 0.082377
0.019609 0.428568 -1.240485 -0.300198 -0.103677 -0.021979 -0.428981 -0.090942 0.429017 1.525073 -0.278517 0.137430 0.429448 0.208903
0.019609 0.342856 -1.240485 -0.583131 -0.103677 -0.042694 -0.428981 -0.176654 0.343417 1.513665 0.621934 1.376235 0.441819 0.390637
0.000000 0.285714 -1.297190 -0.771758 -0.108416 -0.056504 -0.448590 -0.233797 0.285714 1.570796 -0.336220 0.194561 0.477244 0.480449
0.000000 0.228571 -1.297190 -0.960385 -0.108416 -0.070315 -0.448590 -0.290939 0.228571 1.570796 0.564791 1.376235 0.499641 0.575365
0.000000 0.171428 -1.297190 -1.149012 -0.108416 -0.084125 -0.448590 -0.348082 0.171428 1.570796 -0.393363 0.194561 0.527306 0.659902
0.019609 0.142855 -1.240485 -1.243333 -0.103677 -0.091031 -0.428981 -0.376656 0.144194 1.434381 0.537557 1.239820 0.526781 0.720541
0.058825 0.057143 -1.127085 -1.526266 -0.094199 -0.111746 -0.389765 -0.462368 0.082010 0.770894 -0.455547 -0.468927 0.552402 0.870394
0.078431 0.028569 -1.070389 -1.620587 -0.089461 -0.118652 -0.370159 -0.490941 0.083473 0.349320 0.539019 0.818247 0.559852 0.924754
0.098041 0.000000 -1.013685 -1.714893 -0.084721 -0.125556 -0.350549 -0.519510 0.098041 0.000000 -0.440979 -0.818247 0.569313 0.977206
0.137256 0.000000 -0.900285 -1.714893 -0.075244 -0.125556 -0.311334 -0.519510 0.137256 0.000000 0.578235 0.818247 0.546042 1.030904
0.156863 0.000000 -0.843589 -1.714893 -0.070505 -0.125556 -0.291727 -0.519510 0.156863 0.000000 -0.421372 -0.818247 0.535105 1.059134
0.176472 0.000000 -0.786885 -1.714893 -0.065766 -0.125556 -0.272118 -0.519510 0.176472 0.000000 0.597844 0.818247 0.524672 1.088293
0.215687 0.000000 -0.673485 -1.714893 -0.056288 -0.125556 -0.232902 -0.519510 0.215687 0.000000 -0.382157 -0.818247 0.505447 1.149348
0.254903 0.085712 -0.560085 -1.431960 -0.046811 -0.104841 -0.193687 -0.433798 0.268928 0.324376 0.651084 1.142623 0.411333 1.150865
0.274509 0.114285 -0.503389 -1.337639 -0.042072 -0.097935 -0.174080 -0.405225 0.297349 0.394501 -0.353735 -0.748122 0.376913 1.165045
0.294119 0.142855 -0.446685 -1.243333 -0.037333 -0.091031 -0.154471 -0.376656 0.326976 0.452146 0.680711 1.200267 0.342542 1.181603
0.313725 0.199997 -0.389989 -1.054706 -0.032594 -0.077220 -0.134865 -0.319513 0.372052 0.567532 -0.308660 -0.632735 0.282819 1.171389
0.333334 0.228571 -0.333285 -0.960385 -0.027855 -0.070315 -0.115256 -0.290939 0.404174 0.601071 0.712833 1.233806 0.248379 1.193614
0.333334 0.257140 -0.333285 -0.866079 -0.027855 -0.063410 -0.115256 -0.262370 0.420990 0.657068 -0.291843 -0.576738 0.223466 1.156888
0.333334 0.228571 -0.333285 -0.960385 -0.027855 -0.070315 -0.115256 -0.290939 0.404174 0.601071 0.696017 1.177809 0.248379 1.193614
0.333334 0.199997 -0.333285 -1.054706 -0.027855 -0.077220 -0.115256 -0.319513 0.388730 0.540412 -0.307287 -0.637397 0.274011 1.224601
0.352941 0.171428 -0.276589 -1.149012 -0.023117 -0.084125 -0.095649 -0.348082 0.392371 0.452154 0.699658 1.089550 0.293202 1.302626
0.352941 0.142855 -0.276589 -1.243333 -0.023117 -0.091031 -0.095649 -0.376656 0.380755 0.384599 -0.318903 -0.704951 0.320348 1.322110
0.372550 0.142855 -0.219885 -1.243333 -0.018377 -0.091031 -0.076040 -0.376656 0.399000 0.366159 0.717903 1.071110 0.315049 1.371592
0.411766 0.114285 -0.106485 -1.337639 -0.008900 -0.097935 -0.036824 -0.405225 0.427331 0.270735 -0.290571 -0.800375 0.336326 1.480172
0.431372 0.085712 -0.049789 -1.431960 -0.004161 -0.104841 -0.017218 -0.433798 0.439805 0.196142 0.730376 0.996517 0.363286 1.531126
0.470588 0.085712 0.063611 -1.431960 0.005316 -0.104841 0.021998 -0.433798 0.478330 0.180163 -0.252046 -0.816353 0.363544 -1.520130
0.509803 0.085712 0.177011 -1.431960 0.014794 -0.104841 0.061213 -0.433798 0.516958 0.166570 0.769005 0.982923 0.368005 -1.430612
0.549022 0.085712 0.290419 -1.431960 0.024273 -0.104841 0.100432 -0.433798 0.555672 0.154867 -0.213333 -0.828056 0.376520 -1.343287
0.568628 0.085712 0.347115 -1.431960 0.029011 -0.104841 0.120038 -0.433798 0.575052 0.149608 0.788384 0.977664 0.382217 -1.300837
0.627453 0.142855 0.517219 -1.243333 0.043228 -0.091031 0.178863 -0.376656 0.643510 0.223858 -0.144875 -0.753806 0.354212 -1.127453
0.647059 0.171428 0.573915 -1.149012 0.047966 -0.084125 0.198469 -0.348082 0.669383 0.258984 0.814257 1.012790 0.340894 -1.052592
0.666669 0.199997 0.630619 -1.054706 0.052706 -0.077220 0.218079 -0.319513 0.696022 0.291452 -0.118236 -0.721338 0.330691 -0.971888
0.666669 0.285714 0.630619 -0.771758 0.052706 -0.056504 0.218079 -0.233797 0.725313 0.404890 0.843549 1.126228 0.272189 -0.820168
0.666669 0.342856 0.630619 -0.583131 0.052706 -0.042694 0.218079 -0.176654 0.749665 0.475009 -0.093884 -0.651219 0.242359 -0.680837
0.666669 0.399999 0.630619 -0.394504 0.052706 -0.028884 0.218079 -0.119511 0.777462 0.540417 0.871346 1.191636 0.223427 -0.501321
0.627453 0.514285 0.517219 -0.017250 0.043228 -0.001263 0.178863 -0.005226 0.811287 0.686601 -0.060059 -0.505035 0.190546 -0.029209
0.607844 0.571427 0.460515 0.171377 0.038489 0.012547 0.159254 0.051917 0.834268 0.754528 0.894327 1.259562 0.201124 0.315137
0.568628 0.628570 0.347115 0.360004 0.029011 0.026358 0.120038 0.109060 0.847607 0.835425 -0.046720 -0.424138 0.216338 0.737514
0.549022 0.657139 0.290419 0.454310 0.024273 0.033262 0.100432 0.137629 0.856304 0.874797 0.903024 1.298934 0.231472 0.940395
0.470588 0.742856 0.063611 0.737258 0.005316 0.053978 0.021998 0.223345 0.879367 1.006119 -0.023657 -0.292816 0.295087 1.472621
0.431372 0.771425 -0.049789 0.831564 -0.004161 0.060883 -0.017218 0.251914 0.883843 1.060926 0.907499 1.353741 0.323294 -1.502554
0.411766 0.771425 -0.106485 0.831564 -0.008900 0.060883 -0.036824 0.251914 0.874441 1.080497 -0.033058 -0.273245 0.324928 -1.425647
0.372550 0.799998 -0.219885 0.925885 -0.018377 0.067789 -0.076040 0.280488 0.882491 1.134973 0.915550 1.408217 0.359541 -1.306061
0.352941 0.799998 -0.276589 0.925885 -0.023117 0.067789 -0.095649 0.280488 0.874394 1.155304 -0.041156 -0.252913 0.364193 -1.242153
0.294119 0.828567 -0.446685 1.020191 -0.037333 0.074693 -0.154471 0.309057 0.879221 1.229699 0.920377 1.482612 0.410176 -1.107297
0.274509 0.828567 -0.503389 1.020191 -0.042072 0.074693 -0.174080 0.309057 0.872857 1.250871 -0.047520 -0.231740 0.417956 -1.057827
0.254903 0.828567 -0.560085 1.020191 -0.046811 0.074693 -0.193687 0.309057 0.866891 1.272342 0.914411 1.504083 0.426495 -1.010974
0.235294 0.857141 -0.616789 1.114512 -0.051550 0.081599 -0.213296 0.337631 0.888850 1.302886 -0.025561 -0.201197 0.460879 -1.007362
0.254903 0.857141 -0.560085 1.114512 -0.046811 0.081599 -0.193687 0.337631 0.894241 1.281738 0.919802 1.482935 0.452138 -1.049966
0.274509 0.885715 -0.503389 1.208832 -0.042072 0.088505 -0.174080 0.366204 0.927279 1.270255 0.007477 -0.212680 0.470512 -1.127051
0.372550 0.914284 -0.219885 1.303139 -0.018377 0.095410 -0.076040 0.394773 0.987273 1.183861 0.979796 1.396541 0.471861 -1.380510
0.411766 0.914284 -0.106485 1.303139 -0.008900 0.095410 -0.036824 0.394773 1.002729 1.147635 0.022933 -0.248906 0.467148 -1.477786
0.470588 0.942857 0.063611 1.397459 0.005316 0.102315 0.021998 0.423347 1.053771 1.107863 1.030838 1.356768 0.494757 1.518882
0.529412 0.971426 0.233715 1.491766 0.019533 0.109220 0.080823 0.451916 1.106321 1.071812 0.075484 -0.284957 0.529047 1.393823
0.647059 1.000000 0.573915 1.586086 0.047966 0.116126 0.198469 0.480490 1.191086 0.996491 1.115602 1.281448 0.586040 1.179085
0.705884 1.000000 0.744020 1.586086 0.062183 0.116126 0.257294 0.480490 1.224039 0.956132 0.108437 -0.325316 0.608485 1.079166
0.862747 1.000000 1.197620 1.586086 0.100094 0.116126 0.414157 0.480490 1.320732 0.858948 1.212294 1.184264 0.689622 0.859407
0.901962 1.000000 1.311020 1.586086 0.109572 0.116126 0.453373 0.480490 1.346676 0.836898 0.134382 -0.347366 0.713863 0.814428
0.960784 0.942857 1.481115 1.397459 0.123788 0.102315 0.512195 0.423347 1.346138 0.775981 1.211756 1.123347 0.711789 0.690713
1.000000 0.857141 1.594515 1.114512 0.133266 0.081599 0.551410 0.337631 1.317077 0.708625 0.105321 -0.414722 0.686270 0.549417
1.000000 0.828567 1.594515 1.020191 0.133266 0.074693 0.551410 0.309057 1.298662 0.691919 1.193342 1.106641 0.669654 0.510857
1.000000 0.771425 1.594515 0.831564 0.133266 0.060883 0.551410 0.251914 1.262971 0.657073 0.069629 -0.449569 0.638964 0.428540
1.000000 0.714282 1.594515 0.642937 0.133266 0.047073 0.551410 0.194772 1.228901 0.620247 1.159272 1.069816 0.612083 0.339545
0.980394 0.685713 1.537820 0.548631 0.128527 0.040168 0.531804 0.166202 1.196400 0.610341 0.037128 -0.459475 0.582274 0.302908
0.921569 0.657139 1.367715 0.454310 0.114310 0.033262 0.472979 0.137629 1.131866 0.619441 1.094738 1.078916 0.516916 0.283164
0.901962 0.657139 1.311020 0.454310 0.109572 0.033262 0.453373 0.137629 1.115961 0.629642 0.021223 -0.449275 0.499039 0.294726
0.882353 0.657139 1.254315 0.454310 0.104833 0.033262 0.433763 0.137629 1.100172 0.640138 1.078950 1.089412 0.481293 0.307243
0.862747 0.742856 1.197620 0.737258 0.100094 0.053978 0.414157 0.223345 1.138493 0.710866 0.059543 -0.378546 0.508053 0.494573
0.862747 0.828567 1.197620 1.020191 0.100094 0.074693 0.414157 0.309057 1.196184 0.765192 1.136640 1.143738 0.562058 0.641085
0.901962 0.885715 1.311020 1.208832 0.109572 0.088505 0.453373 0.366204 1.264131 0.776310 0.127490 -0.367429 0.629781 0.679439
0.921569 0.942857 1.367715 1.397459 0.114310 0.102315 0.472979 0.423347 1.318434 0.796816 1.190944 1.164245 0.684112 0.730082
0.960784 0.971426 1.481115 1.491766 0.123788 0.109220 0.512195 0.451916 1.366300 0.790906 0.175356 -0.373339 0.731916 0.722957
