0.104168 0.892860 -0.884121 0.986396 -0.089918 0.085502 -0.324195 0.308273 0.898916 1.454654 0.898916 1.454654 0.566445 -0.760229
0.083333 0.857143 -0.940940 0.872111 -0.095697 0.075595 -0.345030 0.272556 0.861184 1.473879 -0.037732 0.019225 0.550362 -0.668583
0.062501 0.821431 -0.997750 0.757843 -0.101474 0.065691 -0.365862 0.236845 0.823806 1.494854 0.861537 1.475629 0.536989 -0.574518
0.041667 0.750003 -1.054570 0.529290 -0.107253 0.045879 -0.386697 0.165416 0.751159 1.515298 -0.110378 0.039669 0.502977 -0.404213
0.020835 0.571429 -1.111380 -0.042102 -0.113031 -0.003649 -0.407528 -0.013158 0.571808 1.534351 0.682186 1.494682 0.431911 0.032276
0.000000 0.500000 -1.168199 -0.270655 -0.118810 -0.023461 -0.428363 -0.084586 0.500000 1.570796 -0.182186 0.076114 0.434312 0.194956
0.000000 0.321426 -1.168199 -0.842046 -0.118810 -0.072989 -0.428363 -0.263161 0.321426 1.570796 0.503612 1.494682 0.441509 0.550897
0.000000 0.178569 -1.168199 -1.299153 -0.118810 -0.112612 -0.428363 -0.406018 0.178569 1.570796 -0.325043 0.076114 0.495875 0.758624
0.020835 0.107140 -1.111380 -1.527706 -0.113031 -0.132423 -0.407528 -0.477446 0.109147 1.378730 0.434191 1.302616 0.518906 0.864240
0.083333 0.035712 -0.940940 -1.756259 -0.095697 -0.152234 -0.345030 -0.548875 0.090663 0.404866 -0.343528 -0.897750 0.522705 1.009603
0.104168 0.000000 -0.884121 -1.870527 -0.089918 -0.162139 -0.324195 -0.584586 0.104168 0.000000 0.447696 0.897750 0.537213 1.064450
0.187501 0.000000 -0.656861 -1.870527 -0.066805 -0.162139 -0.240862 -0.584586 0.187501 0.000000 -0.260195 -0.897750 0.491436 1.179970
0.229168 0.071429 -0.543231 -1.641974 -0.055248 -0.142328 -0.199196 -0.513158 0.240041 0.302144 0.500236 1.199895 0.408756 1.200524
0.249999 0.107140 -0.486420 -1.527706 -0.049471 -0.132423 -0.178364 -0.477446 0.271990 0.404884 -0.228246 -0.795011 0.367421 1.213272
0.270834 0.142857 -0.429601 -1.413421 -0.043692 -0.122517 -0.157529 -0.441729 0.306201 0.485382 0.534447 1.280393 0.326081 1.228237
0.270834 0.178569 -0.429601 -1.299153 -0.043692 -0.112612 -0.157529 -0.406018 0.324404 0.582905 -0.210043 -0.697488 0.295318 1.200690
0.291669 0.178569 -0.372782 -1.299153 -0.037913 -0.112612 -0.136694 -0.406018 0.341991 0.549364 0.552034 1.246852 0.284750 1.246045
0.312501 0.142857 -0.315971 -1.413421 -0.032135 -0.122517 -0.115863 -0.441729 0.343606 0.428777 -0.208428 -0.818075 0.308120 1.314282
0.312501 0.107140 -0.315971 -1.527706 -0.032135 -0.132423 -0.115863 -0.477446 0.330357 0.330289 0.538785 1.148364 0.341480 1.332727
0.354167 0.071429 -0.202342 -1.641974 -0.020579 -0.142328 -0.074196 -0.513158 0.361298 0.199011 -0.177487 -0.949353 0.364565 1.427204
0.375002 0.071429 -0.145522 -1.641974 -0.014800 -0.142328 -0.053361 -0.513158 0.381744 0.188221 0.559231 1.137573 0.360901 1.467183
0.458335 0.071429 0.081737 -1.641974 0.008313 -0.142328 0.029972 -0.513158 0.463867 0.154600 -0.095364 -0.982973 0.358191 -1.512456
0.520833 0.071429 0.252178 -1.641974 0.025647 -0.142328 0.092470 -0.513158 0.525708 0.136293 0.621072 1.119266 0.368718 -1.392511
0.562500 0.142857 0.365807 -1.413421 0.037204 -0.122517 0.134137 -0.441729 0.580357 0.248710 -0.040715 -0.870556 0.315446 -1.275983
0.562500 0.178569 0.365807 -1.299153 0.037204 -0.112612 0.134137 -0.406018 0.590163 0.307393 0.630878 1.177949 0.283531 -1.251714
0.562500 0.321426 0.365807 -0.842046 0.037204 -0.072989 0.134137 -0.263161 0.647858 0.519143 0.016980 -0.658807 0.171547 -1.099407
0.562500 0.428571 0.365807 -0.499208 0.037204 -0.043272 0.134137 -0.156015 0.707163 0.651077 0.690183 1.309883 0.134137 -0.860659
0.541668 0.500000 0.308997 -0.270655 0.031426 -0.023461 0.113305 -0.084586 0.737160 0.745418 0.046977 -0.564465 0.134052 -0.641281
0.500002 0.642857 0.195367 0.186451 0.019869 0.016162 0.071638 0.058271 0.814412 0.909752 0.767435 1.474217 0.226141 0.682858
0.437500 0.714286 0.024918 0.415005 0.002534 0.035973 0.009137 0.129699 0.837622 1.021236 0.070187 -0.452981 0.286069 1.500464
0.395834 0.750003 -0.088712 0.529290 -0.009022 0.045879 -0.032529 0.165416 0.848050 1.085175 0.777863 1.538156 0.323280 -1.376622
0.333335 0.821431 -0.259152 0.757843 -0.026357 0.065691 -0.095028 0.236845 0.886488 1.185301 0.108625 -0.352855 0.404392 -1.189236
0.291669 0.892860 -0.372782 0.986396 -0.037913 0.085502 -0.136694 0.308273 0.939292 1.255056 0.830667 1.607911 0.484193 -1.153429
0.249999 0.892860 -0.486420 0.986396 -0.049471 0.085502 -0.178364 0.308273 0.927199 1.297789 0.096533 -0.310122 0.497565 -1.046268
0.229168 0.928571 -0.543231 1.100664 -0.055248 0.095407 -0.199196 0.343985 0.956432 1.328836 0.859900 1.638958 0.538412 -1.045900
0.187501 0.928571 -0.656861 1.100664 -0.066805 0.095407 -0.240862 0.343985 0.947313 1.371551 0.087413 -0.267406 0.555178 -0.959929
0.166666 0.928571 -0.713680 1.100664 -0.072584 0.095407 -0.261697 0.343985 0.943410 1.393201 0.855997 1.660607 0.564530 -0.920432
0.187501 0.928571 -0.656861 1.100664 -0.066805 0.095407 -0.240862 0.343985 0.947313 1.371551 0.091316 -0.289056 0.555178 -0.959929
0.208333 0.928571 -0.600050 1.100664 -0.061027 0.095407 -0.220030 0.343985 0.951655 1.350093 0.860339 1.639148 0.546463 -1.001731
0.229168 0.928571 -0.543231 1.100664 -0.055248 0.095407 -0.199196 0.343985 0.956432 1.328836 0.096093 -0.310313 0.538412 -1.045900
0.333335 0.928571 -0.259152 1.100664 -0.026357 0.095407 -0.095028 0.343985 0.986589 1.226147 0.890496 1.536460 0.509155 -1.301263
0.458335 0.964288 0.081737 1.214949 0.008313 0.105313 0.029972 0.379702 1.067672 1.127096 0.177176 -0.409364 0.536763 1.492024
0.583335 1.000000 0.422627 1.329217 0.042982 0.115218 0.154972 0.415414 1.157704 1.042721 0.980528 1.452085 0.592271 1.213733
0.645833 1.000000 0.593067 1.329217 0.060317 0.115218 0.217470 0.415414 1.190420 0.997356 0.209892 -0.454729 0.611606 1.088525
0.791667 1.000000 0.990776 1.329217 0.100765 0.115218 0.363304 0.415414 1.275436 0.901157 1.065544 1.355886 0.677317 0.852215
0.875000 1.000000 1.218035 1.329217 0.123878 0.115218 0.446637 0.415414 1.328768 0.851966 0.263224 -0.503920 0.725433 0.749194
0.958333 1.000000 1.445295 1.329217 0.146991 0.115218 0.529970 0.415414 1.385064 0.806671 1.121840 1.310591 0.779511 0.664811
1.000000 0.964288 1.558925 1.214949 0.158548 0.105313 0.571637 0.379702 1.389191 0.767220 0.267351 -0.543371 0.783572 0.586318
1.000000 0.928571 1.558925 1.100664 0.158548 0.095407 0.571637 0.343985 1.364641 0.748378 1.097290 1.291749 0.759590 0.541708
0.979168 0.785714 1.502114 0.643558 0.152770 0.055784 0.550805 0.201128 1.255435 0.676221 0.158145 -0.615528 0.656572 0.350109
0.958333 0.750003 1.445295 0.529290 0.146991 0.045879 0.529970 0.165416 1.216925 0.664048 1.058780 1.279576 0.619936 0.302542
0.916667 0.678569 1.331665 0.300719 0.135435 0.026067 0.488304 0.093982 1.140497 0.637236 0.081717 -0.642340 0.548674 0.190142
0.875000 0.678569 1.218035 0.300719 0.123878 0.026067 0.446637 0.093982 1.107286 0.659627 1.025568 1.301967 0.511945 0.207396
0.854166 0.750003 1.161216 0.529290 0.118099 0.045879 0.425802 0.165416 1.136707 0.720557 0.111139 -0.581410 0.533629 0.370537
0.854166 0.857143 1.161216 0.872111 0.118099 0.075595 0.425802 0.272556 1.210080 0.787138 1.098941 1.368548 0.604285 0.569385
0.875000 0.928571 1.218035 1.100664 0.123878 0.095407 0.446637 0.343985 1.275880 0.815092 0.176940 -0.553456 0.670592 0.656283
0.895832 1.000000 1.274846 1.329217 0.129656 0.115218 0.467469 0.415414 1.342578 0.840289 1.165638 1.393745 0.738442 0.726506
