0.250001 0.771429 -0.627856 0.663557 -0.055157 0.052128 -0.220733 0.208610 0.810927 1.257401 0.810927 1.257401 0.373016 -0.757171
0.250001 0.800003 -0.627856 0.754445 -0.055157 0.059268 -0.220733 0.237184 0.838155 1.267911 0.027228 0.010510 0.396410 -0.821309
0.204543 0.800003 -0.757157 0.754445 -0.066516 0.059268 -0.266191 0.237184 0.825737 1.320481 0.798509 1.309971 0.423409 -0.727837
0.181818 0.771429 -0.821798 0.663557 -0.072195 0.052128 -0.288916 0.208610 0.792566 1.339331 -0.005943 0.029360 0.417001 -0.625368
0.136363 0.714286 -0.951089 0.481795 -0.083553 0.037849 -0.334371 0.151468 0.727186 1.382158 0.733130 1.352797 0.413668 -0.425340
0.113634 0.657144 -1.015740 0.300033 -0.089232 0.023570 -0.357099 0.094325 0.666896 1.399568 -0.066234 0.046771 0.402826 -0.258244
0.068180 0.571427 -1.145031 0.027383 -0.100590 0.002151 -0.402554 0.008609 0.575480 1.452043 0.641714 1.405272 0.414956 -0.021382
0.045454 0.485715 -1.209672 -0.245254 -0.106269 -0.019267 -0.425279 -0.077103 0.487838 1.477486 -0.153876 0.072214 0.425543 0.179352
0.022725 0.399999 -1.274322 -0.517904 -0.111949 -0.040685 -0.448008 -0.162820 0.400644 1.514044 0.554521 1.441830 0.453558 0.348589
0.000000 0.314287 -1.338963 -0.790540 -0.117627 -0.062103 -0.470734 -0.248531 0.314287 1.570796 -0.240233 0.128967 0.496050 0.485769
0.000000 0.257144 -1.338963 -0.972302 -0.117627 -0.076382 -0.470734 -0.305674 0.257144 1.570796 0.497378 1.441830 0.516924 0.575923
0.000000 0.171428 -1.338963 -1.244953 -0.117627 -0.097801 -0.470734 -0.391390 0.171428 1.570796 -0.325950 0.128967 0.557830 0.693624
0.022725 0.114285 -1.274322 -1.426715 -0.111949 -0.112080 -0.448008 -0.448533 0.116523 1.374508 0.442473 1.245542 0.572509 0.785984
0.045454 0.057143 -1.209672 -1.608477 -0.106269 -0.126359 -0.425279 -0.505676 0.073016 0.898834 -0.369456 -0.346708 0.593228 0.871544
0.090909 0.028574 -1.080381 -1.699351 -0.094911 -0.133498 -0.379825 -0.534245 0.095294 0.304533 0.464750 0.651241 0.582900 0.952755
0.181818 0.000000 -0.821798 -1.790239 -0.072195 -0.140638 -0.288916 -0.562819 0.181818 0.000000 -0.282932 -0.651241 0.552325 1.096535
0.227272 0.000000 -0.692507 -1.790239 -0.060836 -0.140638 -0.243462 -0.562819 0.227272 0.000000 0.510204 0.651241 0.529966 1.162526
0.272726 0.000000 -0.563216 -1.790239 -0.049478 -0.140638 -0.198007 -0.562819 0.272726 0.000000 -0.237478 -0.651241 0.510683 1.232507
0.318181 0.085716 -0.433924 -1.517589 -0.038120 -0.119219 -0.152553 -0.477102 0.329524 0.263148 0.567002 0.914389 0.414139 1.261321
0.340910 0.114285 -0.369274 -1.426715 -0.032441 -0.112080 -0.129824 -0.448533 0.359556 0.323463 -0.207446 -0.590926 0.379354 1.289054
0.340910 0.171428 -0.369274 -1.244953 -0.032441 -0.097801 -0.129824 -0.391390 0.381585 0.465929 0.589031 1.056855 0.326249 1.250517
0.363635 0.200002 -0.304633 -1.154065 -0.026762 -0.090661 -0.107099 -0.362817 0.415007 0.502848 -0.174023 -0.554007 0.291146 1.283762
0.363635 0.228571 -0.304633 -1.063190 -0.026762 -0.083522 -0.107099 -0.334248 0.429506 0.561164 0.603529 1.115171 0.264788 1.260715
0.386364 0.228571 -0.239983 -1.063190 -0.021082 -0.083522 -0.084370 -0.334248 0.448912 0.534216 -0.154617 -0.580955 0.256439 1.323544
0.409090 0.200002 -0.175342 -1.154065 -0.015404 -0.090661 -0.061644 -0.362817 0.455362 0.454724 0.609980 1.035679 0.277661 1.402499
0.431818 0.171428 -0.110691 -1.244953 -0.009724 -0.097801 -0.038915 -0.391390 0.464602 0.377910 -0.145378 -0.657768 0.301825 1.471694
0.454544 0.171428 -0.046051 -1.244953 -0.004046 -0.097801 -0.016190 -0.391390 0.485796 0.360648 0.631174 1.018417 0.299743 1.529455
0.477273 0.142859 0.018600 -1.335827 0.001634 -0.104940 0.006539 -0.419960 0.498195 0.290836 -0.132979 -0.727581 0.327940 -1.555227
0.522727 0.114285 0.147891 -1.426715 0.012992 -0.112080 0.051993 -0.448533 0.535075 0.215246 0.668054 0.942827 0.360220 -1.455393
0.545453 0.114285 0.212532 -1.426715 0.018671 -0.112080 0.074719 -0.448533 0.557297 0.206536 -0.110757 -0.736291 0.364195 -1.405727
0.590907 0.114285 0.341823 -1.426715 0.030029 -0.112080 0.120173 -0.448533 0.601857 0.191048 0.712614 0.927339 0.376161 -1.309019
0.681816 0.114285 0.600406 -1.426715 0.052745 -0.112080 0.211082 -0.448533 0.691328 0.166075 -0.021287 -0.761263 0.414260 -1.130940
0.704545 0.142859 0.665056 -1.335827 0.058425 -0.104940 0.233811 -0.419960 0.718882 0.200055 0.740169 0.961319 0.402703 -1.062788
0.727270 0.200002 0.729697 -1.154065 0.064104 -0.090661 0.256536 -0.362817 0.754270 0.268369 0.014100 -0.692949 0.372970 -0.955342
0.727270 0.228571 0.729697 -1.063190 0.064104 -0.083522 0.256536 -0.334248 0.762343 0.304511 0.748242 0.997461 0.352780 -0.916186
0.749999 0.285714 0.794347 -0.881428 0.069783 -0.069243 0.279265 -0.277105 0.802578 0.363979 0.054335 -0.633482 0.334995 -0.781515
0.749999 0.342856 0.794347 -0.699666 0.069783 -0.054964 0.279265 -0.219962 0.824651 0.428778 0.770316 1.062260 0.307151 -0.667162
0.727270 0.428573 0.729697 -0.427016 0.064104 -0.033545 0.256536 -0.134246 0.844154 0.532507 0.073839 -0.529753 0.259978 -0.482115
0.681816 0.571427 0.600406 0.027383 0.052745 0.002151 0.211082 0.008609 0.889608 0.697543 0.815769 1.227296 0.233869 0.040761
0.659090 0.628570 0.535765 0.209145 0.047067 0.016430 0.188357 0.065751 0.910769 0.761700 0.095000 -0.465595 0.245745 0.335854
0.613636 0.714286 0.406474 0.481795 0.035709 0.037849 0.142902 0.151468 0.941676 0.861049 0.846676 1.326644 0.282381 0.814487
0.522727 0.800003 0.147891 0.754445 0.012992 0.059268 0.051993 0.237184 0.955640 0.992030 0.108964 -0.334614 0.333349 1.354998
0.454544 0.857145 -0.046051 0.936207 -0.004046 0.073547 -0.016190 0.294327 0.970210 1.083204 0.861247 1.417818 0.386751 -1.515845
0.409090 0.885715 -0.175342 1.027082 -0.015404 0.080685 -0.061644 0.322896 0.975625 1.138111 0.114379 -0.279707 0.419534 -1.382156
0.295455 0.914288 -0.498565 1.117970 -0.043799 0.087825 -0.175278 0.351469 0.960842 1.258236 0.846463 1.537942 0.476931 -1.108188
0.272726 0.914288 -0.563216 1.117970 -0.049478 0.087825 -0.198007 0.351469 0.954098 1.280906 0.107635 -0.257037 0.485744 -1.057746
0.227272 0.914288 -0.692507 1.117970 -0.060836 0.087825 -0.243462 0.351469 0.942112 1.327156 0.834477 1.584193 0.505978 -0.964989
0.204543 0.914288 -0.757157 1.117970 -0.066516 0.087825 -0.266191 0.351469 0.936889 1.350702 0.102411 -0.233491 0.517299 -0.922598
0.159089 0.914288 -0.886449 1.117970 -0.077874 0.087825 -0.311645 0.351469 0.928026 1.398518 0.825615 1.632009 0.542091 -0.845383
0.136363 0.914288 -0.951089 1.117970 -0.083553 0.087825 -0.334371 0.351469 0.924401 1.422741 0.098787 -0.209269 0.555467 -0.810324
0.136363 0.942857 -0.951089 1.208844 -0.083553 0.094964 -0.334371 0.380039 0.952667 1.427165 0.853880 1.636433 0.578536 -0.849235
0.159089 0.942857 -0.886449 1.208844 -0.077874 0.094964 -0.311645 0.380039 0.956185 1.403640 0.102304 -0.232793 0.565706 -0.883958
0.227272 0.942857 -0.692507 1.208844 -0.060836 0.094964 -0.243462 0.380039 0.969862 1.334263 0.867558 1.567055 0.531201 -1.001041
0.272726 0.942857 -0.563216 1.208844 -0.049478 0.094964 -0.198007 0.380039 0.981509 1.289226 0.113951 -0.277829 0.511964 -1.090475
0.363635 0.971431 -0.304633 1.299732 -0.026762 0.102104 -0.107099 0.408612 1.037260 1.212614 0.923309 1.490443 0.512023 -1.314459
0.545453 1.000000 0.212532 1.390606 0.018671 0.109243 0.074719 0.437181 1.139087 1.071451 0.215778 -0.418992 0.534514 1.401521
0.613636 1.000000 0.406474 1.390606 0.035709 0.109243 0.142902 0.437181 1.173264 1.020411 0.957487 1.439403 0.548219 1.254872
0.704545 1.000000 0.665056 1.390606 0.058425 0.109243 0.233811 0.437181 1.223267 0.957027 0.265781 -0.482376 0.578611 1.079686
0.840908 1.000000 1.052930 1.390606 0.092499 0.109243 0.370174 0.437181 1.306570 0.871604 1.040790 1.353980 0.645873 0.868204
0.886362 1.000000 1.182221 1.390606 0.103858 0.109243 0.415629 0.437181 1.336278 0.845567 0.295488 -0.508413 0.672956 0.810665
0.954546 0.971431 1.376163 1.299732 0.120895 0.102104 0.483812 0.408612 1.361923 0.794165 1.066435 1.302578 0.696255 0.701332
1.000000 0.885715 1.505454 1.027082 0.132253 0.080685 0.529266 0.322896 1.335848 0.724866 0.269413 -0.577712 0.672556 0.547800
1.000000 0.857145 1.505454 0.936207 0.132253 0.073547 0.529266 0.294327 1.317079 0.708628 1.047666 1.286340 0.655314 0.507517
1.000000 0.800003 1.505454 0.754445 0.132253 0.059268 0.529266 0.237184 1.280626 0.674743 0.232960 -0.611597 0.623330 0.421304
0.977271 0.714286 1.440804 0.481795 0.126574 0.037849 0.506537 0.151468 1.210481 0.631164 0.977521 1.242761 0.562048 0.290563
0.931817 0.685713 1.311512 0.390907 0.115216 0.030709 0.461083 0.122894 1.156929 0.634408 0.179408 -0.608353 0.508737 0.260478
0.909088 0.685713 1.246862 0.390907 0.109536 0.030709 0.438354 0.122894 1.138702 0.646239 0.959294 1.254592 0.488232 0.273337
0.886362 0.714286 1.182221 0.481795 0.103858 0.037849 0.415629 0.151468 1.138351 0.678306 0.179057 -0.576286 0.481731 0.349472
0.886362 0.771429 1.182221 0.663557 0.103858 0.052128 0.415629 0.208610 1.175049 0.716180 0.995992 1.292466 0.512996 0.465179
0.886362 0.828572 1.182221 0.845320 0.103858 0.066407 0.415629 0.265753 1.213330 0.751713 0.217338 -0.540754 0.548448 0.568888
0.909088 0.885715 1.246862 1.027082 0.109536 0.080685 0.438354 0.322896 1.269225 0.772376 1.051887 1.313130 0.603625 0.634876
0.931817 0.914288 1.311512 1.117970 0.115216 0.087825 0.461083 0.351469 1.305452 0.775904 0.253565 -0.537226 0.639795 0.651307
0.977271 0.971431 1.440804 1.299732 0.126574 0.102104 0.506537 0.408612 1.377947 0.782401 1.124381 1.319627 0.712234 0.678799
