0.152175 0.826088 -0.743605 1.125330 -0.072902 0.098296 -0.262343 0.353722 0.839987 1.388627 0.839987 1.388627 0.488071 -0.932650
0.108697 0.739131 -0.866843 0.848688 -0.084985 0.074131 -0.305822 0.266766 0.747081 1.424783 -0.092906 0.036156 0.445982 -0.717294
0.065219 0.652175 -0.990081 0.572045 -0.097067 0.049967 -0.349300 0.179809 0.655428 1.471126 0.748334 1.434970 0.422482 -0.475395
0.021741 0.521737 -1.113318 0.157071 -0.109149 0.013720 -0.392778 0.049372 0.522190 1.529151 -0.226144 0.094181 0.407149 -0.125043
0.000000 0.391306 -1.174942 -0.257882 -0.115190 -0.022526 -0.414518 -0.081059 0.391306 1.570796 0.617450 1.476616 0.415168 0.193114
0.000000 0.260869 -1.174942 -0.672856 -0.115190 -0.058773 -0.414518 -0.211497 0.260869 1.570796 -0.356581 0.094181 0.442079 0.471793
0.000000 0.173912 -1.174942 -0.949498 -0.115190 -0.082937 -0.414518 -0.298453 0.173912 1.570796 0.530494 1.476616 0.479288 0.624023
0.000000 0.086956 -1.174942 -1.226141 -0.115190 -0.107101 -0.414518 -0.385409 0.086956 1.570796 -0.443537 0.094181 0.528321 0.749025
0.021741 0.043481 -1.113318 -1.364452 -0.109149 -0.119182 -0.392778 -0.428884 0.048614 1.107149 0.492151 1.012968 0.540317 0.829313
0.065219 0.000000 -0.990081 -1.502783 -0.097067 -0.131265 -0.349300 -0.472366 0.065219 0.000000 -0.426932 -1.012968 0.542066 0.934069
0.108697 0.000000 -0.866843 -1.502783 -0.084985 -0.131265 -0.305822 -0.472366 0.108697 0.000000 0.535629 1.012968 0.515124 0.996233
0.152175 0.000000 -0.743605 -1.502783 -0.072902 -0.131265 -0.262343 -0.472366 0.152175 0.000000 -0.383454 -1.012968 0.490561 1.063830
0.173916 0.000000 -0.681982 -1.502783 -0.066861 -0.131265 -0.240603 -0.472366 0.173916 0.000000 0.557370 1.012968 0.479286 1.099691
0.195653 0.043481 -0.620368 -1.364452 -0.060820 -0.119182 -0.218865 -0.428884 0.200427 0.218683 -0.356943 -0.794285 0.430779 1.098932
0.217394 0.086956 -0.558744 -1.226141 -0.054779 -0.107101 -0.197125 -0.385409 0.234140 0.380501 0.591083 1.174786 0.382302 1.098016
0.239131 0.086956 -0.497130 -1.226141 -0.048738 -0.107101 -0.175387 -0.385409 0.254451 0.348769 -0.336633 -0.826017 0.371561 1.143737
0.260872 0.130438 -0.435507 -1.087809 -0.042697 -0.095018 -0.153646 -0.341928 0.291664 0.463653 0.628297 1.289670 0.322969 1.148480
0.282609 0.130438 -0.373893 -1.087809 -0.036656 -0.095018 -0.131909 -0.341928 0.311259 0.432415 -0.317038 -0.857255 0.313212 1.202608
0.304350 0.086956 -0.312269 -1.226141 -0.030615 -0.107101 -0.110168 -0.385409 0.316529 0.278297 0.633567 1.135552 0.345592 1.292373
0.347828 0.043481 -0.189032 -1.364452 -0.018533 -0.119182 -0.066690 -0.428884 0.350535 0.124363 -0.283031 -1.011188 0.376983 1.416535
0.369566 0.000000 -0.127418 -1.502783 -0.012492 -0.131265 -0.044953 -0.472366 0.369566 0.000000 0.652597 1.011188 0.416949 1.475917
0.413044 0.000000 -0.004180 -1.502783 -0.000410 -0.131265 -0.001475 -0.472366 0.413044 0.000000 -0.239553 -1.011188 0.414521 1.567674
0.456522 0.000000 0.119058 -1.502783 0.011672 -0.131265 0.042003 -0.472366 0.456522 0.000000 0.696075 1.011188 0.416641 -1.482108
0.500000 0.000000 0.242295 -1.502783 0.023754 -0.131265 0.085482 -0.472366 0.500000 0.000000 -0.196075 -1.011188 0.423241 -1.391769
0.521741 0.043481 0.303919 -1.364452 0.029796 -0.119182 0.107222 -0.428884 0.523549 0.083147 0.719625 1.094335 0.386219 -1.325815
0.543478 0.086956 0.365533 -1.226141 0.035837 -0.107101 0.128960 -0.385409 0.550391 0.158655 -0.169234 -0.935681 0.352034 -1.247902
0.565219 0.173912 0.427156 -0.949498 0.041878 -0.082937 0.150700 -0.298453 0.591369 0.298497 0.760603 1.234178 0.283905 -1.103206
0.565219 0.260869 0.427156 -0.672856 0.041878 -0.058773 0.150700 -0.211497 0.622515 0.432406 -0.138089 -0.801772 0.215218 -0.951703
0.543478 0.347825 0.365533 -0.396214 0.035837 -0.034609 0.128960 -0.124541 0.645252 0.569312 0.783341 1.371084 0.145185 -0.767968
0.521741 0.391306 0.303919 -0.257882 0.029796 -0.022526 0.107222 -0.081059 0.652176 0.643502 -0.131165 -0.727582 0.109706 -0.647326
0.413044 0.521737 -0.004180 0.157071 -0.000410 0.013720 -0.001475 0.049372 0.665444 0.901155 0.796608 1.628738 0.107229 -1.540935
0.347828 0.565219 -0.189032 0.295403 -0.018533 0.025803 -0.066690 0.092853 0.663669 1.019140 -0.132939 -0.609598 0.164797 -0.947937
0.304350 0.608694 -0.312269 0.433713 -0.030615 0.037884 -0.110168 0.136328 0.680542 1.107144 0.813481 1.716742 0.223251 -0.891128
0.260872 0.652175 -0.435507 0.572045 -0.042697 0.049967 -0.153646 0.179809 0.702415 1.190287 -0.111066 -0.526455 0.282998 -0.863698
0.217394 0.652175 -0.558744 0.572045 -0.054779 0.049967 -0.197125 0.179809 0.687454 1.249043 0.798519 1.775498 0.308770 -0.739493
0.195653 0.695650 -0.620368 0.710356 -0.060820 0.062048 -0.218865 0.223284 0.722640 1.296627 -0.075879 -0.478871 0.356282 -0.795392
0.152175 0.695650 -0.743605 0.710356 -0.072902 0.062048 -0.262343 0.223284 0.712100 1.355436 0.787979 1.834307 0.384524 -0.705141
0.152175 0.739131 -0.743605 0.848688 -0.072902 0.074131 -0.262343 0.266766 0.754634 1.367750 -0.033345 -0.466557 0.417370 -0.793756
0.130438 0.739131 -0.805220 0.848688 -0.078943 0.074131 -0.284081 0.266766 0.750552 1.396121 0.783897 1.862678 0.431365 -0.753975
0.152175 0.782606 -0.743605 0.986998 -0.072902 0.086213 -0.262343 0.310240 0.797264 1.378746 0.013366 -0.483932 0.452009 -0.868855
0.195653 0.826088 -0.620368 1.125330 -0.060820 0.098296 -0.218865 0.353722 0.848941 1.338238 0.835575 1.822170 0.466145 -1.016704
0.282609 0.869562 -0.373893 1.263641 -0.036656 0.110377 -0.131909 0.397197 0.914334 1.256563 0.078760 -0.565607 0.473777 -1.250156
0.369566 0.913044 -0.127418 1.401972 -0.012492 0.122460 -0.044953 0.440678 0.985001 1.186191 0.906242 1.751799 0.500548 -1.469140
0.456522 0.956519 0.119058 1.540283 0.011672 0.134541 0.042003 0.484153 1.059877 1.125494 0.153636 -0.626305 0.543625 1.484257
0.608697 1.000000 0.550394 1.678615 0.053960 0.146624 0.194178 0.527634 1.170689 1.024007 1.017053 1.650311 0.616842 1.218162
0.695653 1.000000 0.796869 1.678615 0.078124 0.146624 0.281135 0.527634 1.218168 0.962994 0.201115 -0.687318 0.649481 1.081238
0.782609 1.000000 1.043344 1.678615 0.102289 0.146624 0.368091 0.527634 1.269834 0.906750 1.068719 1.594067 0.691578 0.961666
0.847828 1.000000 1.228205 1.678615 0.120412 0.146624 0.433310 0.527634 1.311035 0.867564 0.242316 -0.726503 0.728386 0.883243
0.956522 0.869562 1.536294 1.263641 0.150617 0.110377 0.542003 0.397197 1.292700 0.737813 1.050384 1.464316 0.707695 0.632422
0.978263 0.826088 1.597918 1.125330 0.156658 0.098296 0.563744 0.353722 1.280398 0.701259 0.230014 -0.763057 0.697995 0.560360
1.000000 0.739131 1.659532 0.848688 0.162699 0.074131 0.585482 0.266766 1.243509 0.636509 1.013495 1.399566 0.669449 0.427530
1.000000 0.695650 1.659532 0.710356 0.162699 0.062048 0.585482 0.223284 1.218166 0.607800 0.204671 -0.791765 0.649479 0.364342
0.934784 0.565219 1.474680 0.295403 0.144576 0.025803 0.520266 0.092853 1.092380 0.543833 0.887709 1.335598 0.541652 0.176613
0.913044 0.565219 1.413057 0.295403 0.138535 0.025803 0.498525 0.092853 1.073835 0.554308 0.186126 -0.781289 0.520805 0.184146
0.891306 0.565219 1.351443 0.295403 0.132494 0.025803 0.476788 0.092853 1.055414 0.565150 0.869289 1.346439 0.500037 0.192340
0.847828 0.652175 1.228205 0.572045 0.120412 0.049967 0.433310 0.179809 1.069647 0.655695 0.200359 -0.690744 0.494204 0.393342
0.847828 0.739131 1.228205 0.848688 0.120412 0.074131 0.433310 0.266766 1.124779 0.717011 0.924420 1.407755 0.541416 0.551845
0.869566 0.826088 1.289819 1.125330 0.126453 0.098296 0.455047 0.353722 1.199402 0.759763 0.274982 -0.647992 0.613561 0.660764
0.934784 1.000000 1.474680 1.678615 0.144576 0.146624 0.520266 0.527634 1.368876 0.819092 1.093895 1.467084 0.783240 0.792430
