0.208333 0.833334 -0.562034 0.998408 -0.053941 0.087825 -0.192362 0.313196 0.858981 1.325819 0.858981 1.325819 0.473477 -1.020007
0.187501 0.833334 -0.622899 0.998408 -0.059783 0.087825 -0.213194 0.313196 0.854168 1.349481 -0.004813 0.023662 0.482316 -0.973137
0.166666 0.833334 -0.683773 0.998408 -0.065625 0.087825 -0.234029 0.313196 0.849838 1.373402 0.854651 1.349739 0.491880 -0.929071
0.125000 0.833334 -0.805512 0.998408 -0.077309 0.087825 -0.275695 0.313196 0.842657 1.421907 -0.011994 0.072168 0.513015 -0.848992
0.083333 0.791665 -0.927251 0.865574 -0.088993 0.076140 -0.317362 0.271526 0.796039 1.465919 0.808032 1.393752 0.503563 -0.707720
0.062501 0.666669 -0.988116 0.467110 -0.094835 0.041089 -0.338194 0.146530 0.669592 1.477318 -0.138440 0.083566 0.430252 -0.408857
0.041667 0.583330 -1.048990 0.201441 -0.100677 0.017720 -0.359028 0.063191 0.584816 1.499489 0.723256 1.415923 0.402811 -0.174221
0.000000 0.458334 -1.170729 -0.197023 -0.112361 -0.017331 -0.400695 -0.061805 0.458334 1.570796 -0.264922 0.154874 0.404819 0.153039
0.000000 0.333331 -1.170729 -0.595507 -0.112361 -0.052384 -0.400695 -0.186807 0.333331 1.570796 0.598254 1.415923 0.406318 0.436251
0.000000 0.249998 -1.170729 -0.861156 -0.112361 -0.075752 -0.400695 -0.270140 0.249998 1.570796 -0.348255 0.154874 0.428096 0.593186
0.020835 0.166666 -1.109855 -1.126805 -0.106519 -0.099120 -0.379860 -0.353473 0.167963 1.446432 0.516218 1.291558 0.446165 0.749431
0.041667 0.083333 -1.048990 -1.392454 -0.100677 -0.122487 -0.359028 -0.436806 0.093169 1.107147 -0.423049 -0.184410 0.479187 0.882820
0.062501 0.041670 -0.988116 -1.525269 -0.094835 -0.134170 -0.338194 -0.478469 0.075118 0.588024 0.498168 0.772435 0.493228 0.955505
0.125000 0.000000 -0.805512 -1.658104 -0.077309 -0.145855 -0.275695 -0.520139 0.125000 0.000000 -0.373168 -0.772435 0.486379 1.083405
0.145834 0.041670 -0.744638 -1.525269 -0.071467 -0.134170 -0.254861 -0.478469 0.151671 0.278316 0.524839 1.050751 0.440288 1.081365
0.166666 0.041670 -0.683773 -1.525269 -0.065625 -0.134170 -0.234029 -0.478469 0.171796 0.244996 -0.353042 -0.805755 0.428566 1.115891
0.187501 0.083333 -0.622899 -1.392454 -0.059783 -0.122487 -0.213194 -0.436806 0.205185 0.418220 0.558228 1.223975 0.382322 1.116734
0.208333 0.125002 -0.562034 -1.259620 -0.053941 -0.110803 -0.192362 -0.395136 0.242957 0.540429 -0.315271 -0.683546 0.336169 1.117744
0.208333 0.166666 -0.562034 -1.126805 -0.053941 -0.099120 -0.192362 -0.353473 0.266796 0.674739 0.582066 1.358285 0.302941 1.072412
0.229168 0.166666 -0.501160 -1.126805 -0.048099 -0.099120 -0.171527 -0.353473 0.283364 0.628792 -0.298702 -0.729494 0.290158 1.119008
0.250002 0.166666 -0.440286 -1.126805 -0.042257 -0.099120 -0.150693 -0.353473 0.300464 0.587995 0.599166 1.317489 0.278349 1.167808
0.250002 0.125002 -0.440286 -1.259620 -0.042257 -0.110803 -0.150693 -0.395136 0.279512 0.463651 -0.319655 -0.853838 0.314189 1.206454
0.270834 0.125002 -0.379421 -1.259620 -0.036415 -0.110803 -0.129861 -0.395136 0.298290 0.432414 0.617944 1.286252 0.304746 1.253268
0.291669 0.083333 -0.318547 -1.392454 -0.030573 -0.122487 -0.109026 -0.436806 0.303340 0.278296 -0.314604 -1.007956 0.335567 1.326196
0.333335 0.083333 -0.196807 -1.392454 -0.018889 -0.122487 -0.067360 -0.436806 0.343594 0.244976 0.658198 1.252931 0.324432 1.417792
0.375002 0.041670 -0.075068 -1.525269 -0.007205 -0.134170 -0.025693 -0.478469 0.377310 0.110664 -0.280888 -1.142267 0.359944 1.517150
0.437500 0.083333 0.107536 -1.392454 0.010321 -0.122487 0.036805 -0.436806 0.445366 0.188220 0.726254 1.330487 0.319489 -1.486735
0.479167 0.125002 0.229275 -1.259620 0.022005 -0.110803 0.078472 -0.395136 0.495203 0.255187 -0.231051 -1.075300 0.286643 -1.374753
0.479167 0.166666 0.229275 -1.126805 0.022005 -0.099120 0.078472 -0.353473 0.507325 0.334735 0.738376 1.410035 0.246835 -1.352337
0.479167 0.249998 0.229275 -0.861156 0.022005 -0.075752 0.078472 -0.270140 0.540463 0.480885 -0.197913 -0.929151 0.169904 -1.288091
0.479167 0.375001 0.229275 -0.462672 0.022005 -0.040699 0.078472 -0.145138 0.608462 0.664047 0.806375 1.593198 0.082571 -1.075144
0.458335 0.458334 0.168410 -0.197023 0.016163 -0.017331 0.057640 -0.061805 0.648183 0.785397 -0.158192 -0.807801 0.081514 -0.820254
0.416669 0.541666 0.046671 0.068626 0.004479 0.006037 0.015974 0.021528 0.683385 0.915098 0.841577 1.722900 0.141874 0.932435
0.375002 0.624999 -0.075068 0.334275 -0.007205 0.029405 -0.025693 0.104861 0.728869 1.030374 -0.112708 -0.692526 0.225771 -1.330509
0.291669 0.791665 -0.318547 0.865574 -0.030573 0.076140 -0.109026 0.271526 0.843685 1.217803 0.956393 1.910328 0.405887 -1.188971
0.250002 0.833334 -0.440286 0.998408 -0.042257 0.087825 -0.150693 0.313196 0.870027 1.279337 -0.086366 -0.630991 0.458132 -1.122346
0.208333 0.874998 -0.562034 1.131223 -0.053941 0.099508 -0.192362 0.354859 0.899457 1.337053 0.985823 1.968044 0.511826 -1.074053
0.166666 0.916667 -0.683773 1.264058 -0.065625 0.111193 -0.234029 0.396528 0.931695 1.390943 -0.054128 -0.577101 0.566566 -1.037618
0.145834 0.958330 -0.744638 1.396872 -0.071467 0.122876 -0.254861 0.438192 0.969363 1.419779 1.023491 1.996880 0.613116 -1.044002
0.187501 1.000000 -0.622899 1.529707 -0.059783 0.134561 -0.213194 0.479861 1.017426 1.385447 -0.006064 -0.611433 0.636096 -1.152707
0.229168 1.000000 -0.501160 1.529707 -0.048099 0.134561 -0.171527 0.479861 1.025923 1.345519 1.031987 1.956951 0.623368 -1.227498
0.291669 1.000000 -0.318547 1.529707 -0.030573 0.134561 -0.109026 0.479861 1.041667 1.287000 0.009680 -0.669951 0.609141 -1.347386
0.354167 1.000000 -0.135943 1.529707 -0.013047 0.134561 -0.046528 0.479861 1.060865 1.230414 1.051185 1.900365 0.601108 -1.474137
0.458335 1.000000 0.168410 1.529707 0.016163 0.134561 0.057640 0.479861 1.100032 1.141033 0.048848 -0.759333 0.602071 1.451251
0.541668 1.000000 0.411888 1.529707 0.039531 0.134561 0.140973 0.479861 1.137279 1.074372 1.088432 1.833705 0.615662 1.285057
0.729166 1.000000 0.959709 1.529707 0.092109 0.134561 0.328471 0.479861 1.237612 0.940763 0.149180 -0.892942 0.683418 0.970541
0.812499 0.958330 1.203187 1.396872 0.115476 0.122876 0.411804 0.438192 1.256404 0.867565 1.107224 1.760507 0.693210 0.816433
0.916667 0.833334 1.507539 0.998408 0.144687 0.087825 0.515972 0.313196 1.238840 0.737816 0.131616 -1.022691 0.673353 0.545552
0.958333 0.791665 1.629278 0.865574 0.156371 0.076140 0.557638 0.271526 1.243035 0.690445 1.111419 1.713137 0.681042 0.453130
1.000000 0.708332 1.751017 0.599925 0.168055 0.052772 0.599305 0.188193 1.225453 0.616296 0.114033 -1.096841 0.673652 0.304268
1.000000 0.666669 1.751017 0.467110 0.168055 0.041089 0.599305 0.146530 1.201852 0.588004 1.087818 1.684845 0.655674 0.239795
1.000000 0.583330 1.751017 0.201441 0.168055 0.017720 0.599305 0.063191 1.157702 0.528072 0.069883 -1.156773 0.626516 0.105052
0.958333 0.499997 1.629278 -0.064208 0.156371 -0.005648 0.557638 -0.020142 1.080925 0.480885 1.011042 1.637658 0.566411 -0.036104
0.937502 0.499997 1.568413 -0.064208 0.150529 -0.005648 0.536807 -0.020142 1.062500 0.489954 0.051458 -1.147704 0.545914 -0.037504
0.875000 0.458334 1.385800 -0.197023 0.133003 -0.017331 0.474305 -0.061805 0.987773 0.482513 0.936315 1.630217 0.477795 -0.129576
0.833334 0.499997 1.264061 -0.064208 0.121319 -0.005648 0.432639 -0.020142 0.971824 0.540416 0.035509 -1.089801 0.443889 -0.046522
0.812499 0.624999 1.203187 0.334275 0.115476 0.029405 0.411804 0.104861 1.025075 0.655696 0.989566 1.745496 0.468930 0.249338
0.812499 0.666669 1.203187 0.467110 0.115476 0.041089 0.411804 0.146530 1.051000 0.687126 0.061435 -1.058370 0.490229 0.341854
0.812499 0.708332 1.203187 0.599925 0.115476 0.052772 0.411804 0.188193 1.077910 0.717012 1.016475 1.775381 0.514026 0.428658
0.812499 0.750002 1.203187 0.732759 0.115476 0.064457 0.411804 0.229863 1.105738 0.745421 0.089263 -1.029960 0.539998 0.509106
