0.274998 0.823533 -0.525011 1.048337 -0.043404 0.083362 -0.167858 0.322388 0.868234 1.248514 0.868234 1.248514 0.416042 -1.090747
0.250000 0.823533 -0.603197 1.048337 -0.049868 0.083362 -0.192857 0.322388 0.860643 1.276067 -0.007591 0.027554 0.426741 -1.031691
0.224998 0.764705 -0.681396 0.857040 -0.056333 0.068150 -0.217858 0.263559 0.797118 1.284643 0.804709 1.257089 0.388650 -0.880044
0.200000 0.705885 -0.759582 0.665771 -0.062797 0.052941 -0.242857 0.204740 0.733672 1.294700 -0.071038 0.037612 0.357999 -0.700445
0.174998 0.647057 -0.837781 0.474474 -0.069262 0.037729 -0.267858 0.145912 0.670304 1.306663 0.741342 1.269051 0.336818 -0.498792
0.100000 0.529410 -1.072352 0.091909 -0.088654 0.007308 -0.342857 0.028264 0.538771 1.384106 -0.202570 0.115055 0.353613 -0.082251
0.074998 0.470590 -1.150551 -0.099359 -0.095119 -0.007901 -0.367858 -0.030555 0.476529 1.412755 0.679099 1.297700 0.368902 0.082872
0.050000 0.411762 -1.228737 -0.290656 -0.101583 -0.023112 -0.392857 -0.089383 0.414787 1.449959 -0.264313 0.152258 0.394085 0.223713
0.024998 0.352943 -1.306936 -0.481924 -0.108048 -0.038322 -0.417858 -0.148203 0.353827 1.500087 0.618139 1.347828 0.427423 0.340831
0.000000 0.235295 -1.385122 -0.864489 -0.114512 -0.068742 -0.442857 -0.265850 0.235295 1.570796 -0.382844 0.222968 0.489085 0.540646
0.000000 0.176467 -1.385122 -1.055786 -0.114512 -0.083954 -0.442857 -0.324679 0.176467 1.570796 0.559311 1.347828 0.516803 0.632627
0.000000 0.117648 -1.385122 -1.247054 -0.114512 -0.099163 -0.442857 -0.383498 0.117648 1.570796 -0.441664 0.222968 0.549439 0.713689
0.024998 0.058819 -1.306936 -1.438351 -0.108048 -0.114375 -0.417858 -0.442326 0.063911 1.168927 0.505575 0.945959 0.567530 0.813835
0.074998 0.000000 -1.150551 -1.629620 -0.095119 -0.129584 -0.367858 -0.501145 0.074998 0.000000 -0.430577 -0.945959 0.575710 0.937591
0.100000 0.000000 -1.072352 -1.629620 -0.088654 -0.129584 -0.342857 -0.501145 0.100000 0.000000 0.530577 0.945959 0.560065 0.970790
0.150000 0.000000 -0.915967 -1.629620 -0.075726 -0.129584 -0.292857 -0.501145 0.150000 0.000000 -0.380577 -0.945959 0.530930 1.041945
0.200000 0.000000 -0.759582 -1.629620 -0.062797 -0.129584 -0.242857 -0.501145 0.200000 0.000000 0.580577 0.945959 0.505076 1.119542
0.224998 0.058819 -0.681396 -1.438351 -0.056333 -0.114375 -0.217858 -0.442326 0.232559 0.255699 -0.348017 -0.690260 0.441528 1.113143
0.250000 0.117648 -0.603197 -1.247054 -0.049868 -0.099163 -0.192857 -0.383498 0.276299 0.439844 0.624316 1.130104 0.378093 1.104841
0.300000 0.117648 -0.446813 -1.247054 -0.036939 -0.099163 -0.142857 -0.383498 0.322244 0.373728 -0.302072 -0.756376 0.355203 1.214211
0.300000 0.176467 -0.446813 -1.055786 -0.036939 -0.083954 -0.142857 -0.324679 0.348053 0.531715 0.650125 1.288091 0.302277 1.156295
0.324998 0.235295 -0.368626 -0.864489 -0.030475 -0.068742 -0.117858 -0.265850 0.401233 0.626645 -0.248892 -0.661446 0.238689 1.153506
0.350000 0.235295 -0.290428 -0.864489 -0.024010 -0.068742 -0.092857 -0.265850 0.421739 0.591873 0.670631 1.253319 0.227385 1.234762
0.350000 0.294115 -0.290428 -0.673221 -0.024010 -0.053533 -0.092857 -0.207031 0.457169 0.698852 -0.213462 -0.554467 0.175347 1.149178
0.374998 0.235295 -0.212241 -0.864489 -0.017547 -0.068742 -0.067858 -0.265850 0.442705 0.560364 0.656167 1.114831 0.218372 1.320882
0.374998 0.176467 -0.212241 -1.055786 -0.017547 -0.083954 -0.067858 -0.324679 0.414444 0.439837 -0.241723 -0.674995 0.274897 1.364760
0.400000 0.176467 -0.134043 -1.055786 -0.011082 -0.083954 -0.042857 -0.324679 0.437196 0.415484 0.678919 1.090479 0.269815 1.439558
0.424998 0.117648 -0.055856 -1.247054 -0.004618 -0.099163 -0.017858 -0.383498 0.440981 0.270057 -0.237938 -0.820423 0.325699 1.524263
0.474998 0.117648 0.100529 -1.247054 0.008311 -0.099163 0.032142 -0.383498 0.489351 0.242794 0.727289 1.063217 0.326793 -1.487180
0.500000 0.058819 0.178727 -1.438351 0.014776 -0.114375 0.057143 -0.442326 0.503448 0.117100 -0.223841 -0.946116 0.388265 -1.442320
0.524998 0.058819 0.256914 -1.438351 0.021240 -0.114375 0.082142 -0.442326 0.528283 0.111572 0.752124 1.057688 0.392724 -1.387184
0.574998 0.058819 0.413299 -1.438351 0.034169 -0.114375 0.132142 -0.442326 0.577999 0.101940 -0.174125 -0.955748 0.406135 -1.280494
0.600000 0.058819 0.491497 -1.438351 0.040633 -0.114375 0.157143 -0.442326 0.602876 0.097720 0.777001 1.053468 0.414944 -1.229438
0.624998 0.117648 0.569684 -1.247054 0.047097 -0.099163 0.182142 -0.383498 0.635975 0.186060 -0.141026 -0.867408 0.372742 -1.127391
0.650000 0.117648 0.647882 -1.247054 0.053562 -0.099163 0.207143 -0.383498 0.660561 0.179058 0.801588 1.046466 0.385577 -1.075553
0.650000 0.176467 0.647882 -1.055786 0.053562 -0.083954 0.207143 -0.324679 0.673528 0.265098 -0.128059 -0.781368 0.337449 -1.002907
0.650000 0.294115 0.647882 -0.673221 0.053562 -0.053533 0.207143 -0.207031 0.713445 0.424918 0.841504 1.206286 0.255015 -0.785127
0.650000 0.352943 0.647882 -0.481924 0.053562 -0.038322 0.207143 -0.148203 0.739641 0.497444 -0.101863 -0.708841 0.225816 -0.621026
0.650000 0.411762 0.647882 -0.290656 0.053562 -0.023112 0.207143 -0.089383 0.769447 0.564674 0.871310 1.273516 0.209464 -0.407367
0.624998 0.470590 0.569684 -0.099359 0.047097 -0.007901 0.182142 -0.030555 0.782354 0.645384 -0.088955 -0.628131 0.184241 -0.166207
0.550000 0.529410 0.335112 0.091909 0.027705 0.007308 0.107143 0.028264 0.763397 0.766325 0.852352 1.394456 0.137736 0.257922
0.524998 0.588238 0.256914 0.283206 0.021240 0.022520 0.082142 0.087092 0.788446 0.842144 -0.063906 -0.552312 0.166982 0.814645
0.474998 0.647057 0.100529 0.474474 0.008311 0.037729 0.032142 0.145912 0.802687 0.937556 0.866593 1.489868 0.206715 1.353979
0.424998 0.647057 -0.055856 0.474474 -0.004618 0.037729 -0.017858 0.145912 0.774149 0.989644 -0.092444 -0.500224 0.204980 -1.449010
0.324998 0.647057 -0.368626 0.474474 -0.030475 0.037729 -0.117858 0.145912 0.724090 1.105334 0.816535 1.605557 0.235772 -0.891355
0.274998 0.647057 -0.525011 0.474474 -0.043404 0.037729 -0.167858 0.145912 0.703070 1.168927 -0.113465 -0.436630 0.264338 -0.715567
0.224998 0.647057 -0.681396 0.474474 -0.056333 0.037729 -0.217858 0.145912 0.685060 1.236149 0.798525 1.672780 0.298597 -0.590137
0.200000 0.647057 -0.759582 0.474474 -0.062797 0.037729 -0.242857 0.145912 0.677261 1.271020 -0.121264 -0.401760 0.317297 -0.541018
0.150000 0.647057 -0.915967 0.474474 -0.075726 0.037729 -0.292857 0.145912 0.664216 1.343001 0.785480 1.744761 0.357019 -0.462236
0.124998 0.647057 -0.994166 0.474474 -0.082190 0.037729 -0.317858 0.145912 0.659020 1.379968 -0.126460 -0.364794 0.377799 -0.430351
0.100000 0.647057 -1.072352 0.474474 -0.088654 0.037729 -0.342857 0.145912 0.654739 1.417464 0.781198 1.782257 0.399060 -0.402359
0.074998 0.647057 -1.150551 0.474474 -0.095119 0.037729 -0.367858 0.145912 0.651389 1.455405 -0.129809 -0.326852 0.420735 -0.377617
0.100000 0.647057 -1.072352 0.474474 -0.088654 0.037729 -0.342857 0.145912 0.654739 1.417464 0.784548 1.744316 0.399060 -0.402359
0.124998 0.647057 -0.994166 0.474474 -0.082190 0.037729 -0.317858 0.145912 0.659020 1.379968 -0.125528 -0.364348 0.377799 -0.430351
0.174998 0.647057 -0.837781 0.474474 -0.069262 0.037729 -0.267858 0.145912 0.670304 1.306663 0.795832 1.671011 0.336818 -0.498792
0.224998 0.647057 -0.681396 0.474474 -0.056333 0.037729 -0.217858 0.145912 0.685060 1.236149 -0.110772 -0.434862 0.298597 -0.590137
0.324998 0.705885 -0.368626 0.665771 -0.030475 0.052941 -0.117858 0.204740 0.777109 1.139318 0.887881 1.574180 0.288227 -1.048474
0.400000 0.764705 -0.134043 0.857040 -0.011082 0.068150 -0.042857 0.263559 0.863003 1.088858 -0.024878 -0.485322 0.324689 -1.409600
0.550000 0.882352 0.335112 1.239605 0.027705 0.098571 0.107143 0.381207 1.039734 1.013396 1.064612 1.498718 0.452367 1.296802
0.624998 0.882352 0.569684 1.239605 0.047097 0.098571 0.182142 0.381207 1.081281 0.954501 0.016669 -0.544218 0.475744 1.125064
0.750000 1.000000 0.960652 1.622170 0.079420 0.128992 0.307143 0.498855 1.250000 0.927295 1.233331 1.471513 0.636196 1.018915
0.825002 1.000000 1.195236 1.622170 0.098813 0.128992 0.382145 0.498855 1.296390 0.880995 0.063060 -0.590518 0.675606 0.917105
0.900000 1.000000 1.429807 1.622170 0.118206 0.128992 0.457143 0.498855 1.345362 0.837981 1.282303 1.428499 0.720686 0.829001
0.950000 1.000000 1.586192 1.622170 0.131135 0.128992 0.507143 0.498855 1.379311 0.811034 0.097009 -0.617465 0.753394 0.777159
0.975002 1.000000 1.664390 1.622170 0.137600 0.128992 0.532145 0.498855 1.396649 0.798055 1.299641 1.415520 0.770446 0.753120
1.000000 1.000000 1.742577 1.622170 0.144064 0.128992 0.557143 0.498855 1.414214 0.785398 0.114573 -0.630122 0.787920 0.730256
1.000000 0.941181 1.742577 1.430902 0.144064 0.113782 0.557143 0.440035 1.373252 0.755107 1.258679 1.385229 0.747486 0.668494
1.000000 0.882352 1.742577 1.239605 0.144064 0.098571 0.557143 0.381207 1.333621 0.722979 0.074942 -0.662249 0.709623 0.600055
0.975002 0.823533 1.664390 1.048337 0.137600 0.083362 0.532145 0.322388 1.276258 0.701379 1.201316 1.363628 0.654288 0.544693
0.950000 0.823533 1.586192 1.048337 0.131135 0.083362 0.507143 0.322388 1.257262 0.714211 0.055946 -0.649417 0.634121 0.566252
0.925002 0.764705 1.508005 0.857040 0.124671 0.068150 0.482145 0.263559 1.200167 0.690814 1.144222 1.340232 0.579699 0.500259
0.900000 0.705885 1.429807 0.665771 0.118206 0.052941 0.457143 0.204740 1.143798 0.665105 -0.000424 -0.675127 0.527413 0.421080
0.875002 0.705885 1.351621 0.665771 0.111742 0.052941 0.432145 0.204740 1.124234 0.678828 1.124658 1.353955 0.505899 0.442449
0.850000 0.705885 1.273422 0.665771 0.105277 0.052941 0.407143 0.204740 1.104887 0.693036 -0.019771 -0.660918 0.484716 0.465941
0.825002 0.764705 1.195236 0.857040 0.098813 0.068150 0.382145 0.263559 1.124901 0.747487 1.144672 1.408405 0.499621 0.603769
0.825002 0.823533 1.195236 1.048337 0.098813 0.083362 0.382145 0.322388 1.165691 0.784507 0.021019 -0.623898 0.539397 0.700782
0.825002 0.882352 1.195236 1.239605 0.098813 0.098571 0.382145 0.381207 1.207963 0.818976 1.186944 1.442874 0.582402 0.784169
