0.185185 0.739131 -0.625527 0.590650 -0.061141 0.048848 -0.229092 0.183030 0.761977 1.325306 0.761977 1.325306 0.397509 -0.674091
0.185185 0.782606 -0.625527 0.730947 -0.061141 0.060451 -0.229092 0.226504 0.804217 1.338444 0.042241 0.013138 0.433762 -0.779719
0.148148 0.782606 -0.726654 0.730947 -0.071026 0.060451 -0.266129 0.226504 0.796505 1.383710 0.754264 1.370571 0.454413 -0.705137
0.111111 0.739131 -0.827782 0.590650 -0.080911 0.048848 -0.303166 0.183030 0.747436 1.421587 -0.006828 0.051016 0.444342 -0.543156
0.074074 0.652175 -0.928910 0.310036 -0.090795 0.025641 -0.340203 0.096073 0.656368 1.457701 0.663196 1.406685 0.415131 -0.275233
0.037037 0.565219 -1.030038 0.029422 -0.100680 0.002433 -0.377240 0.009117 0.566431 1.505363 -0.096765 0.098678 0.406317 -0.024163
0.018517 0.478263 -1.080606 -0.251192 -0.105622 -0.020774 -0.395760 -0.077839 0.478621 1.532098 0.575386 1.433420 0.400899 0.194204
0.000000 0.347825 -1.131166 -0.672125 -0.110564 -0.055586 -0.414277 -0.208277 0.347825 1.570796 -0.227561 0.137376 0.419573 0.465843
0.000000 0.260869 -1.131166 -0.952739 -0.110564 -0.078793 -0.414277 -0.295233 0.260869 1.570796 0.488430 1.433420 0.441768 0.619163
0.000000 0.173912 -1.131166 -1.233353 -0.110564 -0.102001 -0.414277 -0.382189 0.173912 1.570796 -0.314518 0.137376 0.478958 0.745132
0.018517 0.086956 -1.080606 -1.513967 -0.105622 -0.125208 -0.395760 -0.469145 0.088906 1.360983 0.403423 1.223607 0.513580 0.870044
0.074074 0.000000 -0.928910 -1.794582 -0.090795 -0.148415 -0.340203 -0.556102 0.074074 0.000000 -0.329350 -1.223607 0.536063 1.021772
0.111111 0.000000 -0.827782 -1.794582 -0.080911 -0.148415 -0.303166 -0.556102 0.111111 0.000000 0.440460 1.223607 0.513357 1.071674
0.148148 0.000000 -0.726654 -1.794582 -0.071026 -0.148415 -0.266129 -0.556102 0.148148 0.000000 -0.292313 -1.223607 0.492392 1.124446
0.166665 0.043481 -0.676094 -1.654264 -0.066084 -0.136811 -0.247612 -0.512620 0.172243 0.255203 0.464556 1.478810 0.445871 1.120815
0.203705 0.130438 -0.574959 -1.373650 -0.056199 -0.113603 -0.210572 -0.425664 0.241887 0.569546 -0.222669 -0.909264 0.353420 1.111405
0.222222 0.130438 -0.524399 -1.373650 -0.051257 -0.113603 -0.192055 -0.425664 0.257675 0.530784 0.480344 1.440049 0.342710 1.146953
0.240741 0.130438 -0.473831 -1.373650 -0.046314 -0.113603 -0.173535 -0.425664 0.273807 0.496538 -0.206536 -0.943510 0.332685 1.183686
0.259259 0.130438 -0.423271 -1.373650 -0.041372 -0.113603 -0.155018 -0.425664 0.290222 0.466139 0.496759 1.409649 0.323412 1.221545
0.277778 0.130438 -0.372703 -1.373650 -0.036429 -0.113603 -0.136498 -0.425664 0.306879 0.439012 -0.189880 -0.970637 0.314955 1.260484
0.277778 0.086956 -0.372703 -1.513967 -0.036429 -0.125208 -0.136498 -0.469145 0.291071 0.303378 0.480950 1.274015 0.354641 1.287662
0.314815 0.043481 -0.271575 -1.654264 -0.026545 -0.136811 -0.099461 -0.512620 0.317804 0.137249 -0.163146 -1.136766 0.383903 1.379152
0.333332 0.000000 -0.221015 -1.794582 -0.021603 -0.148415 -0.080944 -0.556102 0.333332 0.000000 0.496479 1.136766 0.422110 1.426255
0.370369 0.000000 -0.119888 -1.794582 -0.011718 -0.148415 -0.043907 -0.556102 0.370369 0.000000 -0.126110 -1.136766 0.416597 1.492004
0.407406 0.000000 -0.018760 -1.794582 -0.001834 -0.148415 -0.006871 -0.556102 0.407406 0.000000 0.533516 1.136766 0.414334 1.558442
0.462963 0.043481 0.132936 -1.654264 0.012994 -0.136811 0.048686 -0.512620 0.465000 0.093645 -0.068515 -1.043121 0.373978 -1.476105
0.481480 0.086956 0.183496 -1.513967 0.017936 -0.125208 0.067203 -0.469145 0.489269 0.178676 0.557785 1.221797 0.334148 -1.428518
0.500000 0.173912 0.234064 -1.233353 0.022878 -0.102001 0.085723 -0.382189 0.529382 0.334736 -0.028402 -0.887061 0.255193 -1.350153
0.500000 0.304350 0.234064 -0.812421 0.022878 -0.067189 0.085723 -0.251752 0.585345 0.546792 0.613748 1.433854 0.139400 -1.242603
0.481480 0.391306 0.183496 -0.531807 0.017936 -0.043981 0.067203 -0.164795 0.620438 0.682446 0.006691 -0.751407 0.071021 -1.183585
0.425926 0.608694 0.031808 0.169718 0.003109 0.014036 0.011649 0.052592 0.742914 0.960246 0.736223 1.711653 0.194766 1.352812
0.388889 0.652175 -0.069320 0.310036 -0.006776 0.025641 -0.025388 0.096073 0.759320 1.033105 0.023097 -0.678548 0.239249 -1.312449
0.351852 0.739131 -0.170448 0.590650 -0.016660 0.048848 -0.062425 0.183030 0.818606 1.126504 0.795509 1.805052 0.330798 -1.242106
0.314815 0.782606 -0.271575 0.730947 -0.026545 0.060451 -0.099461 0.226504 0.843553 1.188339 0.048044 -0.616714 0.381522 -1.157031
0.240741 0.826088 -0.473831 0.871265 -0.046314 0.072055 -0.173535 0.269986 0.860452 1.287226 0.812408 1.903940 0.446881 -0.999530
0.222222 0.826088 -0.524399 0.871265 -0.051257 0.072055 -0.192055 0.269986 0.855455 1.308012 0.043047 -0.595928 0.454393 -0.952492
0.222222 0.869569 -0.524399 1.011582 -0.051257 0.083660 -0.192055 0.313467 0.897515 1.320597 0.854467 1.916525 0.494142 -1.021105
0.203705 0.869569 -0.574959 1.011582 -0.056199 0.083660 -0.210572 0.313467 0.893110 1.340687 0.038643 -0.575839 0.501629 -0.979281
0.203705 0.913044 -0.574959 1.151879 -0.056199 0.095263 -0.210572 0.356942 0.935492 1.351286 0.896849 1.927125 0.541396 -1.037811
0.222222 0.913044 -0.524399 1.151879 -0.051257 0.095263 -0.192055 0.356942 0.939697 1.332053 0.042849 -0.595072 0.534466 -1.077169
0.240741 0.956525 -0.473831 1.292197 -0.046314 0.106867 -0.173535 0.400424 0.986355 1.324234 0.943507 1.919306 0.569340 -1.161850
0.296295 0.956525 -0.322143 1.292197 -0.031487 0.106867 -0.117981 0.400424 1.001365 1.270407 0.057858 -0.648899 0.554935 -1.284263
0.314815 0.956525 -0.271575 1.292197 -0.026545 0.106867 -0.099461 0.400424 1.007000 1.252839 0.949142 1.901738 0.551295 -1.327333
0.370369 1.000000 -0.119888 1.432493 -0.011718 0.118470 -0.043907 0.443898 1.066383 1.216092 0.117241 -0.685646 0.587367 -1.472204
0.407406 1.000000 -0.018760 1.432493 -0.001834 0.118470 -0.006871 0.443898 1.079805 1.183922 0.962564 1.869568 0.585763 -1.555320
0.574074 1.000000 0.436319 1.432493 0.042647 0.118470 0.159797 0.443898 1.153066 1.049658 0.190502 -0.819910 0.607130 1.225253
0.648148 1.000000 0.638575 1.432493 0.062417 0.118470 0.233871 0.443898 1.191678 0.995724 1.001176 1.815634 0.630688 1.085895
0.722222 1.000000 0.840830 1.432493 0.082186 0.118470 0.307945 0.443898 1.233533 0.945312 0.232357 -0.870322 0.661741 0.964292
0.796295 1.000000 1.043086 1.432493 0.101955 0.118470 0.382019 0.443898 1.278314 0.898318 1.045957 1.768641 0.699292 0.860181
0.907406 1.000000 1.346469 1.432493 0.131609 0.118470 0.493129 0.443898 1.350328 0.833904 0.304372 -0.934736 0.765669 0.732907
0.944443 1.000000 1.447597 1.432493 0.141494 0.118470 0.530166 0.443898 1.375490 0.813962 1.071119 1.748699 0.790030 0.697064
0.981480 0.956525 1.548725 1.292197 0.151378 0.106867 0.567203 0.400424 1.370490 0.772522 0.299372 -0.976176 0.784699 0.614716
1.000000 0.913044 1.599293 1.151879 0.156321 0.095263 0.585723 0.356942 1.354123 0.739975 1.054751 1.716151 0.769311 0.547306
1.000000 0.782606 1.599293 0.730947 0.156321 0.060451 0.585723 0.226504 1.269832 0.664045 0.215080 -1.052107 0.691909 0.368996
0.981480 0.739131 1.548725 0.590650 0.151378 0.048848 0.567203 0.183030 1.228665 0.645468 1.013585 1.697575 0.653644 0.312139
0.962963 0.652175 1.498165 0.310036 0.146436 0.025641 0.548686 0.096073 1.163026 0.595300 0.149442 -1.102275 0.598040 0.173340
0.907406 0.608694 1.346469 0.169718 0.131609 0.014036 0.493129 0.052592 1.092655 0.590863 0.943213 1.693138 0.530070 0.106248
0.888889 0.608694 1.295909 0.169718 0.126667 0.014036 0.474612 0.052592 1.077326 0.600438 0.134113 -1.092700 0.512889 0.110360
0.833332 0.652175 1.144214 0.310036 0.111840 0.025641 0.419056 0.096073 1.058194 0.664048 0.924081 1.756748 0.481875 0.225367
0.833332 0.695650 1.144214 0.450333 0.111840 0.037243 0.419056 0.139548 1.085528 0.695592 0.161447 -1.061156 0.504756 0.321456
0.833332 0.739131 1.144214 0.590650 0.111840 0.048848 0.419056 0.183030 1.113893 0.725563 0.952446 1.786719 0.530225 0.411795
0.833332 0.826088 1.144214 0.871265 0.111840 0.072055 0.419056 0.269986 1.173398 0.781032 0.220952 -1.005687 0.587534 0.572338
