0.122448 0.500000 -1.130843 -0.042743 -0.081516 -0.003501 -0.313086 -0.013446 0.514775 1.330626 0.514775 1.330626 0.319654 0.042921
0.102042 0.500000 -1.204550 -0.042743 -0.086829 -0.003501 -0.333492 -0.013446 0.510306 1.369477 -0.004469 0.038851 0.339666 0.040298
0.081632 0.464288 -1.278268 -0.156264 -0.092143 -0.012799 -0.353902 -0.049158 0.471410 1.396753 0.475879 1.357902 0.355068 0.138020
0.040816 0.428571 -1.425693 -0.269802 -0.102770 -0.022098 -0.394718 -0.084875 0.430511 1.475845 -0.045368 0.117943 0.394779 0.211802
0.040816 0.357143 -1.425693 -0.496861 -0.102770 -0.040696 -0.394718 -0.156303 0.359468 1.457005 0.404836 1.339062 0.402427 0.377043
0.020410 0.321431 -1.499400 -0.610381 -0.108084 -0.049994 -0.415125 -0.192015 0.322079 1.507385 -0.082758 0.168324 0.430521 0.433240
0.020410 0.250003 -1.499400 -0.837440 -0.108084 -0.068591 -0.415125 -0.263444 0.250834 1.489339 0.333592 1.321016 0.454698 0.565482
0.020410 0.214286 -1.499400 -0.950978 -0.108084 -0.077891 -0.415125 -0.299161 0.215255 1.475838 -0.118336 0.154822 0.470403 0.624453
0.020410 0.142857 -1.499400 -1.178037 -0.108084 -0.096488 -0.415125 -0.370589 0.144308 1.428889 0.262644 1.274067 0.507926 0.728777
0.040816 0.107140 -1.425693 -1.291574 -0.102770 -0.105788 -0.394718 -0.406306 0.114652 1.206811 -0.147993 -0.067257 0.513464 0.799864
0.061226 0.071429 -1.351975 -1.405095 -0.097457 -0.115086 -0.374308 -0.442018 0.094078 0.862160 0.242070 0.929417 0.522187 0.868153
0.122448 0.000000 -1.130843 -1.632154 -0.081516 -0.133683 -0.313086 -0.513446 0.122448 0.000000 -0.119622 -0.929417 0.536389 1.023222
0.163265 0.000000 -0.983418 -1.632154 -0.070889 -0.133683 -0.272270 -0.513446 0.163265 0.000000 0.282887 0.929417 0.513635 1.083220
0.204084 0.000000 -0.835982 -1.632154 -0.060261 -0.133683 -0.231450 -0.513446 0.204084 0.000000 -0.078803 -0.929417 0.493213 1.147295
0.244900 0.035712 -0.688557 -1.518633 -0.049634 -0.124385 -0.190634 -0.477735 0.247490 0.144801 0.326293 1.074217 0.442944 1.191120
0.285716 0.071429 -0.541132 -1.405095 -0.039007 -0.115086 -0.149818 -0.442018 0.294509 0.244977 -0.031784 -0.829240 0.393724 1.244007
0.306123 0.142857 -0.467426 -1.178037 -0.033694 -0.096488 -0.129412 -0.370589 0.337815 0.436627 0.369599 1.265867 0.320011 1.234830
0.306123 0.178569 -0.467426 -1.064516 -0.033694 -0.087190 -0.129412 -0.334878 0.354398 0.528068 -0.015201 -0.737799 0.287713 1.202030
0.306123 0.214286 -0.467426 -0.950978 -0.033694 -0.077891 -0.129412 -0.299161 0.373670 0.610726 0.388871 1.348525 0.256317 1.162521
0.306123 0.250003 -0.467426 -0.837440 -0.033694 -0.068591 -0.129412 -0.263444 0.395237 0.684826 0.006366 -0.663699 0.226206 1.114189
0.306123 0.285714 -0.467426 -0.723919 -0.033694 -0.059293 -0.129412 -0.227732 0.418741 0.750929 0.412375 1.414628 0.197973 1.054040
0.306123 0.321431 -0.467426 -0.610381 -0.033694 -0.049994 -0.129412 -0.192015 0.443880 0.809788 0.031505 -0.604840 0.172531 0.977757
0.326532 0.321431 -0.393708 -0.610381 -0.028380 -0.049994 -0.109002 -0.192015 0.458194 0.777526 0.426689 1.382366 0.157800 1.054485
0.346939 0.285714 -0.320001 -0.723919 -0.023067 -0.059293 -0.088596 -0.227732 0.449443 0.688924 0.022754 -0.693442 0.174055 1.199779
0.346939 0.250003 -0.320001 -0.837440 -0.023067 -0.068591 -0.088596 -0.263444 0.427630 0.624416 0.404876 1.317857 0.205599 1.246380
0.367348 0.250003 -0.246283 -0.837440 -0.017753 -0.068591 -0.068186 -0.263444 0.444349 0.597560 0.039473 -0.720298 0.197665 1.317529
0.408164 0.214286 -0.098858 -0.950978 -0.007126 -0.077891 -0.027370 -0.299161 0.460995 0.483446 0.421522 1.203743 0.222935 1.479562
0.428571 0.178569 -0.025151 -1.064516 -0.001813 -0.087190 -0.006963 -0.334878 0.464284 0.394786 0.042762 -0.808957 0.257060 1.550006
0.469387 0.178569 0.122274 -1.064516 0.008814 -0.087190 0.033853 -0.334878 0.502206 0.363522 0.459444 1.172479 0.259186 -1.470048
0.530613 0.214286 0.343417 -0.950978 0.024755 -0.077891 0.095079 -0.299161 0.572249 0.383817 0.112805 -0.788662 0.240813 -1.263074
0.571429 0.214286 0.490842 -0.950978 0.035382 -0.077891 0.135895 -0.299161 0.610286 0.358770 0.497482 1.147433 0.259650 -1.144411
0.591836 0.250003 0.564549 -0.837440 0.040695 -0.068591 0.156301 -0.263444 0.642472 0.399683 0.144990 -0.747750 0.242594 -1.035317
0.591836 0.285714 0.564549 -0.723919 0.040695 -0.059293 0.156301 -0.227732 0.657192 0.449760 0.512202 1.197510 0.216509 -0.969298
0.612245 0.392860 0.638267 -0.383323 0.046009 -0.031396 0.176711 -0.120586 0.727450 0.570498 0.215248 -0.627013 0.181791 -0.598812
0.591836 0.428571 0.564549 -0.269802 0.040695 -0.022098 0.156301 -0.084875 0.730714 0.626744 0.515466 1.253757 0.156456 -0.497469
0.591836 0.464288 0.564549 -0.156264 0.040695 -0.012799 0.156301 -0.049158 0.752219 0.665211 0.236752 -0.588546 0.158924 -0.304713
0.530613 0.535717 0.343417 0.070794 0.024755 0.005798 0.095079 0.022271 0.754018 0.790185 0.517265 1.378730 0.138118 0.230086
0.510203 0.535717 0.269699 0.070794 0.019441 0.005798 0.074669 0.022271 0.739797 0.809787 0.222532 -0.568943 0.124948 0.289858
0.469387 0.571429 0.122274 0.184315 0.008814 0.015097 0.033853 0.057982 0.739496 0.883126 0.516964 1.452069 0.140047 1.042337
0.387755 0.571429 -0.172576 0.184315 -0.012440 0.015097 -0.047779 0.057982 0.690568 0.974597 0.173604 -0.477472 0.144049 -0.881571
0.367348 0.571429 -0.246283 0.184315 -0.017753 0.015097 -0.068186 0.057982 0.679320 0.999457 0.505716 1.476929 0.152041 -0.704700
0.326532 0.571429 -0.393708 0.184315 -0.028380 0.015097 -0.109002 0.057982 0.658144 1.051648 0.152428 -0.425281 0.174209 -0.488870
0.285716 0.571429 -0.541132 0.184315 -0.039007 0.015097 -0.149818 0.057982 0.638877 1.107146 0.486449 1.532427 0.202269 -0.369265
0.224490 0.571429 -0.762275 0.184315 -0.054948 0.015097 -0.211044 0.057982 0.613943 1.196462 0.127494 -0.335965 0.251012 -0.268125
0.204084 0.571429 -0.835982 0.184315 -0.060261 0.015097 -0.231450 0.057982 0.606779 1.227769 0.479285 1.563734 0.268396 -0.245465
0.142858 0.571429 -1.057125 0.184315 -0.076202 0.015097 -0.292676 0.057982 0.589015 1.325816 0.109731 -0.237918 0.322687 -0.195578
0.122448 0.571429 -1.130843 0.184315 -0.081516 0.015097 -0.313086 0.057982 0.584401 1.359704 0.474670 1.597622 0.341306 -0.183121
0.081632 0.571429 -1.278268 0.184315 -0.092143 0.015097 -0.353902 0.057982 0.577230 1.428900 0.102560 -0.168722 0.379096 -0.162394
0.061226 0.535717 -1.351975 0.070794 -0.097457 0.005798 -0.374308 0.022271 0.539204 1.457003 0.436644 1.625724 0.387483 -0.059428
0.040816 0.535717 -1.425693 0.070794 -0.102770 0.005798 -0.394718 0.022271 0.537270 1.494753 0.100625 -0.130971 0.407233 -0.056362
0.020410 0.535717 -1.499400 0.070794 -0.108084 0.005798 -0.415125 0.022271 0.536106 1.532717 0.435480 1.663688 0.427042 -0.053597
0.000000 0.535717 -1.573118 0.070794 -0.113398 0.005798 -0.435534 0.022271 0.535717 1.570796 0.100237 -0.092892 0.446908 -0.051090
0.020410 0.535717 -1.499400 0.070794 -0.108084 0.005798 -0.415125 0.022271 0.536106 1.532717 0.435869 1.625609 0.427042 -0.053597
0.061226 0.535717 -1.351975 0.070794 -0.097457 0.005798 -0.374308 0.022271 0.539204 1.457003 0.103335 -0.168606 0.387483 -0.059428
0.102042 0.571429 -1.204550 0.184315 -0.086829 0.015097 -0.333492 0.057982 0.580468 1.394086 0.477133 1.562692 0.360117 -0.172143
0.163265 0.571429 -0.983418 0.184315 -0.070889 0.015097 -0.272270 0.057982 0.594294 1.292498 0.117162 -0.270194 0.304299 -0.209824
0.306123 0.642857 -0.467426 0.411374 -0.033694 0.033694 -0.129412 0.129411 0.712023 1.126377 0.594861 1.396571 0.244398 -0.785395
0.367348 0.678574 -0.246283 0.524912 -0.017753 0.042993 -0.068186 0.165128 0.771627 1.074616 0.176766 -0.321955 0.252424 -1.179195
0.469387 0.750003 0.122274 0.751970 0.008814 0.061591 0.033853 0.236556 0.884776 1.011588 0.708010 1.333543 0.316285 1.428654
0.530613 0.785714 0.343417 0.865491 0.024755 0.070889 0.095079 0.272268 0.948102 0.976823 0.240091 -0.356720 0.362858 1.234826
0.591836 0.821431 0.564549 0.979029 0.040695 0.080188 0.156301 0.307985 1.012432 0.946449 0.772341 1.303168 0.416349 1.101169
0.673468 0.892860 0.859399 1.206087 0.061949 0.098786 0.237934 0.379414 1.118373 0.924561 0.346032 -0.378608 0.515518 1.010682
0.693877 0.928571 0.933117 1.319608 0.067263 0.108084 0.258343 0.415125 1.159185 0.929056 0.813153 1.307664 0.556621 1.014122
0.734694 0.964288 1.080542 1.433146 0.077890 0.117383 0.299159 0.450842 1.212282 0.919721 0.399128 -0.387942 0.607517 0.984950
0.755100 0.964288 1.154249 1.433146 0.083204 0.117383 0.319566 0.450842 1.224756 0.906468 0.825628 1.294410 0.617821 0.954175
0.775510 0.964288 1.227967 1.433146 0.088517 0.117383 0.339975 0.450842 1.237444 0.893481 0.411816 -0.400929 0.628621 0.924683
0.755100 0.964288 1.154249 1.433146 0.083204 0.117383 0.319566 0.450842 1.224756 0.906468 0.812941 1.307396 0.617821 0.954175
0.755100 0.928571 1.154249 1.319608 0.083204 0.108084 0.319566 0.415125 1.196838 0.888067 0.383897 -0.419329 0.587544 0.914739
0.755100 0.892860 1.154249 1.206087 0.083204 0.098786 0.319566 0.379414 1.169348 0.868798 0.785451 1.288127 0.557915 0.870811
0.755100 0.821431 1.154249 0.979029 0.083204 0.080188 0.319566 0.307985 1.115762 0.827447 0.330312 -0.460679 0.501038 0.766946
0.755100 0.785714 1.154249 0.865491 0.083204 0.070889 0.319566 0.272268 1.089735 0.805264 0.759424 1.265944 0.474076 0.705650
0.795916 0.750003 1.301674 0.751970 0.093831 0.061591 0.360382 0.236556 1.093612 0.755707 0.334188 -0.510237 0.478294 0.580864
0.816326 0.714286 1.375392 0.638432 0.099145 0.052291 0.380792 0.200839 1.084708 0.718830 0.750520 1.229067 0.471916 0.485347
0.857142 0.678574 1.522817 0.524912 0.109772 0.042993 0.421608 0.165128 1.093232 0.669641 0.342711 -0.559426 0.486643 0.373298
0.897958 0.642857 1.670242 0.411374 0.120399 0.033694 0.462424 0.129411 1.104352 0.621324 0.761641 1.180750 0.506773 0.272873
0.938774 0.642857 1.817667 0.411374 0.131026 0.033694 0.503240 0.129411 1.137788 0.600440 0.376147 -0.580310 0.544273 0.251702
0.979590 0.642857 1.965092 0.411374 0.141653 0.033694 0.544056 0.129411 1.171692 0.580757 0.795545 1.161067 0.582220 0.233523
1.000000 0.678574 2.038810 0.524912 0.146967 0.042993 0.564466 0.165128 1.208496 0.596201 0.412951 -0.564866 0.614565 0.284597
1.000000 0.750003 2.038810 0.751970 0.146967 0.061591 0.564466 0.236556 1.250002 0.643503 0.837050 1.208368 0.646152 0.396846
1.000000 0.785714 2.038810 0.865491 0.146967 0.070889 0.564466 0.272268 1.271750 0.665969 0.434699 -0.542399 0.664265 0.449425
1.000000 0.857143 2.038810 1.092550 0.146967 0.089486 0.564466 0.343697 1.317078 0.708626 0.882378 1.251026 0.704539 0.546929
0.979590 0.892860 1.965092 1.206087 0.141653 0.098786 0.544056 0.379414 1.325442 0.739112 0.443063 -0.511914 0.710735 0.608965
0.959184 0.928571 1.891385 1.319608 0.136340 0.108084 0.523650 0.415125 1.335020 0.769183 0.891957 1.281097 0.719232 0.670307
0.918368 0.964288 1.743960 1.433146 0.125713 0.117383 0.482833 0.450842 1.331635 0.809785 0.439678 -0.471312 0.716037 0.751148
0.877552 1.000000 1.596535 1.546667 0.115086 0.126681 0.442017 0.486554 1.330450 0.850523 0.890772 1.321835 0.716939 0.833324
