0.473684 0.869569 0.023661 0.996222 0.002192 0.076575 0.008020 0.280126 0.990215 1.072005 0.990215 1.072005 0.403984 1.542176
0.438596 0.869569 -0.079861 0.996222 -0.007399 0.076575 -0.027068 0.280126 0.973918 1.103648 -0.016297 0.031643 0.404811 -1.474467
0.403508 0.869569 -0.183382 0.996222 -0.016991 0.076575 -0.062156 0.280126 0.958629 1.136334 0.974926 1.104691 0.408659 -1.352450
0.333333 0.869569 -0.390424 0.996222 -0.036174 0.076575 -0.132331 0.280126 0.931269 1.204741 -0.043657 0.100050 0.425030 -1.129474
0.263158 0.782613 -0.597466 0.686977 -0.055357 0.052805 -0.202506 0.193170 0.825672 1.246418 0.869330 1.146368 0.376118 -0.761808
0.210525 0.652175 -0.752752 0.223098 -0.069744 0.017148 -0.255139 0.062733 0.685313 1.258551 -0.184017 0.112183 0.316041 -0.241094
0.192983 0.608694 -0.804508 0.068464 -0.074540 0.005262 -0.272681 0.019251 0.638553 1.263777 0.822571 1.151593 0.307916 -0.070483
0.157895 0.434781 -0.908029 -0.550027 -0.084131 -0.042278 -0.307769 -0.154661 0.462564 1.222446 -0.360006 0.070852 0.309314 0.465665
0.122808 0.304350 -1.011551 -1.013883 -0.093723 -0.077932 -0.342856 -0.285092 0.328193 1.187269 0.688199 1.116417 0.378910 0.693668
0.122808 0.217394 -1.011551 -1.323128 -0.093723 -0.101703 -0.342856 -0.372049 0.249684 1.056578 -0.438516 -0.059839 0.423307 0.826209
0.140350 0.086956 -0.959794 -1.787007 -0.088927 -0.137359 -0.325314 -0.502486 0.165105 0.554682 0.603621 0.614520 0.499248 0.996245
0.175438 0.043481 -0.856273 -1.941618 -0.079336 -0.149243 -0.290226 -0.545961 0.180746 0.242949 -0.422875 -0.371571 0.512318 1.082199
0.192983 0.043481 -0.804508 -1.941618 -0.074540 -0.149243 -0.272681 -0.545961 0.197821 0.221611 0.620696 0.593183 0.502587 1.107588
0.263158 0.043481 -0.597466 -1.941618 -0.055357 -0.149243 -0.202506 -0.545961 0.266726 0.163750 -0.353969 -0.429433 0.468238 1.215611
0.298246 0.086956 -0.493945 -1.787007 -0.045765 -0.137359 -0.167418 -0.502486 0.310664 0.283695 0.664633 0.713128 0.414063 1.249184
0.333333 0.130438 -0.390424 -1.632373 -0.036174 -0.125473 -0.132331 -0.459005 0.357946 0.372995 -0.306687 -0.340133 0.360400 1.290108
0.368421 0.217394 -0.286903 -1.323128 -0.026582 -0.101703 -0.097243 -0.372049 0.427778 0.533086 0.734466 0.873218 0.266635 1.315143
0.368421 0.304350 -0.286903 -1.013883 -0.026582 -0.077932 -0.097243 -0.285092 0.477873 0.690450 -0.256592 -0.182768 0.188357 1.242078
0.368421 0.347825 -0.286903 -0.859272 -0.026582 -0.066048 -0.097243 -0.241618 0.506672 0.756651 0.763264 0.939418 0.152782 1.188165
0.368421 0.391306 -0.286903 -0.704638 -0.026582 -0.054162 -0.097243 -0.198136 0.537452 0.815512 -0.225812 -0.123906 0.122415 1.114544
0.368421 0.434781 -0.286903 -0.550027 -0.026582 -0.042278 -0.097243 -0.154661 0.569885 0.867831 0.795697 0.991737 0.102029 1.009505
0.350878 0.434781 -0.338659 -0.550027 -0.031378 -0.042278 -0.114786 -0.154661 0.558704 0.891788 -0.236992 -0.099949 0.118868 0.932322
0.350878 0.391306 -0.338659 -0.704638 -0.031378 -0.054162 -0.114786 -0.198136 0.525582 0.839816 0.762574 0.939765 0.136766 1.045716
0.368421 0.260869 -0.286903 -1.168517 -0.026582 -0.089818 -0.097243 -0.328574 0.451427 0.616123 -0.311147 -0.323642 0.226710 1.283054
0.368421 0.173912 -0.286903 -1.477762 -0.026582 -0.113589 -0.097243 -0.415530 0.407406 0.441037 0.718553 0.764679 0.307531 1.340911
0.403508 0.043481 -0.183382 -1.941618 -0.016991 -0.149243 -0.062156 -0.545961 0.405844 0.107344 -0.312709 -0.657335 0.426734 1.457438
0.438596 0.000000 -0.079861 -2.096253 -0.007399 -0.161129 -0.027068 -0.589442 0.438596 0.000000 0.751305 0.657335 0.466450 1.524907
0.473684 0.000000 0.023661 -2.096253 0.002192 -0.161129 0.008020 -0.589442 0.473684 0.000000 -0.277621 -0.657335 0.465733 -1.557192
0.526316 0.086956 0.178946 -1.787007 0.016580 -0.137359 0.060652 -0.502486 0.533451 0.163738 0.811072 0.821072 0.383534 -1.450673
0.543859 0.130438 0.230703 -1.632373 0.021375 -0.125473 0.078195 -0.459005 0.559282 0.235391 -0.251790 -0.585681 0.344226 -1.402059
0.578946 0.260869 0.334224 -1.168517 0.030967 -0.089818 0.113282 -0.328574 0.635005 0.423346 0.886795 1.009028 0.234039 -1.238789
0.578946 0.391306 0.334224 -0.704638 0.030967 -0.054162 0.113282 -0.198136 0.698784 0.594364 -0.188011 -0.414664 0.135506 -1.051416
0.578946 0.478263 0.334224 -0.395393 0.030967 -0.030392 0.113282 -0.111180 0.750942 0.690449 0.938953 1.105113 0.113981 -0.776032
0.578946 0.565219 0.334224 -0.086147 0.030967 -0.006622 0.113282 -0.024224 0.809105 0.773401 -0.129848 -0.331712 0.150811 -0.210662
0.543859 0.695650 0.230703 0.377709 0.021375 0.029033 0.078195 0.106207 0.883013 0.907252 1.012860 1.238964 0.242915 0.936157
0.526316 0.739131 0.178946 0.532343 0.016580 0.040919 0.060652 0.149689 0.907372 0.952013 -0.105488 -0.286952 0.280112 1.185825
0.508771 0.826088 0.127182 0.841588 0.011784 0.064689 0.043107 0.236645 0.970190 1.018782 1.075678 1.305733 0.362992 1.390613
0.456141 0.913044 -0.028096 1.150833 -0.002603 0.088459 -0.009523 0.323601 1.020644 1.107482 -0.055035 -0.198251 0.447481 -1.541377
0.403508 0.956525 -0.183382 1.305468 -0.016991 0.100345 -0.062156 0.367083 1.038152 1.171598 1.093187 1.369849 0.494781 -1.403064
0.350878 1.000000 -0.338659 1.460078 -0.031378 0.112229 -0.114786 0.410558 1.059772 1.233339 -0.033415 -0.136510 0.546526 -1.298173
0.280703 1.000000 -0.545702 1.460078 -0.050561 0.112229 -0.184961 0.410558 1.038650 1.297136 1.072065 1.433646 0.565443 -1.147517
0.210525 1.000000 -0.752752 1.460078 -0.069744 0.112229 -0.255139 0.410558 1.021920 1.363301 -0.050145 -0.070345 0.592124 -1.014758
0.122808 1.000000 -1.011551 1.460078 -0.093723 0.112229 -0.342856 0.410558 1.007513 1.448600 1.057658 1.518945 0.634874 -0.875017
0.087720 1.000000 -1.115072 1.460078 -0.103314 0.112229 -0.377944 0.410558 1.003840 1.483300 -0.053818 -0.035645 0.654489 -0.826736
0.017545 0.956525 -1.322114 1.305468 -0.122497 0.100345 -0.448119 0.367083 0.956686 1.552456 1.010504 1.588101 0.664647 -0.686317
0.000000 0.956525 -1.373878 1.305468 -0.127293 0.100345 -0.465664 0.367083 0.956525 1.570796 -0.053979 -0.017305 0.676600 -0.667566
0.035088 0.956525 -1.270357 1.305468 -0.117702 0.100345 -0.430577 0.367083 0.957168 1.534130 1.011147 1.551435 0.652948 -0.705965
0.070175 0.956525 -1.166836 1.305468 -0.108110 0.100345 -0.395489 0.367083 0.959096 1.497563 -0.052051 -0.053872 0.630362 -0.748165
0.105263 0.956525 -1.063315 1.305468 -0.098519 0.100345 -0.360401 0.367083 0.962300 1.461190 1.014351 1.515062 0.608961 -0.794582
0.280703 0.956525 -0.545702 1.305468 -0.050561 0.100345 -0.184961 0.367083 0.996862 1.285349 -0.017488 -0.229714 0.524552 -1.104060
0.350878 0.956525 -0.338659 1.305468 -0.031378 0.100345 -0.114786 0.367083 1.018850 1.219211 1.036339 1.448925 0.504103 -1.267732
0.526316 0.956525 0.178946 1.305468 0.016580 0.100345 0.060652 0.367083 1.091764 1.067771 0.055425 -0.381154 0.494594 1.407048
0.631579 1.000000 0.489509 1.460078 0.045354 0.112229 0.165915 0.410558 1.182748 1.007480 1.127322 1.388634 0.559502 1.186742
0.736842 1.000000 0.800073 1.460078 0.074129 0.112229 0.271178 0.410558 1.242150 0.935770 0.114827 -0.452864 0.599210 0.987068
0.824562 1.000000 1.058879 1.460078 0.098108 0.112229 0.358898 0.410558 1.296111 0.881257 1.181283 1.334121 0.643679 0.852435
0.877192 0.956525 1.214157 1.305468 0.112495 0.100345 0.411528 0.367083 1.297847 0.828635 0.116564 -0.505486 0.640547 0.728377
0.912280 0.913044 1.317678 1.150833 0.122086 0.088459 0.446616 0.323601 1.290699 0.785817 1.174135 1.291303 0.632150 0.627022
0.964912 0.869569 1.472964 0.996222 0.136474 0.076575 0.499248 0.280126 1.298925 0.733472 0.124790 -0.557831 0.642174 0.511323
0.982455 0.782613 1.524720 0.686977 0.141269 0.052805 0.516791 0.193170 1.256065 0.672658 1.131275 1.230489 0.606242 0.357708
1.000000 0.695650 1.576485 0.377709 0.146065 0.029033 0.534336 0.106207 1.218166 0.607800 0.086891 -0.622688 0.581729 0.196208
1.000000 0.565219 1.576485 -0.086147 0.146065 -0.006622 0.534336 -0.024224 1.148683 0.514452 1.061792 1.137141 0.543531 -0.045303
0.982455 0.478263 1.524720 -0.395393 0.141269 -0.030392 0.516791 -0.111180 1.092681 0.453035 0.030889 -0.684106 0.516944 -0.211905
0.947367 0.391306 1.421199 -0.704638 0.131678 -0.054162 0.481703 -0.198136 1.025000 0.391702 0.994111 1.075808 0.487408 -0.390230
0.894737 0.391306 1.265922 -0.704638 0.117291 -0.054162 0.429073 -0.198136 0.976563 0.412278 -0.017548 -0.663530 0.435469 -0.432604
0.824562 0.391306 1.058879 -0.704638 0.098108 -0.054162 0.358898 -0.198136 0.912701 0.443091 0.930249 1.106621 0.366520 -0.504430
0.807017 0.391306 1.007115 -0.704638 0.093312 -0.054162 0.341353 -0.198136 0.896882 0.451479 -0.033367 -0.655143 0.349358 -0.525916
0.771929 0.521737 0.903594 -0.240782 0.083720 -0.018508 0.306265 -0.067705 0.931711 0.594359 0.965078 1.249502 0.311356 -0.217568
0.789472 0.652175 0.955350 0.223098 0.088516 0.017148 0.323808 0.062733 1.024011 0.690448 0.058933 -0.559054 0.373681 0.191363
0.807017 0.782613 1.007115 0.686977 0.093312 0.052805 0.341353 0.193170 1.124170 0.770047 1.065237 1.329101 0.465809 0.514965
0.859650 0.869569 1.162400 0.996222 0.107699 0.076575 0.393986 0.280126 1.222762 0.791134 0.157525 -0.537966 0.564237 0.618075
