0.234044 0.729730 -0.612287 0.704719 -0.049437 0.051717 -0.204255 0.213672 0.766344 1.260435 0.766344 1.260435 0.355883 -0.807928
0.234044 0.756759 -0.612287 0.793865 -0.049437 0.058259 -0.204255 0.240701 0.792124 1.270856 0.025781 0.010421 0.378335 -0.867126
0.212766 0.756759 -0.676072 0.793865 -0.054587 0.058259 -0.225533 0.240701 0.786100 1.296718 0.760320 1.286297 0.390234 -0.817920
0.191491 0.756759 -0.739847 0.793865 -0.059737 0.058259 -0.246808 0.240701 0.780611 1.322958 0.020291 0.036661 0.402904 -0.772873
0.148938 0.729730 -0.867407 0.704719 -0.070036 0.051717 -0.289361 0.213672 0.744774 1.369462 0.724483 1.332801 0.410685 -0.636054
0.127659 0.675676 -0.931191 0.526442 -0.075186 0.038634 -0.310639 0.159618 0.687630 1.384062 -0.036853 0.051261 0.390954 -0.474657
0.085106 0.594593 -1.058751 0.259020 -0.085486 0.019008 -0.353192 0.078535 0.600653 1.428628 0.637506 1.377368 0.386229 -0.218799
0.063831 0.513515 -1.122526 -0.008389 -0.090635 -0.000616 -0.374467 -0.002544 0.517467 1.447128 -0.120040 0.069760 0.381947 0.006792
0.042553 0.459461 -1.186311 -0.186666 -0.095785 -0.013699 -0.395745 -0.056598 0.461427 1.478444 0.581466 1.408684 0.396311 0.142052
0.021278 0.378378 -1.250086 -0.454088 -0.100934 -0.033324 -0.417020 -0.137680 0.378975 1.514620 -0.202491 0.105936 0.421303 0.318885
0.021278 0.324324 -1.250086 -0.632366 -0.100934 -0.046407 -0.417020 -0.191734 0.325021 1.505282 0.527512 1.399346 0.432315 0.430951
0.000000 0.270270 -1.313871 -0.810643 -0.106084 -0.059490 -0.438299 -0.245788 0.270270 1.570796 -0.257242 0.171450 0.469403 0.511081
0.000000 0.189191 -1.313871 -1.078052 -0.106084 -0.079114 -0.438299 -0.326867 0.189191 1.570796 0.446433 1.399346 0.504143 0.640785
0.021278 0.135137 -1.250086 -1.256329 -0.100934 -0.092197 -0.417020 -0.380921 0.136802 1.414622 -0.309631 0.015276 0.515570 0.740189
0.021278 0.108108 -1.250086 -1.345474 -0.100934 -0.098739 -0.417020 -0.407950 0.110182 1.376457 0.419813 1.361181 0.531913 0.774404
0.063831 0.027029 -1.122526 -1.612883 -0.090635 -0.118363 -0.374467 -0.489029 0.069318 0.400552 -0.350495 -0.960629 0.556209 0.917300
0.085106 0.000000 -1.058751 -1.702028 -0.085486 -0.124905 -0.353192 -0.516058 0.085106 0.000000 0.435601 0.960629 0.562895 0.970614
0.127659 0.000000 -0.931191 -1.702028 -0.075186 -0.124905 -0.310639 -0.516058 0.127659 0.000000 -0.307942 -0.960629 0.537217 1.028947
0.148938 0.000000 -0.867407 -1.702028 -0.070036 -0.124905 -0.289361 -0.516058 0.148938 0.000000 0.456880 0.960629 0.525200 1.059765
0.191491 0.000000 -0.739847 -1.702028 -0.059737 -0.124905 -0.246808 -0.516058 0.191491 0.000000 -0.265389 -0.960629 0.503011 1.124695
0.212766 0.027029 -0.676072 -1.612883 -0.054587 -0.118363 -0.225533 -0.489029 0.214476 0.126360 0.479865 1.086988 0.469050 1.138680
0.234044 0.054054 -0.612287 -1.523751 -0.049437 -0.111822 -0.204255 -0.462004 0.240205 0.226977 -0.239660 -0.860012 0.435160 1.154527
0.255319 0.108108 -0.548512 -1.345474 -0.044288 -0.098739 -0.182980 -0.407950 0.277263 0.400534 0.516923 1.260546 0.377502 1.149162
0.255319 0.162162 -0.548512 -1.167197 -0.044288 -0.085656 -0.182980 -0.353896 0.302463 0.565854 -0.214460 -0.694692 0.331260 1.093607
0.276597 0.216216 -0.484727 -0.988920 -0.039138 -0.072573 -0.161702 -0.299842 0.351077 0.663482 0.565537 1.358174 0.274715 1.076214
0.276597 0.243245 -0.484727 -0.899774 -0.039138 -0.066031 -0.161702 -0.272813 0.368339 0.721328 -0.197197 -0.636846 0.253364 1.035748
0.297872 0.297299 -0.420952 -0.721497 -0.033988 -0.052948 -0.140427 -0.218759 0.420849 0.784435 0.618047 1.421282 0.198999 1.000120
0.297872 0.324324 -0.420952 -0.632366 -0.033988 -0.046407 -0.140427 -0.191734 0.440356 0.827886 -0.177691 -0.593395 0.180859 0.938653
0.319150 0.297299 -0.357167 -0.721497 -0.028838 -0.052948 -0.119148 -0.218759 0.436169 0.749966 0.613860 1.343361 0.184600 1.072066
0.319150 0.270270 -0.357167 -0.810643 -0.028838 -0.059490 -0.119148 -0.245788 0.418213 0.702658 -0.195646 -0.640703 0.205986 1.119415
0.319150 0.243245 -0.357167 -0.899774 -0.028838 -0.066031 -0.119148 -0.272813 0.401279 0.651241 0.596925 1.291944 0.228566 1.159024
0.340425 0.189191 -0.293392 -1.078052 -0.023689 -0.079114 -0.097874 -0.326867 0.389464 0.507246 -0.207461 -0.784698 0.267645 1.279863
0.361703 0.162162 -0.229607 -1.167197 -0.018539 -0.085656 -0.076595 -0.353896 0.396391 0.421463 0.603852 1.206161 0.286563 1.357649
0.361703 0.135137 -0.229607 -1.256329 -0.018539 -0.092197 -0.076595 -0.380921 0.386123 0.357554 -0.217728 -0.848607 0.312688 1.372363
0.382978 0.108108 -0.165832 -1.345474 -0.013390 -0.098739 -0.055320 -0.407950 0.397944 0.275124 0.615673 1.123731 0.334793 1.436013
0.404256 0.108108 -0.102047 -1.345474 -0.008239 -0.098739 -0.034042 -0.407950 0.418462 0.261309 -0.197211 -0.862421 0.331941 1.487542
0.425531 0.081083 -0.038272 -1.434606 -0.003090 -0.105280 -0.012767 -0.434975 0.433187 0.188288 0.630398 1.050710 0.357444 1.541453
0.489363 0.081083 0.153073 -1.434606 0.012359 -0.105280 0.051064 -0.434975 0.496034 0.164199 -0.134363 -0.886510 0.360847 -1.453936
0.510637 0.081083 0.216848 -1.434606 0.017509 -0.105280 0.072339 -0.434975 0.517035 0.157473 0.651398 1.043983 0.364467 -1.405999
0.531916 0.081083 0.280633 -1.434606 0.022659 -0.105280 0.093617 -0.434975 0.538060 0.151271 -0.113338 -0.892712 0.369279 -1.358806
0.553191 0.108108 0.344408 -1.345474 0.027808 -0.098739 0.114892 -0.407950 0.563655 0.192994 0.676993 1.085706 0.349608 -1.296274
0.574469 0.135137 0.408192 -1.256329 0.032958 -0.092197 0.136170 -0.380921 0.590149 0.231038 -0.086844 -0.854668 0.332339 -1.227477
0.574469 0.243245 0.408192 -0.899774 0.032958 -0.066031 0.136170 -0.272813 0.623845 0.400536 0.710689 1.255205 0.237883 -1.107842
0.574469 0.297299 0.408192 -0.721497 0.032958 -0.052948 0.136170 -0.218759 0.646839 0.477565 -0.063850 -0.777640 0.196019 -1.014021
0.574469 0.378378 0.408192 -0.454088 0.032958 -0.033324 0.136170 -0.137680 0.687884 0.582437 0.751733 1.360077 0.148771 -0.790913
0.531916 0.540539 0.280633 0.080743 0.022659 0.005925 0.093617 0.024481 0.758365 0.793439 0.006631 -0.566638 0.138627 0.255777
0.489363 0.621622 0.153073 0.348165 0.012359 0.025550 0.051064 0.105564 0.791132 0.903888 0.784501 1.470525 0.190303 1.120254
0.468084 0.675676 0.089288 0.526442 0.007209 0.038634 0.029786 0.159618 0.821974 0.964943 0.037473 -0.505582 0.239239 1.386311
0.382978 0.756759 -0.165832 0.793865 -0.013390 0.058259 -0.055320 0.240701 0.848149 1.102299 0.810676 1.607882 0.323230 -1.344889
0.340425 0.783784 -0.293392 0.882996 -0.023689 0.064800 -0.097874 0.267726 0.854521 1.161045 0.043846 -0.446836 0.359082 -1.220316
0.319150 0.810813 -0.357167 0.972142 -0.028838 0.071342 -0.119148 0.294755 0.871364 1.195804 0.827518 1.642641 0.391106 -1.186650
0.276597 0.837838 -0.484727 1.061273 -0.039138 0.077883 -0.161702 0.321780 0.882314 1.251930 0.054796 -0.390711 0.431021 -1.105133
0.212766 0.837838 -0.676072 1.061273 -0.054587 0.077883 -0.225533 0.321780 0.864432 1.322107 0.809635 1.712818 0.458800 -0.959472
0.191491 0.837838 -0.739847 1.061273 -0.059737 0.077883 -0.246808 0.321780 0.859443 1.346102 0.049807 -0.366715 0.469623 -0.916499
0.170212 0.837838 -0.803631 1.061273 -0.064887 0.077883 -0.268086 0.321780 0.854953 1.370367 0.805146 1.737083 0.481147 -0.876176
0.148938 0.837838 -0.867407 1.061273 -0.070036 0.077883 -0.289361 0.321780 0.850973 1.394870 0.045827 -0.342213 0.493317 -0.838395
0.191491 0.864867 -0.739847 1.150419 -0.059737 0.084425 -0.246808 0.348809 0.885813 1.352901 0.839986 1.695114 0.492823 -0.955006
0.212766 0.864867 -0.676072 1.150419 -0.054587 0.084425 -0.225533 0.348809 0.890654 1.329577 0.050668 -0.365537 0.482520 -0.996829
0.255319 0.864867 -0.548512 1.150419 -0.044288 0.084425 -0.182980 0.348809 0.901767 1.283738 0.851098 1.649275 0.464158 -1.087675
0.319150 0.864867 -0.357167 1.150419 -0.028838 0.084425 -0.119148 0.348809 0.921874 1.217282 0.070776 -0.431993 0.442896 -1.241636
0.468084 0.891892 0.089288 1.239551 0.007209 0.090966 0.029786 0.375834 1.007261 1.087489 0.936485 1.519482 0.454571 1.491709
0.553191 0.918921 0.344408 1.328696 0.027808 0.097508 0.114892 0.402863 1.072584 1.028907 0.136099 -0.490575 0.494164 1.292982
0.638300 0.945946 0.599537 1.417828 0.048408 0.104049 0.200002 0.429888 1.141158 0.977202 1.005059 1.467777 0.545625 1.135340
0.744681 0.972975 0.918432 1.506973 0.074156 0.110591 0.306383 0.456917 1.225247 0.917534 0.220188 -0.550243 0.616238 0.980115
0.787234 0.972975 1.045992 1.506973 0.084455 0.110591 0.348936 0.456917 1.251566 0.890531 1.031378 1.440774 0.638463 0.918601
0.829788 0.972975 1.173552 1.506973 0.094755 0.110591 0.391489 0.456917 1.278760 0.864659 0.247382 -0.576115 0.662678 0.862365
0.851066 1.000000 1.237337 1.596105 0.099905 0.117132 0.412767 0.483942 1.313131 0.865684 1.065749 1.441799 0.697055 0.864605
0.872341 1.000000 1.301112 1.596105 0.105054 0.117132 0.434042 0.483942 1.327019 0.853475 0.261270 -0.588325 0.709860 0.839703
0.851066 0.945946 1.237337 1.417828 0.099905 0.104049 0.412767 0.429888 1.272449 0.838148 1.011179 1.426473 0.654280 0.805713
0.829788 0.918921 1.173552 1.328696 0.094755 0.097508 0.391489 0.402863 1.238129 0.836325 0.226950 -0.590148 0.619888 0.799716
0.808513 0.810813 1.109777 0.972142 0.089605 0.071342 0.370214 0.294755 1.145037 0.786819 0.918088 1.376967 0.525191 0.672404
0.808513 0.756759 1.109777 0.793865 0.089605 0.058259 0.370214 0.240701 1.107419 0.752347 0.189331 -0.624620 0.488340 0.576493
0.808513 0.702705 1.109777 0.615587 0.089605 0.045176 0.370214 0.186647 1.071208 0.715498 0.881877 1.340118 0.454939 0.466970
0.808513 0.594593 1.109777 0.259020 0.089605 0.019008 0.370214 0.078535 1.003610 0.634102 0.121734 -0.706016 0.401854 0.209036
0.851066 0.540539 1.237337 0.080743 0.099905 0.005925 0.412767 0.024481 1.008214 0.565852 0.886481 1.271868 0.425241 0.059241
0.872341 0.540539 1.301112 0.080743 0.105054 0.005925 0.434042 0.024481 1.026236 0.554738 0.139756 -0.717131 0.445921 0.056343
0.914894 0.513515 1.428672 -0.008389 0.115354 -0.000616 0.476595 -0.002544 1.049156 0.511465 0.909400 1.228595 0.482494 -0.005337
0.936172 0.513515 1.492457 -0.008389 0.120504 -0.000616 0.497873 -0.002544 1.067762 0.501711 0.158362 -0.726884 0.503523 -0.005109
0.978725 0.594593 1.620016 0.259020 0.130803 0.019008 0.540427 0.078535 1.145183 0.545929 0.986821 1.272814 0.562573 0.144311
0.978725 0.648647 1.620016 0.437297 0.130803 0.032091 0.540427 0.132589 1.174158 0.585284 0.187336 -0.687530 0.579920 0.240590
1.000000 0.756759 1.683792 0.793865 0.135952 0.058259 0.561701 0.240701 1.254067 0.647813 1.066731 1.335343 0.645698 0.404850
0.978725 0.864867 1.620016 1.150419 0.130803 0.084425 0.540427 0.348809 1.306100 0.723718 0.239369 -0.611625 0.688492 0.573158
0.957447 0.891892 1.556232 1.239551 0.125653 0.090966 0.519148 0.375834 1.308501 0.749965 1.069132 1.361590 0.689393 0.626615
0.936172 0.945946 1.492457 1.417828 0.120504 0.104049 0.497873 0.429888 1.330876 0.790591 0.261744 -0.570999 0.711044 0.712250
0.914894 0.972975 1.428672 1.506973 0.115354 0.110591 0.476595 0.456917 1.335556 0.816154 1.073812 1.387153 0.716256 0.764321
