0.272726 0.718749 -0.493937 0.539732 -0.039293 0.041341 -0.171414 0.180346 0.768752 1.208134 0.768752 1.208134 0.323717 -0.810784
0.250001 0.718749 -0.559421 0.539732 -0.044503 0.041341 -0.194140 0.180346 0.760987 1.236058 -0.007766 0.027924 0.336303 -0.748581
0.204546 0.718749 -0.690400 0.539732 -0.054922 0.041341 -0.239594 0.180346 0.747288 1.293539 0.755054 1.265615 0.364438 -0.645236
0.181818 0.718749 -0.755894 0.539732 -0.060132 0.041341 -0.262323 0.180346 0.741389 1.323030 -0.013664 0.057415 0.379767 -0.602284
0.136363 0.656249 -0.886873 0.352685 -0.070552 0.027014 -0.307777 0.117846 0.670267 1.365920 0.683932 1.308505 0.373787 -0.365674
0.113638 0.593750 -0.952358 0.165638 -0.075761 0.012687 -0.330503 0.055346 0.604526 1.381693 -0.079405 0.073188 0.362788 -0.165922
0.068183 0.499998 -1.083336 -0.114939 -0.086181 -0.008804 -0.375957 -0.038406 0.504625 1.435265 0.584030 1.362077 0.380084 0.101801
0.045454 0.437498 -1.148831 -0.301985 -0.091391 -0.023130 -0.398686 -0.100905 0.439853 1.467272 -0.144178 0.105195 0.398741 0.247889
0.022729 0.343751 -1.214315 -0.582548 -0.096600 -0.044620 -0.421411 -0.194652 0.344501 1.504772 0.488679 1.399577 0.433204 0.432711
0.022729 0.281251 -1.214315 -0.769594 -0.096600 -0.058947 -0.421411 -0.257152 0.282168 1.490158 -0.206511 0.090580 0.451797 0.547898
0.000000 0.218751 -1.279810 -0.956641 -0.101810 -0.073274 -0.444140 -0.319652 0.218751 1.570796 0.425262 1.480216 0.498057 0.623831
0.000000 0.156252 -1.279810 -1.143688 -0.101810 -0.087600 -0.444140 -0.382152 0.156252 1.570796 -0.269011 0.090580 0.529283 0.710518
0.022729 0.124999 -1.214315 -1.237218 -0.096600 -0.094764 -0.421411 -0.413404 0.127049 1.390929 0.396060 1.300349 0.528619 0.775806
0.045454 0.062500 -1.148831 -1.424264 -0.091391 -0.109091 -0.398686 -0.475903 0.077281 0.941999 -0.318779 -0.358349 0.551906 0.873460
0.068183 0.031252 -1.083336 -1.517781 -0.086181 -0.116254 -0.375957 -0.507151 0.075004 0.429781 0.393783 0.788130 0.558409 0.932879
0.090909 0.031252 -1.017852 -1.517781 -0.080971 -0.116254 -0.353232 -0.507151 0.096131 0.331119 -0.297653 -0.457011 0.543368 0.962422
0.113638 0.000000 -0.952358 -1.611311 -0.075761 -0.123418 -0.330503 -0.538403 0.113638 0.000000 0.411290 0.457011 0.553618 1.020250
0.159092 0.000000 -0.821379 -1.611311 -0.065342 -0.123418 -0.285048 -0.538403 0.159092 0.000000 -0.252198 -0.457011 0.527743 1.083881
0.204546 0.031252 -0.690400 -1.517781 -0.054922 -0.116254 -0.239594 -0.507151 0.206920 0.151615 0.459119 0.608627 0.477370 1.129446
0.227272 0.093752 -0.624916 -1.330734 -0.049713 -0.101927 -0.216868 -0.444651 0.245849 0.391244 -0.213269 -0.217383 0.412073 1.117015
0.250001 0.124999 -0.559421 -1.237218 -0.044503 -0.094764 -0.194140 -0.413404 0.279509 0.463644 0.492778 0.681027 0.373552 1.131753
0.250001 0.218751 -0.559421 -0.956641 -0.044503 -0.073274 -0.194140 -0.319652 0.332194 0.718831 -0.160584 0.037804 0.297473 1.024992
0.272726 0.249999 -0.493937 -0.863125 -0.039293 -0.066111 -0.171414 -0.288404 0.369972 0.741947 0.530556 0.704142 0.258986 1.034539
0.272726 0.312499 -0.493937 -0.676078 -0.039293 -0.051784 -0.171414 -0.225905 0.414771 0.853254 -0.115785 0.149112 0.216130 0.921694
0.272726 0.343751 -0.493937 -0.582548 -0.039293 -0.044620 -0.171414 -0.194652 0.438799 0.900103 0.554584 0.750991 0.198648 0.848794
0.295455 0.374998 -0.428443 -0.489032 -0.034083 -0.037457 -0.148685 -0.163405 0.477407 0.903487 -0.077177 0.152496 0.163975 0.832529
0.295455 0.343751 -0.428443 -0.582548 -0.034083 -0.044620 -0.148685 -0.194652 0.453275 0.860810 0.530452 0.708314 0.179403 0.918490
0.295455 0.312499 -0.428443 -0.676078 -0.034083 -0.051784 -0.148685 -0.225905 0.430057 0.813425 -0.100395 0.105111 0.198587 0.988695
0.318181 0.281251 -0.362958 -0.769594 -0.028874 -0.058947 -0.125960 -0.257152 0.424666 0.723868 0.525061 0.618758 0.205910 1.115322
0.318181 0.249999 -0.362958 -0.863125 -0.028874 -0.066111 -0.125960 -0.288404 0.404646 0.665969 -0.120415 0.047211 0.231423 1.159018
0.340910 0.187499 -0.297464 -1.050171 -0.023664 -0.080438 -0.103231 -0.350904 0.389070 0.502841 0.509484 0.455630 0.276625 1.284683
0.340910 0.156252 -0.297464 -1.143688 -0.023664 -0.087600 -0.103231 -0.382152 0.375012 0.429766 -0.134473 -0.025864 0.305837 1.306963
0.363635 0.124999 -0.231979 -1.237218 -0.018454 -0.094764 -0.080505 -0.413404 0.384520 0.331096 0.518992 0.356960 0.329138 1.378466
0.409090 0.093752 -0.101001 -1.330734 -0.008035 -0.101927 -0.035051 -0.444651 0.419695 0.225282 -0.099297 -0.131678 0.352137 1.492131
0.431818 0.062500 -0.035506 -1.424264 -0.002825 -0.109091 -0.012322 -0.475903 0.436318 0.143738 0.535615 0.275416 0.381840 1.544910
0.477273 0.062500 0.095473 -1.424264 0.007595 -0.109091 0.033132 -0.475903 0.481348 0.130211 -0.054268 -0.145205 0.383076 -1.501288
0.500002 0.062500 0.160967 -1.424264 0.012805 -0.109091 0.055861 -0.475903 0.503893 0.124354 0.558161 0.269559 0.385707 -1.453951
0.522727 0.062500 0.226451 -1.424264 0.018014 -0.109091 0.078587 -0.475903 0.526450 0.119000 -0.031710 -0.150559 0.389648 -1.407141
0.545456 0.093752 0.291946 -1.330734 0.023225 -0.101927 0.101316 -0.444651 0.553454 0.170215 0.585165 0.320774 0.364742 -1.346767
0.568182 0.124999 0.357430 -1.237218 0.028434 -0.094764 0.124041 -0.413404 0.581769 0.216549 -0.003396 -0.104224 0.342399 -1.279295
0.590910 0.187499 0.422924 -1.050171 0.033644 -0.080438 0.146770 -0.350904 0.619944 0.307257 0.623340 0.411481 0.295645 -1.174646
0.590910 0.249999 0.422924 -0.863125 0.033644 -0.066111 0.146770 -0.288404 0.641619 0.400238 0.018279 -0.011243 0.243377 -1.100051
0.590910 0.343751 0.422924 -0.582548 0.033644 -0.044620 0.146770 -0.194652 0.683623 0.526878 0.665344 0.538121 0.177819 -0.924733
0.545456 0.562497 0.291946 0.072108 0.023225 0.005523 0.101316 0.024094 0.783534 0.800778 0.118190 0.262657 0.155799 0.233476
0.500002 0.656249 0.160967 0.352685 0.012805 0.027014 0.055861 0.117846 0.825024 0.919717 0.706834 0.657061 0.219341 1.128148
0.477273 0.749996 0.095473 0.633248 0.007595 0.048503 0.033132 0.211593 0.888979 1.004065 0.182145 0.347004 0.307645 1.415472
0.363635 0.843748 -0.231979 0.913825 -0.018454 0.069994 -0.080505 0.305345 0.918772 1.163875 0.736627 0.816871 0.407637 -1.313009
0.295455 0.875001 -0.428443 1.007355 -0.034083 0.077158 -0.148685 0.336597 0.923537 1.245154 0.186910 0.428284 0.455794 -1.154841
0.250001 0.906248 -0.559421 1.100871 -0.044503 0.084321 -0.194140 0.367845 0.940099 1.301627 0.753189 0.873344 0.501232 -1.085176
0.159092 0.906248 -0.821379 1.100871 -0.065342 0.084321 -0.285048 0.367845 0.920106 1.397017 0.166917 0.523673 0.542951 -0.911540
0.136363 0.937500 -0.886873 1.194402 -0.070552 0.091485 -0.307777 0.399097 0.947366 1.426355 0.780448 0.902682 0.581490 -0.913875
0.090909 0.937500 -1.017852 1.194402 -0.080971 0.091485 -0.353232 0.399097 0.941898 1.474129 0.161449 0.571447 0.606776 -0.846288
0.068183 0.937500 -1.083336 1.194402 -0.086181 0.091485 -0.375957 0.399097 0.939976 1.498195 0.778527 0.926748 0.620280 -0.815245
0.045454 0.937500 -1.148831 1.194402 -0.091391 0.091485 -0.398686 0.399097 0.938602 1.522350 0.160074 0.595601 0.634314 -0.785914
0.068183 0.906248 -1.083336 1.100871 -0.086181 0.084321 -0.375957 0.367845 0.908809 1.495701 0.748735 0.900100 0.595724 -0.774492
0.090909 0.906248 -1.017852 1.100871 -0.080971 0.084321 -0.353232 0.367845 0.910796 1.470817 0.162061 0.570718 0.581649 -0.805661
0.159092 0.906248 -0.821379 1.100871 -0.065342 0.084321 -0.285048 0.367845 0.920106 1.397017 0.758045 0.826299 0.542951 -0.911540
0.227272 0.906248 -0.624916 1.100871 -0.049713 0.084321 -0.216868 0.367845 0.934312 1.325081 0.176267 0.498781 0.510466 -1.038085
0.409090 0.937500 -0.101001 1.194402 -0.008035 0.091485 -0.035051 0.399097 1.022869 1.159341 0.846602 0.660560 0.494603 -1.483196
0.500002 0.937500 0.160967 1.194402 0.012805 0.091485 0.055861 0.399097 1.062501 1.080838 0.215899 0.420278 0.496512 1.431730
0.613636 0.937500 0.488409 1.194402 0.038853 0.091485 0.169496 0.399097 1.120471 0.991233 0.904573 0.570955 0.521663 1.169182
0.772728 0.968748 0.946840 1.287918 0.075322 0.098648 0.328588 0.430345 1.239186 0.897486 0.334613 0.326531 0.619018 0.918682
0.840908 0.968748 1.143303 1.287918 0.090951 0.098648 0.396768 0.430345 1.282809 0.855924 0.948196 0.529393 0.657752 0.825971
0.909091 1.000000 1.339776 1.381448 0.106581 0.105812 0.464951 0.461597 1.351461 0.832981 0.403265 0.303588 0.724679 0.781778
0.954546 1.000000 1.470755 1.381448 0.117000 0.105812 0.510405 0.461597 1.382446 0.808650 0.979181 0.505062 0.754648 0.735226
0.977271 1.000000 1.536239 1.381448 0.122209 0.105812 0.533131 0.461597 1.398234 0.796893 0.419053 0.291831 0.770200 0.713609
0.954546 0.968748 1.470755 1.287918 0.117000 0.098648 0.510405 0.430345 1.360011 0.792782 0.940958 0.500952 0.731933 0.700500
0.931817 0.937500 1.405260 1.194402 0.111790 0.091485 0.487676 0.399097 1.321813 0.788439 0.380855 0.287487 0.693709 0.685839
0.909091 0.906248 1.339776 1.100871 0.106581 0.084321 0.464951 0.367845 1.283640 0.783832 0.902785 0.496345 0.655532 0.669320
0.886362 0.843748 1.274282 0.913825 0.101370 0.069994 0.442222 0.305345 1.223744 0.760772 0.320959 0.264427 0.596026 0.604308
0.886362 0.781249 1.274282 0.726778 0.101370 0.055667 0.442222 0.242845 1.181519 0.722449 0.860560 0.458022 0.556060 0.502189
0.863637 0.656249 1.208797 0.352685 0.096161 0.027014 0.419496 0.117846 1.084680 0.649786 0.224120 0.191765 0.470072 0.273864
0.863637 0.593750 1.208797 0.165638 0.096161 0.012687 0.419496 0.055346 1.048049 0.602287 0.823929 0.410522 0.445376 0.131178
0.909091 0.531250 1.339776 -0.021408 0.106581 -0.001640 0.464951 -0.007153 1.052936 0.528851 0.229006 0.118329 0.473041 -0.015384
0.954546 0.531250 1.470755 -0.021408 0.117000 -0.001640 0.510405 -0.007153 1.092421 0.507856 0.863415 0.389527 0.517785 -0.014014
0.977271 0.531250 1.536239 -0.021408 0.122209 -0.001640 0.533131 -0.007153 1.112333 0.497920 0.248919 0.108393 0.540200 -0.013417
1.000000 0.593750 1.601733 0.165638 0.127420 0.012687 0.555860 0.055346 1.162987 0.535811 0.914068 0.427418 0.575641 0.099242
1.000000 0.656249 1.601733 0.352685 0.127420 0.027014 0.555860 0.117846 1.196103 0.580756 0.282035 0.153338 0.594954 0.208914
1.000000 0.718749 1.601733 0.539732 0.127420 0.041341 0.555860 0.180346 1.231503 0.623199 0.949468 0.469860 0.619992 0.313730
1.000000 0.843748 1.601733 0.913825 0.127420 0.069994 0.555860 0.305345 1.308400 0.700853 0.358932 0.230993 0.684592 0.502322
0.977271 0.937500 1.536239 1.194402 0.122209 0.091485 0.533131 0.399097 1.354240 0.764631 0.995308 0.533638 0.726383 0.642599
0.977271 0.968748 1.536239 1.287918 0.122209 0.098648 0.533131 0.430345 1.376056 0.781018 0.380749 0.247381 0.747958 0.679117
0.954546 1.000000 1.470755 1.381448 0.117000 0.105812 0.510405 0.461597 1.382446 0.808650 1.001698 0.561269 0.754648 0.735226
