0.190476 0.687501 -0.768909 0.541344 -0.065119 0.044366 -0.256360 0.174659 0.713400 1.300520 0.713400 1.300520 0.351625 -0.598068
0.142857 0.656249 -0.911735 0.444480 -0.077214 0.036427 -0.303979 0.143407 0.671618 1.356453 -0.041782 0.055933 0.369130 -0.440806
0.119046 0.593750 -0.983153 0.250767 -0.083263 0.020551 -0.327790 0.080907 0.605566 1.372922 0.647348 1.316989 0.359208 -0.241989
0.071427 0.531250 -1.125978 0.057053 -0.095359 0.004676 -0.375409 0.018408 0.536030 1.437147 -0.111318 0.120159 0.384783 -0.048994
0.047619 0.468750 -1.197385 -0.136660 -0.101406 -0.011200 -0.399217 -0.044092 0.471163 1.469556 0.582480 1.349398 0.399818 0.110001
0.023808 0.406250 -1.268803 -0.330374 -0.107455 -0.027076 -0.423029 -0.106592 0.406947 1.512260 -0.175533 0.162862 0.424971 0.246835
0.000000 0.312499 -1.340211 -0.620951 -0.113502 -0.050890 -0.446836 -0.200344 0.312499 1.570796 0.488031 1.407934 0.466593 0.421490
0.000000 0.249999 -1.340211 -0.814665 -0.113502 -0.066765 -0.446836 -0.262843 0.249999 1.570796 -0.238033 0.162862 0.488270 0.531722
0.000000 0.187499 -1.340211 -1.008378 -0.113502 -0.082641 -0.446836 -0.325343 0.187499 1.570796 0.425532 1.407934 0.516641 0.629340
0.000000 0.124999 -1.340211 -1.202091 -0.113502 -0.098517 -0.446836 -0.387843 0.124999 1.570796 -0.300532 0.162862 0.550674 0.714838
0.000000 0.062500 -1.340211 -1.395805 -0.113502 -0.114393 -0.446836 -0.450343 0.062500 1.570796 0.363032 1.407934 0.589387 0.789306
0.023808 0.031252 -1.268803 -1.492654 -0.107455 -0.122330 -0.423029 -0.481590 0.039288 0.919790 -0.323745 -0.488144 0.593012 0.850044
0.095238 0.000000 -1.054560 -1.589518 -0.089310 -0.130268 -0.351598 -0.512842 0.095238 0.000000 0.418983 0.488144 0.568581 0.969809
0.142857 0.000000 -0.911735 -1.589518 -0.077214 -0.130268 -0.303979 -0.512842 0.142857 0.000000 -0.276126 -0.488144 0.540431 1.035736
0.166665 0.000000 -0.840327 -1.589518 -0.071167 -0.130268 -0.280171 -0.512842 0.166665 0.000000 0.442790 0.488144 0.527407 1.070790
0.190476 0.031252 -0.768909 -1.492654 -0.065119 -0.122330 -0.256360 -0.481590 0.193023 0.162625 -0.249767 -0.325519 0.488294 1.081628
0.238095 0.093752 -0.626084 -1.298941 -0.053023 -0.106454 -0.208741 -0.419090 0.255888 0.375114 0.505656 0.700633 0.410172 1.108685
0.238095 0.156252 -0.626084 -1.105227 -0.053023 -0.090578 -0.208741 -0.356591 0.284787 0.580761 -0.220868 -0.119872 0.357788 1.041196
0.261903 0.218751 -0.554677 -0.911514 -0.046975 -0.074703 -0.184933 -0.294091 0.341241 0.695861 0.562109 0.815733 0.293638 1.009447
0.285714 0.281251 -0.483258 -0.717801 -0.040927 -0.058827 -0.161122 -0.231591 0.400917 0.777526 -0.161191 -0.038207 0.231038 0.962951
0.285714 0.312499 -0.483258 -0.620951 -0.040927 -0.050890 -0.161122 -0.200344 0.423424 0.830142 0.584616 0.868349 0.209778 0.893483
0.285714 0.343751 -0.483258 -0.524087 -0.040927 -0.042951 -0.161122 -0.169092 0.446987 0.877338 -0.137629 0.008989 0.191277 0.809528
0.309522 0.374998 -0.411851 -0.427238 -0.034880 -0.035014 -0.137314 -0.137844 0.486238 0.880761 0.623867 0.871772 0.154971 0.787323
0.309522 0.343751 -0.411851 -0.524087 -0.034880 -0.042951 -0.137314 -0.169092 0.462567 0.837746 -0.161300 -0.034026 0.171703 0.888738
0.309522 0.312499 -0.411851 -0.620951 -0.034880 -0.050890 -0.137314 -0.200344 0.439840 0.790183 0.601140 0.824209 0.192099 0.969941
0.333333 0.218751 -0.340433 -0.911514 -0.028831 -0.074703 -0.113503 -0.294091 0.398702 0.580759 -0.202438 -0.243450 0.254766 1.202465
0.333333 0.156252 -0.340433 -1.105227 -0.028831 -0.090578 -0.113503 -0.356591 0.368138 0.438341 0.570576 0.681790 0.311965 1.262636
0.357141 0.124999 -0.269026 -1.202091 -0.022784 -0.098517 -0.089695 -0.387843 0.378384 0.336675 -0.192192 -0.345116 0.334102 1.343525
0.404760 0.093752 -0.126200 -1.298941 -0.010688 -0.106454 -0.042076 -0.419090 0.415476 0.227610 0.607667 0.572725 0.355583 1.470733
0.428571 0.093752 -0.054782 -1.298941 -0.004639 -0.106454 -0.018265 -0.419090 0.438706 0.215362 -0.168962 -0.357363 0.353556 1.527242
0.452383 0.062500 0.016636 -1.395805 0.001409 -0.114393 0.005546 -0.450343 0.456680 0.137288 0.625641 0.494651 0.384377 -1.558481
0.500002 0.062500 0.159461 -1.395805 0.013505 -0.114393 0.053166 -0.450343 0.503893 0.124354 -0.121748 -0.370297 0.387996 -1.453284
0.547621 0.093752 0.302287 -1.298941 0.025601 -0.106454 0.100785 -0.419090 0.555588 0.169555 0.677336 0.539852 0.367187 -1.334794
0.595240 0.156252 0.445112 -1.105227 0.037696 -0.090578 0.148404 -0.356591 0.615406 0.256710 -0.061930 -0.283142 0.326287 -1.176425
0.595240 0.218751 0.445112 -0.911514 0.037696 -0.074703 0.148404 -0.294091 0.634163 0.352180 0.696093 0.635322 0.272115 -1.103461
0.595240 0.312499 0.445112 -0.620951 0.037696 -0.050890 0.148404 -0.200344 0.672284 0.483444 -0.023809 -0.151878 0.200176 -0.933245
0.595240 0.374998 0.445112 -0.427238 0.037696 -0.035014 0.148404 -0.137844 0.703516 0.562183 0.727324 0.714061 0.164877 -0.748525
0.547621 0.468750 0.302287 -0.136660 0.025601 -0.011200 0.100785 -0.044092 0.720843 0.707953 -0.006481 -0.006108 0.103139 -0.412401
0.476190 0.624997 0.088043 0.347616 0.007456 0.028489 0.029354 0.112155 0.785734 0.919717 0.792215 0.925825 0.180563 1.314809
0.428571 0.687501 -0.054782 0.541344 -0.004639 0.044366 -0.018265 0.174659 0.810143 1.013366 0.017928 0.087541 0.241357 -1.466601
0.309522 0.781249 -0.411851 0.831907 -0.034880 0.068179 -0.137314 0.268406 0.840329 1.193580 0.822402 1.106039 0.361506 -1.097919
0.261903 0.812501 -0.554677 0.928771 -0.046975 0.076117 -0.184933 0.299659 0.853669 1.258971 0.031267 0.152932 0.409769 -1.017864
0.238095 0.843748 -0.626084 1.025620 -0.053023 0.084054 -0.208741 0.330906 0.876699 1.295760 0.845431 1.142829 0.448455 -1.008025
0.190476 0.843748 -0.768909 1.025620 -0.065119 0.084054 -0.256360 0.330906 0.864981 1.348768 0.019550 0.205939 0.472504 -0.911660
0.166665 0.843748 -0.840327 1.025620 -0.071167 0.084054 -0.280171 0.330906 0.860051 1.375778 0.840502 1.169838 0.485835 -0.868233
0.119046 0.843748 -0.983153 1.025620 -0.083263 0.084054 -0.327790 0.330906 0.852105 1.430630 0.011603 0.260792 0.514768 -0.790128
0.119046 0.875001 -0.983153 1.122484 -0.083263 0.091993 -0.327790 0.362158 0.883062 1.435574 0.871458 1.174783 0.539232 -0.835169
0.166665 0.875001 -0.840327 1.122484 -0.071167 0.091993 -0.280171 0.362158 0.890732 1.382577 0.019274 0.207794 0.511684 -0.912352
0.214284 0.906248 -0.697502 1.219334 -0.059071 0.099930 -0.232552 0.393406 0.931237 1.338609 0.911964 1.130815 0.514917 -1.036928
0.285714 0.906248 -0.483258 1.219334 -0.040927 0.099930 -0.161122 0.393406 0.950220 1.265388 0.038256 0.134574 0.486846 -1.182079
0.476190 0.937500 0.088043 1.316198 0.007456 0.107868 0.029354 0.424658 1.051506 1.100820 1.013249 0.966246 0.491541 1.501782
0.571429 0.937500 0.373694 1.316198 0.031648 0.107868 0.124592 0.424658 1.097924 1.023404 0.084675 0.057157 0.506236 1.285411
0.642859 0.968748 0.587937 1.413047 0.049792 0.115806 0.196023 0.455906 1.162643 0.984921 1.077969 0.927764 0.557509 1.164729
0.761905 1.000000 0.944995 1.509911 0.080031 0.123744 0.315068 0.487158 1.257179 0.919720 0.179210 -0.008044 0.636599 0.996710
0.809524 1.000000 1.087821 1.509911 0.092127 0.123744 0.362688 0.487158 1.286596 0.890275 1.107386 0.898319 0.661462 0.930826
0.857143 1.000000 1.230646 1.509911 0.104223 0.123744 0.410307 0.487158 1.317078 0.862170 0.209692 -0.036149 0.688725 0.870821
0.880954 1.000000 1.302064 1.509911 0.110271 0.123744 0.434118 0.487158 1.332697 0.848604 1.123004 0.884753 0.703170 0.842907
0.880954 0.968748 1.302064 1.413047 0.110271 0.115806 0.434118 0.455906 1.309409 0.832826 0.186405 -0.051927 0.678859 0.809873
0.880954 0.937500 1.302064 1.316198 0.110271 0.107868 0.434118 0.424658 1.286463 0.816484 1.100058 0.868411 0.655141 0.774383
0.857143 0.906248 1.230646 1.219334 0.104223 0.099930 0.410307 0.393406 1.247389 0.813238 0.147331 -0.055173 0.615963 0.764373
0.833335 0.843748 1.159239 1.025620 0.098176 0.084054 0.386499 0.330906 1.185900 0.791607 1.038569 0.846780 0.554004 0.708061
0.833335 0.687501 1.159239 0.541344 0.098176 0.044366 0.386499 0.174659 1.080327 0.689800 0.041758 -0.156980 0.455303 0.424434
0.833335 0.624997 1.159239 0.347616 0.098176 0.028489 0.386499 0.112155 1.041666 0.643498 0.999909 0.800478 0.425585 0.282425
0.857143 0.531250 1.230646 0.057053 0.104223 0.004676 0.410307 0.018408 1.008425 0.554845 0.008516 -0.245633 0.418900 0.044833
0.880954 0.499998 1.302064 -0.039811 0.110271 -0.003263 0.434118 -0.012845 1.012955 0.516228 1.004439 0.761861 0.437361 -0.029579
0.904762 0.468750 1.373471 -0.136660 0.116319 -0.011200 0.457926 -0.044092 1.018980 0.478016 0.014541 -0.283844 0.458450 -0.095991
0.976192 0.468750 1.587715 -0.136660 0.134463 -0.011200 0.529356 -0.044092 1.082903 0.447668 1.068362 0.731512 0.529809 -0.083102
1.000000 0.531250 1.659122 0.057053 0.140510 0.004676 0.553164 0.018408 1.132354 0.488334 0.063993 -0.243178 0.559567 0.033265
1.000000 0.656249 1.659122 0.444480 0.140510 0.036427 0.553164 0.143407 1.196103 0.580756 1.132110 0.823934 0.591476 0.253664
1.000000 0.718749 1.659122 0.638193 0.140510 0.052303 0.553164 0.205907 1.231503 0.623199 0.099393 -0.200736 0.616382 0.356344
1.000000 0.843748 1.659122 1.025620 0.140510 0.084054 0.553164 0.330906 1.308400 0.700853 1.209008 0.901589 0.680830 0.539100
0.952381 0.906248 1.516297 1.219334 0.128415 0.099930 0.505545 0.393406 1.314654 0.760582 0.105646 -0.141007 0.683107 0.661295
0.928573 0.937500 1.444890 1.316198 0.122367 0.107868 0.481737 0.424658 1.319528 0.790182 1.213882 0.931189 0.687620 0.722508
