0.274509 0.717947 -0.536450 0.452636 -0.059731 0.042651 -0.190769 0.136217 0.768638 1.205595 0.768638 1.205595 0.316598 -0.620090
0.274509 0.743590 -0.536450 0.537844 -0.059731 0.050680 -0.190769 0.161860 0.792642 1.217149 0.024005 0.011554 0.337417 -0.703601
0.294119 0.794872 -0.481308 0.708249 -0.053591 0.066736 -0.171160 0.213142 0.847542 1.216399 0.823537 1.204845 0.371386 -0.894211
0.215687 0.743590 -0.701859 0.537844 -0.078149 0.050680 -0.249591 0.161860 0.774240 1.288482 -0.049297 0.083637 0.373836 -0.575322
0.078431 0.487177 -1.087829 -0.314190 -0.121125 -0.029605 -0.386847 -0.094553 0.493450 1.411175 0.542747 1.327538 0.387466 0.239720
0.039216 0.384613 -1.198105 -0.654999 -0.133403 -0.061719 -0.426063 -0.197117 0.386607 1.469186 -0.156140 0.141648 0.433631 0.433322
0.000000 0.205128 -1.308381 -1.251407 -0.145682 -0.117917 -0.465278 -0.376602 0.205128 1.570796 0.361268 1.429148 0.533069 0.680454
0.000000 0.051282 -1.308381 -1.762620 -0.145682 -0.166087 -0.465278 -0.530448 0.051282 1.570796 -0.309986 0.141648 0.622798 0.850754
0.039216 0.025639 -1.198105 -1.847829 -0.133403 -0.174116 -0.426063 -0.556091 0.046853 0.579039 0.356839 0.437391 0.612219 0.917024
0.137256 0.000000 -0.922411 -1.933024 -0.102706 -0.182144 -0.328022 -0.581730 0.137256 0.000000 -0.219583 -0.437391 0.569282 1.057364
0.215687 0.051282 -0.701859 -1.762620 -0.078149 -0.166087 -0.249591 -0.530448 0.221700 0.233426 0.441283 0.670817 0.483413 1.131003
0.254903 0.102564 -0.591583 -1.592216 -0.065870 -0.150030 -0.210375 -0.479166 0.274763 0.382543 -0.166520 -0.288274 0.419308 1.157090
0.274509 0.128203 -0.536450 -1.507020 -0.059731 -0.142003 -0.190769 -0.453527 0.302971 0.436922 0.469491 0.725196 0.387314 1.172630
0.313725 0.153846 -0.426174 -1.421811 -0.047452 -0.133974 -0.151553 -0.427884 0.349417 0.455926 -0.120074 -0.269271 0.346350 1.230392
0.333334 0.128203 -0.371032 -1.507020 -0.041313 -0.142003 -0.131944 -0.453527 0.357138 0.367167 0.477212 0.636438 0.361979 1.287683
0.392156 0.076921 -0.205622 -1.677424 -0.022895 -0.158059 -0.073122 -0.504809 0.399629 0.193690 -0.077583 -0.442748 0.395181 1.426946
0.470588 0.051282 0.014930 -1.762620 0.001662 -0.166087 0.005309 -0.530448 0.473373 0.108546 0.550957 0.551294 0.414030 -1.560788
0.509803 0.051282 0.125206 -1.762620 0.013941 -0.166087 0.044525 -0.530448 0.512376 0.100254 -0.038581 -0.451040 0.416384 -1.487054
0.568628 0.076921 0.290624 -1.677424 0.032360 -0.158059 0.103350 -0.504809 0.573807 0.134458 0.612388 0.585498 0.401874 -1.368856
0.588234 0.230767 0.345758 -1.166211 0.038499 -0.109889 0.122956 -0.350963 0.631881 0.373855 0.019492 -0.211644 0.264790 -1.233819
0.568628 0.282049 0.290624 -0.995807 0.032360 -0.093832 0.103350 -0.299681 0.634736 0.460456 0.615243 0.672099 0.210367 -1.238702
0.490197 0.384613 0.070072 -0.654999 0.007802 -0.061719 0.024919 -0.197117 0.623073 0.665285 0.007830 -0.006814 0.084427 -1.445048
0.450981 0.461538 -0.040204 -0.399386 -0.004477 -0.037633 -0.014297 -0.120192 0.645291 0.796966 0.637462 0.803780 0.014778 1.452401
0.372550 0.564101 -0.260756 -0.058577 -0.029034 -0.005520 -0.092728 -0.017628 0.676021 0.987123 0.038559 0.183343 0.135516 0.187866
0.294119 0.692304 -0.481308 0.367427 -0.053591 0.034622 -0.171160 0.110575 0.752191 1.169061 0.713632 0.985718 0.284318 -0.573581
0.274509 0.743590 -0.536450 0.537844 -0.059731 0.050680 -0.190769 0.161860 0.792642 1.217149 0.079010 0.231431 0.337417 -0.703601
0.254903 0.769229 -0.591583 0.623040 -0.065870 0.058707 -0.210375 0.187499 0.810364 1.250810 0.731353 1.019379 0.369654 -0.727967
0.254903 0.794872 -0.591583 0.708249 -0.065870 0.066736 -0.210375 0.213142 0.834744 1.260473 0.103390 0.241094 0.391011 -0.791932
0.235294 0.820511 -0.646726 0.793444 -0.072010 0.074764 -0.229984 0.238781 0.853582 1.291526 0.750191 1.050432 0.423182 -0.804162
0.235294 0.846154 -0.646726 0.878653 -0.072010 0.082793 -0.229984 0.264424 0.878260 1.299574 0.128068 0.249143 0.444926 -0.854944
0.254903 0.846154 -0.591583 0.878653 -0.065870 0.082793 -0.210375 0.264424 0.883715 1.278194 0.755647 1.029051 0.435114 -0.898746
0.274509 0.846154 -0.536450 0.878653 -0.059731 0.082793 -0.190769 0.264424 0.889569 1.257089 0.133922 0.228038 0.425980 -0.945819
0.372550 0.871793 -0.260756 0.963849 -0.029034 0.090821 -0.092728 0.290063 0.948060 1.166947 0.814138 0.938910 0.416957 -1.261381
0.529412 0.923075 0.180348 1.134253 0.020081 0.106878 0.064134 0.341345 1.064117 1.050067 0.249979 0.111157 0.462267 1.385075
0.666666 0.948718 0.566310 1.219461 0.063056 0.114907 0.201387 0.366988 1.159530 0.958260 0.909550 0.847103 0.523709 1.068908
0.725491 0.974357 0.731728 1.304657 0.081474 0.122935 0.260212 0.392627 1.214787 0.930771 0.305237 0.083668 0.571727 0.985513
0.823531 1.000000 1.007422 1.389866 0.112172 0.130964 0.358253 0.418270 1.295455 0.881871 0.990218 0.798203 0.643640 0.862535
0.862747 1.000000 1.117698 1.389866 0.124450 0.130964 0.397469 0.418270 1.320732 0.858948 0.330514 0.060745 0.666265 0.810893
0.941178 1.000000 1.338249 1.389866 0.149008 0.130964 0.475900 0.418270 1.373250 0.815691 1.042736 0.754946 0.715827 0.721037
0.960784 1.000000 1.393383 1.389866 0.155147 0.130964 0.495506 0.418270 1.386761 0.805395 0.344025 0.050450 0.729009 0.701075
0.980394 0.974357 1.448525 1.304657 0.161287 0.122935 0.515115 0.392627 1.382224 0.782310 1.038199 0.731860 0.724227 0.651271
1.000000 0.923075 1.503659 1.134253 0.167425 0.106878 0.534722 0.341345 1.360907 0.745419 0.322708 0.013558 0.703921 0.568149
1.000000 0.846154 1.503659 0.878653 0.167425 0.082793 0.534722 0.264424 1.309953 0.702257 0.987245 0.688699 0.656501 0.459245
0.941178 0.794872 1.338249 0.708249 0.149008 0.066736 0.475900 0.213142 1.231924 0.701322 0.244679 0.012623 0.578889 0.421083
0.882353 0.794872 1.172831 0.708249 0.130589 0.066736 0.417075 0.213142 1.187590 0.733287 0.942910 0.720665 0.531586 0.472441
0.823531 0.820511 1.007422 0.793444 0.112172 0.074764 0.358253 0.238781 1.162515 0.783561 0.219605 0.062897 0.504515 0.587898
0.784316 0.871793 0.897146 0.963849 0.099893 0.090821 0.319037 0.290063 1.172678 0.838170 0.953073 0.775274 0.516758 0.737866
0.803922 0.923075 0.952280 1.134253 0.106032 0.106878 0.338644 0.341345 1.224074 0.854283 0.271001 0.079010 0.569436 0.789371
