0.254902 0.807695 -0.856499 0.664480 -0.135418 0.099940 -0.270054 0.199303 0.846963 1.265097 0.846963 1.265097 0.390987 -0.635785
0.215687 0.692308 -0.980875 0.279776 -0.155083 0.042079 -0.309269 0.083915 0.725128 1.268779 -0.121835 0.003683 0.351645 -0.264955
0.215687 0.153846 -0.980875 -1.515468 -0.155083 -0.227932 -0.309269 -0.454546 0.264933 0.619587 0.386768 0.615904 0.483084 0.973353
0.274512 0.000000 -0.794307 -2.028395 -0.125585 -0.305078 -0.250444 -0.608392 0.274512 0.000000 -0.112257 -0.615904 0.581636 1.180288
0.392158 0.230769 -0.421180 -1.259004 -0.066591 -0.189359 -0.132798 -0.377623 0.455019 0.531891 0.567276 1.147795 0.322771 1.232637
0.470589 0.384615 -0.172429 -0.746078 -0.027262 -0.112213 -0.054367 -0.223777 0.607769 0.685205 0.040493 -0.462590 0.150503 1.332463
0.509805 0.346151 -0.048054 -0.874319 -0.007598 -0.131501 -0.015151 -0.262241 0.616215 0.596484 0.575722 1.059074 0.179446 1.513085
0.588236 0.153846 0.200698 -1.515468 0.031732 -0.227932 0.063280 -0.454546 0.608021 0.255808 0.032299 -0.803266 0.376466 -1.432470
0.666667 0.153846 0.449449 -1.515468 0.071061 -0.227932 0.141711 -0.454546 0.684188 0.226799 0.651889 1.030064 0.397246 -1.268583
0.607842 0.500003 0.262881 -0.361373 0.041563 -0.054352 0.082886 -0.108389 0.787067 0.688363 0.135179 -0.341702 0.086561 -0.917950
0.352943 0.730772 -0.545556 0.408017 -0.086256 0.061367 -0.172013 0.122380 0.811540 1.120864 0.676361 1.462565 0.268233 -0.618373
0.137256 0.846154 -1.229626 0.792702 -0.194412 0.119225 -0.387700 0.237761 0.857214 1.409986 0.180853 -0.052580 0.503467 -0.550113
0.000000 0.923077 -1.664945 1.049166 -0.263239 0.157798 -0.524956 0.314685 0.923077 1.570796 0.742224 1.623376 0.658847 -0.540015
0.176471 0.923077 -1.105250 1.049166 -0.174748 0.157798 -0.348485 0.314685 0.939794 1.381898 0.197570 -0.241478 0.529095 -0.734475
0.509805 0.923077 -0.048054 1.049166 -0.007598 0.157798 -0.015151 0.314685 1.054501 1.066198 0.856931 1.307676 0.398409 -1.522686
0.882353 0.923077 1.133519 1.049166 0.179217 0.157798 0.357398 0.314685 1.276957 0.807950 0.420026 -0.499725 0.535008 0.721930
1.000000 0.730772 1.506645 0.408017 0.238211 0.061367 0.475044 0.122380 1.238559 0.631081 0.818533 1.130806 0.517714 0.252135
0.882353 0.576926 1.133519 -0.104910 0.179217 -0.015779 0.357398 -0.031466 1.054225 0.579076 0.235693 -0.551730 0.361156 -0.087817
0.784313 0.653849 0.822575 0.151554 0.130055 0.022794 0.259357 0.045457 1.021110 0.694930 0.785417 1.246660 0.289620 0.173504
0.784313 0.807695 0.822575 0.664480 0.130055 0.099940 0.259357 0.199303 1.125841 0.800084 0.340424 -0.446576 0.383677 0.655204
0.882353 0.923077 1.133519 1.049166 0.179217 0.157798 0.357398 0.314685 1.276957 0.807950 0.936533 1.254526 0.535008 0.721930
0.960784 1.000000 1.382270 1.305629 0.218546 0.196372 0.435829 0.391608 1.386761 0.805395 0.450229 -0.449131 0.644681 0.732006
