0.233333 0.839994 -0.645147 0.870866 -0.068564 0.087007 -0.217362 0.275831 0.871800 1.299848 0.871800 1.299848 0.445870 -0.903399
0.250001 0.839994 -0.595676 0.870866 -0.063307 0.087007 -0.200694 0.275831 0.876408 1.281523 0.004608 -0.018326 0.437987 -0.941787
0.216667 0.839994 -0.694612 0.870866 -0.073821 0.087007 -0.234027 0.275831 0.867488 1.318360 0.862880 1.336685 0.454228 -0.867205
0.183334 0.839994 -0.793547 0.870866 -0.084336 0.087007 -0.267361 0.275831 0.859769 1.355910 -0.003111 0.019225 0.472267 -0.800990
0.133333 0.759995 -0.941955 0.618287 -0.100108 0.061772 -0.317362 0.195831 0.771602 1.397124 0.774713 1.377900 0.443153 -0.552868
0.066666 0.599995 -1.139826 0.113128 -0.121137 0.011303 -0.384028 0.035831 0.603688 1.460138 -0.171026 0.082239 0.412029 -0.093034
0.033333 0.519995 -1.238762 -0.139451 -0.131652 -0.013932 -0.417361 -0.044168 0.521063 1.506781 0.692088 1.424542 0.423076 0.105435
0.000000 0.319999 -1.337697 -0.770889 -0.142166 -0.077019 -0.450695 -0.244165 0.319999 1.570796 -0.372089 0.146254 0.469262 0.496489
0.016668 0.119997 -1.288226 -1.402347 -0.136909 -0.140107 -0.434027 -0.444167 0.121149 1.432777 0.493238 1.286523 0.545656 0.796945
0.066666 0.039997 -1.139826 -1.654926 -0.121137 -0.165342 -0.384028 -0.524167 0.077744 0.540386 -0.415494 -0.746137 0.562273 0.938495
0.100000 0.000000 -1.040890 -1.781206 -0.110623 -0.177959 -0.350695 -0.564164 0.100000 0.000000 0.515493 0.746137 0.571063 1.014632
0.133333 0.000000 -0.941955 -1.781206 -0.100108 -0.177959 -0.317362 -0.564164 0.133333 0.000000 -0.382160 -0.746137 0.551221 1.058381
0.216667 0.119997 -0.694612 -1.402347 -0.073821 -0.140107 -0.234027 -0.444167 0.247677 0.505778 0.629838 1.251915 0.405130 1.085869
0.266666 0.239999 -0.546212 -1.023469 -0.058050 -0.102254 -0.184029 -0.324165 0.358762 0.732815 -0.271075 -0.519100 0.279748 1.054464
0.299999 0.359996 -0.447276 -0.644609 -0.047535 -0.064402 -0.150695 -0.204168 0.468611 0.876054 0.739687 1.395153 0.175885 0.934958
0.316667 0.359996 -0.397804 -0.644609 -0.042277 -0.064402 -0.134028 -0.204168 0.479453 0.849344 -0.260234 -0.545809 0.161832 0.989895
0.333332 0.399999 -0.348340 -0.518310 -0.037021 -0.051784 -0.117362 -0.164165 0.520682 0.876058 0.780915 1.421867 0.127844 0.950138
0.333332 0.319999 -0.348340 -0.770889 -0.037021 -0.077019 -0.117362 -0.244165 0.462071 0.764993 -0.318844 -0.656875 0.175657 1.122734
0.350000 0.160000 -0.298869 -1.276048 -0.031763 -0.127489 -0.100694 -0.404164 0.384838 0.428776 0.703682 1.085651 0.307641 1.326625
0.400002 0.080000 -0.150461 -1.528627 -0.015991 -0.152724 -0.050693 -0.484164 0.407923 0.197394 -0.295759 -0.888257 0.374145 1.466474
0.433335 0.039997 -0.051526 -1.654926 -0.005476 -0.165342 -0.017360 -0.524167 0.435177 0.092039 0.730936 0.980296 0.411065 1.537689
0.516667 0.000000 0.195810 -1.781206 0.020810 -0.177959 0.065972 -0.564164 0.516667 0.000000 -0.214269 -0.980296 0.455498 -1.454388
0.583333 0.119997 0.393681 -1.402347 0.041839 -0.140107 0.132638 -0.444167 0.595547 0.202878 0.809816 1.183175 0.356306 -1.280604
0.600001 0.359996 0.443153 -0.644609 0.047097 -0.064402 0.149306 -0.204168 0.699713 0.540414 -0.110103 -0.642761 0.174696 -0.939377
0.600001 0.479999 0.443153 -0.265731 0.047097 -0.026549 0.149306 -0.084165 0.768375 0.674739 0.878478 1.317500 0.152155 -0.513308
0.533335 0.759995 0.245281 0.618287 0.026068 0.061772 0.082640 0.195831 0.928460 0.958890 0.049982 -0.358610 0.320150 1.171473
0.433335 0.920000 -0.051526 1.123464 -0.005476 0.112244 -0.017360 0.355836 1.016946 1.130604 0.966965 1.489214 0.469626 -1.522049
0.316667 1.000000 -0.397804 1.376044 -0.042277 0.137479 -0.134028 0.435836 1.048941 1.264120 0.081977 -0.225094 0.565420 -1.272456
0.266666 1.000000 -0.546212 1.376044 -0.058050 0.137479 -0.184029 0.435836 1.034945 1.310195 0.952968 1.535289 0.579312 -1.171263
0.199999 1.000000 -0.744083 1.376044 -0.079079 0.137479 -0.250695 0.435836 1.019804 1.373401 0.066836 -0.161888 0.603808 -1.048808
0.166666 0.959997 -0.843019 1.249744 -0.089593 0.124861 -0.284028 0.395833 0.974357 1.398899 0.907521 1.560786 0.583148 -0.948391
0.183334 0.959997 -0.793547 1.249744 -0.084336 0.124861 -0.267361 0.395833 0.977346 1.382095 0.069825 -0.178691 0.575214 -0.976746
0.216667 0.959997 -0.694612 1.249744 -0.073821 0.124861 -0.234027 0.395833 0.984144 1.348820 0.914319 1.527511 0.560498 -1.036852
0.366668 0.959997 -0.249397 1.249744 -0.026505 0.124861 -0.084026 0.395833 1.027638 1.205949 0.113319 -0.321562 0.516187 -1.361624
0.550000 0.959997 0.294745 1.249744 0.031325 0.124861 0.099305 0.395833 1.106388 1.050528 0.993069 1.372090 0.518893 1.324993
0.683333 0.959997 0.690488 1.249744 0.073383 0.124861 0.232638 0.395833 1.178363 0.952190 0.185294 -0.419900 0.559919 1.039457
0.800001 0.920000 1.036767 1.123464 0.110184 0.112244 0.349306 0.355836 1.219181 0.855053 1.033887 1.274953 0.585032 0.794659
0.849999 0.879997 1.185167 0.997165 0.125956 0.099626 0.399304 0.315833 1.223476 0.802736 0.189589 -0.472216 0.586297 0.669204
0.933334 0.799998 1.432510 0.744586 0.152243 0.074391 0.482639 0.235834 1.229271 0.708625 1.039682 1.180841 0.595779 0.454513
0.983335 0.679995 1.580917 0.365708 0.168015 0.036538 0.532640 0.115831 1.195550 0.605012 0.155868 -0.575829 0.579900 0.214132
1.000000 0.599995 1.630381 0.113128 0.173272 0.011303 0.549305 0.035831 1.166188 0.540416 1.010320 1.116245 0.569234 0.065138
1.000000 0.559998 1.630381 -0.013152 0.173272 -0.001314 0.549305 -0.004166 1.146123 0.510487 0.135803 -0.605758 0.560075 -0.007583
0.966667 0.479999 1.531446 -0.265731 0.162757 -0.026549 0.515972 -0.084165 1.079279 0.460884 0.943476 1.066642 0.516803 -0.161696
0.916668 0.439996 1.383046 -0.392030 0.146986 -0.039167 0.465973 -0.124168 1.016797 0.447515 0.073322 -0.619127 0.466096 -0.260419
0.883335 0.439996 1.284110 -0.392030 0.136471 -0.039167 0.432640 -0.124168 0.986852 0.462132 0.913530 1.081259 0.432772 -0.279489
0.866667 0.519995 1.234638 -0.139451 0.131213 -0.013932 0.415972 -0.044168 1.010696 0.540415 0.097166 -0.540844 0.421705 -0.105785
0.900000 0.719998 1.333574 0.492007 0.141728 0.049156 0.449306 0.155834 1.152561 0.674739 1.055395 1.215583 0.523832 0.333851
0.933334 0.839994 1.432510 0.870866 0.152243 0.087007 0.482639 0.275831 1.255668 0.732812 0.200273 -0.482771 0.620076 0.519204
