0.360000 0.913044 -0.332291 1.121869 -0.031198 0.095944 -0.104127 0.320221 0.981452 1.195226 0.981452 1.195226 0.460835 -1.256409
0.339998 0.956519 -0.396120 1.274179 -0.037191 0.108970 -0.124128 0.363696 1.015149 1.229271 0.033696 0.034045 0.507797 -1.241896
0.320000 1.000000 -0.459940 1.426513 -0.043183 0.121998 -0.144127 0.407177 1.049952 1.261093 1.016256 1.227048 0.554917 -1.230593
0.299998 1.000000 -0.523769 1.426513 -0.049176 0.121998 -0.164128 0.407177 1.044030 1.279341 0.027774 0.052293 0.560445 -1.187631
0.259998 0.956519 -0.651418 1.274179 -0.061161 0.108970 -0.204128 0.363696 0.991225 1.305391 0.963451 1.253099 0.533027 -1.059348
0.200000 0.913044 -0.842886 1.121869 -0.079137 0.095944 -0.264127 0.320221 0.934692 1.355155 -0.028759 0.102056 0.520854 -0.881099
0.139998 0.826088 -1.034364 0.817224 -0.097115 0.069890 -0.324128 0.233265 0.837866 1.402920 0.866626 1.300864 0.485875 -0.623804
0.099998 0.739131 -1.162013 0.512580 -0.109100 0.043837 -0.364128 0.146308 0.745865 1.436321 -0.120760 0.135457 0.456308 -0.382061
0.059998 0.652175 -1.289662 0.207936 -0.121084 0.017783 -0.404128 0.059352 0.654929 1.479057 0.775690 1.343600 0.445737 -0.145822
0.019998 0.521737 -1.417310 -0.249042 -0.133069 -0.021299 -0.444128 -0.071085 0.522121 1.532485 -0.253569 0.188885 0.447849 0.158710
0.000000 0.391306 -1.481130 -0.705997 -0.139061 -0.060378 -0.464127 -0.201516 0.391306 1.570796 0.644875 1.381912 0.469805 0.409624
0.000000 0.260869 -1.481130 -1.162975 -0.139061 -0.099460 -0.464127 -0.331954 0.260869 1.570796 -0.384007 0.188885 0.506683 0.620870
0.080000 0.043481 -1.225832 -1.924574 -0.115092 -0.164593 -0.384127 -0.549341 0.091053 0.497853 0.475060 0.308968 0.569645 0.960574
0.120000 0.000000 -1.098184 -2.076908 -0.103107 -0.177621 -0.344127 -0.592823 0.120000 0.000000 -0.355060 -0.308968 0.577786 1.044847
0.179998 0.000000 -0.906715 -2.076908 -0.085130 -0.177621 -0.284128 -0.592823 0.179998 0.000000 0.535058 0.308968 0.544190 1.123861
0.240000 0.000000 -0.715237 -2.076908 -0.067153 -0.177621 -0.224127 -0.592823 0.240000 0.000000 -0.295058 -0.308968 0.515409 1.209339
0.339998 0.130438 -0.396120 -1.619930 -0.037191 -0.138539 -0.124128 -0.462385 0.364161 0.366325 0.659219 0.675293 0.356028 1.308528
0.360000 0.217394 -0.332291 -1.315285 -0.031198 -0.112486 -0.104127 -0.375429 0.420547 0.543262 -0.238671 -0.132032 0.267805 1.300243
0.400000 0.304350 -0.204643 -1.010641 -0.019214 -0.086432 -0.064127 -0.288473 0.502622 0.650425 0.741293 0.782457 0.172165 1.352056
0.400000 0.347825 -0.204643 -0.858331 -0.019214 -0.073406 -0.064127 -0.244998 0.530078 0.715742 -0.211216 -0.066715 0.132810 1.314795
0.419998 0.391306 -0.140823 -0.705997 -0.013222 -0.060378 -0.044128 -0.201516 0.574038 0.750047 0.785254 0.816762 0.085148 1.355218
0.419998 0.434781 -0.140823 -0.553686 -0.013222 -0.047352 -0.044128 -0.158042 0.604511 0.802691 -0.180743 -0.014072 0.052995 1.298512
0.419998 0.391306 -0.140823 -0.705997 -0.013222 -0.060378 -0.044128 -0.201516 0.574038 0.750047 0.754781 0.764119 0.085148 1.355218
0.419998 0.347825 -0.140823 -0.858331 -0.013222 -0.073406 -0.044128 -0.244998 0.545326 0.691676 -0.209454 -0.072443 0.124392 1.392590
0.419998 0.304350 -0.140823 -1.010641 -0.013222 -0.086432 -0.044128 -0.288473 0.518679 0.627076 0.728133 0.699519 0.165759 1.419001
0.440000 0.217394 -0.076994 -1.315285 -0.007229 -0.112486 -0.024127 -0.375429 0.490775 0.458898 -0.237358 -0.240621 0.247910 1.506620
0.459998 0.173912 -0.013174 -1.467619 -0.001237 -0.125513 -0.004128 -0.418910 0.491777 0.361461 0.729134 0.602082 0.290244 1.560942
0.520000 0.130438 0.178304 -1.619930 0.016741 -0.138539 0.055873 -0.462385 0.536110 0.245771 -0.193024 -0.356312 0.338335 -1.450542
0.540002 0.130438 0.242133 -1.619930 0.022733 -0.138539 0.075875 -0.462385 0.555532 0.237011 0.748556 0.593322 0.342207 -1.408152
0.560000 0.130438 0.305952 -1.619930 0.028725 -0.138539 0.095873 -0.462385 0.574990 0.228844 -0.173566 -0.364478 0.347189 -1.366348
0.600000 0.217394 0.433601 -1.315285 0.040710 -0.112486 0.135873 -0.375429 0.638169 0.347611 0.811735 0.712089 0.281671 -1.223547
0.620002 0.391306 0.497430 -0.705997 0.046703 -0.060378 0.155875 -0.201516 0.733159 0.563001 -0.078576 -0.149088 0.172046 -0.912419
0.600000 0.478263 0.433601 -0.401353 0.040710 -0.034324 0.135873 -0.114560 0.767291 0.672973 0.845867 0.822061 0.136607 -0.700498
0.560000 0.608694 0.305952 0.055602 0.028725 0.004755 0.095873 0.015871 0.827108 0.827039 -0.018758 0.004978 0.173468 0.164052
0.520000 0.695650 0.178304 0.360246 0.016741 0.030809 0.055873 0.102827 0.868521 0.928896 0.887279 0.923917 0.238170 1.073057
0.440000 0.739131 -0.076994 0.512580 -0.007229 0.043837 -0.024127 0.146308 0.860183 1.033845 -0.027096 0.109928 0.276061 -1.407364
0.299998 0.826088 -0.523769 0.817224 -0.049176 0.069890 -0.164128 0.233265 0.878874 1.222450 0.905970 1.112522 0.397434 -0.957649
0.240000 0.826088 -0.715237 0.817224 -0.067153 0.069890 -0.224127 0.233265 0.860245 1.288054 -0.045726 0.175531 0.425733 -0.805374
0.200000 0.869562 -0.842886 0.969535 -0.079137 0.082916 -0.264127 0.276740 0.892266 1.344727 0.937992 1.169196 0.483881 -0.808713
0.160000 0.869562 -0.970535 0.969535 -0.091122 0.082916 -0.304127 0.276740 0.884160 1.388831 -0.053832 0.219635 0.506825 -0.738284
0.120000 0.869562 -1.098184 0.969535 -0.103107 0.082916 -0.344127 0.276740 0.877803 1.433662 0.931635 1.214027 0.531791 -0.677284
0.160000 0.913044 -0.970535 1.121869 -0.091122 0.095944 -0.304127 0.320221 0.926957 1.397320 -0.004679 0.183293 0.542236 -0.811170
0.219998 0.913044 -0.779067 1.121869 -0.073145 0.095944 -0.244128 0.320221 0.939174 1.334353 0.943853 1.151060 0.511004 -0.919422
0.280000 0.913044 -0.587589 1.121869 -0.055168 0.095944 -0.184127 0.320221 0.955013 1.273235 0.011160 0.122175 0.485210 -1.048963
0.379998 0.913044 -0.268472 1.121869 -0.025206 0.095944 -0.084128 0.320221 0.988963 1.176413 0.977803 1.054238 0.456732 -1.313883
0.480000 0.913044 0.050655 1.121869 0.004756 0.095944 0.015873 0.320221 1.031527 1.086790 0.053724 0.032552 0.449198 1.521267
0.640000 0.956519 0.561250 1.274179 0.052695 0.108970 0.175873 0.363696 1.150881 0.981116 1.097157 0.948564 0.522859 1.120377
0.720000 0.956519 0.816547 1.274179 0.076664 0.108970 0.255873 0.363696 1.197217 0.925550 0.100060 -0.023013 0.554906 0.957701
0.800000 0.956519 1.071845 1.274179 0.100634 0.108970 0.335873 0.363696 1.246967 0.874271 1.146908 0.897284 0.596037 0.825148
0.820002 0.913044 1.135674 1.121869 0.106627 0.095944 0.355875 0.320221 1.227213 0.839034 0.080305 -0.058250 0.572864 0.732712
0.820002 0.826088 1.135674 0.817224 0.106627 0.069890 0.355875 0.233265 1.163969 0.789095 1.083664 0.847346 0.507605 0.580210
0.800000 0.695650 1.071845 0.360246 0.100634 0.030809 0.335873 0.102827 1.060155 0.715742 -0.023509 -0.131604 0.407938 0.297088
0.800000 0.608694 1.071845 0.055602 0.100634 0.004755 0.335873 0.015871 1.005240 0.650420 1.028749 0.782023 0.365664 0.047217
0.800000 0.565219 1.071845 -0.096708 0.100634 -0.008271 0.335873 -0.027604 0.979527 0.615091 -0.049222 -0.166933 0.350757 -0.082002
0.860002 0.478263 1.263323 -0.401353 0.118611 -0.034324 0.395875 -0.114560 0.984042 0.507528 1.033264 0.674461 0.396127 -0.281690
0.900002 0.478263 1.390971 -0.401353 0.130596 -0.034324 0.435875 -0.114560 1.019185 0.488452 -0.014079 -0.186009 0.436104 -0.257016
0.940002 0.478263 1.518620 -0.401353 0.142581 -0.034324 0.475875 -0.114560 1.054674 0.470654 1.068753 0.656663 0.476085 -0.236241
1.000000 0.565219 1.710088 -0.096708 0.160558 -0.008271 0.535873 -0.027604 1.148683 0.514452 0.079930 -0.142210 0.545325 -0.051467
1.000000 0.652175 1.710088 0.207936 0.160558 0.017783 0.535873 0.059352 1.193873 0.577903 1.113943 0.720113 0.567910 0.110308
1.000000 0.739131 1.710088 0.512580 0.160558 0.043837 0.535873 0.146308 1.243509 0.636509 0.129566 -0.083604 0.602318 0.266532
0.940002 0.869562 1.518620 0.969535 0.142581 0.082916 0.475875 0.276740 1.280524 0.746492 1.150958 0.830096 0.625168 0.526734
0.900002 0.913044 1.390971 1.121869 0.130596 0.095944 0.435875 0.320221 1.282050 0.792592 0.131092 -0.037505 0.625710 0.633613
0.780002 0.913044 1.008025 1.121869 0.094642 0.095944 0.315875 0.320221 1.200854 0.863819 1.069763 0.901323 0.548911 0.792231
