0.288462 0.681815 -0.431364 0.668736 -0.039692 0.063712 -0.133288 0.213948 0.740325 1.170553 0.740325 1.170553 0.292231 -1.013640
0.250001 0.681815 -0.555837 0.668736 -0.051146 0.063712 -0.171750 0.213948 0.726204 1.219349 -0.014122 0.048796 0.311659 -0.894372
0.211539 0.681815 -0.680310 0.668736 -0.062600 0.063712 -0.210211 0.213948 0.713877 1.269954 0.727999 1.221158 0.334398 -0.794208
0.173078 0.590906 -0.804784 0.384582 -0.074053 0.036640 -0.248673 0.123039 0.615732 1.285863 -0.112267 0.064705 0.300752 -0.459465
0.115384 0.454545 -0.991498 -0.041638 -0.091234 -0.003967 -0.306366 -0.013321 0.468962 1.322202 0.581229 1.257497 0.308117 0.043454
0.076923 0.363636 -1.115971 -0.325792 -0.102687 -0.031039 -0.344828 -0.104230 0.371683 1.362332 -0.209545 0.104835 0.349691 0.293536
0.038461 0.272727 -1.240445 -0.609946 -0.114141 -0.058111 -0.383289 -0.195139 0.275426 1.430695 0.484971 1.325860 0.411240 0.470915
0.038461 0.181818 -1.240445 -0.894101 -0.114141 -0.085183 -0.383289 -0.286049 0.185842 1.362332 -0.299130 0.036472 0.452193 0.641129
0.038461 0.090909 -1.240445 -1.178255 -0.114141 -0.112255 -0.383289 -0.376958 0.098710 1.170557 0.397840 1.134085 0.506327 0.777070
0.057694 0.045451 -1.178203 -1.320342 -0.108414 -0.125793 -0.364057 -0.422416 0.073446 0.667259 -0.324394 -0.466826 0.523583 0.859465
0.096155 0.000000 -1.053730 -1.462409 -0.096960 -0.139328 -0.325596 -0.467867 0.096155 0.000000 0.420549 0.466826 0.532810 0.962817
0.153846 0.000000 -0.867025 -1.462409 -0.079780 -0.139328 -0.267905 -0.467867 0.153846 0.000000 -0.266703 -0.466826 0.499647 1.050760
0.192307 0.045451 -0.742552 -1.320342 -0.068327 -0.125793 -0.229444 -0.422416 0.197605 0.232088 0.464308 0.698914 0.440733 1.073212
0.211539 0.090909 -0.680310 -1.178255 -0.062600 -0.112255 -0.210211 -0.376958 0.230246 0.405887 -0.234062 -0.293027 0.391976 1.062097
0.230769 0.181818 -0.618078 -0.894101 -0.056873 -0.085183 -0.190982 -0.286049 0.293789 0.667308 0.527851 0.960334 0.306662 0.982109
0.269230 0.227269 -0.493605 -0.752034 -0.045420 -0.071648 -0.152521 -0.240597 0.352330 0.701085 -0.175522 -0.259249 0.247155 1.005805
0.288462 0.272727 -0.431364 -0.609946 -0.039692 -0.058111 -0.133288 -0.195139 0.396977 0.757367 0.572498 1.016616 0.199934 0.971542
0.307691 0.272727 -0.369132 -0.609946 -0.033966 -0.058111 -0.114059 -0.195139 0.411162 0.725231 -0.161336 -0.291384 0.187663 1.041851
0.307691 0.227269 -0.369132 -0.752034 -0.033966 -0.071648 -0.114059 -0.240597 0.382525 0.636183 0.543861 0.927567 0.225461 1.128110
0.326924 0.181818 -0.306890 -0.894101 -0.028239 -0.085183 -0.094827 -0.286049 0.374081 0.507552 -0.169780 -0.420015 0.257992 1.250690
0.365385 0.090909 -0.182417 -1.178255 -0.016785 -0.112255 -0.056366 -0.376958 0.376524 0.243852 0.546304 0.663868 0.335609 1.422368
0.403846 0.045451 -0.057944 -1.320342 -0.005332 -0.125793 -0.017904 -0.422416 0.406396 0.112074 -0.139908 -0.551794 0.376725 1.528436
0.442308 0.045451 0.066530 -1.320342 0.006122 -0.125793 0.020557 -0.422416 0.444637 0.102400 0.584545 0.654193 0.376861 -1.522169
0.480769 0.045451 0.191003 -1.320342 0.017575 -0.125793 0.059019 -0.422416 0.482913 0.094258 -0.101632 -0.559935 0.380900 -1.431978
0.519231 0.090909 0.315476 -1.178255 0.029029 -0.112255 0.097480 -0.376958 0.527129 0.173327 0.628761 0.733263 0.344904 -1.317743
0.538460 0.272727 0.377708 -0.609946 0.034755 -0.058111 0.116709 -0.195139 0.603589 0.468830 -0.025173 -0.264432 0.189286 -1.031789
0.538460 0.363636 0.377708 -0.325792 0.034755 -0.031039 0.116709 -0.104230 0.649747 0.593974 0.674919 0.858406 0.130378 -0.728977
0.499999 0.499997 0.253235 0.100428 0.023302 0.009568 0.078248 0.032130 0.707103 0.785396 0.032184 -0.073010 0.110658 0.389624
0.442308 0.590906 0.066530 0.384582 0.006122 0.036640 0.020557 0.123039 0.738110 0.928240 0.705926 1.001250 0.170400 1.405246
0.365385 0.727273 -0.182417 0.810824 -0.016785 0.077249 -0.056366 0.259406 0.813899 1.105227 0.107974 0.103977 0.310678 -1.356835
0.288462 0.772724 -0.431364 0.952890 -0.039692 0.090784 -0.133288 0.304857 0.824811 1.213512 0.716837 1.109535 0.375430 -1.158624
0.211539 0.818182 -0.680310 1.094978 -0.062600 0.104321 -0.210211 0.350315 0.845086 1.317789 0.128249 0.208254 0.448716 -1.030330
0.134616 0.818182 -0.929257 1.094978 -0.085507 0.104321 -0.287134 0.350315 0.829182 1.407726 0.700933 1.199472 0.489493 -0.884191
0.076923 0.818182 -1.115971 1.094978 -0.102687 0.104321 -0.344828 0.350315 0.821790 1.477055 0.120857 0.277583 0.525418 -0.793292
0.038461 0.818182 -1.240445 1.094978 -0.114141 0.104321 -0.383289 0.350315 0.819085 1.523822 0.698229 1.246240 0.551424 -0.740480
0.000000 0.818182 -1.364918 1.094978 -0.125595 0.104321 -0.421751 0.350315 0.818182 1.570796 0.119953 0.324557 0.578819 -0.693136
0.019232 0.818182 -1.302677 1.094978 -0.119867 0.104321 -0.402518 0.350315 0.818408 1.547295 0.698455 1.222738 0.564959 -0.716166
0.057694 0.818182 -1.178203 1.094978 -0.108414 0.104321 -0.364057 0.350315 0.820213 1.500398 0.121759 0.277660 0.538233 -0.766164
0.153846 0.818182 -0.867025 1.094978 -0.079780 0.104321 -0.267905 0.350315 0.832520 1.384933 0.710761 1.107272 0.478467 -0.917919
0.250001 0.863633 -0.555837 1.237044 -0.051146 0.117857 -0.171750 0.395766 0.899090 1.289023 0.188328 0.181750 0.474086 -1.161354
0.365385 0.909091 -0.182417 1.379132 -0.016785 0.131394 -0.056366 0.441224 0.979772 1.188633 0.791443 1.006883 0.490589 -1.443736
0.576924 1.000000 0.502191 1.663286 0.046210 0.158466 0.155174 0.532133 1.154488 1.047517 0.363044 0.040634 0.598708 1.287057
0.673076 1.000000 0.813369 1.663286 0.074843 0.158466 0.251326 0.532133 1.205418 0.978369 0.842374 0.937735 0.630505 1.129554
0.826922 0.954542 1.311263 1.521198 0.120657 0.144929 0.405171 0.486675 1.262914 0.856914 0.420540 -0.080821 0.669351 0.876533
0.884616 0.863633 1.497977 1.237044 0.137838 0.117857 0.462865 0.395766 1.236288 0.773397 0.815747 0.854218 0.639925 0.707410
0.942306 0.772724 1.684683 0.952890 0.155018 0.090784 0.520556 0.304857 1.218624 0.686838 0.402876 -0.167380 0.627822 0.529792
0.980768 0.681815 1.809156 0.668736 0.166472 0.063712 0.559017 0.213948 1.194478 0.607487 0.791602 0.774866 0.616550 0.365523
1.000000 0.590906 1.871397 0.384582 0.172199 0.036640 0.578249 0.123039 1.161538 0.533706 0.369936 -0.241161 0.602483 0.209652
1.000000 0.363636 1.871397 -0.325792 0.172199 -0.031039 0.578249 -0.104230 1.064064 0.348771 0.694128 0.589932 0.581162 -0.178337
0.980768 0.318178 1.809156 -0.467880 0.166472 -0.044576 0.559017 -0.149688 1.031088 0.313705 0.336961 -0.276227 0.568531 -0.261633
0.903845 0.227269 1.560209 -0.752034 0.143564 -0.071648 0.482094 -0.240597 0.931980 0.246340 0.595020 0.522567 0.519844 -0.462901
0.846154 0.227269 1.373504 -0.752034 0.126385 -0.071648 0.424404 -0.240597 0.876144 0.262398 0.281125 -0.260169 0.466842 -0.515731
0.788461 0.272727 1.186789 -0.609946 0.109204 -0.058111 0.366710 -0.195139 0.834296 0.333016 0.553172 0.593185 0.395834 -0.489024
0.769231 0.363636 1.124557 -0.325792 0.103477 -0.031039 0.347481 -0.104230 0.850852 0.441592 0.297680 -0.151593 0.352307 -0.291420
0.788461 0.409087 1.186789 -0.183726 0.109204 -0.017504 0.366710 -0.058779 0.888270 0.478608 0.590590 0.630201 0.366929 -0.158936
0.807693 0.499997 1.249031 0.100428 0.114931 0.009568 0.385942 0.032130 0.949929 0.554304 0.359339 -0.075897 0.393794 0.083059
0.884616 0.590906 1.497977 0.384582 0.137838 0.036640 0.462865 0.123039 1.063821 0.588911 0.704482 0.664809 0.492806 0.259812
0.942306 0.590906 1.684683 0.384582 0.155018 0.036640 0.520556 0.123039 1.112255 0.560097 0.407773 -0.104712 0.547350 0.232101
