0.214285 0.838713 -0.670655 0.878701 -0.063142 0.073564 -0.239676 0.279236 0.865654 1.320655 0.865654 1.320655 0.453297 -0.861487
0.178571 0.838713 -0.770589 0.878701 -0.072551 0.073564 -0.275391 0.279236 0.857512 1.361018 -0.008142 0.040363 0.473152 -0.792332
0.124998 0.838713 -0.920494 0.878701 -0.086664 0.073564 -0.328963 0.279236 0.847976 1.422849 0.856118 1.382486 0.506212 -0.703819
0.089284 0.741936 -1.020429 0.574165 -0.096073 0.048068 -0.364677 0.182460 0.747289 1.451033 -0.108829 0.068547 0.464671 -0.463913
0.035714 0.645160 -1.170326 0.269629 -0.110186 0.022573 -0.418247 0.085683 0.646147 1.515496 0.754977 1.446949 0.459878 -0.202067
0.017856 0.516128 -1.220297 -0.136409 -0.114891 -0.011420 -0.436106 -0.043348 0.516437 1.536215 -0.238540 0.089266 0.440514 0.099074
0.000000 0.419356 -1.270261 -0.440930 -0.119595 -0.036914 -0.453962 -0.140120 0.419356 1.570796 0.657896 1.481531 0.455279 0.299383
0.000000 0.290324 -1.270261 -0.846968 -0.119595 -0.070907 -0.453962 -0.269152 0.290324 1.570796 -0.367572 0.089266 0.482554 0.535179
0.017856 0.193548 -1.220297 -1.151504 -0.114891 -0.096403 -0.436106 -0.365928 0.194370 1.478802 0.561942 1.389536 0.507941 0.698121
0.035714 0.129032 -1.170326 -1.354522 -0.110186 -0.113399 -0.418247 -0.430444 0.133883 1.300771 -0.428059 -0.088765 0.529632 0.799769
0.089284 0.000000 -1.020429 -1.760560 -0.096073 -0.147392 -0.364677 -0.559476 0.089284 0.000000 0.517343 0.088765 0.582298 0.993143
0.124998 0.000000 -0.920494 -1.760560 -0.086664 -0.147392 -0.328963 -0.559476 0.124998 0.000000 -0.392344 -0.088765 0.560623 1.039259
0.142857 0.000000 -0.870523 -1.760560 -0.081960 -0.147392 -0.311105 -0.559476 0.142857 0.000000 0.535201 0.088765 0.550334 1.063309
0.196429 0.064516 -0.720618 -1.557541 -0.067846 -0.130396 -0.257532 -0.494960 0.206753 0.317343 -0.328448 0.228578 0.466895 1.091034
0.214285 0.129032 -0.670655 -1.354522 -0.063142 -0.113399 -0.239676 -0.430444 0.250135 0.541999 0.578583 0.313421 0.403762 1.062738
0.232144 0.161292 -0.620684 -1.253005 -0.058437 -0.104900 -0.221818 -0.398184 0.282676 0.607225 -0.295907 0.293803 0.367231 1.062538
0.232144 0.193548 -0.620684 -1.151504 -0.058437 -0.096403 -0.221818 -0.365928 0.302244 0.694980 0.598151 0.401176 0.342080 1.025846
0.249999 0.225808 -0.570721 -1.049986 -0.053733 -0.087904 -0.203962 -0.333668 0.336881 0.734600 -0.261269 0.333424 0.306030 1.022129
0.267858 0.258064 -0.520750 -0.948485 -0.049028 -0.079406 -0.186104 -0.301412 0.371947 0.766778 0.633216 0.433354 0.270205 1.017652
0.267858 0.225808 -0.520750 -1.049986 -0.049028 -0.087904 -0.186104 -0.333668 0.350339 0.700425 -0.282878 0.267071 0.294429 1.062021
0.285714 0.193548 -0.470786 -1.151504 -0.044324 -0.096403 -0.168248 -0.365928 0.345099 0.595410 0.627976 0.328339 0.310037 1.139836
0.303572 0.161292 -0.420815 -1.253005 -0.039620 -0.104900 -0.150390 -0.398184 0.343760 0.488385 -0.284216 0.160046 0.329048 1.209670
0.339286 0.096776 -0.320881 -1.456024 -0.030211 -0.121897 -0.114675 -0.462700 0.352818 0.277857 0.637034 0.117811 0.375142 1.327852
0.410715 0.032260 -0.121013 -1.659043 -0.011393 -0.138893 -0.043247 -0.527216 0.411980 0.078386 -0.225055 -0.039425 0.423913 1.488950
0.446429 0.000000 -0.021078 -1.760560 -0.001985 -0.147392 -0.007533 -0.559476 0.446429 0.000000 0.671483 0.039425 0.454024 1.557333
0.482143 0.000000 0.078856 -1.760560 0.007424 -0.147392 0.028181 -0.559476 0.482143 0.000000 -0.189341 -0.039425 0.454835 -1.520468
0.517857 0.032260 0.178790 -1.659043 0.016833 -0.138893 0.063895 -0.527216 0.518861 0.062216 0.708202 0.101640 0.426514 -1.450190
0.535713 0.064516 0.228754 -1.557541 0.021537 -0.130396 0.081751 -0.494960 0.539584 0.119853 -0.168618 0.018212 0.397934 -1.407107
0.571427 0.258064 0.328688 -0.948485 0.030946 -0.079406 0.117465 -0.301412 0.626997 0.424195 0.795615 0.405982 0.228416 -1.199186
0.571427 0.451612 0.328688 -0.339428 0.030946 -0.028417 0.117465 -0.107864 0.728342 0.668812 -0.067273 0.262830 0.117489 -0.742815
0.553571 0.548388 0.278725 -0.034892 0.026242 -0.002921 0.099610 -0.011088 0.779212 0.780695 0.846485 0.517864 0.137253 -0.110859
0.535713 0.645160 0.228754 0.269629 0.021537 0.022573 0.081751 0.085683 0.838582 0.877817 -0.007903 0.359953 0.207942 0.808879
0.499999 0.709676 0.128819 0.472648 0.012128 0.039570 0.046037 0.150199 0.868123 0.957026 0.876027 0.597074 0.259825 1.273381
0.446429 0.806452 -0.021078 0.777184 -0.001985 0.065065 -0.007533 0.246976 0.921772 1.065215 0.045745 0.468142 0.352571 -1.540305
0.357142 0.903228 -0.270918 1.081720 -0.025507 0.090560 -0.096820 0.343752 0.971273 1.194257 0.925528 0.726115 0.459581 -1.296253
0.321428 0.935484 -0.370852 1.183221 -0.034916 0.099058 -0.132534 0.376008 0.989164 1.239839 0.063636 0.513724 0.499429 -1.231917
0.232144 1.000000 -0.620684 1.386240 -0.058437 0.116054 -0.221818 0.440524 1.026592 1.342693 0.962955 0.828969 0.589374 -1.104327
0.214285 1.000000 -0.670655 1.386240 -0.063142 0.116054 -0.239676 0.440524 1.022701 1.359704 0.059746 0.530735 0.596324 -1.072516
0.160713 1.000000 -0.820560 1.386240 -0.077255 0.116054 -0.293249 0.440524 1.012832 1.411446 0.953086 0.880712 0.619801 -0.983475
0.142857 1.000000 -0.870523 1.386240 -0.081960 0.116054 -0.311105 0.440524 1.010152 1.428900 0.057066 0.548188 0.628446 -0.955911
0.160713 1.000000 -0.820560 1.386240 -0.077255 0.116054 -0.293249 0.440524 1.012832 1.411446 0.955765 0.863259 0.619801 -0.983475
0.249999 0.967744 -0.570721 1.284738 -0.053733 0.107557 -0.203962 0.408268 0.999514 1.317991 0.043749 0.454733 0.552787 -1.107485
0.303572 0.967744 -0.420815 1.284738 -0.039620 0.107557 -0.150390 0.408268 1.014241 1.266828 0.970492 0.812095 0.535341 -1.217860
0.464284 0.935484 0.028885 1.183221 0.002720 0.099058 0.010323 0.376008 1.044361 1.110110 0.073869 0.298015 0.481633 1.543349
0.553571 0.935484 0.278725 1.183221 0.026242 0.099058 0.099610 0.376008 1.087001 1.036466 1.013132 0.738451 0.491717 1.311831
0.625000 0.935484 0.478593 1.183221 0.045059 0.099058 0.171038 0.376008 1.125058 0.981800 0.111926 0.243349 0.510997 1.143892
0.696428 0.935484 0.678462 1.183221 0.063877 0.099058 0.242466 0.376008 1.166251 0.930852 1.054326 0.687503 0.539123 0.998054
0.803571 0.935484 0.978264 1.183221 0.092103 0.099058 0.349609 0.376008 1.233230 0.861107 0.178904 0.173604 0.595055 0.821763
0.839285 0.935484 1.078199 1.183221 0.101512 0.099058 0.385323 0.376008 1.256793 0.839549 1.077889 0.665945 0.616715 0.773163
0.874999 0.903228 1.178133 1.081720 0.110921 0.090560 0.421037 0.343752 1.257555 0.801272 0.179666 0.135327 0.615722 0.684686
0.892857 0.870968 1.228104 0.980202 0.115626 0.082061 0.438896 0.311492 1.247309 0.772989 1.067643 0.637662 0.605412 0.617218
0.892857 0.774192 1.228104 0.675666 0.115626 0.056566 0.438896 0.214715 1.181764 0.714335 0.114121 0.076673 0.543302 0.454984
0.874999 0.709676 1.178133 0.472648 0.110921 0.039570 0.421037 0.150199 1.126616 0.681448 1.012494 0.604775 0.492608 0.342664
0.874999 0.580644 1.178133 0.066610 0.110921 0.005576 0.421037 0.021167 1.050129 0.585872 0.037634 -0.018903 0.439683 0.050232
0.874999 0.516128 1.178133 -0.136409 0.110921 -0.011420 0.421037 -0.043348 1.015879 0.532931 0.978245 0.551834 0.425602 -0.102595
0.892857 0.483872 1.228104 -0.237911 0.115626 -0.019918 0.438896 -0.075604 1.015543 0.496632 0.037298 -0.055202 0.439914 -0.170586
0.928572 0.451612 1.328038 -0.339428 0.125034 -0.028417 0.474610 -0.107864 1.032569 0.452669 0.995271 0.507871 0.474616 -0.223474
0.964286 0.483872 1.427972 -0.237911 0.134443 -0.019918 0.510324 -0.075604 1.078879 0.465081 0.083607 -0.042790 0.511200 -0.147079
1.000000 0.612904 1.527907 0.168127 0.143852 0.014075 0.546038 0.053428 1.172882 0.549854 1.089274 0.592644 0.568701 0.097536
1.000000 0.677420 1.527907 0.371146 0.143852 0.031072 0.546038 0.117944 1.207849 0.595410 0.118574 0.002766 0.589993 0.212731
1.000000 0.806452 1.527907 0.777184 0.143852 0.065065 0.546038 0.246976 1.284665 0.678663 1.166091 0.675896 0.649929 0.424769
0.964286 0.870968 1.427972 0.980202 0.134443 0.082061 0.510324 0.311492 1.299397 0.734595 0.133306 0.058698 0.659034 0.548017
0.874999 0.967744 1.178133 1.284738 0.110921 0.107557 0.421037 0.408268 1.304666 0.835686 1.171360 0.776988 0.664263 0.770002
0.785715 1.000000 0.928301 1.386240 0.087399 0.116054 0.331753 0.440524 1.271750 0.904827 0.100390 0.127839 0.638920 0.925322
