0.325581 0.848483 -0.289597 1.102787 -0.026739 0.086700 -0.102123 0.331137 0.908805 1.204402 0.908805 1.204402 0.432995 -1.271650
0.302323 0.848483 -0.355550 1.102787 -0.032828 0.086700 -0.125380 0.331137 0.900734 1.228511 -0.008070 0.024109 0.439062 -1.208841
0.279069 0.848483 -0.421493 1.102787 -0.038916 0.086700 -0.148634 0.331137 0.893198 1.253038 0.901268 1.228928 0.446259 -1.148890
0.232558 0.848483 -0.553389 1.102787 -0.051094 0.086700 -0.195146 0.331137 0.879776 1.303280 -0.021492 0.074351 0.463829 -1.038266
0.186046 0.787877 -0.685284 0.900951 -0.063272 0.070832 -0.241657 0.270531 0.809545 1.338908 0.831037 1.264557 0.433732 -0.841711
0.162789 0.757576 -0.751237 0.800040 -0.069362 0.062899 -0.264915 0.240230 0.774869 1.359134 -0.056168 0.094577 0.423079 -0.736570
0.116277 0.666665 -0.883133 0.497278 -0.081540 0.039096 -0.311427 0.149319 0.676729 1.398117 0.732898 1.303540 0.392542 -0.447087
0.069766 0.545453 -1.015029 0.093605 -0.093718 0.007359 -0.357938 0.028107 0.549897 1.443583 -0.183001 0.140043 0.376809 -0.078364
0.023254 0.454542 -1.146925 -0.209157 -0.105896 -0.016444 -0.404450 -0.062804 0.455137 1.519682 0.638137 1.379639 0.405339 0.154053
0.000000 0.333330 -1.212868 -0.612830 -0.111984 -0.048180 -0.427704 -0.184016 0.333330 1.570796 -0.304807 0.191158 0.437992 0.406302
0.000000 0.242424 -1.212868 -0.915577 -0.111984 -0.071982 -0.427704 -0.274923 0.242424 1.570796 0.547231 1.379639 0.466111 0.571288
0.000000 0.181818 -1.212868 -1.117414 -0.111984 -0.087850 -0.427704 -0.335529 0.181818 1.570796 -0.365413 0.191158 0.493346 0.665211
0.023254 0.121212 -1.146925 -1.319250 -0.105896 -0.103719 -0.404450 -0.396134 0.123422 1.381253 0.488835 1.190096 0.507461 0.775012
0.046512 0.060606 -1.080972 -1.521086 -0.099806 -0.119587 -0.381192 -0.456740 0.076396 0.916225 -0.412439 -0.273870 0.529215 0.875315
0.069766 0.060606 -1.015029 -1.521086 -0.093718 -0.119587 -0.357938 -0.456740 0.092414 0.715255 0.504853 0.989126 0.512719 0.906086
0.139535 0.060606 -0.817180 -1.521086 -0.075450 -0.119587 -0.288169 -0.456740 0.152128 0.409758 -0.352725 -0.579368 0.466693 1.007948
0.162789 0.060606 -0.751237 -1.521086 -0.069362 -0.119587 -0.264915 -0.456740 0.173704 0.356400 0.526429 0.935768 0.452704 1.045203
0.186046 0.090907 -0.685284 -1.420176 -0.063272 -0.111653 -0.241657 -0.426440 0.207068 0.454505 -0.319361 -0.481262 0.414525 1.055233
0.209300 0.121212 -0.619341 -1.319250 -0.057184 -0.103719 -0.218403 -0.396134 0.241865 0.524932 0.561226 1.006194 0.376347 1.066927
0.209300 0.151513 -0.619341 -1.218339 -0.057184 -0.095785 -0.218403 -0.365834 0.258385 0.626587 -0.302842 -0.379607 0.352110 1.032584
0.232558 0.151513 -0.553389 -1.218339 -0.051094 -0.095785 -0.195146 -0.365834 0.277559 0.577432 0.580401 0.957040 0.338177 1.080765
0.232558 0.181818 -0.553389 -1.117414 -0.051094 -0.087850 -0.195146 -0.335529 0.295196 0.663555 -0.285205 -0.293484 0.313914 1.044010
0.232558 0.151513 -0.553389 -1.218339 -0.051094 -0.095785 -0.195146 -0.365834 0.277559 0.577432 0.562764 0.870917 0.338177 1.080765
0.255812 0.121212 -0.487446 -1.319250 -0.045006 -0.103719 -0.171892 -0.396134 0.283076 0.442495 -0.279688 -0.428422 0.351403 1.161392
0.255812 0.090907 -0.487446 -1.420176 -0.045006 -0.111653 -0.171892 -0.426440 0.271484 0.341446 0.551172 0.769868 0.378126 1.187632
0.302323 0.060606 -0.355550 -1.521086 -0.032828 -0.119587 -0.125380 -0.456740 0.308338 0.197845 -0.242834 -0.572023 0.387919 1.302885
0.325581 0.030301 -0.289597 -1.622012 -0.026739 -0.127522 -0.102123 -0.487046 0.326988 0.092799 0.569822 0.664823 0.410315 1.364112
0.372092 0.000000 -0.157701 -1.722923 -0.014561 -0.135455 -0.055611 -0.517346 0.372092 0.000000 -0.197730 -0.664823 0.431304 1.463714
0.418604 0.000000 -0.025805 -1.722923 -0.002383 -0.135455 -0.009100 -0.517346 0.418604 0.000000 0.616333 0.664823 0.427800 1.553209
0.511627 0.000000 0.237987 -1.722923 0.021973 -0.135455 0.083923 -0.517346 0.511627 0.000000 -0.104706 -0.664823 0.435860 -1.409978
0.558139 0.030301 0.369883 -1.622012 0.034151 -0.127522 0.130435 -0.487046 0.558960 0.054236 0.663667 0.719058 0.418261 -1.309128
0.581396 0.060606 0.435836 -1.521086 0.040241 -0.119587 0.153692 -0.456740 0.584546 0.103867 -0.079120 -0.615191 0.397973 -1.246200
0.604650 0.121212 0.501779 -1.319250 0.046329 -0.103719 0.176946 -0.396134 0.616680 0.197844 0.695800 0.813035 0.353903 -1.150704
0.604650 0.181818 0.501779 -1.117414 0.046329 -0.087850 0.176946 -0.335529 0.631395 0.292098 -0.064405 -0.520937 0.302936 -1.085496
0.604650 0.242424 0.501779 -0.915577 0.046329 -0.071982 0.176946 -0.274923 0.651438 0.381310 0.715843 0.902247 0.256201 -0.998917
0.581396 0.333330 0.435836 -0.612830 0.040241 -0.048180 0.153692 -0.184016 0.670172 0.520576 -0.045671 -0.381670 0.180354 -0.874950
0.534885 0.484847 0.303940 -0.108232 0.028063 -0.008509 0.107181 -0.032499 0.721927 0.736369 0.767598 1.118039 0.121463 -0.294405
0.511627 0.545453 0.237987 0.093605 0.021973 0.007359 0.083923 0.028107 0.747851 0.817387 -0.019747 -0.300652 0.144596 0.323171
0.465115 0.606059 0.106091 0.295441 0.009795 0.023227 0.037412 0.088713 0.763963 0.916225 0.783710 1.216877 0.182237 1.171709
0.441858 0.666665 0.040138 0.497278 0.003706 0.039096 0.014154 0.149319 0.799801 0.985483 0.016090 -0.231394 0.239380 1.476286
0.395346 0.727271 -0.091758 0.699114 -0.008472 0.054964 -0.032357 0.209925 0.827781 1.072878 0.811691 1.304272 0.301310 -1.417862
0.302323 0.787877 -0.355550 0.900951 -0.032828 0.070832 -0.125380 0.270531 0.843890 1.204404 0.032198 -0.099868 0.381373 -1.136805
0.279069 0.818182 -0.421493 1.001876 -0.038916 0.078767 -0.148634 0.300836 0.864466 1.242086 0.832268 1.341954 0.417811 -1.111903
0.255812 0.848483 -0.487446 1.102787 -0.045006 0.086700 -0.171892 0.331137 0.886207 1.277970 0.053939 -0.063984 0.454535 -1.091988
0.209300 0.878788 -0.619341 1.203713 -0.057184 0.094635 -0.218403 0.361442 0.903369 1.336983 0.849430 1.400967 0.501176 -1.027253
0.209300 0.909089 -0.619341 1.304623 -0.057184 0.102569 -0.218403 0.391742 0.932871 1.344509 0.083442 -0.056458 0.528613 -1.062200
0.209300 0.939394 -0.619341 1.405549 -0.057184 0.110503 -0.218403 0.422048 0.962428 1.351574 0.878986 1.408032 0.556352 -1.093259
0.209300 0.969695 -0.619341 1.506460 -0.057184 0.118437 -0.218403 0.452348 0.992025 1.358216 0.113039 -0.049816 0.584341 -1.120986
0.232558 0.969695 -0.553389 1.506460 -0.051094 0.118437 -0.195146 0.452348 0.997192 1.335416 0.884152 1.385232 0.576052 -1.163512
0.279069 1.000000 -0.421493 1.607386 -0.038916 0.126372 -0.148634 0.482654 1.038210 1.298651 0.154057 -0.086581 0.591283 -1.272060
0.348835 1.000000 -0.223654 1.607386 -0.020650 0.126372 -0.078869 0.482654 1.059097 1.235160 0.905039 1.321741 0.577705 -1.408821
0.418604 1.000000 -0.025805 1.607386 -0.002383 0.126372 -0.009100 0.482654 1.084080 1.174356 0.179041 -0.147385 0.572369 -1.551945
0.604650 1.000000 0.501779 1.607386 0.046329 0.126372 0.176946 0.482654 1.168590 1.026965 0.989549 1.174350 0.599027 1.219400
0.674419 1.000000 0.699628 1.607386 0.064597 0.126372 0.246716 0.482654 1.206168 0.977446 0.216619 -0.196904 0.623211 1.098257
0.744185 1.000000 0.897467 1.607386 0.082863 0.126372 0.316481 0.482654 1.246520 0.931027 1.029900 1.127931 0.653975 0.990417
0.860465 0.939394 1.227212 1.405549 0.113309 0.110503 0.432762 0.422048 1.273916 0.829223 0.244016 -0.298709 0.670157 0.772865
0.906977 0.909089 1.359107 1.304623 0.125487 0.102569 0.479273 0.391742 1.284153 0.786561 1.040138 1.085270 0.679290 0.685242
0.976742 0.787877 1.556946 0.900951 0.143753 0.070832 0.549039 0.270531 1.254901 0.678775 0.214763 -0.406495 0.656634 0.457819
0.976742 0.696970 1.556946 0.598204 0.143753 0.047030 0.549039 0.179624 1.199914 0.619773 0.985151 1.026267 0.611513 0.316185
1.000000 0.636364 1.622899 0.396367 0.149843 0.031162 0.572296 0.119018 1.185310 0.566730 0.200159 -0.459538 0.609149 0.205043
0.953488 0.515148 1.491003 -0.007321 0.137665 -0.000576 0.525785 -0.002198 1.083752 0.495348 0.883593 0.954885 0.533007 -0.004181
0.930231 0.484847 1.425050 -0.108232 0.131575 -0.008509 0.502527 -0.032499 1.049003 0.480473 0.165410 -0.474413 0.505766 -0.064581
0.860465 0.484847 1.227212 -0.108232 0.113309 -0.008509 0.432762 -0.032499 0.987663 0.513127 0.822253 0.987540 0.436518 -0.074956
0.837208 0.515148 1.161259 -0.007321 0.107219 -0.000576 0.409504 -0.002198 0.983003 0.551606 0.160750 -0.435934 0.418736 -0.005368
0.837208 0.606059 1.161259 0.295441 0.107219 0.023227 0.409504 0.088713 1.033550 0.626590 0.872800 1.062524 0.446659 0.213338
0.837208 0.666665 1.161259 0.497278 0.107219 0.039096 0.409504 0.149319 1.070215 0.672478 0.197415 -0.390046 0.474127 0.349651
0.883719 0.757576 1.293155 0.800040 0.119397 0.062899 0.456016 0.240230 1.163994 0.708693 0.966579 1.098739 0.562820 0.484859
0.930231 0.818182 1.425050 1.001876 0.131575 0.078767 0.502527 0.300836 1.238851 0.721400 0.272272 -0.377339 0.636402 0.539423
0.976742 0.878788 1.556946 1.203713 0.143753 0.094635 0.549039 0.361442 1.313885 0.732657 1.041613 1.109996 0.710578 0.582200
