0.280000 0.749999 -0.535773 0.613586 -0.059334 0.064328 -0.178182 0.193180 0.800561 1.213487 0.800561 1.213487 0.341915 -0.825763
0.280000 0.785715 -0.535773 0.727031 -0.059334 0.076222 -0.178182 0.228897 0.834116 1.228464 0.033555 0.014977 0.372863 -0.909343
0.259998 0.785715 -0.595915 0.727031 -0.065994 0.076222 -0.198183 0.228897 0.827616 1.251231 0.794061 1.236254 0.382825 -0.857190
0.219998 0.785715 -0.716191 0.727031 -0.079314 0.076222 -0.238183 0.228897 0.815934 1.297790 0.021873 0.061535 0.404981 -0.765519
0.179998 0.785715 -0.836467 0.727031 -0.092634 0.076222 -0.278183 0.228897 0.806070 1.345594 0.784197 1.284058 0.429726 -0.688506
0.059998 0.571431 -1.197294 0.046411 -0.132594 0.004866 -0.398183 0.014612 0.574572 1.466183 -0.209625 0.182125 0.413975 -0.036680
0.019998 0.464286 -1.317570 -0.293907 -0.145914 -0.030813 -0.438183 -0.092533 0.464716 1.527749 0.674341 1.345625 0.438226 0.208117
0.000000 0.250001 -1.377703 -0.974527 -0.152573 -0.102169 -0.458182 -0.306818 0.250001 1.570796 -0.424340 0.225172 0.503259 0.590059
0.040000 0.142856 -1.257427 -1.314845 -0.139253 -0.137848 -0.418182 -0.413962 0.148351 1.297786 0.572691 1.072615 0.523742 0.780328
0.080000 0.107145 -1.137152 -1.428273 -0.125933 -0.149740 -0.378182 -0.449674 0.133716 0.929441 -0.438974 -0.143173 0.515992 0.871543
0.139998 0.107145 -0.956743 -1.428273 -0.105954 -0.149740 -0.318183 -0.449674 0.176294 0.653240 0.615269 0.796413 0.473780 0.954997
0.179998 0.178573 -0.836467 -1.201400 -0.092634 -0.125955 -0.278183 -0.378246 0.253550 0.781423 -0.361718 -0.014990 0.394419 0.936669
0.200000 0.178573 -0.776324 -1.201400 -0.085974 -0.125955 -0.258182 -0.378246 0.268120 0.728860 0.629838 0.743850 0.380577 0.971860
0.219998 0.178573 -0.716191 -1.201400 -0.079314 -0.125955 -0.238183 -0.378246 0.283351 0.681836 -0.346487 -0.062014 0.367304 1.008821
0.240000 0.178573 -0.656049 -1.201400 -0.072654 -0.125955 -0.218182 -0.378246 0.299146 0.639685 0.645633 0.701699 0.354660 1.047592
0.280000 0.107145 -0.535773 -1.428273 -0.059334 -0.149740 -0.178182 -0.449674 0.299800 0.365470 -0.345833 -0.336230 0.393669 1.193530
0.360000 0.035717 -0.295221 -1.655147 -0.032694 -0.173526 -0.098182 -0.521102 0.361767 0.098890 0.707601 0.435119 0.433724 1.384568
0.440000 0.000000 -0.054670 -1.768592 -0.006054 -0.185419 -0.018182 -0.556819 0.440000 0.000000 -0.267601 -0.435119 0.458542 1.538155
0.459998 0.000000 0.005463 -1.768592 0.000605 -0.185419 0.001817 -0.556819 0.459998 0.000000 0.727599 0.435119 0.458185 -1.567533
0.499998 0.107145 0.125739 -1.428273 0.013925 -0.149740 0.041817 -0.449674 0.511350 0.211098 -0.216250 -0.224021 0.353518 -1.478069
0.499998 0.250001 0.125739 -0.974527 0.013925 -0.102169 0.041817 -0.306818 0.559016 0.463651 0.775266 0.687672 0.212339 -1.435338
0.480000 0.428569 0.065606 -0.407352 0.007265 -0.042707 0.021818 -0.128250 0.643484 0.728852 -0.131782 0.041180 0.036782 -1.402285
0.440000 0.535714 -0.054670 -0.067034 -0.006054 -0.007028 -0.018182 -0.021105 0.693246 0.883182 0.825028 0.842002 0.079636 0.859669
0.379998 0.678570 -0.235088 0.386713 -0.026035 0.040543 -0.078183 0.121752 0.777725 1.060309 -0.047302 0.218307 0.233846 -0.999958
0.320000 0.785715 -0.415497 0.727031 -0.046014 0.076222 -0.138182 0.228897 0.848380 1.184037 0.895682 0.965729 0.355489 -1.027671
0.280000 0.892855 -0.535773 1.067333 -0.059334 0.111899 -0.178182 0.336036 0.935730 1.266909 0.040047 0.301179 0.469776 -1.083246
0.259998 0.928572 -0.595915 1.180778 -0.065994 0.123793 -0.198183 0.371753 0.964285 1.297789 0.924237 0.996610 0.510435 -1.081017
0.259998 0.964283 -0.595915 1.294206 -0.065994 0.135685 -0.198183 0.407464 0.998720 1.307431 0.074482 0.310821 0.543521 -1.118103
0.280000 1.000000 -0.535773 1.407651 -0.059334 0.147578 -0.178182 0.443181 1.038460 1.297788 0.963978 0.986967 0.570365 -1.188523
0.360000 1.000000 -0.295221 1.407651 -0.032694 0.147578 -0.098182 0.443181 1.062826 1.225241 0.098848 0.238274 0.550642 -1.352779
0.520000 1.000000 0.185882 1.407651 0.020585 0.147578 0.061818 0.443181 1.127120 1.091277 1.028272 0.853003 0.545334 1.432203
0.700002 1.000000 0.727127 1.407651 0.080525 0.147578 0.241820 0.443181 1.220656 0.960069 0.192385 0.107066 0.593333 1.071302
0.800000 1.000000 1.027812 1.407651 0.113825 0.147578 0.341818 0.443181 1.280625 0.896055 1.088240 0.788989 0.640630 0.913812
0.920000 0.928572 1.388639 1.180778 0.153784 0.123793 0.461818 0.371753 1.307152 0.790035 0.218912 0.001046 0.659199 0.677768
0.980002 0.821427 1.569057 0.840459 0.173765 0.088114 0.521820 0.264608 1.278728 0.697597 1.059816 0.696551 0.635801 0.469301
1.000000 0.678570 1.629190 0.386713 0.180424 0.040543 0.541818 0.121752 1.208494 0.596198 0.148678 -0.100353 0.584926 0.221038
0.960000 0.571431 1.508915 0.046411 0.167104 0.004866 0.501818 0.014612 1.117199 0.536913 0.968521 0.637265 0.514439 0.029110
0.920000 0.500003 1.388639 -0.180462 0.153784 -0.018920 0.461818 -0.056816 1.047092 0.497825 0.078571 -0.139441 0.463708 -0.122412
0.860002 0.500003 1.208230 -0.180462 0.133805 -0.018920 0.401820 -0.056816 0.994789 0.526629 0.916218 0.666070 0.403990 -0.140466
0.840000 0.571431 1.148087 0.046411 0.127145 0.004866 0.381818 0.014612 1.015940 0.597365 0.099722 -0.068705 0.398260 0.038251
0.860002 0.642859 1.208230 0.273285 0.133805 0.028651 0.401820 0.086040 1.073718 0.641905 0.973996 0.710610 0.442227 0.210941
0.880000 0.714287 1.268363 0.500158 0.140464 0.052437 0.421818 0.157468 1.133405 0.681828 0.159409 -0.028782 0.493478 0.357287
0.940002 0.785715 1.448781 0.727031 0.160445 0.076222 0.481820 0.228897 1.225133 0.696231 1.065725 0.725013 0.582605 0.443503
0.980002 0.821427 1.569057 0.840459 0.173765 0.088114 0.521820 0.264608 1.278728 0.697597 0.213003 -0.027416 0.635801 0.469301
