0.215687 0.447366 -0.912537 -0.028604 -0.101395 -0.003139 -0.283379 -0.008773 0.496647 1.121549 0.496647 1.121549 0.288057 0.030950
0.274509 0.526316 -0.723119 0.228796 -0.080348 0.025109 -0.224557 0.070176 0.593602 1.090044 0.096956 -0.031505 0.226205 -0.302892
0.333334 0.605261 -0.533691 0.486182 -0.059300 0.053356 -0.165733 0.149121 0.690980 1.067394 0.594024 1.098900 0.196836 -0.732688
0.352941 0.736842 -0.470555 0.915178 -0.052285 0.100437 -0.146126 0.280702 0.817009 1.124097 0.222985 0.025197 0.279088 -1.090826
0.352941 0.789474 -0.470555 1.086773 -0.052285 0.119269 -0.146126 0.333334 0.864775 1.150392 0.641790 1.125194 0.325098 -1.157649
0.352941 0.894737 -0.470555 1.429964 -0.052285 0.156932 -0.146126 0.438597 0.961832 1.195072 0.320042 0.069878 0.421791 -1.249195
0.294119 0.973686 -0.659973 1.687364 -0.073332 0.185181 -0.204948 0.517546 1.017138 1.277444 0.697096 1.207566 0.516979 -1.193743
0.215687 1.000000 -0.912537 1.773155 -0.101395 0.194596 -0.283379 0.543860 1.022996 1.358363 0.325900 0.150797 0.575533 -1.090449
0.176472 1.000000 -1.038819 1.773155 -0.115426 0.194596 -0.322595 0.543860 1.015452 1.396123 0.689552 1.245326 0.595820 -1.035423
0.137256 1.000000 -1.165101 1.773155 -0.129458 0.194596 -0.361811 0.543860 1.009376 1.434392 0.319824 0.189066 0.617933 -0.983765
0.078431 0.894737 -1.354528 1.429964 -0.150506 0.156932 -0.420636 0.438597 0.898168 1.483361 0.578344 1.294295 0.577485 -0.806299
0.058825 0.684211 -1.417664 0.743582 -0.157521 0.081605 -0.440242 0.228071 0.686735 1.485032 0.108390 0.190737 0.477589 -0.477989
0.058825 0.578947 -1.417664 0.400391 -0.157521 0.043941 -0.440242 0.122807 0.581928 1.469537 0.473538 1.278800 0.447430 -0.272039
0.117647 0.368421 -1.228246 -0.285991 -0.136474 -0.031386 -0.381420 -0.087719 0.386749 1.261704 -0.086789 -0.017096 0.403174 0.226049
0.196078 0.210526 -0.975682 -0.800777 -0.108411 -0.087882 -0.302989 -0.245614 0.287694 0.820917 0.374483 0.838013 0.418399 0.681193
0.294119 0.078945 -0.659973 -1.229773 -0.073332 -0.134962 -0.204948 -0.377194 0.304529 0.262232 -0.069953 -0.575780 0.467446 1.073074
0.372550 0.026314 -0.407409 -1.401368 -0.045268 -0.153794 -0.126517 -0.429826 0.373478 0.070515 0.443432 0.646295 0.489389 1.284536
0.509803 0.000000 0.034573 -1.487159 0.003842 -0.163209 0.010736 -0.456140 0.509803 0.000000 0.066372 -0.646295 0.499182 -1.547263
0.647059 0.000000 0.476565 -1.487159 0.052953 -0.163209 0.147992 -0.456140 0.647059 0.000000 0.580688 0.646295 0.520547 -1.257066
0.725491 0.026314 0.729128 -1.401368 0.081016 -0.153794 0.226424 -0.429826 0.725968 0.036254 0.145280 -0.610041 0.524179 -1.085955
0.843137 0.105263 1.107974 -1.143968 0.123110 -0.125546 0.344071 -0.350877 0.849683 0.124204 0.704403 0.734245 0.522940 -0.795192
0.941178 0.236840 1.423684 -0.714986 0.158190 -0.078467 0.442111 -0.219300 0.970520 0.246524 0.266117 -0.487721 0.514028 -0.460465
0.980394 0.394735 1.549966 -0.200200 0.172221 -0.021971 0.481327 -0.061405 1.056876 0.382771 0.790759 0.870492 0.492504 -0.126889
1.000000 0.552630 1.613102 0.314587 0.179237 0.034525 0.500933 0.096490 1.142541 0.504860 0.351782 -0.365632 0.503789 0.190289
1.000000 0.605261 1.613102 0.486182 0.179237 0.053356 0.500933 0.149121 1.168906 0.544279 0.817124 0.909911 0.512066 0.289333
0.960784 0.710528 1.486820 0.829386 0.165205 0.091022 0.461718 0.254388 1.194972 0.636766 0.377847 -0.273145 0.507838 0.503581
0.882353 0.763160 1.234256 1.000982 0.137142 0.109853 0.383286 0.307020 1.166602 0.713089 0.788755 0.986234 0.465461 0.675363
0.843137 0.763160 1.107974 1.000982 0.123110 0.109853 0.344071 0.307020 1.137231 0.735649 0.348476 -0.250585 0.433739 0.728554
0.764706 0.657897 0.855410 0.657791 0.095047 0.072190 0.265639 0.201757 1.008763 0.710458 0.660287 0.961043 0.309502 0.649562
0.725491 0.552630 0.729128 0.314587 0.081016 0.034525 0.226424 0.096490 0.911996 0.650968 0.251708 -0.310076 0.232673 0.402841
0.705884 0.473684 0.665992 0.057200 0.074000 0.006277 0.206817 0.017544 0.850088 0.591032 0.598379 0.901107 0.208369 0.084627
0.705884 0.342103 0.665992 -0.371795 0.074000 -0.040803 0.206817 -0.114037 0.784415 0.451288 0.186036 -0.449819 0.259636 -0.503908
0.705884 0.315789 0.665992 -0.457586 0.074000 -0.050218 0.206817 -0.140350 0.773302 0.420662 0.587266 0.870481 0.276340 -0.596232
0.686275 0.289472 0.602846 -0.543391 0.066984 -0.059635 0.187208 -0.166668 0.744827 0.399158 0.157561 -0.471323 0.281028 -0.727421
0.686275 0.263158 0.602846 -0.629182 0.066984 -0.069050 0.187208 -0.192982 0.735000 0.366166 0.577439 0.837489 0.301164 -0.800584
0.686275 0.236840 0.602846 -0.714986 0.066984 -0.078467 0.187208 -0.219300 0.725994 0.332312 0.148554 -0.505177 0.322195 -0.864179
0.666669 0.236840 0.539710 -0.714986 0.059969 -0.078467 0.167602 -0.219300 0.707489 0.341352 0.558935 0.846529 0.311213 -0.918232
0.568628 0.184209 0.224001 -0.886582 0.024889 -0.097299 0.069561 -0.271931 0.597721 0.313284 0.038787 -0.533245 0.322451 -1.320362
0.431372 0.157895 -0.217991 -0.972373 -0.024222 -0.106714 -0.067695 -0.298245 0.459361 0.350883 0.420574 0.884128 0.347823 1.347600
0.254903 0.157895 -0.786255 -0.972373 -0.087363 -0.106714 -0.244164 -0.298245 0.299844 0.554584 -0.120730 -0.329544 0.419541 0.884776
0.156863 0.157895 -1.101964 -0.972373 -0.122443 -0.106714 -0.342204 -0.298245 0.222568 0.788678 0.343299 1.118221 0.483221 0.716868
0.000000 0.157895 -1.607092 -0.972373 -0.178569 -0.106714 -0.499067 -0.298245 0.157895 1.570796 -0.185404 0.452575 0.604538 0.538657
