0.118643 0.499998 -1.023489 -0.090116 -0.099816 -0.008391 -0.349880 -0.029414 0.513881 1.337819 0.513881 1.337819 0.351293 0.083871
0.203390 0.558821 -0.775582 0.090104 -0.075639 0.008390 -0.265133 0.029410 0.594684 1.221738 0.080802 -0.116081 0.280088 -0.110473
0.220337 0.617649 -0.726006 0.270337 -0.070804 0.025173 -0.248185 0.088238 0.655774 1.228134 0.574971 1.344215 0.289542 -0.341595
0.237288 0.676473 -0.676421 0.450557 -0.065968 0.041954 -0.231235 0.147061 0.716883 1.233434 0.141911 -0.110781 0.310987 -0.566458
0.254236 0.735296 -0.626844 0.630777 -0.061133 0.058736 -0.214287 0.205885 0.778008 1.237904 0.636097 1.348685 0.342180 -0.765405
0.254236 0.794120 -0.626844 0.810997 -0.061133 0.075517 -0.214287 0.264708 0.833824 1.260959 0.197727 -0.087726 0.389785 -0.890277
0.254236 0.882353 -0.626844 1.081320 -0.061133 0.100689 -0.214287 0.352941 0.918250 1.290261 0.720522 1.377987 0.466020 -1.025140
0.254236 0.941176 -0.626844 1.261539 -0.061133 0.117471 -0.214287 0.411765 0.974910 1.306968 0.254387 -0.071019 0.518961 -1.090954
0.237288 0.970590 -0.676421 1.351656 -0.065968 0.125862 -0.231235 0.441179 0.999175 1.331022 0.744788 1.402041 0.552758 -1.088033
0.203390 0.970590 -0.775582 1.351656 -0.075639 0.125862 -0.265133 0.441179 0.991672 1.364233 0.246884 -0.037808 0.567774 -1.029668
0.169491 1.000000 -0.874744 1.441759 -0.085309 0.134252 -0.299031 0.470588 1.014262 1.402901 0.767378 1.440709 0.609826 -1.004724
0.135593 1.000000 -0.973905 1.441759 -0.094980 0.134252 -0.332929 0.470588 1.009151 1.436025 0.241773 -0.004684 0.627145 -0.955072
0.118643 1.000000 -1.023489 1.441759 -0.099816 0.134252 -0.349880 0.470588 1.007013 1.452706 0.765241 1.457389 0.636305 -0.931472
0.084744 1.000000 -1.122651 1.441759 -0.109486 0.134252 -0.383778 0.470588 1.003584 1.486254 0.238344 0.028865 0.655556 -0.886659
0.050846 0.970590 -1.221812 1.351656 -0.119157 0.125862 -0.417676 0.441179 0.971921 1.518457 0.733578 1.489593 0.653089 -0.812756
0.033898 0.911767 -1.271389 1.171436 -0.123992 0.109080 -0.434624 0.382355 0.912397 1.533635 0.178819 0.044042 0.620777 -0.721507
0.016948 0.852943 -1.320973 0.991216 -0.128828 0.092299 -0.451575 0.323532 0.853112 1.550929 0.674293 1.506887 0.593042 -0.621683
0.000000 0.764706 -1.370550 0.720880 -0.133663 0.067126 -0.468522 0.235294 0.764706 1.570796 0.090413 0.063909 0.554290 -0.465410
0.016948 0.588235 -1.320973 0.180221 -0.128828 0.016782 -0.451575 0.058824 0.588479 1.541993 0.498066 1.478084 0.467173 -0.129534
0.033898 0.499998 -1.271389 -0.090116 -0.123992 -0.008391 -0.434624 -0.029414 0.501146 1.503103 0.003079 0.025020 0.435762 0.067573
0.067797 0.382351 -1.172227 -0.450556 -0.114321 -0.041954 -0.400726 -0.147061 0.388315 1.395305 0.385235 1.370286 0.409886 0.351726
0.186439 0.205880 -0.825167 -0.991215 -0.080474 -0.092299 -0.282083 -0.323531 0.277752 0.834912 -0.107483 -0.535374 0.385424 0.853731
0.254236 0.147057 -0.626844 -1.171435 -0.061133 -0.109080 -0.214287 -0.382355 0.293703 0.524405 0.401186 1.059780 0.386341 1.059974
0.338983 0.088233 -0.378937 -1.351655 -0.036956 -0.125862 -0.129540 -0.441178 0.350277 0.254638 -0.050909 -0.805142 0.401747 1.285201
0.440677 0.029410 -0.081454 -1.531874 -0.007944 -0.142643 -0.027845 -0.500002 0.441658 0.066638 0.492567 0.871780 0.439995 1.515164
0.542372 0.000000 0.216030 -1.621978 0.021068 -0.151033 0.073850 -0.529412 0.542372 0.000000 0.049806 -0.871780 0.474307 -1.432197
0.728814 0.000000 0.761421 -1.621978 0.074257 -0.151033 0.260292 -0.529412 0.728814 0.000000 0.679008 0.871780 0.535971 -1.113841
0.796610 0.000000 0.959743 -1.621978 0.093599 -0.151033 0.328088 -0.529412 0.796610 0.000000 0.117602 -0.871780 0.571975 -1.016001
0.864407 0.029410 1.158066 -1.531874 0.112940 -0.142643 0.395885 -0.500002 0.864907 0.034010 0.747305 0.905790 0.591223 -0.901096
0.915253 0.117647 1.306804 -1.261538 0.127446 -0.117470 0.446731 -0.411764 0.922783 0.127839 0.175478 -0.777950 0.568051 -0.744691
0.949151 0.205880 1.405965 -0.991215 0.137116 -0.092299 0.480629 -0.323531 0.971223 0.213601 0.795745 0.991551 0.547709 -0.592472
1.000000 0.411765 1.554711 -0.360439 0.151623 -0.033563 0.531478 -0.117647 1.081457 0.390607 0.285712 -0.600944 0.534500 -0.217845
1.000000 0.529412 1.554711 0.000001 0.151623 0.000000 0.531478 0.000000 1.131493 0.486899 0.845781 1.087843 0.534954 0.000000
1.000000 0.647059 1.554711 0.360440 0.151623 0.033563 0.531478 0.117647 1.191086 0.574305 0.345305 -0.513539 0.560664 0.217846
1.000000 0.735296 1.554711 0.630777 0.151623 0.058736 0.531478 0.205885 1.241234 0.634024 0.895929 1.147563 0.594674 0.369582
0.949151 0.882353 1.405965 1.081320 0.137116 0.100689 0.480629 0.352941 1.295930 0.748942 0.400002 -0.398620 0.634240 0.633398
0.915253 0.911767 1.306804 1.171436 0.127446 0.109080 0.446731 0.382355 1.291901 0.783490 0.891899 1.182110 0.629312 0.707908
0.864407 0.941176 1.158066 1.261539 0.112940 0.117471 0.395885 0.411765 1.277894 0.827890 0.385995 -0.354220 0.616544 0.805058
0.830509 0.911767 1.058904 1.171436 0.103269 0.109080 0.361986 0.382355 1.233314 0.832004 0.847319 1.186223 0.572276 0.812757
0.745762 0.823529 0.810997 0.901100 0.079092 0.083908 0.277239 0.294118 1.111018 0.834914 0.263699 -0.351310 0.450435 0.814931
0.728814 0.764706 0.761421 0.720880 0.074257 0.067126 0.260292 0.235294 1.056383 0.809425 0.792684 1.160735 0.394305 0.735001
0.711863 0.705882 0.711836 0.540660 0.069422 0.050345 0.243341 0.176471 1.002507 0.781179 0.209823 -0.379556 0.339933 0.627439
0.694916 0.558821 0.662259 0.090104 0.064587 0.008390 0.226393 0.029410 0.891734 0.677271 0.681911 1.056826 0.243737 0.129182
0.694916 0.529412 0.662259 0.000001 0.064587 0.000000 0.226393 0.000000 0.873604 0.651033 0.191693 -0.405793 0.234439 0.000001
0.677965 0.470588 0.612675 -0.180219 0.059751 -0.016781 0.209443 -0.058823 0.825282 0.606768 0.633589 1.012561 0.209453 -0.273802
0.677965 0.441174 0.612675 -0.270336 0.059751 -0.025173 0.209443 -0.088237 0.808871 0.576890 0.175282 -0.435671 0.211221 -0.398728
0.677965 0.411765 0.612675 -0.360439 0.059751 -0.033563 0.209443 -0.117647 0.793213 0.545809 0.617931 0.981480 0.216997 -0.511792
0.661017 0.352941 0.563098 -0.540659 0.054916 -0.050344 0.192495 -0.176470 0.749341 0.490427 0.131409 -0.491053 0.224529 -0.741994
0.644067 0.323527 0.513514 -0.630775 0.050080 -0.058736 0.175545 -0.205884 0.720758 0.465501 0.589349 0.956554 0.227683 -0.864773
0.576270 0.235294 0.315191 -0.901098 0.030739 -0.083907 0.107748 -0.294117 0.622456 0.387645 0.033107 -0.568909 0.256915 -1.219636
0.542372 0.205880 0.216030 -0.991215 0.021068 -0.092299 0.073850 -0.323531 0.580133 0.362790 0.547026 0.931699 0.272827 -1.346380
0.491524 0.147057 0.067284 -1.171435 0.006562 -0.109080 0.023001 -0.382355 0.513051 0.290709 -0.033975 -0.640990 0.322288 -1.510712
0.389829 0.088233 -0.230199 -1.351655 -0.022450 -0.125862 -0.078694 -0.441178 0.399689 0.222588 0.433665 0.863578 0.388346 1.394281
0.338983 0.088233 -0.378937 -1.351655 -0.036956 -0.125862 -0.129540 -0.441178 0.350277 0.254638 -0.083387 -0.608940 0.401747 1.285201
0.271186 0.058824 -0.577260 -1.441758 -0.056297 -0.134252 -0.197336 -0.470588 0.277493 0.213603 0.360880 0.822543 0.454747 1.173730
0.169491 0.029410 -0.874744 -1.531874 -0.085309 -0.142643 -0.299031 -0.500002 0.172024 0.171806 -0.188856 -0.650737 0.531262 1.031805
