0.000000 0.749999 -1.472327 0.703985 -0.094406 0.045368 -0.455874 0.219075 0.749999 1.570796 0.749999 1.570796 0.542523 -0.447975
0.000000 0.727274 -1.472327 0.630958 -0.094406 0.040662 -0.455874 0.196349 0.727274 1.570796 -0.022725 0.000000 0.530546 -0.406697
0.033333 0.704545 -1.364672 0.557920 -0.087503 0.035955 -0.422541 0.173620 0.705333 1.523520 0.728058 1.523520 0.490284 -0.389864
0.033333 0.681819 -1.364672 0.484893 -0.087503 0.031249 -0.422541 0.150895 0.682634 1.521947 -0.045425 -0.001573 0.479158 -0.342998
0.050001 0.681819 -1.310840 0.484893 -0.084051 0.031249 -0.405873 0.150895 0.683650 1.497592 0.729075 1.499166 0.464526 -0.355943
0.066666 0.659090 -1.257016 0.411855 -0.080600 0.026542 -0.389208 0.128166 0.662453 1.469990 -0.066622 -0.029176 0.439067 -0.318116
0.083334 0.659090 -1.203184 0.411855 -0.077149 0.026542 -0.372540 0.128166 0.664338 1.445025 0.730959 1.474201 0.424362 -0.331349
0.116668 0.659090 -1.095528 0.411855 -0.070246 0.026542 -0.339207 0.128166 0.669337 1.395598 -0.061623 -0.078603 0.395421 -0.361259
0.133333 0.659090 -1.041705 0.411855 -0.066794 0.026542 -0.322541 0.128166 0.672442 1.371192 0.734064 1.449795 0.381221 -0.378231
0.166666 0.681819 -0.934049 0.484893 -0.059891 0.031249 -0.289208 0.150895 0.701894 1.331054 -0.032170 -0.118741 0.367005 -0.480898
0.183334 0.704545 -0.880217 0.557920 -0.056440 0.035955 -0.272540 0.173620 0.728007 1.316226 0.760178 1.434966 0.368938 -0.567214
0.216667 0.704545 -0.772562 0.557920 -0.049537 0.035955 -0.239207 0.173620 0.737108 1.272447 -0.023070 -0.162519 0.345046 -0.627843
0.233333 0.727274 -0.718738 0.630958 -0.046086 0.040662 -0.222542 0.196349 0.763787 1.260339 0.786857 1.422857 0.350973 -0.722952
0.250001 0.749999 -0.664906 0.703985 -0.042634 0.045368 -0.205874 0.219075 0.790569 1.249045 0.003712 -0.173813 0.359017 -0.816453
0.250001 0.772728 -0.664906 0.777023 -0.042634 0.050075 -0.205874 0.241804 0.812163 1.257895 0.808452 1.431707 0.377863 -0.865485
0.266666 0.818182 -0.611082 0.923088 -0.039183 0.059488 -0.189208 0.287258 0.860542 1.255728 0.052091 -0.175979 0.408738 -0.988350
0.266666 0.840908 -0.611082 0.996115 -0.039183 0.064194 -0.189208 0.309984 0.882177 1.263711 0.830087 1.439690 0.429011 -1.022778
0.266666 0.863637 -0.611082 1.069154 -0.039183 0.068901 -0.189208 0.332713 0.903869 1.271312 0.073783 -0.168378 0.449522 -1.053721
0.266666 0.886362 -0.611082 1.142181 -0.039183 0.073607 -0.189208 0.355438 0.925607 1.278556 0.851825 1.446934 0.470234 -1.081625
0.266666 0.909091 -0.611082 1.215219 -0.039183 0.078314 -0.189208 0.378167 0.947395 1.285468 0.095570 -0.161466 0.491127 -1.106884
0.266666 0.931817 -0.611082 1.288246 -0.039183 0.083020 -0.189208 0.400892 0.969223 1.292067 0.873653 1.453534 0.512173 -1.129825
0.250001 0.954546 -0.664906 1.361284 -0.042634 0.087727 -0.205874 0.423621 0.986741 1.314644 0.113088 -0.138889 0.539497 -1.118423
0.233333 0.977271 -0.718738 1.434311 -0.046086 0.092433 -0.222542 0.446347 1.004740 1.336425 0.891652 1.475314 0.566903 -1.108282
0.216667 0.977271 -0.772562 1.434311 -0.049537 0.092433 -0.239207 0.446347 1.001001 1.352619 0.109349 -0.122695 0.573650 -1.078826
0.199999 0.977271 -0.826393 1.434311 -0.052989 0.092433 -0.255875 0.446347 0.997526 1.368933 0.888177 1.491628 0.580798 -1.050267
0.166666 0.977271 -0.934049 1.434311 -0.059891 0.092433 -0.289208 0.446347 0.991381 1.401879 0.103204 -0.089749 0.596235 -0.995867
0.116668 0.954546 -1.095528 1.361284 -0.070246 0.087727 -0.339207 0.423621 0.961649 1.449176 0.858445 1.538925 0.603104 -0.895610
0.100000 0.931817 -1.149360 1.288246 -0.073697 0.083020 -0.355875 0.400892 0.937167 1.463889 0.078722 -0.075037 0.594279 -0.844815
0.083334 0.886362 -1.203184 1.142181 -0.077149 0.073607 -0.372540 0.355438 0.890271 1.477053 0.811549 1.552090 0.569303 -0.761910
0.066666 0.818182 -1.257016 0.923088 -0.080600 0.059488 -0.389208 0.287258 0.820894 1.489495 0.009345 -0.062595 0.531742 -0.635815
0.050001 0.772728 -1.310840 0.777023 -0.084051 0.050075 -0.405873 0.241804 0.774344 1.506179 0.764999 1.568774 0.514907 -0.537297
0.033333 0.704545 -1.364672 0.557920 -0.087503 0.035955 -0.422541 0.173620 0.705333 1.523520 -0.059666 -0.045255 0.490284 -0.389864
0.033333 0.659090 -1.364672 0.411855 -0.087503 0.026542 -0.422541 0.128166 0.659933 1.520265 0.719599 1.565519 0.468869 -0.294502
0.033333 0.590910 -1.364672 0.192762 -0.087503 0.012422 -0.422541 0.059986 0.591850 1.514446 -0.127749 -0.051073 0.443594 -0.141023
0.033333 0.545456 -1.364672 0.046697 -0.087503 0.003009 -0.422541 0.014532 0.546474 1.509761 0.674222 1.560835 0.431933 -0.034378
0.033333 0.477273 -1.364672 -0.172406 -0.087503 -0.011111 -0.422541 -0.053651 0.478435 1.501068 -0.195787 -0.059766 0.423083 0.126298
0.033333 0.431818 -1.364672 -0.318471 -0.087503 -0.020524 -0.422541 -0.099106 0.433103 1.493756 0.628890 1.553523 0.423225 0.230383
0.033333 0.363639 -1.364672 -0.537564 -0.087503 -0.034643 -0.422541 -0.167286 0.365163 1.479386 -0.263727 -0.074137 0.432491 0.376970
0.050001 0.272726 -1.310840 -0.829705 -0.084051 -0.053470 -0.405873 -0.258198 0.277272 1.389472 0.540999 1.463609 0.445282 0.566580
0.066666 0.250001 -1.257016 -0.902732 -0.080600 -0.058176 -0.389208 -0.280923 0.258737 1.310195 -0.282262 -0.153413 0.440303 0.625196
0.083334 0.204546 -1.203184 -1.048797 -0.077149 -0.067589 -0.372540 -0.326378 0.220871 1.183918 0.503133 1.337331 0.449390 0.719446
0.116668 0.159092 -1.095528 -1.194862 -0.070246 -0.077002 -0.339207 -0.371832 0.197286 0.938047 -0.305847 -0.399284 0.450712 0.831250
0.150001 0.136363 -0.987873 -1.267900 -0.063343 -0.081709 -0.305874 -0.394561 0.202719 0.737810 0.508566 1.137095 0.442319 0.911346
0.166666 0.113638 -0.934049 -1.340928 -0.059891 -0.086415 -0.289208 -0.417287 0.201721 0.598425 -0.306846 -0.538669 0.448071 0.964738
0.183334 0.090909 -0.880217 -1.413966 -0.056440 -0.091122 -0.272540 -0.440016 0.204636 0.460333 0.511482 0.999002 0.455498 1.016243
0.216667 0.068183 -0.772562 -1.486993 -0.049537 -0.095828 -0.239207 -0.462741 0.227143 0.304880 -0.284339 -0.694123 0.455548 1.093693
0.266666 0.045454 -0.611082 -1.560031 -0.039183 -0.100535 -0.189208 -0.485470 0.270512 0.168832 0.554851 0.862954 0.451934 1.199163
0.299999 0.045454 -0.503427 -1.560031 -0.032280 -0.100535 -0.155875 -0.485470 0.303423 0.150371 -0.251428 -0.712583 0.439024 1.260113
0.316667 0.022729 -0.449595 -1.633058 -0.028828 -0.105241 -0.139207 -0.508195 0.317482 0.071653 0.568910 0.784236 0.454966 1.303430
0.350000 0.022729 -0.341939 -1.633058 -0.021925 -0.105241 -0.105874 -0.508195 0.350738 0.064849 -0.218172 -0.719387 0.445897 1.365401
0.399999 0.022729 -0.180460 -1.633058 -0.011571 -0.105241 -0.055875 -0.508195 0.400644 0.056761 0.618817 0.776148 0.436735 1.461287
0.416667 0.000000 -0.126628 -1.706096 -0.008119 -0.109948 -0.039208 -0.530924 0.416667 0.000000 -0.202150 -0.776148 0.457557 1.497082
0.450000 0.000000 -0.018972 -1.706096 -0.001216 -0.109948 -0.005874 -0.530924 0.450000 0.000000 0.652150 0.776148 0.455912 1.559733
0.516667 0.000000 0.196339 -1.706096 0.012589 -0.109948 0.060792 -0.530924 0.516667 0.000000 -0.135483 -0.776148 0.459910 -1.456790
0.533335 0.000000 0.250171 -1.706096 0.016041 -0.109948 0.077460 -0.530924 0.533335 0.000000 0.668818 0.776148 0.462408 -1.425922
0.566668 0.000000 0.357827 -1.706096 0.022944 -0.109948 0.110793 -0.530924 0.566668 0.000000 -0.102150 -0.776148 0.469145 -1.365069
0.616666 0.000000 0.519306 -1.706096 0.033298 -0.109948 0.160792 -0.530924 0.616666 0.000000 0.718816 0.776148 0.483400 -1.276724
0.650000 0.022729 0.626962 -1.633058 0.040201 -0.105241 0.194125 -0.508195 0.650397 0.034953 -0.068420 -0.741195 0.474657 -1.205912
0.683333 0.022729 0.734617 -1.633058 0.047104 -0.105241 0.227458 -0.508195 0.683711 0.033250 0.752130 0.774445 0.489237 -1.149956
0.733334 0.045454 0.896105 -1.560031 0.057459 -0.100535 0.277460 -0.485470 0.734741 0.061904 -0.017389 -0.712541 0.495407 -1.051575
0.766667 0.068183 1.003761 -1.486993 0.064361 -0.095828 0.310793 -0.462741 0.769693 0.088701 0.787082 0.801242 0.496887 -0.979362
0.783333 0.090909 1.057584 -1.413966 0.067813 -0.091122 0.327458 -0.440016 0.788590 0.115537 0.001508 -0.685705 0.490335 -0.931020
0.833334 0.136363 1.219072 -1.267900 0.078167 -0.081709 0.377459 -0.394561 0.844417 0.162198 0.842909 0.847903 0.494533 -0.807547
0.849999 0.159092 1.272896 -1.194862 0.081618 -0.077002 0.394125 -0.371832 0.864759 0.185027 0.021850 -0.662876 0.493370 -0.756302
0.900000 0.227272 1.434383 -0.975770 0.091973 -0.062883 0.444126 -0.303652 0.928253 0.247353 0.906402 0.910230 0.499507 -0.599708
0.916666 0.250001 1.488207 -0.902732 0.095424 -0.058176 0.460791 -0.280923 0.950145 0.266253 0.043743 -0.643976 0.504690 -0.547488
0.933334 0.318184 1.542039 -0.683629 0.098876 -0.044056 0.477459 -0.212740 0.986079 0.328555 0.942336 0.972532 0.496916 -0.419162
0.949999 0.363639 1.595863 -0.537564 0.102327 -0.034643 0.494124 -0.167286 1.017217 0.365572 0.074881 -0.606960 0.502659 -0.326438
0.983335 0.454547 1.703526 -0.245433 0.109231 -0.015817 0.527460 -0.076377 1.083310 0.432995 1.008429 1.039955 0.527462 -0.143802
0.983335 0.500002 1.703526 -0.099368 0.109231 -0.006404 0.527460 -0.030923 1.103154 0.470405 0.094725 -0.569549 0.529303 -0.058558
1.000000 0.545456 1.757350 0.046697 0.112682 0.003009 0.544126 0.014532 1.139088 0.499348 1.044363 1.068897 0.551450 0.026700
1.000000 0.613636 1.757350 0.265789 0.112682 0.017129 0.544126 0.082712 1.173264 0.550386 0.128901 -0.518512 0.566535 0.150854
1.000000 0.659090 1.757350 0.411855 0.112682 0.026542 0.544126 0.128166 1.197664 0.582739 1.068763 1.101251 0.580835 0.231328
1.000000 0.727274 1.757350 0.630958 0.112682 0.040662 0.544126 0.196349 1.236498 0.628797 0.167734 -0.472454 0.608054 0.346311
0.983335 0.772728 1.703526 0.777023 0.109231 0.050075 0.527460 0.241804 1.250622 0.666037 1.082888 1.138491 0.615313 0.429842
0.966667 0.818182 1.649694 0.923088 0.105779 0.059488 0.510792 0.287258 1.266439 0.702398 0.183551 -0.436093 0.626240 0.512296
0.949999 0.863637 1.595863 1.069154 0.102327 0.068901 0.494124 0.332713 1.283887 0.737816 1.100336 1.173909 0.640647 0.592607
0.933334 0.909091 1.542039 1.215219 0.098876 0.078314 0.477459 0.378167 1.302904 0.772241 0.202568 -0.401668 0.658310 0.669869
0.900000 0.931817 1.434383 1.288246 0.091973 0.083020 0.444126 0.400892 1.295486 0.802765 1.092918 1.204433 0.650975 0.734280
0.883332 0.954546 1.380551 1.361284 0.088521 0.087727 0.427458 0.423621 1.300551 0.824126 0.207633 -0.380307 0.656805 0.780890
0.833334 0.977271 1.219072 1.434311 0.078167 0.092433 0.377459 0.446347 1.284330 0.864728 1.076697 1.245035 0.643685 0.868825
0.800001 0.977271 1.111416 1.434311 0.071264 0.092433 0.344126 0.446347 1.262957 0.884812 0.186260 -0.360223 0.624722 0.914000
0.749999 1.000000 0.949929 1.507349 0.060910 0.097140 0.294125 0.469076 1.250000 0.927296 1.063740 1.287518 0.618532 1.010738
0.683333 1.000000 0.734617 1.507349 0.047104 0.097140 0.227458 0.469076 1.211175 0.971344 0.147435 -0.316174 0.589754 1.119295
0.666668 1.000000 0.680794 1.507349 0.043653 0.097140 0.210793 0.469076 1.201851 0.982793 1.054416 1.298967 0.583529 1.148458
0.633334 1.000000 0.573138 1.507349 0.036750 0.097140 0.177460 0.469076 1.183686 1.006226 0.129270 -0.292741 0.572333 1.209120
0.583333 0.954546 0.411650 1.361284 0.026395 0.087727 0.127459 0.423621 1.118675 1.022247 0.989406 1.314988 0.514703 1.278533
0.566668 0.909091 0.357827 1.215219 0.022944 0.078314 0.110793 0.378167 1.071242 1.013396 0.081836 -0.301592 0.466563 1.285797
0.550000 0.863637 0.303995 1.069154 0.019492 0.068901 0.094125 0.332713 1.023899 1.003727 0.942063 1.305319 0.418485 1.295097
0.550000 0.795454 0.303995 0.850050 0.019492 0.054781 0.094125 0.264529 0.967081 0.965846 0.025019 -0.339474 0.352383 1.228944
0.550000 0.704545 0.303995 0.557920 0.019492 0.035955 0.094125 0.173620 0.893803 0.907969 0.868784 1.247442 0.265888 1.074013
0.550000 0.659090 0.303995 0.411855 0.019492 0.026542 0.094125 0.128166 0.858429 0.875380 -0.010355 -0.372063 0.223956 0.937353
0.566668 0.613636 0.357827 0.265789 0.022944 0.017129 0.110793 0.082712 0.835261 0.825171 0.845616 1.197233 0.192779 0.641283
0.600001 0.568182 0.465482 0.119724 0.029847 0.007716 0.144127 0.037257 0.826336 0.758166 -0.019280 -0.439067 0.182717 0.252966
0.616666 0.545456 0.519306 0.046697 0.033298 0.003009 0.160792 0.014532 0.823286 0.724199 0.842566 1.163265 0.184062 0.090132
0.666668 0.522727 0.680794 -0.026341 0.043653 -0.001698 0.210793 -0.008197 0.847165 0.664964 0.004599 -0.498301 0.221140 -0.038867
0.700001 0.500002 0.788449 -0.099368 0.050556 -0.006404 0.244126 -0.030923 0.860234 0.620251 0.855635 1.118552 0.248082 -0.125995
0.733334 0.500002 0.896105 -0.099368 0.057459 -0.006404 0.277460 -0.030923 0.887570 0.598420 0.031935 -0.520132 0.280947 -0.110991
0.749999 0.500002 0.949929 -0.099368 0.060910 -0.006404 0.294125 -0.030923 0.901388 0.588005 0.869453 1.108136 0.297417 -0.104749
0.766667 0.477273 1.003761 -0.172406 0.064361 -0.011111 0.310793 -0.053651 0.903088 0.556821 0.033635 -0.551316 0.311529 -0.170943
0.783333 0.477273 1.057584 -0.172406 0.067813 -0.011111 0.327458 -0.053651 0.917278 0.547219 0.883643 1.098534 0.328157 -0.162399
0.800001 0.454547 1.111416 -0.245433 0.071264 -0.015817 0.344126 -0.076377 0.920116 0.516697 0.036473 -0.581838 0.344129 -0.218404
0.783333 0.454547 1.057584 -0.245433 0.067813 -0.015817 0.327458 -0.076377 0.905662 0.525789 0.869189 1.107626 0.327461 -0.229145
0.766667 0.454547 1.003761 -0.245433 0.064361 -0.015817 0.310793 -0.076377 0.891287 0.535173 0.022098 -0.572453 0.310796 -0.240974
0.749999 0.431818 0.949929 -0.318471 0.060910 -0.020524 0.294125 -0.099106 0.865428 0.522404 0.843330 1.094857 0.295107 -0.325003
0.700001 0.431818 0.788449 -0.318471 0.050556 -0.020524 0.244126 -0.099106 0.822477 0.552741 -0.020854 -0.542116 0.245309 -0.385635
0.633334 0.409093 0.573138 -0.391498 0.036750 -0.025230 0.177460 -0.121831 0.753969 0.573512 0.774823 1.115629 0.183522 -0.601628
0.583333 0.386364 0.411650 -0.464536 0.026395 -0.029937 0.127459 -0.144560 0.699682 0.585000 -0.075141 -0.530628 0.145181 -0.848184
0.533335 0.386364 0.250171 -0.464536 0.016041 -0.029937 0.077460 -0.144560 0.658576 0.626935 0.733717 1.157564 0.104076 -1.078895
0.483333 0.386364 0.088684 -0.464536 0.005686 -0.029937 0.027459 -0.144560 0.618780 0.674359 -0.114937 -0.483205 0.074737 -1.383084
0.450000 0.386364 -0.018972 -0.464536 -0.001216 -0.029937 -0.005874 -0.144560 0.593108 0.709458 0.708046 1.192662 0.069758 1.530183
0.416667 0.386364 -0.126628 -0.464536 -0.008119 -0.029937 -0.039208 -0.144560 0.568233 0.747680 -0.139813 -0.444982 0.079806 1.305948
0.399999 0.386364 -0.180460 -0.464536 -0.011571 -0.029937 -0.055875 -0.144560 0.556126 0.768061 0.695939 1.213043 0.089184 1.201964
0.383334 0.386364 -0.234283 -0.464536 -0.015022 -0.029937 -0.072541 -0.144560 0.544263 0.789335 -0.151676 -0.423707 0.100468 1.105707
0.366666 0.386364 -0.288115 -0.464536 -0.018474 -0.029937 -0.089209 -0.144560 0.532655 0.811551 0.684331 1.235258 0.113092 1.017895
0.350000 0.386364 -0.341939 -0.464536 -0.021925 -0.029937 -0.105874 -0.144560 0.521323 0.834741 -0.163008 -0.400517 0.126653 0.938663
0.333332 0.386364 -0.395771 -0.464536 -0.025377 -0.029937 -0.122542 -0.144560 0.510282 0.858951 0.673290 1.259469 0.140884 0.867646
0.316667 0.386364 -0.449595 -0.464536 -0.028828 -0.029937 -0.139207 -0.144560 0.499555 0.884213 -0.173735 -0.375256 0.155597 0.804260
0.299999 0.386364 -0.503427 -0.464536 -0.032280 -0.029937 -0.155875 -0.144560 0.489159 0.910570 0.662894 1.285826 0.170672 0.747754
0.299999 0.409093 -0.503427 -0.391498 -0.032280 -0.025230 -0.155875 -0.121831 0.507303 0.938051 -0.155591 -0.347775 0.162744 0.663418
0.299999 0.431818 -0.503427 -0.318471 -0.032280 -0.020524 -0.155875 -0.099106 0.525801 0.963613 0.681392 1.311387 0.157721 0.566330
0.283334 0.431818 -0.557250 -0.318471 -0.035731 -0.020524 -0.172541 -0.099106 0.516474 0.990116 -0.164918 -0.321271 0.174209 0.521377
