0.163635 0.740739 -0.956716 0.748837 -0.061005 0.048521 -0.296574 0.235882 0.758597 1.353381 0.758597 1.353381 0.408232 -0.671903
0.181818 0.703705 -0.898059 0.631268 -0.057265 0.040903 -0.278391 0.198848 0.726813 1.317953 -0.031784 -0.035427 0.369854 -0.620243
0.199998 0.703705 -0.839411 0.631268 -0.053525 0.040903 -0.260210 0.198848 0.731573 1.293890 0.763357 1.329317 0.356370 -0.652516
0.218182 0.703705 -0.780754 0.631268 -0.049785 0.040903 -0.242027 0.198848 0.736752 1.270148 -0.026605 -0.059169 0.343318 -0.687770
0.254545 0.666665 -0.663449 0.513680 -0.042305 0.033284 -0.205663 0.161808 0.713607 1.206061 0.740213 1.265231 0.291413 -0.666617
0.290909 0.666665 -0.546144 0.513680 -0.034825 0.033284 -0.169300 0.161808 0.727372 1.159340 -0.012841 -0.105891 0.266996 -0.762776
0.309092 0.703705 -0.487487 0.631268 -0.031085 0.040903 -0.151117 0.198848 0.768595 1.156930 0.781435 1.262821 0.286577 -0.920951
0.327272 0.740739 -0.428839 0.748837 -0.027345 0.048521 -0.132936 0.235882 0.809815 1.154767 0.028380 -0.108055 0.310434 -1.057594
0.345455 0.740739 -0.370181 0.748837 -0.023605 0.048521 -0.114753 0.235882 0.817333 1.134416 0.788953 1.242471 0.303093 -1.118019
0.363636 0.777778 -0.311533 0.866425 -0.019865 0.056140 -0.096573 0.272922 0.858586 1.133459 0.069633 -0.109011 0.331929 -1.230698
0.381819 0.814813 -0.252876 0.983994 -0.016125 0.063758 -0.078389 0.309956 0.899836 1.132585 0.830203 1.241596 0.363165 -1.323085
0.381819 0.851852 -0.252876 1.101582 -0.016125 0.071377 -0.078389 0.346996 0.933508 1.149422 0.103305 -0.092174 0.399412 -1.348617
0.399999 0.888886 -0.194228 1.219151 -0.012385 0.078995 -0.060209 0.384030 0.974740 1.147942 0.871435 1.240116 0.432886 -1.415280
0.399999 0.925926 -0.194228 1.336739 -0.012385 0.086614 -0.060209 0.421069 1.008632 1.163012 0.137197 -0.077104 0.469594 -1.428768
0.399999 0.962960 -0.194228 1.454308 -0.012385 0.094232 -0.060209 0.458104 1.042733 1.177098 0.905536 1.254202 0.506344 -1.440114
0.381819 1.000000 -0.252876 1.571896 -0.016125 0.101851 -0.078389 0.495143 1.070414 1.206061 0.164878 -0.048141 0.545454 -1.413783
0.363636 1.000000 -0.311533 1.571896 -0.019865 0.101851 -0.096573 0.495143 1.064063 1.222026 0.899185 1.270167 0.548362 -1.378175
0.345455 1.000000 -0.370181 1.571896 -0.023605 0.101851 -0.114753 0.495143 1.057988 1.238176 0.158803 -0.031991 0.551854 -1.343060
0.327272 1.000000 -0.428839 1.571896 -0.027345 0.101851 -0.132936 0.495143 1.052192 1.254511 0.893389 1.286501 0.555920 -1.308502
0.309092 1.000000 -0.487487 1.571896 -0.031085 0.101851 -0.151117 0.495143 1.046679 1.271019 0.153291 -0.015482 0.560545 -1.274578
0.290909 1.000000 -0.546144 1.571896 -0.034825 0.101851 -0.169300 0.495143 1.041455 1.287701 0.888164 1.303183 0.565718 -1.241337
0.272728 0.962960 -0.604792 1.454308 -0.038565 0.094232 -0.187480 0.458104 1.000836 1.294806 0.112672 -0.008377 0.536571 -1.182339
0.254545 0.962960 -0.663449 1.454308 -0.042305 0.094232 -0.205663 0.458104 0.996035 1.312371 0.883363 1.320748 0.543191 -1.148820
0.236362 0.962960 -0.722106 1.454308 -0.046045 0.094232 -0.223847 0.458104 0.991544 1.330101 0.108181 0.009353 0.550333 -1.116280
0.236362 0.925926 -0.722106 1.336739 -0.046045 0.086614 -0.223847 0.421069 0.955618 1.320863 0.847437 1.311510 0.516721 -1.082178
0.218182 0.925926 -0.780754 1.336739 -0.049785 0.086614 -0.242027 0.421069 0.951285 1.339382 0.103848 0.027871 0.524852 -1.049119
0.199998 0.888886 -0.839411 1.219151 -0.053525 0.078995 -0.260210 0.384030 0.911108 1.349483 0.807261 1.321612 0.501472 -0.975278
0.181818 0.888886 -0.898059 1.219151 -0.057265 0.078995 -0.278391 0.384030 0.907291 1.369034 0.100030 0.047422 0.511142 -0.943541
0.163635 0.888886 -0.956716 1.219151 -0.061005 0.078995 -0.296574 0.384030 0.903823 1.388745 0.803792 1.341323 0.521268 -0.913196
0.163635 0.851852 -0.956716 1.101582 -0.061005 0.071377 -0.296574 0.346996 0.867426 1.381015 0.063634 0.039692 0.491265 -0.863586
0.145454 0.851852 -1.015365 1.101582 -0.064745 0.071377 -0.314754 0.346996 0.864181 1.401677 0.800547 1.361984 0.502449 -0.834081
0.127271 0.814813 -1.074022 0.983994 -0.068485 0.063758 -0.332937 0.309956 0.824692 1.415851 0.024145 0.053867 0.486407 -0.749666
0.109091 0.814813 -1.132670 0.983994 -0.072225 0.063758 -0.351118 0.309956 0.822083 1.437703 0.797938 1.383836 0.499027 -0.723213
0.090908 0.777778 -1.191327 0.866425 -0.075966 0.056140 -0.369301 0.272922 0.783073 1.454443 -0.014865 0.070607 0.487067 -0.636438
0.090908 0.740739 -1.191327 0.748837 -0.075966 0.048521 -0.369301 0.235882 0.746296 1.448681 0.761161 1.378074 0.463768 -0.568409
0.072727 0.740739 -1.249975 0.748837 -0.079705 0.048521 -0.387481 0.235882 0.744300 1.472928 -0.016860 0.094854 0.478371 -0.546834
0.054544 0.703705 -1.308632 0.631268 -0.083446 0.040903 -0.405664 0.198848 0.705815 1.493441 0.722676 1.398588 0.473132 -0.455759
0.054544 0.666665 -1.308632 0.513680 -0.083446 0.033284 -0.405664 0.161808 0.668892 1.489162 -0.053783 0.090574 0.455179 -0.379533
0.036364 0.629631 -1.367280 0.396111 -0.087185 0.025666 -0.423845 0.124774 0.630680 1.513107 0.684463 1.422532 0.456452 -0.286298
0.018180 0.592591 -1.425937 0.278523 -0.090926 0.018047 -0.442028 0.087734 0.592870 1.540126 -0.091593 0.117594 0.461426 -0.195935
0.018180 0.555557 -1.425937 0.160954 -0.090926 0.010429 -0.442028 0.050700 0.555854 1.538083 0.647448 1.420489 0.452195 -0.114200
0.000000 0.518517 -1.484586 0.043366 -0.094665 0.002810 -0.460208 0.013660 0.518517 1.570796 -0.128930 0.150307 0.463888 -0.029674
0.000000 0.481483 -1.484586 -0.074203 -0.094665 -0.004808 -0.460208 -0.023374 0.481483 1.570796 0.610413 1.420489 0.460700 0.050746
0.000000 0.444443 -1.484586 -0.191791 -0.094665 -0.012427 -0.460208 -0.060414 0.444443 1.570796 -0.165970 0.150307 0.460478 0.130528
0.000000 0.407409 -1.484586 -0.309360 -0.094665 -0.020045 -0.460208 -0.097448 0.407409 1.570796 0.573379 1.420489 0.463227 0.208665
0.000000 0.370369 -1.484586 -0.426948 -0.094665 -0.027664 -0.460208 -0.134487 0.370369 1.570796 -0.203010 0.150307 0.468895 0.284315
0.000000 0.333335 -1.484586 -0.544517 -0.094665 -0.035282 -0.460208 -0.171522 0.333335 1.570796 0.536345 1.420489 0.477377 0.356756
0.018180 0.333335 -1.425937 -0.544517 -0.090926 -0.035282 -0.442028 -0.171522 0.333831 1.516309 -0.202515 0.095820 0.459876 0.370148
0.018180 0.296295 -1.425937 -0.662104 -0.090926 -0.042901 -0.442028 -0.208561 0.296853 1.509514 0.499367 1.413694 0.471441 0.440857
0.054544 0.222222 -1.308632 -0.897261 -0.083446 -0.058138 -0.405664 -0.282635 0.228818 1.330106 -0.270550 -0.083588 0.470320 0.608522
0.054544 0.185182 -1.308632 -1.014849 -0.083446 -0.065757 -0.405664 -0.319675 0.193048 1.284354 0.463597 1.367942 0.490105 0.667398
0.072727 0.185182 -1.249975 -1.014849 -0.079705 -0.065757 -0.387481 -0.319675 0.198951 1.196570 -0.264646 -0.171372 0.475165 0.689804
0.090908 0.148148 -1.191327 -1.132418 -0.075966 -0.073375 -0.369301 -0.356709 0.173816 1.020416 0.438462 1.191788 0.483493 0.768056
0.145454 0.111108 -1.015365 -1.250006 -0.064745 -0.080994 -0.314754 -0.393749 0.183035 0.652318 -0.255427 -0.539470 0.470044 0.896435
0.163635 0.111108 -0.956716 -1.250006 -0.061005 -0.080994 -0.296574 -0.393749 0.197791 0.596493 0.453218 1.135963 0.458069 0.925247
0.218182 0.074074 -0.780754 -1.367575 -0.049785 -0.088612 -0.242027 -0.430783 0.230413 0.327295 -0.222805 -0.808668 0.455716 1.058916
0.236362 0.037034 -0.722106 -1.485163 -0.046045 -0.096232 -0.223847 -0.467823 0.239246 0.155420 0.462050 0.964088 0.478731 1.124508
0.272728 0.037034 -0.604792 -1.485163 -0.038565 -0.096232 -0.187480 -0.467823 0.275231 0.134966 -0.186819 -0.829122 0.462845 1.189643
0.290909 0.037034 -0.546144 -1.485163 -0.034825 -0.096232 -0.169300 -0.467823 0.293257 0.126624 0.480076 0.955746 0.455784 1.223570
0.327272 0.000000 -0.428839 -1.602732 -0.027345 -0.103849 -0.132936 -0.504857 0.327272 0.000000 -0.152803 -0.955746 0.479024 1.313326
0.363636 0.000000 -0.311533 -1.602732 -0.019865 -0.103849 -0.096573 -0.504857 0.363636 0.000000 0.516439 0.955746 0.470232 1.381792
0.418183 0.000000 -0.135571 -1.602732 -0.008645 -0.103849 -0.042026 -0.504857 0.418183 0.000000 -0.098257 -0.955746 0.462123 1.487745
0.436363 0.000000 -0.076923 -1.602732 -0.004905 -0.103849 -0.023845 -0.504857 0.436363 0.000000 0.534620 0.955746 0.460826 1.523599
0.472727 0.000000 0.040382 -1.602732 0.002575 -0.103849 0.012518 -0.504857 0.472727 0.000000 -0.061893 -0.955746 0.460379 -1.546006
0.509090 0.000000 0.157688 -1.602732 0.010055 -0.103849 0.048882 -0.504857 0.509090 0.000000 0.570983 0.955746 0.462797 -1.474274
0.545454 0.000000 0.274993 -1.602732 0.017535 -0.103849 0.085245 -0.504857 0.545454 0.000000 -0.025529 -0.955746 0.468037 -1.403524
0.563637 0.000000 0.333650 -1.602732 0.021275 -0.103849 0.103429 -0.504857 0.563637 0.000000 0.589166 0.955746 0.471688 -1.368725
0.618181 0.000000 0.509603 -1.602732 0.032495 -0.103849 0.157973 -0.504857 0.618181 0.000000 0.029015 -0.955746 0.486567 -1.267542
0.636364 0.000000 0.568260 -1.602732 0.036235 -0.103849 0.176156 -0.504857 0.636364 0.000000 0.607350 0.955746 0.492770 -1.235082
0.690908 0.037034 0.744214 -1.485163 0.047455 -0.096232 0.230700 -0.467823 0.691900 0.053551 0.084550 -0.902195 0.481974 -1.112656
0.709091 0.037034 0.802871 -1.485163 0.051195 -0.096232 0.248883 -0.467823 0.710058 0.052180 0.625507 0.954375 0.490937 -1.081876
0.745455 0.074074 0.920176 -1.367575 0.058675 -0.088612 0.285246 -0.430783 0.749126 0.099042 0.123619 -0.855333 0.480068 -0.985921
0.781818 0.111108 1.037481 -1.250006 0.066155 -0.080994 0.321610 -0.393749 0.789674 0.141170 0.666055 0.996503 0.474662 -0.885901
0.799999 0.111108 1.096129 -1.250006 0.069895 -0.080994 0.339790 -0.393749 0.807678 0.138002 0.141622 -0.858500 0.487164 -0.858825
0.836365 0.148148 1.213444 -1.132418 0.077376 -0.073375 0.376157 -0.356709 0.849385 0.175314 0.707762 1.033815 0.488749 -0.758868
0.854546 0.185182 1.272092 -1.014849 0.081116 -0.065757 0.394337 -0.319675 0.874380 0.213403 0.166618 -0.820412 0.480772 -0.681209
0.909092 0.222222 1.448054 -0.897261 0.092336 -0.058138 0.448884 -0.282635 0.935859 0.239742 0.769241 1.060154 0.508069 -0.561929
0.927273 0.259261 1.506702 -0.779674 0.096076 -0.050519 0.467064 -0.245595 0.962835 0.272634 0.193594 -0.787521 0.508457 -0.484096
0.945456 0.296295 1.565359 -0.662104 0.099816 -0.042901 0.485248 -0.208561 0.990797 0.303695 0.797203 1.091215 0.512184 -0.405933
0.963636 0.333335 1.624007 -0.544517 0.103556 -0.035282 0.503428 -0.171522 1.019660 0.333030 0.222458 -0.758185 0.519169 -0.328372
0.981820 0.370369 1.682664 -0.426948 0.107296 -0.027664 0.521611 -0.134487 1.049354 0.360722 0.826896 1.118907 0.529291 -0.252335
1.000000 0.407409 1.741313 -0.309360 0.111036 -0.020045 0.539792 -0.097448 1.079807 0.386877 0.252911 -0.732030 0.542368 -0.178605
1.000000 0.444443 1.741313 -0.191791 0.111036 -0.012427 0.539792 -0.060414 1.094317 0.418223 0.841406 1.150253 0.540022 -0.111456
1.000000 0.481483 1.741313 -0.074203 0.111036 -0.004808 0.539792 -0.023374 1.109876 0.448725 0.268470 -0.701529 0.540211 -0.043275
1.000000 0.518517 1.741313 0.043366 0.111036 0.002810 0.539792 0.013660 1.126437 0.478351 0.857967 1.179880 0.542932 0.025301
1.000000 0.555557 1.741313 0.160954 0.111036 0.010429 0.539792 0.050700 1.143960 0.507099 0.285993 -0.672781 0.548148 0.093650
0.981820 0.555557 1.682664 0.160954 0.107296 0.010429 0.521611 0.050700 1.128102 0.514926 0.842109 1.187707 0.530254 0.096895
0.981820 0.592591 1.682664 0.278523 0.107296 0.018047 0.521611 0.087734 1.146793 0.543036 0.304684 -0.644671 0.538148 0.166639
0.963636 0.629631 1.624007 0.396111 0.103556 0.025666 0.503428 0.124774 1.151099 0.578755 0.846415 1.223426 0.531172 0.242953
0.945456 0.666665 1.565359 0.513680 0.099816 0.033284 0.485248 0.161808 1.156862 0.614157 0.310446 -0.609268 0.527342 0.321860
0.927273 0.703705 1.506702 0.631268 0.096076 0.040903 0.467064 0.198848 1.164060 0.649171 0.853613 1.258439 0.526725 0.402497
0.909092 0.740739 1.448054 0.748837 0.092336 0.048521 0.448884 0.235882 1.172665 0.683707 0.319052 -0.574732 0.529334 0.483827
0.890909 0.777778 1.389397 0.866425 0.088596 0.056140 0.430701 0.272922 1.182649 0.717705 0.863597 1.292438 0.535120 0.564809
0.872729 0.777778 1.330749 0.866425 0.084856 0.056140 0.412520 0.272922 1.169014 0.727933 0.305417 -0.564504 0.520599 0.584484
0.854546 0.777778 1.272092 0.866425 0.081116 0.056140 0.394337 0.272922 1.155503 0.738403 0.850086 1.302907 0.506313 0.605406
0.836365 0.777778 1.213444 0.866425 0.077376 0.056140 0.376157 0.272922 1.142123 0.749118 0.292037 -0.553789 0.492285 0.627670
0.799999 0.777778 1.096129 0.866425 0.069895 0.056140 0.339790 0.272922 1.115768 0.771316 0.823730 1.325105 0.465089 0.676693
0.781818 0.740739 1.037481 0.748837 0.066155 0.048521 0.321610 0.235882 1.077002 0.758424 0.253272 -0.566681 0.426767 0.632819
0.763635 0.740739 0.978824 0.748837 0.062415 0.048521 0.303427 0.235882 1.063876 0.770179 0.810604 1.336860 0.413237 0.660803
0.745455 0.703705 0.920176 0.631268 0.058675 0.040903 0.285246 0.198848 1.025136 0.756596 0.214531 -0.580264 0.375041 0.608783
0.727272 0.666665 0.861519 0.513680 0.054935 0.033284 0.267063 0.161808 0.986593 0.741947 0.772062 1.322211 0.337560 0.544731
0.709091 0.629631 0.802871 0.396111 0.051195 0.025666 0.248883 0.124774 0.948285 0.726112 0.176224 -0.596099 0.301076 0.464716
0.709091 0.592591 0.802871 0.278523 0.051195 0.018047 0.248883 0.087734 0.924107 0.696136 0.747884 1.292235 0.281900 0.338911
0.690908 0.555557 0.744214 0.160954 0.047455 0.010429 0.230700 0.050700 0.886565 0.677234 0.138681 -0.615001 0.249627 0.216327
0.690908 0.518517 0.744214 0.043366 0.047455 0.002810 0.230700 0.013660 0.863837 0.643812 0.725156 1.258813 0.237954 0.059143
0.690908 0.481483 0.744214 -0.074203 0.047455 -0.004808 0.230700 -0.023374 0.842128 0.608632 0.116973 -0.650182 0.231679 -0.100973
0.690908 0.444443 0.744214 -0.191791 0.047455 -0.012427 0.230700 -0.060414 0.821513 0.571632 0.704541 1.221814 0.231238 -0.256120
0.690908 0.407409 0.744214 -0.309360 0.047455 -0.020045 0.230700 -0.097448 0.802082 0.532791 0.097542 -0.689023 0.236665 -0.399667
0.690908 0.370369 0.744214 -0.426948 0.047455 -0.027664 0.230700 -0.134487 0.783918 0.492079 0.686376 1.181102 0.247575 -0.527792
0.672728 0.333335 0.685566 -0.544517 0.043715 -0.035282 0.212519 -0.171522 0.750783 0.460039 0.064407 -0.721063 0.247510 -0.679047
0.636364 0.333335 0.568260 -0.544517 0.036235 -0.035282 0.176156 -0.171522 0.718381 0.482515 0.653975 1.203578 0.217089 -0.772070
0.600001 0.296295 0.450955 -0.662104 0.028755 -0.042901 0.139792 -0.208561 0.669172 0.458696 0.015198 -0.744882 0.215428 -0.980304
0.563637 0.296295 0.333650 -0.662104 0.021275 -0.042901 0.103429 -0.208561 0.636771 0.483984 0.621573 1.228866 0.193817 -1.110423
0.545454 0.296295 0.274993 -0.662104 0.017535 -0.042901 0.085245 -0.208561 0.620734 0.497615 -0.000839 -0.731252 0.184755 -1.182786
0.527273 0.296295 0.216345 -0.662104 0.013795 -0.042901 0.067065 -0.208561 0.604821 0.511963 0.605660 1.243215 0.177102 -1.259679
0.509090 0.333335 0.157688 -0.544517 0.010055 -0.035282 0.048882 -0.171522 0.608511 0.579719 0.002850 -0.663496 0.135964 -1.293167
0.472727 0.333335 0.040382 -0.544517 0.002575 -0.035282 0.012518 -0.171522 0.578431 0.614163 0.575581 1.277659 0.127489 -1.497942
0.454546 0.333335 -0.018266 -0.544517 -0.001165 -0.035282 -0.005662 -0.171522 0.563671 0.632751 -0.011910 -0.644908 0.127000 1.537797
0.418183 0.333335 -0.135571 -0.544517 -0.008645 -0.035282 -0.042026 -0.171522 0.534779 0.672973 0.546690 1.317881 0.133652 1.330512
0.399999 0.370369 -0.194228 -0.426948 -0.012385 -0.027664 -0.060209 -0.134487 0.545136 0.746955 -0.001554 -0.570926 0.108149 1.149863
0.381819 0.370369 -0.252876 -0.426948 -0.016125 -0.027664 -0.078389 -0.134487 0.531939 0.770177 0.533493 1.341104 0.119231 1.043064
0.363636 0.370369 -0.311533 -0.426948 -0.019865 -0.027664 -0.096573 -0.134487 0.519042 0.794572 -0.014451 -0.546532 0.131899 0.948040
