0.111114 0.583333 -1.086573 0.251270 -0.093242 0.023525 -0.319812 0.080687 0.593822 1.382571 0.593822 1.382571 0.354271 -0.247137
0.148153 0.583333 -0.960729 0.251270 -0.082443 0.023525 -0.282772 0.080687 0.601853 1.322078 0.008032 -0.060493 0.321229 -0.277955
0.185187 0.583333 -0.834904 0.251270 -0.071646 0.023525 -0.245738 0.080687 0.612023 1.263395 0.603991 1.323888 0.289163 -0.317254
0.222227 0.583333 -0.709060 0.251270 -0.060847 0.023525 -0.208698 0.080687 0.624230 1.206810 0.020238 -0.117078 0.258424 -0.368918
0.259261 0.583333 -0.583235 0.251270 -0.050049 0.023525 -0.171664 0.080687 0.638353 1.152569 0.618114 1.269647 0.229558 -0.439383
0.296301 0.583333 -0.457391 0.251270 -0.039250 0.023525 -0.134624 0.080687 0.654272 1.100813 0.036158 -0.168834 0.203352 -0.539940
0.333335 0.625003 -0.331566 0.381036 -0.028453 0.035673 -0.097590 0.122357 0.708337 1.080839 0.672179 1.249673 0.217233 -0.897528
0.333335 0.666667 -0.331566 0.510783 -0.028453 0.047821 -0.097590 0.164020 0.745357 1.107146 0.073178 -0.142526 0.255143 -1.034070
0.370375 0.750000 -0.205722 0.770295 -0.017654 0.072117 -0.060550 0.247353 0.836467 1.112094 0.763290 1.254620 0.324769 -1.330724
0.370375 0.791670 -0.205722 0.900061 -0.017654 0.084266 -0.060550 0.289023 0.874024 1.133206 0.110735 -0.121415 0.365791 -1.364283
0.370375 0.833333 -0.205722 1.029807 -0.017654 0.096413 -0.060550 0.330687 0.911933 1.152567 0.801198 1.273982 0.406938 -1.389698
0.370375 0.875003 -0.205722 1.159573 -0.017654 0.108562 -0.060550 0.372357 0.950162 1.170380 0.148964 -0.103602 0.448187 -1.409593
0.333335 0.916667 -0.331566 1.289319 -0.028453 0.120709 -0.097590 0.414020 0.975392 1.222024 0.826429 1.325626 0.495448 -1.339308
0.296301 0.958336 -0.457391 1.419085 -0.039250 0.132858 -0.134624 0.455690 1.003097 1.270936 0.176668 -0.054689 0.544322 -1.283538
0.259261 0.958336 -0.583235 1.419085 -0.050049 0.132858 -0.171664 0.455690 0.992787 1.306588 0.816118 1.361277 0.554645 -1.210525
0.222227 1.000000 -0.709060 1.548832 -0.060847 0.145005 -0.208698 0.497353 1.024395 1.352123 0.208276 -0.009154 0.606136 -1.173494
0.185187 1.000000 -0.834904 1.548832 -0.071646 0.145005 -0.245738 0.497353 1.017003 1.387683 0.808726 1.396838 0.619865 -1.111887
0.148153 0.958336 -0.960729 1.419085 -0.082443 0.132858 -0.282772 0.455690 0.969721 1.417416 0.160994 0.020578 0.598433 -1.015414
0.111114 0.958336 -1.086573 1.419085 -0.093242 0.132858 -0.319812 0.455690 0.964756 1.455367 0.803762 1.434789 0.616800 -0.958851
0.074074 0.916667 -1.212416 1.289319 -0.104041 0.120709 -0.356851 0.414020 0.919655 1.490164 0.115893 0.055375 0.602733 -0.859424
0.074074 0.833333 -1.212416 1.029807 -0.104041 0.096413 -0.356851 0.330687 0.836619 1.482141 0.720726 1.426766 0.537843 -0.747361
0.037040 0.791670 -1.338241 0.900061 -0.114839 0.084266 -0.393886 0.289023 0.792536 1.524044 0.071809 0.097278 0.534118 -0.633036
0.000000 0.708336 -1.464085 0.640549 -0.125638 0.059970 -0.430925 0.205690 0.708336 1.570796 0.636527 1.473519 0.512497 -0.445341
0.000000 0.625003 -1.464085 0.381036 -0.125638 0.035673 -0.430925 0.122357 0.625003 1.570796 -0.011524 0.097278 0.472613 -0.276658
0.000000 0.583333 -1.464085 0.251270 -0.125638 0.023525 -0.430925 0.080687 0.583333 1.570796 0.594857 1.473519 0.457083 -0.185097
0.000000 0.416667 -1.464085 -0.267754 -0.125638 -0.025068 -0.430925 -0.085980 0.416667 1.570796 -0.178191 0.097278 0.431161 0.196938
0.000000 0.333333 -1.464085 -0.527266 -0.125638 -0.049364 -0.430925 -0.169313 0.333333 1.570796 0.511524 1.473519 0.441838 0.374376
0.037040 0.250000 -1.338241 -0.786779 -0.114839 -0.073660 -0.393886 -0.252647 0.252729 1.423707 -0.258795 -0.049811 0.433451 0.570321
0.111114 0.166667 -1.086573 -1.046291 -0.093242 -0.097956 -0.319812 -0.335980 0.200310 0.982783 0.459105 1.032595 0.414864 0.810048
0.148153 0.125003 -0.960729 -1.176037 -0.082443 -0.110103 -0.282772 -0.377643 0.193843 0.700850 -0.265261 -0.331745 0.416591 0.928076
0.259261 0.083333 -0.583235 -1.305803 -0.050049 -0.122252 -0.171664 -0.419313 0.272325 0.310996 0.537586 0.642741 0.387671 1.182219
0.444449 0.000000 0.045947 -1.565316 0.003943 -0.146548 0.013524 -0.502647 0.444449 0.000000 -0.093138 -0.642741 0.431137 -1.543898
0.518523 0.000000 0.297615 -1.565316 0.025539 -0.146548 0.087597 -0.502647 0.518523 0.000000 0.611660 0.642741 0.439738 -1.398257
0.629631 0.000000 0.675109 -1.565316 0.057933 -0.146548 0.198705 -0.502647 0.629631 0.000000 0.017970 -0.642741 0.474532 -1.194332
0.703705 0.000000 0.926778 -1.565316 0.079530 -0.146548 0.272779 -0.502647 0.703705 0.000000 0.685734 0.642741 0.510005 -1.073586
0.851852 0.000000 1.430116 -1.565316 0.122723 -0.146548 0.420927 -0.502647 0.851852 0.000000 0.166118 -0.642741 0.602392 -0.873650
0.925926 0.041670 1.681784 -1.435550 0.144319 -0.134399 0.495001 -0.460977 0.926863 0.044973 0.760745 0.687714 0.629719 -0.749822
0.962966 0.125003 1.807628 -1.176037 0.155118 -0.110103 0.532041 -0.377643 0.971045 0.129089 0.210300 -0.558625 0.613723 -0.617274
1.000000 0.166667 1.933453 -1.046291 0.165916 -0.097956 0.569075 -0.335980 1.013794 0.165149 0.803494 0.723774 0.627438 -0.533328
1.000000 0.250000 1.933453 -0.786779 0.165916 -0.073660 0.569075 -0.252647 1.030776 0.244979 0.227283 -0.478795 0.597143 -0.417820
1.000000 0.291670 1.933453 -0.657013 0.165916 -0.061511 0.569075 -0.210977 1.041668 0.283797 0.814385 0.762592 0.585865 -0.355028
1.000000 0.416667 1.933453 -0.267754 0.165916 -0.025068 0.569075 -0.085980 1.083333 0.394791 0.268949 -0.367801 0.569253 -0.149953
1.000000 0.500000 1.933453 -0.008242 0.165916 -0.000772 0.569075 -0.002647 1.118034 0.463648 0.849085 0.831449 0.573252 -0.004651
0.962966 0.583333 1.807628 0.251270 0.155118 0.023525 0.532041 0.080687 1.125869 0.544649 0.276784 -0.286800 0.553440 0.150508
0.925926 0.625003 1.681784 0.381036 0.144319 0.035673 0.495001 0.122357 1.117125 0.593752 0.840341 0.880551 0.531688 0.242327
0.888892 0.666667 1.555960 0.510783 0.133522 0.047821 0.457967 0.164020 1.111114 0.643499 0.270772 -0.237052 0.515080 0.343915
0.777778 0.708336 1.178447 0.640549 0.101126 0.059970 0.346853 0.205690 1.051989 0.738705 0.781216 0.975757 0.444144 0.535269
0.740744 0.708336 1.052622 0.640549 0.090329 0.059970 0.309819 0.205690 1.024911 0.763038 0.243695 -0.212719 0.415866 0.586087
0.703705 0.666667 0.926778 0.510783 0.079530 0.047821 0.272779 0.164020 0.969353 0.758377 0.725658 0.971097 0.360531 0.541369
0.666670 0.666667 0.800953 0.510783 0.068732 0.047821 0.235745 0.164020 0.942812 0.785395 0.217154 -0.185701 0.333391 0.607869
0.666670 0.583333 0.800953 0.251270 0.068732 0.023525 0.235745 0.080687 0.885848 0.718827 0.668694 0.904528 0.280720 0.329765
0.629631 0.500000 0.675109 -0.008242 0.057933 -0.000772 0.198705 -0.002647 0.804012 0.671143 0.135317 -0.233385 0.210369 -0.013318
0.629631 0.458336 0.675109 -0.137988 0.057933 -0.012919 0.198705 -0.044310 0.778786 0.629236 0.643468 0.862621 0.200587 -0.219404
0.629631 0.416667 0.675109 -0.267754 0.057933 -0.025068 0.198705 -0.085980 0.755014 0.584600 0.111545 -0.278021 0.199216 -0.408375
0.592597 0.333333 0.549284 -0.527266 0.047136 -0.049364 0.161671 -0.169313 0.679913 0.512387 0.568368 0.790407 0.188843 -0.808483
0.555557 0.333333 0.423440 -0.527266 0.036337 -0.049364 0.124632 -0.169313 0.647885 0.540419 0.079517 -0.249989 0.158295 -0.936251
0.518523 0.333333 0.297615 -0.527266 0.025539 -0.049364 0.087597 -0.169313 0.616423 0.571334 0.536906 0.821323 0.131139 -1.093351
0.407409 0.291670 -0.079897 -0.657013 -0.006856 -0.061511 -0.023516 -0.210977 0.501052 0.621327 -0.035853 -0.199996 0.141227 1.459791
0.333335 0.291670 -0.331566 -0.657013 -0.028453 -0.061511 -0.097590 -0.210977 0.442926 0.718833 0.478780 0.918828 0.170047 1.137544
0.259261 0.291670 -0.583235 -0.657013 -0.050049 -0.061511 -0.171664 -0.210977 0.390241 0.844155 -0.088539 -0.074673 0.221044 0.887780
0.222227 0.291670 -0.709060 -0.657013 -0.060847 -0.061511 -0.208698 -0.210977 0.366683 0.919714 0.455222 0.994387 0.250892 0.790828
0.185187 0.250000 -0.834904 -0.786779 -0.071646 -0.073660 -0.245738 -0.252647 0.311118 0.933242 -0.144104 -0.061145 0.305157 0.799260
0.148153 0.250000 -0.960729 -0.786779 -0.082443 -0.073660 -0.282772 -0.252647 0.290602 1.035826 0.434705 1.096971 0.335699 0.729192
