0.120000 0.674999 -1.136171 0.491297 -0.087682 0.040222 -0.319501 0.146561 0.685583 1.394857 0.685583 1.394857 0.396914 -0.430082
0.120000 0.650001 -1.136171 0.407500 -0.087682 0.033361 -0.319501 0.121563 0.660985 1.388237 -0.024598 -0.006620 0.382611 -0.363566
0.140001 0.625000 -1.065044 0.323690 -0.082193 0.026500 -0.299499 0.096562 0.640488 1.350432 0.665086 1.357052 0.352292 -0.311888
0.180001 0.600002 -0.922801 0.239893 -0.071216 0.019640 -0.259499 0.071564 0.626420 1.279339 -0.038665 -0.077713 0.305124 -0.269087
0.220001 0.575000 -0.780559 0.156083 -0.060239 0.012778 -0.219499 0.046562 0.615650 1.205370 0.654315 1.283083 0.257954 -0.209029
0.260001 0.575000 -0.638316 0.156083 -0.049261 0.012778 -0.179500 0.046562 0.631051 1.146135 -0.023265 -0.136949 0.224900 -0.253804
0.300001 0.575000 -0.496073 0.156083 -0.038284 0.012778 -0.139500 0.046562 0.648556 1.089908 0.671821 1.226857 0.194474 -0.322150
0.340000 0.600002 -0.353830 0.239893 -0.027306 0.019640 -0.099500 0.071564 0.689639 1.055248 0.017818 -0.171609 0.188841 -0.623518
0.380000 0.625000 -0.211587 0.323690 -0.016329 0.026500 -0.059500 0.096562 0.731454 1.024514 0.713636 1.196123 0.194808 -1.018560
0.420000 0.650001 -0.069344 0.407500 -0.005352 0.033361 -0.019500 0.121563 0.773888 0.997130 0.060252 -0.198993 0.211402 -1.411741
0.460000 0.700001 0.072899 0.575107 0.005626 0.047083 0.020500 0.171563 0.837617 0.989417 0.777365 1.188410 0.261306 1.451872
0.460000 0.750001 0.072899 0.742714 0.005626 0.060805 0.020500 0.221563 0.879830 1.020631 0.102466 -0.167779 0.311177 1.478536
0.480002 0.774999 0.144026 0.826511 0.011115 0.067665 0.040501 0.246561 0.911606 1.016265 0.809140 1.184043 0.337934 1.407986
0.480002 0.824999 0.144026 0.994118 0.011115 0.081387 0.040501 0.296561 0.954476 1.043851 0.145336 -0.140192 0.387620 1.435066
0.460000 0.874999 0.072899 1.161726 0.005626 0.095109 0.020500 0.346561 0.988546 1.086789 0.843210 1.226981 0.435980 1.511713
0.460000 0.900000 0.072899 1.245535 0.005626 0.101970 0.020500 0.371563 1.010743 1.098299 0.167533 -0.128682 0.460956 1.515680
0.420000 0.950000 -0.069344 1.413143 -0.005352 0.115692 -0.019500 0.421562 1.038701 1.154527 0.871168 1.283209 0.510872 -1.524573
0.400002 0.974998 -0.140460 1.496940 -0.010840 0.122552 -0.039499 0.446560 1.053861 1.181477 0.182693 -0.101731 0.536953 -1.482575
0.359999 0.974998 -0.282714 1.496940 -0.021818 0.122552 -0.079501 0.446560 1.039337 1.217094 0.856644 1.318825 0.541367 -1.394612
0.340000 1.000000 -0.353830 1.580750 -0.027306 0.129414 -0.099500 0.471562 1.056220 1.243057 0.199576 -0.075767 0.569263 -1.362846
0.319999 1.000000 -0.424957 1.580750 -0.032795 0.129414 -0.119501 0.471562 1.049952 1.261094 0.850376 1.336862 0.573097 -1.322605
0.279999 1.000000 -0.567200 1.580750 -0.043773 0.129414 -0.159501 0.471562 1.038460 1.297788 0.188084 -0.039073 0.582753 -1.244636
0.260001 1.000000 -0.638316 1.580750 -0.049261 0.129414 -0.179500 0.471562 1.033247 1.316428 0.845164 1.355501 0.588541 -1.207082
0.220001 0.974998 -0.780559 1.496940 -0.060239 0.122552 -0.219499 0.446560 0.999511 1.348871 0.154347 -0.006630 0.578738 -1.113945
0.180001 0.950000 -0.922801 1.413143 -0.071216 0.115692 -0.259499 0.421562 0.966903 1.383541 0.812555 1.390172 0.572669 -1.019010
0.160000 0.900000 -0.993928 1.245535 -0.076705 0.101970 -0.279501 0.371563 0.914112 1.394857 0.101556 0.004686 0.538685 -0.925869
0.120000 0.850001 -1.136171 1.077928 -0.087682 0.088248 -0.319501 0.321563 0.858429 1.430547 0.756873 1.425862 0.520184 -0.788615
0.080000 0.824999 -1.278414 0.994118 -0.098660 0.081387 -0.359501 0.296561 0.828868 1.474129 0.071996 0.048267 0.527115 -0.689755
0.060001 0.774999 -1.349530 0.826511 -0.104148 0.067665 -0.379499 0.246561 0.777318 1.493529 0.705323 1.445262 0.506536 -0.576165
0.040000 0.724999 -1.420657 0.658904 -0.109637 0.053943 -0.399500 0.196561 0.726102 1.515680 0.020779 0.070418 0.491030 -0.457241
0.000000 0.625000 -1.562900 0.323690 -0.120615 0.026500 -0.439500 0.096562 0.625000 1.570796 0.604220 1.500378 0.477043 -0.216272
0.000000 0.575000 -1.562900 0.156083 -0.120615 0.012778 -0.439500 0.046562 0.575000 1.570796 -0.029221 0.070418 0.459914 -0.105549
0.000000 0.500002 -1.562900 -0.095322 -0.120615 -0.007804 -0.439500 -0.028436 0.500002 1.570796 0.529223 1.500378 0.443645 0.064611
0.000000 0.450002 -1.562900 -0.262929 -0.120615 -0.021526 -0.439500 -0.078436 0.450002 1.570796 -0.079220 0.070418 0.439626 0.176606
0.020001 0.375000 -1.491773 -0.514346 -0.115126 -0.042109 -0.419499 -0.153437 0.375534 1.517510 0.454754 1.447092 0.424428 0.350648
0.040000 0.325001 -1.420657 -0.681953 -0.109637 -0.055830 -0.399500 -0.203437 0.327453 1.448336 -0.127301 0.001244 0.415585 0.471003
0.080000 0.249999 -1.278414 -0.933370 -0.098660 -0.076414 -0.359501 -0.278439 0.262487 1.261093 0.389788 1.259849 0.406388 0.659007
0.120000 0.199999 -1.136171 -1.100977 -0.087682 -0.090135 -0.319501 -0.328439 0.233237 1.030376 -0.156551 -0.229472 0.399301 0.799192
0.180001 0.149999 -0.922801 -1.268584 -0.071216 -0.103857 -0.259499 -0.378438 0.234308 0.694734 0.390859 0.924206 0.388781 0.969725
0.239999 0.100000 -0.709442 -1.436192 -0.054750 -0.117579 -0.199501 -0.428438 0.259999 0.394791 -0.130860 -0.529415 0.393778 1.135007
0.319999 0.050000 -0.424957 -1.603799 -0.032795 -0.131301 -0.119501 -0.478438 0.323882 0.154997 0.454741 0.684412 0.407420 1.326031
0.400002 0.025002 -0.140460 -1.687596 -0.010840 -0.138161 -0.039499 -0.503436 0.400782 0.062423 -0.053959 -0.621989 0.416376 1.492499
0.460000 0.000000 0.072899 -1.771406 0.005626 -0.145022 0.020500 -0.528438 0.460000 0.000000 0.513959 0.621989 0.439978 -1.532023
0.540000 0.000000 0.357385 -1.771406 0.027581 -0.145022 0.100500 -0.528438 0.540000 0.000000 0.026041 -0.621989 0.450844 -1.382858
0.600001 0.000000 0.570755 -1.771406 0.044047 -0.145022 0.160501 -0.528438 0.600001 0.000000 0.573960 0.621989 0.467890 -1.275924
0.660000 0.000000 0.784114 -1.771406 0.060513 -0.145022 0.220499 -0.528438 0.660000 0.000000 0.086039 -0.621989 0.491712 -1.175495
0.739999 0.025002 1.068599 -1.687596 0.082468 -0.138161 0.300499 -0.503436 0.740422 0.033773 0.654382 0.655762 0.511965 -1.032662
0.800001 0.050000 1.281969 -1.603799 0.098934 -0.131301 0.360500 -0.478438 0.801562 0.062419 0.147179 -0.593344 0.530727 -0.925063
0.840000 0.100000 1.424212 -1.436192 0.109912 -0.117579 0.400500 -0.428438 0.845932 0.118489 0.698753 0.711833 0.525034 -0.819089
0.920000 0.175001 1.708698 -1.184775 0.131866 -0.096996 0.480500 -0.353437 0.936497 0.187973 0.237744 -0.523860 0.548489 -0.634195
0.960000 0.225001 1.850941 -1.017167 0.142844 -0.083274 0.520500 -0.303437 0.986015 0.230221 0.748271 0.754081 0.562965 -0.527805
0.979999 0.275001 1.922057 -0.849560 0.148332 -0.069552 0.540498 -0.253437 1.017852 0.273578 0.269581 -0.480503 0.564976 -0.438456
1.000000 0.325001 1.993184 -0.681953 0.153821 -0.055830 0.560500 -0.203437 1.051487 0.314232 0.781906 0.794736 0.572075 -0.348171
1.000000 0.375000 1.993184 -0.514346 0.153821 -0.042109 0.560500 -0.153437 1.068001 0.358771 0.286094 -0.435965 0.564199 -0.267205
1.000000 0.425000 1.993184 -0.346739 0.153821 -0.028387 0.560500 -0.103438 1.086566 0.401871 0.800472 0.837836 0.560687 -0.182492
1.000000 0.475000 1.993184 -0.179132 0.153821 -0.014665 0.560500 -0.053438 1.107080 0.443448 0.306608 -0.394387 0.561623 -0.095052
0.960000 0.575000 1.850941 0.156083 0.142844 0.012778 0.520500 0.046562 1.119029 0.539653 0.812421 0.934040 0.537848 0.089219
0.939999 0.600002 1.779814 0.239893 0.137355 0.019640 0.500498 0.071564 1.115168 0.568107 0.302747 -0.365934 0.525604 0.142022
0.880000 0.625000 1.566455 0.323690 0.120889 0.026500 0.440500 0.096562 1.079363 0.617556 0.776616 0.983490 0.477965 0.215796
0.800001 0.650001 1.281969 0.407500 0.098934 0.033361 0.360500 0.121563 1.030778 0.682317 0.254162 -0.301173 0.417458 0.325233
0.760001 0.650001 1.139726 0.407500 0.087957 0.033361 0.320500 0.121563 1.000051 0.707542 0.745890 1.008715 0.383446 0.362529
0.720001 0.650001 0.997483 0.407500 0.076979 0.033361 0.280501 0.121563 0.970002 0.734348 0.224112 -0.274367 0.350701 0.408948
0.680001 0.625000 0.855240 0.323690 0.066002 0.026500 0.240501 0.096562 0.923594 0.743276 0.699482 1.017643 0.303728 0.381801
0.660000 0.600002 0.784114 0.239893 0.060513 0.019640 0.220499 0.071564 0.891965 0.737817 0.192483 -0.279827 0.272728 0.313828
0.640001 0.550002 0.712997 0.072285 0.055025 0.005918 0.200501 0.021564 0.843862 0.709912 0.651379 0.989739 0.228935 0.107138
0.640001 0.525000 0.712997 -0.011524 0.055025 -0.000943 0.200501 -0.003438 0.827784 0.687004 0.176405 -0.302736 0.217970 -0.017145
0.640001 0.500002 0.712997 -0.095322 0.055025 -0.007804 0.200501 -0.028436 0.812160 0.663204 0.635755 0.965940 0.209430 -0.140885
0.640001 0.475000 0.712997 -0.179132 0.055025 -0.014665 0.200501 -0.053438 0.797011 0.638482 0.161256 -0.327458 0.203619 -0.260467
0.640001 0.425000 0.712997 -0.346739 0.055025 -0.028387 0.200501 -0.103438 0.768262 0.586197 0.607006 0.913655 0.201024 -0.476283
0.640001 0.400002 0.712997 -0.430536 0.055025 -0.035247 0.200501 -0.128436 0.754721 0.558601 0.147714 -0.355054 0.204354 -0.569720
0.600001 0.400002 0.570755 -0.430536 0.044047 -0.035247 0.160501 -0.128436 0.721113 0.588004 0.573398 0.943058 0.165290 -0.674873
0.560001 0.400002 0.428512 -0.430536 0.033070 -0.035247 0.120501 -0.128436 0.688188 0.620251 0.114790 -0.322807 0.126809 -0.817261
0.500000 0.425000 0.215142 -0.346739 0.016603 -0.028387 0.060500 -0.103438 0.656220 0.704494 0.541430 1.027302 0.062213 -1.041561
0.460000 0.425000 0.072899 -0.346739 0.005626 -0.028387 0.020500 -0.103438 0.626279 0.745871 0.084849 -0.281431 0.025110 -1.375146
0.400002 0.450002 -0.140460 -0.262929 -0.010840 -0.021526 -0.039499 -0.078436 0.602082 0.844154 0.517234 1.125585 0.040871 1.104290
0.319999 0.450002 -0.424957 -0.262929 -0.032795 -0.021526 -0.119501 -0.078436 0.552179 0.952656 0.034945 -0.172929 0.119962 0.580833
0.260001 0.475000 -0.638316 -0.179132 -0.049261 -0.014665 -0.179500 -0.053438 0.541503 1.069975 0.506558 1.242904 0.182976 0.289349
0.180001 0.475000 -0.922801 -0.179132 -0.071216 -0.014665 -0.259499 -0.053438 0.507962 1.208568 0.001404 -0.034336 0.261916 0.203087
0.140001 0.475000 -1.065044 -0.179132 -0.082193 -0.014665 -0.299499 -0.053438 0.495202 1.284173 0.493798 1.318509 0.301596 0.176566
0.080000 0.500002 -1.278414 -0.095322 -0.098660 -0.007804 -0.359501 -0.028436 0.506361 1.412142 0.012563 0.093633 0.364556 0.078934
