0.142857 0.636364 -1.193402 0.525129 -0.086743 0.042277 -0.318106 0.155040 0.652202 1.349968 0.652202 1.349968 0.363259 -0.453504
0.166665 0.636364 -1.104086 0.525129 -0.080251 0.042277 -0.294298 0.155040 0.657827 1.314648 0.005625 -0.035320 0.342603 -0.484866
0.166665 0.606059 -1.104086 0.422483 -0.080251 0.034013 -0.294298 0.124734 0.628558 1.302432 0.622933 1.337752 0.328123 -0.400885
0.166665 0.575759 -1.104086 0.319853 -0.080251 0.025751 -0.294298 0.094434 0.599396 1.289028 -0.023537 -0.048724 0.315895 -0.310499
0.190476 0.545453 -1.014755 0.217207 -0.073758 0.017487 -0.270487 0.064129 0.577755 1.234828 0.601292 1.283552 0.283376 -0.232787
0.190476 0.515153 -1.014755 0.114577 -0.073758 0.009224 -0.270487 0.033828 0.549239 1.216639 -0.052053 -0.066914 0.275862 -0.124417
0.238095 0.484847 -0.836108 0.011931 -0.060773 0.000961 -0.222868 0.003523 0.540154 1.114316 0.592207 1.181230 0.224144 -0.015804
0.285714 0.484847 -0.657462 0.011931 -0.047788 0.000961 -0.175249 0.003523 0.562770 1.038291 -0.029437 -0.142938 0.176869 -0.020098
0.309522 0.454547 -0.568145 -0.090699 -0.041296 -0.007302 -0.151441 -0.026778 0.549924 0.972973 0.579361 1.115911 0.151577 0.175013
0.333333 0.454547 -0.478815 -0.090699 -0.034803 -0.007302 -0.127630 -0.026778 0.563670 0.938049 -0.015691 -0.177862 0.127791 0.206811
0.380952 0.454547 -0.300168 -0.090699 -0.021818 -0.007302 -0.080011 -0.026778 0.593075 0.873256 0.608766 1.051118 0.080268 0.322962
0.404760 0.484847 -0.210851 0.011931 -0.015326 0.000961 -0.056203 0.003523 0.631591 0.875182 0.022825 -0.175937 0.061068 -0.062594
0.428571 0.515153 -0.121521 0.114577 -0.008833 0.009224 -0.032392 0.033828 0.670116 0.876886 0.647291 1.052823 0.063133 -0.807080
0.428571 0.545453 -0.121521 0.217207 -0.008833 0.017487 -0.032392 0.064129 0.693681 0.904826 0.046390 -0.147997 0.090486 -1.103070
0.452379 0.606059 -0.032204 0.422483 -0.002341 0.034013 -0.008584 0.124734 0.756277 0.929586 0.709887 1.077582 0.145350 -1.502085
0.452379 0.666665 -0.032204 0.627759 -0.002341 0.050540 -0.008584 0.185340 0.805661 0.974598 0.095774 -0.102984 0.205881 -1.524514
0.452379 0.727271 -0.032204 0.833035 -0.002341 0.067066 -0.008584 0.245946 0.856487 1.014341 0.760713 1.117325 0.266446 -1.535908
0.452379 0.787877 -0.032204 1.038311 -0.002341 0.083592 -0.008584 0.306552 0.908514 1.049582 0.147800 -0.067743 0.327026 -1.542801
0.428571 0.848483 -0.121521 1.243587 -0.008833 0.100119 -0.032392 0.367158 0.950577 1.103074 0.802777 1.170817 0.388871 -1.482801
0.404760 0.909093 -0.210851 1.448878 -0.015326 0.116646 -0.056203 0.427769 0.995129 1.151912 0.192352 -0.018905 0.451641 -1.440158
0.380952 0.939394 -0.300168 1.551508 -0.021818 0.124909 -0.080011 0.458069 1.013699 1.185532 0.821347 1.204437 0.485075 -1.397871
0.357141 0.969699 -0.389498 1.654154 -0.028311 0.133173 -0.103822 0.488375 1.033376 1.217912 0.212029 0.013475 0.519222 -1.361327
0.333333 1.000000 -0.478815 1.756784 -0.034803 0.141435 -0.127630 0.518675 1.054093 1.249046 0.842063 1.235571 0.553940 -1.329521
0.285714 1.000000 -0.657462 1.756784 -0.047788 0.141435 -0.175249 0.518675 1.040016 1.292497 0.197952 0.056926 0.566809 -1.244961
0.261903 1.000000 -0.746792 1.756784 -0.054281 0.141435 -0.199060 0.518675 1.033728 1.314647 0.835775 1.257721 0.574618 -1.204345
0.214284 1.000000 -0.925439 1.756784 -0.067266 0.141435 -0.246679 0.518675 1.022701 1.359705 0.186926 0.101984 0.592800 -1.126863
0.190476 0.969699 -1.014755 1.654154 -0.073758 0.133173 -0.270487 0.488375 0.988230 1.376838 0.801304 1.274854 0.576173 -1.065001
0.119046 0.909093 -1.282732 1.448878 -0.093236 0.116646 -0.341917 0.427769 0.916855 1.440587 0.115551 0.165733 0.563674 -0.896479
0.095238 0.848483 -1.372049 1.243587 -0.099728 0.100119 -0.365725 0.367158 0.853811 1.459019 0.738260 1.293286 0.532847 -0.787353
0.071427 0.787877 -1.461379 1.038311 -0.106221 0.083592 -0.389537 0.306552 0.791108 1.480386 0.052848 0.187100 0.508538 -0.666743
0.023808 0.696970 -1.640026 0.730405 -0.119206 0.058803 -0.437156 0.215646 0.697377 1.536651 0.644529 1.349550 0.496794 -0.458267
0.000000 0.636364 -1.729343 0.525129 -0.125698 0.042277 -0.460963 0.155040 0.636364 1.570796 -0.008165 0.221246 0.493207 -0.324453
0.000000 0.545453 -1.729343 0.217207 -0.125698 0.017487 -0.460963 0.064129 0.545453 1.570796 0.553618 1.349550 0.468642 -0.138231
0.000000 0.484847 -1.729343 0.011931 -0.125698 0.000961 -0.460963 0.003523 0.484847 1.570796 -0.068771 0.221246 0.461582 -0.007642
0.023808 0.424241 -1.640026 -0.193345 -0.119206 -0.015566 -0.437156 -0.057083 0.424909 1.514737 0.493680 1.293491 0.438695 0.129844
0.047619 0.363636 -1.550696 -0.398621 -0.112713 -0.032092 -0.413344 -0.117689 0.366740 1.440585 -0.126939 0.147094 0.424648 0.277384
0.071427 0.303030 -1.461379 -0.603896 -0.106221 -0.048619 -0.389537 -0.178295 0.311334 1.339313 0.438273 1.192219 0.420335 0.429248
0.119046 0.242424 -1.282732 -0.809172 -0.093236 -0.065145 -0.341917 -0.238901 0.270076 1.114322 -0.168197 -0.077897 0.405792 0.609860
0.166665 0.181818 -1.104086 -1.014448 -0.080251 -0.081671 -0.294298 -0.299507 0.246647 0.828853 0.414844 0.906750 0.405628 0.794169
0.238095 0.121212 -0.836108 -1.219724 -0.060773 -0.098198 -0.222868 -0.360113 0.267173 0.470893 -0.147671 -0.435857 0.406327 1.016607
0.333333 0.060606 -0.478815 -1.425000 -0.034803 -0.114724 -0.127630 -0.420719 0.338798 0.179853 0.486469 0.615710 0.420209 1.276258
0.404760 0.030305 -0.210851 -1.527630 -0.015326 -0.122986 -0.056203 -0.451020 0.405893 0.074733 -0.080576 -0.540978 0.434310 1.446822
0.523810 0.000000 0.235773 -1.630276 0.017137 -0.131250 0.062846 -0.481325 0.523810 0.000000 0.604385 0.540978 0.465228 -1.440962
0.595240 0.000000 0.503750 -1.630276 0.036615 -0.131250 0.134277 -0.481325 0.595240 0.000000 -0.009146 -0.540978 0.480122 -1.298740
0.642859 0.000000 0.682397 -1.630276 0.049600 -0.131250 0.181896 -0.481325 0.642859 0.000000 0.652004 0.540978 0.495553 -1.209480
0.714286 0.000000 0.950360 -1.630276 0.069077 -0.131250 0.253322 -0.481325 0.714286 0.000000 0.062281 -0.540978 0.525984 -1.086329
0.761905 0.030305 1.129007 -1.527630 0.082062 -0.122986 0.300941 -0.451020 0.762507 0.039755 0.700226 0.580732 0.525388 -0.982392
0.809524 0.060606 1.307654 -1.425000 0.095047 -0.114724 0.348561 -0.420719 0.811789 0.074727 0.111563 -0.506006 0.530830 -0.878924
0.880954 0.121212 1.575631 -1.219724 0.114525 -0.098198 0.419991 -0.360113 0.889254 0.136733 0.777691 0.642739 0.540207 -0.708792
0.928573 0.151517 1.754278 -1.117079 0.127510 -0.089934 0.467610 -0.329808 0.940854 0.161746 0.163163 -0.480992 0.560728 -0.614278
0.952381 0.181818 1.843595 -1.014448 0.134002 -0.081671 0.491418 -0.299507 0.969581 0.188639 0.806418 0.669631 0.565167 -0.547358
0.976192 0.303030 1.932925 -0.603896 0.140495 -0.048619 0.515229 -0.178295 1.022144 0.300989 0.215726 -0.368642 0.538891 -0.333152
1.000000 0.363636 2.022242 -0.398621 0.146987 -0.032092 0.539037 -0.117689 1.064063 0.348770 0.848337 0.717412 0.547753 -0.214959
1.000000 0.424241 2.022242 -0.193345 0.146987 -0.015566 0.539037 -0.057083 1.086269 0.401228 0.237932 -0.316184 0.540286 -0.105506
1.000000 0.454547 2.022242 -0.090699 0.146987 -0.007302 0.539037 -0.026778 1.098459 0.426629 0.860527 0.742813 0.539075 -0.049637
1.000000 0.545453 2.022242 0.217207 0.146987 0.017487 0.539037 0.064129 1.139087 0.499346 0.278560 -0.243467 0.545618 0.118412
0.976192 0.606059 1.932925 0.422483 0.140495 0.034013 0.515229 0.124734 1.149025 0.555602 0.870466 0.799069 0.535270 0.237525
0.952381 0.636364 1.843595 0.525129 0.134002 0.042277 0.491418 0.155040 1.145421 0.589051 0.274955 -0.210018 0.521782 0.305611
0.904762 0.666665 1.664948 0.627759 0.121017 0.050540 0.443799 0.185340 1.123849 0.635026 0.848894 0.845044 0.489153 0.395605
0.833335 0.696970 1.396984 0.730405 0.101540 0.058803 0.372372 0.215646 1.086377 0.696523 0.237484 -0.148520 0.440863 0.524920
0.785716 0.696970 1.218338 0.730405 0.088555 0.058803 0.324753 0.215646 1.050294 0.725615 0.812810 0.874135 0.401452 0.586175
0.761905 0.696970 1.129007 0.730405 0.082062 0.058803 0.300941 0.215646 1.032602 0.740918 0.219791 -0.133217 0.382446 0.621760
0.690478 0.666665 0.861044 0.627759 0.062585 0.050540 0.229515 0.185340 0.959793 0.767854 0.740001 0.901071 0.308205 0.679317
0.666667 0.636364 0.771714 0.525129 0.056092 0.042277 0.205703 0.155040 0.921631 0.762147 0.181630 -0.138924 0.270332 0.645868
0.642859 0.636364 0.682397 0.525129 0.049600 0.042277 0.181896 0.155040 0.904559 0.780321 0.722929 0.919245 0.252689 0.705860
0.619048 0.575759 0.593067 0.319853 0.043107 0.025751 0.158084 0.094434 0.845410 0.749183 0.122481 -0.170062 0.195368 0.538478
0.619048 0.515153 0.593067 0.114577 0.043107 0.009224 0.158084 0.033828 0.805358 0.694051 0.682878 0.864113 0.167114 0.210807
0.619048 0.484847 0.593067 0.011931 0.043107 0.000961 0.158084 0.003523 0.786319 0.664422 0.103441 -0.199691 0.159878 0.022279
0.642859 0.424241 0.682397 -0.193345 0.049600 -0.015566 0.181896 -0.057083 0.770226 0.583324 0.666786 0.783015 0.185565 -0.304091
0.666667 0.393941 0.771714 -0.295975 0.056092 -0.023828 0.205703 -0.087384 0.774360 0.533710 0.107575 -0.249305 0.216347 -0.401706
0.666667 0.363636 0.771714 -0.398621 0.056092 -0.032092 0.205703 -0.117689 0.759391 0.499346 0.651817 0.748651 0.227567 -0.519675
0.714286 0.333335 0.950360 -0.501251 0.069077 -0.040355 0.253322 -0.147990 0.788236 0.436629 0.136419 -0.312022 0.283657 -0.528718
0.738097 0.303030 1.039691 -0.603896 0.075570 -0.048619 0.277134 -0.178295 0.797881 0.389572 0.661462 0.701595 0.318977 -0.571689
0.714286 0.303030 0.950360 -0.603896 0.069077 -0.048619 0.253322 -0.178295 0.775907 0.401228 0.114445 -0.300367 0.298522 -0.613290
0.666667 0.303030 0.771714 -0.603896 0.056092 -0.048619 0.205703 -0.178295 0.732306 0.426627 0.617861 0.726993 0.259339 -0.714143
0.642859 0.303030 0.682397 -0.603896 0.049600 -0.048619 0.181896 -0.178295 0.710700 0.440489 0.092840 -0.286504 0.240892 -0.775403
0.595240 0.303030 0.503750 -0.603896 0.036615 -0.048619 0.134277 -0.178295 0.667935 0.470892 0.575096 0.757396 0.207300 -0.925305
0.547621 0.303030 0.325103 -0.603896 0.023630 -0.048619 0.086658 -0.178295 0.625872 0.505417 0.050776 -0.251979 0.180146 -1.118384
0.428571 0.303030 -0.121521 -0.603896 -0.008833 -0.048619 -0.032392 -0.178295 0.524881 0.615455 0.474105 0.867434 0.161221 1.391081
0.380952 0.303030 -0.300168 -0.603896 -0.021818 -0.048619 -0.080011 -0.178295 0.486777 0.671962 0.012672 -0.195472 0.177045 1.148978
0.285714 0.303030 -0.657462 -0.603896 -0.047788 -0.048619 -0.175249 -0.178295 0.416485 0.814800 0.403813 1.010272 0.235914 0.794014
0.238095 0.303030 -0.836108 -0.603896 -0.060773 -0.048619 -0.222868 -0.178295 0.385378 0.904826 -0.018435 -0.105446 0.273154 0.674743
0.190476 0.303030 -1.014755 -0.603896 -0.073758 -0.048619 -0.270487 -0.178295 0.357922 1.009632 0.376357 1.115078 0.313219 0.582790
0.166665 0.303030 -1.104086 -0.603896 -0.080251 -0.048619 -0.294298 -0.178295 0.345838 1.067957 -0.030519 -0.047121 0.333998 0.544696
0.142857 0.303030 -1.193402 -0.603896 -0.086743 -0.048619 -0.318106 -0.178295 0.335015 1.130265 0.365534 1.177386 0.355154 0.510861
0.142857 0.333335 -1.193402 -0.501251 -0.086743 -0.040355 -0.318106 -0.147990 0.362657 1.165906 -0.002877 -0.011480 0.342754 0.435440
