0.051282 0.807695 -1.264504 0.575041 -0.093167 0.045773 -0.394157 0.193652 0.809322 1.507390 0.809322 1.507390 0.535340 -0.456670
0.076925 0.807695 -1.182238 0.575041 -0.087105 0.045773 -0.368514 0.193652 0.811350 1.475843 0.002029 -0.031547 0.516752 -0.483835
0.102564 0.807695 -1.099985 0.575041 -0.081045 0.045773 -0.342875 0.193652 0.814181 1.444489 0.812153 1.476036 0.498791 -0.514127
0.128207 0.807695 -1.017719 0.575041 -0.074984 0.045773 -0.317232 0.193652 0.817807 1.413378 0.005655 -0.062658 0.481525 -0.548064
0.153846 0.769231 -0.935466 0.460823 -0.068924 0.036682 -0.291593 0.155188 0.784464 1.373401 0.778810 1.436059 0.435738 -0.489080
0.179489 0.769231 -0.853200 0.460823 -0.062862 0.036682 -0.265950 0.155188 0.789894 1.341562 0.011084 -0.094497 0.419012 -0.528216
0.205128 0.769231 -0.770947 0.460823 -0.056802 0.036682 -0.240311 0.155188 0.796111 1.310194 0.785028 1.404691 0.403225 -0.573403
0.230771 0.807695 -0.688681 0.575041 -0.050741 0.045773 -0.214668 0.193652 0.840016 1.292496 0.054988 -0.112195 0.421084 -0.733975
0.256410 0.846154 -0.606428 0.689242 -0.044681 0.054864 -0.189029 0.232111 0.884151 1.276562 0.829162 1.388757 0.443063 -0.887342
0.256410 0.884618 -0.606428 0.803460 -0.044681 0.063956 -0.189029 0.270575 0.921030 1.288674 0.091867 -0.100083 0.478133 -0.960998
0.256410 0.923077 -0.606428 0.917661 -0.044681 0.073046 -0.189029 0.309034 0.958028 1.299850 0.866160 1.399933 0.513683 -1.021835
0.230771 0.961541 -0.688681 1.031880 -0.050741 0.082138 -0.214668 0.347498 0.988846 1.335251 0.122686 -0.064683 0.558967 -1.017426
0.205128 0.961541 -0.770947 1.031880 -0.056802 0.082138 -0.240311 0.347498 0.983178 1.360615 0.860492 1.425298 0.569308 -0.965767
0.179489 0.961541 -0.853200 1.031880 -0.062862 0.082138 -0.265950 0.347498 0.978150 1.386252 0.117658 -0.039045 0.580596 -0.917558
0.153846 0.961541 -0.935466 1.031880 -0.068924 0.082138 -0.291593 0.347498 0.973771 1.412142 0.856113 1.451187 0.592780 -0.872653
0.128207 0.961541 -1.017719 1.031880 -0.074984 0.082138 -0.317232 0.347498 0.970051 1.438243 0.113938 -0.012943 0.605804 -0.830899
0.076925 0.923077 -1.182238 0.917661 -0.087105 0.073046 -0.368514 0.309034 0.926277 1.487653 0.812339 1.500597 0.603275 -0.697836
0.076925 0.884618 -1.182238 0.803460 -0.087105 0.063956 -0.368514 0.270575 0.887957 1.484056 0.075618 -0.016540 0.573307 -0.633334
0.051282 0.884618 -1.264504 0.803460 -0.093167 0.063956 -0.394157 0.270575 0.886103 1.512890 0.810486 1.529431 0.590117 -0.601585
0.025643 0.846154 -1.346757 0.689242 -0.099227 0.054864 -0.419796 0.232111 0.846542 1.540500 0.036057 0.011070 0.580346 -0.505078
0.025643 0.807695 -1.346757 0.575041 -0.099227 0.045773 -0.419796 0.193652 0.808102 1.539059 0.772046 1.527989 0.554489 -0.432212
0.000000 0.807695 -1.429023 0.575041 -0.105288 0.045773 -0.445439 0.193652 0.807695 1.570796 0.035650 0.042807 0.574148 -0.410096
0.000000 0.769231 -1.429023 0.460823 -0.105288 0.036682 -0.445439 0.155188 0.769231 1.570796 0.733581 1.527989 0.550688 -0.335243
0.000000 0.730772 -1.429023 0.346622 -0.105288 0.027591 -0.445439 0.116729 0.730772 1.570796 -0.002809 0.042807 0.528990 -0.256291
0.000000 0.692308 -1.429023 0.232403 -0.105288 0.018499 -0.445439 0.078265 0.692308 1.570796 0.695117 1.527989 0.509274 -0.173927
0.000000 0.653849 -1.429023 0.118202 -0.105288 0.009409 -0.445439 0.039806 0.653849 1.570796 -0.041268 0.042807 0.491783 -0.089127
0.000000 0.615385 -1.429023 0.003984 -0.105288 0.000317 -0.445439 0.001342 0.615385 1.570796 0.656652 1.527989 0.476757 -0.003012
0.000000 0.576920 -1.429023 -0.110234 -0.105288 -0.008775 -0.445439 -0.037123 0.576920 1.570796 -0.079732 0.042807 0.464438 0.083148
0.025643 0.538462 -1.346757 -0.224435 -0.099227 -0.017865 -0.419796 -0.075581 0.539072 1.523210 0.618804 1.480403 0.429979 0.178135
0.025643 0.461538 -1.346757 -0.452855 -0.099227 -0.036047 -0.419796 -0.152505 0.462250 1.515294 -0.156554 0.034891 0.420104 0.348459
0.051282 0.423074 -1.264504 -0.567073 -0.093167 -0.045139 -0.394157 -0.190969 0.426171 1.450172 0.582724 1.415281 0.394791 0.451171
0.102564 0.307692 -1.099985 -0.909693 -0.081045 -0.072412 -0.342875 -0.306351 0.324336 1.249046 -0.258388 -0.166235 0.369509 0.729200
0.102564 0.269228 -1.099985 -1.023912 -0.081045 -0.081504 -0.342875 -0.344815 0.288102 1.206814 0.546491 1.373049 0.385504 0.788220
0.153846 0.230769 -0.935466 -1.138113 -0.068924 -0.090594 -0.291593 -0.383274 0.277350 0.982795 -0.269141 -0.390254 0.362090 0.920422
0.205128 0.115382 -0.770947 -1.480750 -0.056802 -0.117868 -0.240311 -0.498661 0.235352 0.512380 0.504492 0.902634 0.408273 1.121724
0.230771 0.115382 -0.688681 -1.480750 -0.050741 -0.117868 -0.214668 -0.498661 0.258008 0.463635 -0.246484 -0.438999 0.393726 1.164286
0.256410 0.076923 -0.606428 -1.594951 -0.044681 -0.126959 -0.189029 -0.537120 0.267700 0.291457 0.514184 0.730456 0.414169 1.232403
0.307692 0.038459 -0.441909 -1.709170 -0.032559 -0.136050 -0.137747 -0.575584 0.310086 0.124346 -0.204098 -0.606110 0.429659 1.335898
0.333335 0.038459 -0.359644 -1.709170 -0.026498 -0.136050 -0.112104 -0.575584 0.335546 0.114868 0.539644 0.720978 0.422137 1.378439
0.384617 0.000000 -0.195125 -1.823371 -0.014376 -0.145141 -0.060822 -0.614043 0.384617 0.000000 -0.155027 -0.720978 0.449572 1.472067
0.461538 0.000000 0.051648 -1.823371 0.003805 -0.145141 0.016099 -0.614043 0.461538 0.000000 0.616565 0.720978 0.445729 -1.544584
0.487180 0.000000 0.133913 -1.823371 0.009867 -0.145141 0.041742 -0.614043 0.487180 0.000000 -0.129385 -0.720978 0.447390 -1.502922
0.538462 0.000000 0.298432 -1.823371 0.021988 -0.145141 0.093024 -0.614043 0.538462 0.000000 0.667847 0.720978 0.455048 -1.420446
0.564101 0.000000 0.380685 -1.823371 0.028048 -0.145141 0.118663 -0.614043 0.564101 0.000000 -0.103745 -0.720978 0.460973 -1.379901
0.641026 0.038459 0.627470 -1.709170 0.046231 -0.136050 0.195588 -0.575584 0.642179 0.059924 0.745924 0.780901 0.451539 -1.243231
0.692308 0.076923 0.791989 -1.594951 0.058352 -0.126959 0.246870 -0.537120 0.696569 0.110657 -0.049356 -0.670244 0.443563 -1.139973
0.743590 0.115382 0.956508 -1.480750 0.070474 -0.117868 0.298152 -0.498661 0.752489 0.153941 0.801845 0.824185 0.444783 -1.031919
0.794872 0.192305 1.121027 -1.252331 0.082595 -0.099686 0.349434 -0.421738 0.817804 0.237371 0.015959 -0.586814 0.431486 -0.878884
0.871797 0.269228 1.367811 -1.023912 0.100778 -0.081504 0.426358 -0.344815 0.912422 0.299528 0.896463 0.886343 0.461337 -0.680050
0.897436 0.346151 1.450065 -0.795492 0.106838 -0.063321 0.451998 -0.267892 0.961879 0.368128 0.065417 -0.518215 0.462774 -0.535023
0.948718 0.461538 1.614584 -0.452855 0.118960 -0.036047 0.503279 -0.152505 1.055028 0.452778 0.989611 0.970993 0.503537 -0.294227
0.974361 0.499997 1.696849 -0.338654 0.125021 -0.026957 0.528922 -0.114046 1.095160 0.474115 0.105549 -0.496878 0.531729 -0.212368
0.974361 0.576920 1.696849 -0.110234 0.125021 -0.008775 0.528922 -0.037123 1.132350 0.534591 1.026801 1.031469 0.545020 -0.070071
1.000000 0.692308 1.779103 0.232403 0.131081 0.018499 0.554561 0.078265 1.216261 0.605545 0.189460 -0.425925 0.607028 0.140203
1.000000 0.769231 1.779103 0.460823 0.131081 0.036682 0.554561 0.155188 1.261632 0.655696 1.072172 1.081620 0.642168 0.272859
1.000000 0.807695 1.779103 0.575041 0.131081 0.045773 0.554561 0.193652 1.285446 0.679416 0.213274 -0.402205 0.662396 0.335961
1.000000 0.884618 1.779103 0.803460 0.131081 0.063956 0.554561 0.270575 1.335122 0.724252 1.121848 1.126456 0.707402 0.453928
0.974361 0.923077 1.696849 0.917661 0.125021 0.073046 0.528922 0.309034 1.342181 0.758377 0.220334 -0.368080 0.712669 0.528774
0.948718 0.961541 1.614584 1.031880 0.118960 0.082138 0.503279 0.347498 1.350788 0.792111 1.130454 1.160190 0.720869 0.604300
0.923079 1.000000 1.532330 1.146081 0.112900 0.091228 0.477640 0.385957 1.360910 0.825376 0.230455 -0.334815 0.731901 0.679630
0.897436 1.000000 1.450065 1.146081 0.106838 0.091228 0.451998 0.385957 1.343649 0.839400 1.113193 1.174214 0.715430 0.706749
0.871797 1.000000 1.367811 1.146081 0.100778 0.091228 0.426358 0.385957 1.326661 0.853783 0.213468 -0.320431 0.699514 0.735703
0.846154 1.000000 1.285546 1.146081 0.094717 0.091228 0.400716 0.385957 1.309953 0.868539 1.096485 1.188970 0.684187 0.766640
0.794872 1.000000 1.121027 1.146081 0.082595 0.091228 0.349434 0.385957 1.277428 0.899190 0.180943 -0.289780 0.655471 0.835023
0.769229 1.000000 1.038761 1.146081 0.076534 0.091228 0.323791 0.385957 1.261631 0.915102 1.080689 1.204882 0.642167 0.872765
0.743590 0.961541 0.956508 1.031880 0.070474 0.082138 0.298152 0.347498 1.215520 0.912529 0.134831 -0.292352 0.596034 0.861679
0.743590 0.923077 0.956508 0.917661 0.070474 0.073046 0.298152 0.309034 1.185326 0.892677 1.050495 1.185029 0.563057 0.803319
0.717947 0.884618 0.874242 0.803460 0.064413 0.063956 0.272509 0.270575 1.139297 0.889028 0.088802 -0.296001 0.516856 0.781838
0.717947 0.846154 0.874242 0.689242 0.064413 0.054864 0.272509 0.232111 1.109696 0.867183 1.020893 1.163184 0.484596 0.705512
0.717947 0.769231 0.874242 0.460823 0.064413 0.036682 0.272509 0.155188 1.052219 0.819868 0.031325 -0.343316 0.423205 0.517675
0.717947 0.730772 0.874242 0.346622 0.064413 0.027591 0.272509 0.116729 1.024439 0.794250 0.993114 1.137567 0.394558 0.404705
0.717947 0.692308 0.874242 0.232403 0.064413 0.018499 0.272509 0.078265 0.997366 0.767219 0.004252 -0.370347 0.367703 0.279673
0.717947 0.653849 0.874242 0.118202 0.064413 0.009409 0.272509 0.039806 0.971065 0.738706 0.966813 1.109054 0.343068 0.145047
0.717947 0.615385 0.874242 0.003984 0.064413 0.000317 0.272509 0.001342 0.945593 0.708627 -0.021220 -0.400426 0.321158 0.004923
0.692308 0.576920 0.791989 -0.110234 0.058352 -0.008775 0.246870 -0.037123 0.901181 0.694735 0.922401 1.095162 0.279700 -0.149256
0.666665 0.576920 0.709723 -0.110234 0.052291 -0.008775 0.221227 -0.037123 0.881635 0.713357 -0.040767 -0.381805 0.257349 -0.166255
0.641026 0.576920 0.627470 -0.110234 0.046231 -0.008775 0.195588 -0.037123 0.862410 0.732812 0.903177 1.114617 0.235673 -0.187570
0.615383 0.576920 0.545204 -0.110234 0.040170 -0.008775 0.169945 -0.037123 0.843525 0.753150 -0.059653 -0.361468 0.214869 -0.215062
0.538462 0.576920 0.298432 -0.110234 0.021988 -0.008775 0.093024 -0.037123 0.789163 0.819864 0.848816 1.181332 0.161062 -0.379702
0.512820 0.576920 0.216166 -0.110234 0.015927 -0.008775 0.067381 -0.037123 0.771894 0.844152 -0.076922 -0.337179 0.147742 -0.503564
0.487180 0.538462 0.133913 -0.224435 0.009867 -0.017865 0.041742 -0.075581 0.726144 0.835356 0.803066 1.172535 0.101959 -1.066207
0.410256 0.538462 -0.112871 -0.224435 -0.008316 -0.017865 -0.035183 -0.075581 0.676942 0.919721 -0.126124 -0.252814 0.099454 1.135130
0.384617 0.499997 -0.195125 -0.338654 -0.014376 -0.026957 -0.060822 -0.114046 0.630815 0.915096 0.756938 1.167910 0.081706 1.080856
0.358974 0.499997 -0.277390 -0.338654 -0.020438 -0.026957 -0.086465 -0.114046 0.615515 0.948124 -0.141423 -0.219787 0.102239 0.922094
0.333335 0.499997 -0.359644 -0.338654 -0.026498 -0.026957 -0.112104 -0.114046 0.600924 0.982789 0.742347 1.202576 0.124675 0.793985
0.307692 0.461538 -0.441909 -0.452855 -0.032559 -0.036047 -0.137747 -0.152505 0.554700 0.982795 -0.187647 -0.219781 0.138685 0.836199
