0.147060 0.666667 -1.100667 0.519669 -0.092569 0.044762 -0.315125 0.152381 0.682694 1.353683 0.682694 1.353683 0.375655 -0.450407
0.205884 0.625003 -0.895209 0.377583 -0.075290 0.032524 -0.256302 0.110718 0.658040 1.252579 -0.024654 -0.101104 0.303645 -0.407769
0.264707 0.583333 -0.689752 0.235475 -0.058010 0.020283 -0.197478 0.069048 0.640584 1.144801 0.665238 1.245904 0.231678 -0.336360
0.323530 0.583333 -0.484294 0.235475 -0.040730 0.020283 -0.138655 0.069048 0.667045 1.064411 0.001808 -0.181494 0.184125 -0.462032
0.352944 0.625003 -0.381557 0.377583 -0.032090 0.032524 -0.109241 0.110718 0.717773 1.056731 0.715965 1.238225 0.196070 -0.792110
0.382353 0.625003 -0.278836 0.377583 -0.023451 0.032524 -0.079832 0.110718 0.732682 1.021773 0.016717 -0.216453 0.181336 -0.946088
0.411767 0.666667 -0.176100 0.519669 -0.014810 0.044762 -0.050418 0.152381 0.783579 1.017499 0.766863 1.233952 0.210605 -1.251266
0.441177 0.666667 -0.073379 0.519669 -0.006171 0.044762 -0.021009 0.152381 0.799426 0.986195 0.032563 -0.247757 0.205558 -1.433791
0.441177 0.708336 -0.073379 0.661777 -0.006171 0.057003 -0.021009 0.194051 0.834492 1.013755 0.801929 1.261512 0.247046 -1.462953
0.441177 0.750000 -0.073379 0.803864 -0.006171 0.069242 -0.021009 0.235714 0.870136 1.039072 0.068207 -0.222440 0.288580 -1.481904
0.441177 0.833333 -0.073379 1.088058 -0.006171 0.093721 -0.021009 0.319048 0.942911 1.083897 0.874704 1.306337 0.371742 -1.505044
0.411767 0.875003 -0.176100 1.230165 -0.014810 0.105962 -0.050418 0.360718 0.967049 1.130953 0.092344 -0.175384 0.415885 -1.431925
0.382353 0.916667 -0.278836 1.372252 -0.023451 0.118201 -0.079832 0.402381 0.993213 1.175625 0.900869 1.351010 0.461440 -1.374941
0.352944 0.958336 -0.381557 1.514359 -0.032090 0.130442 -0.109241 0.444051 1.021263 1.217923 0.120394 -0.133087 0.508035 -1.329576
0.323530 0.958336 -0.484294 1.514359 -0.040730 0.130442 -0.138655 0.444051 1.011474 1.245215 0.891080 1.378301 0.515161 -1.268139
0.294116 1.000000 -0.587031 1.656446 -0.049371 0.142680 -0.168069 0.485714 1.042355 1.284746 0.151275 -0.093555 0.563464 -1.237668
0.264707 1.000000 -0.689752 1.656446 -0.058010 0.142680 -0.197478 0.485714 1.034442 1.312024 0.883167 1.405580 0.572924 -1.184636
0.235293 0.958336 -0.792488 1.514359 -0.066650 0.130442 -0.226892 0.444051 0.986799 1.330036 0.103632 -0.075543 0.545569 -1.098419
0.176470 0.916667 -0.997946 1.372252 -0.083930 0.118201 -0.285715 0.402381 0.933498 1.380611 0.829866 1.456154 0.536830 -0.953349
0.147060 0.875003 -1.100667 1.230165 -0.092569 0.105962 -0.315125 0.360718 0.887275 1.404284 0.057409 -0.051870 0.519348 -0.852757
0.088237 0.791670 -1.306125 0.945971 -0.109849 0.081483 -0.373948 0.277384 0.796572 1.459797 0.739163 1.511667 0.498395 -0.638214
0.058823 0.750000 -1.408861 0.803864 -0.118489 0.069242 -0.403362 0.235714 0.752303 1.492526 0.013140 -0.019142 0.495518 -0.528851
0.029414 0.666667 -1.511583 0.519669 -0.127128 0.044762 -0.432771 0.152381 0.667315 1.526704 0.654175 1.545846 0.478648 -0.338549
0.000000 0.583333 -1.614319 0.235475 -0.135769 0.020283 -0.462185 0.069048 0.583333 1.570796 -0.070842 0.024950 0.477799 -0.148297
0.000000 0.500000 -1.614319 -0.048719 -0.135769 -0.004196 -0.462185 -0.014286 0.500000 1.570796 0.570842 1.545846 0.463730 0.030899
0.000000 0.416667 -1.614319 -0.332913 -0.135769 -0.028676 -0.462185 -0.097619 0.416667 1.570796 -0.154175 0.024950 0.464421 0.208152
0.029414 0.374997 -1.511583 -0.475021 -0.127128 -0.040917 -0.432771 -0.139289 0.376149 1.492519 0.530324 1.467569 0.441467 0.311383
0.058823 0.291664 -1.408861 -0.759215 -0.118489 -0.065396 -0.403362 -0.222622 0.297536 1.371784 -0.232788 -0.095785 0.437925 0.504313
0.117647 0.208330 -1.203404 -1.043409 -0.101210 -0.089876 -0.344539 -0.305955 0.239253 1.056728 0.472041 1.152513 0.427960 0.726154
0.176470 0.166667 -0.997946 -1.185495 -0.083930 -0.102114 -0.285715 -0.347619 0.242733 0.756837 -0.229308 -0.395676 0.411053 0.882831
0.235293 0.124997 -0.792488 -1.327603 -0.066650 -0.114355 -0.226892 -0.389289 0.266434 0.488325 0.495742 0.884001 0.406419 1.043092
0.323530 0.041664 -0.484294 -1.611797 -0.040730 -0.138834 -0.138655 -0.472622 0.326202 0.128073 -0.169540 -0.755928 0.442791 1.285429
0.411767 0.041664 -0.176100 -1.611797 -0.014810 -0.138834 -0.050418 -0.472622 0.413870 0.100839 0.583410 0.856767 0.423533 1.464521
0.500000 0.000000 0.132079 -1.753883 0.011108 -0.151073 0.037815 -0.514286 0.500000 0.000000 -0.083410 -0.856767 0.463730 -1.497400
0.558823 0.000000 0.337537 -1.753883 0.028388 -0.151073 0.096638 -0.514286 0.558823 0.000000 0.642233 0.856767 0.472180 -1.385055
0.647060 0.000000 0.645731 -1.753883 0.054308 -0.151073 0.184875 -0.514286 0.647060 0.000000 0.004827 -0.856767 0.497789 -1.225702
0.735293 0.000000 0.953910 -1.753883 0.080226 -0.151073 0.273108 -0.514286 0.735293 0.000000 0.730466 0.856767 0.536846 -1.082624
0.794116 0.041664 1.159368 -1.611797 0.097506 -0.138834 0.331931 -0.472622 0.795209 0.052417 0.064743 -0.804350 0.535739 -0.958516
0.852940 0.083333 1.364825 -1.469689 0.114785 -0.126594 0.390754 -0.430952 0.857001 0.097392 0.792258 0.901742 0.544259 -0.834279
0.911763 0.166667 1.570283 -1.185495 0.132065 -0.102114 0.449578 -0.347619 0.926871 0.180800 0.134613 -0.720942 0.538007 -0.658192
1.000000 0.374997 1.878477 -0.475021 0.157985 -0.040917 0.537815 -0.139289 1.067999 0.358768 0.933387 1.079710 0.544836 -0.253422
1.000000 0.458330 1.878477 -0.190826 0.157985 -0.016437 0.537815 -0.055955 1.100030 0.429760 0.166644 -0.649951 0.537829 -0.103669
1.000000 0.541670 1.878477 0.093389 0.157985 0.008044 0.537815 0.027384 1.137280 0.496425 0.970637 1.146376 0.543657 0.050874
1.000000 0.625003 1.878477 0.377583 0.157985 0.032524 0.537815 0.110718 1.179249 0.558602 0.208613 -0.587774 0.561920 0.203029
0.970586 0.666667 1.775741 0.519669 0.149345 0.044762 0.508401 0.152381 1.177490 0.601860 0.968877 1.189634 0.547982 0.291206
0.970586 0.750000 1.775741 0.803864 0.149345 0.069242 0.508401 0.235714 1.226596 0.657890 0.257719 -0.531744 0.584216 0.434138
0.911763 0.791670 1.570283 0.945971 0.132065 0.081483 0.449578 0.277384 1.207499 0.715014 0.949780 1.246758 0.557387 0.552817
0.823530 0.791670 1.262104 0.945971 0.106146 0.081483 0.361345 0.277384 1.142341 0.765675 0.192561 -0.481083 0.489009 0.654698
0.764707 0.791670 1.056646 0.945971 0.088867 0.081483 0.302522 0.277384 1.100690 0.802721 0.908128 1.283803 0.447302 0.742078
0.735293 0.791670 0.953910 0.945971 0.080226 0.081483 0.273108 0.277384 1.080461 0.822302 0.172333 -0.461501 0.427958 0.793166
0.705884 0.750000 0.851189 0.803864 0.071587 0.069242 0.243698 0.235714 1.029938 0.815691 0.857604 1.277192 0.377129 0.768746
0.647060 0.708336 0.645731 0.661777 0.054308 0.057003 0.184875 0.194051 0.959389 0.830576 0.101785 -0.446616 0.307846 0.809609
0.647060 0.666667 0.645731 0.519669 0.054308 0.044762 0.184875 0.152381 0.929049 0.800321 0.827264 1.246937 0.275665 0.689346
0.617647 0.583333 0.542994 0.235475 0.045667 0.020283 0.155461 0.069048 0.849568 0.756835 0.022304 -0.490102 0.197091 0.417976
0.617647 0.541670 0.542994 0.093389 0.045667 0.008044 0.155461 0.027384 0.821519 0.719956 0.799215 1.210058 0.174602 0.174359
0.617647 0.500000 0.542994 -0.048719 0.045667 -0.004196 0.155461 -0.014286 0.794662 0.680522 -0.004554 -0.529536 0.159994 -0.091635
0.647060 0.458330 0.645731 -0.190826 0.054308 -0.016437 0.184875 -0.055955 0.792940 0.616293 0.797494 1.145829 0.184915 -0.293901
0.647060 0.416667 0.645731 -0.332913 0.054308 -0.028676 0.184875 -0.097619 0.769609 0.572102 -0.027884 -0.573727 0.190396 -0.485817
0.647060 0.374997 0.645731 -0.475021 0.054308 -0.040917 0.184875 -0.139289 0.747870 0.525239 0.775755 1.098966 0.204403 -0.645687
0.676470 0.374997 0.748452 -0.475021 0.062947 -0.040917 0.214285 -0.139289 0.773456 0.506172 -0.002299 -0.592794 0.231343 -0.576388
0.676470 0.333333 0.748452 -0.617107 0.062947 -0.053155 0.214285 -0.180952 0.754137 0.457834 0.756436 1.050628 0.250041 -0.701262
0.647060 0.333333 0.645731 -0.617107 0.054308 -0.053155 0.184875 -0.180952 0.727872 0.475694 -0.028563 -0.574934 0.225348 -0.774675
0.558823 0.291664 0.337537 -0.759215 0.028388 -0.065396 0.096638 -0.222622 0.630358 0.481033 0.658921 1.055967 0.196001 -1.161252
0.470591 0.291664 0.029358 -0.759215 0.002469 -0.065396 0.008405 -0.222622 0.553645 0.554838 -0.105276 -0.501129 0.170729 -1.533058
0.411767 0.291664 -0.176100 -0.759215 -0.014810 -0.065396 -0.050418 -0.222622 0.504599 0.616289 0.609875 1.117418 0.177819 1.348080
0.323530 0.291664 -0.484294 -0.759215 -0.040730 -0.065396 -0.138655 -0.222622 0.435591 0.733645 -0.174284 -0.383773 0.219779 1.013761
0.235293 0.291664 -0.792488 -0.759215 -0.066650 -0.065396 -0.226892 -0.222622 0.374740 0.891967 0.549024 1.275739 0.283827 0.775899
0.205884 0.291664 -0.895209 -0.759215 -0.075290 -0.065396 -0.256302 -0.222622 0.357009 0.956125 -0.192015 -0.319614 0.307844 0.715190
0.117647 0.291664 -1.203404 -0.759215 -0.101210 -0.065396 -0.344539 -0.222622 0.314497 1.187393 0.506512 1.507007 0.384428 0.573661
0.088237 0.291664 -1.306125 -0.759215 -0.109849 -0.065396 -0.373948 -0.222622 0.304719 1.277020 -0.201793 -0.229988 0.410993 0.536978
