0.134616 0.769229 -1.065972 0.563249 -0.080610 0.045329 -0.300508 0.168983 0.780920 1.397549 0.780920 1.397549 0.449367 -0.512255
0.153846 0.743590 -0.997762 0.477790 -0.075452 0.038451 -0.281279 0.143344 0.759338 1.366779 -0.021581 -0.030770 0.417455 -0.471309
0.153846 0.717947 -0.997762 0.392317 -0.075452 0.031573 -0.281279 0.117701 0.734246 1.359703 0.755827 1.390473 0.398882 -0.396308
0.173078 0.717947 -0.929541 0.392317 -0.070293 0.031573 -0.262047 0.117701 0.738515 1.334237 -0.017312 -0.056236 0.385561 -0.422154
0.192307 0.692308 -0.861330 0.306858 -0.065135 0.024695 -0.242818 0.092062 0.718521 1.299850 0.735833 1.356087 0.353700 -0.362395
0.211539 0.666665 -0.793109 0.221385 -0.059976 0.017816 -0.223585 0.066419 0.699422 1.263536 -0.036411 -0.092551 0.321872 -0.288759
0.250001 0.666665 -0.656678 0.221385 -0.049659 0.017816 -0.185124 0.066419 0.711999 1.212024 0.748410 1.304575 0.296449 -0.344475
0.269230 0.666665 -0.588467 0.221385 -0.044500 0.017816 -0.165895 0.066419 0.718977 1.186979 -0.029433 -0.117596 0.284837 -0.380823
0.288462 0.692308 -0.520246 0.306858 -0.039342 0.024695 -0.146663 0.092062 0.750001 1.176005 0.779434 1.293601 0.296063 -0.560546
0.307691 0.692308 -0.452036 0.306858 -0.034183 0.024695 -0.127433 0.092062 0.757605 1.152573 -0.021830 -0.141027 0.287024 -0.625621
0.307691 0.717947 -0.452036 0.392317 -0.034183 0.031573 -0.127433 0.117701 0.781103 1.165905 0.802933 1.306932 0.310206 -0.745716
0.326924 0.743590 -0.383815 0.477790 -0.029024 0.038451 -0.108201 0.143344 0.812284 1.156578 0.009351 -0.150354 0.326892 -0.924206
0.326924 0.769229 -0.383815 0.563249 -0.029024 0.045329 -0.108201 0.168983 0.835819 1.168924 0.826467 1.319279 0.351188 -1.001264
0.326924 0.794872 -0.383815 0.648721 -0.029024 0.052207 -0.108201 0.194626 0.859477 1.180595 0.033010 -0.138684 0.375667 -1.063400
0.326924 0.846154 -0.383815 0.819653 -0.029024 0.065963 -0.108201 0.245908 0.907114 1.202100 0.874104 1.340784 0.425033 -1.156283
0.326924 0.871793 -0.383815 0.905112 -0.029024 0.072841 -0.108201 0.271547 0.931076 1.212025 0.056972 -0.128759 0.449874 -1.191616
0.326924 0.923075 -0.383815 1.076044 -0.029024 0.086597 -0.108201 0.322829 0.979258 1.230413 0.922287 1.359173 0.499803 -1.247397
0.307691 0.948718 -0.452036 1.161517 -0.034183 0.093476 -0.127433 0.348471 0.997367 1.257177 0.075080 -0.101996 0.529167 -1.220211
0.288462 0.974357 -0.520246 1.246976 -0.039342 0.100353 -0.146663 0.374110 1.016160 1.282964 0.941081 1.384960 0.558821 -1.197179
0.269230 0.974357 -0.588467 1.246976 -0.044500 0.100353 -0.165895 0.374110 1.010869 1.301207 0.069789 -0.083753 0.564174 -1.153413
0.250001 1.000000 -0.656678 1.332448 -0.049659 0.107232 -0.185124 0.399753 1.030777 1.325817 0.960988 1.409570 0.594437 -1.137106
0.230769 1.000000 -0.724899 1.332448 -0.054818 0.107232 -0.204356 0.399753 1.026282 1.343998 0.065294 -0.065571 0.600704 -1.098224
0.211539 1.000000 -0.793109 1.332448 -0.059976 0.107232 -0.223585 0.399753 1.022130 1.362330 0.956836 1.427902 0.607515 -1.060835
0.173078 1.000000 -0.929541 1.332448 -0.070293 0.107232 -0.262047 0.399753 1.014867 1.399416 0.058032 -0.028485 0.622698 -0.990549
0.153846 0.974357 -0.997762 1.246976 -0.075452 0.100353 -0.281279 0.374110 0.986428 1.414195 0.928396 1.442680 0.608185 -0.926105
0.115384 0.897436 -1.134193 0.990585 -0.085769 0.079720 -0.319741 0.297189 0.904823 1.442927 -0.023573 0.000247 0.562108 -0.748861
0.076923 0.871793 -1.270625 0.905112 -0.096086 0.072841 -0.358202 0.271547 0.875180 1.482789 0.898754 1.482542 0.564790 -0.648654
0.057691 0.846154 -1.338846 0.819653 -0.101245 0.065963 -0.377434 0.245908 0.848119 1.502722 -0.050635 0.020180 0.558034 -0.577446
0.038461 0.794872 -1.407056 0.648721 -0.106403 0.052207 -0.396663 0.194626 0.795802 1.522447 0.846437 1.502268 0.535500 -0.456145
0.019229 0.769229 -1.475277 0.563249 -0.111562 0.045329 -0.415896 0.168983 0.769470 1.545803 -0.076968 0.043536 0.533474 -0.385934
0.019229 0.717947 -1.475277 0.392317 -0.111562 0.031573 -0.415896 0.117701 0.718205 1.544019 0.795172 1.500483 0.502949 -0.275794
0.000000 0.666665 -1.543488 0.221385 -0.116720 0.017816 -0.435125 0.066419 0.666665 1.570796 -0.128507 0.070313 0.492894 -0.151474
0.000000 0.641026 -1.543488 0.135926 -0.116720 0.010939 -0.435125 0.040780 0.641026 1.570796 0.769533 1.500483 0.481382 -0.093447
0.000000 0.589744 -1.543488 -0.035006 -0.116720 -0.002817 -0.435125 -0.010502 0.589744 1.570796 -0.179789 0.070313 0.461780 0.024131
0.019229 0.487180 -1.475277 -0.376869 -0.111562 -0.030329 -0.415896 -0.113066 0.487560 1.531346 0.667349 1.461033 0.419141 0.265446
0.038461 0.435899 -1.407056 -0.547801 -0.106403 -0.044086 -0.396663 -0.164348 0.437592 1.482789 -0.229757 0.021756 0.396664 0.392795
0.057691 0.384617 -1.338846 -0.718733 -0.101245 -0.057842 -0.377434 -0.215630 0.388919 1.421911 0.618676 1.400155 0.380799 0.519053
0.134616 0.256410 -1.065972 -1.146069 -0.080610 -0.092232 -0.300508 -0.343837 0.289599 1.087345 -0.329077 -0.312809 0.349635 0.852541
0.173078 0.205128 -0.929541 -1.317000 -0.070293 -0.105989 -0.262047 -0.395119 0.268390 0.869938 0.597467 1.182748 0.348665 0.985190
0.211539 0.153846 -0.793109 -1.487932 -0.059976 -0.119745 -0.223585 -0.446401 0.261567 0.628793 -0.335900 -0.553954 0.359316 1.106459
0.250001 0.102564 -0.656678 -1.658864 -0.049659 -0.133501 -0.185124 -0.497683 0.270222 0.389315 0.606122 0.943269 0.380615 1.214683
0.307691 0.076921 -0.452036 -1.744336 -0.034183 -0.140379 -0.127433 -0.523326 0.317161 0.244973 -0.288961 -0.698296 0.380196 1.331938
0.423076 0.025639 -0.042741 -1.915268 -0.003232 -0.154136 -0.012049 -0.574608 0.423852 0.060528 0.712813 0.758824 0.409663 1.549830
0.480769 0.000000 0.161911 -2.000727 0.012244 -0.161013 0.045644 -0.600247 0.480769 0.000000 -0.232044 -0.758824 0.437512 -1.494899
0.596154 0.000000 0.571206 -2.000727 0.043195 -0.161013 0.161029 -0.600247 0.596154 0.000000 0.828197 0.758824 0.463965 -1.308697
0.653844 0.025639 0.775848 -1.915268 0.058670 -0.154136 0.218719 -0.574608 0.654347 0.039193 -0.173850 -0.719631 0.464238 -1.207089
0.711538 0.051282 0.980501 -1.829796 0.074146 -0.147257 0.276413 -0.548965 0.713383 0.071948 0.887234 0.791579 0.473011 -1.104339
0.749999 0.076921 1.116932 -1.744336 0.084463 -0.140379 0.314874 -0.523326 0.753934 0.102204 -0.133300 -0.689375 0.476923 -1.029143
0.807693 0.102564 1.321585 -1.658864 0.099939 -0.133501 0.372568 -0.497683 0.814179 0.126308 0.947479 0.815682 0.499403 -0.928188
0.884616 0.179485 1.594448 -1.402473 0.120574 -0.112867 0.449491 -0.420762 0.902640 0.200179 -0.044839 -0.615504 0.517101 -0.752398
0.923077 0.230767 1.730879 -1.231541 0.130891 -0.099111 0.487952 -0.369480 0.951486 0.244976 0.996324 0.860480 0.529018 -0.648096
0.961539 0.333331 1.867311 -0.889677 0.141208 -0.071599 0.526414 -0.266916 1.017677 0.333700 0.021352 -0.526780 0.536166 -0.469268
0.980768 0.384617 1.935521 -0.718733 0.146366 -0.057842 0.545643 -0.215630 1.053487 0.373728 1.032135 0.900509 0.547976 -0.376349
1.000000 0.461538 2.003742 -0.462342 0.151525 -0.037208 0.564875 -0.138709 1.101370 0.432407 0.069236 -0.468102 0.565492 -0.240793
1.000000 0.512820 2.003742 -0.291410 0.151525 -0.023452 0.564875 -0.087427 1.123826 0.473851 1.054590 0.941952 0.570193 -0.153554
1.000000 0.615383 2.003742 0.050454 0.151525 0.004060 0.564875 0.015137 1.174179 0.551654 0.119589 -0.390298 0.592939 0.026790
0.980768 0.666665 1.935521 0.221385 0.146366 0.017816 0.545643 0.066419 1.185896 0.596998 1.066306 0.987296 0.592737 0.121130
0.961539 0.717947 1.867311 0.392317 0.141208 0.031573 0.526414 0.117701 1.200002 0.641363 0.133696 -0.345932 0.597578 0.219972
0.903845 0.794872 1.662658 0.648721 0.125732 0.052207 0.468720 0.194626 1.203643 0.721336 1.069948 1.067268 0.590861 0.393564
0.884616 0.820511 1.594448 0.734181 0.120574 0.059085 0.449491 0.220265 1.206559 0.747821 0.136611 -0.319447 0.592085 0.455641
0.846154 0.846154 1.458016 0.819653 0.110257 0.065963 0.411029 0.245908 1.196643 0.785398 1.060032 1.104846 0.581283 0.539148
0.788461 0.871793 1.253364 0.905112 0.094781 0.072841 0.353336 0.271547 1.175455 0.835549 0.115423 -0.269297 0.561717 0.655250
0.749999 0.871793 1.116932 0.905112 0.084463 0.072841 0.314874 0.271547 1.150010 0.860356 1.034587 1.129653 0.538354 0.711647
0.730770 0.871793 1.048722 0.905112 0.079305 0.072841 0.295645 0.271547 1.137562 0.873171 0.102975 -0.256482 0.527338 0.742936
0.673076 0.871793 0.844069 0.905112 0.063829 0.072841 0.237952 0.271547 1.101388 0.913326 0.998412 1.169808 0.497293 0.851240
0.653844 0.846154 0.775848 0.819653 0.058670 0.065963 0.218719 0.245908 1.069341 0.912909 0.070928 -0.256899 0.465600 0.843847
0.615383 0.794872 0.639417 0.648721 0.048353 0.052207 0.180258 0.194626 1.005245 0.911992 0.934317 1.168891 0.402382 0.823705
0.596154 0.769229 0.571206 0.563249 0.043195 0.045329 0.161029 0.168983 0.973197 0.911486 0.038880 -0.257405 0.370886 0.809495
0.576921 0.692308 0.502985 0.306858 0.038036 0.024695 0.141797 0.092062 0.901182 0.876060 0.862302 1.133465 0.293683 0.575849
0.576921 0.666665 0.502985 0.221385 0.038036 0.017816 0.141797 0.066419 0.881635 0.857439 0.019334 -0.276026 0.271509 0.438057
0.576921 0.615383 0.502985 0.050454 0.038036 0.004060 0.141797 0.015137 0.843525 0.817646 0.824192 1.093672 0.229346 0.106347
0.596154 0.589744 0.571206 -0.035006 0.043195 -0.002817 0.161029 -0.010502 0.838569 0.779994 0.014377 -0.313678 0.223243 -0.065127
0.596154 0.538462 0.571206 -0.205938 0.043195 -0.016573 0.161029 -0.061784 0.803331 0.734596 0.788954 1.048273 0.191335 -0.366362
0.615383 0.487180 0.639417 -0.376869 0.048353 -0.030329 0.180258 -0.113066 0.784883 0.669641 -0.004072 -0.378632 0.187624 -0.560213
0.615383 0.461538 0.639417 -0.462342 0.048353 -0.037208 0.180258 -0.138709 0.769229 0.643502 0.773300 1.022134 0.182183 -0.655866
0.596154 0.461538 0.571206 -0.462342 0.043195 -0.037208 0.161029 -0.138709 0.753934 0.658805 -0.019367 -0.363328 0.163181 -0.711071
0.557692 0.435899 0.434775 -0.547801 0.032878 -0.044086 0.122567 -0.164348 0.707833 0.663427 0.727200 1.026756 0.122570 -0.930002
0.519231 0.435899 0.298343 -0.547801 0.022561 -0.044086 0.084106 -0.164348 0.677944 0.698372 -0.049256 -0.328384 0.084109 -1.097789
0.461537 0.435899 0.093691 -0.547801 0.007085 -0.044086 0.026412 -0.164348 0.634842 0.756837 0.684098 1.085221 0.026424 -1.411449
0.423076 0.435899 -0.042741 -0.547801 -0.003232 -0.044086 -0.012049 -0.164348 0.607454 0.800325 -0.076644 -0.284896 0.012074 1.497613
0.365385 0.435899 -0.247383 -0.547801 -0.018707 -0.044086 -0.069740 -0.164348 0.568783 0.873173 0.645426 1.158069 0.069744 1.169483
0.346153 0.461538 -0.315604 -0.462342 -0.023866 -0.037208 -0.088972 -0.138709 0.576922 0.927296 -0.068505 -0.230773 0.092810 1.000470
0.326924 0.461538 -0.383815 -0.462342 -0.029024 -0.037208 -0.108201 -0.138709 0.565593 0.954498 0.634098 1.185271 0.111378 0.908333
