0.083333 0.742856 -1.273087 0.489474 -0.113414 0.046469 -0.364931 0.149523 0.747515 1.459084 0.747515 1.459084 0.468998 -0.388865
0.104168 0.657144 -1.200403 0.208889 -0.106939 0.019831 -0.344096 0.063811 0.665349 1.413588 -0.082167 -0.045496 0.402533 -0.183361
0.125000 0.657144 -1.127730 0.208889 -0.100465 0.019831 -0.323264 0.063811 0.668926 1.382825 0.751093 1.428321 0.384877 -0.194889
0.145834 0.657144 -1.055046 0.208889 -0.093989 0.019831 -0.302429 0.063811 0.673131 1.352414 -0.077962 -0.075907 0.367552 -0.207943
0.187501 0.657144 -0.909690 0.208889 -0.081040 0.019831 -0.260763 0.063811 0.683370 1.292855 0.761332 1.368762 0.334108 -0.239991
0.208333 0.685713 -0.837017 0.302412 -0.074566 0.028710 -0.239931 0.092380 0.716662 1.275839 -0.044670 -0.092923 0.337563 -0.367532
0.229168 0.714286 -0.764333 0.395950 -0.068091 0.037590 -0.219096 0.120953 0.750148 1.260337 0.794818 1.353259 0.344632 -0.504420
0.249999 0.742856 -0.691660 0.489474 -0.061617 0.046469 -0.198265 0.149523 0.783795 1.246164 -0.011024 -0.107095 0.355096 -0.646156
0.249999 0.799998 -0.691660 0.676535 -0.061617 0.064228 -0.198265 0.206665 0.838151 1.267912 0.849174 1.375007 0.403765 -0.806141
0.249999 0.857141 -0.691660 0.863596 -0.061617 0.081987 -0.198265 0.263808 0.892855 1.287002 0.043681 -0.088004 0.454411 -0.926305
0.249999 0.885715 -0.691660 0.957133 -0.061617 0.090867 -0.198265 0.292382 0.920321 1.295696 0.876640 1.383700 0.480283 -0.974918
0.249999 0.942857 -0.691660 1.144195 -0.061617 0.108626 -0.198265 0.349524 0.975438 1.311610 0.098798 -0.072090 0.532852 -1.054812
0.229168 0.971426 -0.764333 1.237718 -0.068091 0.117504 -0.219096 0.378093 0.998092 1.339124 0.899293 1.411214 0.567188 -1.045604
0.187501 1.000000 -0.909690 1.331256 -0.081040 0.126385 -0.260763 0.406667 1.017426 1.385447 0.118133 -0.025767 0.610254 -1.000618
0.125000 1.000000 -1.127730 1.331256 -0.100465 0.126385 -0.323264 0.406667 1.007782 1.446442 0.889649 1.472208 0.639463 -0.899166
0.083333 0.971426 -1.273087 1.237718 -0.113414 0.117504 -0.364931 0.378093 0.974994 1.485222 0.085345 0.013013 0.637866 -0.803111
0.062501 0.942857 -1.345760 1.144195 -0.119888 0.108626 -0.385762 0.349524 0.944927 1.504604 0.859581 1.491591 0.627244 -0.736154
0.000000 0.799998 -1.563800 0.676535 -0.139312 0.064228 -0.448264 0.206665 0.799998 1.570796 -0.059583 0.079206 0.569787 -0.431993
0.000000 0.714286 -1.563800 0.395950 -0.139312 0.037590 -0.448264 0.120953 0.714286 1.570796 0.773870 1.491591 0.521257 -0.263550
0.000000 0.628570 -1.563800 0.115351 -0.139312 0.010951 -0.448264 0.035237 0.628570 1.570796 -0.145299 0.079206 0.483167 -0.078447
0.000000 0.542858 -1.563800 -0.165233 -0.139312 -0.015687 -0.448264 -0.050475 0.542858 1.570796 0.688158 1.491591 0.458136 0.112128
0.041667 0.457142 -1.418444 -0.445832 -0.126363 -0.042326 -0.406597 -0.136191 0.459037 1.479902 -0.229121 -0.011689 0.406694 0.323208
0.083333 0.371430 -1.273087 -0.726417 -0.113414 -0.068963 -0.364931 -0.221903 0.380663 1.350094 0.609784 1.361783 0.372931 0.546331
0.125000 0.257144 -1.127730 -1.100539 -0.100465 -0.104481 -0.323264 -0.336189 0.285916 1.118325 -0.323868 -0.243457 0.375535 0.804994
0.187501 0.171428 -0.909690 -1.381138 -0.081040 -0.131120 -0.260763 -0.421905 0.254056 0.740648 0.577923 0.984106 0.380309 1.017203
0.333332 0.028569 -0.400947 -1.848798 -0.035719 -0.175518 -0.114932 -0.564764 0.334554 0.085499 -0.243369 -0.898607 0.435147 1.370034
0.437500 0.000000 -0.037550 -1.942321 -0.003345 -0.184397 -0.010764 -0.593333 0.437500 0.000000 0.680869 0.898607 0.448393 1.552657
0.520833 0.000000 0.253164 -1.942321 0.022553 -0.184397 0.072569 -0.593333 0.520833 0.000000 -0.160036 -0.898607 0.454100 -1.449093
0.604166 0.000000 0.543877 -1.942321 0.048452 -0.184397 0.155903 -0.593333 0.604166 0.000000 0.764202 0.898607 0.474601 -1.313847
0.687499 0.000000 0.834590 -1.942321 0.074350 -0.184397 0.239236 -0.593333 0.687499 0.000000 -0.076703 -0.898607 0.508108 -1.187529
0.812499 0.114285 1.270660 -1.568199 0.113198 -0.148879 0.364235 -0.479048 0.820497 0.139742 0.897200 1.038349 0.494175 -0.920715
0.875000 0.199997 1.488701 -1.287614 0.132622 -0.122241 0.426737 -0.393336 0.897566 0.224708 0.000366 -0.813641 0.493701 -0.744691
0.916667 0.285714 1.634058 -1.007015 0.145571 -0.095602 0.468403 -0.307619 0.960162 0.302145 0.959796 1.115785 0.495806 -0.581099
0.958333 0.371430 1.779414 -0.726417 0.158520 -0.068963 0.510070 -0.221903 1.027795 0.369753 0.067999 -0.746032 0.515824 -0.410348
0.979165 0.457142 1.852087 -0.445832 0.164994 -0.042326 0.530901 -0.136191 1.080622 0.436793 1.012622 1.182826 0.530976 -0.251113
1.000000 0.628570 1.924771 0.115351 0.171469 0.010951 0.551736 0.035237 1.181144 0.561162 0.168521 -0.621663 0.580451 0.063779
0.979165 0.714286 1.852087 0.395950 0.164994 0.037590 0.530901 0.120953 1.212010 0.630242 1.043489 1.251905 0.593822 0.224003
0.937499 0.771429 1.706730 0.583011 0.152045 0.055349 0.489235 0.178096 1.214087 0.688525 0.170598 -0.563380 0.586333 0.349118
0.916667 0.828572 1.634058 0.770072 0.145571 0.073108 0.468403 0.235239 1.235641 0.734964 1.065044 1.298344 0.603354 0.465418
0.854166 0.885715 1.416017 0.957133 0.126147 0.090867 0.405902 0.292382 1.230483 0.803529 0.165440 -0.494815 0.596757 0.624238
0.791667 0.914284 1.197988 1.050657 0.106723 0.099746 0.343404 0.320951 1.209401 0.857150 1.043962 1.351965 0.578879 0.751615
0.687499 0.914284 0.834590 1.050657 0.074350 0.099746 0.239236 0.320951 1.143928 0.926046 0.099966 -0.425920 0.523840 0.930248
0.645833 0.914284 0.689234 1.050657 0.061401 0.099746 0.197569 0.320951 1.119381 0.955800 1.019416 1.381720 0.506170 1.019004
0.604166 0.914284 0.543877 1.050657 0.048452 0.099746 0.155903 0.320951 1.095870 0.986860 0.076454 -0.394860 0.491406 1.118612
0.562500 0.828572 0.398520 0.770072 0.035502 0.073108 0.114236 0.235239 1.001468 0.974387 0.925013 1.369246 0.397094 1.118721
0.562500 0.799998 0.398520 0.676535 0.035502 0.064228 0.114236 0.206665 0.977959 0.957975 0.052946 -0.411271 0.369820 1.065838
0.562500 0.742856 0.398520 0.489474 0.035502 0.046469 0.114236 0.149523 0.931794 0.922695 0.878849 1.333966 0.315965 0.918392
0.583335 0.714286 0.471204 0.395950 0.041978 0.037590 0.135071 0.120953 0.922217 0.885974 0.043368 -0.447992 0.298349 0.730313
0.604166 0.685713 0.543877 0.302412 0.048452 0.028710 0.155903 0.092380 0.913903 0.848534 0.870535 1.296526 0.284056 0.534922
0.625001 0.600001 0.616561 0.021828 0.054927 0.002072 0.176737 0.006668 0.866388 0.764993 -0.004147 -0.531533 0.232938 0.037710
0.645833 0.571427 0.689234 -0.071710 0.061401 -0.006808 0.197569 -0.021906 0.862339 0.724349 0.866487 1.255882 0.232815 -0.110425
0.645833 0.542858 0.689234 -0.165233 0.061401 -0.015687 0.197569 -0.050475 0.843679 0.698985 -0.022807 -0.556897 0.219047 -0.250129
0.645833 0.514285 0.689234 -0.258771 0.061401 -0.024567 0.197569 -0.079048 0.825584 0.672488 0.848391 1.229385 0.208308 -0.380597
0.604166 0.457142 0.543877 -0.445832 0.048452 -0.042326 0.155903 -0.136191 0.757625 0.647743 -0.090766 -0.581642 0.156155 -0.718017
0.583335 0.428573 0.471204 -0.539356 0.041978 -0.051204 0.135071 -0.164760 0.723847 0.633633 0.814612 1.215276 0.136499 -0.884097
0.541668 0.428573 0.325848 -0.539356 0.029028 -0.051204 0.093404 -0.164760 0.690709 0.669358 -0.123904 -0.545918 0.095457 -1.055063
0.479167 0.399999 0.107807 -0.632893 0.009604 -0.060085 0.030903 -0.193334 0.624180 0.695592 0.748083 1.241510 0.057310 -1.412295
0.437500 0.371430 -0.037550 -0.726417 -0.003345 -0.068963 -0.010764 -0.221903 0.573905 0.703903 -0.174178 -0.537607 0.077584 1.522328
0.416665 0.371430 -0.110233 -0.726417 -0.009820 -0.068963 -0.031598 -0.221903 0.558185 0.728063 0.732363 1.265670 0.083078 1.429350
0.395834 0.371430 -0.182906 -0.726417 -0.016294 -0.068963 -0.052430 -0.221903 0.542812 0.753603 -0.189551 -0.512067 0.093018 1.338776
