0.528302 0.696970 0.124878 0.710788 0.012618 0.068904 0.036285 0.198134 0.874569 0.922196 0.874569 0.922196 0.208140 1.389672
0.547169 0.727276 0.189809 0.819505 0.019180 0.079443 0.055151 0.228439 0.910123 0.925790 0.035554 0.003594 0.241636 1.333904
0.547169 0.757576 0.189809 0.928206 0.019180 0.089980 0.055151 0.258740 0.934514 0.945285 0.898960 0.941690 0.271225 1.360787
0.547169 0.787882 0.189809 1.036923 0.019180 0.100520 0.055151 0.289045 0.959245 0.963784 0.060285 0.022093 0.300960 1.382258
0.509433 0.848487 0.059937 1.254341 0.006056 0.121596 0.017415 0.349651 0.989673 1.030082 0.929388 1.007988 0.356895 1.521030
0.490567 0.909093 -0.004994 1.471760 -0.000505 0.142673 -0.001451 0.410257 1.033009 1.075956 0.103620 0.067968 0.417078 -1.567259
0.452831 0.969699 -0.134866 1.689178 -0.013628 0.163749 -0.039187 0.470863 1.070221 1.133911 0.966600 1.065944 0.479286 -1.487764
0.415095 1.000000 -0.264738 1.797879 -0.026751 0.174287 -0.076922 0.501164 1.082730 1.177345 0.116130 0.111401 0.513773 -1.418497
0.377360 1.000000 -0.394610 1.797879 -0.039874 0.174287 -0.114658 0.501164 1.068831 1.209958 0.952702 1.098557 0.520761 -1.345883
0.301888 1.000000 -0.654353 1.797879 -0.066120 0.174287 -0.190130 0.501164 1.044575 1.277608 0.091873 0.179051 0.542398 -1.208195
0.245283 0.939394 -0.849166 1.580461 -0.085805 0.153210 -0.246734 0.440558 0.970889 1.315391 0.879016 1.136340 0.510904 -1.060270
0.188681 0.878788 -1.043969 1.363042 -0.105490 0.132134 -0.303337 0.379952 0.898815 1.359301 0.019800 0.222961 0.491533 -0.897059
0.169812 0.787882 -1.108910 1.036923 -0.112052 0.100520 -0.322206 0.289045 0.805974 1.358514 0.786174 1.135553 0.437438 -0.731201
0.150946 0.666670 -1.173841 0.602087 -0.118613 0.058366 -0.341072 0.167833 0.683545 1.348133 -0.102629 0.212581 0.383189 -0.457288
0.132076 0.545458 -1.238781 0.167250 -0.125175 0.016213 -0.359942 0.046622 0.561220 1.333230 0.663850 1.120650 0.363887 -0.128808
0.132076 0.424246 -1.238781 -0.267586 -0.125175 -0.025940 -0.359942 -0.074590 0.444330 1.268987 -0.219520 0.148337 0.366266 0.204337
0.132076 0.333335 -1.238781 -0.593721 -0.125175 -0.057555 -0.359942 -0.165501 0.358547 1.193547 0.578068 1.045210 0.393368 0.430974
0.150946 0.242428 -1.173841 -0.919841 -0.118613 -0.089170 -0.341072 -0.256408 0.285580 1.013896 -0.292488 -0.031314 0.422641 0.644633
0.207548 0.151517 -0.979038 -1.245976 -0.098929 -0.120785 -0.284470 -0.347319 0.256970 0.630601 0.549457 0.661915 0.443694 0.884550
0.283019 0.090911 -0.719294 -1.463394 -0.072682 -0.141862 -0.208999 -0.407925 0.297262 0.310809 -0.252195 -0.351106 0.452291 1.097321
0.358490 0.030305 -0.459550 -1.680812 -0.046436 -0.162938 -0.133527 -0.468531 0.359769 0.084335 0.611965 0.435441 0.480633 1.293165
0.433962 0.000000 -0.199807 -1.789530 -0.020190 -0.173477 -0.058056 -0.498836 0.433962 0.000000 -0.178003 -0.435441 0.495431 1.454935
0.528302 0.000000 0.124878 -1.789530 0.012618 -0.173477 0.036285 -0.498836 0.528302 0.000000 0.706305 0.435441 0.493354 -1.498186
0.603774 0.000000 0.384621 -1.789530 0.038865 -0.173477 0.111756 -0.498836 0.603774 0.000000 -0.102531 -0.435441 0.504550 -1.350402
0.698114 0.060606 0.709306 -1.572112 0.071673 -0.152401 0.206097 -0.438230 0.700740 0.086597 0.803272 0.522038 0.478113 -1.131196
0.773586 0.090911 0.969049 -1.463394 0.097919 -0.141862 0.281568 -0.407925 0.778909 0.116983 -0.024362 -0.405055 0.490068 -0.966648
0.830188 0.151517 1.163852 -1.245976 0.117603 -0.120785 0.338170 -0.347319 0.843901 0.180522 0.868264 0.585578 0.479896 -0.798744
0.905659 0.242428 1.423596 -0.919841 0.143850 -0.089170 0.413641 -0.256408 0.937545 0.261550 0.069281 -0.324028 0.483109 -0.554909
0.962264 0.303034 1.618409 -0.702422 0.163535 -0.068093 0.470246 -0.195802 1.008852 0.305086 0.939571 0.629114 0.506800 -0.394549
1.000000 0.393941 1.748280 -0.376303 0.176658 -0.036479 0.507982 -0.104896 1.074797 0.375272 0.135227 -0.253842 0.517363 -0.203633
1.000000 0.515153 1.748280 0.058533 0.176658 0.005674 0.507982 0.016316 1.124892 0.475696 0.989665 0.729538 0.508509 0.032109
0.962264 0.636364 1.618409 0.493370 0.163535 0.047827 0.470246 0.137528 1.153652 0.584292 0.163986 -0.145246 0.491902 0.284525
0.886793 0.727276 1.358665 0.819505 0.137289 0.079443 0.394775 0.228439 1.146879 0.686889 0.982893 0.832135 0.459558 0.524578
0.811322 0.757576 1.098921 0.928206 0.111042 0.089980 0.319304 0.258740 1.110029 0.751155 0.127136 -0.080980 0.415302 0.681005
0.735850 0.757576 0.839178 0.928206 0.084796 0.089980 0.243832 0.258740 1.056124 0.799945 0.928987 0.880925 0.360521 0.815052
0.679245 0.666670 0.644365 0.602087 0.065111 0.058366 0.187227 0.167833 0.951747 0.776055 0.022760 -0.104870 0.256042 0.730831
0.660379 0.575759 0.579434 0.275951 0.058550 0.026751 0.168361 0.076922 0.876127 0.717049 0.853367 0.821920 0.188037 0.428568
0.660379 0.484852 0.579434 -0.050168 0.058550 -0.004863 0.168361 -0.013984 0.819257 0.633314 -0.034110 -0.188606 0.168513 -0.082872
0.679245 0.393941 0.644365 -0.376303 0.065111 -0.036479 0.187227 -0.104896 0.785216 0.525560 0.819326 0.714166 0.211360 -0.510685
0.679245 0.363640 0.644365 -0.485004 0.065111 -0.047016 0.187227 -0.135196 0.770460 0.491533 -0.048866 -0.222633 0.227013 -0.625403
0.698114 0.333335 0.709306 -0.593721 0.071673 -0.057555 0.206097 -0.165501 0.773612 0.445469 0.822478 0.668102 0.260108 -0.676585
0.679245 0.333335 0.644365 -0.593721 0.065111 -0.057555 0.187227 -0.165501 0.756628 0.456215 -0.065850 -0.211887 0.245427 -0.723882
0.641510 0.333335 0.514493 -0.593721 0.051988 -0.057555 0.149492 -0.165501 0.722943 0.479212 0.788793 0.691099 0.218009 -0.836180
0.584905 0.363640 0.319681 -0.485004 0.032303 -0.047016 0.092887 -0.135196 0.688729 0.556229 -0.100064 -0.134870 0.158458 -0.968814
0.490567 0.393941 -0.004994 -0.376303 -0.000505 -0.036479 -0.001451 -0.104896 0.629162 0.676587 0.729227 0.811457 0.098088 1.556963
0.396226 0.393941 -0.329679 -0.376303 -0.033313 -0.036479 -0.095792 -0.104896 0.558735 0.782506 -0.170492 -0.028951 0.137096 0.830730
0.320755 0.424246 -0.589422 -0.267586 -0.059559 -0.025940 -0.171263 -0.074590 0.531854 0.923429 0.702346 0.952381 0.184185 0.410756
0.207548 0.454547 -0.979038 -0.158885 -0.098929 -0.015402 -0.284470 -0.044290 0.499689 1.142464 -0.202657 0.190084 0.286927 0.154452
0.132076 0.484852 -1.238781 -0.050168 -0.125175 -0.004863 -0.359942 -0.013984 0.502519 1.304844 0.705176 1.114760 0.360013 0.038832
0.056605 0.484852 -1.498525 -0.050168 -0.151421 -0.004863 -0.435413 -0.013984 0.488145 1.454576 -0.217031 0.339815 0.435472 0.032107
0.018869 0.515153 -1.628397 0.058533 -0.164544 0.005674 -0.473149 0.016316 0.515498 1.534184 0.732529 1.194369 0.473714 -0.034471
0.000000 0.515153 -1.693338 0.058533 -0.171106 0.005674 -0.492018 0.016316 0.515153 1.570796 -0.217377 0.376428 0.492561 -0.033150
