0.224998 0.560004 -0.724488 0.435814 -0.042247 0.025594 -0.234016 0.141772 0.603514 1.188757 0.603514 1.188757 0.254877 -0.544689
0.224998 0.600001 -0.724488 0.558767 -0.042247 0.032815 -0.234016 0.181768 0.640801 1.212029 0.037287 0.023272 0.273205 -0.660394
0.250000 0.640004 -0.647085 0.681738 -0.037734 0.040037 -0.209014 0.221771 0.687099 1.198400 0.649812 1.175128 0.276486 -0.815005
0.250000 0.680001 -0.647085 0.804691 -0.037734 0.047257 -0.209014 0.261768 0.724501 1.218488 0.074688 0.043360 0.304174 -0.896990
0.250000 0.720004 -0.647085 0.927662 -0.037734 0.054479 -0.209014 0.301771 0.762172 1.236600 0.687483 1.193240 0.334369 -0.965038
0.274998 0.720004 -0.569693 0.927662 -0.033221 0.054479 -0.184016 0.301771 0.770733 1.205955 0.083250 0.012715 0.319339 -1.023213
0.274998 0.760001 -0.569693 1.050615 -0.033221 0.061700 -0.184016 0.341768 0.808223 1.223613 0.724973 1.210898 0.352782 -1.076885
0.274998 0.800004 -0.569693 1.173586 -0.033221 0.068922 -0.184016 0.381771 0.845949 1.239704 0.120976 0.028806 0.387474 -1.121648
0.274998 0.840000 -0.569693 1.296539 -0.033221 0.076142 -0.184016 0.421768 0.883869 1.254415 0.762894 1.225609 0.423099 -1.159397
0.274998 0.880003 -0.569693 1.419510 -0.033221 0.083364 -0.184016 0.461771 0.921971 1.267915 0.159077 0.042306 0.459450 -1.191584
0.274998 0.920000 -0.569693 1.542463 -0.033221 0.090585 -0.184016 0.501768 0.960221 1.280339 0.801144 1.238033 0.496357 -1.219292
0.250000 1.000000 -0.647085 1.788387 -0.037734 0.105027 -0.209014 0.581767 1.030776 1.325818 0.229632 0.087784 0.579959 -1.225884
0.224998 1.000000 -0.724488 1.788387 -0.042247 0.105027 -0.234016 0.581767 1.025000 1.349484 0.795367 1.261699 0.589431 -1.188352
0.200000 1.000000 -0.801880 1.788387 -0.046760 0.105027 -0.259014 0.581767 1.019804 1.373401 0.224437 0.111701 0.599795 -1.151926
0.174998 1.000000 -0.879283 1.788387 -0.051274 0.105027 -0.284016 0.581767 1.015197 1.397552 0.790760 1.285851 0.611008 -1.116638
0.150000 1.000000 -0.956675 1.788387 -0.055787 0.105027 -0.309014 0.581767 1.011187 1.421906 0.220427 0.136055 0.623021 -1.082530
0.124998 1.000000 -1.034078 1.788387 -0.060300 0.105027 -0.334016 0.581767 1.007782 1.446443 0.787355 1.310388 0.635793 -1.049609
0.100000 0.960003 -1.111470 1.665434 -0.064813 0.097807 -0.359014 0.541770 0.965197 1.467004 0.177843 0.156616 0.616345 -0.985567
0.100000 0.920000 -1.111470 1.542463 -0.064813 0.090585 -0.359014 0.501768 0.925419 1.462526 0.747576 1.305909 0.584294 -0.949745
0.074998 0.920000 -1.188873 1.542463 -0.069327 0.090585 -0.384016 0.501768 0.923052 1.489457 0.175476 0.183547 0.599980 -0.917559
0.050000 0.880003 -1.266265 1.419510 -0.073840 0.083364 -0.409014 0.461771 0.881423 1.514039 0.705947 1.330492 0.586962 -0.845910
0.050000 0.840000 -1.266265 1.296539 -0.073840 0.076142 -0.409014 0.421768 0.841487 1.511343 0.135540 0.180850 0.558966 -0.800749
0.024998 0.800004 -1.343668 1.173586 -0.078353 0.068922 -0.434016 0.381771 0.800394 1.539559 0.664854 1.358709 0.551945 -0.721443
0.024998 0.760001 -1.343668 1.050615 -0.078353 0.061700 -0.434016 0.341768 0.760412 1.537916 0.095558 0.179207 0.528169 -0.667045
0.000000 0.720004 -1.421059 0.927662 -0.082866 0.054479 -0.459014 0.301771 0.720004 1.570796 0.624446 1.391589 0.528024 -0.581583
0.000000 0.680001 -1.421059 0.804691 -0.082866 0.047257 -0.459014 0.261768 0.680001 1.570796 0.055555 0.179207 0.509440 -0.518283
0.000000 0.640004 -1.421059 0.681738 -0.082866 0.040037 -0.459014 0.221771 0.640004 1.570796 0.584449 1.391589 0.493408 -0.450075
0.000000 0.600001 -1.421059 0.558767 -0.082866 0.032815 -0.459014 0.181768 0.600001 1.570796 0.015552 0.179207 0.480178 -0.377052
0.000000 0.560004 -1.421059 0.435814 -0.082866 0.025594 -0.459014 0.141772 0.560004 1.570796 0.544452 1.391589 0.469992 -0.299567
0.000000 0.520001 -1.421059 0.312843 -0.082866 0.018372 -0.459014 0.101769 0.520001 1.570796 -0.024451 0.179207 0.463048 -0.218182
0.000000 0.480005 -1.421059 0.189890 -0.082866 0.011152 -0.459014 0.061772 0.480005 1.570796 0.504455 1.391589 0.459493 -0.133772
0.000000 0.440002 -1.421059 0.066919 -0.082866 0.003930 -0.459014 0.021769 0.440002 1.570796 -0.064453 0.179207 0.459407 -0.047390
0.000000 0.399999 -1.421059 -0.056052 -0.082866 -0.003292 -0.459014 -0.018234 0.399999 1.570796 0.464452 1.391589 0.462792 0.039703
0.000000 0.360002 -1.421059 -0.179005 -0.082866 -0.010512 -0.459014 -0.058231 0.360002 1.570796 -0.104450 0.179207 0.469571 0.126187
0.000000 0.319999 -1.421059 -0.301976 -0.082866 -0.017734 -0.459014 -0.098234 0.319999 1.570796 0.424449 1.391589 0.479603 0.210830
0.000000 0.280002 -1.421059 -0.424929 -0.082866 -0.024955 -0.459014 -0.138231 0.280002 1.570796 -0.144447 0.179207 0.492685 0.292509
0.000000 0.239999 -1.421059 -0.547900 -0.082866 -0.032177 -0.459014 -0.178233 0.239999 1.570796 0.384446 1.391589 0.508587 0.370377
0.024998 0.200002 -1.343668 -0.670853 -0.078353 -0.039397 -0.434016 -0.218230 0.201559 1.446452 -0.182888 0.054863 0.505427 0.465898
0.050000 0.160000 -1.266265 -0.793824 -0.073840 -0.046619 -0.409014 -0.258233 0.167630 1.267911 0.350518 1.213047 0.506657 0.563157
0.050000 0.120003 -1.266265 -0.916777 -0.073840 -0.053840 -0.409014 -0.298230 0.130002 1.176013 -0.220516 -0.037034 0.531244 0.630019
0.074998 0.120003 -1.188873 -0.916777 -0.069327 -0.053840 -0.384016 -0.298230 0.141511 1.012218 0.362026 1.049253 0.512246 0.660315
0.074998 0.080000 -1.188873 -1.039748 -0.069327 -0.061062 -0.384016 -0.338233 0.109657 0.817656 -0.252369 -0.231596 0.539555 0.722094
0.100000 0.080000 -1.111470 -1.039748 -0.064813 -0.061062 -0.359014 -0.338233 0.128062 0.674739 0.380432 0.906336 0.522056 0.755603
0.124998 0.040003 -1.034078 -1.162701 -0.060300 -0.068282 -0.334016 -0.378230 0.131243 0.309728 -0.249189 -0.596608 0.535851 0.847396
0.150000 0.040003 -0.956675 -1.162701 -0.055787 -0.068282 -0.309014 -0.378230 0.155242 0.260620 0.404431 0.857228 0.520634 0.885775
0.174998 0.000000 -0.879283 -1.285672 -0.051274 -0.075504 -0.284016 -0.418233 0.174998 0.000000 -0.229433 -0.857228 0.539776 0.974246
0.200000 0.000000 -0.801880 -1.285672 -0.046760 -0.075504 -0.259014 -0.418233 0.200000 0.000000 0.429433 0.857228 0.527050 1.016303
0.224998 0.000000 -0.724488 -1.285672 -0.042247 -0.075504 -0.234016 -0.418233 0.224998 0.000000 -0.204435 -0.857228 0.515225 1.060663
0.250000 0.000000 -0.647085 -1.285672 -0.037734 -0.075504 -0.209014 -0.418233 0.250000 0.000000 0.454435 0.857228 0.504361 1.107345
0.274998 0.000000 -0.569693 -1.285672 -0.033221 -0.075504 -0.184016 -0.418233 0.274998 0.000000 -0.179437 -0.857228 0.494525 1.156303
0.300000 0.000000 -0.492290 -1.285672 -0.028707 -0.075504 -0.159014 -0.418233 0.300000 0.000000 0.479437 0.857228 0.485777 1.207471
0.324998 0.000000 -0.414898 -1.285672 -0.024194 -0.075504 -0.134016 -0.418233 0.324998 0.000000 -0.154439 -0.857228 0.478177 1.260701
0.350000 0.000000 -0.337495 -1.285672 -0.019680 -0.075504 -0.109014 -0.418233 0.350000 0.000000 0.504439 0.857228 0.471781 1.315817
0.374998 0.000000 -0.260104 -1.285672 -0.015167 -0.075504 -0.084016 -0.418233 0.374998 0.000000 -0.129441 -0.857228 0.466639 1.372553
0.400000 0.000000 -0.182700 -1.285672 -0.010654 -0.075504 -0.059014 -0.418233 0.400000 0.000000 0.529441 0.857228 0.462792 1.430619
0.425002 0.000000 -0.105297 -1.285672 -0.006140 -0.075504 -0.034012 -0.418233 0.425002 0.000000 -0.104439 -0.857228 0.460272 1.489652
0.450000 0.000000 -0.027905 -1.285672 -0.001627 -0.075504 -0.009014 -0.418233 0.450000 0.000000 0.554439 0.857228 0.459102 1.549248
0.475002 0.000000 0.049498 -1.285672 0.002886 -0.075504 0.015988 -0.418233 0.475002 0.000000 -0.079437 -0.857228 0.459292 -1.532587
0.500000 0.000000 0.126889 -1.285672 0.007399 -0.075504 0.040986 -0.418233 0.500000 0.000000 0.579437 0.857228 0.460840 -1.473109
0.525002 0.000000 0.204293 -1.285672 0.011913 -0.075504 0.065988 -0.418233 0.525002 0.000000 -0.054435 -0.857228 0.463733 -1.414308
0.550000 0.000000 0.281684 -1.285672 0.016426 -0.075504 0.090986 -0.418233 0.550000 0.000000 0.604435 0.857228 0.467945 -1.356585
0.575002 0.000000 0.359088 -1.285672 0.020940 -0.075504 0.115988 -0.418233 0.575002 0.000000 -0.029433 -0.857228 0.473441 -1.300266
0.600000 0.000000 0.436479 -1.285672 0.025452 -0.075504 0.140986 -0.418233 0.600000 0.000000 0.629433 0.857228 0.480178 -1.245659
0.625002 0.000000 0.513883 -1.285672 0.029966 -0.075504 0.165988 -0.418233 0.625002 0.000000 -0.004431 -0.857228 0.488104 -1.192982
0.650000 0.000000 0.591274 -1.285672 0.034479 -0.075504 0.190986 -0.418233 0.650000 0.000000 0.654431 0.857228 0.497161 -1.142425
0.675002 0.000000 0.668677 -1.285672 0.038993 -0.075504 0.215988 -0.418233 0.675002 0.000000 0.020571 -0.857228 0.507291 -1.094091
0.700000 0.000000 0.746069 -1.285672 0.043506 -0.075504 0.240986 -0.418233 0.700000 0.000000 0.679429 0.857228 0.518428 -1.048060
0.725002 0.040003 0.823472 -1.162701 0.048019 -0.068282 0.265988 -0.378230 0.726105 0.055120 0.046675 -0.802108 0.496306 -0.957896
0.750000 0.040003 0.900864 -1.162701 0.052532 -0.068282 0.290986 -0.378230 0.751066 0.053287 0.704391 0.855394 0.510140 -0.915034
0.775002 0.080000 0.978267 -1.039748 0.057046 -0.061062 0.315988 -0.338233 0.779120 0.102861 0.074729 -0.752533 0.493457 -0.819387
0.800000 0.080000 1.055659 -1.039748 0.061559 -0.061062 0.340986 -0.338233 0.803990 0.099668 0.729261 0.852202 0.509827 -0.781344
0.825002 0.120003 1.133062 -0.916777 0.066072 -0.053840 0.365988 -0.298230 0.833684 0.144444 0.104423 -0.707757 0.498875 -0.683738
0.850000 0.120003 1.210454 -0.916777 0.070585 -0.053840 0.390986 -0.298230 0.858429 0.140253 0.754006 0.848010 0.517493 -0.651620
0.875002 0.120003 1.287857 -0.916777 0.075099 -0.053840 0.415988 -0.298230 0.883192 0.136295 0.129186 -0.711715 0.536633 -0.621991
0.900000 0.160000 1.365249 -0.793824 0.079612 -0.046619 0.440986 -0.258233 0.914112 0.175939 0.784925 0.887654 0.532802 -0.529750
0.925002 0.160000 1.442652 -0.793824 0.084125 -0.046619 0.465988 -0.258233 0.938738 0.171277 0.153813 -0.716376 0.553674 -0.506033
0.950000 0.200002 1.520044 -0.670853 0.088638 -0.039397 0.490986 -0.218230 0.970825 0.207499 0.817012 0.923875 0.555117 -0.418248
0.950000 0.239999 1.520044 -0.547900 0.088638 -0.032177 0.490986 -0.178233 0.979847 0.247453 0.162834 -0.676422 0.537620 -0.348219
0.975002 0.239999 1.597447 -0.547900 0.093152 -0.032177 0.515988 -0.178233 1.004106 0.241354 0.841271 0.917776 0.560545 -0.332590
1.000000 0.319999 1.674838 -0.301976 0.097665 -0.017734 0.540986 -0.098234 1.049952 0.309702 0.208681 -0.608074 0.558562 -0.179625
1.000000 0.360002 1.674838 -0.179005 0.097665 -0.010512 0.540986 -0.058231 1.062827 0.345557 0.854146 0.953632 0.549972 -0.107225
1.000000 0.399999 1.674838 -0.056052 0.097665 -0.003292 0.540986 -0.018234 1.077033 0.380505 0.222886 -0.573126 0.544196 -0.033692
1.000000 0.440002 1.674838 0.066919 0.097665 0.003930 0.540986 0.021769 1.092521 0.414508 0.869634 0.987634 0.541320 0.040218
1.000000 0.480005 1.674838 0.189890 0.097665 0.011152 0.540986 0.061772 1.109236 0.447524 0.239601 -0.540111 0.541393 0.113691
1.000000 0.520001 1.674838 0.312843 0.097665 0.018372 0.540986 0.101769 1.127121 0.479520 0.887519 1.019631 0.544413 0.185944
1.000000 0.560004 1.674838 0.435814 0.097665 0.025594 0.540986 0.141772 1.146126 0.510492 0.258607 -0.509140 0.550332 0.256298
1.000000 0.600001 1.674838 0.558767 0.097665 0.032815 0.540986 0.181768 1.166191 0.540420 0.907584 1.049560 0.559056 0.324144
1.000000 0.640004 1.674838 0.681738 0.097665 0.040037 0.540986 0.221771 1.187268 0.569316 0.279684 -0.480244 0.570459 0.389045
0.975002 0.680001 1.597447 0.804691 0.093152 0.047257 0.515988 0.261768 1.188709 0.609003 0.909026 1.089247 0.561319 0.469482
0.975002 0.720004 1.597447 0.927662 0.093152 0.054479 0.515988 0.301771 1.212037 0.636077 0.303011 -0.453169 0.578238 0.529199
0.950000 0.760001 1.520044 1.050615 0.088638 0.061700 0.490986 0.341768 1.216594 0.674741 0.913583 1.127911 0.575900 0.608093
0.925002 0.800004 1.442652 1.173586 0.084125 0.068922 0.465988 0.381771 1.222961 0.713062 0.309379 -0.414849 0.577425 0.686382
0.925002 0.840000 1.442652 1.296539 0.084125 0.076142 0.465988 0.421768 1.249492 0.737276 0.940113 1.152125 0.601910 0.735628
0.900000 0.840000 1.365249 1.296539 0.079612 0.076142 0.440986 0.421768 1.231097 0.750929 0.290984 -0.401195 0.582769 0.763126
0.875002 0.880003 1.287857 1.419510 0.075099 0.083364 0.415988 0.461771 1.240981 0.788248 0.949997 1.189443 0.591843 0.837509
0.850000 0.880003 1.210454 1.419510 0.070585 0.083364 0.390986 0.461771 1.223481 0.802739 0.273484 -0.386704 0.574546 0.868215
0.825002 0.880003 1.133062 1.419510 0.066072 0.083364 0.365988 0.461771 1.206248 0.817646 0.932764 1.204350 0.557835 0.900599
0.800000 0.880003 1.055659 1.419510 0.061559 0.083364 0.340986 0.461771 1.189288 0.832983 0.256524 -0.371367 0.541760 0.934740
0.775002 0.880003 0.978267 1.419510 0.057046 0.083364 0.315988 0.461771 1.172618 0.848758 0.916094 1.220125 0.526385 0.970687
0.750000 0.880003 0.900864 1.419510 0.052532 0.083364 0.290986 0.461771 1.156246 0.864986 0.240153 -0.355139 0.511767 1.008500
0.725002 0.880003 0.823472 1.419510 0.048019 0.083364 0.265988 0.461771 1.140190 0.881673 0.900038 1.236812 0.497978 1.048197
0.725002 0.840000 0.823472 1.296539 0.048019 0.076142 0.265988 0.421768 1.109607 0.858748 0.209570 -0.378064 0.464651 1.008144
0.700000 0.840000 0.746069 1.296539 0.043506 0.076142 0.240986 0.421768 1.093435 0.876058 0.883866 1.254123 0.450805 1.051693
0.700000 0.800004 0.746069 1.173586 0.043506 0.068922 0.240986 0.381771 1.063017 0.851969 0.179152 -0.402154 0.417551 1.007728
0.675002 0.800004 0.668677 1.173586 0.038993 0.068922 0.215988 0.381771 1.046725 0.869943 0.867573 1.272097 0.403640 1.055939
0.675002 0.760001 0.668677 1.050615 0.038993 0.061700 0.215988 0.341768 1.016479 0.844562 0.148905 -0.427535 0.370465 1.007198
0.675002 0.720004 0.668677 0.927662 0.038993 0.054479 0.215988 0.301771 0.986931 0.817646 0.838026 1.245182 0.338772 0.949588
0.650000 0.680001 0.591274 0.804691 0.034479 0.047257 0.190986 0.261768 0.940692 0.807951 0.102666 -0.437230 0.292081 0.940479
0.650000 0.640004 0.591274 0.681738 0.034479 0.040037 0.190986 0.221771 0.912198 0.777650 0.809532 1.214880 0.263122 0.859844
0.650000 0.600001 0.591274 0.558767 0.034479 0.032815 0.190986 0.181768 0.884591 0.745420 0.075059 -0.469459 0.237388 0.760674
0.650000 0.560004 0.591274 0.435814 0.034479 0.025594 0.190986 0.141772 0.857966 0.711159 0.782906 1.180618 0.216044 0.638563
0.625002 0.560004 0.513883 0.435814 0.029966 0.025594 0.165988 0.141772 0.839185 0.730603 0.056279 -0.450015 0.194297 0.706873
0.625002 0.520001 0.513883 0.312843 0.029966 0.018372 0.165988 0.101769 0.813037 0.693951 0.756758 1.143965 0.176838 0.550002
0.625002 0.480005 0.513883 0.189890 0.029966 0.011152 0.165988 0.061772 0.788056 0.654925 0.031298 -0.489040 0.167310 0.356266
0.625002 0.440002 0.513883 0.066919 0.029966 0.003930 0.165988 0.021769 0.764349 0.613406 0.733051 1.102446 0.167073 0.130403
0.650000 0.399999 0.591274 -0.056052 0.034479 -0.003292 0.190986 -0.018234 0.763216 0.551654 0.030165 -0.550793 0.199896 -0.095184
0.675002 0.360002 0.668677 -0.179005 0.038993 -0.010512 0.215988 -0.058231 0.765003 0.489958 0.734837 1.040751 0.237601 -0.263341
0.700000 0.360002 0.746069 -0.179005 0.043506 -0.010512 0.240986 -0.058231 0.787148 0.475013 0.052311 -0.565738 0.260534 -0.237091
0.725002 0.360002 0.823472 -0.179005 0.048019 -0.010512 0.265988 -0.058231 0.809462 0.460886 0.757152 1.026624 0.283819 -0.215522
0.700000 0.360002 0.746069 -0.179005 0.043506 -0.010512 0.240986 -0.058231 0.787148 0.475013 0.029996 -0.551611 0.260534 -0.237091
0.675002 0.360002 0.668677 -0.179005 0.038993 -0.010512 0.215988 -0.058231 0.765003 0.489958 0.735007 1.041570 0.237601 -0.263341
0.650000 0.360002 0.591274 -0.179005 0.034479 -0.010512 0.190986 -0.058231 0.743035 0.505794 0.008029 -0.535776 0.215126 -0.295942
0.625002 0.360002 0.513883 -0.179005 0.029966 -0.010512 0.165988 -0.058231 0.721269 0.522586 0.713240 1.058363 0.193275 -0.337399
0.600000 0.319999 0.436479 -0.301976 0.025452 -0.017734 0.140986 -0.098234 0.680000 0.489956 -0.033241 -0.568407 0.197995 -0.608548
0.575002 0.280002 0.359088 -0.424929 0.020940 -0.024955 0.115988 -0.138231 0.639553 0.453160 0.672794 1.021567 0.213303 -0.872669
0.550000 0.280002 0.281684 -0.424929 0.016426 -0.024955 0.090986 -0.138231 0.617172 0.470897 -0.055622 -0.550670 0.200807 -0.988663
0.525002 0.280002 0.204293 -0.424929 0.011913 -0.024955 0.065988 -0.138231 0.595003 0.489959 0.650625 1.040629 0.190787 -1.125410
0.500000 0.280002 0.126889 -0.424929 0.007399 -0.024955 0.040986 -0.138231 0.573063 0.510492 -0.077562 -0.530137 0.183644 -1.282547
0.475002 0.239999 0.049498 -0.547900 0.002886 -0.032177 0.015988 -0.178233 0.532190 0.467846 0.609752 0.997984 0.219597 -1.481332
0.450000 0.239999 -0.027905 -0.547900 -0.001627 -0.032177 -0.009014 -0.178233 0.510000 0.489956 -0.099752 -0.508028 0.219200 1.520267
0.425002 0.200002 -0.105297 -0.670853 -0.006140 -0.039397 -0.034012 -0.218230 0.469710 0.439846 0.569462 0.947873 0.261235 1.416187
0.400000 0.200002 -0.182700 -0.670853 -0.010654 -0.039397 -0.059014 -0.218230 0.447215 0.463652 -0.122248 -0.484221 0.265649 1.306694
0.374998 0.200002 -0.260104 -0.670853 -0.015167 -0.039397 -0.084016 -0.218230 0.424999 0.489964 0.547247 0.974185 0.272297 1.203300
0.350000 0.200002 -0.337495 -0.670853 -0.019680 -0.039397 -0.109014 -0.218230 0.403114 0.519151 -0.144133 -0.455034 0.281017 1.107521
0.324998 0.160000 -0.414898 -0.793824 -0.024194 -0.046619 -0.134016 -0.258233 0.362248 0.457476 0.506381 0.912510 0.327673 1.092087
0.300000 0.160000 -0.492290 -0.793824 -0.028707 -0.046619 -0.159014 -0.258233 0.340000 0.489956 -0.166381 -0.422554 0.338666 1.018858
0.274998 0.160000 -0.569693 -0.793824 -0.033221 -0.046619 -0.184016 -0.258233 0.318157 0.526945 0.484538 0.949499 0.351100 0.951668
0.250000 0.160000 -0.647085 -0.793824 -0.037734 -0.046619 -0.209014 -0.258233 0.296816 0.569312 -0.187722 -0.380187 0.364823 0.890351
0.224998 0.160000 -0.724488 -0.793824 -0.042247 -0.046619 -0.234016 -0.258233 0.276087 0.618147 0.463809 0.998334 0.379701 0.834557
0.200000 0.160000 -0.801880 -0.793824 -0.046760 -0.046619 -0.259014 -0.258233 0.256125 0.674739 -0.207684 -0.323594 0.395598 0.783889
0.174998 0.200002 -0.879283 -0.670853 -0.051274 -0.039397 -0.284016 -0.218230 0.265754 0.851978 0.473439 1.175572 0.384385 0.655157
0.150000 0.200002 -0.956675 -0.670853 -0.055787 -0.039397 -0.309014 -0.218230 0.250002 0.927301 -0.223437 -0.248271 0.403207 0.614885
0.124998 0.200002 -1.034078 -0.670853 -0.060300 -0.039397 -0.334016 -0.218230 0.235851 1.012209 0.459287 1.260480 0.422674 0.578729
0.124998 0.239999 -1.034078 -0.547900 -0.060300 -0.032177 -0.334016 -0.178233 0.270600 1.090626 -0.188688 -0.169854 0.399417 0.490171
0.100000 0.239999 -1.111470 -0.547900 -0.064813 -0.032177 -0.359014 -0.178233 0.259999 1.176004 0.448687 1.345858 0.420545 0.460806
0.074998 0.280002 -1.188873 -0.424929 -0.069327 -0.024955 -0.384016 -0.138231 0.289872 1.309091 -0.158815 -0.036767 0.423690 0.345521
0.050000 0.280002 -1.266265 -0.424929 -0.073840 -0.024955 -0.409014 -0.138231 0.284431 1.394089 0.443246 1.430856 0.446472 0.325909
