0.133333 0.720004 -1.042885 0.450754 -0.084244 0.038680 -0.315069 0.144659 0.732245 1.387687 0.732245 1.387687 0.415976 -0.430425
0.133333 0.680001 -1.042885 0.326106 -0.084244 0.027983 -0.315069 0.104657 0.692949 1.377176 -0.039296 -0.010512 0.391033 -0.320703
0.166668 0.680001 -0.932543 0.326106 -0.075331 0.027983 -0.281734 0.104657 0.700128 1.330435 0.739424 1.340946 0.364708 -0.355675
0.199999 0.680001 -0.822218 0.326106 -0.066419 0.027983 -0.248403 0.104657 0.708802 1.284747 -0.030622 -0.056200 0.339621 -0.398748
0.233335 0.680001 -0.711877 0.326106 -0.057505 0.027983 -0.215067 0.104657 0.718920 1.240247 0.749542 1.296447 0.316057 -0.452888
0.266665 0.680001 -0.601552 0.326106 -0.048593 0.027983 -0.181737 0.104657 0.730419 1.197072 -0.019123 -0.099375 0.294391 -0.522487
0.266665 0.720004 -0.601552 0.450754 -0.048593 0.038680 -0.181737 0.144659 0.767799 1.216094 0.786923 1.315469 0.326796 -0.672287
0.266665 0.760001 -0.601552 0.575382 -0.048593 0.049374 -0.181737 0.184656 0.805426 1.233342 0.018504 -0.082127 0.360724 -0.793367
0.300001 0.840000 -0.491210 0.824659 -0.039680 0.070765 -0.148401 0.264656 0.891965 1.227772 0.873461 1.309899 0.418775 -1.059751
0.300001 0.880003 -0.491210 0.949306 -0.039680 0.081461 -0.148401 0.304659 0.929735 1.242243 0.056273 -0.067655 0.456402 -1.117518
0.300001 0.920000 -0.491210 1.073935 -0.039680 0.092155 -0.148401 0.344656 0.967678 1.255581 0.911405 1.323236 0.494396 -1.164211
0.300001 0.960003 -0.491210 1.198582 -0.039680 0.102851 -0.148401 0.384659 1.005787 1.267911 0.094382 -0.055324 0.532690 -1.202592
0.266665 1.000000 -0.601552 1.323211 -0.048593 0.113546 -0.181737 0.424656 1.034945 1.310195 0.940563 1.365520 0.580765 -1.166419
0.233335 1.000000 -0.711877 1.323211 -0.057505 0.113546 -0.215067 0.424656 1.026862 1.341563 0.086299 -0.023957 0.592042 -1.102001
0.199999 1.000000 -0.822218 1.323211 -0.066419 0.113546 -0.248403 0.424656 1.019804 1.373402 0.933505 1.397358 0.604950 -1.041515
0.166668 1.000000 -0.932543 1.323211 -0.075331 0.113546 -0.281734 0.424656 1.013794 1.405646 0.080289 0.008288 0.619382 -0.985031
0.133333 0.960003 -1.042885 1.198582 -0.084244 0.102851 -0.315069 0.384659 0.969218 1.432791 0.888929 1.424504 0.600836 -0.884524
0.100002 0.960003 -1.153210 1.198582 -0.093156 0.102851 -0.348400 0.384659 0.965198 1.467002 0.076269 0.042499 0.618965 -0.834820
0.100002 0.920000 -1.153210 1.073935 -0.093156 0.092155 -0.348400 0.344656 0.925419 1.462524 0.849150 1.420025 0.586334 -0.779996
0.033336 0.840000 -1.373877 0.824659 -0.110982 0.070765 -0.415066 0.264656 0.840662 1.531132 -0.008489 0.111107 0.570639 -0.567626
0.033336 0.760001 -1.373877 0.575382 -0.110982 0.049374 -0.415066 0.184656 0.760731 1.526962 0.769220 1.415855 0.519012 -0.418591
0.033336 0.720004 -1.373877 0.450754 -0.110982 0.038680 -0.415066 0.144659 0.720775 1.524530 -0.048445 0.108675 0.496032 -0.335357
0.000000 0.680001 -1.484218 0.326106 -0.119895 0.027983 -0.448402 0.104657 0.680001 1.570796 0.728446 1.462121 0.504681 -0.229294
0.000000 0.600001 -1.484218 0.076830 -0.119895 0.006593 -0.448402 0.024657 0.600001 1.570796 -0.128445 0.108675 0.473336 -0.054933
0.000000 0.560004 -1.484218 -0.047799 -0.119895 -0.004102 -0.448402 -0.015340 0.560004 1.570796 0.688449 1.462121 0.462082 0.034197
0.000000 0.440002 -1.484218 -0.421723 -0.119895 -0.036188 -0.448402 -0.135343 0.440002 1.570796 -0.248447 0.108675 0.448481 0.293138
0.033336 0.360002 -1.373877 -0.670999 -0.110982 -0.057579 -0.415066 -0.215342 0.361542 1.478461 0.609990 1.369786 0.424376 0.478586
0.033336 0.280002 -1.373877 -0.920275 -0.110982 -0.078970 -0.415066 -0.295342 0.281980 1.452299 -0.328010 0.082513 0.447927 0.618438
0.066666 0.239999 -1.263552 -1.044923 -0.102070 -0.089666 -0.381736 -0.335345 0.249086 1.299850 0.577096 1.217337 0.434918 0.720794
0.100002 0.160000 -1.153210 -1.294199 -0.093156 -0.111056 -0.348400 -0.415345 0.188680 1.012187 -0.388416 -0.205150 0.452282 0.872828
0.166668 0.120003 -0.932543 -1.418828 -0.075331 -0.121751 -0.281734 -0.455342 0.205375 0.624029 0.593791 0.829179 0.432689 1.016718
0.199999 0.080000 -0.822218 -1.543475 -0.066419 -0.132447 -0.248403 -0.495345 0.215406 0.380507 -0.378386 -0.448672 0.444325 1.105969
0.233335 0.040003 -0.711877 -1.668104 -0.057505 -0.143141 -0.215067 -0.535341 0.236739 0.169789 0.615125 0.618461 0.461567 1.188792
0.300001 0.000000 -0.491210 -1.792752 -0.039680 -0.153837 -0.148401 -0.575344 0.300001 0.000000 -0.315124 -0.618461 0.472321 1.318364
0.366667 0.000000 -0.270543 -1.792752 -0.021854 -0.153837 -0.081735 -0.575344 0.366667 0.000000 0.681791 0.618461 0.455790 1.429678
0.500000 0.000000 0.170790 -1.792752 0.013796 -0.153837 0.051598 -0.575344 0.500000 0.000000 -0.181791 -0.618461 0.451361 -1.481354
0.566666 0.000000 0.391457 -1.792752 0.031622 -0.153837 0.118264 -0.575344 0.566666 0.000000 0.748457 0.618461 0.463736 -1.368066
0.633333 0.040003 0.612123 -1.668104 0.049447 -0.143141 0.184931 -0.535341 0.634595 0.063079 -0.113863 -0.555383 0.448318 -1.238186
0.699999 0.080000 0.832790 -1.543475 0.067273 -0.132447 0.251597 -0.495345 0.704556 0.113792 0.818418 0.669174 0.446118 -1.100830
0.766665 0.120003 1.053457 -1.418828 0.085098 -0.121751 0.318263 -0.455342 0.776000 0.155266 -0.042418 -0.513909 0.457316 -0.960772
0.866667 0.200002 1.384465 -1.169552 0.111837 -0.100360 0.418265 -0.375342 0.889445 0.226801 0.931863 0.740710 0.486465 -0.731364
0.899998 0.280002 1.494790 -0.920275 0.120749 -0.078970 0.451596 -0.295342 0.942548 0.301622 0.010685 -0.439088 0.481972 -0.579180
0.933334 0.320005 1.605132 -0.795628 0.129663 -0.068273 0.484932 -0.255339 0.986669 0.330302 0.975984 0.769390 0.501642 -0.484659
1.000000 0.440002 1.825799 -0.421723 0.147488 -0.036188 0.551598 -0.135343 1.092521 0.414508 0.116537 -0.354882 0.551662 -0.240611
1.000000 0.520001 1.825799 -0.172446 0.147488 -0.014798 0.551598 -0.055343 1.127121 0.479520 1.010584 0.834403 0.556225 -0.099997
1.000000 0.600001 1.825799 0.076830 0.147488 0.006593 0.551598 0.024657 1.166191 0.540420 0.155607 -0.293982 0.572051 0.044671
1.000000 0.640004 1.825799 0.201477 0.147488 0.017289 0.551598 0.064660 1.187268 0.569316 1.031661 0.863298 0.583928 0.116690
1.000000 0.720004 1.825799 0.450754 0.147488 0.038680 0.551598 0.144659 1.232236 0.624026 0.200575 -0.239273 0.614840 0.256479
0.966664 0.760001 1.715457 0.575382 0.138575 0.049374 0.518262 0.184656 1.229651 0.666275 1.029075 0.905548 0.604723 0.342275
0.933334 0.880003 1.605132 0.949306 0.129663 0.081461 0.484932 0.304659 1.282777 0.755997 0.253702 -0.149551 0.649183 0.560934
0.899998 0.880003 1.494790 0.949306 0.120749 0.081461 0.451596 0.304659 1.258730 0.774166 1.005029 0.923717 0.624675 0.593494
0.866667 0.920000 1.384465 1.073935 0.111837 0.092155 0.418265 0.344656 1.263927 0.815240 0.258899 -0.108477 0.630358 0.689212
0.833332 0.920000 1.274123 1.073935 0.102924 0.092155 0.384930 0.344656 1.241307 0.834789 0.982408 0.943266 0.608749 0.730253
0.766665 0.920000 1.053457 1.073935 0.085098 0.092155 0.318263 0.344656 1.197571 0.876059 0.215163 -0.067207 0.568943 0.825190
0.733335 0.920000 0.943132 1.073935 0.076186 0.092155 0.284933 0.344656 1.176512 0.897825 0.961349 0.965032 0.550991 0.879976
0.699999 0.880003 0.832790 0.949306 0.067273 0.081461 0.251597 0.304659 1.124457 0.898836 0.163109 -0.066196 0.499581 0.880502
0.666668 0.840000 0.722465 0.824659 0.058361 0.070765 0.218266 0.264656 1.072403 0.899938 0.909294 0.966134 0.448319 0.881165
0.666668 0.800004 0.722465 0.700030 0.058361 0.060070 0.218266 0.224659 1.041370 0.876059 0.132077 -0.090075 0.413840 0.799831
0.666668 0.720004 0.722465 0.450754 0.058361 0.038680 0.218266 0.144659 0.981250 0.823842 0.849174 0.913917 0.348436 0.585297
0.666668 0.680001 0.722465 0.326106 0.058361 0.027983 0.218266 0.104657 0.952286 0.795298 0.103112 -0.118619 0.318242 0.447106
0.666668 0.600001 0.722465 0.076830 0.058361 0.006593 0.218266 0.024657 0.896910 0.732815 0.793798 0.851433 0.265749 0.112490
0.666668 0.560004 0.722465 -0.047799 0.058361 -0.004102 0.218266 -0.015340 0.870662 0.698662 0.076863 -0.152771 0.245143 -0.070166
0.666668 0.520001 0.722465 -0.172446 0.058361 -0.014798 0.218266 -0.055343 0.845487 0.662426 0.768624 0.815197 0.229710 -0.248323
0.666668 0.480005 0.722465 -0.297075 0.058361 -0.025492 0.218266 -0.095340 0.821493 0.624026 0.052869 -0.191171 0.220542 -0.411827
0.633333 0.480005 0.612123 -0.297075 0.049447 -0.025492 0.184931 -0.095340 0.794679 0.648540 0.741809 0.839711 0.187611 -0.476005
0.599997 0.440002 0.501782 -0.421723 0.040534 -0.036188 0.151595 -0.135343 0.744042 0.632753 0.002232 -0.206958 0.151827 -0.728818
0.566666 0.440002 0.391457 -0.421723 0.031622 -0.036188 0.118264 -0.135343 0.717434 0.660230 0.715202 0.867188 0.118562 -0.852639
0.533331 0.440002 0.281115 -0.421723 0.022708 -0.036188 0.084929 -0.135343 0.691407 0.689804 -0.023796 -0.177384 0.085343 -1.010396
0.433334 0.440002 -0.049877 -0.421723 -0.004029 -0.036188 -0.015068 -0.135343 0.617559 0.793033 0.641355 0.970417 0.017252 1.459918
0.399998 0.400005 -0.160218 -0.546351 -0.012942 -0.046883 -0.048404 -0.175340 0.565687 0.785407 -0.075668 -0.185010 0.068449 1.301446
0.366667 0.400005 -0.270543 -0.546351 -0.021854 -0.046883 -0.081735 -0.175340 0.542631 0.828854 0.618299 1.013864 0.094989 1.134593
0.333332 0.400005 -0.380885 -0.546351 -0.030768 -0.046883 -0.115070 -0.175340 0.520686 0.876066 -0.097613 -0.137798 0.124834 0.990025
0.300001 0.400005 -0.491210 -0.546351 -0.039680 -0.046883 -0.148401 -0.175340 0.500004 0.927299 0.597618 1.065097 0.156093 0.868417
