0.189191 0.789474 -1.078665 0.825841 -0.080220 0.063774 -0.309581 0.246112 0.811826 1.335590 0.811826 1.335590 0.424674 -0.671675
0.189191 0.763160 -1.078665 0.737544 -0.080220 0.056955 -0.309581 0.219798 0.786261 1.327791 -0.025565 -0.007799 0.407114 -0.617397
0.189191 0.736842 -1.078665 0.649233 -0.080220 0.050136 -0.309581 0.193481 0.760743 1.319466 0.786308 1.327266 0.390535 -0.558582
0.216216 0.736842 -0.984503 0.649233 -0.073217 0.050136 -0.282556 0.193481 0.767910 1.285373 -0.018398 -0.041893 0.369480 -0.600418
0.243245 0.736842 -0.890326 0.649233 -0.066213 0.050136 -0.255527 0.193481 0.775954 1.251942 0.794352 1.293836 0.349244 -0.648082
0.270270 0.736842 -0.796164 0.649233 -0.059211 0.050136 -0.228502 0.193481 0.784845 1.219239 -0.009507 -0.074597 0.329986 -0.702595
0.297299 0.736842 -0.701988 0.649233 -0.052207 0.050136 -0.201473 0.193481 0.794558 1.187296 0.804065 1.261893 0.311880 -0.765164
0.324324 0.736842 -0.607825 0.649233 -0.045204 0.050136 -0.174448 0.193481 0.805060 1.156161 0.000995 -0.105732 0.295143 -0.837080
0.378378 0.763160 -0.419487 0.737544 -0.031197 0.056955 -0.120394 0.219798 0.851811 1.110511 0.850816 1.216244 0.290510 -1.069683
0.405407 0.789474 -0.325310 0.825841 -0.024193 0.063774 -0.093365 0.246112 0.887481 1.096395 0.036665 -0.119848 0.305327 -1.208208
0.405407 0.815791 -0.325310 0.914152 -0.024193 0.070593 -0.093365 0.272430 0.910972 1.109593 0.874307 1.229441 0.330482 -1.240628
0.405407 0.842105 -0.325310 1.002449 -0.024193 0.077412 -0.093365 0.298744 0.934610 1.122123 0.060303 -0.107318 0.355802 -1.267887
0.405407 0.868423 -0.325310 1.090759 -0.024193 0.084232 -0.093365 0.325062 0.958391 1.134034 0.898088 1.241353 0.381260 -1.291102
0.405407 0.894737 -0.325310 1.179056 -0.024193 0.091050 -0.093365 0.351375 0.982298 1.145366 0.084210 -0.095987 0.406823 -1.311084
0.378378 0.921055 -0.419487 1.267367 -0.031197 0.097870 -0.120394 0.377693 0.995747 1.181007 0.911537 1.276993 0.439110 -1.262217
0.378378 0.947368 -0.419487 1.355664 -0.031197 0.104688 -0.120394 0.404007 1.020136 1.190809 0.108599 -0.086185 0.464471 -1.281175
0.351353 0.973686 -0.513649 1.443975 -0.038200 0.111508 -0.147419 0.430325 1.035139 1.224490 0.926541 1.310675 0.497269 -1.240750
0.324324 1.000000 -0.607825 1.532272 -0.045204 0.118326 -0.174448 0.456638 1.051278 1.257176 0.124738 -0.053499 0.530718 -1.205879
0.297299 1.000000 -0.701988 1.532272 -0.052207 0.118326 -0.201473 0.456638 1.043258 1.281820 0.918520 1.335318 0.540205 -1.155277
0.270270 1.000000 -0.796164 1.532272 -0.059211 0.118326 -0.228502 0.456638 1.035879 1.306833 0.117359 -0.028485 0.550856 -1.106828
0.216216 1.000000 -0.984503 1.532272 -0.073217 0.118326 -0.282556 0.456638 1.023108 1.357858 0.905748 1.386344 0.575385 -1.016686
0.189191 0.973686 -1.078665 1.443975 -0.080220 0.111508 -0.309581 0.430325 0.991896 1.378884 0.086148 -0.007460 0.566907 -0.947160
0.108108 0.921055 -1.361180 1.267367 -0.101231 0.097870 -0.390664 0.377693 0.927377 1.453957 0.841230 1.461417 0.575275 -0.768518
0.081083 0.894737 -1.455342 1.179056 -0.108234 0.091050 -0.417689 0.351375 0.898403 1.480421 0.057173 0.019005 0.575545 -0.699384
0.054054 0.842105 -1.549519 1.002449 -0.115238 0.077412 -0.444718 0.298744 0.843838 1.506695 0.786665 1.487691 0.561829 -0.591520
0.027029 0.815791 -1.643681 0.914152 -0.122240 0.070593 -0.471743 0.272430 0.816239 1.537676 0.029574 0.049986 0.568369 -0.523709
0.027029 0.763160 -1.643681 0.737544 -0.122240 0.056955 -0.471743 0.219798 0.763638 1.535394 0.734064 1.485408 0.540779 -0.436021
0.000000 0.684211 -1.737858 0.472625 -0.129244 0.036497 -0.498772 0.140849 0.684211 1.570796 -0.049854 0.085388 0.532129 -0.275225
0.000000 0.631579 -1.737858 0.296018 -0.129244 0.022859 -0.498772 0.088217 0.631579 1.570796 0.681433 1.485408 0.516150 -0.175059
0.000000 0.578947 -1.737858 0.119410 -0.129244 0.009221 -0.498772 0.035586 0.578947 1.570796 -0.102485 0.085388 0.505175 -0.071226
0.000000 0.500002 -1.737858 -0.145495 -0.129244 -0.011236 -0.498772 -0.043360 0.500002 1.570796 0.602487 1.485408 0.498773 0.086715
0.027029 0.447370 -1.643681 -0.322103 -0.122240 -0.024874 -0.471743 -0.095991 0.448186 1.510452 -0.154301 0.025044 0.474535 0.200741
0.081083 0.315789 -1.455342 -0.763629 -0.108234 -0.058970 -0.417689 -0.227572 0.326033 1.319463 0.480334 1.294419 0.456012 0.498870
0.108108 0.236840 -1.361180 -1.028547 -0.101231 -0.079427 -0.390664 -0.306521 0.260347 1.142584 -0.219987 -0.151835 0.470347 0.665290
0.162162 0.184209 -1.172841 -1.205155 -0.087224 -0.093066 -0.336610 -0.359153 0.245416 0.848963 0.465403 1.000798 0.460713 0.817787
0.189191 0.131577 -1.078665 -1.381763 -0.080220 -0.106704 -0.309581 -0.411785 0.230447 0.607681 -0.234957 -0.393118 0.480284 0.926142
0.243245 0.078945 -0.890326 -1.558370 -0.066213 -0.120342 -0.255527 -0.464416 0.255735 0.313826 0.490692 0.706944 0.491476 1.067791
0.297299 0.052632 -0.701988 -1.646668 -0.052207 -0.127160 -0.201473 -0.490730 0.301922 0.175217 -0.188770 -0.531726 0.489523 1.181221
0.378378 0.026314 -0.419487 -1.734978 -0.031197 -0.133980 -0.120394 -0.517048 0.379291 0.069432 0.568062 0.601158 0.487557 1.342023
0.432432 0.000000 -0.231148 -1.823275 -0.017190 -0.140799 -0.066340 -0.543362 0.432432 0.000000 -0.135630 -0.601158 0.503164 1.449305
0.486485 0.000000 -0.042809 -1.823275 -0.003184 -0.140799 -0.012286 -0.543362 0.486485 0.000000 0.622116 0.601158 0.498923 1.548188
0.567568 0.000000 0.239706 -1.823275 0.017827 -0.140799 0.068797 -0.543362 0.567568 0.000000 -0.054547 -0.601158 0.503494 -1.444854
0.675676 0.026314 0.616383 -1.734978 0.045840 -0.133980 0.176904 -0.517048 0.676189 0.038925 0.730736 0.640083 0.504492 -1.241138
0.756755 0.052632 0.898884 -1.646668 0.066850 -0.127160 0.257983 -0.490730 0.758583 0.069437 0.027848 -0.570646 0.515361 -1.086790
0.864867 0.131577 1.275576 -1.381763 0.094864 -0.106704 0.366095 -0.411785 0.874819 0.150978 0.846971 0.721624 0.518515 -0.844066
0.891892 0.184209 1.369738 -1.205155 0.101867 -0.093066 0.393120 -0.359153 0.910716 0.203673 0.063745 -0.517951 0.503481 -0.740276
0.918921 0.236840 1.463915 -1.028547 0.108871 -0.079427 0.420149 -0.306521 0.948952 0.252247 0.885206 0.770198 0.495110 -0.630287
0.945946 0.289472 1.558077 -0.851939 0.115874 -0.065789 0.447174 -0.253890 0.989246 0.296964 0.104040 -0.473234 0.493732 -0.516380
0.972975 0.342107 1.652253 -0.675318 0.122878 -0.052150 0.474203 -0.201254 1.031367 0.338108 0.927327 0.811342 0.499412 -0.401367
1.000000 0.394739 1.746415 -0.498711 0.129881 -0.038512 0.501228 -0.148623 1.075090 0.375963 0.147763 -0.435379 0.511911 -0.288258
1.000000 0.447370 1.746415 -0.322103 0.129881 -0.024874 0.501228 -0.095991 1.095509 0.420665 0.947746 0.856044 0.503857 -0.189221
1.000000 0.500002 1.746415 -0.145495 0.129881 -0.011236 0.501228 -0.043360 1.118035 0.463649 0.170289 -0.392395 0.501230 -0.086292
1.000000 0.552634 1.746415 0.031113 0.129881 0.002403 0.501228 0.009272 1.142543 0.504863 0.972254 0.897258 0.504114 0.018497
0.972975 0.578947 1.652253 0.119410 0.122878 0.009221 0.474203 0.035586 1.132193 0.536756 0.159939 -0.360502 0.480933 0.074903
0.918921 0.657897 1.463915 0.384328 0.108871 0.029679 0.420149 0.114535 1.130152 0.621347 0.970214 0.981850 0.449273 0.266139
0.891892 0.684211 1.369738 0.472625 0.101867 0.036497 0.393120 0.140849 1.124107 0.654384 0.153893 -0.327466 0.434662 0.344036
0.864867 0.710528 1.275576 0.560936 0.094864 0.043317 0.366095 0.167167 1.119306 0.687741 0.965413 1.015207 0.422926 0.428346
0.810813 0.763160 1.087237 0.737544 0.080858 0.056955 0.312041 0.219798 1.113477 0.755132 0.148064 -0.260076 0.408988 0.613665
0.783784 0.763160 0.993061 0.737544 0.073854 0.056955 0.285012 0.219798 1.093952 0.772067 0.945888 1.032142 0.388758 0.656925
0.756755 0.763160 0.898884 0.737544 0.066850 0.056955 0.257983 0.219798 1.074752 0.789612 0.128864 -0.242530 0.369400 0.705646
0.729730 0.763160 0.804722 0.737544 0.059847 0.056955 0.230958 0.219798 1.055897 0.807787 0.927033 1.050317 0.351059 0.760645
0.702701 0.763160 0.710546 0.737544 0.052843 0.056955 0.203929 0.219798 1.037402 0.826619 0.110368 -0.223698 0.333898 0.822832
0.648647 0.736842 0.522207 0.649233 0.038836 0.050136 0.149875 0.193481 0.981672 0.848968 0.871304 1.072666 0.281318 0.911719
0.648647 0.710528 0.522207 0.560936 0.038836 0.043317 0.149875 0.167167 0.962078 0.830895 0.090774 -0.241771 0.259429 0.839884
0.648647 0.684211 0.522207 0.472625 0.038836 0.036497 0.149875 0.140849 0.942808 0.812074 0.852034 1.053845 0.238433 0.754360
0.621622 0.657897 0.428045 0.384328 0.031834 0.029679 0.122850 0.114535 0.905120 0.813741 0.053086 -0.240105 0.201030 0.750384
0.621622 0.631579 0.428045 0.296018 0.031834 0.022859 0.122850 0.088217 0.886175 0.793343 0.833089 1.033447 0.180914 0.622762
0.621622 0.605265 0.428045 0.207720 0.031834 0.016041 0.122850 0.061904 0.867618 0.772067 0.034529 -0.261381 0.162582 0.466758
0.621622 0.578947 0.428045 0.119410 0.031834 0.009221 0.122850 0.035586 0.849467 0.749867 0.814939 1.011248 0.146698 0.281951
0.648647 0.526316 0.522207 -0.057198 0.038836 -0.004417 0.149875 -0.017046 0.835315 0.681657 0.020377 -0.329592 0.152385 -0.113246
0.648647 0.500002 0.522207 -0.145495 0.038836 -0.011236 0.149875 -0.043360 0.818990 0.656705 0.798614 0.986296 0.149880 -0.281615
0.675676 0.473684 0.616383 -0.233806 0.045840 -0.018055 0.176904 -0.069677 0.825176 0.611432 0.026562 -0.374865 0.178674 -0.375211
0.675676 0.447370 0.616383 -0.322103 0.045840 -0.024874 0.176904 -0.095991 0.810357 0.584840 0.783795 0.959704 0.184221 -0.497156
0.729730 0.421053 0.804722 -0.410413 0.059847 -0.031693 0.230958 -0.122309 0.842491 0.523334 0.058696 -0.436370 0.243684 -0.487024
0.729730 0.394739 0.804722 -0.498711 0.059847 -0.038512 0.230958 -0.148623 0.829654 0.495859 0.770957 0.932229 0.253307 -0.571795
0.783784 0.368421 0.993061 -0.587021 0.073854 -0.045331 0.285012 -0.174940 0.866055 0.439405 0.095098 -0.492824 0.313406 -0.550505
0.810813 0.342107 1.087237 -0.675318 0.080858 -0.052150 0.312041 -0.201254 0.880032 0.399268 0.784933 0.892092 0.349161 -0.572824
0.810813 0.315789 1.087237 -0.763629 0.080858 -0.058970 0.312041 -0.227572 0.870139 0.371398 0.085205 -0.520694 0.361735 -0.630122
0.783784 0.315789 0.993061 -0.763629 0.073854 -0.058970 0.285012 -0.227572 0.845009 0.383007 0.759804 0.903701 0.338695 -0.673804
0.756755 0.315789 0.898884 -0.763629 0.066850 -0.058970 0.257983 -0.227572 0.820001 0.395326 0.060197 -0.508375 0.316288 -0.722848
0.702701 0.289472 0.710546 -0.851939 0.052843 -0.065789 0.203929 -0.253890 0.759989 0.390758 0.699792 0.899133 0.292222 -0.894095
0.648647 0.289472 0.522207 -0.851939 0.038836 -0.065789 0.149875 -0.253890 0.710308 0.419748 0.010516 -0.479386 0.257428 -1.037527
0.540539 0.289472 0.145529 -0.851939 0.010823 -0.065789 0.041768 -0.253890 0.613169 0.491661 0.602654 0.971047 0.213427 -1.407746
0.486485 0.289472 -0.042809 -0.851939 -0.003184 -0.065789 -0.012286 -0.253890 0.566094 0.536754 -0.036560 -0.434293 0.209661 1.522441
0.459461 0.289472 -0.136971 -0.851939 -0.010187 -0.065789 -0.039311 -0.253890 0.543045 0.562205 0.579605 0.996497 0.212960 1.417180
0.405407 0.289472 -0.325310 -0.851939 -0.024193 -0.065789 -0.093365 -0.253890 0.498145 0.620079 -0.081460 -0.376419 0.229180 1.218406
0.378378 0.289472 -0.419487 -0.851939 -0.031197 -0.065789 -0.120394 -0.253890 0.476407 0.653054 0.557867 1.029472 0.241457 1.128002
0.324324 0.289472 -0.607825 -0.851939 -0.045204 -0.065789 -0.174448 -0.253890 0.434718 0.728678 -0.123149 -0.300794 0.272468 0.968779
