0.108108 0.791670 -1.108268 0.685441 -0.075074 0.048597 -0.334107 0.216273 0.799017 1.435079 0.799017 1.435079 0.483473 -0.574486
0.081083 0.750000 -1.197912 0.553375 -0.081147 0.039234 -0.361132 0.174603 0.754370 1.463104 -0.044647 0.028025 0.474498 -0.450351
0.081083 0.708336 -1.197912 0.421330 -0.081147 0.029872 -0.361132 0.132940 0.712962 1.456823 0.757609 1.428798 0.448594 -0.352725
0.108108 0.666667 -1.108268 0.289264 -0.075074 0.020508 -0.334107 0.091270 0.675375 1.410034 -0.082234 -0.018764 0.402500 -0.266669
0.135137 0.666667 -1.018610 0.289264 -0.069001 0.020508 -0.307078 0.091270 0.680225 1.370801 0.762459 1.389565 0.380362 -0.288905
0.162162 0.666667 -0.928965 0.289264 -0.062928 0.020508 -0.280053 0.091270 0.686106 1.332187 -0.076353 -0.057377 0.358899 -0.315047
0.189191 0.666667 -0.839307 0.289264 -0.056855 0.020508 -0.253024 0.091270 0.692992 1.294280 0.769345 1.351657 0.338230 -0.346189
0.216216 0.666667 -0.749662 0.289264 -0.050782 0.020508 -0.225999 0.091270 0.700852 1.257176 -0.068493 -0.094481 0.318519 -0.383821
0.243245 0.666667 -0.660004 0.289264 -0.044709 0.020508 -0.198970 0.091270 0.709657 1.220939 0.778150 1.315420 0.299946 -0.430074
0.270270 0.666667 -0.570360 0.289264 -0.038636 0.020508 -0.171945 0.091270 0.719368 1.185640 -0.058782 -0.129780 0.282743 -0.487989
0.297299 0.708336 -0.480702 0.421330 -0.032563 0.029872 -0.144916 0.132940 0.768197 1.173411 0.826979 1.303192 0.303021 -0.742322
0.324324 0.708336 -0.391057 0.421330 -0.026490 0.029872 -0.117891 0.132940 0.779055 1.141420 -0.047924 -0.161772 0.291065 -0.845321
0.351353 0.750000 -0.301399 0.553375 -0.020417 0.039234 -0.090862 0.174603 0.828220 1.132689 0.876145 1.294461 0.320917 -1.090968
0.351353 0.791670 -0.301399 0.685441 -0.020417 0.048597 -0.090862 0.216273 0.866135 1.153100 -0.010010 -0.141361 0.361074 -1.173060
0.351353 0.833333 -0.301399 0.817486 -0.020417 0.057959 -0.090862 0.257936 0.904374 1.171789 0.914384 1.313150 0.401534 -1.232105
0.351353 0.875003 -0.301399 0.949552 -0.020417 0.067322 -0.090862 0.299606 0.942910 1.188959 0.028526 -0.124191 0.442224 -1.276341
0.351353 0.916667 -0.301399 1.081597 -0.020417 0.076684 -0.090862 0.341270 0.981696 1.204774 0.953170 1.328965 0.483074 -1.310586
0.324324 0.958336 -0.391057 1.213663 -0.026490 0.086047 -0.117891 0.382940 1.011729 1.244472 0.058559 -0.084494 0.529415 -1.272146
0.297299 0.958336 -0.480702 1.213663 -0.032563 0.086047 -0.144916 0.382940 1.003392 1.269987 0.944833 1.354480 0.536080 -1.209021
0.270270 0.958336 -0.570360 1.213663 -0.038636 0.086047 -0.171945 0.382940 0.995718 1.295916 0.050885 -0.058565 0.544010 -1.148763
0.243245 0.958336 -0.660004 1.213663 -0.044709 0.086047 -0.198970 0.382940 0.988725 1.322226 0.937840 1.380790 0.553146 -1.091603
0.216216 0.958336 -0.749662 1.213663 -0.050782 0.086047 -0.225999 0.382940 0.982425 1.348896 0.044585 -0.031894 0.563433 -1.037637
0.189191 0.958336 -0.839307 1.213663 -0.056855 0.086047 -0.253024 0.382940 0.976833 1.375887 0.932248 1.407781 0.574807 -0.986907
0.162162 0.958336 -0.928965 1.213663 -0.062928 0.086047 -0.280053 0.382940 0.971959 1.403172 0.039712 -0.004609 0.587206 -0.939355
0.108108 0.958336 -1.108268 1.213663 -0.075074 0.086047 -0.334107 0.382940 0.964415 1.458463 0.924703 1.463072 0.614824 -0.853396
0.108108 0.916667 -1.108268 1.081597 -0.075074 0.076684 -0.334107 0.341270 0.923020 1.453403 -0.001684 -0.009669 0.580286 -0.796003
0.081083 0.875003 -1.197912 0.949552 -0.081147 0.067322 -0.361132 0.299606 0.878752 1.478394 0.880436 1.488064 0.563668 -0.692549
0.054054 0.833333 -1.287570 0.817486 -0.087220 0.057959 -0.388161 0.257936 0.835085 1.506022 -0.045351 0.017959 0.551038 -0.586507
0.027029 0.791670 -1.377215 0.685441 -0.093293 0.048597 -0.415186 0.216273 0.792131 1.536668 0.837482 1.518709 0.542677 -0.480232
0.027029 0.750000 -1.377215 0.553375 -0.093293 0.039234 -0.415186 0.174603 0.750487 1.534773 -0.086995 0.016064 0.516828 -0.398089
0.027029 0.708336 -1.377215 0.421330 -0.093293 0.029872 -0.415186 0.132940 0.708852 1.532656 0.795847 1.516592 0.493153 -0.309878
0.000000 0.708336 -1.466873 0.421330 -0.099366 0.029872 -0.442215 0.132940 0.708336 1.570796 -0.087511 0.054204 0.516115 -0.292027
0.000000 0.666667 -1.466873 0.289264 -0.099366 0.020508 -0.442215 0.091270 0.666667 1.570796 0.754177 1.516592 0.495916 -0.203534
0.000000 0.624997 -1.466873 0.157199 -0.099366 0.011145 -0.442215 0.049600 0.624997 1.570796 -0.129181 0.054204 0.478501 -0.111696
0.000000 0.583333 -1.466873 0.025153 -0.099366 0.001783 -0.442215 0.007936 0.583333 1.570796 0.712514 1.516592 0.464186 -0.017945
0.000000 0.541664 -1.466873 -0.106912 -0.099366 -0.007580 -0.442215 -0.033733 0.541664 1.570796 -0.170850 0.054204 0.453259 0.076135
0.000000 0.500000 -1.466873 -0.238958 -0.099366 -0.016942 -0.442215 -0.075397 0.500000 1.570796 0.670850 1.516592 0.445974 0.168875
0.027029 0.416667 -1.377215 -0.503069 -0.093293 -0.035667 -0.415186 -0.158730 0.417542 1.506017 -0.253308 -0.010575 0.415971 0.365165
0.027029 0.374997 -1.377215 -0.635135 -0.093293 -0.045030 -0.415186 -0.200400 0.375970 1.498843 0.629278 1.509418 0.420592 0.449692
0.054054 0.333333 -1.287570 -0.767180 -0.087220 -0.054392 -0.388161 -0.242064 0.337688 1.410034 -0.291590 -0.099384 0.403143 0.557604
0.054054 0.291664 -1.287570 -0.899246 -0.087220 -0.063755 -0.388161 -0.283733 0.296630 1.387546 0.588220 1.486930 0.416335 0.631209
0.081083 0.250000 -1.197912 -1.031291 -0.081147 -0.073117 -0.361132 -0.325397 0.262820 1.257169 -0.325400 -0.229761 0.409100 0.733394
0.108108 0.208330 -1.108268 -1.163357 -0.075074 -0.082481 -0.334107 -0.367067 0.234710 1.092123 0.560110 1.321884 0.407835 0.832370
0.135137 0.166667 -1.018610 -1.295402 -0.069001 -0.091842 -0.307078 -0.408730 0.214569 0.889492 -0.345541 -0.432392 0.412582 0.926466
0.162162 0.124997 -0.928965 -1.427468 -0.062928 -0.101206 -0.280053 -0.450400 0.204745 0.656690 0.550287 1.089082 0.423151 1.014511
0.189191 0.083333 -0.839307 -1.559513 -0.056855 -0.110568 -0.253024 -0.492064 0.206731 0.414903 -0.343556 -0.674180 0.439109 1.095846
0.216216 0.083333 -0.749662 -1.559513 -0.050782 -0.110568 -0.225999 -0.492064 0.231719 0.367872 0.575275 1.042052 0.424113 1.140245
0.243245 0.041664 -0.660004 -1.691579 -0.044709 -0.119931 -0.198970 -0.533733 0.246787 0.169636 -0.328488 -0.872416 0.447248 1.213965
0.270270 0.041664 -0.570360 -1.691579 -0.038636 -0.119931 -0.171945 -0.533733 0.273462 0.152951 0.601950 1.025367 0.435897 1.259140
0.297299 0.041664 -0.480702 -1.691579 -0.032563 -0.119931 -0.144916 -0.533733 0.300204 0.139234 -0.301746 -0.886134 0.425960 1.305674
0.378378 0.000000 -0.211755 -1.823625 -0.014344 -0.129293 -0.063837 -0.575397 0.378378 0.000000 0.680124 0.886134 0.446799 1.460304
0.405407 0.000000 -0.122096 -1.823625 -0.008271 -0.129293 -0.036808 -0.575397 0.405407 0.000000 -0.274717 -0.886134 0.443744 1.506913
0.459461 0.000000 0.057206 -1.823625 0.003875 -0.129293 0.017246 -0.575397 0.459461 0.000000 0.734178 0.886134 0.442551 -1.540833
0.540544 0.000000 0.326167 -1.823625 0.022095 -0.129293 0.098329 -0.575397 0.540544 0.000000 -0.193634 -0.886134 0.453015 -1.401543
0.567568 0.041664 0.415811 -1.691579 0.028167 -0.119931 0.125354 -0.533733 0.569096 0.073276 0.762730 0.959410 0.419708 -1.340115
0.648651 0.041664 0.684772 -1.691579 0.046387 -0.119931 0.206437 -0.533733 0.649988 0.064143 -0.112742 -0.895267 0.450619 -1.201739
0.675676 0.083333 0.774417 -1.559513 0.052459 -0.110568 0.233462 -0.492064 0.680796 0.122714 0.793537 1.017980 0.428136 -1.127794
0.756759 0.124997 1.043377 -1.427468 0.070679 -0.101206 0.314545 -0.450400 0.767013 0.163696 -0.026524 -0.854284 0.446728 -0.961167
0.810813 0.124997 1.222680 -1.427468 0.082825 -0.101206 0.368598 -0.450400 0.820392 0.152958 0.846916 1.007243 0.486304 -0.884948
0.837838 0.166667 1.312324 -1.295402 0.088897 -0.091842 0.395623 -0.408730 0.854254 0.196361 0.007338 -0.810881 0.482125 -0.801692
0.891892 0.250000 1.491627 -1.031291 0.101043 -0.073117 0.449677 -0.325397 0.926268 0.273290 0.918929 1.084171 0.489036 -0.626405
0.918921 0.291664 1.581285 -0.899246 0.107117 -0.063755 0.476706 -0.283733 0.964097 0.307341 0.045168 -0.776830 0.499915 -0.536879
0.945946 0.416667 1.670930 -0.503069 0.113189 -0.035667 0.503731 -0.158730 1.033646 0.414906 0.988478 1.191736 0.504379 -0.305260
0.972975 0.458330 1.760588 -0.371024 0.119263 -0.026305 0.530760 -0.117067 1.075522 0.440229 0.087043 -0.751507 0.531005 -0.217088
0.972975 0.500000 1.760588 -0.238958 0.119263 -0.016942 0.530760 -0.075397 1.093929 0.474696 1.006886 1.226203 0.533897 -0.141110
0.972975 0.624997 1.760588 0.157199 0.119263 0.011145 0.530760 0.049600 1.156418 0.570983 0.149532 -0.655220 0.561352 0.093180
1.000000 0.666667 1.850232 0.289264 0.125335 0.020508 0.557785 0.091270 1.201850 0.588003 1.052318 1.243222 0.601251 0.162191
1.000000 0.750000 1.850232 0.553375 0.125335 0.039234 0.557785 0.174603 1.250000 0.643501 0.197682 -0.599721 0.637068 0.303367
1.000000 0.791670 1.850232 0.685441 0.125335 0.048597 0.557785 0.216273 1.275438 0.669641 1.077756 1.269362 0.658212 0.369889
0.972975 0.875003 1.760588 0.949552 0.119263 0.067322 0.530760 0.299606 1.308553 0.732432 0.230797 -0.536930 0.684845 0.513896
0.972975 0.916667 1.760588 1.081597 0.119263 0.076684 0.530760 0.341270 1.336772 0.755609 1.105975 1.292538 0.711907 0.571426
0.918921 0.958336 1.581285 1.213663 0.107117 0.086047 0.476706 0.382940 1.327714 0.806391 0.221740 -0.486147 0.702588 0.676752
0.891892 0.958336 1.491627 1.213663 0.101043 0.086047 0.449677 0.382940 1.309153 0.821294 1.087413 1.307441 0.684537 0.705415
0.864867 0.958336 1.401983 1.213663 0.094971 0.086047 0.422652 0.382940 1.290893 0.836620 0.203480 -0.470821 0.667096 0.736142
0.810813 1.000000 1.222680 1.345708 0.082825 0.095409 0.368598 0.424603 1.287408 0.889497 1.083928 1.360318 0.668573 0.855887
0.783784 1.000000 1.133022 1.345708 0.076751 0.095409 0.341569 0.424603 1.270558 0.906022 0.186630 -0.454296 0.654060 0.893351
0.729730 1.000000 0.953719 1.345708 0.064605 0.095409 0.287516 0.424603 1.237944 0.940395 1.051314 1.394691 0.627527 0.975578
0.675676 0.958336 0.774417 1.213663 0.052459 0.086047 0.233462 0.382940 1.172581 0.956688 0.121267 -0.438003 0.566468 1.023307
0.648651 0.958336 0.684772 1.213663 0.046387 0.086047 0.206437 0.382940 1.157220 0.975776 1.035952 1.413779 0.555876 1.076372
0.621622 0.916667 0.595114 1.081597 0.040313 0.076684 0.179408 0.341270 1.107561 0.974897 0.071609 -0.438881 0.507239 1.086796
0.594597 0.875003 0.505469 0.949552 0.034241 0.067322 0.152383 0.299606 1.057911 0.973936 0.986302 1.412817 0.458831 1.100284
0.594597 0.833333 0.505469 0.817486 0.034241 0.057959 0.152383 0.257936 1.023714 0.951056 0.037412 -0.461761 0.419755 1.037187
0.594597 0.791670 0.505469 0.685441 0.034241 0.048597 0.152383 0.216273 0.990095 0.926612 0.952683 1.388374 0.381234 0.957000
0.594597 0.750000 0.505469 0.553375 0.034241 0.039234 0.152383 0.174603 0.957103 0.900463 0.004420 -0.487911 0.343442 0.853249
0.594597 0.708336 0.505469 0.421330 0.034241 0.029872 0.152383 0.132940 0.924817 0.872472 0.920397 1.360383 0.306661 0.717359
0.594597 0.666667 0.505469 0.289264 0.034241 0.020508 0.152383 0.091270 0.893303 0.842477 -0.027094 -0.517906 0.271292 0.539648
0.621622 0.624997 0.595114 0.157199 0.040313 0.011145 0.179408 0.049600 0.881496 0.788105 0.908590 1.306011 0.256118 0.269728
0.675676 0.583333 0.774417 0.025153 0.052459 0.001783 0.233462 0.007936 0.892646 0.712184 -0.015944 -0.593828 0.272798 0.033981
0.702705 0.541664 0.864075 -0.106912 0.058533 -0.007580 0.260491 -0.033733 0.887240 0.656697 0.903184 1.250525 0.278829 -0.128783
0.729730 0.500000 0.953719 -0.238958 0.064605 -0.016942 0.287516 -0.075397 0.884594 0.600713 -0.018590 -0.649811 0.293265 -0.256461
0.756759 0.500000 1.043377 -0.238958 0.070679 -0.016942 0.314545 -0.075397 0.907020 0.583869 0.925610 1.233680 0.319808 -0.235263
0.756759 0.458330 1.043377 -0.371024 0.070679 -0.026305 0.314545 -0.117067 0.884732 0.544563 -0.040877 -0.689118 0.314957 -0.356295
0.783784 0.458330 1.133022 -0.371024 0.076751 -0.026305 0.341569 -0.117067 0.907956 0.529143 0.948834 1.218260 0.341949 -0.330185
0.756759 0.458330 1.043377 -0.371024 0.070679 -0.026305 0.314545 -0.117067 0.884732 0.544563 -0.064101 -0.673698 0.314957 -0.356295
0.729730 0.458330 0.953719 -0.371024 0.064605 -0.026305 0.287516 -0.117067 0.861727 0.560812 0.925828 1.234510 0.287967 -0.386669
0.702705 0.458330 0.864075 -0.371024 0.058533 -0.026305 0.260491 -0.117067 0.838964 0.577946 -0.086863 -0.656564 0.260989 -0.422362
0.648651 0.458330 0.684772 -0.371024 0.046387 -0.026305 0.206437 -0.117067 0.794239 0.615135 0.881102 1.271699 0.207065 -0.515864
0.594597 0.416667 0.505469 -0.503069 0.034241 -0.035667 0.152383 -0.158730 0.726056 0.611232 -0.155046 -0.660467 0.154510 -0.805798
0.513515 0.416667 0.236509 -0.503069 0.016021 -0.035667 0.071300 -0.158730 0.661293 0.681655 0.816339 1.342121 0.075739 -1.148618
0.486490 0.416667 0.146864 -0.503069 0.009949 -0.035667 0.044275 -0.158730 0.640534 0.708242 -0.175806 -0.633880 0.051117 -1.298779
0.432432 0.416667 -0.032452 -0.503069 -0.002198 -0.035667 -0.009783 -0.158730 0.600507 0.766834 0.776312 1.400713 0.027357 1.509240
0.378378 0.416667 -0.211755 -0.503069 -0.014344 -0.035667 -0.063837 -0.158730 0.562833 0.833521 -0.213479 -0.567193 0.068760 1.188417
0.351353 0.416667 -0.301399 -0.503069 -0.020417 -0.035667 -0.090862 -0.158730 0.545032 0.870236 0.758511 1.437429 0.094386 1.050895
0.324324 0.416667 -0.391057 -0.503069 -0.026490 -0.035667 -0.117891 -0.158730 0.528012 0.909380 -0.230499 -0.528049 0.120628 0.931975
0.297299 0.416667 -0.480702 -0.503069 -0.032563 -0.035667 -0.144916 -0.158730 0.511857 0.951056 0.742356 1.479105 0.147151 0.830861
