0.228571 0.823529 -0.878985 0.834956 -0.057144 0.056771 -0.258395 0.256708 0.854661 1.300061 0.854661 1.300061 0.424315 -0.782123
0.199997 0.794120 -0.976184 0.739300 -0.063463 0.050267 -0.286968 0.227299 0.818917 1.324079 -0.035744 0.024019 0.420350 -0.669886
0.199997 0.764706 -0.976184 0.643630 -0.063463 0.043762 -0.286968 0.197885 0.790426 1.314991 0.826170 1.290972 0.399363 -0.603691
0.228571 0.764706 -0.878985 0.643630 -0.057144 0.043762 -0.258395 0.197885 0.798135 1.280349 -0.028035 -0.010624 0.379351 -0.653551
0.257140 0.735296 -0.781801 0.547974 -0.050826 0.037258 -0.229826 0.168475 0.778962 1.234380 0.806997 1.245004 0.338361 -0.632568
0.285714 0.735296 -0.684602 0.547974 -0.044507 0.037258 -0.201252 0.168475 0.788856 1.200183 -0.018142 -0.044821 0.319641 -0.696977
0.314283 0.735296 -0.587418 0.547974 -0.038189 0.037258 -0.172683 0.168475 0.799646 1.166875 0.817788 1.211696 0.302469 -0.773065
0.342856 0.735296 -0.490219 0.547974 -0.031870 0.037258 -0.144109 0.168475 0.811302 1.134484 -0.006486 -0.077212 0.287116 -0.863190
0.371426 0.735296 -0.393035 0.547974 -0.025552 0.037258 -0.115540 0.168475 0.823783 1.103047 0.830268 1.180259 0.273893 -0.969664
0.371426 0.764706 -0.393035 0.643630 -0.025552 0.043762 -0.115540 0.197885 0.850137 1.118646 0.019868 -0.061614 0.300814 -1.042316
0.399999 0.764706 -0.295836 0.643630 -0.019233 0.043762 -0.086967 0.197885 0.863003 1.088859 0.843135 1.150473 0.291037 -1.156724
0.428568 0.794120 -0.198652 0.739300 -0.012915 0.050267 -0.058398 0.227299 0.902384 1.075913 0.059249 -0.074560 0.312656 -1.319316
0.428568 0.823529 -0.198652 0.834956 -0.012915 0.056771 -0.058398 0.256708 0.928370 1.090959 0.869121 1.165519 0.341592 -1.347117
0.428568 0.852943 -0.198652 0.930626 -0.012915 0.063276 -0.058398 0.286122 0.954559 1.105184 0.085438 -0.060334 0.370607 -1.369462
0.428568 0.882353 -0.198652 1.026283 -0.012915 0.069780 -0.058398 0.315532 0.980927 1.118645 0.895489 1.178980 0.399676 -1.387791
0.428568 0.911767 -0.198652 1.121953 -0.012915 0.076285 -0.058398 0.344946 1.007467 1.131401 0.111978 -0.047578 0.428796 -1.403092
0.399999 0.941176 -0.295836 1.217609 -0.019233 0.082789 -0.086967 0.374355 1.022650 1.168926 0.910672 1.216505 0.462461 -1.342534
0.399999 0.970590 -0.295836 1.313279 -0.019233 0.089294 -0.086967 0.403769 1.049783 1.179886 0.139112 -0.036619 0.491382 -1.358650
0.371426 0.970590 -0.393035 1.313279 -0.025552 0.089294 -0.115540 0.403769 1.039232 1.205310 0.900120 1.241928 0.497235 -1.292090
0.342856 1.000000 -0.490219 1.408935 -0.031870 0.095798 -0.144109 0.433179 1.057143 1.240500 0.157023 -0.001429 0.532890 -1.249635
0.314283 1.000000 -0.587418 1.408935 -0.038189 0.095798 -0.172683 0.433179 1.048224 1.266288 0.891202 1.267717 0.541316 -1.191462
0.285714 1.000000 -0.684602 1.408935 -0.044507 0.095798 -0.201252 0.433179 1.040016 1.292497 0.148814 0.024781 0.551096 -1.135873
0.257140 1.000000 -0.781801 1.408935 -0.050826 0.095798 -0.229826 0.433179 1.032531 1.319109 0.883717 1.294328 0.562160 -1.083004
0.228571 1.000000 -0.878985 1.408935 -0.057144 0.095798 -0.258395 0.433179 1.025790 1.346086 0.142072 0.051757 0.574432 -1.032948
0.199997 1.000000 -0.976184 1.408935 -0.063463 0.095798 -0.286968 0.433179 1.019803 1.373403 0.877731 1.321646 0.587839 -0.985704
0.171428 1.000000 -1.073368 1.408935 -0.069781 0.095798 -0.315538 0.433179 1.014587 1.401018 0.136856 0.079373 0.602302 -0.941248
0.142855 0.970590 -1.170567 1.313279 -0.076100 0.089294 -0.344111 0.403769 0.981047 1.424662 0.844191 1.345290 0.593553 -0.864999
0.114285 0.941176 -1.267751 1.217609 -0.082419 0.082789 -0.372680 0.374355 0.948090 1.449960 0.103899 0.104670 0.587535 -0.787640
0.085712 0.941176 -1.364950 1.217609 -0.088738 0.082789 -0.401254 0.374355 0.945071 1.479978 0.841172 1.375308 0.606063 -0.750731
0.085712 0.911767 -1.364950 1.121953 -0.088738 0.076285 -0.401254 0.344946 0.915787 1.477065 0.074615 0.101757 0.584346 -0.710081
0.057143 0.882353 -1.462135 1.026283 -0.095056 0.069780 -0.429823 0.315532 0.884201 1.506125 0.809587 1.404368 0.584020 -0.633245
0.028569 0.823529 -1.559333 0.834956 -0.101375 0.056771 -0.458397 0.256708 0.824025 1.536119 0.014438 0.131752 0.568685 -0.510498
0.028569 0.794120 -1.559333 0.739300 -0.101375 0.050267 -0.458397 0.227299 0.794634 1.534836 0.780195 1.403084 0.551789 -0.460327
0.028569 0.764706 -1.559333 0.643630 -0.101375 0.043762 -0.458397 0.197885 0.765239 1.533454 -0.014956 0.130370 0.535973 -0.407522
0.000000 0.735296 -1.656518 0.547974 -0.107693 0.037258 -0.486966 0.168475 0.735296 1.570796 0.750252 1.440427 0.546629 -0.333079
0.000000 0.705882 -1.656518 0.452303 -0.107693 0.030753 -0.486966 0.139061 0.705882 1.570796 -0.044370 0.130370 0.533910 -0.278163
0.000000 0.647059 -1.656518 0.260977 -0.107693 0.017745 -0.486966 0.080238 0.647059 1.570796 0.691429 1.440427 0.512607 -0.163303
0.000000 0.617645 -1.656518 0.165306 -0.107693 0.011240 -0.486966 0.050824 0.617645 1.570796 -0.073784 0.130370 0.504195 -0.103991
0.000000 0.558821 -1.656518 -0.026020 -0.107693 -0.001769 -0.486966 -0.008000 0.558821 1.570796 0.632605 1.440427 0.492239 0.016427
0.000000 0.499998 -1.656518 -0.217347 -0.107693 -0.014778 -0.486966 -0.066824 0.499998 1.570796 -0.132608 0.130370 0.487140 0.136372
0.000000 0.441174 -1.656518 -0.408673 -0.107693 -0.027787 -0.486966 -0.125647 0.441174 1.570796 0.573782 1.440427 0.489114 0.252513
0.000000 0.411765 -1.656518 -0.504329 -0.107693 -0.034291 -0.486966 -0.155057 0.411765 1.570796 -0.162017 0.130370 0.492738 0.308263
0.028569 0.352941 -1.559333 -0.695656 -0.101375 -0.047300 -0.458397 -0.213880 0.354096 1.490026 0.516113 1.359657 0.477588 0.436559
0.057143 0.323527 -1.462135 -0.791326 -0.095056 -0.053805 -0.429823 -0.243294 0.328535 1.395975 -0.187578 0.036318 0.459848 0.515069
0.085712 0.235294 -1.364950 -1.078309 -0.088738 -0.073317 -0.401254 -0.331527 0.250419 1.221461 0.437997 1.185142 0.473649 0.690530
0.114285 0.205880 -1.267751 -1.173979 -0.082419 -0.079822 -0.372680 -0.360941 0.235474 1.064041 -0.202524 -0.121102 0.466797 0.769398
0.171428 0.147057 -1.073368 -1.365306 -0.069781 -0.092831 -0.315538 -0.419765 0.225861 0.709023 0.428385 0.830125 0.463791 0.926207
0.199997 0.117647 -0.976184 -1.460962 -0.063463 -0.099335 -0.286968 -0.449174 0.232034 0.531730 -0.196351 -0.298395 0.467704 1.002278
0.257140 0.088233 -0.781801 -1.556632 -0.050826 -0.105840 -0.229826 -0.478588 0.271857 0.330543 0.468208 0.628939 0.460226 1.123101
0.285714 0.058824 -0.684602 -1.652288 -0.044507 -0.112344 -0.201252 -0.507998 0.291706 0.203046 -0.176501 -0.425893 0.473084 1.193598
0.342856 0.058824 -0.490219 -1.652288 -0.031870 -0.112344 -0.144109 -0.507998 0.347866 0.169915 0.524367 0.595808 0.451745 1.294377
0.371426 0.029410 -0.393035 -1.747959 -0.025552 -0.118849 -0.115540 -0.537412 0.372588 0.079015 -0.151779 -0.516792 0.471919 1.359026
0.428568 0.000000 -0.198652 -1.843615 -0.012915 -0.125353 -0.058398 -0.566821 0.428568 0.000000 0.580348 0.516792 0.490455 1.468132
0.485711 0.000000 -0.004268 -1.843615 -0.000277 -0.125353 -0.001255 -0.566821 0.485711 0.000000 -0.094636 -0.516792 0.486967 1.568583
0.514285 0.000000 0.092931 -1.843615 0.006042 -0.125353 0.027319 -0.566821 0.514285 0.000000 0.608921 0.516792 0.487732 -1.522637
0.571427 0.000000 0.287314 -1.843615 0.018679 -0.125353 0.084461 -0.566821 0.571427 0.000000 -0.037494 -0.516792 0.494236 -1.422876
0.599997 0.000000 0.384498 -1.843615 0.024997 -0.125353 0.113031 -0.566821 0.599997 0.000000 0.637490 0.516792 0.499912 -1.373967
0.685713 0.029410 0.676080 -1.747959 0.043953 -0.118849 0.198747 -0.537412 0.686343 0.042863 0.048853 -0.473930 0.498857 -1.216573
0.742856 0.058824 0.870463 -1.652288 0.056590 -0.112344 0.255890 -0.507998 0.745181 0.079021 0.696328 0.552951 0.498784 -1.104175
0.742856 0.088233 0.870463 -1.556632 0.056590 -0.105840 0.255890 -0.478588 0.748077 0.118222 0.051749 -0.434729 0.473780 -1.079794
0.771429 0.117647 0.967662 -1.460962 0.062909 -0.099335 0.284463 -0.449174 0.780348 0.151339 0.728599 0.586068 0.466171 -1.006249
0.828572 0.147057 1.162045 -1.365306 0.075546 -0.092831 0.341606 -0.419765 0.841521 0.175653 0.112921 -0.410415 0.481906 -0.887695
0.857141 0.176471 1.259229 -1.269635 0.081864 -0.086326 0.370175 -0.390351 0.875119 0.203046 0.762197 0.613461 0.483153 -0.811920
0.885715 0.205880 1.356428 -1.173979 0.088184 -0.079822 0.398749 -0.360941 0.909328 0.228390 0.147130 -0.385071 0.487862 -0.735672
0.885715 0.235294 1.356428 -1.078309 0.088184 -0.073317 0.398749 -0.331527 0.916435 0.259657 0.769305 0.644729 0.471529 -0.693607
0.914284 0.294118 1.453612 -0.886982 0.094502 -0.060309 0.427318 -0.272704 0.960427 0.311237 0.191122 -0.333492 0.468819 -0.568018
0.942857 0.352941 1.550811 -0.695656 0.100821 -0.047300 0.455891 -0.213880 1.006751 0.358184 0.815629 0.691676 0.475184 -0.438662
0.971426 0.382351 1.647996 -0.600000 0.107139 -0.040796 0.484461 -0.184471 1.043964 0.374975 0.228336 -0.316702 0.495627 -0.363824
0.971426 0.441174 1.647996 -0.408673 0.107139 -0.027787 0.484461 -0.125647 1.066913 0.426300 0.838578 0.743002 0.486620 -0.253763
1.000000 0.470588 1.745194 -0.313003 0.113458 -0.021282 0.513034 -0.096233 1.105194 0.439843 0.266616 -0.303159 0.513295 -0.185422
1.000000 0.529412 1.745194 -0.121676 0.113458 -0.008273 0.513034 -0.037410 1.131493 0.486899 0.864877 0.790059 0.514787 -0.072789
1.000000 0.558821 1.745194 -0.026020 0.113458 -0.001769 0.513034 -0.008000 1.145548 0.509591 0.280671 -0.280468 0.518042 -0.015592
1.000000 0.588235 1.745194 0.069650 0.113458 0.004736 0.513034 0.021414 1.160181 0.531724 0.879510 0.812192 0.522934 0.041716
1.000000 0.617645 1.745194 0.165306 0.113458 0.011240 0.513034 0.050824 1.175366 0.553293 0.295856 -0.258899 0.529416 0.098742
0.971426 0.647059 1.647996 0.260977 0.107139 0.017745 0.484461 0.080238 1.167199 0.587604 0.871344 0.846504 0.510227 0.164132
0.971426 0.676473 1.647996 0.356647 0.107139 0.024250 0.484461 0.109652 1.183759 0.608286 0.312415 -0.238218 0.520207 0.222587
0.942857 0.705882 1.550811 0.452303 0.100821 0.030753 0.455891 0.139061 1.177816 0.642645 0.865400 0.880863 0.505729 0.296066
0.914284 0.735296 1.453612 0.547974 0.094502 0.037258 0.427318 0.168475 1.173276 0.677316 0.307875 -0.203546 0.494235 0.375550
0.885715 0.764706 1.356428 0.643630 0.088184 0.043762 0.398749 0.197885 1.170156 0.712209 0.862281 0.915756 0.485942 0.460654
0.857141 0.794120 1.259229 0.739300 0.081864 0.050267 0.370175 0.227299 1.168468 0.747251 0.306187 -0.168504 0.481013 0.550672
0.799998 0.794120 1.064846 0.739300 0.069227 0.050267 0.313032 0.227299 1.127219 0.781711 0.821033 0.950215 0.438558 0.628041
0.799998 0.823529 1.064846 0.834956 0.069227 0.056771 0.313032 0.256708 1.148128 0.799891 0.327095 -0.150324 0.459635 0.686859
0.771429 0.823529 0.967662 0.834956 0.062909 0.056771 0.284463 0.256708 1.128408 0.818052 0.801312 0.968376 0.440675 0.734156
0.742856 0.823529 0.870463 0.834956 0.056590 0.056771 0.255890 0.256708 1.109069 0.836856 0.307757 -0.131520 0.422794 0.786995
0.714282 0.823529 0.773264 0.834956 0.050271 0.056771 0.227316 0.256708 1.090137 0.856320 0.782380 0.987840 0.406137 0.846048
0.685713 0.823529 0.676080 0.834956 0.043953 0.056771 0.198747 0.256708 1.071636 0.876461 0.289256 -0.111380 0.390865 0.911978
0.657139 0.794120 0.578881 0.739300 0.037634 0.050267 0.170173 0.227299 1.030756 0.879507 0.741501 0.990886 0.351145 0.928142
0.628570 0.794120 0.481697 0.739300 0.031316 0.050267 0.141604 0.227299 1.012782 0.901241 0.271281 -0.089645 0.338224 1.013645
0.599997 0.764706 0.384498 0.643630 0.024997 0.043762 0.113031 0.197885 0.971993 0.905510 0.700712 0.995155 0.299859 1.051826
0.599997 0.735296 0.384498 0.547974 0.024997 0.037258 0.113031 0.168475 0.949029 0.886379 0.248317 -0.108775 0.272844 0.979865
0.599997 0.705882 0.384498 0.452303 0.024997 0.030753 0.113031 0.139061 0.926426 0.866305 0.678109 0.975081 0.246374 0.888291
0.599997 0.647059 0.384498 0.260977 0.024997 0.017745 0.113031 0.080238 0.882429 0.823119 0.204320 -0.151962 0.195974 0.617322
0.599997 0.617645 0.384498 0.165306 0.024997 0.011240 0.113031 0.050824 0.861093 0.799891 0.656773 0.951853 0.172780 0.422558
0.628570 0.588235 0.481697 0.069650 0.031316 0.004736 0.141604 0.021414 0.860884 0.752262 0.204111 -0.199590 0.174090 0.150087
0.628570 0.558821 0.481697 -0.026020 0.031316 -0.001769 0.141604 -0.008000 0.841060 0.726724 0.636949 0.926315 0.158792 -0.056435
0.657139 0.529412 0.578881 -0.121676 0.037634 -0.008273 0.170173 -0.037410 0.843865 0.678165 0.206916 -0.248150 0.175387 -0.216390
0.685713 0.499998 0.676080 -0.217347 0.043953 -0.014778 0.198747 -0.066824 0.848646 0.630033 0.641730 0.878182 0.199174 -0.324350
0.714282 0.470588 0.773264 -0.313003 0.050271 -0.021282 0.227316 -0.096233 0.855367 0.582555 0.213637 -0.295627 0.227905 -0.400468
0.742856 0.441174 0.870463 -0.408673 0.056590 -0.027787 0.255890 -0.125647 0.863984 0.535915 0.650347 0.831542 0.259955 -0.456438
0.771429 0.411765 0.967662 -0.504329 0.062909 -0.034291 0.284463 -0.155057 0.874444 0.490296 0.224097 -0.341245 0.294236 -0.499062
0.799998 0.382351 1.064846 -0.600000 0.069227 -0.040796 0.313032 -0.184471 0.886673 0.445844 0.662576 0.787089 0.330051 -0.532516
0.771429 0.382351 0.967662 -0.600000 0.062909 -0.040796 0.284463 -0.184471 0.860985 0.460153 0.198409 -0.326936 0.303090 -0.575311
0.742856 0.382351 0.870463 -0.600000 0.056590 -0.040796 0.255890 -0.184471 0.835480 0.475341 0.637071 0.802278 0.276449 -0.624615
0.714282 0.382351 0.773264 -0.600000 0.050271 -0.040796 0.227316 -0.184471 0.810180 0.491482 0.173108 -0.310795 0.250234 -0.681723
0.685713 0.382351 0.676080 -0.600000 0.043953 -0.040796 0.198747 -0.184471 0.785108 0.508656 0.611999 0.819452 0.224599 -0.748161
0.628570 0.411765 0.481697 -0.504329 0.031316 -0.034291 0.141604 -0.155057 0.751432 0.579939 0.139433 -0.239512 0.160334 -0.830713
0.571427 0.411765 0.287314 -0.504329 0.018679 -0.034291 0.084461 -0.155057 0.704329 0.624411 0.564896 0.863924 0.113088 -1.072021
0.514285 0.411765 0.092931 -0.504329 0.006042 -0.034291 0.027319 -0.155057 0.658816 0.675140 0.093920 -0.188783 0.080010 -1.396400
0.457142 0.411765 -0.101453 -0.504329 -0.006596 -0.034291 -0.029824 -0.155057 0.615247 0.733222 0.521327 0.922006 0.080899 1.380774
0.428568 0.441174 -0.198652 -0.408673 -0.012915 -0.027787 -0.058398 -0.125647 0.615065 0.799891 0.093739 -0.122115 0.074210 1.135724
0.399999 0.441174 -0.295836 -0.408673 -0.019233 -0.027787 -0.086967 -0.125647 0.595512 0.834309 0.501773 0.956423 0.098286 0.965358
0.371426 0.441174 -0.393035 -0.408673 -0.025552 -0.027787 -0.115540 -0.125647 0.576708 0.871022 0.074935 -0.085401 0.124284 0.827278
0.342856 0.441174 -0.490219 -0.408673 -0.031870 -0.027787 -0.144109 -0.125647 0.558735 0.910147 0.483801 0.995549 0.151210 0.717064
0.314283 0.441174 -0.587418 -0.408673 -0.038189 -0.027787 -0.172683 -0.125647 0.541672 0.951811 0.057871 -0.043737 0.178651 0.629021
