0.048388 0.724999 -1.277305 0.562758 -0.094953 0.046473 -0.365656 0.178962 0.726612 1.504153 0.726612 1.504153 0.479997 -0.455153
0.048388 0.700001 -1.277305 0.484150 -0.094953 0.039981 -0.365656 0.153964 0.701672 1.501780 -0.024941 -0.002373 0.464194 -0.398530
0.064516 0.674999 -1.220968 0.405530 -0.090765 0.033489 -0.349528 0.128962 0.678076 1.475506 0.703016 1.477879 0.436197 -0.353465
0.080646 0.650001 -1.164622 0.326922 -0.086576 0.026997 -0.333398 0.103964 0.654985 1.447356 -0.048031 -0.030523 0.408448 -0.302276
0.096774 0.625000 -1.108284 0.248302 -0.082388 0.020505 -0.317270 0.078962 0.632447 1.417178 0.680478 1.447700 0.381002 -0.243924
0.112904 0.600002 -1.051939 0.169694 -0.078200 0.014013 -0.301140 0.053964 0.610532 1.384798 -0.069946 -0.062902 0.353929 -0.177318
0.129032 0.600002 -0.995601 0.169694 -0.074012 0.014013 -0.285012 0.053964 0.613719 1.358970 0.683665 1.421872 0.340312 -0.187125
0.145162 0.575000 -0.939255 0.091074 -0.069823 0.007521 -0.268882 0.028962 0.593040 1.323507 -0.090625 -0.098365 0.313376 -0.107301
0.177420 0.575000 -0.826572 0.091074 -0.061446 0.007521 -0.236624 0.028962 0.601750 1.271508 0.692375 1.369872 0.286178 -0.121793
0.209678 0.575000 -0.713889 0.091074 -0.053069 0.007521 -0.204366 0.028962 0.612037 1.221123 -0.080338 -0.148749 0.260139 -0.140781
0.225806 0.575000 -0.657552 0.091074 -0.048881 0.007521 -0.188239 0.028962 0.617748 1.196594 0.698086 1.345342 0.247670 -0.152663
0.258064 0.600002 -0.544869 0.169694 -0.040505 0.014013 -0.155981 0.053964 0.653145 1.164609 -0.044941 -0.180733 0.242714 -0.333078
0.274194 0.625000 -0.488523 0.248302 -0.036316 0.020505 -0.139850 0.078962 0.682500 1.157370 0.727441 1.338103 0.253101 -0.513999
0.290322 0.674999 -0.432186 0.405530 -0.032128 0.033489 -0.123723 0.128962 0.734786 1.164608 0.007345 -0.173495 0.288799 -0.806131
0.306452 0.700001 -0.375840 0.484150 -0.027939 0.039981 -0.107592 0.153964 0.764143 1.158144 0.756798 1.331639 0.305528 -0.960866
0.306452 0.750001 -0.375840 0.641377 -0.027939 0.052965 -0.107592 0.203964 0.810194 1.182896 0.053396 -0.148743 0.352765 -1.085386
0.306452 0.800001 -0.375840 0.798605 -0.027939 0.065949 -0.107592 0.253964 0.856688 1.204974 0.803292 1.353717 0.400672 -1.170067
0.306452 0.824999 -0.375840 0.877213 -0.027939 0.072440 -0.107592 0.278962 0.880077 1.215135 0.076786 -0.138582 0.424805 -1.202688
0.306452 0.874999 -0.375840 1.034441 -0.027939 0.085424 -0.107592 0.328961 0.927111 1.233915 0.850326 1.372497 0.473344 -1.254696
0.290322 0.900000 -0.432186 1.113060 -0.032128 0.091917 -0.123723 0.353963 0.945668 1.258755 0.095342 -0.113742 0.501458 -1.234536
0.258064 0.950000 -0.544869 1.270288 -0.040505 0.104900 -0.155981 0.403963 0.984427 1.305551 0.889085 1.419293 0.558192 -1.202307
0.225806 0.975002 -0.657552 1.348908 -0.048881 0.111393 -0.188239 0.428965 1.000808 1.343213 0.111723 -0.076080 0.591699 -1.157278
0.209678 1.000000 -0.713889 1.427516 -0.053069 0.117884 -0.204366 0.453963 1.021746 1.364112 0.910023 1.440192 0.620572 -1.147790
0.193548 1.000000 -0.770235 1.427516 -0.057258 0.117884 -0.220496 0.453963 1.018558 1.379612 0.108535 -0.060580 0.626069 -1.118642
0.161290 1.000000 -0.882918 1.427516 -0.065635 0.117884 -0.252754 0.453963 1.012924 1.410884 0.904389 1.471464 0.638145 -1.062768
0.145162 1.000000 -0.939255 1.427516 -0.069823 0.117884 -0.268882 0.453963 1.010481 1.426641 0.106093 -0.044822 0.644703 -1.036058
0.112904 0.975002 -1.051939 1.348908 -0.078200 0.111393 -0.301140 0.428965 0.981517 1.455511 0.875425 1.500333 0.636678 -0.958718
0.080646 0.900000 -1.164622 1.113060 -0.086576 0.091917 -0.333398 0.353963 0.903606 1.481428 0.028182 -0.018905 0.589328 -0.815308
0.064516 0.874999 -1.220968 1.034441 -0.090765 0.085424 -0.349528 0.328961 0.877374 1.497197 0.849192 1.516102 0.578488 -0.755094
0.032258 0.824999 -1.333651 0.877213 -0.099142 0.072440 -0.381786 0.278962 0.825629 1.531716 -0.023563 0.015614 0.560932 -0.631018
0.032258 0.774999 -1.333651 0.719985 -0.099142 0.059456 -0.381786 0.228962 0.775670 1.529197 0.799233 1.513584 0.525404 -0.540207
0.016130 0.724999 -1.389988 0.562758 -0.103330 0.046473 -0.397914 0.178962 0.725179 1.548551 -0.074055 0.034968 0.505004 -0.422646
0.000000 0.674999 -1.446334 0.405530 -0.107518 0.033489 -0.414044 0.128962 0.674999 1.570796 0.749054 1.535828 0.489418 -0.301946
0.000000 0.550002 -1.446334 0.012467 -0.107518 0.001029 -0.414044 0.003964 0.550002 1.570796 -0.199052 0.034968 0.435795 -0.009575
0.000000 0.500002 -1.446334 -0.144761 -0.107518 -0.011954 -0.414044 -0.046035 0.500002 1.570796 0.699054 1.535828 0.422873 0.110730
0.016130 0.450002 -1.389988 -0.301989 -0.103330 -0.024938 -0.397914 -0.096035 0.450291 1.534967 -0.248763 -0.000862 0.399536 0.236818
0.032258 0.375000 -1.333651 -0.537836 -0.099142 -0.044415 -0.381786 -0.171037 0.376385 1.484986 0.625148 1.485848 0.383778 0.421182
0.064516 0.325001 -1.220968 -0.695064 -0.090765 -0.057398 -0.349528 -0.221037 0.331342 1.374834 -0.293806 -0.111014 0.360692 0.563892
0.129032 0.225001 -0.995601 -1.009519 -0.074012 -0.083366 -0.285012 -0.321036 0.259374 1.050111 0.553180 1.161125 0.342008 0.844769
0.177420 0.175001 -0.826572 -1.166747 -0.061446 -0.096350 -0.236624 -0.371036 0.249205 0.778535 -0.303974 -0.382590 0.336352 1.003089
0.225806 0.125001 -0.657552 -1.323975 -0.048881 -0.109334 -0.188239 -0.421036 0.258096 0.505587 0.562070 0.888177 0.344934 1.150370
0.274194 0.075002 -0.488523 -1.481203 -0.036316 -0.122318 -0.139850 -0.471036 0.284267 0.267003 -0.277804 -0.621174 0.366753 1.282186
0.338710 0.050000 -0.263157 -1.559822 -0.019563 -0.128810 -0.075334 -0.496037 0.342381 0.146560 0.620184 0.767734 0.371758 1.420076
0.387098 0.025002 -0.094128 -1.638430 -0.006997 -0.135302 -0.026946 -0.521035 0.387905 0.064498 -0.232279 -0.703236 0.389975 1.519126
0.516130 0.000000 0.356605 -1.717050 0.026509 -0.141794 0.102086 -0.546037 0.516130 0.000000 0.748410 0.703236 0.426444 -1.385972
0.564516 0.000000 0.525625 -1.717050 0.039074 -0.141794 0.150472 -0.546037 0.564516 0.000000 -0.183894 -0.703236 0.440539 -1.301900
0.677420 0.000000 0.920020 -1.717050 0.068393 -0.141794 0.263376 -0.546037 0.677420 0.000000 0.861314 0.703236 0.490713 -1.121376
0.725806 0.025002 1.089041 -1.638430 0.080958 -0.135302 0.311761 -0.521035 0.726236 0.034433 -0.135077 -0.668802 0.498547 -1.031591
0.774194 0.050000 1.258070 -1.559822 0.093523 -0.128810 0.360150 -0.496037 0.775807 0.064493 0.910884 0.733296 0.512090 -0.942798
0.806452 0.075002 1.370753 -1.481203 0.101900 -0.122318 0.392408 -0.471036 0.809932 0.092735 -0.100952 -0.640561 0.518588 -0.876211
0.854840 0.100000 1.539782 -1.402595 0.114465 -0.115826 0.440796 -0.446038 0.860669 0.116451 0.961622 0.757012 0.541226 -0.791309
0.919356 0.175001 1.765148 -1.166747 0.131219 -0.096350 0.505312 -0.371036 0.935864 0.188102 -0.025758 -0.568910 0.559001 -0.633359
0.951614 0.225001 1.877831 -1.009519 0.139595 -0.083366 0.537570 -0.321036 0.977852 0.232178 1.003610 0.801088 0.569841 -0.538357
0.983872 0.350002 1.990514 -0.616444 0.147972 -0.050906 0.569828 -0.196035 1.044273 0.341779 0.040663 -0.459309 0.573415 -0.331342
1.000000 0.400002 2.046851 -0.459217 0.152160 -0.037922 0.585956 -0.146035 1.077034 0.380508 1.036371 0.839817 0.586124 -0.244249
1.000000 0.525000 2.046851 -0.066153 0.152160 -0.005463 0.585956 -0.021037 1.129436 0.483447 0.093065 -0.356370 0.596368 -0.035887
1.000000 0.600002 2.046851 0.169694 0.152160 0.014013 0.585956 0.053964 1.166191 0.540421 1.073126 0.896791 0.614755 0.091837
0.983872 0.650001 1.990514 0.326922 0.147972 0.026997 0.569828 0.103964 1.179197 0.583830 0.106071 -0.312961 0.616749 0.180463
0.951614 0.750001 1.877831 0.641377 0.139595 0.052965 0.537570 0.203964 1.211640 0.667464 1.105569 0.980425 0.633915 0.362638
0.919356 0.800001 1.765148 0.798605 0.131219 0.065949 0.505312 0.253964 1.218695 0.716091 0.113126 -0.264335 0.635848 0.465716
0.854840 0.850001 1.539782 0.955833 0.114465 0.078933 0.440796 0.303963 1.205509 0.782559 1.092383 1.046894 0.619967 0.603697
0.822580 0.850001 1.427090 0.955833 0.106088 0.078933 0.408535 0.303963 1.182852 0.801791 0.090469 -0.245103 0.597460 0.639670
0.790322 0.850001 1.314407 0.955833 0.097711 0.078933 0.376277 0.303963 1.160651 0.821764 1.070182 1.066867 0.575884 0.679489
0.725806 0.824999 1.089041 0.877213 0.080958 0.072440 0.311761 0.278962 1.098825 0.849273 0.028644 -0.217594 0.515828 0.729930
0.693548 0.800001 0.976358 0.798605 0.072581 0.065949 0.279504 0.253964 1.058778 0.856553 1.030134 1.074147 0.476534 0.737559
0.645162 0.724999 0.807337 0.562758 0.060016 0.046473 0.231118 0.178962 0.970494 0.843601 -0.059640 -0.230546 0.387438 0.658893
0.629032 0.674999 0.750991 0.405530 0.055828 0.033489 0.214988 0.128962 0.922662 0.820634 0.982302 1.051180 0.338108 0.540316
0.612904 0.625000 0.694654 0.248302 0.051640 0.020505 0.198860 0.078962 0.875372 0.795169 -0.106931 -0.256011 0.289909 0.377983
0.612904 0.550002 0.694654 0.012467 0.051640 0.001029 0.198860 0.003964 0.823501 0.731360 0.930431 0.987371 0.240893 0.019933
0.629032 0.525000 0.750991 -0.066153 0.055828 -0.005463 0.214988 -0.021037 0.819333 0.695495 -0.111099 -0.291877 0.241931 -0.097543
0.661290 0.450002 0.863674 -0.301989 0.064204 -0.024938 0.247246 -0.096035 0.799879 0.597513 0.910977 0.889389 0.249847 -0.370484
0.677420 0.425000 0.920020 -0.380609 0.068393 -0.031431 0.263376 -0.121037 0.799702 0.560309 -0.111275 -0.329080 0.263604 -0.430775
0.709678 0.375000 1.032703 -0.537836 0.076770 -0.044415 0.295634 -0.171037 0.802663 0.486116 0.913939 0.815196 0.298201 -0.524493
0.709678 0.350002 1.032703 -0.616444 0.076770 -0.050906 0.295634 -0.196035 0.791293 0.458181 -0.122646 -0.357015 0.302491 -0.585529
0.677420 0.350002 0.920020 -0.616444 0.068393 -0.050906 0.263376 -0.196035 0.762496 0.476894 0.885141 0.833910 0.271050 -0.639853
0.612904 0.350002 0.694654 -0.616444 0.051640 -0.050906 0.198860 -0.196035 0.705800 0.518865 -0.179342 -0.315045 0.208918 -0.778244
0.564516 0.350002 0.525625 -0.616444 0.039074 -0.050906 0.150472 -0.196035 0.664214 0.554999 0.843555 0.870044 0.163533 -0.916141
0.451614 0.375000 0.131238 -0.537836 0.009756 -0.044415 0.037570 -0.171037 0.587010 0.692978 -0.256545 -0.177065 0.054184 -1.354571
0.338710 0.375000 -0.263157 -0.537836 -0.019563 -0.044415 -0.075334 -0.171037 0.505322 0.836202 0.761867 1.013267 0.084851 1.155907
0.290322 0.400002 -0.432186 -0.459217 -0.032128 -0.037922 -0.123723 -0.146035 0.494256 0.942964 -0.267611 -0.070303 0.124517 0.867923
0.258064 0.400002 -0.544869 -0.459217 -0.040505 -0.037922 -0.155981 -0.146035 0.476024 0.997834 0.743635 1.068137 0.156611 0.752479
0.193548 0.400002 -0.770235 -0.459217 -0.057258 -0.037922 -0.220496 -0.146035 0.444368 1.120138 -0.299268 0.052001 0.220943 0.584974
