0.096152 0.871797 -1.276351 0.947853 -0.101532 0.083478 -0.343484 0.282408 0.877083 1.460948 0.877083 1.460948 0.552036 -0.688124
0.096152 0.846154 -1.276351 0.861787 -0.101532 0.075898 -0.343484 0.256765 0.851600 1.457647 -0.025484 -0.003301 0.532201 -0.641919
0.115385 0.820515 -1.204886 0.775734 -0.095847 0.068320 -0.324252 0.231126 0.828588 1.431088 0.854072 1.434389 0.500208 -0.619264
0.115385 0.794872 -1.204886 0.689668 -0.095847 0.060740 -0.324252 0.205483 0.803203 1.426642 -0.050869 -0.007747 0.480970 -0.564842
0.134614 0.769233 -1.133432 0.603615 -0.090163 0.053161 -0.305023 0.179844 0.780923 1.397553 0.831792 1.405300 0.449080 -0.532744
0.173075 0.743590 -0.990513 0.517549 -0.078794 0.045581 -0.266561 0.154201 0.763467 1.342112 -0.068325 -0.063188 0.404280 -0.524449
0.192308 0.717951 -0.919048 0.431497 -0.073109 0.038002 -0.247329 0.128562 0.743261 1.309084 0.811585 1.372272 0.372331 -0.479364
0.230769 0.692308 -0.776129 0.345431 -0.061740 0.030422 -0.208867 0.102919 0.729757 1.249046 -0.081828 -0.123226 0.327824 -0.457831
0.269231 0.692308 -0.633210 0.345431 -0.050371 0.030422 -0.170406 0.102919 0.742816 1.199905 0.824645 1.323131 0.304764 -0.543331
0.307692 0.692308 -0.490291 0.345431 -0.039002 0.030422 -0.131944 0.102919 0.757605 1.152572 -0.067040 -0.170559 0.285048 -0.662440
0.346154 0.692308 -0.347372 0.345431 -0.027633 0.030422 -0.093483 0.102919 0.774024 1.107149 0.841064 1.277708 0.269411 -0.833409
0.365383 0.717951 -0.275918 0.431497 -0.021949 0.038002 -0.074253 0.128562 0.805580 1.100034 -0.035484 -0.177674 0.288050 -1.047035
0.384615 0.743590 -0.204453 0.517549 -0.016264 0.045581 -0.055021 0.154201 0.837171 1.093451 0.872655 1.271125 0.308893 -1.228064
0.403845 0.769233 -0.132999 0.603615 -0.010580 0.053161 -0.035792 0.179844 0.868798 1.087352 -0.003857 -0.183773 0.331534 -1.374347
0.403845 0.794872 -0.132999 0.689668 -0.010580 0.060740 -0.035792 0.205483 0.891579 1.100720 0.895436 1.284492 0.357034 -1.398343
0.403845 0.846154 -0.132999 0.861787 -0.010580 0.075898 -0.035792 0.256765 0.937586 1.125497 0.042150 -0.158996 0.408090 -1.432294
0.384615 0.871797 -0.204453 0.947853 -0.016264 0.083478 -0.055021 0.282408 0.952869 1.155305 0.910718 1.314301 0.435649 -1.378378
0.346154 0.948718 -0.347372 1.206024 -0.027633 0.106216 -0.093483 0.359329 1.009895 1.220941 0.099177 -0.093360 0.517593 -1.316279
0.326922 0.974361 -0.418837 1.292090 -0.033318 0.113796 -0.112715 0.384972 1.027744 1.247075 0.928567 1.340435 0.546475 -1.285970
0.307692 1.000000 -0.490291 1.378143 -0.039002 0.121374 -0.131944 0.410611 1.046267 1.272297 0.117700 -0.068138 0.575688 -1.259882
0.269231 1.000000 -0.633210 1.378143 -0.050371 0.121374 -0.170406 0.410611 1.035609 1.307802 0.917909 1.375940 0.585701 -1.177422
0.249999 1.000000 -0.704675 1.378143 -0.056056 0.121374 -0.189638 0.410611 1.030776 1.325819 0.112867 -0.050121 0.591582 -1.138137
0.211537 1.000000 -0.847594 1.378143 -0.067425 0.121374 -0.228100 0.410611 1.022129 1.362332 0.909262 1.412453 0.605010 -1.063731
0.153846 0.948718 -1.061967 1.206024 -0.084478 0.106216 -0.285790 0.359329 0.961111 1.410034 0.051850 -0.002419 0.583815 -0.898901
0.115385 0.897436 -1.204886 1.033906 -0.095847 0.091057 -0.324252 0.308047 0.904823 1.442926 0.852974 1.445346 0.560999 -0.759776
0.076923 0.871797 -1.347805 0.947853 -0.107216 0.083478 -0.362713 0.282408 0.875184 1.482789 0.022210 0.037443 0.564202 -0.661554
0.057691 0.794872 -1.419270 0.689668 -0.112901 0.060740 -0.381946 0.205483 0.796963 1.498345 0.774753 1.460901 0.521608 -0.493576
0.019229 0.743590 -1.562189 0.517549 -0.124270 0.045581 -0.420407 0.154201 0.743839 1.544942 -0.030914 0.084041 0.518777 -0.351554
0.019229 0.692308 -1.562189 0.345431 -0.124270 0.030422 -0.420407 0.102919 0.692575 1.543028 0.723489 1.458987 0.490495 -0.240087
0.000000 0.538462 -1.633643 -0.170926 -0.129954 -0.015054 -0.439637 -0.050926 0.538462 1.570796 -0.185027 0.111809 0.450607 0.115324
0.019229 0.487180 -1.562189 -0.343044 -0.124270 -0.030212 -0.420407 -0.102208 0.487560 1.531346 0.672586 1.419537 0.423087 0.238491
0.057691 0.410259 -1.419270 -0.601216 -0.112901 -0.052950 -0.381946 -0.179129 0.414296 1.431092 -0.258291 0.011555 0.383074 0.438535
0.115385 0.333335 -1.204886 -0.859400 -0.095847 -0.075688 -0.324252 -0.256054 0.352740 1.237553 0.611031 1.225998 0.341232 0.668415
0.173075 0.256410 -0.990513 -1.117585 -0.078794 -0.098427 -0.266561 -0.332979 0.309356 0.977050 -0.301675 -0.248949 0.323461 0.895730
0.326922 0.128207 -0.418837 -1.547875 -0.033318 -0.136323 -0.112715 -0.461182 0.351162 0.373733 0.652837 0.622681 0.331200 1.331091
0.403845 0.076925 -0.132999 -1.719994 -0.010580 -0.151482 -0.035792 -0.512464 0.411106 0.188226 -0.241731 -0.434455 0.364473 1.501067
0.480771 0.025643 0.152850 -1.892113 0.012159 -0.166640 0.041134 -0.563746 0.481454 0.053287 0.723185 0.487742 0.416032 -1.497960
0.557694 0.000000 0.438688 -1.978179 0.034897 -0.174220 0.118057 -0.589389 0.557694 0.000000 -0.165491 -0.487742 0.455212 -1.373108
0.692308 0.000000 0.938899 -1.978179 0.074688 -0.174220 0.252671 -0.589389 0.692308 0.000000 0.857799 0.487742 0.507073 -1.165796
0.750001 0.025643 1.153283 -1.892113 0.091742 -0.166640 0.310365 -0.563746 0.750440 0.034177 -0.107359 -0.453564 0.517414 -1.067538
0.807692 0.076925 1.367656 -1.719994 0.108795 -0.151482 0.368056 -0.512464 0.811347 0.094954 0.918706 0.548518 0.516744 -0.947954
0.884615 0.179489 1.653494 -1.375757 0.131533 -0.121164 0.444979 -0.409900 0.902641 0.200183 -0.016066 -0.348335 0.515444 -0.744388
0.923077 0.230771 1.796413 -1.203638 0.142902 -0.106006 0.483440 -0.358618 0.951486 0.244980 0.967552 0.593316 0.526630 -0.638235
0.980771 0.358978 2.010797 -0.773335 0.159956 -0.068108 0.541134 -0.230411 1.044402 0.350871 0.076850 -0.242445 0.547112 -0.402542
1.000000 0.410259 2.082252 -0.601216 0.165640 -0.052950 0.560363 -0.179129 1.080885 0.389319 1.004035 0.631764 0.561133 -0.309400
1.000000 0.461541 2.082252 -0.429097 0.165640 -0.037791 0.560363 -0.127847 1.101372 0.432410 0.097337 -0.199354 0.560791 -0.224312
1.000000 0.512823 2.082252 -0.256978 0.165640 -0.022632 0.560363 -0.076565 1.123827 0.473854 1.026490 0.673207 0.565123 -0.135795
0.980771 0.615387 2.010797 0.087259 0.159956 0.007685 0.541134 0.025998 1.157848 0.560361 0.131358 -0.112846 0.568959 0.048007
0.961538 0.666669 1.939333 0.259378 0.154271 0.022844 0.521902 0.077280 1.170044 0.606239 1.038686 0.719086 0.569144 0.147006
0.942309 0.692308 1.867878 0.345431 0.148587 0.030422 0.502673 0.102919 1.169289 0.633633 0.130603 -0.085453 0.562604 0.201953
0.903848 0.717951 1.724959 0.431497 0.137218 0.038002 0.464211 0.128562 1.154294 0.671273 1.023691 0.756726 0.541249 0.270176
0.826925 0.743590 1.439121 0.517549 0.114480 0.045581 0.387288 0.154201 1.112084 0.732386 0.088393 -0.024340 0.492321 0.378916
0.769231 0.769233 1.224737 0.603615 0.097426 0.053161 0.329594 0.179844 1.087858 0.785400 0.999465 0.809739 0.466118 0.499500
0.730769 0.769233 1.081818 0.603615 0.086057 0.053161 0.291133 0.179844 1.061011 0.811035 0.061545 0.001296 0.439764 0.553362
0.653846 0.743590 0.795980 0.517549 0.063319 0.045581 0.214210 0.154201 0.990172 0.849531 0.928627 0.848235 0.371852 0.623932
0.615385 0.717951 0.653061 0.431497 0.051950 0.038002 0.175748 0.128562 0.945596 0.862172 0.016969 0.013937 0.329160 0.631565
0.557694 0.666669 0.438688 0.259378 0.034897 0.022844 0.118057 0.077280 0.869178 0.874170 0.852209 0.860233 0.255893 0.579603
0.538462 0.641026 0.367223 0.173312 0.029212 0.015264 0.098825 0.051637 0.837171 0.872137 -0.015038 0.011904 0.224331 0.481496
0.519232 0.564105 0.295769 -0.084860 0.023528 -0.007474 0.079596 -0.025284 0.766692 0.826796 0.781730 0.814892 0.147743 -0.307569
0.538462 0.538462 0.367223 -0.170926 0.029212 -0.015054 0.098825 -0.050926 0.761500 0.785399 -0.020230 -0.029493 0.139760 -0.475828
0.596155 0.487180 0.581607 -0.343044 0.046266 -0.030212 0.156519 -0.102208 0.769900 0.685143 0.790130 0.714636 0.163580 -0.578489
0.615385 0.461541 0.653061 -0.429097 0.051950 -0.037791 0.175748 -0.127847 0.769233 0.643504 -0.020897 -0.071132 0.177108 -0.628910
0.653846 0.435899 0.795980 -0.515163 0.063319 -0.045371 0.214210 -0.153490 0.785826 0.588004 0.806723 0.659136 0.214242 -0.621742
0.634617 0.435899 0.724526 -0.515163 0.057635 -0.045371 0.194980 -0.153490 0.769900 0.601859 -0.036823 -0.057277 0.195016 -0.666893
0.596155 0.435899 0.581607 -0.515163 0.046266 -0.045371 0.156519 -0.153490 0.738518 0.631349 0.775341 0.688626 0.156563 -0.775630
0.500000 0.435899 0.224304 -0.515163 0.017843 -0.045371 0.060363 -0.153490 0.663331 0.717013 -0.112010 0.028387 0.060479 -1.196103
0.442306 0.435899 0.009920 -0.515163 0.000789 -0.045371 0.002670 -0.153490 0.621001 0.778102 0.733011 0.749715 0.004593 -1.553405
0.403845 0.410259 -0.132999 -0.601216 -0.010580 -0.052950 -0.035792 -0.179129 0.575676 0.793278 -0.157335 0.043562 0.046304 1.373583
0.346154 0.410259 -0.347372 -0.601216 -0.027633 -0.052950 -0.093483 -0.179129 0.536782 0.869946 0.694117 0.826383 0.097990 1.089804
0.249999 0.410259 -0.704675 -0.601216 -0.056056 -0.052950 -0.189638 -0.179129 0.480429 1.023518 -0.213688 0.197135 0.191900 0.756909
0.173075 0.384617 -0.990513 -0.687282 -0.078794 -0.060530 -0.266561 -0.204772 0.421764 1.147947 0.635452 0.950812 0.272180 0.655048
0.153846 0.384617 -1.061967 -0.687282 -0.084478 -0.060530 -0.285790 -0.204772 0.414245 1.190291 -0.221208 0.239479 0.291038 0.621722
