0.094338 0.600001 -1.277768 0.100551 -0.104493 0.008883 -0.358492 0.030477 0.607372 1.414843 0.607372 1.414843 0.387525 -0.084810
0.094338 0.622221 -1.277768 0.173862 -0.104493 0.015360 -0.358492 0.052697 0.629332 1.420327 0.021960 0.005484 0.396497 -0.145952
0.113207 0.644445 -1.210512 0.247184 -0.098993 0.021838 -0.339622 0.074921 0.654313 1.396904 0.632353 1.391420 0.389948 -0.217124
0.132074 0.644445 -1.143267 0.247184 -0.093494 0.021838 -0.320756 0.074921 0.657840 1.368653 0.025487 -0.022767 0.373632 -0.229463
0.150943 0.644445 -1.076011 0.247184 -0.087994 0.021838 -0.301886 0.074921 0.661886 1.340722 0.636399 1.363488 0.357564 -0.243262
0.188679 0.644445 -0.941510 0.247184 -0.076994 0.021838 -0.264151 0.074921 0.671498 1.285979 0.035099 -0.077510 0.326331 -0.276372
0.207545 0.644445 -0.874264 0.247184 -0.071495 0.021838 -0.245284 0.074921 0.677041 1.259232 0.641942 1.336742 0.311257 -0.296446
0.245281 0.644445 -0.739763 0.247184 -0.060496 0.021838 -0.207548 0.074921 0.689545 1.207118 0.047603 -0.129624 0.282476 -0.346424
0.283017 0.644445 -0.605261 0.247184 -0.049497 0.021838 -0.169813 0.074921 0.703852 1.156990 0.656250 1.286614 0.256033 -0.415511
0.339622 0.711110 -0.403504 0.467129 -0.032998 0.041269 -0.113207 0.141586 0.788049 1.125233 0.131799 -0.161381 0.282001 -0.896319
0.358489 0.755554 -0.336259 0.613763 -0.027498 0.054224 -0.094341 0.186030 0.836287 1.127780 0.704488 1.289160 0.317084 -1.101463
0.377358 0.822223 -0.269003 0.833719 -0.021998 0.073656 -0.075472 0.252699 0.904682 1.140526 0.200193 -0.148635 0.377024 -1.280567
0.377358 0.866667 -0.269003 0.980352 -0.021998 0.086611 -0.075472 0.297143 0.945257 1.160139 0.745064 1.308774 0.420663 -1.322065
0.377358 0.911111 -0.269003 1.126986 -0.021998 0.099566 -0.075472 0.341587 0.986166 1.178132 0.241102 -0.130642 0.464455 -1.353346
0.358489 0.955556 -0.336259 1.273619 -0.027498 0.112520 -0.094341 0.386032 1.020588 1.211883 0.779486 1.342525 0.511501 -1.331108
0.301886 1.000000 -0.538006 1.420253 -0.043997 0.125475 -0.150943 0.430476 1.044574 1.277610 0.265088 -0.064916 0.567608 -1.233549
0.264151 1.000000 -0.672507 1.420253 -0.054996 0.125475 -0.188679 0.430476 1.034300 1.312544 0.769212 1.377460 0.578788 -1.157712
0.207545 1.000000 -0.874264 1.420253 -0.071495 0.125475 -0.245284 0.430476 1.021310 1.366156 0.252099 -0.011304 0.599633 -1.052881
0.169810 1.000000 -1.008765 1.420253 -0.082494 0.125475 -0.283020 0.430476 1.014315 1.402591 0.762216 1.413895 0.616032 -0.989196
0.132074 0.955556 -1.143267 1.273619 -0.093494 0.112520 -0.320756 0.386032 0.964640 1.433450 0.202424 0.019555 0.596337 -0.877493
0.094338 0.933335 -1.277768 1.200308 -0.104493 0.106043 -0.358492 0.363811 0.938091 1.470062 0.735667 1.450508 0.599501 -0.792763
0.037736 0.799999 -1.479515 0.760396 -0.120991 0.067179 -0.415094 0.230475 0.800888 1.523661 0.065221 0.073154 0.541137 -0.506854
0.018866 0.755554 -1.546771 0.613763 -0.126491 0.054224 -0.433963 0.186030 0.755790 1.545831 0.690569 1.472677 0.529118 -0.404982
0.000000 0.688889 -1.614016 0.393818 -0.131990 0.034793 -0.452830 0.119365 0.688889 1.570796 -0.001679 0.098119 0.510665 -0.257736
0.000000 0.600001 -1.614016 0.100551 -0.131990 0.008883 -0.452830 0.030477 0.600001 1.570796 0.601680 1.472677 0.476145 -0.067201
0.018866 0.533332 -1.546771 -0.119405 -0.126491 -0.010549 -0.433963 -0.036192 0.533666 1.535436 -0.068014 0.062759 0.441367 0.083205
0.075472 0.399999 -1.345014 -0.559306 -0.109992 -0.049413 -0.377358 -0.169525 0.407057 1.384309 0.475071 1.321550 0.381038 0.422222
0.113207 0.333334 -1.210512 -0.779251 -0.098993 -0.068844 -0.339622 -0.236190 0.352034 1.243398 -0.123037 -0.078153 0.360031 0.607664
0.169810 0.266666 -1.008765 -0.999207 -0.082494 -0.088277 -0.283020 -0.302858 0.316143 1.003766 0.439180 1.081918 0.338758 0.819245
0.301886 0.133333 -0.538006 -1.439108 -0.043997 -0.127141 -0.150943 -0.436191 0.330020 0.415902 -0.109160 -0.666016 0.353358 1.237646
0.377358 0.088889 -0.269003 -1.585741 -0.021998 -0.140095 -0.075472 -0.480635 0.387686 0.231338 0.496846 0.897354 0.371684 1.415043
0.452830 0.044444 -0.000000 -1.732375 -0.000000 -0.153050 -0.000000 -0.525080 0.455005 0.097835 -0.041840 -0.799520 0.408385 1.570796
0.528301 0.022221 0.269002 -1.805697 0.021998 -0.159528 0.075472 -0.547303 0.528768 0.042036 0.570609 0.841555 0.437173 -1.433764
0.603773 0.000000 0.538005 -1.879008 0.043997 -0.166004 0.150943 -0.569524 0.603773 0.000000 0.033164 -0.841555 0.477324 -1.311719
0.735849 0.000000 1.008765 -1.879008 0.082494 -0.166004 0.283020 -0.569524 0.735849 0.000000 0.702685 0.841555 0.533999 -1.109599
0.792452 0.044444 1.210512 -1.732375 0.098993 -0.153050 0.339622 -0.525080 0.793697 0.056026 0.091012 -0.785529 0.531151 -0.996673
0.886793 0.133333 1.546770 -1.439108 0.126491 -0.127141 0.433963 -0.436191 0.896760 0.149236 0.805749 0.934766 0.538890 -0.787958
0.924528 0.177777 1.681272 -1.292474 0.137490 -0.114186 0.471699 -0.391746 0.941466 0.189971 0.135717 -0.744795 0.546034 -0.693065
0.962264 0.222222 1.815773 -1.145840 0.148490 -0.101231 0.509435 -0.347302 0.987590 0.226958 0.851873 0.971752 0.559199 -0.598366
1.000000 0.355555 1.950274 -0.705940 0.159489 -0.062368 0.547170 -0.213969 1.061329 0.341615 0.209456 -0.630137 0.555750 -0.372764
1.000000 0.422223 1.950274 -0.485984 0.159489 -0.042935 0.547170 -0.147301 1.085483 0.399516 0.876027 1.029653 0.548026 -0.262970
1.000000 0.488888 1.950274 -0.266039 0.159489 -0.023504 0.547170 -0.080636 1.113109 0.454719 0.237082 -0.574935 0.548357 -0.146316
1.000000 0.555556 1.950274 -0.046083 0.159489 -0.004071 0.547170 -0.013968 1.143959 0.507099 0.906877 1.082034 0.556730 -0.025522
0.962264 0.688889 1.815773 0.393818 0.148490 0.034793 0.509435 0.119365 1.183436 0.621321 0.276559 -0.460713 0.561469 0.230158
0.943395 0.733334 1.748517 0.540451 0.142990 0.047747 0.490565 0.163810 1.194894 0.660767 0.918335 1.121480 0.565099 0.322279
0.886793 0.844446 1.546770 0.907041 0.126491 0.080134 0.433963 0.274922 1.224537 0.760943 0.306202 -0.360537 0.584540 0.564700
0.849057 0.866667 1.412269 0.980352 0.115492 0.086611 0.396227 0.297143 1.213264 0.795662 0.907062 1.156199 0.572937 0.643457
0.811321 0.888891 1.277768 1.053674 0.104493 0.093089 0.358491 0.319367 1.203482 0.830990 0.296420 -0.325209 0.564505 0.727744
0.735849 0.911111 1.008765 1.126986 0.082494 0.099566 0.283020 0.341587 1.171152 0.891414 0.874733 1.216624 0.538630 0.878892
0.698114 0.911111 0.874264 1.126986 0.071495 0.099566 0.245284 0.341587 1.147818 0.916994 0.273085 -0.299630 0.519794 0.948045
0.660378 0.888891 0.739762 1.053674 0.060496 0.093089 0.207548 0.319367 1.107351 0.931840 0.834265 1.231470 0.482934 0.994510
0.584906 0.822223 0.470759 0.833719 0.038498 0.073656 0.132077 0.252699 1.009042 0.952479 0.174776 -0.278991 0.392295 1.089182
0.566037 0.777778 0.403504 0.687085 0.032998 0.060702 0.113207 0.208254 0.961944 0.941680 0.787168 1.220671 0.344104 1.072879
0.547170 0.733334 0.336258 0.540451 0.027498 0.047747 0.094341 0.163810 0.914972 0.929770 0.127804 -0.290902 0.295944 1.048273
0.528301 0.644445 0.269002 0.247184 0.021998 0.021838 0.075472 0.074921 0.833314 0.884112 0.705509 1.175014 0.205943 0.781738
0.528301 0.600001 0.269002 0.100551 0.021998 0.008883 0.075472 0.030477 0.799439 0.848859 0.093930 -0.326155 0.165394 0.383793
0.584906 0.533332 0.470759 -0.119405 0.038498 -0.010549 0.132077 -0.036192 0.791555 0.739310 0.697625 1.065465 0.154677 -0.267454
0.603773 0.511112 0.538005 -0.192717 0.043997 -0.017026 0.150943 -0.058412 0.791061 0.702476 0.093436 -0.362989 0.161804 -0.369232
0.641509 0.466668 0.672506 -0.339350 0.054996 -0.029981 0.188679 -0.102856 0.793292 0.628914 0.699856 0.991903 0.189186 -0.499104
0.660378 0.466668 0.739762 -0.339350 0.060496 -0.029981 0.207548 -0.102856 0.808627 0.615187 0.108771 -0.376716 0.208009 -0.460104
0.660378 0.444444 0.739762 -0.412672 0.060496 -0.036458 0.207548 -0.125080 0.796008 0.592384 0.687237 0.969100 0.207718 -0.542370
0.641509 0.422223 0.672506 -0.485984 0.054996 -0.042935 0.188679 -0.147301 0.767988 0.582099 0.080751 -0.387002 0.191145 -0.662859
0.584906 0.422223 0.470759 -0.485984 0.038498 -0.042935 0.132077 -0.147301 0.721379 0.625250 0.640628 1.012252 0.135577 -0.839837
0.528301 0.399999 0.269002 -0.559306 0.021998 -0.049413 0.075472 -0.169525 0.662647 0.648057 0.022019 -0.364195 0.092125 -1.151945
0.415094 0.377779 -0.134502 -0.632617 -0.010999 -0.055890 -0.037736 -0.191745 0.561266 0.738370 0.539247 1.102565 0.084004 1.376477
0.358489 0.377779 -0.336259 -0.632617 -0.027498 -0.055890 -0.094341 -0.191745 0.520798 0.811592 -0.018449 -0.290973 0.120552 1.113559
0.264151 0.355555 -0.672507 -0.705940 -0.054996 -0.062368 -0.188679 -0.213969 0.442939 0.931839 0.461388 1.222811 0.212278 0.848125
0.226415 0.355555 -0.807008 -0.705940 -0.065995 -0.062368 -0.226415 -0.213969 0.421525 1.003762 -0.039863 -0.219050 0.246427 0.757144
0.188679 0.355555 -0.941510 -0.705940 -0.076994 -0.062368 -0.264151 -0.213969 0.402516 1.082922 0.442379 1.301972 0.281492 0.680825
0.169810 0.355555 -1.008765 -0.705940 -0.082494 -0.062368 -0.283020 -0.213969 0.394024 1.125237 -0.048355 -0.176735 0.299270 0.647343
