0.019606 0.677415 -1.423495 0.584110 -0.107549 0.044941 -0.422358 0.176490 0.677699 1.541862 0.677699 1.541862 0.483553 -0.395815
0.098038 0.548383 -1.159154 0.157067 -0.087577 0.012085 -0.343927 0.047458 0.557078 1.393890 -0.120621 -0.147972 0.360015 -0.137123
0.137253 0.548383 -1.026984 0.157067 -0.077591 0.012085 -0.304711 0.047458 0.565299 1.325548 0.685920 1.473520 0.322760 -0.154507
0.156863 0.516128 -0.960894 0.050314 -0.072598 0.003871 -0.285102 0.015203 0.539438 1.275745 -0.146482 -0.197774 0.294590 -0.053273
0.196078 0.516128 -0.828723 0.050314 -0.062612 0.003871 -0.245886 0.015203 0.552118 1.207735 0.698600 1.405509 0.256827 -0.061749
0.215684 0.516128 -0.762643 0.050314 -0.057620 0.003871 -0.226280 0.015203 0.559382 1.174964 -0.139218 -0.230545 0.238124 -0.067084
0.254900 0.548383 -0.630473 0.157067 -0.047634 0.012085 -0.187064 0.047458 0.604730 1.135686 0.743948 1.366231 0.215216 -0.248458
0.313725 0.580644 -0.432212 0.263836 -0.032655 0.020299 -0.128240 0.079719 0.659978 1.075427 -0.083971 -0.290805 0.188884 -0.556178
0.333331 0.612899 -0.366132 0.370588 -0.027662 0.028513 -0.108633 0.111974 0.697679 1.072679 0.781649 1.363484 0.202534 -0.800541
0.352941 0.677415 -0.300042 0.584110 -0.022669 0.044941 -0.089024 0.176490 0.763845 1.090482 -0.017805 -0.273002 0.251719 -1.103625
0.352941 0.741931 -0.300042 0.797631 -0.022669 0.061369 -0.089024 0.241006 0.821602 1.126773 0.839406 1.399775 0.312898 -1.216958
0.372547 0.774192 -0.233961 0.904400 -0.017676 0.069584 -0.069418 0.273267 0.859165 1.122295 0.019759 -0.277480 0.339402 -1.322029
0.372547 0.806447 -0.233961 1.011153 -0.017676 0.077798 -0.069418 0.305522 0.888340 1.138040 0.868582 1.415520 0.371034 -1.347380
0.352941 0.838708 -0.300042 1.117921 -0.022669 0.086012 -0.089024 0.337782 0.909944 1.172476 0.041362 -0.243044 0.406608 -1.313102
0.333331 0.903224 -0.366132 1.331443 -0.027662 0.102441 -0.108633 0.402298 0.962768 1.217255 0.921406 1.460300 0.473879 -1.307055
0.313725 0.935484 -0.432212 1.438212 -0.032655 0.110656 -0.128240 0.434559 0.986688 1.247222 0.065282 -0.213078 0.509909 -1.283838
0.294116 0.967740 -0.498302 1.544964 -0.037648 0.118869 -0.147849 0.466814 1.011446 1.275747 0.946164 1.488825 0.546167 -1.264073
0.274509 0.967740 -0.564382 1.544964 -0.042641 0.118869 -0.167455 0.466814 1.005920 1.294397 0.059756 -0.194428 0.551798 -1.226375
0.254900 1.000000 -0.630473 1.651733 -0.047634 0.127084 -0.187064 0.499075 1.031976 1.321211 0.972220 1.515639 0.588555 -1.212181
0.235294 1.000000 -0.696553 1.651733 -0.052626 0.127084 -0.206671 0.499075 1.027309 1.339706 0.055089 -0.175933 0.595077 -1.178188
0.196078 1.000000 -0.828723 1.651733 -0.062612 0.127084 -0.245886 0.499075 1.019042 1.377175 0.963953 1.553108 0.609806 -1.113018
0.176469 0.967740 -0.894813 1.544964 -0.067605 0.118869 -0.265496 0.466814 0.983698 1.390427 0.019744 -0.162681 0.589005 -1.053680
0.156863 0.935484 -0.960894 1.438212 -0.072598 0.110656 -0.285102 0.434559 0.948544 1.404661 0.928800 1.567343 0.569951 -0.990164
0.098038 0.870963 -1.159154 1.224674 -0.087577 0.094226 -0.343927 0.370038 0.876463 1.458706 -0.052336 -0.108637 0.549841 -0.821954
0.078431 0.838708 -1.225234 1.117921 -0.092570 0.086012 -0.363533 0.337782 0.842367 1.477553 0.894703 1.586190 0.538109 -0.748697
0.058822 0.774192 -1.291325 0.904400 -0.097563 0.069584 -0.383143 0.273267 0.776423 1.494963 -0.118280 -0.091226 0.507122 -0.619546
0.039216 0.741931 -1.357405 0.797631 -0.102555 0.061369 -0.402749 0.241006 0.742967 1.517989 0.861247 1.609216 0.502182 -0.539244
0.039216 0.709676 -1.357405 0.690879 -0.102555 0.053156 -0.402749 0.208751 0.710758 1.515594 -0.150489 -0.093622 0.483607 -0.478192
0.019606 0.645160 -1.423495 0.477357 -0.107549 0.036728 -0.422358 0.144235 0.645458 1.540416 0.795946 1.634038 0.468695 -0.329081
0.000000 0.548383 -1.489575 0.157067 -0.112541 0.012085 -0.441965 0.047458 0.548383 1.570796 -0.247563 -0.063241 0.454596 -0.106970
0.000000 0.483867 -1.489575 -0.056454 -0.112541 -0.004344 -0.441965 -0.017058 0.483867 1.570796 0.731430 1.634038 0.443947 0.038576
0.000000 0.451612 -1.489575 -0.163207 -0.112541 -0.012557 -0.441965 -0.049313 0.451612 1.570796 -0.279819 -0.063241 0.442070 0.111118
0.000000 0.387096 -1.489575 -0.376728 -0.112541 -0.028985 -0.441965 -0.113829 0.387096 1.570796 0.666914 1.634038 0.445357 0.252075
0.019606 0.354835 -1.423495 -0.483497 -0.107549 -0.037200 -0.422358 -0.146090 0.355377 1.515598 -0.311538 -0.118440 0.431252 0.333009
0.058822 0.258064 -1.291325 -0.803771 -0.097563 -0.061842 -0.383143 -0.242861 0.264683 1.346689 0.576221 1.465129 0.424991 0.564950
0.078431 0.225803 -1.225234 -0.910540 -0.092570 -0.070057 -0.363533 -0.275122 0.239037 1.236490 -0.337184 -0.228639 0.422945 0.647838
0.098038 0.193548 -1.159154 -1.017292 -0.087577 -0.078270 -0.343927 -0.307377 0.216961 1.101939 0.554145 1.330578 0.424260 0.729339
0.196078 0.096772 -0.828723 -1.337583 -0.062612 -0.102913 -0.245886 -0.404154 0.218658 0.458463 -0.335487 -0.872115 0.423814 1.024224
0.235294 0.064516 -0.696553 -1.444335 -0.052626 -0.111127 -0.206671 -0.436409 0.243978 0.267616 0.579465 1.139732 0.430326 1.128514
0.294116 0.032256 -0.498302 -1.551104 -0.037648 -0.119341 -0.147849 -0.468670 0.295879 0.109233 -0.283586 -1.030498 0.435569 1.265213
0.392156 0.000000 -0.167871 -1.657857 -0.012683 -0.127555 -0.049808 -0.500925 0.392156 0.000000 0.675742 1.030498 0.444762 1.471690
0.450978 0.000000 0.030379 -1.657857 0.002295 -0.127555 0.009014 -0.500925 0.450978 0.000000 -0.224764 -1.030498 0.442056 -1.552804
0.509803 0.000000 0.228640 -1.657857 0.017274 -0.127555 0.067839 -0.500925 0.509803 0.000000 0.734567 1.030498 0.447141 -1.436189
0.568628 0.000000 0.426900 -1.657857 0.032253 -0.127555 0.126664 -0.500925 0.568628 0.000000 -0.165939 -1.030498 0.459757 -1.323128
0.627450 0.000000 0.625151 -1.657857 0.047232 -0.127555 0.185485 -0.500925 0.627450 0.000000 0.793389 1.030498 0.479309 -1.216165
0.725491 0.000000 0.955582 -1.657857 0.072197 -0.127555 0.283526 -0.500925 0.725491 0.000000 -0.067898 -1.030498 0.525090 -1.055748
0.764706 0.000000 1.087752 -1.657857 0.082183 -0.127555 0.322742 -0.500925 0.764706 0.000000 0.832605 1.030498 0.547261 -0.998445
0.843137 0.064516 1.352093 -1.444335 0.102154 -0.111127 0.401173 -0.436409 0.845602 0.076370 0.012998 -0.954128 0.550824 -0.827442
0.882353 0.064516 1.484264 -1.444335 0.112140 -0.111127 0.440389 -0.436409 0.884709 0.072988 0.871711 1.027117 0.580008 -0.780860
0.921569 0.161287 1.616434 -1.124061 0.122126 -0.086485 0.479604 -0.339638 0.935576 0.173259 0.063865 -0.853857 0.555698 -0.616183
0.941175 0.193548 1.682514 -1.017292 0.127118 -0.078270 0.499211 -0.307377 0.960870 0.202817 0.897005 1.056675 0.557604 -0.551903
0.960784 0.258064 1.748604 -0.803771 0.132112 -0.061842 0.518820 -0.242861 0.994838 0.262404 0.097833 -0.794271 0.550448 -0.437806
0.980391 0.322580 1.814685 -0.590250 0.137104 -0.045414 0.538426 -0.178345 1.032097 0.317874 0.934263 1.112145 0.551503 -0.319860
1.000000 0.516128 1.880775 0.050314 0.142097 0.003871 0.558035 0.015203 1.125339 0.476466 0.191076 -0.635679 0.562942 0.027236
0.980391 0.580644 1.814685 0.263836 0.137104 0.020299 0.538426 0.079719 1.139435 0.534707 0.948360 1.170386 0.555999 0.146991
0.980391 0.645160 1.814685 0.477357 0.137104 0.036728 0.538426 0.144235 1.173626 0.582023 0.225266 -0.588363 0.575492 0.261737
0.960784 0.677415 1.748604 0.584110 0.132112 0.044941 0.518820 0.176490 1.175584 0.614117 0.950318 1.202480 0.569746 0.327896
0.901959 0.774192 1.550344 0.904400 0.117133 0.069584 0.459995 0.273267 1.188656 0.709318 0.238338 -0.493161 0.567424 0.536044
0.882353 0.806447 1.484264 1.011153 0.112140 0.077798 0.440389 0.305522 1.195368 0.740482 0.957030 1.233643 0.571655 0.606523
0.823528 0.838708 1.286003 1.117921 0.097161 0.086012 0.381564 0.337782 1.175427 0.794530 0.218397 -0.439113 0.550451 0.724611
0.784313 0.838708 1.153833 1.117921 0.087175 0.086012 0.342348 0.337782 1.148293 0.818900 0.929896 1.258014 0.524030 0.778686
0.725491 0.838708 0.955582 1.117921 0.072197 0.086012 0.283526 0.337782 1.108949 0.857652 0.179053 -0.400361 0.487639 0.872503
0.686275 0.838708 0.823412 1.117921 0.062211 0.086012 0.244310 0.337782 1.083699 0.885024 0.904646 1.285385 0.465932 0.944618
0.666666 0.806447 0.757321 1.011153 0.057218 0.077798 0.224701 0.305522 1.046327 0.880003 0.141681 -0.405382 0.428180 0.936662
0.607844 0.741931 0.559071 0.797631 0.042239 0.061369 0.165879 0.241006 0.959133 0.884414 0.817452 1.289796 0.342777 0.967981
0.549019 0.677415 0.360810 0.584110 0.027260 0.044941 0.107054 0.176490 0.871959 0.889709 0.054507 -0.400087 0.258646 1.025557
0.529410 0.645160 0.294720 0.477357 0.022267 0.036728 0.087445 0.144235 0.834569 0.883628 0.780062 1.283715 0.221212 1.025780
0.509803 0.580644 0.228640 0.263836 0.017274 0.020299 0.067839 0.079719 0.772688 0.850272 -0.007374 -0.433443 0.154383 0.865736
0.509803 0.516128 0.228640 0.050314 0.017274 0.003871 0.067839 0.015203 0.725457 0.791563 0.732830 1.225006 0.100510 0.220458
0.549019 0.451612 0.360810 -0.163207 0.027260 -0.012557 0.107054 -0.049313 0.710897 0.688358 -0.021933 -0.536648 0.107488 -0.431666
0.568628 0.451612 0.426900 -0.163207 0.032253 -0.012557 0.126664 -0.049313 0.726148 0.671202 0.748081 1.207850 0.127030 -0.371270
0.627450 0.387096 0.625151 -0.376728 0.047232 -0.028985 0.185485 -0.113829 0.737249 0.552779 -0.010832 -0.655071 0.193431 -0.550420
0.686275 0.354835 0.823412 -0.483497 0.062211 -0.037200 0.244310 -0.146090 0.772581 0.477191 0.783413 1.132262 0.259382 -0.538924
0.705881 0.354835 0.889492 -0.483497 0.067203 -0.037200 0.263917 -0.146090 0.790048 0.465793 0.006635 -0.666469 0.277927 -0.505561
0.725491 0.322580 0.955582 -0.590250 0.072197 -0.045414 0.283526 -0.178345 0.793974 0.418385 0.787338 1.084854 0.307636 -0.561489
0.745097 0.322580 1.021662 -0.590250 0.077189 -0.045414 0.303132 -0.178345 0.811928 0.408574 0.024590 -0.676281 0.325794 -0.531803
0.725491 0.322580 0.955582 -0.590250 0.072197 -0.045414 0.283526 -0.178345 0.793974 0.418385 0.769384 1.094666 0.307636 -0.561489
0.666666 0.322580 0.757321 -0.590250 0.057218 -0.045414 0.224701 -0.178345 0.740608 0.450661 -0.028776 -0.644005 0.254447 -0.670888
0.647059 0.322580 0.691241 -0.590250 0.052225 -0.045414 0.205095 -0.178345 0.723010 0.462473 0.751786 1.106477 0.237311 -0.715749
0.607844 0.322580 0.559071 -0.590250 0.042239 -0.045414 0.165879 -0.178345 0.688136 0.487901 -0.063649 -0.618576 0.204374 -0.821597
0.549019 0.322580 0.360810 -0.590250 0.027260 -0.045414 0.107054 -0.178345 0.636773 0.531220 0.700422 1.149796 0.160354 -1.030183
0.470588 0.322580 0.096469 -0.590250 0.007289 -0.045414 0.028623 -0.178345 0.570535 0.600917 -0.129887 -0.548879 0.122768 -1.411661
0.372547 0.290319 -0.233961 -0.697018 -0.017676 -0.053628 -0.069418 -0.210606 0.472310 0.661980 0.602197 1.210860 0.166778 1.252401
0.313725 0.290319 -0.432212 -0.697018 -0.032655 -0.053628 -0.128240 -0.210606 0.427444 0.746669 -0.174752 -0.464190 0.198599 1.023852
0.274509 0.258064 -0.564382 -0.803771 -0.042641 -0.061842 -0.167455 -0.242861 0.376766 0.754529 0.551518 1.218719 0.248718 0.967146
0.254900 0.258064 -0.630473 -0.803771 -0.047634 -0.061842 -0.187064 -0.242861 0.362727 0.791566 -0.188791 -0.427153 0.262321 0.914459
0.215684 0.258064 -0.762643 -0.803771 -0.057620 -0.061842 -0.226280 -0.242861 0.336328 0.874616 0.525119 1.301769 0.291586 0.820727
