0.134616 0.789475 -1.127887 0.772676 -0.108889 0.081361 -0.309230 0.231054 0.800869 1.401907 0.800869 1.401907 0.463769 -0.641700
0.134616 0.763157 -1.127887 0.684666 -0.108889 0.072094 -0.309230 0.204736 0.774939 1.396198 -0.025931 -0.005708 0.444502 -0.584822
0.173078 0.736843 -0.987603 0.596669 -0.095346 0.062828 -0.270769 0.178422 0.756897 1.340088 0.782828 1.345796 0.398952 -0.582639
0.230769 0.736843 -0.777181 0.596669 -0.075031 0.062828 -0.213078 0.178422 0.772135 1.267287 -0.010693 -0.078509 0.362283 -0.697108
0.288462 0.736843 -0.566750 0.596669 -0.054716 0.062828 -0.155384 0.178422 0.791295 1.197653 0.801989 1.276162 0.331649 -0.854305
0.326924 0.736843 -0.426465 0.596669 -0.041172 0.062828 -0.116923 0.178422 0.806112 1.153209 0.004124 -0.122953 0.315465 -0.990693
0.384614 0.789475 -0.216044 0.772676 -0.020857 0.081361 -0.059232 0.231054 0.878179 1.117459 0.874055 1.240412 0.350667 -1.319844
0.403846 0.868420 -0.145896 1.036680 -0.014085 0.109160 -0.040000 0.309999 0.957729 1.135509 0.083673 -0.104903 0.426453 -1.442473
0.403846 0.894737 -0.145896 1.124690 -0.014085 0.118427 -0.040000 0.336316 0.981655 1.146814 0.897982 1.251717 0.452662 -1.452417
0.365385 0.947369 -0.286181 1.300697 -0.027629 0.136961 -0.078461 0.388948 1.015388 1.202692 0.117407 -0.049025 0.509599 -1.371740
0.326924 0.973682 -0.426465 1.388693 -0.041172 0.146226 -0.116923 0.415261 1.027101 1.246863 0.909694 1.295888 0.542584 -1.296337
0.250001 1.000000 -0.707034 1.476704 -0.068259 0.155494 -0.193846 0.441579 1.030777 1.325817 0.121082 0.029929 0.588968 -1.157142
0.173078 0.973682 -0.987603 1.388693 -0.095346 0.146226 -0.270769 0.415261 0.988946 1.394878 0.867863 1.364949 0.595014 -0.992986
0.096155 0.947369 -1.268172 1.300697 -0.122433 0.136961 -0.347691 0.388948 0.952236 1.469646 0.084373 0.104697 0.611902 -0.841346
0.057694 0.921051 -1.408456 1.212687 -0.135976 0.127693 -0.386153 0.362630 0.922856 1.508239 0.838483 1.403543 0.613871 -0.753994
0.019232 0.815788 -1.548740 0.860673 -0.149520 0.090627 -0.424614 0.257367 0.816015 1.547226 -0.022469 0.143683 0.564480 -0.544907
0.000000 0.789475 -1.618888 0.772676 -0.156292 0.081361 -0.443846 0.231054 0.789475 1.570796 0.811943 1.427113 0.562546 -0.479969
0.000000 0.657894 -1.618888 0.332652 -0.156292 0.035028 -0.443846 0.099473 0.657894 1.570796 -0.154049 0.143683 0.492764 -0.220473
0.038461 0.473686 -1.478604 -0.283365 -0.142749 -0.029838 -0.405385 -0.084735 0.475245 1.489778 0.629294 1.346095 0.406482 0.206056
0.076923 0.394737 -1.338319 -0.547382 -0.129205 -0.057638 -0.366924 -0.163684 0.402162 1.378337 -0.227132 0.032242 0.370195 0.419604
0.173078 0.263157 -0.987603 -0.987406 -0.095346 -0.103972 -0.270769 -0.295264 0.314972 0.989028 0.542104 0.956786 0.325522 0.828647
0.230769 0.184212 -0.777181 -1.251409 -0.075031 -0.131771 -0.213078 -0.374209 0.295276 0.673675 -0.246828 -0.283111 0.335875 1.053174
0.403846 0.078949 -0.145896 -1.603423 -0.014085 -0.168837 -0.040000 -0.479472 0.411491 0.193058 0.658319 0.476169 0.367083 1.487564
0.576924 0.000000 0.485389 -1.867440 0.046861 -0.196637 0.133078 -0.558421 0.576924 0.000000 -0.081394 -0.476169 0.463367 -1.336849
0.730770 0.000000 1.046527 -1.867440 0.101035 -0.196637 0.286924 -0.558421 0.730770 0.000000 0.812164 0.476169 0.528512 -1.096160
0.846154 0.078949 1.467380 -1.603423 0.141665 -0.168837 0.402308 -0.479472 0.849829 0.093034 0.037665 -0.383135 0.543141 -0.872685
0.923077 0.210525 1.747949 -1.163413 0.168752 -0.122505 0.479231 -0.347896 0.946780 0.224234 0.909115 0.607368 0.533011 -0.627928
0.961539 0.289475 1.888233 -0.899396 0.182295 -0.094704 0.517692 -0.268946 1.004167 0.292423 0.095052 -0.314945 0.540218 -0.479134
0.980768 0.421051 1.958370 -0.459385 0.189067 -0.048372 0.536921 -0.137370 1.067328 0.405513 0.972276 0.720459 0.537405 -0.250475
1.000000 0.552631 2.028518 -0.019361 0.195839 -0.002039 0.556154 -0.005790 1.142542 0.504861 0.170266 -0.215598 0.566693 -0.010410
0.961539 0.657894 1.888233 0.332652 0.182295 0.035028 0.517692 0.099473 1.165067 0.600050 0.994801 0.815647 0.560198 0.189834
0.923077 0.684212 1.747949 0.420662 0.168752 0.044295 0.479231 0.125791 1.149007 0.637864 0.154206 -0.177783 0.536132 0.256694
0.846154 0.710525 1.467380 0.508659 0.141665 0.053561 0.402308 0.152104 1.104909 0.698491 0.950703 0.876274 0.482669 0.361468
0.769231 0.736843 1.186811 0.596669 0.114578 0.062828 0.325385 0.178422 1.065202 0.763896 0.114499 -0.112378 0.437861 0.501569
0.673076 0.710525 0.836095 0.508659 0.080719 0.053561 0.229230 0.152104 0.978713 0.812458 0.864214 0.924835 0.351659 0.585838
0.596154 0.684212 0.555526 0.420662 0.053632 0.044295 0.152307 0.125791 0.907494 0.854066 0.043280 -0.070770 0.284557 0.690336
0.557692 0.605263 0.415241 0.156645 0.040089 0.016494 0.113846 0.046842 0.823021 0.826280 0.779741 0.897050 0.197525 0.390337
0.519231 0.552631 0.274957 -0.019361 0.026545 -0.002039 0.075384 -0.005790 0.758289 0.816549 -0.021452 -0.080500 0.132352 -0.076651
0.519231 0.500000 0.274957 -0.195368 0.026545 -0.020572 0.075384 -0.058421 0.720833 0.766533 0.742285 0.847033 0.094000 -0.659295
0.557692 0.447369 0.415241 -0.371375 0.040089 -0.039105 0.113846 -0.111052 0.714954 0.676068 -0.027331 -0.170965 0.113900 -0.772978
0.615386 0.421051 0.625673 -0.459385 0.060404 -0.048372 0.171539 -0.137370 0.745643 0.600048 0.772974 0.771013 0.173047 -0.675233
0.653847 0.394737 0.765958 -0.547382 0.073948 -0.057638 0.210001 -0.163684 0.763763 0.543147 -0.009212 -0.227866 0.215666 -0.662080
0.673076 0.368420 0.836095 -0.635392 0.080719 -0.066905 0.229230 -0.190001 0.767310 0.500819 0.776522 0.728685 0.241321 -0.692097
0.653847 0.368420 0.765958 -0.635392 0.073948 -0.066905 0.210001 -0.190001 0.750499 0.513122 -0.026023 -0.215564 0.223136 -0.735442
0.576924 0.368420 0.485389 -0.635392 0.046861 -0.066905 0.133078 -0.190001 0.684525 0.568314 0.710548 0.783878 0.152967 -0.959799
0.461537 0.342106 0.064525 -0.723389 0.006229 -0.076171 0.017691 -0.216315 0.574502 0.637866 -0.136045 -0.146012 0.103267 -1.489196
0.346153 0.342106 -0.356328 -0.723389 -0.034401 -0.076171 -0.097694 -0.216315 0.486681 0.779518 0.622726 0.925530 0.141050 1.146591
0.250001 0.342106 -0.707034 -0.723389 -0.068259 -0.076171 -0.193846 -0.216315 0.423718 0.939716 -0.199008 0.014186 0.218923 0.840125
0.211539 0.342106 -0.847318 -0.723389 -0.081803 -0.076171 -0.232307 -0.216315 0.402225 1.016997 0.601234 1.002811 0.253609 0.749766
0.115384 0.315788 -1.198035 -0.811399 -0.115662 -0.085439 -0.328462 -0.242633 0.336208 1.220482 -0.265026 0.217671 0.352543 0.636225
