0.062501 0.655172 -1.396624 0.322778 -0.108902 0.028523 -0.389554 0.102030 0.658146 1.475687 0.658146 1.475687 0.439327 -0.256161
0.062501 0.620691 -1.396624 0.213698 -0.108902 0.018884 -0.389554 0.067550 0.623830 1.470438 -0.034316 -0.005249 0.424488 -0.171696
0.062501 0.586206 -1.396624 0.104601 -0.108902 0.009243 -0.389554 0.033064 0.589528 1.464577 0.623844 1.469826 0.412005 -0.084675
0.083333 0.551726 -1.321938 -0.004479 -0.103078 -0.000396 -0.368722 -0.001416 0.557983 1.420889 -0.065861 -0.048938 0.381956 0.003840
0.104168 0.551726 -1.247241 -0.004479 -0.097254 -0.000396 -0.347887 -0.001416 0.561473 1.384189 0.627334 1.433127 0.361883 0.004070
0.145834 0.517240 -1.097859 -0.113576 -0.085606 -0.010036 -0.306221 -0.035901 0.537406 1.295983 -0.089928 -0.137144 0.313082 0.116707
0.187501 0.517240 -0.948476 -0.113576 -0.073957 -0.010036 -0.264554 -0.035901 0.550176 1.223027 0.640104 1.360171 0.272466 0.134881
0.208333 0.517240 -0.873791 -0.113576 -0.068134 -0.010036 -0.243722 -0.035901 0.557620 1.187898 -0.082485 -0.172273 0.252289 0.146252
0.249999 0.517240 -0.724408 -0.113576 -0.056486 -0.010036 -0.202056 -0.035901 0.574488 1.120571 0.656973 1.292844 0.212310 0.175845
0.291666 0.551726 -0.575026 -0.004479 -0.044838 -0.000396 -0.160389 -0.001416 0.624075 1.084498 -0.032898 -0.208346 0.188836 0.008827
0.312501 0.586206 -0.500329 0.104601 -0.039013 0.009243 -0.139554 0.033064 0.664300 1.081028 0.697197 1.289374 0.193577 -0.232639
0.374999 0.689657 -0.276261 0.431875 -0.021541 0.038164 -0.077056 0.136516 0.785016 1.072767 0.087819 -0.216608 0.249785 -1.056927
0.374999 0.724137 -0.276261 0.540955 -0.021541 0.047803 -0.077056 0.170996 0.815475 1.092966 0.727655 1.309574 0.282783 -1.147417
0.395834 0.862069 -0.201564 0.977310 -0.015717 0.086362 -0.056221 0.308927 0.948602 1.140345 0.220947 -0.169229 0.413850 -1.390778
0.374999 0.896554 -0.276261 1.086406 -0.021541 0.096003 -0.077056 0.343413 0.971820 1.174643 0.750872 1.343871 0.451129 -1.350069
0.354167 0.965520 -0.350947 1.304584 -0.027365 0.115283 -0.097888 0.412378 1.028427 1.219221 0.277555 -0.124651 0.522712 -1.337736
0.333332 0.965520 -0.425643 1.304584 -0.033190 0.115283 -0.118723 0.412378 1.021440 1.238372 0.743885 1.363022 0.527012 -1.290479
0.270834 1.000000 -0.649712 1.413664 -0.050661 0.124922 -0.181221 0.446859 1.036027 1.306307 0.292142 -0.056715 0.577135 -1.185520
0.229168 1.000000 -0.799094 1.413664 -0.062309 0.124922 -0.222887 0.446859 1.025923 1.345519 0.733781 1.402234 0.591543 -1.108119
0.187501 0.965520 -0.948476 1.304584 -0.073957 0.115283 -0.264554 0.412378 0.983557 1.378987 0.249776 -0.023247 0.577611 -1.000397
0.166666 0.931034 -1.023173 1.195487 -0.079782 0.105642 -0.285389 0.377893 0.945834 1.393661 0.696058 1.416908 0.557555 -0.923969
0.125000 0.896554 -1.172556 1.086406 -0.091430 0.096003 -0.327055 0.343413 0.905226 1.432267 0.209168 0.015359 0.551856 -0.809790
0.104168 0.827588 -1.247241 0.868229 -0.097254 0.076723 -0.347887 0.274447 0.834118 1.445586 0.624950 1.430226 0.511909 -0.667934
0.083333 0.793103 -1.321938 0.759133 -0.103078 0.067083 -0.368722 0.239961 0.797469 1.466108 0.172519 0.035882 0.502264 -0.576932
0.041667 0.724137 -1.471321 0.540955 -0.114726 0.047803 -0.410388 0.170996 0.725335 1.513320 0.552816 1.477438 0.492389 -0.394792
0.020835 0.655172 -1.546006 0.322778 -0.120550 0.028523 -0.431220 0.102030 0.655503 1.539006 0.102686 0.061568 0.476662 -0.232335
0.000000 0.517240 -1.620703 -0.113576 -0.126374 -0.010036 -0.452055 -0.035901 0.517240 1.570796 0.414554 1.509228 0.456731 0.079252
0.000000 0.482760 -1.620703 -0.222656 -0.126374 -0.019676 -0.452055 -0.070382 0.482760 1.570796 0.068206 0.061568 0.453097 0.154452
0.020835 0.379309 -1.546006 -0.549930 -0.120550 -0.048596 -0.431220 -0.173833 0.379881 1.515923 0.311674 1.454355 0.437313 0.383192
0.041667 0.310343 -1.471321 -0.768107 -0.114726 -0.067876 -0.410388 -0.242798 0.313128 1.437335 0.001453 -0.017020 0.434167 0.534243
0.083333 0.241377 -1.321938 -0.986284 -0.103078 -0.087155 -0.368722 -0.311764 0.255357 1.238368 0.253904 1.255388 0.424666 0.701891
0.187501 0.137931 -0.948476 -1.313542 -0.073957 -0.116074 -0.264554 -0.415210 0.232770 0.634241 -0.021135 -0.621148 0.410685 1.003503
0.229168 0.103446 -0.799094 -1.422639 -0.062309 -0.125715 -0.222887 -0.449695 0.251434 0.424017 0.272568 1.045164 0.413772 1.110642
0.291666 0.068966 -0.575026 -1.531719 -0.044838 -0.135354 -0.160389 -0.484176 0.299708 0.232190 0.027140 -0.812974 0.415310 1.250911
0.333332 0.034480 -0.425643 -1.640816 -0.033190 -0.144994 -0.118723 -0.518661 0.335111 0.103074 0.307971 0.916049 0.434124 1.345771
0.479167 0.000000 0.097201 -1.749896 0.007579 -0.154634 0.027112 -0.553141 0.479167 0.000000 0.171196 -0.916049 0.452867 -1.521821
0.541668 0.000000 0.321280 -1.749896 0.025052 -0.154634 0.089613 -0.553141 0.541668 0.000000 0.370472 0.916049 0.460852 -1.410184
0.645833 0.068966 0.694731 -1.531719 0.054172 -0.135354 0.193778 -0.484176 0.649505 0.106383 0.279033 -0.809666 0.429310 -1.190098
0.708334 0.103446 0.918810 -1.422639 0.071644 -0.125715 0.256279 -0.449695 0.715848 0.145016 0.436815 0.954682 0.432675 -1.052807
0.750001 0.137931 1.068193 -1.313542 0.083292 -0.116074 0.297946 -0.415210 0.762579 0.181876 0.325763 -0.772806 0.432950 -0.948370
0.812499 0.206897 1.292261 -1.095365 0.100764 -0.096794 0.360444 -0.346244 0.838428 0.249344 0.512664 1.022150 0.435915 -0.765308
0.895832 0.344828 1.591026 -0.659010 0.124060 -0.058235 0.443777 -0.208313 0.959907 0.367444 0.447243 -0.654706 0.456548 -0.438877
0.937499 0.413794 1.740408 -0.440833 0.135708 -0.038955 0.485444 -0.139347 1.024758 0.415663 0.577515 1.070369 0.486949 -0.279535
0.958333 0.482760 1.815105 -0.222656 0.141533 -0.019676 0.506278 -0.070382 1.073061 0.466643 0.495546 -0.603727 0.507209 -0.138132
1.000000 0.620691 1.964487 0.213698 0.153181 0.018884 0.547945 0.067550 1.176970 0.555495 0.681424 1.159221 0.573308 0.122660
1.000000 0.689657 1.964487 0.431875 0.153181 0.038164 0.547945 0.136516 1.214754 0.603751 0.533330 -0.555471 0.597242 0.244170
1.000000 0.758623 1.964487 0.650052 0.153181 0.057443 0.547945 0.205481 1.255193 0.648997 0.721863 1.204468 0.627875 0.358774
1.000000 0.862069 1.964487 0.977310 0.153181 0.086362 0.547945 0.308927 1.320289 0.711459 0.598426 -0.493009 0.684365 0.513371
0.979165 0.896554 1.889790 1.086406 0.147356 0.096003 0.527110 0.343413 1.327620 0.741384 0.729194 1.234393 0.689510 0.577429
0.916667 0.965520 1.665722 1.304584 0.129885 0.115283 0.464612 0.412378 1.331355 0.811348 0.602162 -0.423045 0.692467 0.725908
0.875000 0.965520 1.516340 1.304584 0.118237 0.115283 0.422945 0.412378 1.303017 0.834540 0.700856 1.257585 0.665228 0.772749
0.833334 0.965520 1.366957 1.304584 0.106589 0.115283 0.381279 0.412378 1.275411 0.858750 0.574556 -0.398836 0.639546 0.824563
0.791667 0.931034 1.217575 1.195487 0.094940 0.105642 0.339612 0.377893 1.222114 0.866123 0.647558 1.264958 0.587161 0.838700
0.729166 0.862069 0.993496 0.977310 0.077468 0.086362 0.277111 0.308927 1.129090 0.868726 0.481532 -0.396232 0.494875 0.839635
0.666668 0.758623 0.769428 0.650052 0.059996 0.057443 0.214613 0.205481 1.009928 0.849826 0.528396 1.246057 0.374222 0.763665
0.645833 0.724137 0.694731 0.540955 0.054172 0.047803 0.193778 0.170996 0.970296 0.842494 0.441901 -0.403564 0.334034 0.723024
0.625001 0.620691 0.620045 0.213698 0.048348 0.018884 0.172946 0.067550 0.880843 0.781938 0.438942 1.185502 0.241555 0.372362
0.625001 0.586206 0.620045 0.104601 0.048348 0.009243 0.172946 0.033064 0.856892 0.753379 0.417950 -0.432123 0.218876 0.188904
0.666668 0.517240 0.769428 -0.113576 0.059996 -0.010036 0.214613 -0.035901 0.843791 0.659846 0.425841 1.091970 0.224294 -0.165749
0.687499 0.482760 0.844113 -0.222656 0.065820 -0.019676 0.235444 -0.070382 0.840067 0.612199 0.414226 -0.479771 0.237438 -0.290475
0.708334 0.482760 0.918810 -0.222656 0.071644 -0.019676 0.256279 -0.070382 0.857202 0.598231 0.442976 1.078001 0.258112 -0.268021
0.729166 0.448274 0.993496 -0.331753 0.077468 -0.029316 0.277111 -0.104867 0.855940 0.551214 0.412964 -0.526787 0.277137 -0.361774
0.750001 0.448274 1.068193 -0.331753 0.083292 -0.029316 0.297946 -0.104867 0.873757 0.538726 0.460793 1.065513 0.297970 -0.338426
0.750001 0.413794 1.068193 -0.440833 0.083292 -0.038955 0.297946 -0.139347 0.856579 0.504167 0.395786 -0.561346 0.300392 -0.437470
0.708334 0.413794 0.918810 -0.440833 0.071644 -0.038955 0.256279 -0.139347 0.820343 0.528705 0.424558 1.090052 0.259120 -0.498018
0.666668 0.413794 0.769428 -0.440833 0.059996 -0.038955 0.214613 -0.139347 0.784647 0.555494 0.360090 -0.534557 0.217997 -0.575880
0.604166 0.413794 0.545348 -0.440833 0.042524 -0.038955 0.152111 -0.139347 0.732286 0.600520 0.372196 1.135078 0.156849 -0.741632
0.500002 0.379309 0.171898 -0.549930 0.013404 -0.048596 0.047947 -0.173833 0.627596 0.648992 0.255400 -0.486086 0.087126 -1.301668
0.437500 0.379309 -0.052182 -0.549930 -0.004069 -0.048596 -0.014555 -0.173833 0.579035 0.714276 0.323635 1.200362 0.074188 1.487263
0.333332 0.344828 -0.425643 -0.659010 -0.033190 -0.058235 -0.118723 -0.208313 0.479601 0.802349 0.155966 -0.398013 0.159977 1.052785
0.249999 0.310343 -0.724408 -0.768107 -0.056486 -0.067876 -0.202056 -0.242798 0.398513 0.892676 0.242547 1.290689 0.246797 0.876730
0.208333 0.310343 -0.873791 -0.768107 -0.068134 -0.067876 -0.243722 -0.242798 0.373785 0.979594 0.131238 -0.311095 0.281927 0.783499
0.187501 0.310343 -0.948476 -0.768107 -0.073957 -0.067876 -0.264554 -0.242798 0.362587 1.027314 0.231349 1.338409 0.300118 0.742544
