0.122808 0.617647 -1.166752 0.148134 -0.101597 0.012888 -0.352971 0.044775 0.629737 1.374524 0.629737 1.374524 0.380414 -0.126178
0.140350 0.617647 -1.108765 0.148134 -0.096548 0.012888 -0.335428 0.044775 0.633392 1.347357 0.003655 -0.027168 0.364196 -0.132702
0.157895 0.617647 -1.050769 0.148134 -0.091498 0.012888 -0.317883 0.044775 0.637509 1.320516 0.633855 1.347684 0.348104 -0.139933
0.210525 0.617647 -0.876799 0.148134 -0.076349 0.012888 -0.265253 0.044775 0.652540 1.242295 0.018685 -0.105389 0.300808 -0.167225
0.245613 0.617647 -0.760817 0.148134 -0.066249 0.012888 -0.230165 0.044775 0.664690 1.192309 0.646005 1.297698 0.270375 -0.192135
0.298246 0.617647 -0.586838 0.148134 -0.051100 0.012888 -0.177533 0.044775 0.685885 1.120943 0.039880 -0.176755 0.227254 -0.247055
0.350876 0.647060 -0.412868 0.245447 -0.035951 0.021354 -0.124903 0.074189 0.736071 1.073914 0.696192 1.250669 0.211986 -0.535977
0.385963 0.676470 -0.296886 0.342745 -0.025852 0.029819 -0.089815 0.103598 0.778832 1.052309 0.082640 -0.198360 0.219872 -0.856541
0.421051 0.705884 -0.180903 0.440058 -0.015752 0.038285 -0.054727 0.133012 0.821922 1.032963 0.739282 1.231324 0.236524 -1.180461
0.438596 0.794116 -0.122907 0.731968 -0.010702 0.063682 -0.037182 0.221245 0.907186 1.066184 0.167905 -0.165140 0.320502 -1.404293
0.438596 0.852940 -0.122907 0.926579 -0.010702 0.080613 -0.037182 0.280068 0.959100 1.095840 0.791195 1.260980 0.378990 -1.438806
0.438596 0.882353 -0.122907 1.023892 -0.010702 0.089079 -0.037182 0.309482 0.985350 1.109491 0.194155 -0.151489 0.408272 -1.451226
0.403508 0.941177 -0.238890 1.218503 -0.020802 0.106011 -0.072270 0.368305 1.024028 1.165773 0.829873 1.317261 0.470976 -1.377035
0.368421 0.970586 -0.354873 1.315801 -0.030901 0.114476 -0.107358 0.397715 1.038158 1.208011 0.208285 -0.109250 0.506320 -1.307144
0.263158 0.970586 -0.702821 1.315801 -0.061199 0.114476 -0.212620 0.397715 1.005629 1.306029 0.797344 1.415279 0.538556 -1.079849
0.228071 0.970586 -0.818804 1.315801 -0.071299 0.114476 -0.247708 0.397715 0.997022 1.340001 0.199678 -0.075277 0.553348 -1.013760
0.175438 0.970586 -0.992782 1.315801 -0.086448 0.114476 -0.300341 0.397715 0.986314 1.391973 0.786636 1.467250 0.578826 -0.923997
0.140350 0.941177 -1.108765 1.218503 -0.096548 0.106011 -0.335428 0.368305 0.951584 1.422765 0.164948 -0.044485 0.573679 -0.832082
0.105263 0.882353 -1.224747 1.023892 -0.106647 0.089079 -0.370516 0.309482 0.888610 1.452060 0.723662 1.496545 0.550077 -0.695882
0.070175 0.852940 -1.340730 0.926579 -0.116746 0.080613 -0.405603 0.280068 0.855822 1.488707 0.132159 -0.007838 0.553863 -0.604320
0.052633 0.794116 -1.398717 0.731968 -0.121796 0.063682 -0.423146 0.221245 0.795859 1.504615 0.663699 1.512453 0.529520 -0.481766
0.000000 0.647060 -1.572696 0.245447 -0.136945 0.021354 -0.475778 0.074189 0.647060 1.570796 -0.016639 0.058343 0.505670 -0.154686
0.000000 0.558823 -1.572696 -0.046477 -0.136945 -0.004044 -0.475778 -0.014048 0.558823 1.570796 0.575462 1.512453 0.482972 0.029518
0.000000 0.500000 -1.572696 -0.241088 -0.136945 -0.020975 -0.475778 -0.072871 0.500000 1.570796 -0.075462 0.058343 0.476395 0.151982
0.000000 0.411767 -1.572696 -0.532998 -0.136945 -0.046371 -0.475778 -0.161104 0.411767 1.570796 0.487230 1.512453 0.480065 0.326494
0.017545 0.323530 -1.514700 -0.824922 -0.131895 -0.071769 -0.458233 -0.249341 0.324006 1.516619 -0.163224 0.004166 0.482864 0.498330
0.105263 0.176474 -1.224747 -1.311443 -0.106647 -0.114097 -0.370516 -0.396397 0.205483 1.032972 0.368707 1.028805 0.476303 0.819133
0.175438 0.088237 -0.992782 -1.603367 -0.086448 -0.139494 -0.300341 -0.484634 0.196378 0.466008 -0.172330 -0.562798 0.490299 1.015999
0.245613 0.058823 -0.760817 -1.700680 -0.066249 -0.147961 -0.230165 -0.514048 0.252559 0.235068 0.424888 0.797866 0.476264 1.149815
0.333333 0.029414 -0.470855 -1.797978 -0.041001 -0.156426 -0.142445 -0.543458 0.334629 0.088014 -0.090260 -0.709852 0.468542 1.314454
0.473684 0.000000 -0.006924 -1.895291 -0.000603 -0.164892 -0.002095 -0.572871 0.473684 0.000000 0.563943 0.709852 0.475783 1.567140
0.526316 0.000000 0.167054 -1.895291 0.014547 -0.164892 0.050538 -0.572871 0.526316 0.000000 -0.037627 -0.709852 0.478455 -1.482806
0.596492 0.000000 0.399020 -1.895291 0.034745 -0.164892 0.120713 -0.572871 0.596492 0.000000 0.634119 0.709852 0.490853 -1.363119
0.666667 0.029414 0.630985 -1.797978 0.054944 -0.156426 0.190888 -0.543458 0.667315 0.044092 0.033197 -0.665760 0.485468 -1.233010
0.771929 0.147060 0.978933 -1.408756 0.085242 -0.122563 0.296151 -0.425811 0.785813 0.188254 0.752616 0.854014 0.442449 -0.963098
0.824559 0.205884 1.152903 -1.214144 0.100391 -0.105632 0.348781 -0.366988 0.849874 0.244686 0.097258 -0.609328 0.441012 -0.810829
0.894735 0.323530 1.384869 -0.824922 0.120590 -0.071769 0.418956 -0.249341 0.951431 0.346966 0.854173 0.956294 0.445762 -0.536845
0.929822 0.411767 1.500851 -0.532998 0.130689 -0.046371 0.454044 -0.161104 1.016918 0.416888 0.162744 -0.539405 0.458534 -0.340963
0.947367 0.470591 1.558847 -0.338387 0.135739 -0.029440 0.471589 -0.102281 1.057809 0.461032 0.895065 1.000438 0.471617 -0.213578
0.964910 0.558823 1.616834 -0.046477 0.140789 -0.004044 0.489131 -0.014048 1.115049 0.524944 0.219984 -0.475494 0.496131 -0.028713
0.982455 0.705884 1.674830 0.440058 0.145839 0.038285 0.506676 0.133012 1.209748 0.623028 0.989763 1.098521 0.556480 0.256726
1.000000 0.764707 1.732825 0.634669 0.150889 0.055217 0.524222 0.191835 1.258879 0.652847 0.269116 -0.445674 0.598572 0.350807
0.982455 0.882353 1.674830 1.023892 0.145839 0.089079 0.506676 0.309482 1.320517 0.731770 1.051401 1.177444 0.649634 0.548329
0.964910 0.911763 1.616834 1.121190 0.140789 0.097545 0.489131 0.338891 1.327540 0.757086 0.276139 -0.420358 0.655234 0.605907
0.947367 0.970586 1.558847 1.315801 0.135739 0.114476 0.471589 0.397715 1.356297 0.797504 1.080159 1.217862 0.683543 0.700621
0.912280 1.000000 1.442864 1.413114 0.125640 0.122942 0.436501 0.427129 1.353608 0.831238 0.273449 -0.386624 0.682160 0.774546
0.859647 1.000000 1.268886 1.413114 0.110490 0.122942 0.383869 0.427129 1.318709 0.860728 1.045260 1.247352 0.649741 0.838689
0.807017 1.000000 1.094916 1.413114 0.095342 0.122942 0.331239 0.427129 1.285020 0.891791 0.239760 -0.355561 0.620103 0.911173
0.736842 0.970586 0.862951 1.315801 0.075143 0.114476 0.261063 0.397715 1.218595 0.921451 0.978834 1.277012 0.559454 0.989929
0.649122 0.882353 0.572989 1.023892 0.049894 0.089079 0.173343 0.309482 1.095402 0.936529 0.116568 -0.340482 0.441985 1.060226
0.614034 0.823530 0.457007 0.829281 0.039795 0.072148 0.138256 0.250659 1.027249 0.930109 0.910681 1.270592 0.374227 1.066749
0.596492 0.764707 0.399020 0.634669 0.034745 0.055217 0.120713 0.191835 0.969834 0.908354 0.059154 -0.362238 0.313131 1.009144
0.578946 0.705884 0.341024 0.440058 0.029695 0.038285 0.103168 0.133012 0.912935 0.883876 0.853781 1.246114 0.252175 0.911094
0.561404 0.588237 0.283037 0.050836 0.024646 0.004423 0.085625 0.015366 0.813140 0.808734 -0.040641 -0.437379 0.141346 0.177562
0.561404 0.558823 0.283037 -0.046477 0.024646 -0.004044 0.085625 -0.014048 0.792122 0.783094 0.832763 1.220474 0.119282 -0.162617
0.614034 0.470591 0.457007 -0.338387 0.039795 -0.029440 0.138256 -0.102281 0.773623 0.653910 -0.059140 -0.566564 0.138353 -0.636938
0.649122 0.441177 0.572989 -0.435700 0.049894 -0.037906 0.173343 -0.131695 0.784854 0.596939 0.843994 1.163503 0.176763 -0.649702
0.684209 0.382353 0.688972 -0.630311 0.059993 -0.054838 0.208431 -0.190518 0.783796 0.509594 -0.060198 -0.653909 0.228411 -0.740529
0.684209 0.352944 0.688972 -0.727609 0.059993 -0.063303 0.208431 -0.219927 0.769878 0.476241 0.830075 1.130150 0.241933 -0.812231
0.666667 0.352944 0.630985 -0.727609 0.054944 -0.063303 0.190888 -0.219927 0.754330 0.486903 -0.075745 -0.643247 0.226995 -0.855967
0.631579 0.352944 0.515002 -0.727609 0.044845 -0.063303 0.155801 -0.219927 0.723506 0.509596 0.799252 1.152843 0.198399 -0.954443
0.526316 0.352944 0.167054 -0.727609 0.014547 -0.063303 0.050538 -0.219927 0.633702 0.590716 -0.165550 -0.562127 0.132825 -1.344924
0.473684 0.352944 -0.006924 -0.727609 -0.000603 -0.063303 -0.002095 -0.219927 0.590716 0.640361 0.756266 1.202488 0.122852 1.561272
0.421051 0.352944 -0.180903 -0.727609 -0.015752 -0.063303 -0.054727 -0.219927 0.549412 0.697630 -0.206854 -0.504858 0.134474 1.326907
0.333333 0.323530 -0.470855 -0.824922 -0.041001 -0.071769 -0.142445 -0.249341 0.464524 0.770475 0.671378 1.275333 0.208495 1.051758
0.280701 0.323530 -0.644834 -0.824922 -0.056150 -0.071769 -0.195078 -0.249341 0.428328 0.856163 -0.243051 -0.419170 0.247457 0.906897
0.228071 0.294121 -0.818804 -0.922220 -0.071299 -0.080234 -0.247708 -0.278751 0.372187 0.911217 0.615238 1.330387 0.307179 0.844295
