0.097561 0.648651 -1.153614 0.272379 -0.089050 0.021255 -0.354529 0.084622 0.655947 1.421510 0.655947 1.421510 0.405373 -0.234306
0.121949 0.648651 -1.074256 0.272379 -0.082924 0.021255 -0.330141 0.084622 0.660015 1.384961 0.004068 -0.036548 0.384226 -0.250920
0.146341 0.648651 -0.994886 0.272379 -0.076797 0.021255 -0.305749 0.084622 0.664954 1.348903 0.660886 1.385451 0.363481 -0.270012
0.170730 0.648651 -0.915528 0.272379 -0.070672 0.021255 -0.281360 0.084622 0.670744 1.313427 0.009857 -0.072024 0.343220 -0.292156
0.195122 0.648651 -0.836158 0.272379 -0.064545 0.021255 -0.256968 0.084622 0.677363 1.278596 0.667506 1.350620 0.323526 -0.318126
0.195122 0.675676 -0.836158 0.359366 -0.064545 0.028043 -0.256968 0.111647 0.703286 1.289665 0.035780 -0.060955 0.340622 -0.409872
0.219510 0.702705 -0.756799 0.446366 -0.058419 0.034832 -0.232580 0.138676 0.736193 1.268022 0.700413 1.328977 0.341909 -0.537660
0.243902 0.729730 -0.677429 0.533353 -0.052292 0.041621 -0.208188 0.165701 0.769412 1.248234 0.068999 -0.080744 0.347025 -0.672250
0.243902 0.756759 -0.677429 0.620353 -0.052292 0.048410 -0.208188 0.192730 0.795093 1.259010 0.726094 1.339754 0.369006 -0.746862
0.243902 0.783784 -0.677429 0.707340 -0.052292 0.055198 -0.208188 0.219755 0.820857 1.269110 0.094763 -0.070644 0.391616 -0.812422
0.243902 0.810813 -0.677429 0.794340 -0.052292 0.061987 -0.208188 0.246784 0.846703 1.278595 0.751940 1.349239 0.414759 -0.870028
0.243902 0.837838 -0.677429 0.881327 -0.052292 0.068775 -0.208188 0.273809 0.872617 1.287517 0.120677 -0.061723 0.438342 -0.920711
0.219510 0.864867 -0.756799 0.968327 -0.058419 0.075564 -0.232580 0.300838 0.892289 1.322237 0.771612 1.383960 0.473792 -0.912671
0.195122 0.891892 -0.836158 1.055314 -0.064545 0.082352 -0.256968 0.327863 0.912986 1.355417 0.141374 -0.028543 0.509371 -0.906033
0.170730 0.891892 -0.915528 1.055314 -0.070672 0.082352 -0.281360 0.327863 0.908086 1.381660 0.766712 1.410203 0.522101 -0.861582
0.146341 0.891892 -0.994886 1.055314 -0.076797 0.082352 -0.305749 0.327863 0.903818 1.408166 0.137107 -0.002037 0.535638 -0.820286
0.121949 0.891892 -1.074256 1.055314 -0.082924 0.082352 -0.330141 0.327863 0.900191 1.434908 0.763084 1.436945 0.549926 -0.781937
0.121949 0.864867 -1.074256 0.968327 -0.082924 0.075564 -0.330141 0.300838 0.873422 1.430716 0.110338 -0.006229 0.528562 -0.738992
0.097561 0.837838 -1.153614 0.881327 -0.089050 0.068775 -0.354529 0.273809 0.843499 1.454875 0.733161 1.461104 0.523920 -0.657632
0.073169 0.837838 -1.232984 0.881327 -0.095177 0.068775 -0.378921 0.273809 0.841027 1.483687 0.107866 0.022583 0.540724 -0.625735
0.048780 0.783784 -1.312342 0.707340 -0.101303 0.055198 -0.403309 0.219755 0.785301 1.508639 0.677434 1.486056 0.522187 -0.498904
0.048780 0.729730 -1.312342 0.533353 -0.101303 0.041621 -0.403309 0.165701 0.731359 1.504048 0.053924 0.017992 0.489635 -0.389828
0.024388 0.675676 -1.391713 0.359366 -0.107429 0.028043 -0.427701 0.111647 0.676116 1.534717 0.622192 1.516725 0.482617 -0.255342
0.000000 0.621622 -1.471071 0.185379 -0.113555 0.014466 -0.452090 0.057593 0.621622 1.570796 -0.000570 0.054071 0.482832 -0.126711
0.000000 0.567568 -1.471071 0.011393 -0.113555 0.000889 -0.452090 0.003539 0.567568 1.570796 0.568138 1.516725 0.466605 -0.007829
0.000000 0.513515 -1.471071 -0.162594 -0.113555 -0.012688 -0.452090 -0.050515 0.513515 1.570796 -0.054623 0.054071 0.456243 0.111274
0.000000 0.432432 -1.471071 -0.423581 -0.113555 -0.033054 -0.452090 -0.131597 0.432432 1.570796 0.487055 1.516725 0.452517 0.283260
0.000000 0.378378 -1.471071 -0.597568 -0.113555 -0.046632 -0.452090 -0.185651 0.378378 1.570796 -0.108677 0.054071 0.458060 0.389655
0.024388 0.270270 -1.391713 -0.945542 -0.107429 -0.073786 -0.427701 -0.293759 0.271368 1.480803 0.380045 1.426732 0.464744 0.601834
0.048780 0.216216 -1.312342 -1.119529 -0.101303 -0.087363 -0.403309 -0.347813 0.221650 1.348902 -0.158395 -0.077830 0.467220 0.711648
0.073169 0.162162 -1.232984 -1.293515 -0.095177 -0.100940 -0.378921 -0.401867 0.177905 1.146938 0.336300 1.224768 0.477116 0.814778
0.121949 0.108108 -1.074256 -1.467502 -0.082924 -0.114517 -0.330141 -0.455921 0.162969 0.725306 -0.173331 -0.499462 0.476777 0.944067
0.146341 0.081083 -0.994886 -1.554489 -0.076797 -0.121306 -0.305749 -0.482946 0.167303 0.505961 0.340634 1.005423 0.480758 1.006400
0.195122 0.054054 -0.836158 -1.641489 -0.064545 -0.128095 -0.256968 -0.509975 0.202470 0.270250 -0.138163 -0.735173 0.473777 1.104047
0.317071 0.000000 -0.439343 -1.815476 -0.033914 -0.141672 -0.135019 -0.564029 0.317071 0.000000 0.455234 0.735173 0.471821 1.335835
0.365851 0.000000 -0.280615 -1.815476 -0.021661 -0.141672 -0.086239 -0.564029 0.365851 0.000000 -0.089383 -0.735173 0.460241 1.419074
0.414632 0.000000 -0.121886 -1.815476 -0.009409 -0.141672 -0.037458 -0.564029 0.414632 0.000000 0.504014 0.735173 0.453639 1.504482
0.536584 0.000000 0.274940 -1.815476 0.021223 -0.141672 0.084495 -0.564029 0.536584 0.000000 0.032570 -0.735173 0.459918 -1.422097
0.609757 0.000000 0.513039 -1.815476 0.039603 -0.141672 0.157667 -0.564029 0.609757 0.000000 0.577187 0.735173 0.478794 -1.298217
0.658537 0.027029 0.671767 -1.728476 0.051855 -0.134883 0.206448 -0.537000 0.659092 0.041021 0.081905 -0.694152 0.472543 -1.203770
0.707318 0.054054 0.830495 -1.641489 0.064108 -0.128095 0.255228 -0.509975 0.709380 0.076273 0.627475 0.770425 0.472836 -1.106772
0.780486 0.081083 1.068582 -1.554489 0.082486 -0.121306 0.328397 -0.482946 0.784687 0.103516 0.157212 -0.666909 0.495470 -0.973629
0.829267 0.108108 1.227310 -1.467502 0.094739 -0.114517 0.377177 -0.455921 0.836284 0.129635 0.679072 0.796543 0.510476 -0.879638
0.853659 0.162162 1.306680 -1.293515 0.100865 -0.100940 0.401569 -0.401867 0.868925 0.187724 0.189852 -0.608819 0.495294 -0.785769
0.926828 0.270270 1.544766 -0.945542 0.119244 -0.073786 0.474738 -0.293759 0.965430 0.283739 0.775578 0.892559 0.508365 -0.554116
0.975608 0.351353 1.703495 -0.684555 0.131496 -0.053420 0.523518 -0.212676 1.036947 0.345677 0.261370 -0.546882 0.533122 -0.385878
0.975608 0.432432 1.703495 -0.423581 0.131496 -0.033054 0.523518 -0.131597 1.067149 0.417221 0.805780 0.964102 0.523887 -0.246269
1.000000 0.486485 1.782865 -0.249594 0.137623 -0.019477 0.547910 -0.077544 1.112056 0.452778 0.306276 -0.511325 0.548989 -0.140592
1.000000 0.621622 1.782865 0.185379 0.137623 0.014466 0.547910 0.057593 1.177461 0.556167 0.871185 1.067491 0.573539 0.104730
1.000000 0.702705 1.782865 0.446366 0.137623 0.034832 0.547910 0.138676 1.222209 0.612539 0.351024 -0.454952 0.602506 0.247895
1.000000 0.756759 1.782865 0.620353 0.137623 0.048410 0.547910 0.192730 1.254067 0.647813 0.903043 1.102765 0.626920 0.338238
0.951220 0.837838 1.624137 0.881327 0.125371 0.068775 0.499130 0.273809 1.267593 0.722108 0.364550 -0.380657 0.630819 0.501747
0.926828 0.891892 1.544766 1.055314 0.119244 0.082352 0.474738 0.327863 1.286266 0.766192 0.921717 1.146849 0.647149 0.604402
0.902439 0.918921 1.465408 1.142314 0.113118 0.089141 0.450350 0.354892 1.287949 0.794447 0.366232 -0.352402 0.648650 0.667404
0.829267 0.972975 1.227310 1.316300 0.094739 0.102718 0.377177 0.408946 1.278422 0.864968 0.912190 1.217370 0.643105 0.825788
0.804878 0.972975 1.147952 1.316300 0.088613 0.102718 0.352789 0.408946 1.262739 0.879668 0.350549 -0.337702 0.629112 0.858988
0.756098 1.000000 0.989223 1.403287 0.076360 0.109506 0.304008 0.435971 1.253668 0.923404 0.903119 1.261106 0.626599 0.961876
0.682926 1.000000 0.751125 1.403287 0.057981 0.109506 0.230836 0.435971 1.210945 0.971622 0.307825 -0.289484 0.594551 1.083847
0.658537 1.000000 0.671767 1.403287 0.051855 0.109506 0.206448 0.435971 1.197360 0.988443 0.889535 1.277927 0.585514 1.128544
0.609757 1.000000 0.513039 1.403287 0.039603 0.109506 0.157667 0.435971 1.171240 1.023234 0.281705 -0.254693 0.570144 1.223784
0.585365 1.000000 0.433669 1.403287 0.033476 0.109506 0.133275 0.435971 1.158729 1.041208 0.877023 1.295901 0.563886 1.274121
0.585365 0.972975 0.433669 1.316300 0.033476 0.102718 0.133275 0.408946 1.135488 1.029184 0.258465 -0.266717 0.537665 1.255752
0.560973 0.945946 0.354298 1.229300 0.027349 0.095929 0.108883 0.381917 1.099775 1.035519 0.841310 1.302236 0.505717 1.293068
0.536584 0.891892 0.274940 1.055314 0.021223 0.082352 0.084495 0.327863 1.040862 1.029183 0.199552 -0.273053 0.447845 1.318571
0.536584 0.837838 0.274940 0.881327 0.021223 0.068775 0.084495 0.273809 0.994935 1.001172 0.795383 1.274225 0.394894 1.271478
0.560973 0.783784 0.354298 0.707340 0.027349 0.055198 0.108883 0.219755 0.963851 0.949595 0.168468 -0.324629 0.349109 1.110776
0.560973 0.702705 0.354298 0.446366 0.027349 0.034832 0.108883 0.138676 0.899158 0.897090 0.730690 1.221719 0.273247 0.905170
0.585365 0.675676 0.433669 0.359366 0.033476 0.028043 0.133275 0.111647 0.893975 0.856893 0.163284 -0.364827 0.260295 0.697322
0.585365 0.621622 0.433669 0.185379 0.033476 0.014466 0.133275 0.057593 0.853854 0.815429 0.690570 1.180255 0.215647 0.407902
0.609757 0.567568 0.513039 0.011393 0.039603 0.000889 0.157667 0.003539 0.833029 0.749579 0.142459 -0.430676 0.195434 0.022445
0.634145 0.540539 0.592397 -0.075607 0.045728 -0.005900 0.182055 -0.023490 0.833260 0.705880 0.690801 1.136556 0.202404 -0.128315
0.634145 0.486485 0.592397 -0.249594 0.045728 -0.019477 0.182055 -0.077544 0.799255 0.654388 0.108454 -0.482168 0.185276 -0.402661
0.634145 0.459461 0.592397 -0.336581 0.045728 -0.026265 0.182055 -0.104568 0.783099 0.627004 0.674645 1.109172 0.182205 -0.521366
0.658537 0.432432 0.671767 -0.423581 0.051855 -0.033054 0.206448 -0.131597 0.787825 0.581039 0.113180 -0.528133 0.207381 -0.567494
0.658537 0.405407 0.671767 -0.510568 0.051855 -0.039843 0.206448 -0.158622 0.773321 0.551823 0.660141 1.079956 0.211660 -0.655137
0.634145 0.405407 0.592397 -0.510568 0.045728 -0.039843 0.182055 -0.158622 0.752658 0.568814 0.092517 -0.511142 0.187945 -0.716723
0.609757 0.405407 0.513039 -0.510568 0.039603 -0.039843 0.157667 -0.158622 0.732228 0.586755 0.639711 1.097897 0.164433 -0.788418
0.585365 0.378378 0.433669 -0.597568 0.033476 -0.046632 0.133275 -0.185651 0.697009 0.573838 0.057298 -0.524060 0.152301 -0.948172
0.560973 0.378378 0.354298 -0.597568 0.027349 -0.046632 0.108883 -0.185651 0.676654 0.593408 0.619356 1.117468 0.131488 -1.040369
0.512192 0.351353 0.195570 -0.684555 0.015096 -0.053420 0.060103 -0.212676 0.621120 0.601253 0.001764 -0.516215 0.117304 -1.295377
0.487804 0.351353 0.116212 -0.684555 0.008971 -0.053420 0.035714 -0.212676 0.601167 0.624204 0.599403 1.140418 0.106881 -1.404421
0.463412 0.351353 0.036842 -0.684555 0.002844 -0.053420 0.011322 -0.212676 0.581549 0.648720 -0.017854 -0.491698 0.101371 -1.517610
0.439024 0.351353 -0.042516 -0.684555 -0.003282 -0.053420 -0.013066 -0.212676 0.562308 0.674927 0.580162 1.166625 0.101581 1.509437
0.439024 0.324324 -0.042516 -0.771555 -0.003282 -0.060209 -0.013066 -0.239705 0.545827 0.636255 -0.034334 -0.530370 0.128432 1.516341
