0.028569 0.652173 -1.435074 0.306560 -0.114941 0.025828 -0.441145 0.099129 0.652798 1.527018 0.652798 1.527018 0.477389 -0.221037
0.028569 0.608698 -1.435074 0.172112 -0.114941 0.014501 -0.441145 0.055654 0.609368 1.523896 -0.043430 -0.003122 0.462520 -0.125495
0.057143 0.608698 -1.342123 0.172112 -0.107496 0.014501 -0.412571 0.055654 0.611374 1.477194 0.654804 1.480316 0.435352 -0.134086
0.085712 0.565216 -1.249185 0.037643 -0.100053 0.003172 -0.384002 0.012172 0.571678 1.420298 -0.083127 -0.060018 0.395700 -0.031688
0.142859 0.565216 -1.063282 0.037643 -0.085163 0.003172 -0.326855 0.012172 0.582990 1.323230 0.666117 1.383248 0.340521 -0.037224
0.200002 0.521741 -0.877393 -0.096805 -0.070274 -0.008156 -0.269712 -0.031303 0.558761 1.204738 -0.107356 -0.178510 0.274684 0.115543
0.228571 0.521741 -0.784455 -0.096805 -0.062830 -0.008156 -0.241143 -0.031303 0.569612 1.157888 0.676968 1.336398 0.246692 0.129088
0.257144 0.521741 -0.691503 -0.096805 -0.055386 -0.008156 -0.212569 -0.031303 0.581667 1.112878 -0.095301 -0.223520 0.218844 0.146208
0.285714 0.565216 -0.598566 0.037643 -0.047942 0.003172 -0.184000 0.012172 0.633326 1.102763 0.728626 1.326282 0.207308 -0.066058
0.314287 0.608698 -0.505614 0.172112 -0.040497 0.014501 -0.155427 0.055654 0.685047 1.094172 -0.043579 -0.232110 0.208504 -0.343848
0.314287 0.739130 -0.505614 0.575477 -0.040497 0.048485 -0.155427 0.186086 0.803174 1.168746 0.846754 1.400856 0.311034 -0.874933
0.314287 0.782611 -0.505614 0.709946 -0.040497 0.059814 -0.155427 0.229568 0.843360 1.188922 -0.003393 -0.211934 0.349374 -0.975646
0.314287 0.826086 -0.505614 0.844394 -0.040497 0.071142 -0.155427 0.273043 0.883852 1.207253 0.887246 1.419187 0.388791 -1.053302
0.285714 0.913043 -0.598566 1.113311 -0.047942 0.093799 -0.184000 0.360000 0.956703 1.267525 0.069457 -0.151663 0.479997 -1.098298
0.257144 0.956525 -0.691503 1.247780 -0.055386 0.105128 -0.212569 0.403481 0.990486 1.308173 0.921029 1.459836 0.531197 -1.085909
0.228571 0.956525 -0.784455 1.247780 -0.062830 0.105128 -0.241143 0.403481 0.983455 1.336235 0.062426 -0.123601 0.543263 -1.032102
0.200002 1.000000 -0.877393 1.382228 -0.070274 0.116456 -0.269712 0.446956 1.019804 1.373399 0.957378 1.497000 0.594935 -1.027850
0.171428 1.000000 -0.970344 1.382228 -0.077719 0.116456 -0.298286 0.446956 1.014587 1.401018 0.057209 -0.095982 0.608422 -0.982306
0.142859 1.000000 -1.063282 1.382228 -0.085163 0.116456 -0.326855 0.446956 1.010153 1.428897 0.952944 1.524879 0.622927 -0.939377
0.114285 0.956525 -1.156234 1.247780 -0.092608 0.105128 -0.355428 0.403481 0.963328 1.451880 0.010385 -0.072999 0.602756 -0.848632
0.085712 0.913043 -1.249185 1.113311 -0.100053 0.093799 -0.384002 0.360000 0.917057 1.477196 0.906673 1.550194 0.586514 -0.753148
0.057143 0.913043 -1.342123 1.113311 -0.107496 0.093799 -0.412571 0.360000 0.914830 1.508293 0.008157 -0.041902 0.605604 -0.717455
0.028569 0.826086 -1.435074 0.844394 -0.114941 0.071142 -0.441145 0.273043 0.826580 1.536226 0.818424 1.578128 0.567107 -0.554231
0.028569 0.782611 -1.435074 0.709946 -0.114941 0.059814 -0.441145 0.229568 0.783133 1.534308 -0.035291 -0.043820 0.540845 -0.479827
0.000000 0.739130 -1.528012 0.575477 -0.122385 0.048485 -0.469714 0.186086 0.739130 1.570796 0.774421 1.614617 0.541494 -0.377199
0.000000 0.565216 -1.528012 0.037643 -0.122385 0.003172 -0.469714 0.012172 0.565216 1.570796 -0.209205 -0.043820 0.479324 -0.025909
0.000000 0.521741 -1.528012 -0.096805 -0.122385 -0.008156 -0.469714 -0.031303 0.521741 1.570796 0.730945 1.614617 0.472586 0.066544
0.028569 0.434784 -1.435074 -0.365722 -0.114941 -0.030813 -0.441145 -0.118260 0.435722 1.505182 -0.295224 -0.109435 0.442525 0.261916
0.028569 0.391302 -1.435074 -0.500191 -0.114941 -0.042142 -0.441145 -0.161741 0.392344 1.497915 0.687568 1.607350 0.448059 0.351421
0.085712 0.304346 -1.249185 -0.769108 -0.100053 -0.064799 -0.384002 -0.248698 0.316185 1.296279 -0.371383 -0.311071 0.418096 0.574720
0.114285 0.260870 -1.156234 -0.903556 -0.092608 -0.076126 -0.355428 -0.292173 0.284806 1.157888 0.656189 1.468959 0.412244 0.688031
0.142859 0.217389 -1.063282 -1.038025 -0.085163 -0.087456 -0.326855 -0.335655 0.260128 0.989405 -0.396061 -0.479554 0.412919 0.798680
0.257144 0.086957 -0.691503 -1.441390 -0.055386 -0.121440 -0.212569 -0.466087 0.271449 0.326091 0.667511 0.805645 0.437823 1.142904
0.314287 0.086957 -0.505614 -1.441390 -0.040497 -0.121440 -0.155427 -0.466087 0.326095 0.269927 -0.341416 -0.535718 0.413111 1.248921
0.371430 0.043475 -0.319725 -1.575859 -0.025608 -0.132769 -0.098284 -0.509569 0.373966 0.116518 0.715381 0.652236 0.437423 1.380259
0.514285 0.000000 0.144991 -1.710307 0.011613 -0.144097 0.044571 -0.553044 0.514285 0.000000 -0.201097 -0.652236 0.471824 -1.490379
0.571427 0.000000 0.330881 -1.710307 0.026502 -0.144097 0.101713 -0.553044 0.571427 0.000000 0.772524 0.652236 0.480600 -1.388913
0.628570 0.000000 0.516770 -1.710307 0.041390 -0.144097 0.158856 -0.553044 0.628570 0.000000 -0.143954 -0.652236 0.495849 -1.291087
0.685713 0.043475 0.702659 -1.575859 0.056279 -0.132769 0.215999 -0.509569 0.687090 0.063317 0.831044 0.715553 0.477844 -1.169870
0.742856 0.043475 0.888549 -1.575859 0.071168 -0.132769 0.273142 -0.509569 0.744127 0.058458 -0.086917 -0.657095 0.506247 -1.078746
0.799998 0.086957 1.074438 -1.441390 0.086056 -0.121440 0.330284 -0.466087 0.804710 0.108271 0.891627 0.765366 0.505560 -0.954300
0.885715 0.173914 1.353279 -1.172473 0.108390 -0.098783 0.416001 -0.379130 0.902627 0.193887 0.011000 -0.571479 0.510445 -0.739061
0.914284 0.217389 1.446217 -1.038025 0.115834 -0.087456 0.444570 -0.335655 0.939773 0.233435 0.928773 0.804914 0.511185 -0.646700
0.942857 0.260870 1.539168 -0.903556 0.123279 -0.076126 0.473143 -0.292173 0.978281 0.269928 0.049508 -0.534986 0.517185 -0.553199
0.971426 0.391302 1.632106 -0.500191 0.130722 -0.042142 0.501713 -0.161741 1.047276 0.382928 0.997768 0.917914 0.507803 -0.311859
1.000000 0.478259 1.725057 -0.231274 0.138167 -0.019485 0.530286 -0.074784 1.108482 0.446104 0.110714 -0.471810 0.530355 -0.140103
1.000000 0.565216 1.725057 0.037643 0.138167 0.003172 0.530286 0.012172 1.148681 0.514450 1.037967 0.986260 0.538817 0.022950
1.000000 0.608698 1.725057 0.172112 0.138167 0.014501 0.530286 0.055654 1.170689 0.546790 0.132722 -0.439470 0.548197 0.104568
0.942857 0.782611 1.539168 0.709946 0.123279 0.059814 0.473143 0.229568 1.225341 0.692793 1.092619 1.132263 0.567247 0.451735
0.942857 0.826086 1.539168 0.844394 0.123279 0.071142 0.473143 0.273043 1.253554 0.719482 0.160935 -0.412780 0.592339 0.523398
0.914284 0.869568 1.446217 0.978863 0.115834 0.082471 0.444570 0.316524 1.261770 0.760336 1.100835 1.173117 0.597934 0.618721
0.857141 0.956525 1.260327 1.247780 0.100945 0.105128 0.387427 0.403481 1.284379 0.840141 0.183545 -0.332976 0.622161 0.805694
0.828572 1.000000 1.167390 1.382228 0.093501 0.116456 0.358858 0.446956 1.298665 0.878875 1.115121 1.211851 0.640299 0.894294
0.799998 1.000000 1.074438 1.382228 0.086056 0.116456 0.330284 0.446956 1.280624 0.896056 0.165503 -0.315794 0.624733 0.934396
0.771429 1.000000 0.981500 1.382228 0.078613 0.116456 0.301715 0.446956 1.262974 0.913721 1.097471 1.229516 0.610111 0.977017
0.742856 0.956525 0.888549 1.247780 0.071168 0.105128 0.273142 0.403481 1.211105 0.910475 0.113634 -0.319040 0.558204 0.975700
0.714286 0.913043 0.795611 1.113311 0.063724 0.093799 0.244572 0.360000 1.159247 0.906933 1.045613 1.225973 0.506317 0.974052
0.685713 0.869568 0.702659 0.978863 0.056279 0.082471 0.215999 0.316524 1.107407 0.903066 0.061794 -0.322908 0.454465 0.971975
0.685713 0.782611 0.702659 0.709946 0.056279 0.059814 0.215999 0.229568 1.040520 0.851295 0.978726 1.174203 0.380211 0.815842
0.685713 0.739130 0.702659 0.575477 0.056279 0.048485 0.215999 0.186086 1.008223 0.822870 0.029498 -0.351332 0.345312 0.711140
0.685713 0.695654 0.702659 0.441029 0.056279 0.037158 0.215999 0.142611 0.976799 0.792595 0.947302 1.143927 0.312577 0.583539
0.685713 0.608698 0.702659 0.172112 0.056279 0.014501 0.215999 0.055654 0.916905 0.725970 -0.030397 -0.417958 0.256850 0.252174
0.685713 0.565216 0.702659 0.037643 0.056279 0.003172 0.215999 0.012172 0.888634 0.689369 0.919031 1.107326 0.236170 0.056294
0.714286 0.521741 0.795611 -0.096805 0.063724 -0.008156 0.244572 -0.031303 0.884544 0.630862 -0.034487 -0.476464 0.250045 -0.127298
0.714286 0.478259 0.795611 -0.231274 0.063724 -0.019485 0.244572 -0.074784 0.859614 0.590005 0.894101 1.066468 0.244722 -0.296748
0.714286 0.434784 0.795611 -0.365722 0.063724 -0.030813 0.244572 -0.118260 0.836207 0.546790 -0.057894 -0.519678 0.247054 -0.450390
0.714286 0.391302 0.795611 -0.500191 0.063724 -0.042142 0.244572 -0.161741 0.814446 0.501170 0.872340 1.020848 0.256835 -0.584294
0.685713 0.347827 0.702659 -0.634639 0.056279 -0.053470 0.215999 -0.205216 0.768886 0.469430 -0.103454 -0.551418 0.248016 -0.759805
0.657144 0.347827 0.609722 -0.634639 0.048835 -0.053470 0.187430 -0.205216 0.743520 0.486813 0.846974 1.038232 0.223576 -0.830667
0.628570 0.304346 0.516770 -0.769108 0.041390 -0.064799 0.158856 -0.248698 0.698374 0.450917 -0.148600 -0.587314 0.229308 -1.002370
0.600001 0.304346 0.423832 -0.769108 0.033947 -0.064799 0.130287 -0.248698 0.672776 0.469424 0.821376 1.056738 0.210526 -1.088231
0.542858 0.260870 0.237943 -0.903556 0.019058 -0.076126 0.073144 -0.292173 0.602286 0.447967 -0.219090 -0.608772 0.221282 -1.325493
0.514285 0.260870 0.144991 -0.903556 0.011613 -0.076126 0.044571 -0.292173 0.576665 0.469430 0.795754 1.078202 0.213547 -1.419415
0.485715 0.217389 0.052054 -1.038025 0.004169 -0.087456 0.016001 -0.335655 0.532144 0.420826 -0.263610 -0.657375 0.252832 -1.523160
0.457142 0.217389 -0.040898 -1.038025 -0.003276 -0.087456 -0.012572 -0.335655 0.506198 0.443888 0.769808 1.101263 0.252638 1.533359
